0.0 5.0 -7.5 6.25 936.6818999999999
0.0 -2.5 5.0 6.25 334760.0349
0.0 0.0 2.5 7.5 30290.7922
0.0 -2.5 5.0 7.5 7196.4732
0.0 0.0 5.0 7.5 48.507
0.0 2.5 -10.0 8.75 10000000014.125101
0.0 5.0 -10.0 8.75 159113720.494
0.0 7.5 -10.0 8.75 66.43979999999999
0.0 0.0 -7.5 8.75 10000000017.956001
0.0 5.0 -7.5 8.75 -25.791
0.0 0.0 0.0 8.75 68154716.2482
0.0 0.0 2.5 8.75 20.560100000000002
0.0 -2.5 5.0 8.75 2320.1815
0.0 0.0 5.0 8.75 10.710799999999999
0.0 2.5 5.0 8.75 15.7166
0.0 5.0 5.0 8.75 15.454
0.0 5.0 -10.0 10.0 73655263.8848
0.0 7.5 -10.0 10.0 120.36440000000002
0.0 0.0 -7.5 10.0 9999999904.1243
0.0 2.5 -7.5 10.0 6748238675.8863
0.0 5.0 -7.5 10.0 2719.2057
0.0 -2.5 -5.0 10.0 10000000023.354502
0.0 2.5 -5.0 10.0 9999999941.613
0.0 -2.5 -2.5 10.0 1133217013.3063
0.0 0.0 -2.5 10.0 2106583531.189
0.0 -2.5 0.0 10.0 1428469.2766999998
0.0 0.0 0.0 10.0 3608830.9513
0.0 2.5 0.0 10.0 8046.7955
0.0 0.0 2.5 10.0 -2.9312000000000005
0.0 2.5 2.5 10.0 6.8459
0.0 7.5 2.5 10.0 8.9479
0.0 -2.5 5.0 10.0 -5.786999999999999
0.0 0.0 5.0 10.0 8.507200000000001
0.0 2.5 5.0 10.0 12.547699999999999
0.0 5.0 5.0 10.0 11.5309
0.0 2.5 -10.0 11.25 1597132199.8739
0.0 5.0 -10.0 11.25 11439730.059400002
0.0 7.5 -10.0 11.25 683.8254000000001
0.0 10.0 -10.0 11.25 -7.752700000000001
0.0 0.0 -7.5 11.25 2884708187.9558
0.0 2.5 -7.5 11.25 276534587.7505
0.0 5.0 -7.5 11.25 5881677.523399999
0.0 7.5 -7.5 11.25 -35.2399
0.0 -2.5 -5.0 11.25 9999999882.405201
0.0 0.0 -5.0 11.25 516831012.0312
0.0 2.5 -5.0 11.25 125839543.6461
0.0 5.0 -5.0 11.25 465.9193
0.0 -5.0 -2.5 11.25 9999999984.266602
0.0 -2.5 -2.5 11.25 179306763.5647
0.0 0.0 -2.5 11.25 1037461.2769
0.0 7.5 -2.5 11.25 -8.601
0.0 -2.5 0.0 11.25 68693.21459999999
0.0 0.0 0.0 11.25 860.1033
0.0 2.5 0.0 11.25 -28.1724
0.0 -2.5 2.5 11.25 -30.7833
0.0 0.0 2.5 11.25 -8.5951
0.0 2.5 2.5 11.25 0.35729999999999995
0.0 5.0 2.5 11.25 4.8275
0.0 7.5 2.5 11.25 4.9838
0.0 -5.0 5.0 11.25 12513.7248
0.0 -2.5 5.0 11.25 -10.5586
0.0 0.0 5.0 11.25 5.5141
0.0 2.5 5.0 11.25 8.8085
0.0 5.0 5.0 11.25 7.904400000000001
0.0 7.5 5.0 11.25 3.771
0.0 0.0 -10.0 12.5 9999999915.9009
0.0 2.5 -10.0 12.5 3169534.9220000003
0.0 5.0 -10.0 12.5 301632.65989999997
0.0 7.5 -10.0 12.5 -19.8853
0.0 10.0 -10.0 12.5 -6.7353000000000005
0.0 -2.5 -7.5 12.5 10000000031.4295
0.0 0.0 -7.5 12.5 131274608.84
0.0 2.5 -7.5 12.5 19544.3942
0.0 5.0 -7.5 12.5 426.4821
0.0 7.5 -7.5 12.5 -32.6491
0.0 10.0 -7.5 12.5 -9.207099999999999
0.0 -5.0 -5.0 12.5 2113732815.27
0.0 -2.5 -5.0 12.5 5032824132.299
0.0 0.0 -5.0 12.5 588360911.5801
0.0 2.5 -5.0 12.5 235.9537
0.0 5.0 -5.0 12.5 -60.0413
0.0 7.5 -5.0 12.5 -24.2847
0.0 10.0 -5.0 12.5 -6.3608
0.0 -5.0 -2.5 12.5 248684526.7869
0.0 -2.5 -2.5 12.5 8677648.599200001
0.0 0.0 -2.5 12.5 15573.3028
0.0 2.5 -2.5 12.5 -63.653299999999994
0.0 5.0 -2.5 12.5 -34.0516
0.0 7.5 -2.5 12.5 -12.1926
0.0 -5.0 0.0 12.5 2346.0166
0.0 -2.5 0.0 12.5 53.3213
0.0 0.0 0.0 12.5 318.6849
0.0 2.5 0.0 12.5 -29.3695
0.0 5.0 0.0 12.5 -12.9417
0.0 -2.5 2.5 12.5 -31.4376
0.0 0.0 2.5 12.5 -10.970199999999998
0.0 2.5 2.5 12.5 -3.0139
0.0 5.0 2.5 12.5 0.8400000000000001
0.0 7.5 2.5 12.5 2.1689000000000003
0.0 10.0 2.5 12.5 2.3641
0.0 -5.0 5.0 12.5 1894.6958
0.0 -2.5 5.0 12.5 -10.613199999999999
0.0 0.0 5.0 12.5 2.6628999999999996
0.0 2.5 5.0 12.5 5.7684
0.0 5.0 5.0 12.5 4.5744
0.0 7.5 5.0 12.5 2.0587
0.0 10.0 5.0 12.5 1.0901
0.0 0.0 -10.0 13.75 767253327.1547
0.0 2.5 -10.0 13.75 7385336639.7757
0.0 5.0 -10.0 13.75 469.8944
0.0 7.5 -10.0 13.75 -20.3422
0.0 10.0 -10.0 13.75 -5.156
0.0 -2.5 -7.5 13.75 103863254.76640001
0.0 0.0 -7.5 13.75 4128131153.0384
0.0 2.5 -7.5 13.75 593772.1252
0.0 5.0 -7.5 13.75 -55.1661
0.0 7.5 -7.5 13.75 -25.5574
0.0 10.0 -7.5 13.75 -6.9193
0.0 -5.0 -5.0 13.75 30715.2817
0.0 -2.5 -5.0 13.75 198730.1869
0.0 0.0 -5.0 13.75 52699.0297
0.0 2.5 -5.0 13.75 -73.9839
0.0 5.0 -5.0 13.75 -47.4091
0.0 7.5 -5.0 13.75 -21.2212
0.0 10.0 -5.0 13.75 -5.8361
0.0 -5.0 -2.5 13.75 488800.7941
0.0 -2.5 -2.5 13.75 11993.4876
0.0 0.0 -2.5 13.75 -48.442
0.0 2.5 -2.5 13.75 -49.6718
0.0 5.0 -2.5 13.75 -29.4073
0.0 7.5 -2.5 13.75 -12.7325
0.0 -5.0 0.0 13.75 -39.3135
0.0 -2.5 0.0 13.75 -30.6659
0.0 0.0 0.0 13.75 -29.4605
0.0 2.5 0.0 13.75 -23.378
0.0 5.0 0.0 13.75 -13.3565
0.0 7.5 0.0 13.75 -4.8347999999999995
0.0 -5.0 2.5 13.75 -54.5567
0.0 -2.5 2.5 13.75 -24.7533
0.0 0.0 2.5 13.75 -10.7665
0.0 2.5 2.5 13.75 -4.7804
0.0 5.0 2.5 13.75 -1.3903
0.0 7.5 2.5 13.75 0.6537000000000001
0.0 10.0 2.5 13.75 1.3809
0.0 -5.0 5.0 13.75 -21.5522
0.0 -2.5 5.0 13.75 -9.1093
0.0 0.0 5.0 13.75 0.41389999999999993
0.0 2.5 5.0 13.75 2.5561000000000003
0.0 5.0 5.0 13.75 1.8144
0.0 7.5 5.0 13.75 0.7426
0.0 10.0 5.0 13.75 0.5630000000000001
0.0 -5.0 -10.0 15.0 84196164.01979999
0.0 -2.5 -10.0 15.0 1660676676.3611
0.0 0.0 -10.0 15.0 165572.7919
0.0 2.5 -10.0 15.0 5093289.217499999
0.0 5.0 -10.0 15.0 -0.8091000000000008
0.0 7.5 -10.0 15.0 -12.9704
0.0 10.0 -10.0 15.0 -3.2794000000000003
0.0 -5.0 -7.5 15.0 36861657.4949
0.0 -2.5 -7.5 15.0 425174.1204
0.0 0.0 -7.5 15.0 4886455.4375
0.0 2.5 -7.5 15.0 106931.0297
0.0 5.0 -7.5 15.0 -39.5576
0.0 7.5 -7.5 15.0 -17.5944
0.0 10.0 -7.5 15.0 -4.274299999999999
0.0 -5.0 -5.0 15.0 256.4551
0.0 -2.5 -5.0 15.0 705.0806
0.0 0.0 -5.0 15.0 -34.7162
0.0 2.5 -5.0 15.0 -52.4271
0.0 5.0 -5.0 15.0 -34.7493
0.0 7.5 -5.0 15.0 -16.5611
0.0 10.0 -5.0 15.0 -3.8789
0.0 -5.0 -2.5 15.0 22.4112
0.0 -2.5 -2.5 15.0 -26.6866
0.0 0.0 -2.5 15.0 -37.6963
0.0 2.5 -2.5 15.0 -35.2593
0.0 5.0 -2.5 15.0 -23.5145
0.0 7.5 -2.5 15.0 -11.1455
0.0 10.0 -2.5 15.0 -2.4925
0.0 -5.0 0.0 15.0 -23.5514
0.0 -2.5 0.0 15.0 -22.575499999999998
0.0 0.0 0.0 15.0 -21.7161
0.0 2.5 0.0 15.0 -18.5703
0.0 5.0 0.0 15.0 -11.982600000000001
0.0 7.5 0.0 15.0 -4.8548
0.0 10.0 0.0 15.0 0.08560000000000001
0.0 -5.0 2.5 15.0 -35.9733
0.0 -2.5 2.5 15.0 -16.8599
0.0 0.0 2.5 15.0 -9.118599999999999
0.0 2.5 2.5 15.0 -5.2541
0.0 5.0 2.5 15.0 -2.6296
0.0 7.5 2.5 15.0 -0.3218
0.0 10.0 2.5 15.0 0.7778999999999999
0.0 -5.0 5.0 15.0 -18.3511
0.0 -2.5 5.0 15.0 -6.6773
0.0 0.0 5.0 15.0 -0.4129
0.0 2.5 5.0 15.0 0.6035999999999999
0.0 5.0 5.0 15.0 0.231
0.0 7.5 5.0 15.0 0.0651
0.0 10.0 5.0 15.0 0.26720000000000005
0.0 -5.0 -10.0 16.25 2373311.463
0.0 -2.5 -10.0 16.25 104523139.64410001
0.0 0.0 -10.0 16.25 317072.0349
0.0 2.5 -10.0 16.25 4276.7323
0.0 5.0 -10.0 16.25 -17.9377
0.0 7.5 -10.0 16.25 -7.344200000000001
0.0 10.0 -10.0 16.25 -1.2507
0.0 -5.0 -7.5 16.25 124609792.35849999
0.0 -2.5 -7.5 16.25 56940776.0154
0.0 0.0 -7.5 16.25 37.353699999999996
0.0 2.5 -7.5 16.25 -32.4667
0.0 5.0 -7.5 16.25 -25.251
0.0 7.5 -7.5 16.25 -10.839
0.0 10.0 -7.5 16.25 -1.5421
0.0 -5.0 -5.0 16.25 40.3976
0.0 -2.5 -5.0 16.25 85.7545
0.0 0.0 -5.0 16.25 -31.6668
0.0 2.5 -5.0 16.25 -32.919
0.0 5.0 -5.0 16.25 -23.873800000000003
0.0 7.5 -5.0 16.25 -10.9555
0.0 10.0 -5.0 16.25 -2.0391
0.0 -5.0 -2.5 16.25 5.135399999999999
0.0 -2.5 -2.5 16.25 -12.5465
0.0 0.0 -2.5 16.25 -22.1324
0.0 2.5 -2.5 16.25 -24.2082
0.0 5.0 -2.5 16.25 -17.662
0.0 7.5 -2.5 16.25 -7.9113999999999995
0.0 10.0 -2.5 16.25 -1.3762
0.0 -5.0 0.0 16.25 -12.1183
0.0 -2.5 0.0 16.25 -13.0739
0.0 0.0 0.0 16.25 -13.8597
0.0 2.5 0.0 16.25 -13.2266
0.0 5.0 0.0 16.25 -9.0328
0.0 7.5 0.0 16.25 -3.2457000000000003
0.0 10.0 0.0 16.25 0.36850000000000005
0.0 -5.0 2.5 16.25 -20.3459
0.0 -2.5 2.5 16.25 -10.250699999999998
0.0 0.0 2.5 16.25 -5.6631
0.0 2.5 2.5 16.25 -4.4642
0.0 5.0 2.5 16.25 -2.3068
0.0 7.5 2.5 16.25 -0.2862
0.0 10.0 2.5 16.25 0.4266
0.0 -5.0 5.0 16.25 -10.750499999999999
0.0 -2.5 5.0 16.25 -3.8742
0.0 0.0 5.0 16.25 -0.40880000000000005
0.0 2.5 5.0 16.25 -0.1481
0.0 5.0 5.0 16.25 -0.2698
0.0 7.5 5.0 16.25 -0.0995
0.0 10.0 5.0 16.25 0.0484
60.0 -5.0 -10.0 3.75 10000000046.095901
60.0 -2.5 -10.0 3.75 9999999869.000101
60.0 0.0 -10.0 3.75 2377939245.5471
60.0 2.5 -10.0 3.75 1572899586.4729998
60.0 5.0 -10.0 3.75 9999999992.9251
60.0 7.5 -10.0 3.75 1491433.4483
60.0 10.0 -10.0 3.75 1068.9845
60.0 -5.0 -7.5 3.75 9999999938.1114
60.0 -2.5 -7.5 3.75 978128070.6482999
60.0 0.0 -7.5 3.75 561356837.8437
60.0 2.5 -7.5 3.75 937524.691
60.0 5.0 -7.5 3.75 124858.6991
60.0 7.5 -7.5 3.75 1002.3362
60.0 10.0 -7.5 3.75 -2.5977
60.0 -5.0 -5.0 3.75 1022846655.4564999
60.0 -2.5 -5.0 3.75 9999999929.0905
60.0 0.0 -5.0 3.75 9999999919.7539
60.0 2.5 -5.0 3.75 754.8331
60.0 5.0 -5.0 3.75 -1.8257000000000003
60.0 7.5 -5.0 3.75 3.7449000000000003
60.0 10.0 -5.0 3.75 2.9273
60.0 -5.0 -2.5 3.75 3524428790.0071
60.0 -2.5 -2.5 3.75 38265018.180700004
60.0 0.0 -2.5 3.75 1703631481.5021
60.0 2.5 -2.5 3.75 3194954.2824
60.0 5.0 -2.5 3.75 22.6979
60.0 7.5 -2.5 3.75 14.8429
60.0 10.0 -2.5 3.75 5.478800000000001
60.0 -5.0 0.0 3.75 732178903.2642
60.0 -2.5 0.0 3.75 189556688.65109998
60.0 0.0 0.0 3.75 228584.5289
60.0 2.5 0.0 3.75 1095.9779999999998
60.0 5.0 0.0 3.75 45.6304
60.0 7.5 0.0 3.75 22.894399999999997
60.0 10.0 0.0 3.75 6.2296000000000005
60.0 -5.0 2.5 3.75 9999999742.4342
60.0 -2.5 2.5 3.75 1616355887.9147
60.0 0.0 2.5 3.75 9267207.4587
60.0 2.5 2.5 3.75 70.066
60.0 5.0 2.5 3.75 59.899
60.0 7.5 2.5 3.75 23.793
60.0 10.0 2.5 3.75 5.3377
60.0 -5.0 5.0 3.75 3443912263.7577
60.0 -2.5 5.0 3.75 437664523.6032
60.0 0.0 5.0 3.75 10000000178.8955
60.0 2.5 5.0 3.75 324.0654
60.0 5.0 5.0 3.75 35.8634
60.0 7.5 5.0 3.75 16.7579
60.0 10.0 5.0 3.75 3.8663000000000003
60.0 2.5 -2.5 5.0 7751156.7653
60.0 0.0 0.0 5.0 1160634.9318000001
60.0 0.0 2.5 5.0 41831.541600000004
60.0 2.5 -2.5 6.25 87739.4206
60.0 0.0 0.0 6.25 18084268.878
60.0 0.0 2.5 6.25 11298.4023
60.0 0.0 5.0 6.25 2257.1413000000002
60.0 2.5 -5.0 7.5 25554036.201300003
60.0 2.5 -2.5 7.5 659207368.6419
60.0 5.0 -2.5 7.5 20738.2338
60.0 -2.5 0.0 7.5 1993379941.6255999
60.0 0.0 0.0 7.5 425518894.6347
60.0 2.5 0.0 7.5 15756.7405
60.0 0.0 2.5 7.5 2317.9469
60.0 0.0 5.0 7.5 26.305
60.0 2.5 -7.5 8.75 10000000009.333
60.0 2.5 -5.0 8.75 9999999950.857101
60.0 5.0 -5.0 8.75 10000000049.6103
60.0 0.0 -2.5 8.75 319352627.7067
60.0 2.5 -2.5 8.75 8900150.6538
60.0 -2.5 0.0 8.75 1458520117.2840998
60.0 0.0 0.0 8.75 683860.4573
60.0 2.5 0.0 8.75 124.666
60.0 -2.5 2.5 8.75 54909.402500000004
60.0 0.0 2.5 8.75 121.45
60.0 0.0 5.0 8.75 19.5095
60.0 5.0 -10.0 10.0 10000000072.794102
60.0 2.5 -7.5 10.0 9999999914.4116
60.0 5.0 -7.5 10.0 9999999988.615002
60.0 7.5 -7.5 10.0 426243.3211
60.0 0.0 -5.0 10.0 9999999894.750101
60.0 2.5 -5.0 10.0 10000000052.930801
60.0 5.0 -5.0 10.0 214878974.1094
60.0 -2.5 -2.5 10.0 9999999905.3449
60.0 0.0 -2.5 10.0 15662.0793
60.0 2.5 -2.5 10.0 98996.65400000001
60.0 5.0 -2.5 10.0 123.1657
60.0 7.5 -2.5 10.0 10.0274
60.0 -2.5 0.0 10.0 9999999904.0235
60.0 0.0 0.0 10.0 255.42000000000002
60.0 2.5 0.0 10.0 16.3156
60.0 -2.5 2.5 10.0 1091.7265
60.0 0.0 2.5 10.0 17.9785
60.0 2.5 2.5 10.0 28.1457
60.0 -2.5 5.0 10.0 54.5983
60.0 0.0 5.0 10.0 16.3525
60.0 2.5 5.0 10.0 19.7251
60.0 2.5 -10.0 11.25 141897519.67000002
60.0 5.0 -10.0 11.25 9999999763.306002
60.0 10.0 -10.0 11.25 7.953100000000001
60.0 0.0 -7.5 11.25 9999999977.234701
60.0 2.5 -7.5 11.25 8197466215.588901
60.0 5.0 -7.5 11.25 10000000004.964201
60.0 7.5 -7.5 11.25 2393.7387
60.0 0.0 -5.0 11.25 151458683.6639
60.0 2.5 -5.0 11.25 177693611.51680002
60.0 5.0 -5.0 11.25 191826.762
60.0 -2.5 -2.5 11.25 3237752.5986
60.0 0.0 -2.5 11.25 422435.4177
60.0 2.5 -2.5 11.25 43645.5296
60.0 5.0 -2.5 11.25 9.598700000000001
60.0 7.5 -2.5 11.25 5.9874
60.0 -5.0 0.0 11.25 9999999815.2301
60.0 -2.5 0.0 11.25 16569.0178
60.0 0.0 0.0 11.25 -4.5714999999999995
60.0 2.5 0.0 11.25 9.8261
60.0 5.0 0.0 11.25 13.4569
60.0 -5.0 2.5 11.25 250077.73810000002
60.0 -2.5 2.5 11.25 0.9377
60.0 0.0 2.5 11.25 12.2182
60.0 2.5 2.5 11.25 19.182499999999997
60.0 5.0 2.5 11.25 16.456000000000003
60.0 -2.5 5.0 11.25 5.3531
60.0 0.0 5.0 11.25 11.8977
60.0 2.5 5.0 11.25 13.705
60.0 5.0 5.0 11.25 11.409600000000001
60.0 7.5 5.0 11.25 6.6367
60.0 -2.5 -10.0 12.5 10000000030.2824
60.0 0.0 -10.0 12.5 775269453.6012
60.0 2.5 -10.0 12.5 10000000192.726501
60.0 5.0 -10.0 12.5 1336167.794
60.0 7.5 -10.0 12.5 27.3841
60.0 10.0 -10.0 12.5 7.0298
60.0 0.0 -7.5 12.5 9999999650.987202
60.0 2.5 -7.5 12.5 114067190.6428
60.0 5.0 -7.5 12.5 15922.7127
60.0 7.5 -7.5 12.5 14.0491
60.0 10.0 -7.5 12.5 4.4291
60.0 -2.5 -5.0 12.5 1802936635.0172
60.0 0.0 -5.0 12.5 1732631281.4525
60.0 2.5 -5.0 12.5 22944.375200000002
60.0 5.0 -5.0 12.5 76.85719999999999
60.0 7.5 -5.0 12.5 4.4611
60.0 -5.0 -2.5 12.5 9999999914.2952
60.0 -2.5 -2.5 12.5 3222261.2243000004
60.0 0.0 -2.5 12.5 265.2515
60.0 2.5 -2.5 12.5 15.5486
60.0 5.0 -2.5 12.5 4.4604
60.0 7.5 -2.5 12.5 4.781000000000001
60.0 -5.0 0.0 12.5 44821.751
60.0 -2.5 0.0 12.5 22.0407
60.0 0.0 0.0 12.5 -2.7658
60.0 2.5 0.0 12.5 7.3115999999999985
60.0 5.0 0.0 12.5 8.952399999999999
60.0 -5.0 2.5 12.5 65.7929
60.0 -2.5 2.5 12.5 -5.434699999999999
60.0 0.0 2.5 12.5 8.9162
60.0 2.5 2.5 12.5 13.242700000000001
60.0 5.0 2.5 12.5 10.5997
60.0 7.5 2.5 12.5 5.688899999999999
60.0 -5.0 5.0 12.5 -7.970000000000001
60.0 -2.5 5.0 12.5 2.7991
60.0 0.0 5.0 12.5 8.5173
60.0 2.5 5.0 12.5 9.1683
60.0 5.0 5.0 12.5 7.0381
60.0 7.5 5.0 12.5 3.6462
60.0 10.0 5.0 12.5 1.1072
60.0 -2.5 -10.0 13.75 9999999920.932901
60.0 0.0 -10.0 13.75 9999999984.928001
60.0 2.5 -10.0 13.75 10000000025.873201
60.0 5.0 -10.0 13.75 2181.0297
60.0 7.5 -10.0 13.75 9.7454
60.0 10.0 -10.0 13.75 6.8370999999999995
60.0 0.0 -7.5 13.75 9999999987.8162
60.0 2.5 -7.5 13.75 264500145.4613
60.0 5.0 -7.5 13.75 70.8587
60.0 7.5 -7.5 13.75 9.4941
60.0 10.0 -7.5 13.75 6.0807
60.0 -2.5 -5.0 13.75 767919.5591
60.0 0.0 -5.0 13.75 1622547.9559
60.0 2.5 -5.0 13.75 64.4175
60.0 5.0 -5.0 13.75 1.4066
60.0 7.5 -5.0 13.75 6.098
60.0 10.0 -5.0 13.75 3.2833
60.0 -5.0 -2.5 13.75 49643.638
60.0 -2.5 -2.5 13.75 2776.7155
60.0 0.0 -2.5 13.75 131.37140000000002
60.0 2.5 -2.5 13.75 -3.313
60.0 5.0 -2.5 13.75 3.7624999999999997
60.0 7.5 -2.5 13.75 4.0075
60.0 -5.0 0.0 13.75 111.13399999999999
60.0 -2.5 0.0 13.75 -6.1174
60.0 0.0 0.0 13.75 0.6023999999999998
60.0 2.5 0.0 13.75 5.8931000000000004
60.0 5.0 0.0 13.75 5.5048
60.0 -5.0 2.5 13.75 -19.845
60.0 -2.5 2.5 13.75 -1.2275999999999998
60.0 0.0 2.5 13.75 6.614699999999999
60.0 2.5 2.5 13.75 8.896
60.0 5.0 2.5 13.75 6.1091
60.0 7.5 2.5 13.75 2.8479
60.0 -5.0 5.0 13.75 -10.6174
60.0 -2.5 5.0 13.75 2.853
60.0 0.0 5.0 13.75 5.6758
60.0 2.5 5.0 13.75 5.7735
60.0 5.0 5.0 13.75 3.4250000000000003
60.0 7.5 5.0 13.75 1.4753
60.0 10.0 5.0 13.75 0.2984
60.0 -5.0 -10.0 15.0 9999999926.8472
60.0 -2.5 -10.0 15.0 6561769.4682
60.0 0.0 -10.0 15.0 418881549.6858
60.0 2.5 -10.0 15.0 1701442.0369999998
60.0 5.0 -10.0 15.0 5986.312999999999
60.0 7.5 -10.0 15.0 9.0151
60.0 10.0 -10.0 15.0 6.332
60.0 -5.0 -7.5 15.0 9999999844.2399
60.0 -2.5 -7.5 15.0 441571496.6897
60.0 0.0 -7.5 15.0 328017699.7358
60.0 2.5 -7.5 15.0 1328200.1121
60.0 5.0 -7.5 15.0 39.6127
60.0 7.5 -7.5 15.0 10.1723
60.0 10.0 -7.5 15.0 6.2329
60.0 -5.0 -5.0 15.0 24762837.5179
60.0 -2.5 -5.0 15.0 65875.0984
60.0 0.0 -5.0 15.0 257.79290000000003
60.0 2.5 -5.0 15.0 -9.274000000000001
60.0 5.0 -5.0 15.0 3.2533000000000003
60.0 7.5 -5.0 15.0 6.0959
60.0 10.0 -5.0 15.0 3.6858
60.0 -5.0 -2.5 15.0 78.2784
60.0 -2.5 -2.5 15.0 3.98
60.0 0.0 -2.5 15.0 -9.086500000000001
60.0 2.5 -2.5 15.0 -2.3594999999999997
60.0 5.0 -2.5 15.0 2.8808000000000002
60.0 7.5 -2.5 15.0 3.472
60.0 10.0 -2.5 15.0 1.5544
60.0 -5.0 0.0 15.0 -17.0154
60.0 -2.5 0.0 15.0 -2.7707999999999995
60.0 0.0 0.0 15.0 2.3219000000000003
60.0 2.5 0.0 15.0 4.2235
60.0 5.0 0.0 15.0 3.2478
60.0 7.5 0.0 15.0 1.5827
60.0 -5.0 2.5 15.0 -10.7549
60.0 -2.5 2.5 15.0 1.5201000000000002
60.0 0.0 2.5 15.0 6.0141
60.0 2.5 2.5 15.0 5.7994
60.0 5.0 2.5 15.0 3.0959999999999996
60.0 7.5 2.5 15.0 1.0955
60.0 10.0 2.5 15.0 0.16349999999999998
60.0 -5.0 5.0 15.0 -6.9582
60.0 -2.5 5.0 15.0 2.3849
60.0 0.0 5.0 15.0 3.3872999999999998
60.0 2.5 5.0 15.0 2.9022
60.0 5.0 5.0 15.0 1.0834
60.0 7.5 5.0 15.0 0.368
60.0 10.0 5.0 15.0 0.0141
60.0 -5.0 -10.0 16.25 83010406.97500001
60.0 -2.5 -10.0 16.25 184360896.132
60.0 0.0 -10.0 16.25 785148.4312
60.0 2.5 -10.0 16.25 730.5073
60.0 5.0 -10.0 16.25 61.3812
60.0 7.5 -10.0 16.25 5.9234
60.0 10.0 -10.0 16.25 5.190200000000001
60.0 -5.0 -7.5 16.25 9999999929.7961
60.0 -2.5 -7.5 16.25 374030654.086
60.0 0.0 -7.5 16.25 634.8726
60.0 2.5 -7.5 16.25 139.18380000000002
60.0 5.0 -7.5 16.25 8.3134
60.0 7.5 -7.5 16.25 8.369
60.0 10.0 -7.5 16.25 5.0163
60.0 -5.0 -5.0 16.25 3680.1981
60.0 -2.5 -5.0 16.25 106.9497
60.0 0.0 -5.0 16.25 -38.7723
60.0 2.5 -5.0 16.25 -13.7771
60.0 5.0 -5.0 16.25 2.6817
60.0 7.5 -5.0 16.25 5.6049999999999995
60.0 10.0 -5.0 16.25 3.5968
60.0 -5.0 -2.5 16.25 -23.4187
60.0 -2.5 -2.5 16.25 -14.2423
60.0 0.0 -2.5 16.25 -8.4115
60.0 2.5 -2.5 16.25 -1.049
60.0 5.0 -2.5 16.25 2.8072999999999997
60.0 7.5 -2.5 16.25 2.9117
60.0 10.0 -2.5 16.25 1.5892
60.0 -5.0 0.0 16.25 -10.036100000000001
60.0 -2.5 0.0 16.25 0.10880000000000001
60.0 0.0 0.0 16.25 3.5667
60.0 2.5 0.0 16.25 4.0127
60.0 5.0 0.0 16.25 2.3169999999999997
60.0 7.5 0.0 16.25 1.2223
60.0 10.0 0.0 16.25 0.7021999999999999
60.0 -5.0 2.5 16.25 -3.7249
60.0 -2.5 2.5 16.25 3.6442
60.0 0.0 2.5 16.25 5.496099999999999
60.0 2.5 2.5 16.25 3.863
60.0 5.0 2.5 16.25 1.4783
60.0 7.5 2.5 16.25 0.179
60.0 10.0 2.5 16.25 0.1327
60.0 -5.0 5.0 16.25 -2.3297
60.0 -2.5 5.0 16.25 2.0241
60.0 0.0 5.0 16.25 2.6187
60.0 2.5 5.0 16.25 1.1716
60.0 5.0 5.0 16.25 0.2433
60.0 7.5 5.0 16.25 0.0381
60.0 10.0 5.0 16.25 0.0
120.0 -5.0 -10.0 3.75 9999999801.536402
120.0 -2.5 -10.0 3.75 10000000063.9622
120.0 0.0 -10.0 3.75 9999999896.9202
120.0 2.5 -10.0 3.75 609650284.1247
120.0 5.0 -10.0 3.75 135451.56470000002
120.0 7.5 -10.0 3.75 -14.142199999999999
120.0 10.0 -10.0 3.75 -23.8939
120.0 -5.0 -7.5 3.75 10000000178.330801
120.0 -2.5 -7.5 3.75 9999999771.1296
120.0 0.0 -7.5 3.75 18171812.312900003
120.0 2.5 -7.5 3.75 16664248.8179
120.0 5.0 -7.5 3.75 969.4619
120.0 7.5 -7.5 3.75 -34.236
120.0 10.0 -7.5 3.75 -31.816499999999998
120.0 -5.0 -5.0 3.75 9999999615.2381
120.0 -2.5 -5.0 3.75 9999999885.3157
120.0 0.0 -5.0 3.75 11961151.4309
120.0 2.5 -5.0 3.75 104.0205
120.0 5.0 -5.0 3.75 -15.1843
120.0 7.5 -5.0 3.75 -40.1797
120.0 10.0 -5.0 3.75 -35.9009
120.0 -5.0 -2.5 3.75 9999999774.2611
120.0 -2.5 -2.5 3.75 9999999921.922602
120.0 0.0 -2.5 3.75 9999999963.5035
120.0 2.5 -2.5 3.75 6.8678
120.0 5.0 -2.5 3.75 -9.644
120.0 7.5 -2.5 3.75 -27.7837
120.0 10.0 -2.5 3.75 -27.6719
120.0 -5.0 0.0 3.75 10000000000.083101
120.0 -2.5 0.0 3.75 9999999989.937801
120.0 0.0 0.0 3.75 611.9997
120.0 2.5 0.0 3.75 6528.331999999999
120.0 5.0 0.0 3.75 8.9337
120.0 7.5 0.0 3.75 -7.9755
120.0 10.0 0.0 3.75 -13.9187
120.0 -5.0 2.5 3.75 9999999841.112501
120.0 -2.5 2.5 3.75 219222.4613
120.0 0.0 2.5 3.75 35592.0027
120.0 2.5 2.5 3.75 48.9409
120.0 5.0 2.5 3.75 20.821900000000003
120.0 7.5 2.5 3.75 4.5149
120.0 10.0 2.5 3.75 -2.8723
120.0 -5.0 5.0 3.75 69386141.1735
120.0 -2.5 5.0 3.75 9081852096.3397
120.0 0.0 5.0 3.75 75.23870000000001
120.0 2.5 5.0 3.75 46.8825
120.0 5.0 5.0 3.75 21.115399999999998
120.0 7.5 5.0 3.75 7.8841
120.0 10.0 5.0 3.75 1.4932999999999998
120.0 -2.5 5.0 5.0 9312.6179
120.0 -2.5 2.5 6.25 55692110.315
120.0 -2.5 5.0 6.25 324.5169
120.0 2.5 -7.5 7.5 9999999953.609701
120.0 0.0 -5.0 7.5 10000000008.3882
120.0 -2.5 0.0 7.5 256394018.5073
120.0 -2.5 2.5 7.5 1737.2115000000001
120.0 0.0 2.5 7.5 72.0974
120.0 -2.5 5.0 7.5 49.3266
120.0 0.0 5.0 7.5 51.0158
120.0 2.5 -7.5 8.75 263165586.4397
120.0 5.0 -7.5 8.75 7515709.2052
120.0 0.0 -5.0 8.75 9999999890.4048
120.0 0.0 0.0 8.75 2498015.2092
120.0 -2.5 2.5 8.75 165.1001
120.0 0.0 2.5 8.75 46.8998
120.0 -5.0 5.0 8.75 8858.211000000001
120.0 -2.5 5.0 8.75 10.791699999999999
120.0 0.0 5.0 8.75 32.372600000000006
120.0 2.5 5.0 8.75 27.7053
120.0 2.5 -10.0 10.0 9999999956.600601
120.0 2.5 -7.5 10.0 1202722.1961
120.0 5.0 -7.5 10.0 16216.2619
120.0 7.5 -7.5 10.0 -6.2614
120.0 -2.5 -5.0 10.0 9999999913.058401
120.0 0.0 -5.0 10.0 10000000021.8332
120.0 2.5 -5.0 10.0 2255230.7688
120.0 0.0 -2.5 10.0 2289213281.9294996
120.0 0.0 0.0 10.0 7093.032700000001
120.0 2.5 0.0 10.0 61.0779
120.0 -5.0 2.5 10.0 481.5097
120.0 -2.5 2.5 10.0 14.2134
120.0 0.0 2.5 10.0 29.009299999999996
120.0 2.5 2.5 10.0 24.606199999999998
120.0 -5.0 5.0 10.0 93.8641
120.0 -2.5 5.0 10.0 8.929100000000002
120.0 0.0 5.0 10.0 21.3064
120.0 2.5 5.0 10.0 19.6863
120.0 5.0 5.0 10.0 11.732700000000001
120.0 2.5 -10.0 11.25 44547093.8558
120.0 5.0 -10.0 11.25 465.4574
120.0 10.0 -10.0 11.25 -2.424
120.0 -2.5 -7.5 11.25 2304965673.6883
120.0 0.0 -7.5 11.25 1018622746.7255
120.0 2.5 -7.5 11.25 14186329.5838
120.0 5.0 -7.5 11.25 20.531399999999998
120.0 7.5 -7.5 11.25 -5.0581
120.0 -2.5 -5.0 11.25 9999999964.3635
120.0 0.0 -5.0 11.25 9999999965.222502
120.0 2.5 -5.0 11.25 3815029.2207
120.0 5.0 -5.0 11.25 -7.369199999999999
120.0 7.5 -5.0 11.25 -3.1439
120.0 0.0 -2.5 11.25 10000.012400000001
120.0 2.5 -2.5 11.25 305.32079999999996
120.0 -5.0 0.0 11.25 29753523.5095
120.0 -2.5 0.0 11.25 43565.762
120.0 0.0 0.0 11.25 40.7211
120.0 2.5 0.0 11.25 11.847
120.0 -5.0 2.5 11.25 -1.0641999999999996
120.0 -2.5 2.5 11.25 13.684000000000001
120.0 0.0 2.5 11.25 21.648300000000003
120.0 2.5 2.5 11.25 17.631
120.0 -5.0 5.0 11.25 -1.883
120.0 -2.5 5.0 11.25 8.416699999999999
120.0 0.0 5.0 11.25 14.6632
120.0 2.5 5.0 11.25 13.3011
120.0 5.0 5.0 11.25 7.5005999999999995
120.0 7.5 5.0 11.25 2.3413999999999997
120.0 -5.0 -10.0 12.5 9999999805.882801
120.0 -2.5 -10.0 12.5 9999999796.3658
120.0 0.0 -10.0 12.5 1945790.2707
120.0 2.5 -10.0 12.5 1902808.0477
120.0 5.0 -10.0 12.5 1539.7481
120.0 7.5 -10.0 12.5 2.2310999999999996
120.0 10.0 -10.0 12.5 -1.6223
120.0 -2.5 -7.5 12.5 115628075.4888
120.0 0.0 -7.5 12.5 28237432.0438
120.0 2.5 -7.5 12.5 895.1426
120.0 5.0 -7.5 12.5 -10.478
120.0 7.5 -7.5 12.5 -3.3165999999999998
120.0 10.0 -7.5 12.5 -1.8996
120.0 -2.5 -5.0 12.5 10000000225.9095
120.0 0.0 -5.0 12.5 5189.6241
120.0 2.5 -5.0 12.5 11.3855
120.0 5.0 -5.0 12.5 -5.0489
120.0 -5.0 -2.5 12.5 9999999831.0655
120.0 -2.5 -2.5 12.5 894656.0038000001
120.0 0.0 -2.5 12.5 24.8352
120.0 2.5 -2.5 12.5 4.2185
120.0 5.0 -2.5 12.5 2.8727
120.0 -5.0 0.0 12.5 2882196.9532000003
120.0 -2.5 0.0 12.5 387.2136
120.0 0.0 0.0 12.5 17.026200000000003
120.0 2.5 0.0 12.5 10.3628
120.0 5.0 0.0 12.5 6.2207
120.0 -5.0 2.5 12.5 7.979199999999999
120.0 -2.5 2.5 12.5 16.514899999999997
120.0 0.0 2.5 12.5 16.4655
120.0 2.5 2.5 12.5 12.7415
120.0 5.0 2.5 12.5 5.9368
120.0 -5.0 5.0 12.5 2.9059
120.0 -2.5 5.0 12.5 8.414100000000001
120.0 0.0 5.0 12.5 9.6211
120.0 2.5 5.0 12.5 8.2758
120.0 5.0 5.0 12.5 4.3137
120.0 7.5 5.0 12.5 0.8259000000000001
120.0 -5.0 -10.0 13.75 10000000064.122702
120.0 -2.5 -10.0 13.75 10000000215.642
120.0 0.0 -10.0 13.75 164852821.526
120.0 2.5 -10.0 13.75 1885.2729
120.0 5.0 -10.0 13.75 5.4
120.0 7.5 -10.0 13.75 3.8564999999999996
120.0 10.0 -10.0 13.75 -0.8403
120.0 -2.5 -7.5 13.75 9999999916.3668
120.0 0.0 -7.5 13.75 122918286.3474
120.0 2.5 -7.5 13.75 423.2774
120.0 5.0 -7.5 13.75 -6.0766
120.0 7.5 -7.5 13.75 -1.9432999999999998
120.0 10.0 -7.5 13.75 -1.2586000000000002
120.0 -2.5 -5.0 13.75 2325194272.1199
120.0 0.0 -5.0 13.75 24381191.4452
120.0 2.5 -5.0 13.75 7.8362
120.0 5.0 -5.0 13.75 -1.3823
120.0 7.5 -5.0 13.75 0.46440000000000003
120.0 10.0 -5.0 13.75 -0.2743
120.0 -5.0 -2.5 13.75 1216542.9408
120.0 -2.5 -2.5 13.75 484.0748
120.0 0.0 -2.5 13.75 6.4454
120.0 2.5 -2.5 13.75 4.9558
120.0 5.0 -2.5 13.75 3.9519
120.0 -5.0 0.0 13.75 956.9404999999999
120.0 -2.5 0.0 13.75 20.7556
120.0 0.0 0.0 13.75 13.3773
120.0 2.5 0.0 13.75 8.3918
120.0 5.0 0.0 13.75 5.1103
120.0 -5.0 2.5 13.75 14.692600000000002
120.0 -2.5 2.5 13.75 15.057
120.0 0.0 2.5 13.75 11.8011
120.0 2.5 2.5 13.75 8.6785
120.0 5.0 2.5 13.75 3.5955999999999997
120.0 -5.0 5.0 13.75 5.9967
120.0 -2.5 5.0 13.75 6.5525
120.0 0.0 5.0 13.75 6.1438
120.0 2.5 5.0 13.75 4.4629
120.0 5.0 5.0 13.75 1.9877
120.0 7.5 5.0 13.75 0.044500000000000005
120.0 -5.0 -10.0 15.0 14771485.8959
120.0 -2.5 -10.0 15.0 5386937.5488
120.0 0.0 -10.0 15.0 142799.8617
120.0 2.5 -10.0 15.0 795.0623
120.0 5.0 -10.0 15.0 2.7684
120.0 7.5 -10.0 15.0 3.8230999999999997
120.0 10.0 -10.0 15.0 -0.1362
120.0 -5.0 -7.5 15.0 10000000003.3141
120.0 -2.5 -7.5 15.0 93399539.2373
120.0 0.0 -7.5 15.0 11332476.761300001
120.0 2.5 -7.5 15.0 1292.2781
120.0 5.0 -7.5 15.0 -2.4949000000000003
120.0 7.5 -7.5 15.0 -0.20920000000000002
120.0 10.0 -7.5 15.0 -0.7731
120.0 -5.0 -5.0 15.0 9999999988.437302
120.0 -2.5 -5.0 15.0 31840.1433
120.0 0.0 -5.0 15.0 21633.8632
120.0 2.5 -5.0 15.0 6.3906
120.0 5.0 -5.0 15.0 1.9656000000000002
120.0 7.5 -5.0 15.0 1.6121999999999999
120.0 10.0 -5.0 15.0 0.6126
120.0 -5.0 -2.5 15.0 508.0223
120.0 -2.5 -2.5 15.0 6.204000000000001
120.0 0.0 -2.5 15.0 3.0
120.0 2.5 -2.5 15.0 5.987
120.0 5.0 -2.5 15.0 4.0999
120.0 7.5 -2.5 15.0 2.1932
120.0 10.0 -2.5 15.0 0.78
120.0 -5.0 0.0 15.0 20.2122
120.0 -2.5 0.0 15.0 12.929699999999999
120.0 0.0 0.0 15.0 8.692900000000002
120.0 2.5 0.0 15.0 6.6143
120.0 5.0 0.0 15.0 4.1245
120.0 10.0 0.0 15.0 0.0864
120.0 -5.0 2.5 15.0 14.2474
120.0 -2.5 2.5 15.0 11.1632
120.0 0.0 2.5 15.0 8.203899999999999
120.0 2.5 2.5 15.0 5.4719
120.0 5.0 2.5 15.0 2.3036000000000003
120.0 7.5 2.5 15.0 -0.07379999999999999
120.0 -5.0 5.0 15.0 5.8738
120.0 -2.5 5.0 15.0 4.8616
120.0 0.0 5.0 15.0 3.9392000000000005
120.0 2.5 5.0 15.0 2.1205000000000003
120.0 5.0 5.0 15.0 0.5372
120.0 7.5 5.0 15.0 -0.2671
120.0 10.0 5.0 15.0 0.0004
120.0 -5.0 -10.0 16.25 1277950091.7619998
120.0 -2.5 -10.0 16.25 8750051.5113
120.0 0.0 -10.0 16.25 375.1166
120.0 2.5 -10.0 16.25 -10.104
120.0 5.0 -10.0 16.25 1.8502999999999998
120.0 7.5 -10.0 16.25 3.015
120.0 10.0 -10.0 16.25 0.20240000000000002
120.0 -5.0 -7.5 16.25 9999999822.8598
120.0 -2.5 -7.5 16.25 703308.9029
120.0 0.0 -7.5 16.25 993.9311000000001
120.0 2.5 -7.5 16.25 15.633
120.0 5.0 -7.5 16.25 -0.9077
120.0 7.5 -7.5 16.25 0.8916000000000001
120.0 10.0 -7.5 16.25 0.2097
120.0 -5.0 -5.0 16.25 380886758.5358
120.0 -2.5 -5.0 16.25 64.15520000000001
120.0 0.0 -5.0 16.25 12.274199999999999
120.0 2.5 -5.0 16.25 1.1218000000000001
120.0 5.0 -5.0 16.25 3.0993000000000004
120.0 7.5 -5.0 16.25 2.0194
120.0 10.0 -5.0 16.25 1.0913
120.0 -5.0 -2.5 16.25 -7.0875
120.0 -2.5 -2.5 16.25 -7.4904
120.0 0.0 -2.5 16.25 -0.5773999999999999
120.0 2.5 -2.5 16.25 4.8709999999999996
120.0 5.0 -2.5 16.25 3.8848
120.0 7.5 -2.5 16.25 2.1023
120.0 10.0 -2.5 16.25 0.8271999999999999
120.0 -5.0 0.0 16.25 10.770900000000001
120.0 -2.5 0.0 16.25 8.205599999999999
120.0 0.0 0.0 16.25 6.6914
120.0 2.5 0.0 16.25 5.1127
120.0 5.0 0.0 16.25 3.5215
120.0 7.5 0.0 16.25 0.9427
120.0 10.0 0.0 16.25 0.244
120.0 -5.0 2.5 16.25 10.2484
120.0 -2.5 2.5 16.25 8.783000000000001
120.0 0.0 2.5 16.25 5.9675
120.0 2.5 2.5 16.25 3.6678
120.0 5.0 2.5 16.25 1.3046
120.0 7.5 2.5 16.25 0.07990000000000001
120.0 10.0 2.5 16.25 -0.0312
120.0 -5.0 5.0 16.25 5.7691
120.0 -2.5 5.0 16.25 4.042999999999999
120.0 0.0 5.0 16.25 2.1557000000000004
120.0 2.5 5.0 16.25 0.9302
120.0 5.0 5.0 16.25 -0.0708
120.0 7.5 5.0 16.25 -0.1004
120.0 10.0 5.0 16.25 0.0
180.0 -5.0 -10.0 3.75 10000000040.3649
180.0 -2.5 -10.0 3.75 9999999997.5806
180.0 0.0 -10.0 3.75 1138890244.9362
180.0 2.5 -10.0 3.75 9999999883.5301
180.0 5.0 -10.0 3.75 369452256.86950004
180.0 7.5 -10.0 3.75 67295.6783
180.0 10.0 -10.0 3.75 1585232847.0608
180.0 -5.0 -7.5 3.75 10000000011.1534
180.0 -2.5 -7.5 3.75 10000000031.223501
180.0 0.0 -7.5 3.75 10000000104.8553
180.0 2.5 -7.5 3.75 9999999931.901402
180.0 5.0 -7.5 3.75 9999999913.300901
180.0 7.5 -7.5 3.75 728171.4752
180.0 10.0 -7.5 3.75 6.2674
180.0 -5.0 -5.0 3.75 10000000086.0041
180.0 -2.5 -5.0 3.75 10000000110.8656
180.0 0.0 -5.0 3.75 690947485.5119
180.0 2.5 -5.0 3.75 10000000065.552502
180.0 5.0 -5.0 3.75 17944.8852
180.0 7.5 -5.0 3.75 7.046500000000001
180.0 10.0 -5.0 3.75 15.345300000000002
180.0 -5.0 -2.5 3.75 10000000009.1326
180.0 -2.5 -2.5 3.75 9999999854.2066
180.0 0.0 -2.5 3.75 8933931221.3409
180.0 2.5 -2.5 3.75 10000000013.9792
180.0 5.0 -2.5 3.75 120.0832
180.0 7.5 -2.5 3.75 17.096400000000003
180.0 10.0 -2.5 3.75 15.959
180.0 -5.0 0.0 3.75 1609527897.9085999
180.0 -2.5 0.0 3.75 10000000177.182201
180.0 0.0 0.0 3.75 1159327.2079
180.0 2.5 0.0 3.75 5549.4407
180.0 5.0 0.0 3.75 -0.10189999999999966
180.0 7.5 0.0 3.75 3.2763
180.0 10.0 0.0 3.75 1.7122
180.0 -5.0 2.5 3.75 9999999966.718801
180.0 -2.5 2.5 3.75 10000000323.2198
180.0 0.0 2.5 3.75 411445159.8614
180.0 2.5 2.5 3.75 10748.0548
180.0 5.0 2.5 3.75 -15.7257
180.0 7.5 2.5 3.75 -25.3235
180.0 10.0 2.5 3.75 -26.345999999999997
180.0 -5.0 5.0 3.75 9999999970.486
180.0 -2.5 5.0 3.75 81888095.4233
180.0 0.0 5.0 3.75 3709523217.5407
180.0 2.5 5.0 3.75 20001.7097
180.0 5.0 5.0 3.75 -22.3184
180.0 7.5 5.0 3.75 -39.3787
180.0 10.0 5.0 3.75 -37.075100000000006
180.0 -2.5 -2.5 7.5 9999999975.877901
180.0 0.0 2.5 7.5 199.33270000000002
180.0 0.0 5.0 7.5 333.92429999999996
180.0 -5.0 -2.5 8.75 2094636490.3005
180.0 -2.5 -2.5 8.75 10000000048.656301
180.0 2.5 -2.5 8.75 18888866.8491
180.0 -5.0 0.0 8.75 8668477422.781599
180.0 0.0 0.0 8.75 3094880130.9687
180.0 0.0 2.5 8.75 31.4374
180.0 0.0 -10.0 10.0 9999999860.7586
180.0 2.5 -10.0 10.0 1374539148.6367
180.0 0.0 -7.5 10.0 10000000049.3826
180.0 2.5 -7.5 10.0 10000000011.1518
180.0 5.0 -7.5 10.0 8801731.9564
180.0 -2.5 -5.0 10.0 3663282340.0873
180.0 0.0 -5.0 10.0 318095.6662
180.0 2.5 -5.0 10.0 161705341.7313
180.0 5.0 -5.0 10.0 1544489.9892
180.0 -5.0 -2.5 10.0 552673308.9498
180.0 -2.5 -2.5 10.0 10000000017.719702
180.0 0.0 -2.5 10.0 2414887284.6096997
180.0 2.5 -2.5 10.0 47141060.643
180.0 -5.0 0.0 10.0 653666900.2310001
180.0 -2.5 0.0 10.0 869502627.4555
180.0 0.0 0.0 10.0 15467.0926
180.0 -5.0 2.5 10.0 997209710.9229
180.0 0.0 2.5 10.0 135.54229999999998
180.0 2.5 2.5 10.0 -6.144299999999999
180.0 0.0 5.0 10.0 19.8931
180.0 2.5 5.0 10.0 -2.2375
180.0 0.0 -10.0 11.25 10000000057.328901
180.0 2.5 -10.0 11.25 10000000058.4211
180.0 5.0 -10.0 11.25 15888550.4639
180.0 0.0 -7.5 11.25 343283164.778
180.0 2.5 -7.5 11.25 10000000128.1144
180.0 5.0 -7.5 11.25 1357885.3660000002
180.0 7.5 -7.5 11.25 13546.1679
180.0 -2.5 -5.0 11.25 3758952.9594
180.0 0.0 -5.0 11.25 507564629.9434
180.0 2.5 -5.0 11.25 225426209.31780002
180.0 5.0 -5.0 11.25 874402.6061000001
180.0 -5.0 -2.5 11.25 163197496.0544
180.0 -2.5 -2.5 11.25 3780890.7833000002
180.0 0.0 -2.5 11.25 13962.270400000001
180.0 2.5 -2.5 11.25 1120.7539
180.0 -5.0 0.0 11.25 68070.96770000001
180.0 -2.5 0.0 11.25 501671346.1306
180.0 0.0 0.0 11.25 14070.4369
180.0 -5.0 2.5 11.25 207109.2133
180.0 -2.5 2.5 11.25 2270.382
180.0 0.0 2.5 11.25 10.677
180.0 2.5 2.5 11.25 -5.1949
180.0 -5.0 5.0 11.25 42922.0428
180.0 0.0 5.0 11.25 1.8411
180.0 2.5 5.0 11.25 -3.5828
180.0 -5.0 -10.0 12.5 9999999785.9515
180.0 -2.5 -10.0 12.5 10000000061.421001
180.0 0.0 -10.0 12.5 4662110189.653399
180.0 2.5 -10.0 12.5 24981934.4024
180.0 5.0 -10.0 12.5 502786125.4273
180.0 7.5 -10.0 12.5 442.2536
180.0 10.0 -10.0 12.5 18.023400000000002
180.0 -2.5 -7.5 12.5 10000000089.275301
180.0 0.0 -7.5 12.5 4426169.8518
180.0 2.5 -7.5 12.5 156113247.3488
180.0 5.0 -7.5 12.5 37884113.535
180.0 7.5 -7.5 12.5 118.5841
180.0 -5.0 -5.0 12.5 111222385.38329999
180.0 -2.5 -5.0 12.5 14265.2302
180.0 0.0 -5.0 12.5 8899.4454
180.0 2.5 -5.0 12.5 1280941.6201
180.0 5.0 -5.0 12.5 44318650.116500005
180.0 -5.0 -2.5 12.5 2561508346.0926
180.0 -2.5 -2.5 12.5 7777.2107
180.0 0.0 -2.5 12.5 62.035599999999995
180.0 2.5 -2.5 12.5 157.3133
180.0 5.0 -2.5 12.5 43.3263
180.0 -5.0 0.0 12.5 10000000610.817501
180.0 -2.5 0.0 12.5 24407.4327
180.0 0.0 0.0 12.5 46.7008
180.0 2.5 0.0 12.5 10.9792
180.0 -5.0 2.5 12.5 308.1456
180.0 -2.5 2.5 12.5 23.8837
180.0 0.0 2.5 12.5 1.8678
180.0 2.5 2.5 12.5 -3.2689000000000004
180.0 -5.0 5.0 12.5 203.9282
180.0 -2.5 5.0 12.5 14.879000000000001
180.0 0.0 5.0 12.5 1.8534
180.0 2.5 5.0 12.5 -3.9328
180.0 5.0 5.0 12.5 -5.9527
180.0 7.5 5.0 12.5 -3.9303
180.0 10.0 5.0 12.5 -1.3984999999999999
180.0 -5.0 -10.0 13.75 9999999943.7724
180.0 -2.5 -10.0 13.75 9999999973.378
180.0 0.0 -10.0 13.75 173306341.0873
180.0 2.5 -10.0 13.75 672362579.5081
180.0 5.0 -10.0 13.75 4210152.152500001
180.0 7.5 -10.0 13.75 584.254
180.0 10.0 -10.0 13.75 17.207900000000002
180.0 -5.0 -7.5 13.75 102339718.276
180.0 -2.5 -7.5 13.75 10000000077.1697
180.0 0.0 -7.5 13.75 6483557.1283
180.0 2.5 -7.5 13.75 48580.4663
180.0 5.0 -7.5 13.75 1140.3069
180.0 7.5 -7.5 13.75 51.3265
180.0 10.0 -7.5 13.75 21.1275
180.0 -5.0 -5.0 13.75 28047948.9591
180.0 -2.5 -5.0 13.75 10530660.2205
180.0 0.0 -5.0 13.75 123.0992
180.0 2.5 -5.0 13.75 250.0651
180.0 5.0 -5.0 13.75 364.5176
180.0 -5.0 -2.5 13.75 873027314.3037001
180.0 -2.5 -2.5 13.75 2140.9245
180.0 0.0 -2.5 13.75 48.7909
180.0 2.5 -2.5 13.75 55.1726
180.0 5.0 -2.5 13.75 40.846000000000004
180.0 -5.0 0.0 13.75 23204.1622
180.0 -2.5 0.0 13.75 738.7557
180.0 0.0 0.0 13.75 25.1435
180.0 2.5 0.0 13.75 15.233100000000002
180.0 -5.0 2.5 13.75 43.0955
180.0 -2.5 2.5 13.75 23.7888
180.0 0.0 2.5 13.75 6.3267999999999995
180.0 2.5 2.5 13.75 -1.3329
180.0 5.0 2.5 13.75 -4.909999999999999
180.0 -5.0 5.0 13.75 20.017
180.0 -2.5 5.0 13.75 10.5822
180.0 0.0 5.0 13.75 0.745
180.0 2.5 5.0 13.75 -4.3066
180.0 5.0 5.0 13.75 -5.3561
180.0 7.5 5.0 13.75 -2.6584999999999996
180.0 10.0 5.0 13.75 -0.8417
180.0 -5.0 -10.0 15.0 61976439.8299
180.0 -2.5 -10.0 15.0 6864701905.2978
180.0 0.0 -10.0 15.0 3036449.137
180.0 2.5 -10.0 15.0 2101.6462
180.0 5.0 -10.0 15.0 460.5666
180.0 7.5 -10.0 15.0 47.8237
180.0 10.0 -10.0 15.0 16.1526
180.0 -5.0 -7.5 15.0 796433.2703
180.0 -2.5 -7.5 15.0 4948641.666900001
180.0 0.0 -7.5 15.0 681.4027
180.0 2.5 -7.5 15.0 220.57330000000002
180.0 5.0 -7.5 15.0 87.84599999999999
180.0 7.5 -7.5 15.0 45.73
180.0 10.0 -7.5 15.0 20.348300000000002
180.0 -5.0 -5.0 15.0 1266.414
180.0 -2.5 -5.0 15.0 704.5476000000001
180.0 0.0 -5.0 15.0 64.0373
180.0 2.5 -5.0 15.0 69.9484
180.0 5.0 -5.0 15.0 60.2549
180.0 7.5 -5.0 15.0 35.2352
180.0 10.0 -5.0 15.0 14.5195
180.0 -5.0 -2.5 15.0 518.5521
180.0 -2.5 -2.5 15.0 70.3236
180.0 0.0 -2.5 15.0 46.3165
180.0 2.5 -2.5 15.0 45.2603
180.0 5.0 -2.5 15.0 34.0315
180.0 10.0 -2.5 15.0 5.4505
180.0 -5.0 0.0 15.0 117.81739999999999
180.0 -2.5 0.0 15.0 51.3491
180.0 0.0 0.0 15.0 25.1359
180.0 2.5 0.0 15.0 14.9393
180.0 5.0 0.0 15.0 6.7935
180.0 -5.0 2.5 15.0 38.7559
180.0 -2.5 2.5 15.0 23.709899999999998
180.0 0.0 2.5 15.0 7.7878
180.0 2.5 2.5 15.0 -0.5059
180.0 5.0 2.5 15.0 -3.8365
180.0 7.5 2.5 15.0 -2.7533000000000003
180.0 -5.0 5.0 15.0 19.214
180.0 -2.5 5.0 15.0 9.9361
180.0 0.0 5.0 15.0 1.0834
180.0 2.5 5.0 15.0 -3.5774
180.0 5.0 5.0 15.0 -3.2904
180.0 7.5 5.0 15.0 -1.2675
180.0 10.0 5.0 15.0 -0.3553
180.0 -5.0 -10.0 16.25 9999999919.094002
180.0 -2.5 -10.0 16.25 73263.25649999999
180.0 0.0 -10.0 16.25 60.2483
180.0 2.5 -10.0 16.25 40.2985
180.0 5.0 -10.0 16.25 46.552499999999995
180.0 7.5 -10.0 16.25 29.5004
180.0 10.0 -10.0 16.25 13.624099999999999
180.0 -5.0 -7.5 16.25 33681619.216699995
180.0 -2.5 -7.5 16.25 131.8576
180.0 0.0 -7.5 16.25 56.3121
180.0 2.5 -7.5 16.25 69.74340000000001
180.0 5.0 -7.5 16.25 60.77460000000001
180.0 7.5 -7.5 16.25 37.9093
180.0 10.0 -7.5 16.25 17.9024
180.0 -5.0 -5.0 16.25 -11.191099999999999
180.0 -2.5 -5.0 16.25 28.427400000000002
180.0 0.0 -5.0 16.25 53.2792
180.0 2.5 -5.0 16.25 58.7299
180.0 5.0 -5.0 16.25 48.320100000000004
180.0 7.5 -5.0 16.25 29.2672
180.0 10.0 -5.0 16.25 12.8134
180.0 -5.0 -2.5 16.25 28.577800000000003
180.0 -2.5 -2.5 16.25 36.5784
180.0 0.0 -2.5 16.25 39.1575
180.0 2.5 -2.5 16.25 36.659200000000006
180.0 5.0 -2.5 16.25 26.938
180.0 7.5 -2.5 16.25 13.5964
180.0 10.0 -2.5 16.25 4.6253
180.0 -5.0 0.0 16.25 45.7337
180.0 -2.5 0.0 16.25 34.2358
180.0 0.0 0.0 16.25 20.833099999999998
180.0 2.5 0.0 16.25 12.9946
180.0 5.0 0.0 16.25 5.9623
180.0 7.5 0.0 16.25 2.0058000000000002
180.0 -5.0 2.5 16.25 31.060900000000004
180.0 -2.5 2.5 16.25 19.7225
180.0 0.0 2.5 16.25 8.201600000000001
180.0 2.5 2.5 16.25 0.187
180.0 5.0 2.5 16.25 -2.0951999999999997
180.0 7.5 2.5 16.25 -0.9333
180.0 -5.0 5.0 16.25 15.893999999999998
180.0 -2.5 5.0 16.25 8.1241
180.0 0.0 5.0 16.25 1.6489
180.0 2.5 5.0 16.25 -2.1315999999999997
180.0 5.0 5.0 16.25 -1.6501
180.0 7.5 5.0 16.25 -0.45139999999999997
180.0 10.0 5.0 16.25 -0.0163
240.0 -5.0 -10.0 3.75 10000000072.572
240.0 -2.5 -10.0 3.75 962626045.5833
240.0 0.0 -10.0 3.75 10000000008.756
240.0 2.5 -10.0 3.75 2182245716.1544003
240.0 5.0 -10.0 3.75 544672.5623999999
240.0 7.5 -10.0 3.75 1380.8687
240.0 10.0 -10.0 3.75 -5.5438
240.0 -5.0 -7.5 3.75 6965411847.841399
240.0 -2.5 -7.5 3.75 4465587868.176499
240.0 0.0 -7.5 3.75 10000000086.9185
240.0 2.5 -7.5 3.75 10000000045.523401
240.0 5.0 -7.5 3.75 117048573.46020001
240.0 7.5 -7.5 3.75 2755.6027
240.0 10.0 -7.5 3.75 -4.1126
240.0 -5.0 -5.0 3.75 9999999930.6774
240.0 -2.5 -5.0 3.75 10000000088.445301
240.0 0.0 -5.0 3.75 10000000046.724201
240.0 2.5 -5.0 3.75 9999999965.1196
240.0 5.0 -5.0 3.75 42860.8884
240.0 7.5 -5.0 3.75 -18.3795
240.0 10.0 -5.0 3.75 -8.8006
240.0 -5.0 -2.5 3.75 6588481444.5464
240.0 -2.5 -2.5 3.75 109262482.83860001
240.0 0.0 -2.5 3.75 524890.9552
240.0 2.5 -2.5 3.75 160.56980000000001
240.0 5.0 -2.5 3.75 -45.3092
240.0 7.5 -2.5 3.75 -32.6796
240.0 10.0 -2.5 3.75 -14.5023
240.0 -5.0 0.0 3.75 10000000006.5074
240.0 -2.5 0.0 3.75 1250224104.7596
240.0 0.0 0.0 3.75 114403909.43349999
240.0 2.5 0.0 3.75 -23.738
240.0 5.0 0.0 3.75 -28.9094
240.0 7.5 0.0 3.75 -23.0961
240.0 10.0 0.0 3.75 -10.9989
240.0 -5.0 2.5 3.75 413712183.1939
240.0 -2.5 2.5 3.75 31826386.558
240.0 0.0 2.5 3.75 810.4555
240.0 2.5 2.5 3.75 -2.3085999999999998
240.0 5.0 2.5 3.75 -4.7145
240.0 7.5 2.5 3.75 -2.9707
240.0 10.0 2.5 3.75 -0.453
240.0 -5.0 5.0 3.75 28087550.6478
240.0 -2.5 5.0 3.75 1342.8947999999998
240.0 0.0 5.0 3.75 1.9620999999999995
240.0 2.5 5.0 3.75 4.3351
240.0 5.0 5.0 3.75 10.2603
240.0 7.5 5.0 3.75 11.8654
240.0 10.0 5.0 3.75 8.1478
240.0 0.0 0.0 5.0 934340.8803
240.0 -2.5 2.5 5.0 10000000032.521
240.0 -2.5 5.0 5.0 4624585.0833
240.0 0.0 0.0 6.25 613589620.085
240.0 -2.5 2.5 6.25 10000000057.166601
240.0 0.0 2.5 6.25 3801767.7904999997
240.0 -5.0 5.0 6.25 53753649.835200004
240.0 -2.5 5.0 6.25 2635658.9386
240.0 2.5 -10.0 7.5 47499550.2366
240.0 -2.5 -7.5 7.5 9999999990.0484
240.0 0.0 -5.0 7.5 9999999911.914701
240.0 0.0 0.0 7.5 3017586.4095
240.0 -2.5 2.5 7.5 287283.1743
240.0 0.0 2.5 7.5 1253.4152
240.0 -5.0 5.0 7.5 9999999741.3547
240.0 -2.5 5.0 7.5 5799.0502
240.0 0.0 5.0 7.5 23.345399999999998
240.0 0.0 -10.0 8.75 9999999826.6422
240.0 2.5 -10.0 8.75 2054992677.6768
240.0 5.0 -10.0 8.75 2845.6754
240.0 -2.5 -7.5 8.75 9999999808.433601
240.0 0.0 -7.5 8.75 12409061.814299999
240.0 2.5 -7.5 8.75 41499.8074
240.0 -2.5 -5.0 8.75 9999999987.3209
240.0 0.0 -5.0 8.75 9999999875.5146
240.0 0.0 -2.5 8.75 60079078.8059
240.0 2.5 -2.5 8.75 9769750.4888
240.0 -2.5 0.0 8.75 406683725.2676
240.0 0.0 0.0 8.75 9999999975.092001
240.0 -2.5 2.5 8.75 76117.3287
240.0 0.0 2.5 8.75 1257946.1102999998
240.0 2.5 2.5 8.75 35.9317
240.0 -5.0 5.0 8.75 107712894.1956
240.0 -2.5 5.0 8.75 174.6269
240.0 0.0 5.0 8.75 11.3413
240.0 0.0 -10.0 10.0 10000000094.2577
240.0 2.5 -10.0 10.0 1699190.1228
240.0 5.0 -10.0 10.0 2457.0663
240.0 -2.5 -7.5 10.0 9999999947.774
240.0 0.0 -7.5 10.0 9999999854.6142
240.0 2.5 -7.5 10.0 48075011.4683
240.0 -2.5 -5.0 10.0 9999999913.124
240.0 0.0 -5.0 10.0 7370805170.7479
240.0 -5.0 -2.5 10.0 9999999899.196901
240.0 -2.5 -2.5 10.0 1304033313.2322
240.0 0.0 -2.5 10.0 10000000003.197401
240.0 2.5 -2.5 10.0 49428342.1979
240.0 -2.5 0.0 10.0 50738230.8029
240.0 0.0 0.0 10.0 7004488.0035
240.0 2.5 0.0 10.0 15441.807299999999
240.0 -5.0 2.5 10.0 131621.5835
240.0 -2.5 2.5 10.0 236017.3772
240.0 0.0 2.5 10.0 997230.1708999999
240.0 2.5 2.5 10.0 88.3388
240.0 -5.0 5.0 10.0 6351.7323
240.0 -2.5 5.0 10.0 0.7812999999999999
240.0 0.0 5.0 10.0 9.6589
240.0 2.5 5.0 10.0 6.8613
240.0 7.5 5.0 10.0 1.4792
240.0 -2.5 -10.0 11.25 584565133.4453001
240.0 0.0 -10.0 11.25 10000000108.158201
240.0 2.5 -10.0 11.25 14021631.8292
240.0 5.0 -10.0 11.25 113.8182
240.0 7.5 -10.0 11.25 -13.6589
240.0 10.0 -10.0 11.25 -7.6569
240.0 -5.0 -7.5 11.25 10000000100.5254
240.0 -2.5 -7.5 11.25 9999999576.855701
240.0 0.0 -7.5 11.25 243284361.91570002
240.0 2.5 -7.5 11.25 522774959.6776
240.0 -2.5 -5.0 11.25 9999999924.3768
240.0 0.0 -5.0 11.25 5544644489.477099
240.0 2.5 -5.0 11.25 3559.3442
240.0 -5.0 -2.5 11.25 9999999940.8463
240.0 -2.5 -2.5 11.25 6231053199.0982
240.0 0.0 -2.5 11.25 4561592.617
240.0 2.5 -2.5 11.25 11092.323199999999
240.0 -5.0 0.0 11.25 31630793.2101
240.0 -2.5 0.0 11.25 389161.173
240.0 0.0 0.0 11.25 1165.8947999999998
240.0 2.5 0.0 11.25 296.9038
240.0 -2.5 2.5 11.25 1728.8966
240.0 0.0 2.5 11.25 56.8616
240.0 2.5 2.5 11.25 -3.5008
240.0 5.0 2.5 11.25 -4.793699999999999
240.0 7.5 2.5 11.25 -0.8031
240.0 -5.0 5.0 11.25 -20.5729
240.0 -2.5 5.0 11.25 3.2046
240.0 0.0 5.0 11.25 8.8697
240.0 2.5 5.0 11.25 5.3342
240.0 7.5 5.0 11.25 0.1734
240.0 -2.5 -10.0 12.5 7835657131.662999
240.0 0.0 -10.0 12.5 1127352.0878
240.0 2.5 -10.0 12.5 582.4239
240.0 5.0 -10.0 12.5 -1.6056
240.0 7.5 -10.0 12.5 -9.2636
240.0 10.0 -10.0 12.5 -5.8323
240.0 -5.0 -7.5 12.5 1485272753.2974
240.0 -2.5 -7.5 12.5 661217886.3799
240.0 0.0 -7.5 12.5 157855.2558
240.0 2.5 -7.5 12.5 185669.5927
240.0 5.0 -7.5 12.5 -38.754
240.0 -5.0 -5.0 12.5 292732746.5818
240.0 -2.5 -5.0 12.5 9999999732.5301
240.0 0.0 -5.0 12.5 281178921.2855
240.0 2.5 -5.0 12.5 103.13439999999999
240.0 5.0 -5.0 12.5 -46.429700000000004
240.0 -5.0 -2.5 12.5 37048959.3548
240.0 -2.5 -2.5 12.5 154475854.23090002
240.0 0.0 -2.5 12.5 766.1016
240.0 2.5 -2.5 12.5 -36.582699999999996
240.0 -5.0 0.0 12.5 78617193.8176
240.0 -2.5 0.0 12.5 38504.0369
240.0 0.0 0.0 12.5 -6.324
240.0 2.5 0.0 12.5 -28.3723
240.0 5.0 0.0 12.5 -17.35
240.0 -5.0 2.5 12.5 52.5062
240.0 -2.5 2.5 12.5 2547.8554
240.0 0.0 2.5 12.5 10.678099999999999
240.0 2.5 2.5 12.5 -3.2688
240.0 5.0 2.5 12.5 -4.173
240.0 7.5 2.5 12.5 -1.0664
240.0 -5.0 5.0 12.5 -20.700400000000002
240.0 -2.5 5.0 12.5 5.4612
240.0 0.0 5.0 12.5 7.604099999999999
240.0 2.5 5.0 12.5 3.7949000000000006
240.0 5.0 5.0 12.5 -0.1828
240.0 7.5 5.0 12.5 -0.5275
240.0 -2.5 -10.0 13.75 4826677039.860499
240.0 0.0 -10.0 13.75 409977278.9383
240.0 2.5 -10.0 13.75 285.3867
240.0 5.0 -10.0 13.75 2.0909999999999997
240.0 7.5 -10.0 13.75 -4.5989
240.0 10.0 -10.0 13.75 -3.9019
240.0 -5.0 -7.5 13.75 64257320.853599995
240.0 -2.5 -7.5 13.75 6085622.918
240.0 0.0 -7.5 13.75 329.4544
240.0 2.5 -7.5 13.75 -4.395800000000001
240.0 5.0 -7.5 13.75 -28.9439
240.0 7.5 -7.5 13.75 -15.280999999999999
240.0 10.0 -7.5 13.75 -6.1314
240.0 -5.0 -5.0 13.75 1409873.2457
240.0 -2.5 -5.0 13.75 329830405.03779995
240.0 0.0 -5.0 13.75 4752.1922
240.0 2.5 -5.0 13.75 -62.587900000000005
240.0 5.0 -5.0 13.75 -36.8318
240.0 -5.0 -2.5 13.75 24107.4142
240.0 -2.5 -2.5 13.75 4129012.5574999996
240.0 0.0 -2.5 13.75 27.0457
240.0 2.5 -2.5 13.75 -34.4237
240.0 -5.0 0.0 13.75 1390.2613000000001
240.0 -2.5 0.0 13.75 137.7783
240.0 0.0 0.0 13.75 -2.6885000000000003
240.0 2.5 0.0 13.75 -16.767400000000002
240.0 5.0 0.0 13.75 -12.4184
240.0 -5.0 2.5 13.75 15.7394
240.0 -2.5 2.5 13.75 47.2166
240.0 0.0 2.5 13.75 10.095600000000001
240.0 2.5 2.5 13.75 -0.6229
240.0 5.0 2.5 13.75 -3.282
240.0 7.5 2.5 13.75 -1.2519
240.0 10.0 2.5 13.75 0.4269
240.0 -5.0 5.0 13.75 -9.8718
240.0 -2.5 5.0 13.75 5.3524
240.0 0.0 5.0 13.75 6.1045
240.0 2.5 5.0 13.75 2.5457
240.0 5.0 5.0 13.75 -0.9902
240.0 7.5 5.0 13.75 -0.8685999999999999
240.0 10.0 5.0 13.75 0.011600000000000001
240.0 -5.0 -10.0 15.0 412333943.66160005
240.0 -2.5 -10.0 15.0 1742183341.8042
240.0 0.0 -10.0 15.0 2058.0276
240.0 2.5 -10.0 15.0 22.014499999999998
240.0 5.0 -10.0 15.0 3.847
240.0 7.5 -10.0 15.0 -1.7357
240.0 10.0 -10.0 15.0 -2.2824999999999998
240.0 -5.0 -7.5 15.0 709090.344
240.0 -2.5 -7.5 15.0 39183.9233
240.0 0.0 -7.5 15.0 -28.2205
240.0 2.5 -7.5 15.0 -30.052999999999997
240.0 5.0 -7.5 15.0 -19.8149
240.0 7.5 -7.5 15.0 -11.186599999999999
240.0 10.0 -7.5 15.0 -4.632099999999999
240.0 -5.0 -5.0 15.0 1716.7367
240.0 -2.5 -5.0 15.0 4936.5806999999995
240.0 0.0 -5.0 15.0 -16.9342
240.0 2.5 -5.0 15.0 -40.0473
240.0 5.0 -5.0 15.0 -26.7004
240.0 10.0 -5.0 15.0 -4.0931
240.0 -5.0 -2.5 15.0 303.6149
240.0 -2.5 -2.5 15.0 279.6441
240.0 0.0 -2.5 15.0 1.8041
240.0 2.5 -2.5 15.0 -21.1299
240.0 5.0 -2.5 15.0 -17.3371
240.0 7.5 -2.5 15.0 -9.130700000000001
240.0 -5.0 0.0 15.0 45.714200000000005
240.0 -2.5 0.0 15.0 28.3453
240.0 0.0 0.0 15.0 4.2019
240.0 2.5 0.0 15.0 -8.2258
240.0 5.0 0.0 15.0 -8.11
240.0 7.5 0.0 15.0 -3.7742
240.0 -5.0 2.5 15.0 17.1007
240.0 -2.5 2.5 15.0 19.5737
240.0 0.0 2.5 15.0 9.206100000000001
240.0 2.5 2.5 15.0 1.6017
240.0 5.0 2.5 15.0 -1.9422
240.0 7.5 2.5 15.0 -1.3365
240.0 10.0 2.5 15.0 0.29159999999999997
240.0 -5.0 5.0 15.0 -2.8036000000000003
240.0 -2.5 5.0 15.0 4.5762
240.0 0.0 5.0 15.0 4.2084
240.0 2.5 5.0 15.0 1.6699
240.0 5.0 5.0 15.0 -1.1648
240.0 7.5 5.0 15.0 -1.0514
240.0 10.0 5.0 15.0 -0.1658
240.0 -5.0 -10.0 16.25 33418029.3048
240.0 -2.5 -10.0 16.25 8216.0539
240.0 0.0 -10.0 16.25 25.683899999999998
240.0 2.5 -10.0 16.25 13.5055
240.0 5.0 -10.0 16.25 4.6269
240.0 7.5 -10.0 16.25 0.06839999999999999
240.0 10.0 -10.0 16.25 -1.3263
240.0 -5.0 -7.5 16.25 195.1447
240.0 -2.5 -7.5 16.25 18.9078
240.0 0.0 -7.5 16.25 -9.8274
240.0 2.5 -7.5 16.25 -15.4294
240.0 5.0 -7.5 16.25 -12.4995
240.0 7.5 -7.5 16.25 -7.7284
240.0 10.0 -7.5 16.25 -3.2864
240.0 -5.0 -5.0 16.25 57.9357
240.0 -2.5 -5.0 16.25 20.6183
240.0 0.0 -5.0 16.25 -12.636700000000001
240.0 2.5 -5.0 16.25 -22.7615
240.0 5.0 -5.0 16.25 -17.7011
240.0 7.5 -5.0 16.25 -9.576
240.0 10.0 -5.0 16.25 -2.7849999999999997
240.0 -5.0 -2.5 16.25 61.200799999999994
240.0 -2.5 -2.5 16.25 37.1715
240.0 0.0 -2.5 16.25 4.3055
240.0 2.5 -2.5 16.25 -11.8123
240.0 5.0 -2.5 16.25 -11.3936
240.0 7.5 -2.5 16.25 -6.4627
240.0 10.0 -2.5 16.25 -0.8725
240.0 -5.0 0.0 16.25 39.9057
240.0 -2.5 0.0 16.25 25.4124
240.0 0.0 0.0 16.25 7.3984000000000005
240.0 2.5 0.0 16.25 -3.1617
240.0 5.0 0.0 16.25 -5.4748
240.0 7.5 0.0 16.25 -2.7533
240.0 -5.0 2.5 16.25 17.2082
240.0 -2.5 2.5 16.25 14.645100000000001
240.0 0.0 2.5 16.25 9.0019
240.0 2.5 2.5 16.25 2.2609
240.0 5.0 2.5 16.25 -1.3981999999999999
240.0 7.5 2.5 16.25 -1.3080999999999998
240.0 10.0 2.5 16.25 0.2072
240.0 -5.0 5.0 16.25 0.4881
240.0 -2.5 5.0 16.25 3.3512999999999997
240.0 0.0 5.0 16.25 3.1898
240.0 2.5 5.0 16.25 0.891
240.0 5.0 5.0 16.25 -1.1552
240.0 7.5 5.0 16.25 -0.7527
240.0 10.0 5.0 16.25 -0.2423
300.0 -5.0 -10.0 3.75 9999999773.421902
300.0 -2.5 -10.0 3.75 9999999932.838701
300.0 0.0 -10.0 3.75 2418972.6341
300.0 2.5 -10.0 3.75 8930572157.1684
300.0 5.0 -10.0 3.75 8848686.258499999
300.0 7.5 -10.0 3.75 354.9584
300.0 10.0 -10.0 3.75 1.6252999999999993
300.0 -5.0 -7.5 3.75 10000000034.3069
300.0 -2.5 -7.5 3.75 857942010.9153
300.0 0.0 -7.5 3.75 172654317.97619998
300.0 2.5 -7.5 3.75 3806628176.3876004
300.0 5.0 -7.5 3.75 201751.75519999999
300.0 7.5 -7.5 3.75 8.8284
300.0 10.0 -7.5 3.75 10.152
300.0 -5.0 -5.0 3.75 9999999890.150702
300.0 -2.5 -5.0 3.75 10000000083.713701
300.0 0.0 -5.0 3.75 1664014948.9939
300.0 2.5 -5.0 3.75 6849299.547900001
300.0 5.0 -5.0 3.75 950.3297
300.0 7.5 -5.0 3.75 23.5262
300.0 10.0 -5.0 3.75 19.2873
300.0 -5.0 -2.5 3.75 137394159.63140002
300.0 -2.5 -2.5 3.75 9999999911.1683
300.0 0.0 -2.5 3.75 6483400.260799999
300.0 2.5 -2.5 3.75 7247.7968
300.0 5.0 -2.5 3.75 33.135799999999996
300.0 7.5 -2.5 3.75 25.337300000000003
300.0 10.0 -2.5 3.75 21.9068
300.0 -5.0 0.0 3.75 6554576384.295601
300.0 -2.5 0.0 3.75 188488347.35889998
300.0 0.0 0.0 3.75 132797453.37249999
300.0 2.5 0.0 3.75 87575.2338
300.0 5.0 0.0 3.75 18.491300000000003
300.0 7.5 0.0 3.75 11.888599999999999
300.0 10.0 0.0 3.75 13.8643
300.0 -5.0 2.5 3.75 9999999883.883902
300.0 -2.5 2.5 3.75 1165599663.888
300.0 0.0 2.5 3.75 5583869365.9366
300.0 2.5 2.5 3.75 89920.3829
300.0 5.0 2.5 3.75 -27.5504
300.0 7.5 2.5 3.75 -11.6306
300.0 10.0 2.5 3.75 1.0734
300.0 -5.0 5.0 3.75 6042991390.4658
300.0 -2.5 5.0 3.75 10000000005.444601
300.0 0.0 5.0 3.75 514653.5908
300.0 2.5 5.0 3.75 -26.106099999999998
300.0 5.0 5.0 3.75 -35.913
300.0 7.5 5.0 3.75 -21.8374
300.0 10.0 5.0 3.75 -6.7374
300.0 -2.5 -2.5 6.25 10000000128.818602
300.0 0.0 -2.5 6.25 458425360.08930004
300.0 2.5 -2.5 6.25 95840.3582
300.0 2.5 -5.0 7.5 299310584.4784
300.0 -2.5 -2.5 7.5 9999999974.741001
300.0 0.0 -2.5 7.5 1046752007.6757001
300.0 0.0 0.0 7.5 2922292.4719000002
300.0 0.0 2.5 7.5 563.8973
300.0 5.0 -10.0 8.75 4472755898.561501
300.0 2.5 -7.5 8.75 10000000087.3132
300.0 5.0 -7.5 8.75 9999999994.0946
300.0 0.0 -5.0 8.75 190447044.3405
300.0 2.5 -5.0 8.75 10000000117.3285
300.0 5.0 -5.0 8.75 7814048.0014
300.0 -5.0 -2.5 8.75 1196508257.5207999
300.0 -2.5 -2.5 8.75 75013933.3018
300.0 0.0 -2.5 8.75 17478851.731599998
300.0 2.5 -2.5 8.75 6166.9395
300.0 -5.0 0.0 8.75 145770847.0349
300.0 0.0 0.0 8.75 13709.7481
300.0 0.0 2.5 8.75 40.5711
300.0 0.0 5.0 8.75 24.6136
300.0 0.0 -10.0 10.0 10000000131.6184
300.0 2.5 -10.0 10.0 378420175.558
300.0 5.0 -10.0 10.0 9999999963.775002
300.0 7.5 -10.0 10.0 10000000090.5827
300.0 10.0 -10.0 10.0 12049.502799999998
300.0 2.5 -7.5 10.0 918044616.3197
300.0 5.0 -7.5 10.0 9742117627.7587
300.0 -5.0 -5.0 10.0 10000000290.2598
300.0 0.0 -5.0 10.0 40482640.5261
300.0 2.5 -5.0 10.0 6418179415.8454
300.0 5.0 -5.0 10.0 63413773.527100004
300.0 -5.0 -2.5 10.0 10000000066.774101
300.0 -2.5 -2.5 10.0 10000000022.3759
300.0 0.0 -2.5 10.0 12791.3532
300.0 2.5 -2.5 10.0 59.5356
300.0 -5.0 0.0 10.0 110505059.5402
300.0 -2.5 0.0 10.0 8752.0087
300.0 0.0 0.0 10.0 15.7836
300.0 2.5 0.0 10.0 16.0775
300.0 0.0 2.5 10.0 -3.2672
300.0 0.0 5.0 10.0 -0.5275999999999998
300.0 2.5 5.0 10.0 -0.7855000000000001
300.0 0.0 -10.0 11.25 9999999996.825401
300.0 2.5 -10.0 11.25 5139953985.108399
300.0 5.0 -10.0 11.25 214362.0619
300.0 7.5 -10.0 11.25 9999999948.097502
300.0 10.0 -10.0 11.25 10.3572
300.0 -2.5 -7.5 11.25 3338210098.8453
300.0 0.0 -7.5 11.25 10000000066.2998
300.0 2.5 -7.5 11.25 34041201.1633
300.0 5.0 -7.5 11.25 4097754.5181
300.0 7.5 -7.5 11.25 5937.1311000000005
300.0 -5.0 -5.0 11.25 9999999905.5203
300.0 -2.5 -5.0 11.25 54866359.1357
300.0 0.0 -5.0 11.25 1580482.2421
300.0 2.5 -5.0 11.25 17238.0731
300.0 5.0 -5.0 11.25 2143.8623
300.0 -5.0 -2.5 11.25 19913164.7819
300.0 -2.5 -2.5 11.25 59115.728200000005
300.0 0.0 -2.5 11.25 115.7572
300.0 2.5 -2.5 11.25 31.7129
300.0 -5.0 0.0 11.25 351520.4365
300.0 -2.5 0.0 11.25 108.0156
300.0 0.0 0.0 11.25 4.2035
300.0 2.5 0.0 11.25 13.7653
300.0 -5.0 2.5 11.25 3544.924
300.0 -2.5 2.5 11.25 -12.8949
300.0 0.0 2.5 11.25 -2.178
300.0 2.5 2.5 11.25 2.9577
300.0 5.0 2.5 11.25 2.1841999999999997
300.0 0.0 5.0 11.25 -1.5219
300.0 2.5 5.0 11.25 -0.3134
300.0 5.0 5.0 11.25 -0.28500000000000003
300.0 7.5 5.0 11.25 -0.44539999999999996
300.0 -2.5 -10.0 12.5 10000000118.263601
300.0 0.0 -10.0 12.5 10000000303.963202
300.0 2.5 -10.0 12.5 10000000011.4528
300.0 5.0 -10.0 12.5 13006.470500000001
300.0 7.5 -10.0 12.5 219.7082
300.0 10.0 -10.0 12.5 -11.7345
300.0 -2.5 -7.5 12.5 5231971.055699999
300.0 0.0 -7.5 12.5 3830138799.933
300.0 2.5 -7.5 12.5 6741410.010799999
300.0 5.0 -7.5 12.5 223.0359
300.0 7.5 -7.5 12.5 -6.5893
300.0 -5.0 -5.0 12.5 9999999931.452301
300.0 -2.5 -5.0 12.5 21385.7813
300.0 0.0 -5.0 12.5 10000000319.2838
300.0 2.5 -5.0 12.5 87.13749999999999
300.0 5.0 -5.0 12.5 16.7215
300.0 -5.0 -2.5 12.5 9704104.6012
300.0 -2.5 -2.5 12.5 113.4304
300.0 0.0 -2.5 12.5 29.6141
300.0 2.5 -2.5 12.5 27.8001
300.0 5.0 -2.5 12.5 13.019400000000001
300.0 -5.0 0.0 12.5 3331.5535
300.0 -2.5 0.0 12.5 -18.2204
300.0 0.0 0.0 12.5 4.0604
300.0 2.5 0.0 12.5 10.6256
300.0 5.0 0.0 12.5 5.4409
300.0 7.5 0.0 12.5 -0.2208
300.0 -5.0 2.5 12.5 14.506299999999996
300.0 -2.5 2.5 12.5 -14.6499
300.0 0.0 2.5 12.5 -2.0283
300.0 2.5 2.5 12.5 1.8302
300.0 5.0 2.5 12.5 1.0534
300.0 7.5 2.5 12.5 -0.8855
300.0 -5.0 5.0 12.5 5.8260000000000005
300.0 -2.5 5.0 12.5 -3.6863
300.0 0.0 5.0 12.5 -1.3533
300.0 2.5 5.0 12.5 -0.08000000000000002
300.0 5.0 5.0 12.5 0.0557
300.0 7.5 5.0 12.5 -0.1256
300.0 -2.5 -10.0 13.75 10000000024.9578
300.0 0.0 -10.0 13.75 903394937.9071
300.0 2.5 -10.0 13.75 2221990.0014
300.0 5.0 -10.0 13.75 13.682699999999999
300.0 7.5 -10.0 13.75 -14.555499999999999
300.0 10.0 -10.0 13.75 -9.930200000000001
300.0 -5.0 -7.5 13.75 1626496.0839
300.0 -2.5 -7.5 13.75 151523474.9788
300.0 0.0 -7.5 13.75 74489.29699999999
300.0 2.5 -7.5 13.75 13937.642
300.0 5.0 -7.5 13.75 10.757900000000001
300.0 7.5 -7.5 13.75 -2.3217000000000003
300.0 -5.0 -5.0 13.75 10000000001.5512
300.0 -2.5 -5.0 13.75 47.736000000000004
300.0 0.0 -5.0 13.75 15793.583900000001
300.0 2.5 -5.0 13.75 40.2904
300.0 5.0 -5.0 13.75 16.2804
300.0 -5.0 -2.5 13.75 201431.9212
300.0 -2.5 -2.5 13.75 0.6148000000000007
300.0 0.0 -2.5 13.75 25.585700000000003
300.0 2.5 -2.5 13.75 23.7482
300.0 5.0 -2.5 13.75 10.1894
300.0 7.5 -2.5 13.75 0.3719
300.0 -5.0 0.0 13.75 -23.6434
300.0 -2.5 0.0 13.75 -11.590499999999999
300.0 0.0 0.0 13.75 2.9348
300.0 2.5 0.0 13.75 7.3572999999999995
300.0 5.0 0.0 13.75 3.297
300.0 7.5 0.0 13.75 -0.8308
300.0 -5.0 2.5 13.75 -17.2909
300.0 -2.5 2.5 13.75 -10.112
300.0 0.0 2.5 13.75 -2.2266000000000004
300.0 2.5 2.5 13.75 0.8877999999999999
300.0 5.0 2.5 13.75 0.24060000000000004
300.0 7.5 2.5 13.75 -0.9881
300.0 10.0 2.5 13.75 -0.3525
300.0 -5.0 5.0 13.75 -3.6778
300.0 -2.5 5.0 13.75 -3.0766999999999998
300.0 0.0 5.0 13.75 -1.1541000000000001
300.0 2.5 5.0 13.75 -0.013200000000000003
300.0 5.0 5.0 13.75 0.054900000000000004
300.0 7.5 5.0 13.75 -0.07719999999999999
300.0 10.0 5.0 13.75 0.0
300.0 -2.5 -10.0 15.0 6489440.556700001
300.0 0.0 -10.0 15.0 74009484.8612
300.0 2.5 -10.0 15.0 76889.95939999999
300.0 5.0 -10.0 15.0 -1.2802000000000002
300.0 7.5 -10.0 15.0 -9.034
300.0 10.0 -10.0 15.0 -7.3606
300.0 -5.0 -7.5 15.0 2242.3899
300.0 -2.5 -7.5 15.0 16477.8612
300.0 0.0 -7.5 15.0 138.144
300.0 2.5 -7.5 15.0 39.0631
300.0 5.0 -7.5 15.0 13.655000000000001
300.0 7.5 -7.5 15.0 0.5055
300.0 10.0 -7.5 15.0 -2.2628
300.0 -5.0 -5.0 15.0 1280.6099
300.0 -2.5 -5.0 15.0 18.7001
300.0 0.0 -5.0 15.0 43.5297
300.0 2.5 -5.0 15.0 31.822499999999998
300.0 5.0 -5.0 15.0 15.4204
300.0 7.5 -5.0 15.0 2.1053
300.0 -5.0 -2.5 15.0 22.6206
300.0 -2.5 -2.5 15.0 4.6452
300.0 0.0 -2.5 15.0 19.2866
300.0 2.5 -2.5 15.0 18.2821
300.0 5.0 -2.5 15.0 7.9863
300.0 7.5 -2.5 15.0 -0.03319999999999999
300.0 10.0 -2.5 15.0 -1.6758
300.0 -5.0 0.0 15.0 -8.9927
300.0 -2.5 0.0 15.0 -5.9947
300.0 0.0 0.0 15.0 1.8396999999999997
300.0 2.5 0.0 15.0 4.9673
300.0 5.0 0.0 15.0 1.9544000000000001
300.0 7.5 0.0 15.0 -0.7127
300.0 10.0 0.0 15.0 -1.1703000000000001
300.0 -5.0 2.5 15.0 -7.8208
300.0 -2.5 2.5 15.0 -5.8329
300.0 0.0 2.5 15.0 -0.8899999999999999
300.0 2.5 2.5 15.0 0.5763
300.0 5.0 2.5 15.0 0.346
300.0 7.5 2.5 15.0 -0.6682
300.0 10.0 2.5 15.0 -0.1779
300.0 -5.0 5.0 15.0 -0.00990000000000002
300.0 -2.5 5.0 15.0 -1.6532
300.0 0.0 5.0 15.0 -0.6924
300.0 2.5 5.0 15.0 0.1212
300.0 5.0 5.0 15.0 -0.16949999999999998
300.0 7.5 5.0 15.0 -0.0177
300.0 10.0 5.0 15.0 0.0
300.0 -5.0 -10.0 16.25 198833399.6124
300.0 -2.5 -10.0 16.25 275802745.0209
300.0 0.0 -10.0 16.25 751.1301
300.0 2.5 -10.0 16.25 28.040599999999998
300.0 5.0 -10.0 16.25 1.1412
300.0 7.5 -10.0 16.25 -5.2866
300.0 10.0 -10.0 16.25 -4.7415
300.0 -5.0 -7.5 16.25 397.98609999999996
300.0 -2.5 -7.5 16.25 5238.8327
300.0 0.0 -7.5 16.25 37.6205
300.0 2.5 -7.5 16.25 29.488599999999998
300.0 5.0 -7.5 16.25 13.135
300.0 7.5 -7.5 16.25 2.5151
300.0 10.0 -7.5 16.25 -1.2337
300.0 -5.0 -5.0 16.25 5.186999999999999
300.0 -2.5 -5.0 16.25 20.0793
300.0 0.0 -5.0 16.25 29.4876
300.0 2.5 -5.0 16.25 25.032500000000002
300.0 5.0 -5.0 16.25 12.5067
300.0 7.5 -5.0 16.25 2.2071
300.0 10.0 -5.0 16.25 -1.1516
300.0 -5.0 -2.5 16.25 -3.1135
300.0 -2.5 -2.5 16.25 6.6224
300.0 0.0 -2.5 16.25 14.6613
300.0 2.5 -2.5 16.25 13.5789
300.0 5.0 -2.5 16.25 5.8559
300.0 7.5 -2.5 16.25 0.3241
300.0 10.0 -2.5 16.25 -1.2588000000000001
300.0 -5.0 0.0 16.25 -2.9865999999999997
300.0 -2.5 0.0 16.25 -2.6307
300.0 0.0 0.0 16.25 1.3879000000000001
300.0 2.5 0.0 16.25 3.3284000000000002
300.0 5.0 0.0 16.25 0.9858
300.0 7.5 0.0 16.25 -0.7221
300.0 10.0 0.0 16.25 -0.7180000000000001
300.0 -5.0 2.5 16.25 -1.3396
300.0 -2.5 2.5 16.25 -2.4583
300.0 0.0 2.5 16.25 -0.1648
300.0 2.5 2.5 16.25 0.8797
300.0 5.0 2.5 16.25 0.2183
300.0 7.5 2.5 16.25 -0.22060000000000002
300.0 10.0 2.5 16.25 -0.0277
300.0 -5.0 5.0 16.25 1.2402
300.0 -2.5 5.0 16.25 -0.7059
300.0 0.0 5.0 16.25 -0.2298
300.0 2.5 5.0 16.25 0.14500000000000002
300.0 5.0 5.0 16.25 -0.036899999999999995
300.0 7.5 5.0 16.25 -0.0013
300.0 10.0 5.0 16.25 0.0
