0.0 0.0 2.5 5.0 56590426.4663
0.0 2.5 2.5 5.0 122823.2222
0.0 0.0 5.0 5.0 1766649799.6950002
0.0 2.5 0.0 6.25 10000000045.8831
0.0 0.0 2.5 6.25 1536137.2178
0.0 0.0 5.0 6.25 864151000.9986
0.0 0.0 0.0 7.5 10000000120.3339
0.0 2.5 0.0 7.5 236725.0865
0.0 0.0 2.5 7.5 79368.4563
0.0 0.0 5.0 7.5 9999999879.6415
0.0 0.0 -5.0 8.75 8084.8378999999995
0.0 5.0 -5.0 8.75 12.3492
0.0 -2.5 -2.5 8.75 3646772.8721999996
0.0 0.0 -2.5 8.75 9999999987.149302
0.0 -2.5 0.0 8.75 2743158228.7741
0.0 0.0 0.0 8.75 10000000026.9148
0.0 2.5 0.0 8.75 680801.4096
0.0 0.0 2.5 8.75 5621343637.2234
0.0 2.5 2.5 8.75 5291.0071
0.0 0.0 5.0 8.75 102797930.6139
0.0 2.5 5.0 8.75 79186.81809999999
0.0 5.0 -7.5 10.0 37.3286
0.0 7.5 -7.5 10.0 3.5387999999999997
0.0 -2.5 -5.0 10.0 168023383.94079998
0.0 0.0 -5.0 10.0 722.6664000000001
0.0 2.5 -5.0 10.0 62.857200000000006
0.0 5.0 -5.0 10.0 5.8603000000000005
0.0 7.5 -5.0 10.0 3.7335000000000003
0.0 -2.5 -2.5 10.0 6297550.0671
0.0 0.0 -2.5 10.0 1588.2283
0.0 2.5 -2.5 10.0 385.6681
0.0 5.0 -2.5 10.0 1.8934
0.0 -2.5 0.0 10.0 9999999945.7803
0.0 0.0 0.0 10.0 45951.0389
0.0 2.5 0.0 10.0 631056.2223
0.0 0.0 2.5 10.0 6054998959.9568
0.0 2.5 2.5 10.0 29669.6411
0.0 0.0 5.0 10.0 9999999950.066502
0.0 2.5 5.0 10.0 8257525.6973
0.0 2.5 -10.0 11.25 450083409.92649996
0.0 5.0 -10.0 11.25 29071.6989
0.0 10.0 -10.0 11.25 1.0511
0.0 2.5 -7.5 11.25 11.842899999999998
0.0 5.0 -7.5 11.25 0.37639999999999985
0.0 7.5 -7.5 11.25 1.3384999999999998
0.0 0.0 -5.0 11.25 64.6001
0.0 2.5 -5.0 11.25 -7.0533
0.0 5.0 -5.0 11.25 1.2226
0.0 -5.0 -2.5 11.25 249305019.1666
0.0 -2.5 -2.5 11.25 218381725.0988
0.0 0.0 -2.5 11.25 736.9639
0.0 2.5 -2.5 11.25 -15.2886
0.0 5.0 -2.5 11.25 -1.4134
0.0 -5.0 0.0 11.25 9999999718.055601
0.0 -2.5 0.0 11.25 296202783.3097
0.0 0.0 0.0 11.25 49525.7987
0.0 2.5 0.0 11.25 -9.807599999999999
0.0 0.0 2.5 11.25 10000000293.569801
0.0 2.5 2.5 11.25 520305464.1587
0.0 0.0 5.0 11.25 219999545.23929998
0.0 2.5 5.0 11.25 9054750.1096
0.0 -2.5 -10.0 12.5 407836814.4884
0.0 2.5 -10.0 12.5 195073202.9341
0.0 5.0 -10.0 12.5 3907.0712000000003
0.0 7.5 -10.0 12.5 -2.0088
0.0 10.0 -10.0 12.5 0.3609
0.0 -5.0 -7.5 12.5 9999999939.44
0.0 0.0 -7.5 12.5 15173249.4126
0.0 2.5 -7.5 12.5 9.482800000000001
0.0 5.0 -7.5 12.5 -3.2375
0.0 7.5 -7.5 12.5 0.060899999999999954
0.0 10.0 -7.5 12.5 0.6727
0.0 -2.5 -5.0 12.5 248902741.8443
0.0 0.0 -5.0 12.5 131.0891
0.0 2.5 -5.0 12.5 -9.48
0.0 5.0 -5.0 12.5 -1.2264
0.0 -2.5 -2.5 12.5 111808731.0573
0.0 0.0 -2.5 12.5 28.327699999999997
0.0 2.5 -2.5 12.5 -15.2832
0.0 5.0 -2.5 12.5 -2.7796000000000003
0.0 -5.0 0.0 12.5 9999999865.6082
0.0 -2.5 0.0 12.5 198680187.7316
0.0 0.0 0.0 12.5 95065.1039
0.0 2.5 0.0 12.5 -20.474400000000003
0.0 5.0 0.0 12.5 -3.3928
0.0 -2.5 2.5 12.5 829059277.1334
0.0 0.0 2.5 12.5 3758954.8724
0.0 2.5 2.5 12.5 3660.7358
0.0 7.5 2.5 12.5 0.09249999999999997
0.0 0.0 5.0 12.5 11615433.4146
0.0 2.5 5.0 12.5 110189978.23650001
0.0 5.0 5.0 12.5 23924.4647
0.0 -2.5 -10.0 13.75 370386815.8151
0.0 0.0 -10.0 13.75 107300688.82589999
0.0 2.5 -10.0 13.75 55356.6379
0.0 5.0 -10.0 13.75 -4.0013000000000005
0.0 7.5 -10.0 13.75 -1.9740000000000002
0.0 10.0 -10.0 13.75 -0.1498
0.0 -5.0 -7.5 13.75 9999999959.4067
0.0 -2.5 -7.5 13.75 231221.2231
0.0 0.0 -7.5 13.75 148720595.6238
0.0 2.5 -7.5 13.75 -5.1686
0.0 5.0 -7.5 13.75 -5.0029
0.0 7.5 -7.5 13.75 -0.3034
0.0 10.0 -7.5 13.75 -0.11810000000000001
0.0 -2.5 -5.0 13.75 120497.3583
0.0 0.0 -5.0 13.75 425.02509999999995
0.0 2.5 -5.0 13.75 -8.9768
0.0 5.0 -5.0 13.75 -1.9682
0.0 7.5 -5.0 13.75 -0.5968
0.0 -5.0 -2.5 13.75 24853425.2615
0.0 -2.5 -2.5 13.75 16662.1099
0.0 0.0 -2.5 13.75 -18.5373
0.0 2.5 -2.5 13.75 -11.832999999999998
0.0 5.0 -2.5 13.75 -2.2152000000000003
0.0 7.5 -2.5 13.75 -0.8025
0.0 -5.0 0.0 13.75 9999999919.127401
0.0 -2.5 0.0 13.75 9999999952.4661
0.0 0.0 0.0 13.75 24362656.3654
0.0 2.5 0.0 13.75 -12.3034
0.0 5.0 0.0 13.75 -2.5284
0.0 7.5 0.0 13.75 -0.31279999999999997
0.0 10.0 0.0 13.75 -0.2703
0.0 -5.0 2.5 13.75 10000000012.3934
0.0 -2.5 2.5 13.75 1601710804.7725
0.0 0.0 2.5 13.75 9999999982.8433
0.0 2.5 2.5 13.75 6301.0607
0.0 5.0 2.5 13.75 5.4296
0.0 7.5 2.5 13.75 1.1535
0.0 -2.5 5.0 13.75 39637135.5349
0.0 0.0 5.0 13.75 230841653.973
0.0 2.5 5.0 13.75 413126710.3262
0.0 5.0 5.0 13.75 55.9756
0.0 7.5 5.0 13.75 4.6494
0.0 10.0 5.0 13.75 0.5875
0.0 -5.0 -10.0 15.0 13734.4605
0.0 -2.5 -10.0 15.0 110230.7317
0.0 0.0 -10.0 15.0 181.0107
0.0 2.5 -10.0 15.0 -8.1289
0.0 5.0 -10.0 15.0 -6.823
0.0 7.5 -10.0 15.0 -1.7038000000000002
0.0 10.0 -10.0 15.0 -0.6277
0.0 -5.0 -7.5 15.0 4367.526800000001
0.0 -2.5 -7.5 15.0 224.9923
0.0 0.0 -7.5 15.0 1129104.1006999998
0.0 2.5 -7.5 15.0 -6.4341
0.0 5.0 -7.5 15.0 -4.180400000000001
0.0 7.5 -7.5 15.0 -0.4741
0.0 10.0 -7.5 15.0 -0.3064
0.0 -5.0 -5.0 15.0 12426017.587
0.0 -2.5 -5.0 15.0 1522.5491000000002
0.0 0.0 -5.0 15.0 66.0549
0.0 2.5 -5.0 15.0 -7.031599999999999
0.0 5.0 -5.0 15.0 -1.9207
0.0 7.5 -5.0 15.0 -0.7596999999999999
0.0 10.0 -5.0 15.0 0.1005
0.0 -5.0 -2.5 15.0 10273.684
0.0 -2.5 -2.5 15.0 1.5594000000000001
0.0 0.0 -2.5 15.0 -22.6209
0.0 2.5 -2.5 15.0 -7.8151
0.0 5.0 -2.5 15.0 -1.4241
0.0 7.5 -2.5 15.0 -0.7797000000000001
0.0 10.0 -2.5 15.0 -0.0502
0.0 -5.0 0.0 15.0 9999999933.321901
0.0 -2.5 0.0 15.0 10356602.7997
0.0 0.0 0.0 15.0 124.4878
0.0 2.5 0.0 15.0 -6.150600000000001
0.0 5.0 0.0 15.0 -0.19189999999999996
0.0 7.5 0.0 15.0 0.3093
0.0 10.0 0.0 15.0 -0.3454
0.0 -5.0 2.5 15.0 329634215.31769997
0.0 -2.5 2.5 15.0 120209094.93789999
0.0 0.0 2.5 15.0 10000000031.7171
0.0 2.5 2.5 15.0 218.98129999999998
0.0 5.0 2.5 15.0 4.6762999999999995
0.0 7.5 2.5 15.0 2.2112000000000003
0.0 10.0 2.5 15.0 0.3781
0.0 -5.0 5.0 15.0 1318720784.9584
0.0 -2.5 5.0 15.0 41689551.1263
0.0 0.0 5.0 15.0 127854.7908
0.0 2.5 5.0 15.0 5487.6242
0.0 5.0 5.0 15.0 17.8628
0.0 7.5 5.0 15.0 5.275
0.0 10.0 5.0 15.0 1.133
0.0 -5.0 -10.0 16.25 3143.8196
0.0 -2.5 -10.0 16.25 7.869200000000001
0.0 0.0 -10.0 16.25 -12.2425
0.0 2.5 -10.0 16.25 -8.1105
0.0 5.0 -10.0 16.25 -4.1395
0.0 7.5 -10.0 16.25 -1.4516
0.0 10.0 -10.0 16.25 -0.6758000000000001
0.0 -5.0 -7.5 16.25 4807.9225
0.0 -2.5 -7.5 16.25 -14.8637
0.0 0.0 -7.5 16.25 15.7242
0.0 2.5 -7.5 16.25 -6.3439
0.0 5.0 -7.5 16.25 -2.423
0.0 7.5 -7.5 16.25 -0.8768
0.0 10.0 -7.5 16.25 -0.3097
0.0 -5.0 -5.0 16.25 4076755.6944
0.0 -2.5 -5.0 16.25 -16.194499999999998
0.0 0.0 -5.0 16.25 -10.248199999999999
0.0 2.5 -5.0 16.25 -4.0568
0.0 5.0 -5.0 16.25 -1.3433
0.0 7.5 -5.0 16.25 -0.7999
0.0 10.0 -5.0 16.25 0.019899999999999998
0.0 -5.0 -2.5 16.25 153.4825
0.0 -2.5 -2.5 16.25 -28.9502
0.0 0.0 -2.5 16.25 -13.8247
0.0 2.5 -2.5 16.25 -2.9336
0.0 5.0 -2.5 16.25 -0.5567
0.0 7.5 -2.5 16.25 -0.2743
0.0 10.0 -2.5 16.25 -0.0623
0.0 -5.0 0.0 16.25 53863.6168
0.0 -2.5 0.0 16.25 772.9045
0.0 0.0 0.0 16.25 -13.3083
0.0 2.5 0.0 16.25 -0.8212999999999999
0.0 5.0 0.0 16.25 1.7806
0.0 7.5 0.0 16.25 0.6374
0.0 10.0 0.0 16.25 -0.185
0.0 -5.0 2.5 16.25 41083864.2582
0.0 -2.5 2.5 16.25 1911942.7569
0.0 0.0 2.5 16.25 337.92830000000004
0.0 2.5 2.5 16.25 10.370999999999999
0.0 5.0 2.5 16.25 6.0856
0.0 7.5 2.5 16.25 2.3115
0.0 10.0 2.5 16.25 0.43889999999999996
0.0 -5.0 5.0 16.25 41631528.229899995
0.0 -2.5 5.0 16.25 192793.2259
0.0 0.0 5.0 16.25 935.2034
0.0 2.5 5.0 16.25 35.6619
0.0 5.0 5.0 16.25 12.5332
0.0 7.5 5.0 16.25 4.6227
0.0 10.0 5.0 16.25 1.102
60.0 -5.0 -10.0 3.75 10000000136.8293
60.0 -2.5 -10.0 3.75 10000000335.864601
60.0 0.0 -10.0 3.75 2980565337.9318
60.0 2.5 -10.0 3.75 10000000000.870901
60.0 5.0 -10.0 3.75 9999999975.916601
60.0 7.5 -10.0 3.75 1188.6294
60.0 10.0 -10.0 3.75 -0.9037000000000002
60.0 -5.0 -7.5 3.75 9999999909.573301
60.0 -2.5 -7.5 3.75 9999999826.891
60.0 0.0 -7.5 3.75 10000000175.1506
60.0 2.5 -7.5 3.75 66969659.7096
60.0 5.0 -7.5 3.75 612272.8528999999
60.0 7.5 -7.5 3.75 104.9729
60.0 10.0 -7.5 3.75 2.7084
60.0 -5.0 -5.0 3.75 10000000352.640001
60.0 -2.5 -5.0 3.75 5569833546.3712
60.0 0.0 -5.0 3.75 20936615.267699998
60.0 2.5 -5.0 3.75 1084.198
60.0 5.0 -5.0 3.75 -23.3733
60.0 7.5 -5.0 3.75 -1.2168
60.0 10.0 -5.0 3.75 5.1616
60.0 -5.0 -2.5 3.75 9999999888.2731
60.0 -2.5 -2.5 3.75 3238899473.612
60.0 0.0 -2.5 3.75 121299627.3027
60.0 2.5 -2.5 3.75 2.0545000000000044
60.0 5.0 -2.5 3.75 -15.293199999999999
60.0 7.5 -2.5 3.75 0.9046000000000001
60.0 10.0 -2.5 3.75 5.855600000000001
60.0 -5.0 0.0 3.75 9999999878.251701
60.0 -2.5 0.0 3.75 6559621960.2407
60.0 0.0 0.0 3.75 9999999974.595201
60.0 2.5 0.0 3.75 940909.6289
60.0 5.0 0.0 3.75 -9.5756
60.0 7.5 0.0 3.75 0.8985000000000001
60.0 10.0 0.0 3.75 3.9955999999999996
60.0 -5.0 2.5 3.75 10000000120.8808
60.0 -2.5 2.5 3.75 10000000023.331001
60.0 0.0 2.5 3.75 1276975701.4103
60.0 2.5 2.5 3.75 4575.6057
60.0 5.0 2.5 3.75 -9.0912
60.0 7.5 2.5 3.75 -1.7284
60.0 10.0 2.5 3.75 0.0946
60.0 -5.0 5.0 3.75 6119322960.4751
60.0 -2.5 5.0 3.75 10000000286.019901
60.0 0.0 5.0 3.75 1423553587.0108
60.0 2.5 5.0 3.75 2720663.7555000004
60.0 5.0 5.0 3.75 4.3164
60.0 7.5 5.0 3.75 -6.4444
60.0 10.0 5.0 3.75 -3.1452999999999998
60.0 0.0 -2.5 6.25 17292.2516
60.0 0.0 2.5 6.25 49660906.3762
60.0 5.0 -7.5 7.5 3443.9269
60.0 0.0 -5.0 7.5 6617.2984
60.0 0.0 -2.5 7.5 14772.3041
60.0 -2.5 0.0 7.5 9999999893.7604
60.0 0.0 0.0 7.5 2505974176.8801003
60.0 -2.5 2.5 7.5 2536216365.344
60.0 0.0 2.5 7.5 9999999968.804
60.0 0.0 -7.5 8.75 10000000056.956202
60.0 0.0 -5.0 8.75 13411552.358000001
60.0 2.5 -5.0 8.75 14.8113
60.0 0.0 -2.5 8.75 101.49270000000001
60.0 -2.5 0.0 8.75 1886593090.2084
60.0 0.0 0.0 8.75 324614987.362
60.0 -2.5 2.5 8.75 9999999953.009901
60.0 0.0 2.5 8.75 621565914.0469
60.0 2.5 2.5 8.75 1406.3824
60.0 -5.0 5.0 8.75 9534837014.2828
60.0 -2.5 5.0 8.75 9999999874.9685
60.0 0.0 5.0 8.75 2782279.9719
60.0 0.0 -10.0 10.0 10000000059.5273
60.0 0.0 -7.5 10.0 9999999972.573301
60.0 2.5 -7.5 10.0 47837311.5801
60.0 5.0 -7.5 10.0 -3.6330999999999998
60.0 0.0 -5.0 10.0 67735973.7411
60.0 2.5 -5.0 10.0 477.17060000000004
60.0 0.0 -2.5 10.0 -45.2256
60.0 -2.5 0.0 10.0 94853012.4553
60.0 0.0 0.0 10.0 15856.3551
60.0 -5.0 2.5 10.0 9999999784.457
60.0 -2.5 2.5 10.0 154409667.9307
60.0 0.0 2.5 10.0 1035720.2617
60.0 2.5 2.5 10.0 -48.951499999999996
60.0 -2.5 5.0 10.0 9999999901.2464
60.0 0.0 5.0 10.0 18322230.7315
60.0 2.5 5.0 10.0 275.29409999999996
60.0 0.0 -10.0 11.25 332539647.7431
60.0 7.5 -10.0 11.25 -1.9397
60.0 10.0 -10.0 11.25 -0.04459999999999997
60.0 -2.5 -7.5 11.25 1113285.6141
60.0 0.0 -7.5 11.25 1037955795.1413
60.0 2.5 -7.5 11.25 220763.32809999998
60.0 5.0 -7.5 11.25 -3.0401000000000002
60.0 7.5 -7.5 11.25 0.4646999999999999
60.0 10.0 -7.5 11.25 0.11410000000000001
60.0 0.0 -5.0 11.25 33924651.3421
60.0 2.5 -5.0 11.25 3262.7859000000003
60.0 0.0 -2.5 11.25 562.2419
60.0 -2.5 0.0 11.25 3130.4302
60.0 0.0 0.0 11.25 -74.4719
60.0 2.5 0.0 11.25 -39.7838
60.0 -5.0 2.5 11.25 9999999853.826801
60.0 -2.5 2.5 11.25 3238911.756
60.0 0.0 2.5 11.25 6325.2349
60.0 2.5 2.5 11.25 -74.2418
60.0 -5.0 5.0 11.25 10000000010.020401
60.0 -2.5 5.0 11.25 806156114.858
60.0 0.0 5.0 11.25 1034730.8829000001
60.0 2.5 5.0 11.25 -80.5826
60.0 5.0 5.0 11.25 -35.9351
60.0 0.0 -10.0 12.5 470953.3578
60.0 2.5 -10.0 12.5 2729.9113
60.0 5.0 -10.0 12.5 -6.1348
60.0 7.5 -10.0 12.5 -2.2018
60.0 10.0 -10.0 12.5 -0.707
60.0 -2.5 -7.5 12.5 45475.822
60.0 0.0 -7.5 12.5 17341707.1087
60.0 2.5 -7.5 12.5 8911.7685
60.0 5.0 -7.5 12.5 -2.5777
60.0 7.5 -7.5 12.5 -0.253
60.0 10.0 -7.5 12.5 -0.1113
60.0 -5.0 -5.0 12.5 221918284.7606
60.0 -2.5 -5.0 12.5 7550195.345199999
60.0 0.0 -5.0 12.5 3613399.498
60.0 2.5 -5.0 12.5 1375.5297
60.0 -2.5 -2.5 12.5 3466.398
60.0 0.0 -2.5 12.5 172.16129999999998
60.0 5.0 -2.5 12.5 -6.4274000000000004
60.0 -5.0 0.0 12.5 7891982.1946
60.0 -2.5 0.0 12.5 8009.2654
60.0 0.0 0.0 12.5 -62.2611
60.0 2.5 0.0 12.5 -35.4175
60.0 -5.0 2.5 12.5 54073652.591400005
60.0 -2.5 2.5 12.5 9999999883.874401
60.0 0.0 2.5 12.5 45401.078400000006
60.0 2.5 2.5 12.5 -63.6643
60.0 -5.0 5.0 12.5 76634108.56860001
60.0 -2.5 5.0 12.5 9999999818.2402
60.0 0.0 5.0 12.5 9999999797.419601
60.0 2.5 5.0 12.5 -84.7845
60.0 5.0 5.0 12.5 -34.8026
60.0 -2.5 -10.0 13.75 9999999985.878
60.0 0.0 -10.0 13.75 9999999965.8586
60.0 2.5 -10.0 13.75 -1.15
60.0 5.0 -10.0 13.75 -4.3614
60.0 7.5 -10.0 13.75 -1.5039
60.0 10.0 -10.0 13.75 -0.768
60.0 -2.5 -7.5 13.75 458.57140000000004
60.0 0.0 -7.5 13.75 398.4573
60.0 2.5 -7.5 13.75 854.3143
60.0 5.0 -7.5 13.75 -1.7301
60.0 7.5 -7.5 13.75 -0.2748
60.0 10.0 -7.5 13.75 0.028700000000000003
60.0 -5.0 -5.0 13.75 129241849.9769
60.0 -2.5 -5.0 13.75 2688.8535
60.0 0.0 -5.0 13.75 15968.2955
60.0 2.5 -5.0 13.75 -2.0321
60.0 5.0 -5.0 13.75 -1.5675
60.0 7.5 -5.0 13.75 0.6095999999999999
60.0 10.0 -5.0 13.75 0.1509
60.0 -5.0 -2.5 13.75 16127595.1545
60.0 -2.5 -2.5 13.75 15467.4125
60.0 0.0 -2.5 13.75 -28.5693
60.0 2.5 -2.5 13.75 -14.805100000000001
60.0 5.0 -2.5 13.75 -6.118399999999999
60.0 7.5 -2.5 13.75 -0.27499999999999997
60.0 -5.0 0.0 13.75 554230554.3845999
60.0 -2.5 0.0 13.75 92.6576
60.0 0.0 0.0 13.75 -43.4987
60.0 2.5 0.0 13.75 -28.886400000000002
60.0 5.0 0.0 13.75 -14.469800000000001
60.0 -5.0 2.5 13.75 96213554.53480001
60.0 -2.5 2.5 13.75 9999999946.4878
60.0 0.0 2.5 13.75 17009.5387
60.0 2.5 2.5 13.75 -48.8809
60.0 -5.0 5.0 13.75 607000753.7416
60.0 -2.5 5.0 13.75 9999999931.1583
60.0 0.0 5.0 13.75 312088672.024
60.0 2.5 5.0 13.75 -58.9644
60.0 5.0 5.0 13.75 -29.261999999999997
60.0 -5.0 -10.0 15.0 78380924.3136
60.0 -2.5 -10.0 15.0 2711155.6921
60.0 0.0 -10.0 15.0 403.2623
60.0 2.5 -10.0 15.0 -6.4963
60.0 5.0 -10.0 15.0 -3.3424
60.0 7.5 -10.0 15.0 -1.6220999999999999
60.0 10.0 -10.0 15.0 -0.35109999999999997
60.0 -5.0 -7.5 15.0 3755.7662
60.0 -2.5 -7.5 15.0 -1.0953999999999997
60.0 0.0 -7.5 15.0 -10.694600000000001
60.0 2.5 -7.5 15.0 -4.1257
60.0 5.0 -7.5 15.0 -1.5579
60.0 7.5 -7.5 15.0 -0.119
60.0 10.0 -7.5 15.0 -0.1419
60.0 -5.0 -5.0 15.0 152494.2204
60.0 -2.5 -5.0 15.0 15.761699999999998
60.0 0.0 -5.0 15.0 -6.9309
60.0 2.5 -5.0 15.0 -4.8812
60.0 5.0 -5.0 15.0 -1.3052
60.0 7.5 -5.0 15.0 0.5337999999999999
60.0 10.0 -5.0 15.0 0.0264
60.0 -5.0 -2.5 15.0 356951.8419
60.0 -2.5 -2.5 15.0 21.967
60.0 0.0 -2.5 15.0 -15.082799999999999
60.0 2.5 -2.5 15.0 -10.9073
60.0 5.0 -2.5 15.0 -4.6357
60.0 7.5 -2.5 15.0 -0.1176
60.0 10.0 -2.5 15.0 0.1754
60.0 -5.0 0.0 15.0 2957827387.7117
60.0 -2.5 0.0 15.0 71.7478
60.0 0.0 0.0 15.0 -25.9083
60.0 2.5 0.0 15.0 -20.9785
60.0 5.0 0.0 15.0 -10.730599999999999
60.0 7.5 0.0 15.0 -2.8723
60.0 10.0 0.0 15.0 -0.0757
60.0 -5.0 2.5 15.0 251073922.2123
60.0 -2.5 2.5 15.0 158276797.1377
60.0 0.0 2.5 15.0 9999999970.022501
60.0 2.5 2.5 15.0 -34.47
60.0 5.0 2.5 15.0 -18.8901
60.0 7.5 2.5 15.0 -6.4732
60.0 10.0 2.5 15.0 -0.8995
60.0 -5.0 5.0 15.0 9999999929.949701
60.0 -2.5 5.0 15.0 8151067.4309
60.0 0.0 5.0 15.0 42682.4468
60.0 2.5 5.0 15.0 -41.2143
60.0 5.0 5.0 15.0 -22.128300000000003
60.0 -5.0 -10.0 16.25 20879312.6993
60.0 -2.5 -10.0 16.25 39.8981
60.0 0.0 -10.0 16.25 -6.4282
60.0 2.5 -10.0 16.25 -4.4851
60.0 5.0 -10.0 16.25 -2.0848
60.0 7.5 -10.0 16.25 -0.5772999999999999
60.0 10.0 -10.0 16.25 -0.4949
60.0 -5.0 -7.5 16.25 161.2647
60.0 -2.5 -7.5 16.25 -6.5656
60.0 0.0 -7.5 16.25 -6.714599999999999
60.0 2.5 -7.5 16.25 -3.1397000000000004
60.0 5.0 -7.5 16.25 -0.6687000000000001
60.0 7.5 -7.5 16.25 -0.0348
60.0 10.0 -7.5 16.25 -0.31
60.0 -5.0 -5.0 16.25 27.7092
60.0 -2.5 -5.0 16.25 0.36019999999999985
60.0 0.0 -5.0 16.25 -4.6545000000000005
60.0 2.5 -5.0 16.25 -3.41
60.0 5.0 -5.0 16.25 -0.5845
60.0 7.5 -5.0 16.25 0.1473
60.0 10.0 -5.0 16.25 -0.0819
60.0 -5.0 -2.5 16.25 18277.611399999998
60.0 -2.5 -2.5 16.25 5.5247
60.0 0.0 -2.5 16.25 -5.5291999999999994
60.0 2.5 -2.5 16.25 -6.8442
60.0 5.0 -2.5 16.25 -2.4593000000000003
60.0 7.5 -2.5 16.25 -0.0058
60.0 10.0 -2.5 16.25 0.07239999999999999
60.0 -5.0 0.0 16.25 2087.8566
60.0 -2.5 0.0 16.25 22.096899999999998
60.0 0.0 0.0 16.25 -13.2205
60.0 2.5 0.0 16.25 -13.5689
60.0 5.0 0.0 16.25 -7.1935
60.0 7.5 0.0 16.25 -1.6244
60.0 10.0 0.0 16.25 0.015099999999999999
60.0 -5.0 2.5 16.25 129227250.8807
60.0 -2.5 2.5 16.25 34297587.5674
60.0 0.0 2.5 16.25 481.141
60.0 2.5 2.5 16.25 -22.1366
60.0 5.0 2.5 16.25 -12.704099999999999
60.0 7.5 2.5 16.25 -4.0757
60.0 10.0 2.5 16.25 -0.4229
60.0 -5.0 5.0 16.25 10000000045.2942
60.0 -2.5 5.0 16.25 1738213.1478
60.0 0.0 5.0 16.25 1750.0123999999998
60.0 2.5 5.0 16.25 -26.7448
60.0 5.0 5.0 16.25 -15.005799999999999
60.0 7.5 5.0 16.25 -5.5575
60.0 10.0 5.0 16.25 -0.9272
120.0 -5.0 -10.0 3.75 10000000080.5449
120.0 -2.5 -10.0 3.75 9999999944.244202
120.0 0.0 -10.0 3.75 10000000217.093401
120.0 2.5 -10.0 3.75 1493134795.0196
120.0 5.0 -10.0 3.75 2854567326.0282
120.0 7.5 -10.0 3.75 -22.5307
120.0 10.0 -10.0 3.75 -20.703100000000003
120.0 -5.0 -7.5 3.75 3162052062.6824
120.0 -2.5 -7.5 3.75 9999999917.686201
120.0 0.0 -7.5 3.75 10000000103.236
120.0 2.5 -7.5 3.75 15871506.0288
120.0 5.0 -7.5 3.75 486.0108
120.0 7.5 -7.5 3.75 -33.994
120.0 10.0 -7.5 3.75 -22.581699999999998
120.0 -5.0 -5.0 3.75 10000000294.3941
120.0 -2.5 -5.0 3.75 9999999914.6298
120.0 0.0 -5.0 3.75 72839943.1729
120.0 2.5 -5.0 3.75 716.6966
120.0 5.0 -5.0 3.75 -30.5674
120.0 7.5 -5.0 3.75 -36.980199999999996
120.0 10.0 -5.0 3.75 -24.4304
120.0 -5.0 -2.5 3.75 9999999815.3773
120.0 -2.5 -2.5 3.75 6533300043.8724
120.0 0.0 -2.5 3.75 5078264.9066
120.0 2.5 -2.5 3.75 399.41540000000003
120.0 5.0 -2.5 3.75 -21.429699999999997
120.0 7.5 -2.5 3.75 -27.2238
120.0 10.0 -2.5 3.75 -18.4941
120.0 -5.0 0.0 3.75 10000000167.969501
120.0 -2.5 0.0 3.75 3615006490.5316
120.0 0.0 0.0 3.75 10000000099.2532
120.0 2.5 0.0 3.75 133858.3765
120.0 5.0 0.0 3.75 -4.6183
120.0 7.5 0.0 3.75 -9.478599999999998
120.0 10.0 0.0 3.75 -7.2354
120.0 -5.0 2.5 3.75 10000000138.3714
120.0 -2.5 2.5 3.75 10000000143.243801
120.0 0.0 2.5 3.75 459312.1272
120.0 2.5 2.5 3.75 331007.2599
120.0 5.0 2.5 3.75 2.6258
120.0 7.5 2.5 3.75 1.801
120.0 10.0 2.5 3.75 2.5732000000000004
120.0 -5.0 5.0 3.75 9999999906.7141
120.0 -2.5 5.0 3.75 10000000064.552801
120.0 0.0 5.0 3.75 5254042.7353
120.0 2.5 5.0 3.75 512.9351
120.0 5.0 5.0 3.75 -2.1431
120.0 7.5 5.0 3.75 4.714300000000001
120.0 10.0 5.0 3.75 6.674799999999999
120.0 -2.5 0.0 5.0 10000001059.813501
120.0 -2.5 2.5 5.0 10000000404.871
120.0 0.0 -2.5 6.25 2981790.1063
120.0 -2.5 0.0 6.25 10000000354.274601
120.0 -2.5 2.5 6.25 559168679.8557
120.0 -2.5 5.0 6.25 3517819844.218
120.0 0.0 -7.5 7.5 146952.10499999998
120.0 -2.5 -5.0 7.5 1157277.0321
120.0 0.0 -5.0 7.5 236639.0132
120.0 -2.5 -2.5 7.5 221032139.97370002
120.0 0.0 -2.5 7.5 13755452.624300001
120.0 -2.5 0.0 7.5 9999999940.2921
120.0 -2.5 2.5 7.5 9999999838.941301
120.0 0.0 2.5 7.5 833606059.8422
120.0 -2.5 5.0 7.5 9999999951.123201
120.0 0.0 -7.5 8.75 29603.6434
120.0 -2.5 -5.0 8.75 10000000046.8453
120.0 0.0 -5.0 8.75 3530.2257
120.0 2.5 -5.0 8.75 13.3079
120.0 -2.5 -2.5 8.75 2905671677.0917997
120.0 0.0 -2.5 8.75 429865.4127
120.0 -2.5 0.0 8.75 860089202.143
120.0 0.0 0.0 8.75 10000000107.0158
120.0 -2.5 2.5 8.75 9999999852.6235
120.0 0.0 2.5 8.75 606018822.8995
120.0 -5.0 5.0 8.75 1416381232.1281002
120.0 -2.5 5.0 8.75 9999999931.8483
120.0 0.0 -7.5 10.0 2821.4661
120.0 2.5 -7.5 10.0 8.133199999999999
120.0 -2.5 -5.0 10.0 10000000003.3868
120.0 0.0 -5.0 10.0 96.5227
120.0 2.5 -5.0 10.0 10.844100000000001
120.0 -2.5 -2.5 10.0 99193720.0068
120.0 0.0 -2.5 10.0 34800619.197100006
120.0 -2.5 0.0 10.0 1555867745.5214
120.0 0.0 0.0 10.0 2350812417.2338
120.0 -2.5 2.5 10.0 1413511859.937
120.0 0.0 2.5 10.0 21168.1818
120.0 2.5 2.5 10.0 29912.4842
120.0 -5.0 5.0 10.0 10000000192.0316
120.0 -2.5 5.0 10.0 1660418482.5574
120.0 0.0 5.0 10.0 89884398.6338
120.0 0.0 -10.0 11.25 1089600.4555000002
120.0 2.5 -10.0 11.25 354.498
120.0 5.0 -10.0 11.25 0.9245999999999999
120.0 7.5 -10.0 11.25 0.35619999999999996
120.0 0.0 -7.5 11.25 1960.9903
120.0 2.5 -7.5 11.25 4.966900000000001
120.0 5.0 -7.5 11.25 1.4185999999999999
120.0 -2.5 -5.0 11.25 2108005.9633
120.0 0.0 -5.0 11.25 123.04820000000001
120.0 2.5 -5.0 11.25 8.477
120.0 -5.0 -2.5 11.25 274201.00889999996
120.0 -2.5 -2.5 11.25 149255.6427
120.0 0.0 -2.5 11.25 358523997.2076
120.0 -5.0 0.0 11.25 9999999942.6348
120.0 -2.5 0.0 11.25 1842389.6460000002
120.0 0.0 0.0 11.25 11371581.7453
120.0 2.5 0.0 11.25 141008701.0975
120.0 5.0 0.0 11.25 1.1964999999999997
120.0 -5.0 2.5 11.25 10000000189.1401
120.0 -2.5 2.5 11.25 3851816065.7176
120.0 0.0 2.5 11.25 410414.01180000004
120.0 2.5 2.5 11.25 2767.7477
120.0 -5.0 5.0 11.25 10000000261.5653
120.0 -2.5 5.0 11.25 9999999963.490501
120.0 0.0 5.0 11.25 1839734227.9520998
120.0 2.5 5.0 11.25 1.5534
120.0 -5.0 -10.0 12.5 9999999977.456501
120.0 0.0 -10.0 12.5 10000000019.980701
120.0 2.5 -10.0 12.5 696.5043
120.0 5.0 -10.0 12.5 0.005600000000000049
120.0 7.5 -10.0 12.5 -0.010499999999999954
120.0 10.0 -10.0 12.5 0.24509999999999998
120.0 -2.5 -7.5 12.5 349088.7794
120.0 0.0 -7.5 12.5 15465408.9728
120.0 2.5 -7.5 12.5 1.6065000000000005
120.0 5.0 -7.5 12.5 -0.2621
120.0 -2.5 -5.0 12.5 3315.4896
120.0 0.0 -5.0 12.5 22.7613
120.0 2.5 -5.0 12.5 7.1852
120.0 -5.0 -2.5 12.5 15761.4434
120.0 -2.5 -2.5 12.5 5180.642
120.0 0.0 -2.5 12.5 14444.1536
120.0 -5.0 0.0 12.5 123220895.2317
120.0 -2.5 0.0 12.5 44884919.105900005
120.0 0.0 0.0 12.5 21459.6194
120.0 2.5 0.0 12.5 2189.4712
120.0 5.0 0.0 12.5 7.344
120.0 -5.0 2.5 12.5 193206158.9381
120.0 -2.5 2.5 12.5 5388044433.0705
120.0 0.0 2.5 12.5 6514756.9795
120.0 2.5 2.5 12.5 77.40469999999999
120.0 5.0 2.5 12.5 13.0439
120.0 -5.0 5.0 12.5 9999999980.351002
120.0 -2.5 5.0 12.5 2221184922.4851003
120.0 0.0 5.0 12.5 124361.6275
120.0 2.5 5.0 12.5 35.4409
120.0 5.0 5.0 12.5 8.950800000000001
120.0 7.5 5.0 12.5 4.877800000000001
120.0 -5.0 -10.0 13.75 1727423.5091000001
120.0 -2.5 -10.0 13.75 10000000016.416601
120.0 0.0 -10.0 13.75 83532063.9946
120.0 2.5 -10.0 13.75 148.0795
120.0 5.0 -10.0 13.75 -0.2572
120.0 7.5 -10.0 13.75 -0.4135
120.0 10.0 -10.0 13.75 0.25
120.0 -2.5 -7.5 13.75 1244934.7724000001
120.0 0.0 -7.5 13.75 3441.6187000000004
120.0 2.5 -7.5 13.75 0.3639000000000001
120.0 5.0 -7.5 13.75 -1.0888
120.0 7.5 -7.5 13.75 -1.9538
120.0 10.0 -7.5 13.75 -0.322
120.0 -5.0 -5.0 13.75 2214.9937999999997
120.0 -2.5 -5.0 13.75 41.875299999999996
120.0 0.0 -5.0 13.75 14.814400000000001
120.0 2.5 -5.0 13.75 6.8637
120.0 -5.0 -2.5 13.75 2701.2589000000003
120.0 -2.5 -2.5 13.75 1828.4063
120.0 0.0 -2.5 13.75 568.4952
120.0 2.5 -2.5 13.75 20.1878
120.0 -5.0 0.0 13.75 247386771.4212
120.0 -2.5 0.0 13.75 317824.8516
120.0 0.0 0.0 13.75 309.8882
120.0 2.5 0.0 13.75 35.7542
120.0 -5.0 2.5 13.75 10000000119.3439
120.0 -2.5 2.5 13.75 78343.809
120.0 0.0 2.5 13.75 9010643.414099999
120.0 2.5 2.5 13.75 67.97439999999999
120.0 5.0 2.5 13.75 21.388099999999998
120.0 7.5 2.5 13.75 7.9009
120.0 -5.0 5.0 13.75 10000000161.9108
120.0 -2.5 5.0 13.75 10000000049.3889
120.0 0.0 5.0 13.75 10000000444.9895
120.0 2.5 5.0 13.75 88.1094
120.0 5.0 5.0 13.75 18.5241
120.0 7.5 5.0 13.75 7.971899999999999
120.0 -5.0 -10.0 15.0 191843622.0596
120.0 -2.5 -10.0 15.0 35768.451499999996
120.0 0.0 -10.0 15.0 5501.004400000001
120.0 2.5 -10.0 15.0 -1.7833
120.0 5.0 -10.0 15.0 -1.2048999999999999
120.0 7.5 -10.0 15.0 -0.3712
120.0 10.0 -10.0 15.0 0.2762
120.0 -5.0 -7.5 15.0 6323839.0153
120.0 -2.5 -7.5 15.0 161.81390000000002
120.0 0.0 -7.5 15.0 26.042
120.0 2.5 -7.5 15.0 -0.6749999999999999
120.0 5.0 -7.5 15.0 -1.4806000000000001
120.0 7.5 -7.5 15.0 -1.1372
120.0 10.0 -7.5 15.0 -0.11620000000000001
120.0 -5.0 -5.0 15.0 1561.3595
120.0 -2.5 -5.0 15.0 15.8426
120.0 0.0 -5.0 15.0 15.197899999999999
120.0 2.5 -5.0 15.0 6.9171000000000005
120.0 5.0 -5.0 15.0 1.2109999999999999
120.0 7.5 -5.0 15.0 -0.9744
120.0 10.0 -5.0 15.0 -0.5640999999999999
120.0 -5.0 -2.5 15.0 148.3573
120.0 -2.5 -2.5 15.0 57.8701
120.0 0.0 -2.5 15.0 47.9987
120.0 2.5 -2.5 15.0 19.9296
120.0 5.0 -2.5 15.0 7.980500000000001
120.0 7.5 -2.5 15.0 0.9103
120.0 10.0 -2.5 15.0 -0.5862
120.0 -5.0 0.0 15.0 157100112.3416
120.0 -2.5 0.0 15.0 174.81220000000002
120.0 0.0 0.0 15.0 76.0181
120.0 2.5 0.0 15.0 41.1745
120.0 5.0 0.0 15.0 17.5873
120.0 10.0 0.0 15.0 0.35619999999999996
120.0 -5.0 2.5 15.0 10000000080.358301
120.0 -2.5 2.5 15.0 37977.0289
120.0 0.0 2.5 15.0 4520827.054
120.0 2.5 2.5 15.0 79.5671
120.0 5.0 2.5 15.0 26.5251
120.0 7.5 2.5 15.0 9.622900000000001
120.0 10.0 2.5 15.0 1.6636000000000002
120.0 -5.0 5.0 15.0 37579788.2626
120.0 -2.5 5.0 15.0 401057741.8205
120.0 0.0 5.0 15.0 15035.5856
120.0 2.5 5.0 15.0 72.34299999999999
120.0 5.0 5.0 15.0 24.7539
120.0 7.5 5.0 15.0 9.6079
120.0 10.0 5.0 15.0 2.1809999999999996
120.0 -5.0 -10.0 16.25 457432.23860000004
120.0 -2.5 -10.0 16.25 20.814700000000002
120.0 0.0 -10.0 16.25 24.215400000000002
120.0 2.5 -10.0 16.25 -3.0956
120.0 5.0 -10.0 16.25 -1.2730000000000001
120.0 7.5 -10.0 16.25 -0.0867
120.0 10.0 -10.0 16.25 0.2009
120.0 -5.0 -7.5 16.25 4007586.7033
120.0 -2.5 -7.5 16.25 0.2683
120.0 0.0 -7.5 16.25 -0.9768
120.0 2.5 -7.5 16.25 -0.6212
120.0 5.0 -7.5 16.25 -1.3144
120.0 7.5 -7.5 16.25 -0.6820999999999999
120.0 10.0 -7.5 16.25 -0.0279
120.0 -5.0 -5.0 16.25 40.8554
120.0 -2.5 -5.0 16.25 14.412899999999999
120.0 0.0 -5.0 16.25 12.939
120.0 2.5 -5.0 16.25 7.0859000000000005
120.0 5.0 -5.0 16.25 1.5664
120.0 7.5 -5.0 16.25 -0.37
120.0 10.0 -5.0 16.25 -0.2822
120.0 -5.0 -2.5 16.25 32.8044
120.0 -2.5 -2.5 16.25 42.2692
120.0 0.0 -2.5 16.25 36.912299999999995
120.0 2.5 -2.5 16.25 20.4387
120.0 5.0 -2.5 16.25 7.8448
120.0 7.5 -2.5 16.25 1.5399
120.0 10.0 -2.5 16.25 -0.3383
120.0 -5.0 0.0 16.25 360028.83030000003
120.0 -2.5 0.0 16.25 76.7622
120.0 0.0 0.0 16.25 67.23989999999999
120.0 2.5 0.0 16.25 41.0587
120.0 5.0 0.0 16.25 18.4137
120.0 7.5 0.0 16.25 5.6145000000000005
120.0 10.0 0.0 16.25 0.5917
120.0 -5.0 2.5 16.25 151249.2694
120.0 -2.5 2.5 16.25 581.8972
120.0 0.0 2.5 16.25 213.9113
120.0 2.5 2.5 16.25 65.82639999999999
120.0 5.0 2.5 16.25 27.888499999999997
120.0 7.5 2.5 16.25 9.5968
120.0 10.0 2.5 16.25 1.6607
120.0 -5.0 5.0 16.25 10000000026.6753
120.0 -2.5 5.0 16.25 38931122.258499995
120.0 0.0 5.0 16.25 199.595
120.0 2.5 5.0 16.25 60.913199999999996
120.0 5.0 5.0 16.25 26.3232
120.0 7.5 5.0 16.25 9.7081
120.0 10.0 5.0 16.25 1.9704
180.0 -5.0 -10.0 3.75 10000000033.1951
180.0 -2.5 -10.0 3.75 10000000022.941502
180.0 0.0 -10.0 3.75 9999999967.6646
180.0 2.5 -10.0 3.75 9999999862.2339
180.0 5.0 -10.0 3.75 2278226.4805
180.0 7.5 -10.0 3.75 269476.64119999995
180.0 10.0 -10.0 3.75 31.4305
180.0 -5.0 -7.5 3.75 10000000065.6291
180.0 -2.5 -7.5 3.75 1960616474.6622
180.0 0.0 -7.5 3.75 3868312579.3513
180.0 2.5 -7.5 3.75 75.4139
180.0 5.0 -7.5 3.75 -16.5027
180.0 7.5 -7.5 3.75 -8.7101
180.0 10.0 -7.5 3.75 -1.8053
180.0 -5.0 -5.0 3.75 9999999864.386702
180.0 -2.5 -5.0 3.75 10000000154.0599
180.0 0.0 -5.0 3.75 20634191.0572
180.0 2.5 -5.0 3.75 2995.6533
180.0 5.0 -5.0 3.75 1.7664999999999997
180.0 7.5 -5.0 3.75 -5.0153
180.0 10.0 -5.0 3.75 -4.2671
180.0 -5.0 -2.5 3.75 4527036082.108999
180.0 -2.5 -2.5 3.75 172726906.2988
180.0 0.0 -2.5 3.75 10000000601.312801
180.0 2.5 -2.5 3.75 50308.2509
180.0 5.0 -2.5 3.75 0.5292999999999992
180.0 7.5 -2.5 3.75 -10.3901
180.0 10.0 -2.5 3.75 -11.369200000000001
180.0 -5.0 0.0 3.75 9999999943.142601
180.0 -2.5 0.0 3.75 9999999905.780401
180.0 0.0 0.0 3.75 786232194.2911999
180.0 2.5 0.0 3.75 17649.483900000003
180.0 5.0 0.0 3.75 254.6524
180.0 7.5 0.0 3.75 -22.5087
180.0 10.0 0.0 3.75 -22.0975
180.0 -5.0 2.5 3.75 10000000066.722
180.0 -2.5 2.5 3.75 9999999697.1331
180.0 0.0 2.5 3.75 1455172441.8915
180.0 2.5 2.5 3.75 7623840879.2594
180.0 5.0 2.5 3.75 10000000009.893501
180.0 7.5 2.5 3.75 -21.567700000000002
180.0 10.0 2.5 3.75 -28.096899999999998
180.0 -5.0 5.0 3.75 10000000427.2931
180.0 -2.5 5.0 3.75 10000000027.461
180.0 0.0 5.0 3.75 10000000039.4237
180.0 2.5 5.0 3.75 4191979782.0697
180.0 5.0 5.0 3.75 957834341.6141
180.0 7.5 5.0 3.75 -15.0436
180.0 10.0 5.0 3.75 -20.4127
180.0 -2.5 2.5 5.0 2480043771.2572
180.0 -2.5 -2.5 6.25 10000000264.3957
180.0 -2.5 0.0 6.25 10000000252.0294
180.0 -2.5 -2.5 7.5 106674504.7326
180.0 -2.5 0.0 7.5 10000000162.599401
180.0 -2.5 2.5 7.5 10000000115.6998
180.0 0.0 2.5 7.5 2238260576.6568
180.0 2.5 2.5 7.5 258182.1129
180.0 2.5 -10.0 8.75 47460233.6429
180.0 -2.5 -7.5 8.75 10000000057.6615
180.0 2.5 -7.5 8.75 52400395.9535
180.0 5.0 -7.5 8.75 41809.8469
180.0 -5.0 -5.0 8.75 10000000070.0806
180.0 -2.5 -5.0 8.75 5787281717.7639
180.0 -5.0 -2.5 8.75 10000000063.069601
180.0 -2.5 -2.5 8.75 10000000094.015202
180.0 0.0 -2.5 8.75 145.5754
180.0 -5.0 0.0 8.75 1035299764.9637
180.0 -2.5 0.0 8.75 65546539.4107
180.0 0.0 0.0 8.75 51321.9218
180.0 -5.0 2.5 8.75 10000000036.746302
180.0 -2.5 2.5 8.75 10000000139.8153
180.0 0.0 2.5 8.75 75583754.4325
180.0 2.5 2.5 8.75 293178.3546
180.0 0.0 5.0 8.75 3396539266.9504
180.0 2.5 5.0 8.75 10000000003.728601
180.0 2.5 -10.0 10.0 327.3567
180.0 -2.5 -7.5 10.0 109444983.8052
180.0 0.0 -7.5 10.0 55121326.8637
180.0 2.5 -7.5 10.0 118045.9442
180.0 5.0 -7.5 10.0 1660552.6828
180.0 -5.0 -5.0 10.0 5611999.2753
180.0 -2.5 -5.0 10.0 1396944.6885
180.0 0.0 -5.0 10.0 302243.2984
180.0 -5.0 -2.5 10.0 10000000027.343801
180.0 -2.5 -2.5 10.0 6683970.4698
180.0 0.0 -2.5 10.0 52978.2261
180.0 -5.0 0.0 10.0 10000000125.5191
180.0 -2.5 0.0 10.0 4165363030.6357
180.0 0.0 0.0 10.0 108695.8389
180.0 -5.0 2.5 10.0 10000000137.631601
180.0 -2.5 2.5 10.0 10000000125.811901
180.0 0.0 2.5 10.0 7240924.7123
180.0 2.5 2.5 10.0 1957.4118
180.0 -2.5 5.0 10.0 2938498267.3828998
180.0 0.0 5.0 10.0 3305288826.6839
180.0 2.5 5.0 10.0 10000000003.0499
180.0 5.0 5.0 10.0 70.2854
180.0 -2.5 -10.0 11.25 5956224424.7138
180.0 2.5 -10.0 11.25 10.248599999999998
180.0 5.0 -10.0 11.25 129.7225
180.0 -2.5 -7.5 11.25 68529.7656
180.0 0.0 -7.5 11.25 4073129468.4088
180.0 2.5 -7.5 11.25 103.441
180.0 5.0 -7.5 11.25 379.8097
180.0 -5.0 -5.0 11.25 30546867.7516
180.0 -2.5 -5.0 11.25 7867.7219000000005
180.0 0.0 -5.0 11.25 4362.8979
180.0 -5.0 -2.5 11.25 9999999998.2285
180.0 -2.5 -2.5 11.25 225827580.2529
180.0 0.0 -2.5 11.25 2435858.5076
180.0 -5.0 0.0 11.25 1222690293.3562
180.0 -2.5 0.0 11.25 10000000070.4505
180.0 0.0 0.0 11.25 147657730.8272
180.0 -5.0 2.5 11.25 716915888.287
180.0 -2.5 2.5 11.25 10000000003.8861
180.0 0.0 2.5 11.25 4302765.918699999
180.0 2.5 2.5 11.25 42.8887
180.0 -5.0 5.0 11.25 2009528471.135
180.0 -2.5 5.0 11.25 6991707.285
180.0 0.0 5.0 11.25 10788538.2099
180.0 2.5 5.0 11.25 44813288.8449
180.0 5.0 5.0 11.25 77.3214
180.0 7.5 5.0 11.25 -4.9110000000000005
180.0 -2.5 -10.0 12.5 963159905.2015
180.0 0.0 -10.0 12.5 77084.7211
180.0 2.5 -10.0 12.5 3.0412999999999997
180.0 5.0 -10.0 12.5 4.418800000000001
180.0 7.5 -10.0 12.5 2.0080999999999998
180.0 -2.5 -7.5 12.5 155984.1563
180.0 0.0 -7.5 12.5 2434.1730000000002
180.0 2.5 -7.5 12.5 7.9636
180.0 5.0 -7.5 12.5 8.1588
180.0 -5.0 -5.0 12.5 128721331.96579999
180.0 -2.5 -5.0 12.5 416.6871
180.0 0.0 -5.0 12.5 3.457
180.0 2.5 -5.0 12.5 0.3422999999999998
180.0 5.0 -5.0 12.5 2.6292999999999997
180.0 -5.0 -2.5 12.5 5074419505.885799
180.0 -2.5 -2.5 12.5 100836.30619999999
180.0 0.0 -2.5 12.5 1765.1836
180.0 2.5 -2.5 12.5 1.6144000000000003
180.0 5.0 -2.5 12.5 1.2244
180.0 -5.0 0.0 12.5 1132915577.9108
180.0 -2.5 0.0 12.5 897324671.5090001
180.0 0.0 0.0 12.5 179159362.0263
180.0 2.5 0.0 12.5 31.9331
180.0 -5.0 2.5 12.5 865324023.5578
180.0 -2.5 2.5 12.5 10000000001.3661
180.0 0.0 2.5 12.5 8456969.481700001
180.0 2.5 2.5 12.5 28.977899999999998
180.0 5.0 2.5 12.5 -0.6153
180.0 -5.0 5.0 12.5 10000000020.8258
180.0 -2.5 5.0 12.5 13809334.872399999
180.0 0.0 5.0 12.5 48018.4054
180.0 2.5 5.0 12.5 6060.5544
180.0 5.0 5.0 12.5 67.4471
180.0 7.5 5.0 12.5 -2.0608
180.0 10.0 5.0 12.5 -1.7803
180.0 -5.0 -10.0 13.75 184610.9349
180.0 -2.5 -10.0 13.75 179039074.1863
180.0 0.0 -10.0 13.75 171913086.4752
180.0 2.5 -10.0 13.75 -0.5718999999999999
180.0 5.0 -10.0 13.75 2.0374
180.0 7.5 -10.0 13.75 1.8178999999999998
180.0 -5.0 -7.5 13.75 10000000006.4108
180.0 -2.5 -7.5 13.75 773509.3883999999
180.0 0.0 -7.5 13.75 -3.0243
180.0 2.5 -7.5 13.75 -0.6122999999999998
180.0 5.0 -7.5 13.75 3.4219999999999997
180.0 10.0 -7.5 13.75 1.3848
180.0 -5.0 -5.0 13.75 705360860.8719
180.0 -2.5 -5.0 13.75 2163.2325
180.0 0.0 -5.0 13.75 -4.889799999999999
180.0 2.5 -5.0 13.75 -1.8820999999999999
180.0 5.0 -5.0 13.75 0.44830000000000003
180.0 -5.0 -2.5 13.75 102997131.70109999
180.0 -2.5 -2.5 13.75 812232926.9717001
180.0 0.0 -2.5 13.75 401.90749999999997
180.0 2.5 -2.5 13.75 -2.1124
180.0 5.0 -2.5 13.75 -0.2862
180.0 -5.0 0.0 13.75 10000000005.472101
180.0 -2.5 0.0 13.75 1549914782.4354
180.0 0.0 0.0 13.75 21178812.174
180.0 2.5 0.0 13.75 0.5757000000000001
180.0 5.0 0.0 13.75 -0.8922000000000001
180.0 7.5 0.0 13.75 -1.1717
180.0 -5.0 2.5 13.75 9999999991.8106
180.0 -2.5 2.5 13.75 3154765058.5331
180.0 0.0 2.5 13.75 2709762.2513
180.0 2.5 2.5 13.75 5.435999999999999
180.0 5.0 2.5 13.75 0.6503
180.0 7.5 2.5 13.75 -1.1343
180.0 10.0 2.5 13.75 -1.3009
180.0 -5.0 5.0 13.75 9999999996.3397
180.0 -2.5 5.0 13.75 219078972.992
180.0 0.0 5.0 13.75 7429.283399999999
180.0 2.5 5.0 13.75 37.7548
180.0 5.0 5.0 13.75 6.6031
180.0 7.5 5.0 13.75 1.3507
180.0 -5.0 -10.0 15.0 503138.01800000004
180.0 -2.5 -10.0 15.0 391527.75
180.0 0.0 -10.0 15.0 687.7821
180.0 2.5 -10.0 15.0 -1.4737
180.0 5.0 -10.0 15.0 0.5851000000000002
180.0 7.5 -10.0 15.0 0.9611000000000001
180.0 10.0 -10.0 15.0 0.5157
180.0 -5.0 -7.5 15.0 3147.8028
180.0 -2.5 -7.5 15.0 154637.6426
180.0 0.0 -7.5 15.0 -6.5241
180.0 2.5 -7.5 15.0 -2.036
180.0 5.0 -7.5 15.0 0.6673
180.0 7.5 -7.5 15.0 1.7499
180.0 10.0 -7.5 15.0 0.6683
180.0 -5.0 -5.0 15.0 1784852.3045
180.0 -2.5 -5.0 15.0 70.4461
180.0 0.0 -5.0 15.0 -4.5136
180.0 2.5 -5.0 15.0 -3.4578
180.0 5.0 -5.0 15.0 -0.4282
180.0 7.5 -5.0 15.0 1.2808
180.0 -5.0 -2.5 15.0 9999999978.265902
180.0 -2.5 -2.5 15.0 6082541.9021000005
180.0 0.0 -2.5 15.0 45.5789
180.0 2.5 -2.5 15.0 -3.5289
180.0 5.0 -2.5 15.0 -1.4134
180.0 7.5 -2.5 15.0 -0.5464
180.0 -5.0 0.0 15.0 201350246.1311
180.0 -2.5 0.0 15.0 118537.48550000001
180.0 0.0 0.0 15.0 58918.9219
180.0 2.5 0.0 15.0 -0.44209999999999994
180.0 5.0 0.0 15.0 -1.3745
180.0 7.5 0.0 15.0 -1.1991
180.0 -5.0 2.5 15.0 9999999962.507
180.0 -2.5 2.5 15.0 9154708250.1251
180.0 0.0 2.5 15.0 629.3116
180.0 2.5 2.5 15.0 7.4482
180.0 5.0 2.5 15.0 2.9715
180.0 7.5 2.5 15.0 -0.1923
180.0 10.0 2.5 15.0 -0.9088999999999999
180.0 -5.0 5.0 15.0 9999999870.336802
180.0 -2.5 5.0 15.0 10000000235.1984
180.0 0.0 5.0 15.0 71.1151
180.0 2.5 5.0 15.0 29.7902
180.0 5.0 5.0 15.0 11.8353
180.0 7.5 5.0 15.0 3.4083
180.0 10.0 5.0 15.0 -0.0867
180.0 -5.0 -10.0 16.25 91.2554
180.0 -2.5 -10.0 16.25 63.3366
180.0 0.0 -10.0 16.25 1.0236999999999998
180.0 2.5 -10.0 16.25 -2.3026
180.0 5.0 -10.0 16.25 -0.2056
180.0 7.5 -10.0 16.25 0.14440000000000003
180.0 10.0 -10.0 16.25 -0.2487
180.0 -5.0 -7.5 16.25 73.2881
180.0 -2.5 -7.5 16.25 122.627
180.0 0.0 -7.5 16.25 -4.3865
180.0 2.5 -7.5 16.25 -2.0074
180.0 5.0 -7.5 16.25 0.4426
180.0 7.5 -7.5 16.25 0.9355
180.0 10.0 -7.5 16.25 0.4385
180.0 -5.0 -5.0 16.25 269.1959
180.0 -2.5 -5.0 16.25 -0.5345
180.0 0.0 -5.0 16.25 -4.5636
180.0 2.5 -5.0 16.25 -4.0144
180.0 5.0 -5.0 16.25 -0.5639
180.0 7.5 -5.0 16.25 0.6212000000000001
180.0 10.0 -5.0 16.25 0.4239
180.0 -5.0 -2.5 16.25 1233.2174
180.0 -2.5 -2.5 16.25 81.4699
180.0 0.0 -2.5 16.25 -4.3348
180.0 2.5 -2.5 16.25 -4.3052
180.0 5.0 -2.5 16.25 -2.1029
180.0 7.5 -2.5 16.25 -0.6601
180.0 10.0 -2.5 16.25 0.1834
180.0 -5.0 0.0 16.25 5269907.1938
180.0 -2.5 0.0 16.25 3365.4888
180.0 0.0 0.0 16.25 192.7225
180.0 2.5 0.0 16.25 -1.3386
180.0 5.0 0.0 16.25 -1.5782
180.0 7.5 0.0 16.25 -0.7376
180.0 10.0 0.0 16.25 -0.3403
180.0 -5.0 2.5 16.25 373000022.6748
180.0 -2.5 2.5 16.25 75638.2748
180.0 0.0 2.5 16.25 106.7947
180.0 2.5 2.5 16.25 7.7913
180.0 5.0 2.5 16.25 3.9107
180.0 7.5 2.5 16.25 0.34149999999999997
180.0 10.0 2.5 16.25 -0.5134000000000001
180.0 -5.0 5.0 16.25 44106409.0418
180.0 -2.5 5.0 16.25 9999999976.1968
180.0 0.0 5.0 16.25 104.52260000000001
180.0 2.5 5.0 16.25 27.9384
180.0 5.0 5.0 16.25 13.8747
180.0 7.5 5.0 16.25 4.3251
180.0 10.0 5.0 16.25 0.4608
240.0 -5.0 -10.0 3.75 8454277186.1202
240.0 -2.5 -10.0 3.75 10000000067.348501
240.0 0.0 -10.0 3.75 883561229.4830999
240.0 2.5 -10.0 3.75 76205119.29890001
240.0 5.0 -10.0 3.75 25076.4974
240.0 7.5 -10.0 3.75 8.0349
240.0 10.0 -10.0 3.75 -1.9303
240.0 -5.0 -7.5 3.75 10000000130.4304
240.0 -2.5 -7.5 3.75 10000000089.2851
240.0 0.0 -7.5 3.75 397602766.3147
240.0 2.5 -7.5 3.75 56993227.3108
240.0 5.0 -7.5 3.75 2425848.8658999996
240.0 7.5 -7.5 3.75 -6.537
240.0 10.0 -7.5 3.75 -1.446
240.0 -5.0 -5.0 3.75 9999999969.8806
240.0 -2.5 -5.0 3.75 8054807295.2497
240.0 0.0 -5.0 3.75 238456791.1042
240.0 2.5 -5.0 3.75 479860050.0828
240.0 5.0 -5.0 3.75 67.3418
240.0 7.5 -5.0 3.75 -4.8532
240.0 10.0 -5.0 3.75 -0.4929
240.0 -5.0 -2.5 3.75 10000000707.7509
240.0 -2.5 -2.5 3.75 9999999977.709301
240.0 0.0 -2.5 3.75 10000000074.8721
240.0 2.5 -2.5 3.75 769.7486
240.0 5.0 -2.5 3.75 -16.4041
240.0 7.5 -2.5 3.75 -0.9490000000000001
240.0 10.0 -2.5 3.75 0.8214999999999999
240.0 -5.0 0.0 3.75 10000000205.0506
240.0 -2.5 0.0 3.75 10000000241.351501
240.0 0.0 0.0 3.75 5630436903.449699
240.0 2.5 0.0 3.75 1379129.3532
240.0 5.0 0.0 3.75 79.89290000000001
240.0 7.5 0.0 3.75 2.5418
240.0 10.0 0.0 3.75 2.0988
240.0 -5.0 2.5 3.75 10000000078.266401
240.0 -2.5 2.5 3.75 10000000043.3917
240.0 0.0 2.5 3.75 3053858.7149
240.0 2.5 2.5 3.75 -53.491
240.0 5.0 2.5 3.75 -14.8857
240.0 7.5 2.5 3.75 -4.388
240.0 10.0 2.5 3.75 0.1971
240.0 -5.0 5.0 3.75 10000000041.5727
240.0 -2.5 5.0 3.75 484738714.8988
240.0 0.0 5.0 3.75 276.9384
240.0 2.5 5.0 3.75 -49.642799999999994
240.0 5.0 5.0 3.75 -30.0619
240.0 7.5 5.0 3.75 -14.2964
240.0 10.0 5.0 3.75 -2.8478000000000003
240.0 0.0 5.0 5.0 1199.2276000000002
240.0 2.5 -7.5 6.25 429124.5568
240.0 0.0 -2.5 6.25 17997.2489
240.0 0.0 0.0 6.25 116679174.011
240.0 -2.5 2.5 6.25 108178032.0266
240.0 0.0 2.5 6.25 7337612900.935101
240.0 0.0 5.0 6.25 23653126.833
240.0 2.5 -7.5 7.5 101392.57530000001
240.0 0.0 -5.0 7.5 15408260.9238
240.0 2.5 -5.0 7.5 71.10510000000001
240.0 0.0 -2.5 7.5 2411.8028000000004
240.0 2.5 -2.5 7.5 11.0443
240.0 0.0 0.0 7.5 6123034.3782
240.0 2.5 0.0 7.5 72.5467
240.0 0.0 2.5 7.5 24524.1706
240.0 -2.5 5.0 7.5 9999999906.6529
240.0 0.0 5.0 7.5 2697497141.8397
240.0 2.5 -10.0 8.75 10756528.023400001
240.0 2.5 -7.5 8.75 124.8848
240.0 0.0 -5.0 8.75 412580491.24289995
240.0 2.5 -5.0 8.75 36.2384
240.0 -2.5 -2.5 8.75 3453991437.3848
240.0 0.0 -2.5 8.75 3075.3871999999997
240.0 2.5 -2.5 8.75 7.1888000000000005
240.0 -5.0 0.0 8.75 9999999928.9855
240.0 -2.5 0.0 8.75 7597510007.6778
240.0 0.0 0.0 8.75 14943.3486
240.0 2.5 0.0 8.75 3.2010000000000005
240.0 -2.5 2.5 8.75 9999999997.348001
240.0 0.0 2.5 8.75 217626.7396
240.0 2.5 2.5 8.75 -5.3772
240.0 -2.5 5.0 8.75 9999999989.872002
240.0 0.0 5.0 8.75 490492985.0963
240.0 2.5 5.0 8.75 157.6665
240.0 2.5 -10.0 10.0 959231.4893
240.0 5.0 -10.0 10.0 353.398
240.0 2.5 -7.5 10.0 57.650299999999994
240.0 -5.0 -5.0 10.0 10000000064.6744
240.0 0.0 -5.0 10.0 9899984.8352
240.0 2.5 -5.0 10.0 8.6427
240.0 -5.0 -2.5 10.0 10000000060.585001
240.0 -2.5 -2.5 10.0 11110614.7954
240.0 0.0 -2.5 10.0 3689.2553000000003
240.0 2.5 -2.5 10.0 5.8643
240.0 -5.0 0.0 10.0 10000000006.969002
240.0 -2.5 0.0 10.0 5938862813.122601
240.0 0.0 0.0 10.0 19351.9061
240.0 2.5 0.0 10.0 1.7994000000000003
240.0 -2.5 2.5 10.0 2023351370.2024999
240.0 0.0 2.5 10.0 142096.1515
240.0 2.5 2.5 10.0 215.91129999999998
240.0 5.0 2.5 10.0 -3.8045999999999998
240.0 -2.5 5.0 10.0 402121602.24880004
240.0 0.0 5.0 10.0 10000000003.3652
240.0 2.5 5.0 10.0 390568.25499999995
240.0 5.0 5.0 10.0 -8.7563
240.0 -2.5 -10.0 11.25 18949023.374599997
240.0 2.5 -10.0 11.25 10000000014.527102
240.0 5.0 -10.0 11.25 958.4703999999999
240.0 10.0 -10.0 11.25 2.3778
240.0 2.5 -7.5 11.25 233.08239999999998
240.0 -5.0 -5.0 11.25 10000000039.492601
240.0 -2.5 -5.0 11.25 2629407.0658
240.0 0.0 -5.0 11.25 954.3663
240.0 2.5 -5.0 11.25 3.0808000000000004
240.0 -5.0 -2.5 11.25 9999999888.422
240.0 -2.5 -2.5 11.25 88047.8569
240.0 0.0 -2.5 11.25 82.1404
240.0 2.5 -2.5 11.25 5.478299999999999
240.0 -5.0 0.0 11.25 10000000009.2238
240.0 -2.5 0.0 11.25 10000000004.833302
240.0 0.0 0.0 11.25 85102339.9393
240.0 2.5 0.0 11.25 16.037200000000002
240.0 -2.5 2.5 11.25 351640437.09900004
240.0 0.0 2.5 11.25 1632646.4781
240.0 2.5 2.5 11.25 7257.3662
240.0 5.0 2.5 11.25 -2.7704
240.0 -2.5 5.0 11.25 10000000037.0604
240.0 0.0 5.0 11.25 1756107897.0538
240.0 2.5 5.0 11.25 3775514.1827
240.0 5.0 5.0 11.25 17.208099999999998
240.0 7.5 5.0 11.25 -1.7102
240.0 -2.5 -10.0 12.5 15258538.5617
240.0 0.0 -10.0 12.5 9999999871.5498
240.0 2.5 -10.0 12.5 1266532711.3227
240.0 5.0 -10.0 12.5 126.1734
240.0 7.5 -10.0 12.5 2.4250000000000003
240.0 10.0 -10.0 12.5 1.1894
240.0 -5.0 -7.5 12.5 99199258.9852
240.0 0.0 -7.5 12.5 5311.549300000001
240.0 2.5 -7.5 12.5 85.8488
240.0 5.0 -7.5 12.5 1.9969
240.0 7.5 -7.5 12.5 1.3967
240.0 10.0 -7.5 12.5 0.6362
240.0 -5.0 -5.0 12.5 34813521.0785
240.0 -2.5 -5.0 12.5 5042.3757000000005
240.0 0.0 -5.0 12.5 0.33670000000000044
240.0 2.5 -5.0 12.5 2.7024000000000004
240.0 5.0 -5.0 12.5 2.5416
240.0 -5.0 -2.5 12.5 4110016.8925
240.0 -2.5 -2.5 12.5 2705.3193
240.0 0.0 -2.5 12.5 22.538899999999998
240.0 2.5 -2.5 12.5 5.8773
240.0 -5.0 0.0 12.5 10000000070.1825
240.0 -2.5 0.0 12.5 4993724824.5045
240.0 0.0 0.0 12.5 87965.9269
240.0 2.5 0.0 12.5 50.001
240.0 -2.5 2.5 12.5 10000000061.987001
240.0 0.0 2.5 12.5 83975857.7488
240.0 2.5 2.5 12.5 216.6611
240.0 5.0 2.5 12.5 -1.8491
240.0 -2.5 5.0 12.5 9999999889.5867
240.0 0.0 5.0 12.5 821409941.684
240.0 2.5 5.0 12.5 131354328.1749
240.0 5.0 5.0 12.5 7.3222000000000005
240.0 7.5 5.0 12.5 -1.364
240.0 10.0 5.0 12.5 0.1378
240.0 -5.0 -10.0 13.75 10000000057.4311
240.0 -2.5 -10.0 13.75 411895957.9906
240.0 0.0 -10.0 13.75 73584.2656
240.0 2.5 -10.0 13.75 2331419.7475
240.0 5.0 -10.0 13.75 5.3421
240.0 7.5 -10.0 13.75 0.8937999999999999
240.0 10.0 -10.0 13.75 0.16960000000000003
240.0 -5.0 -7.5 13.75 14505146.6239
240.0 -2.5 -7.5 13.75 7607554.370399999
240.0 0.0 -7.5 13.75 34549.8651
240.0 2.5 -7.5 13.75 1.1702
240.0 5.0 -7.5 13.75 0.08680000000000021
240.0 7.5 -7.5 13.75 0.20239999999999997
240.0 10.0 -7.5 13.75 -0.3666
240.0 -5.0 -5.0 13.75 5538464756.3563
240.0 -2.5 -5.0 13.75 3167.4317
240.0 0.0 -5.0 13.75 2.9646
240.0 2.5 -5.0 13.75 2.8682
240.0 5.0 -5.0 13.75 1.3996
240.0 7.5 -5.0 13.75 -0.004199999999999995
240.0 -5.0 -2.5 13.75 157776787.5194
240.0 -2.5 -2.5 13.75 526.4326
240.0 0.0 -2.5 13.75 19.9506
240.0 2.5 -2.5 13.75 5.6844
240.0 5.0 -2.5 13.75 2.2697000000000003
240.0 -5.0 0.0 13.75 10000000115.205101
240.0 -2.5 0.0 13.75 10000000094.986801
240.0 0.0 0.0 13.75 6152389.0606
240.0 2.5 0.0 13.75 10.2033
240.0 5.0 0.0 13.75 1.1254
240.0 -5.0 2.5 13.75 437064608.11939996
240.0 -2.5 2.5 13.75 248433493.4655
240.0 0.0 2.5 13.75 32538793.4989
240.0 2.5 2.5 13.75 5203.6472
240.0 5.0 2.5 13.75 -1.2029
240.0 7.5 2.5 13.75 -0.07940000000000001
240.0 -2.5 5.0 13.75 10000000115.981201
240.0 0.0 5.0 13.75 2495719084.9024997
240.0 2.5 5.0 13.75 197670683.0407
240.0 5.0 5.0 13.75 -3.8159
240.0 7.5 5.0 13.75 -0.8153999999999999
240.0 10.0 5.0 13.75 0.0615
240.0 -5.0 -10.0 15.0 1105561839.8924
240.0 -2.5 -10.0 15.0 57126.0844
240.0 0.0 -10.0 15.0 88.83160000000001
240.0 2.5 -10.0 15.0 7.8931
240.0 5.0 -10.0 15.0 -1.7146
240.0 7.5 -10.0 15.0 0.01369999999999999
240.0 10.0 -10.0 15.0 -0.2552
240.0 -5.0 -7.5 15.0 149516.7897
240.0 -2.5 -7.5 15.0 340.2624
240.0 0.0 -7.5 15.0 44.601
240.0 2.5 -7.5 15.0 -1.471
240.0 5.0 -7.5 15.0 -0.6834
240.0 7.5 -7.5 15.0 -0.188
240.0 10.0 -7.5 15.0 -0.3291
240.0 -5.0 -5.0 15.0 5648411.9262999995
240.0 -2.5 -5.0 15.0 80.0957
240.0 0.0 -5.0 15.0 3.3108
240.0 2.5 -5.0 15.0 2.4417999999999997
240.0 5.0 -5.0 15.0 0.3222999999999999
240.0 7.5 -5.0 15.0 -0.1078
240.0 10.0 -5.0 15.0 -0.1767
240.0 -5.0 -2.5 15.0 9739251.5488
240.0 -2.5 -2.5 15.0 275.61039999999997
240.0 0.0 -2.5 15.0 11.437
240.0 2.5 -2.5 15.0 5.9836
240.0 5.0 -2.5 15.0 1.7852000000000001
240.0 7.5 -2.5 15.0 0.20529999999999998
240.0 10.0 -2.5 15.0 -0.1096
240.0 -5.0 0.0 15.0 5006946.7071
240.0 -2.5 0.0 15.0 3855125045.5242996
240.0 0.0 0.0 15.0 808470.2947
240.0 2.5 0.0 15.0 7.7383999999999995
240.0 5.0 0.0 15.0 1.8109999999999997
240.0 10.0 0.0 15.0 0.042499999999999996
240.0 -5.0 2.5 15.0 497272370.2896
240.0 -2.5 2.5 15.0 14523497.7893
240.0 0.0 2.5 15.0 72555.30189999999
240.0 2.5 2.5 15.0 63.1877
240.0 5.0 2.5 15.0 -0.6082000000000001
240.0 7.5 2.5 15.0 0.3577
240.0 -5.0 5.0 15.0 2104805516.8969
240.0 -2.5 5.0 15.0 10000000058.7569
240.0 0.0 5.0 15.0 1811425.1224
240.0 2.5 5.0 15.0 91026.9794
240.0 5.0 5.0 15.0 -2.9829
240.0 7.5 5.0 15.0 -0.7001000000000001
240.0 10.0 5.0 15.0 0.011700000000000002
240.0 -5.0 -10.0 16.25 828.3696
240.0 -2.5 -10.0 16.25 13.0016
240.0 0.0 -10.0 16.25 -5.9665
240.0 2.5 -10.0 16.25 -4.3118
240.0 5.0 -10.0 16.25 -1.2938999999999998
240.0 7.5 -10.0 16.25 -0.393
240.0 10.0 -10.0 16.25 -0.16460000000000002
240.0 -5.0 -7.5 16.25 76.072
240.0 -2.5 -7.5 16.25 -4.93
240.0 0.0 -7.5 16.25 -0.8853
240.0 2.5 -7.5 16.25 -0.8493999999999999
240.0 5.0 -7.5 16.25 -1.0384
240.0 7.5 -7.5 16.25 -0.48419999999999996
240.0 10.0 -7.5 16.25 -0.1241
240.0 -5.0 -5.0 16.25 45470.4493
240.0 -2.5 -5.0 16.25 14.3598
240.0 0.0 -5.0 16.25 3.9015
240.0 2.5 -5.0 16.25 2.7577
240.0 5.0 -5.0 16.25 -0.1356
240.0 7.5 -5.0 16.25 -0.301
240.0 10.0 -5.0 16.25 -0.0591
240.0 -5.0 -2.5 16.25 680.7431
240.0 -2.5 -2.5 16.25 374.84029999999996
240.0 0.0 -2.5 16.25 11.022499999999999
240.0 2.5 -2.5 16.25 5.3402
240.0 5.0 -2.5 16.25 1.5595
240.0 7.5 -2.5 16.25 0.18980000000000002
240.0 10.0 -2.5 16.25 -0.0583
240.0 -5.0 0.0 16.25 2359289.4665
240.0 -2.5 0.0 16.25 6571224.167599999
240.0 0.0 0.0 16.25 1778319.0353
240.0 2.5 0.0 16.25 5.9513
240.0 5.0 0.0 16.25 2.0473
240.0 7.5 0.0 16.25 0.589
240.0 10.0 0.0 16.25 0.034300000000000004
240.0 -5.0 2.5 16.25 7376679156.9699
240.0 -2.5 2.5 16.25 38531.6528
240.0 0.0 2.5 16.25 164.6847
240.0 2.5 2.5 16.25 3.3489
240.0 5.0 2.5 16.25 0.6671
240.0 7.5 2.5 16.25 0.513
240.0 -5.0 5.0 16.25 2487934834.9511003
240.0 -2.5 5.0 16.25 9999999712.532202
240.0 0.0 5.0 16.25 3147.9149
240.0 2.5 5.0 16.25 371.2985
240.0 5.0 5.0 16.25 -1.7551
240.0 7.5 5.0 16.25 -0.4005
240.0 10.0 5.0 16.25 -0.0445
300.0 -5.0 -10.0 3.75 10000000199.9253
300.0 -2.5 -10.0 3.75 10000000078.4332
300.0 0.0 -10.0 3.75 10000000023.486502
300.0 2.5 -10.0 3.75 10000000062.374
300.0 5.0 -10.0 3.75 5453513.9211
300.0 7.5 -10.0 3.75 33.1895
300.0 10.0 -10.0 3.75 -4.256
300.0 -5.0 -7.5 3.75 10000000160.6975
300.0 -2.5 -7.5 3.75 9181816070.283499
300.0 0.0 -7.5 3.75 53522.3291
300.0 2.5 -7.5 3.75 2915137.8995000003
300.0 5.0 -7.5 3.75 2306.5056999999997
300.0 7.5 -7.5 3.75 -2.02
300.0 10.0 -7.5 3.75 -4.269
300.0 -5.0 -5.0 3.75 9999999901.434301
300.0 -2.5 -5.0 3.75 10000000099.389
300.0 0.0 -5.0 3.75 3842.5234
300.0 2.5 -5.0 3.75 742166200.7013
300.0 5.0 -5.0 3.75 35.2869
300.0 7.5 -5.0 3.75 1.6464
300.0 10.0 -5.0 3.75 -6.3272
300.0 -5.0 -2.5 3.75 10000000111.569302
300.0 -2.5 -2.5 3.75 2195837870.8745
300.0 0.0 -2.5 3.75 1207097.0078
300.0 2.5 -2.5 3.75 2753.2646
300.0 5.0 -2.5 3.75 37.0632
300.0 7.5 -2.5 3.75 1.0633
300.0 10.0 -2.5 3.75 -7.2631
300.0 -5.0 0.0 3.75 5546497575.5907
300.0 -2.5 0.0 3.75 232753910.70700002
300.0 0.0 0.0 3.75 6109484670.1066
300.0 2.5 0.0 3.75 1264.4066
300.0 5.0 0.0 3.75 467.6533
300.0 7.5 0.0 3.75 2.5660999999999996
300.0 10.0 0.0 3.75 -6.5231
300.0 -5.0 2.5 3.75 10000000468.2752
300.0 -2.5 2.5 3.75 10000000187.6802
300.0 0.0 2.5 3.75 772734527.282
300.0 2.5 2.5 3.75 478.0678
300.0 5.0 2.5 3.75 21.875500000000002
300.0 7.5 2.5 3.75 0.477
300.0 10.0 2.5 3.75 -4.5166
300.0 -5.0 5.0 3.75 9999999995.3321
300.0 -2.5 5.0 3.75 895376568.0603
300.0 0.0 5.0 3.75 8183246.7222
300.0 2.5 5.0 3.75 3886538.2903
300.0 5.0 5.0 3.75 22.8814
300.0 7.5 5.0 3.75 5.0174
300.0 10.0 5.0 3.75 -1.943
300.0 0.0 -2.5 5.0 566964965.1226
300.0 0.0 0.0 5.0 9999999940.9741
300.0 5.0 -7.5 6.25 249795.2094
300.0 0.0 -5.0 6.25 128396.4387
300.0 0.0 -2.5 6.25 7776.0975
300.0 0.0 0.0 6.25 10000000470.7642
300.0 0.0 2.5 6.25 9999999986.884901
300.0 0.0 5.0 6.25 3958297.8438
300.0 5.0 -7.5 7.5 138.6009
300.0 2.5 -5.0 7.5 20.6178
300.0 0.0 -2.5 7.5 2925.3898
300.0 2.5 -2.5 7.5 29.4906
300.0 0.0 0.0 7.5 9999999892.019901
300.0 -2.5 2.5 7.5 10000000021.8673
300.0 0.0 2.5 7.5 1678493136.53
300.0 -2.5 5.0 7.5 109187490.0054
300.0 0.0 5.0 7.5 269212.093
300.0 2.5 -10.0 8.75 350510.005
300.0 5.0 -7.5 8.75 6.4449000000000005
300.0 0.0 -5.0 8.75 59994.175500000005
300.0 2.5 -5.0 8.75 6.5095
300.0 5.0 -5.0 8.75 8.9398
300.0 0.0 -2.5 8.75 1836.4937
300.0 2.5 -2.5 8.75 13.961199999999998
300.0 0.0 0.0 8.75 10000000089.8082
300.0 2.5 0.0 8.75 41640730.5504
300.0 0.0 2.5 8.75 458872061.95379996
300.0 2.5 2.5 8.75 9320466811.566
300.0 -2.5 5.0 8.75 7555071872.7596
300.0 0.0 5.0 8.75 1144520564.7183
300.0 2.5 5.0 8.75 234.9746
300.0 2.5 -10.0 10.0 581885.9858
300.0 2.5 -7.5 10.0 1949.2614
300.0 5.0 -7.5 10.0 -0.4375
300.0 7.5 -7.5 10.0 -0.1089
300.0 0.0 -5.0 10.0 366780.4077
300.0 2.5 -5.0 10.0 -0.7046000000000001
300.0 5.0 -5.0 10.0 4.0215000000000005
300.0 0.0 -2.5 10.0 253118.4189
300.0 2.5 -2.5 10.0 8.4094
300.0 -5.0 0.0 10.0 9999999938.792702
300.0 -2.5 0.0 10.0 274179973.0756
300.0 0.0 0.0 10.0 2248294.6234
300.0 2.5 0.0 10.0 1743.0135
300.0 5.0 0.0 10.0 15.053399999999998
300.0 -2.5 2.5 10.0 10000000026.850601
300.0 0.0 2.5 10.0 10000000066.2938
300.0 2.5 2.5 10.0 99775713.58229999
300.0 5.0 2.5 10.0 31.8388
300.0 -2.5 5.0 10.0 9999999913.3001
300.0 0.0 5.0 10.0 1847524.1035
300.0 2.5 5.0 10.0 112.44130000000001
300.0 2.5 -10.0 11.25 3084615169.0469003
300.0 5.0 -10.0 11.25 179.5498
300.0 7.5 -10.0 11.25 -0.8533
300.0 10.0 -10.0 11.25 0.8334999999999999
300.0 2.5 -7.5 11.25 14665.4775
300.0 5.0 -7.5 11.25 -3.2216
300.0 0.0 -5.0 11.25 1334415.7284
300.0 2.5 -5.0 11.25 -1.6566
300.0 5.0 -5.0 11.25 0.6401999999999999
300.0 -2.5 -2.5 11.25 10000000110.313301
300.0 0.0 -2.5 11.25 33410856.1721
300.0 2.5 -2.5 11.25 13.6866
300.0 -5.0 0.0 11.25 10000000258.746601
300.0 -2.5 0.0 11.25 9999999833.9466
300.0 0.0 0.0 11.25 2823353.846
300.0 2.5 0.0 11.25 137.3505
300.0 -2.5 2.5 11.25 10000000194.79
300.0 0.0 2.5 11.25 18709575.0877
300.0 2.5 2.5 11.25 16678.3705
300.0 5.0 2.5 11.25 26.6512
300.0 -2.5 5.0 11.25 6743767007.8941
300.0 0.0 5.0 11.25 10000000335.3218
300.0 2.5 5.0 11.25 560.5123
300.0 7.5 5.0 11.25 11.8133
300.0 -5.0 -10.0 12.5 2090680335.3234
300.0 2.5 -10.0 12.5 178986.15579999998
300.0 5.0 -10.0 12.5 392.4862
300.0 7.5 -10.0 12.5 -0.37540000000000007
300.0 10.0 -10.0 12.5 0.1359
300.0 2.5 -7.5 12.5 100574.9267
300.0 5.0 -7.5 12.5 -3.7205
300.0 7.5 -7.5 12.5 -0.8516
300.0 -5.0 -5.0 12.5 617138780.0197
300.0 -2.5 -5.0 12.5 25350.4602
300.0 0.0 -5.0 12.5 533818.3138
300.0 2.5 -5.0 12.5 -3.9234
300.0 5.0 -5.0 12.5 -0.9947
300.0 -5.0 -2.5 12.5 1129619257.5297
300.0 -2.5 -2.5 12.5 249012750.4222
300.0 0.0 -2.5 12.5 41099.6806
300.0 2.5 -2.5 12.5 13.4137
300.0 -5.0 0.0 12.5 3798217071.515
300.0 -2.5 0.0 12.5 10000000058.7159
300.0 0.0 0.0 12.5 788549507.7631
300.0 2.5 0.0 12.5 35.3661
300.0 5.0 0.0 12.5 16.607699999999998
300.0 -2.5 2.5 12.5 10000000121.313702
300.0 0.0 2.5 12.5 6708.9903
300.0 2.5 2.5 12.5 63.2161
300.0 5.0 2.5 12.5 28.7141
300.0 7.5 2.5 12.5 10.1755
300.0 10.0 2.5 12.5 1.9969000000000001
300.0 -2.5 5.0 12.5 1653234362.8402998
300.0 0.0 5.0 12.5 10000000092.108301
300.0 2.5 5.0 12.5 23649.5626
300.0 5.0 5.0 12.5 38.8799
300.0 7.5 5.0 12.5 13.279200000000001
300.0 10.0 5.0 12.5 2.9831
300.0 0.0 -10.0 13.75 19062.4071
300.0 2.5 -10.0 13.75 527875562.0256
300.0 5.0 -10.0 13.75 4.513299999999999
300.0 7.5 -10.0 13.75 -0.1906
300.0 10.0 -10.0 13.75 0.3403
300.0 -5.0 -7.5 13.75 19797202.934100002
300.0 -2.5 -7.5 13.75 14281905.1998
300.0 2.5 -7.5 13.75 65.471
300.0 5.0 -7.5 13.75 -4.3606
300.0 7.5 -7.5 13.75 -0.6407
300.0 10.0 -7.5 13.75 0.3518
300.0 -5.0 -5.0 13.75 3899961500.5734997
300.0 -2.5 -5.0 13.75 660.7764999999999
300.0 0.0 -5.0 13.75 6203.005099999999
300.0 2.5 -5.0 13.75 -3.7051000000000003
300.0 5.0 -5.0 13.75 -1.0937999999999999
300.0 -5.0 -2.5 13.75 100352339.6747
300.0 -2.5 -2.5 13.75 10000000015.028801
300.0 0.0 -2.5 13.75 9999999958.612902
300.0 2.5 -2.5 13.75 10.1083
300.0 5.0 -2.5 13.75 5.7954
300.0 -5.0 0.0 13.75 6026323767.7693
300.0 -2.5 0.0 13.75 510053047.97319996
300.0 0.0 0.0 13.75 1801110056.3075001
300.0 2.5 0.0 13.75 30.399400000000004
300.0 5.0 0.0 13.75 16.2298
300.0 7.5 0.0 13.75 4.6267000000000005
300.0 -2.5 2.5 13.75 10000000179.130001
300.0 0.0 2.5 13.75 67994.2007
300.0 2.5 2.5 13.75 56.238
300.0 5.0 2.5 13.75 28.692500000000003
300.0 7.5 2.5 13.75 10.0395
300.0 10.0 2.5 13.75 2.0060000000000002
300.0 -2.5 5.0 13.75 10000000129.751701
300.0 0.0 5.0 13.75 914348741.0165
300.0 2.5 5.0 13.75 442858.7702
300.0 5.0 5.0 13.75 37.5271
300.0 7.5 5.0 13.75 13.3667
300.0 10.0 5.0 13.75 2.9513
300.0 -5.0 -10.0 15.0 26664235.5801
300.0 -2.5 -10.0 15.0 5580674.4004999995
300.0 0.0 -10.0 15.0 1081.3191
300.0 2.5 -10.0 15.0 4253.0675
300.0 5.0 -10.0 15.0 -2.8293
300.0 7.5 -10.0 15.0 -0.3363
300.0 10.0 -10.0 15.0 0.2444
300.0 -5.0 -7.5 15.0 537956.947
300.0 -2.5 -7.5 15.0 340287.30100000004
300.0 0.0 -7.5 15.0 -3.2457999999999996
300.0 2.5 -7.5 15.0 -1.7459999999999998
300.0 5.0 -7.5 15.0 -3.0914
300.0 7.5 -7.5 15.0 -0.2119
300.0 10.0 -7.5 15.0 0.2429
300.0 -5.0 -5.0 15.0 42476146.9172
300.0 -2.5 -5.0 15.0 6.8355
300.0 0.0 -5.0 15.0 -2.585
300.0 2.5 -5.0 15.0 -1.2327
300.0 5.0 -5.0 15.0 -0.7225
300.0 7.5 -5.0 15.0 -0.2257
300.0 10.0 -5.0 15.0 0.0817
300.0 -5.0 -2.5 15.0 13075380.7451
300.0 -2.5 -2.5 15.0 680936.8686
300.0 0.0 -2.5 15.0 3720.5244
300.0 2.5 -2.5 15.0 10.5848
300.0 5.0 -2.5 15.0 4.3174
300.0 10.0 -2.5 15.0 -0.1469
300.0 -5.0 0.0 15.0 149668847.46870002
300.0 -2.5 0.0 15.0 2786305.0113
300.0 0.0 0.0 15.0 4639.5194
300.0 2.5 0.0 15.0 26.1508
300.0 5.0 0.0 15.0 13.4666
300.0 7.5 0.0 15.0 4.0759
300.0 -5.0 2.5 15.0 119185029.39
300.0 -2.5 2.5 15.0 9999999981.268301
300.0 0.0 2.5 15.0 861171.3863
300.0 2.5 2.5 15.0 44.184
300.0 5.0 2.5 15.0 24.5092
300.0 7.5 2.5 15.0 8.822000000000001
300.0 10.0 2.5 15.0 1.5135999999999998
300.0 -2.5 5.0 15.0 10000000403.478601
300.0 0.0 5.0 15.0 375649320.8771
300.0 2.5 5.0 15.0 9696.3128
300.0 5.0 5.0 15.0 32.0082
300.0 7.5 5.0 15.0 12.0374
300.0 10.0 5.0 15.0 2.4756
300.0 -5.0 -10.0 16.25 1160.7897
300.0 -2.5 -10.0 16.25 92768884.4415
300.0 0.0 -10.0 16.25 -8.914
300.0 2.5 -10.0 16.25 -1.9701999999999993
300.0 5.0 -10.0 16.25 -2.3631
300.0 7.5 -10.0 16.25 -0.2801
300.0 10.0 -10.0 16.25 -0.000900000000000005
300.0 -5.0 -7.5 16.25 57008.4342
300.0 -2.5 -7.5 16.25 53538.9453
300.0 0.0 -7.5 16.25 -5.498
300.0 2.5 -7.5 16.25 -5.2686
300.0 5.0 -7.5 16.25 -2.2154
300.0 7.5 -7.5 16.25 -0.1127
300.0 10.0 -7.5 16.25 0.10519999999999999
300.0 -5.0 -5.0 16.25 258.6402
300.0 -2.5 -5.0 16.25 -1.6155999999999997
300.0 0.0 -5.0 16.25 -2.3561
300.0 2.5 -5.0 16.25 -0.6815
300.0 5.0 -5.0 16.25 -0.4315
300.0 7.5 -5.0 16.25 -0.23859999999999998
300.0 10.0 -5.0 16.25 0.0761
300.0 -5.0 -2.5 16.25 102120.19880000001
300.0 -2.5 -2.5 16.25 2294.4604000000004
300.0 0.0 -2.5 16.25 9.7158
300.0 2.5 -2.5 16.25 8.6232
300.0 5.0 -2.5 16.25 2.9970000000000003
300.0 7.5 -2.5 16.25 0.2192
300.0 10.0 -2.5 16.25 -0.061900000000000004
300.0 -5.0 0.0 16.25 89502892.6905
300.0 -2.5 0.0 16.25 90661617.5431
300.0 0.0 0.0 16.25 31.9271
300.0 2.5 0.0 16.25 19.565099999999997
300.0 5.0 0.0 16.25 10.425699999999999
300.0 7.5 0.0 16.25 2.9518999999999997
300.0 -5.0 2.5 16.25 54082172.1913
300.0 -2.5 2.5 16.25 10000000516.9487
300.0 0.0 2.5 16.25 1062.0837999999999
300.0 2.5 2.5 16.25 31.9648
300.0 5.0 2.5 16.25 18.831
300.0 7.5 2.5 16.25 6.834
300.0 10.0 2.5 16.25 1.0674
300.0 -5.0 5.0 16.25 10000000295.2765
300.0 -2.5 5.0 16.25 9999999718.673801
300.0 0.0 5.0 16.25 167074150.5373
300.0 2.5 5.0 16.25 347.97810000000004
300.0 5.0 5.0 16.25 24.1118
300.0 7.5 5.0 16.25 9.260499999999999
300.0 10.0 5.0 16.25 1.7473
