0.0 0.0 2.5 5.0 5004550.5111
0.0 2.5 2.5 5.0 10000000014.298
0.0 0.0 5.0 5.0 10000000059.603601
0.0 2.5 0.0 6.25 492166.9904
0.0 0.0 2.5 6.25 31662038.191600002
0.0 0.0 5.0 6.25 82495688.06379999
0.0 0.0 0.0 7.5 -4.8558
0.0 2.5 0.0 7.5 1042.3301999999999
0.0 0.0 2.5 7.5 9999999994.401901
0.0 0.0 5.0 7.5 206156804.03820002
0.0 0.0 -5.0 8.75 -4.0127
0.0 5.0 -5.0 8.75 0.8545
0.0 -2.5 -2.5 8.75 -8.610199999999999
0.0 0.0 -2.5 8.75 -6.121300000000001
0.0 -2.5 0.0 8.75 64.479
0.0 0.0 0.0 8.75 24.8757
0.0 2.5 0.0 8.75 -0.6669999999999998
0.0 0.0 2.5 8.75 6449515.7159
0.0 2.5 2.5 8.75 798669.8722999999
0.0 0.0 5.0 8.75 10000000046.762001
0.0 2.5 5.0 8.75 149579066.5792
0.0 5.0 -7.5 10.0 0.155
0.0 7.5 -7.5 10.0 0.0855
0.0 -2.5 -5.0 10.0 -2.1548
0.0 0.0 -5.0 10.0 -2.3519
0.0 2.5 -5.0 10.0 -0.6107
0.0 5.0 -5.0 10.0 0.9775
0.0 7.5 -5.0 10.0 0.7017
0.0 -2.5 -2.5 10.0 -4.7143999999999995
0.0 0.0 -2.5 10.0 -4.4055
0.0 2.5 -2.5 10.0 -1.5875
0.0 5.0 -2.5 10.0 2.1459
0.0 -2.5 0.0 10.0 -9.232
0.0 0.0 0.0 10.0 -5.325699999999999
0.0 2.5 0.0 10.0 -3.1750000000000003
0.0 0.0 2.5 10.0 6545538.5808999995
0.0 2.5 2.5 10.0 626008.2892
0.0 0.0 5.0 10.0 9999999939.8337
0.0 2.5 5.0 10.0 4331099.5594
0.0 2.5 -10.0 11.25 0.1333
0.0 5.0 -10.0 11.25 0.0806
0.0 10.0 -10.0 11.25 0.0
0.0 2.5 -7.5 11.25 0.0804
0.0 5.0 -7.5 11.25 0.046400000000000004
0.0 7.5 -7.5 11.25 -0.0093
0.0 0.0 -5.0 11.25 -0.9319
0.0 2.5 -5.0 11.25 0.2872
0.0 5.0 -5.0 11.25 0.8291
0.0 -5.0 -2.5 11.25 1.9276999999999997
0.0 -2.5 -2.5 11.25 -1.6671999999999998
0.0 0.0 -2.5 11.25 -2.8756
0.0 2.5 -2.5 11.25 -0.0008000000000000229
0.0 5.0 -2.5 11.25 2.3947999999999996
0.0 -5.0 0.0 11.25 1.4713
0.0 -2.5 0.0 11.25 -3.7194
0.0 0.0 0.0 11.25 -5.4114
0.0 2.5 0.0 11.25 -2.8041
0.0 0.0 2.5 11.25 37493640.6329
0.0 2.5 2.5 11.25 27.054100000000002
0.0 0.0 5.0 11.25 9999999946.384901
0.0 2.5 5.0 11.25 2279464.4103
0.0 -2.5 -10.0 12.5 0.0549
0.0 2.5 -10.0 12.5 0.0647
0.0 5.0 -10.0 12.5 0.0178
0.0 7.5 -10.0 12.5 0.0
0.0 10.0 -10.0 12.5 0.0
0.0 -5.0 -7.5 12.5 0.25479999999999997
0.0 0.0 -7.5 12.5 0.179
0.0 2.5 -7.5 12.5 0.1635
0.0 5.0 -7.5 12.5 0.07350000000000001
0.0 7.5 -7.5 12.5 0.0195
0.0 10.0 -7.5 12.5 0.0
0.0 -2.5 -5.0 12.5 -0.2607
0.0 0.0 -5.0 12.5 -0.2825
0.0 2.5 -5.0 12.5 0.1397
0.0 5.0 -5.0 12.5 0.24339999999999998
0.0 -2.5 -2.5 12.5 -0.5699
0.0 0.0 -2.5 12.5 -1.4874999999999998
0.0 2.5 -2.5 12.5 -0.15830000000000002
0.0 5.0 -2.5 12.5 0.9162
0.0 -5.0 0.0 12.5 4.2458
0.0 -2.5 0.0 12.5 -0.5699
0.0 0.0 0.0 12.5 -3.3921
0.0 2.5 0.0 12.5 -1.283
0.0 5.0 0.0 12.5 1.8567
0.0 -2.5 2.5 12.5 -2.9397
0.0 0.0 2.5 12.5 110.1935
0.0 2.5 2.5 12.5 -4.9651
0.0 7.5 2.5 12.5 2.3968
0.0 0.0 5.0 12.5 117858.5862
0.0 2.5 5.0 12.5 -6.701099999999999
0.0 5.0 5.0 12.5 -1.7315999999999998
0.0 -2.5 -10.0 13.75 0.0089
0.0 0.0 -10.0 13.75 0.018
0.0 2.5 -10.0 13.75 0.0086
0.0 5.0 -10.0 13.75 0.0
0.0 7.5 -10.0 13.75 0.0
0.0 10.0 -10.0 13.75 0.0
0.0 -5.0 -7.5 13.75 0.113
0.0 -2.5 -7.5 13.75 0.060500000000000005
0.0 0.0 -7.5 13.75 0.047900000000000005
0.0 2.5 -7.5 13.75 0.0436
0.0 5.0 -7.5 13.75 0.0363
0.0 7.5 -7.5 13.75 0.0002
0.0 10.0 -7.5 13.75 0.0
0.0 -2.5 -5.0 13.75 -0.0008999999999999998
0.0 0.0 -5.0 13.75 0.021900000000000003
0.0 2.5 -5.0 13.75 0.07519999999999999
0.0 5.0 -5.0 13.75 0.0174
0.0 7.5 -5.0 13.75 -0.0729
0.0 -5.0 -2.5 13.75 1.6183
0.0 -2.5 -2.5 13.75 -0.0572
0.0 0.0 -2.5 13.75 -0.8186
0.0 2.5 -2.5 13.75 -0.3286
0.0 5.0 -2.5 13.75 0.34640000000000004
0.0 7.5 -2.5 13.75 -0.0288
0.0 -5.0 0.0 13.75 4.2302
0.0 -2.5 0.0 13.75 0.6557999999999999
0.0 0.0 0.0 13.75 -1.8123
0.0 2.5 0.0 13.75 -1.2004
0.0 5.0 0.0 13.75 0.3745
0.0 7.5 0.0 13.75 0.726
0.0 10.0 0.0 13.75 0.020699999999999996
0.0 -5.0 2.5 13.75 6.1037
0.0 -2.5 2.5 13.75 0.3862000000000001
0.0 0.0 2.5 13.75 -4.7961
0.0 2.5 2.5 13.75 -3.9720000000000004
0.0 5.0 2.5 13.75 -0.8011999999999999
0.0 7.5 2.5 13.75 0.6679
0.0 -2.5 5.0 13.75 723.821
0.0 0.0 5.0 13.75 -3.9294000000000002
0.0 2.5 5.0 13.75 -7.3151
0.0 5.0 5.0 13.75 -2.4287
0.0 7.5 5.0 13.75 0.3071
0.0 10.0 5.0 13.75 0.7528
0.0 -5.0 -10.0 15.0 0.0
0.0 -2.5 -10.0 15.0 0.0
0.0 0.0 -10.0 15.0 0.0
0.0 2.5 -10.0 15.0 0.0
0.0 5.0 -10.0 15.0 0.0
0.0 7.5 -10.0 15.0 0.0
0.0 10.0 -10.0 15.0 0.0
0.0 -5.0 -7.5 15.0 0.038
0.0 -2.5 -7.5 15.0 0.0193
0.0 0.0 -7.5 15.0 -0.006500000000000001
0.0 2.5 -7.5 15.0 -0.0085
0.0 5.0 -7.5 15.0 0.0003
0.0 7.5 -7.5 15.0 0.0
0.0 10.0 -7.5 15.0 0.0
0.0 -5.0 -5.0 15.0 0.0018999999999999998
0.0 -2.5 -5.0 15.0 0.0356
0.0 0.0 -5.0 15.0 -0.0437
0.0 2.5 -5.0 15.0 -0.0259
0.0 5.0 -5.0 15.0 -0.0089
0.0 7.5 -5.0 15.0 -0.0349
0.0 10.0 -5.0 15.0 0.0
0.0 -5.0 -2.5 15.0 0.9262
0.0 -2.5 -2.5 15.0 0.01800000000000001
0.0 0.0 -2.5 15.0 -0.167
0.0 2.5 -2.5 15.0 -0.3388
0.0 5.0 -2.5 15.0 -0.2264
0.0 7.5 -2.5 15.0 -0.1255
0.0 10.0 -2.5 15.0 -0.0573
0.0 -5.0 0.0 15.0 2.6247
0.0 -2.5 0.0 15.0 0.14479999999999998
0.0 0.0 0.0 15.0 -1.7529
0.0 2.5 0.0 15.0 -1.3603999999999998
0.0 5.0 0.0 15.0 -0.8533
0.0 7.5 0.0 15.0 -0.4313
0.0 10.0 0.0 15.0 -0.054299999999999994
0.0 -5.0 2.5 15.0 4.8598
0.0 -2.5 2.5 15.0 0.6344
0.0 0.0 2.5 15.0 -2.7956
0.0 2.5 2.5 15.0 -3.4147
0.0 5.0 2.5 15.0 -1.7395
0.0 7.5 2.5 15.0 -0.4364
0.0 10.0 2.5 15.0 -0.2215
0.0 -5.0 5.0 15.0 4.2947
0.0 -2.5 5.0 15.0 -1.1702
0.0 0.0 5.0 15.0 -5.9047
0.0 2.5 5.0 15.0 -5.9172
0.0 5.0 5.0 15.0 -3.4282
0.0 7.5 5.0 15.0 -1.0519
0.0 10.0 5.0 15.0 -0.2041
0.0 -5.0 -10.0 16.25 0.0
0.0 -2.5 -10.0 16.25 0.0
0.0 0.0 -10.0 16.25 0.0
0.0 2.5 -10.0 16.25 0.0
0.0 5.0 -10.0 16.25 0.0
0.0 7.5 -10.0 16.25 0.0
0.0 10.0 -10.0 16.25 0.0
0.0 -5.0 -7.5 16.25 0.0065
0.0 -2.5 -7.5 16.25 0.0013
0.0 0.0 -7.5 16.25 -0.0022
0.0 2.5 -7.5 16.25 0.0
0.0 5.0 -7.5 16.25 0.0
0.0 7.5 -7.5 16.25 0.0
0.0 10.0 -7.5 16.25 0.0
0.0 -5.0 -5.0 16.25 0.059800000000000006
0.0 -2.5 -5.0 16.25 -0.0849
0.0 0.0 -5.0 16.25 -0.1095
0.0 2.5 -5.0 16.25 -0.0789
0.0 5.0 -5.0 16.25 -0.0907
0.0 7.5 -5.0 16.25 -0.007
0.0 10.0 -5.0 16.25 0.0
0.0 -5.0 -2.5 16.25 0.050699999999999995
0.0 -2.5 -2.5 16.25 -0.1547
0.0 0.0 -2.5 16.25 -0.4013
0.0 2.5 -2.5 16.25 -0.40650000000000003
0.0 5.0 -2.5 16.25 -0.3623
0.0 7.5 -2.5 16.25 -0.1364
0.0 10.0 -2.5 16.25 -0.0132
0.0 -5.0 0.0 16.25 1.5012
0.0 -2.5 0.0 16.25 -0.0823
0.0 0.0 0.0 16.25 -1.0392
0.0 2.5 0.0 16.25 -1.1292
0.0 5.0 0.0 16.25 -0.8609
0.0 7.5 0.0 16.25 -0.3838
0.0 10.0 0.0 16.25 -0.12940000000000002
0.0 -5.0 2.5 16.25 2.6678
0.0 -2.5 2.5 16.25 -0.13510000000000003
0.0 0.0 2.5 16.25 -2.5639999999999996
0.0 2.5 2.5 16.25 -2.8545
0.0 5.0 2.5 16.25 -2.1109
0.0 7.5 2.5 16.25 -0.9992000000000001
0.0 10.0 2.5 16.25 -0.2581
0.0 -5.0 5.0 16.25 2.5448999999999997
0.0 -2.5 5.0 16.25 -1.1991999999999998
0.0 0.0 5.0 16.25 -3.7902
0.0 2.5 5.0 16.25 -5.0054
0.0 5.0 5.0 16.25 -3.554
0.0 7.5 5.0 16.25 -1.728
0.0 10.0 5.0 16.25 -0.4886
60.0 -5.0 -10.0 3.75 -13.2026
60.0 -2.5 -10.0 3.75 -19.7938
60.0 0.0 -10.0 3.75 -18.8386
60.0 2.5 -10.0 3.75 -12.2505
60.0 5.0 -10.0 3.75 -5.0438
60.0 7.5 -10.0 3.75 -0.8542000000000001
60.0 10.0 -10.0 3.75 0.3555
60.0 -5.0 -7.5 3.75 -20.430000000000003
60.0 -2.5 -7.5 3.75 -28.9091
60.0 0.0 -7.5 3.75 -27.0642
60.0 2.5 -7.5 3.75 -16.5457
60.0 5.0 -7.5 3.75 -5.9103
60.0 7.5 -7.5 3.75 0.2741
60.0 10.0 -7.5 3.75 1.546
60.0 -5.0 -5.0 3.75 1593.771
60.0 -2.5 -5.0 3.75 -26.5181
60.0 0.0 -5.0 3.75 -15.9331
60.0 2.5 -5.0 3.75 -18.3135
60.0 5.0 -5.0 3.75 -6.6228
60.0 7.5 -5.0 3.75 -0.1539
60.0 10.0 -5.0 3.75 2.7351
60.0 -5.0 -2.5 3.75 9040.7954
60.0 -2.5 -2.5 3.75 292374.02
60.0 0.0 -2.5 3.75 1358842.5696
60.0 2.5 -2.5 3.75 431.1859
60.0 5.0 -2.5 3.75 -11.258199999999999
60.0 7.5 -2.5 3.75 -4.5866
60.0 10.0 -2.5 3.75 1.043
60.0 -5.0 0.0 3.75 101732.9148
60.0 -2.5 0.0 3.75 1207713928.5882
60.0 0.0 0.0 3.75 16084032.6353
60.0 2.5 0.0 3.75 518568.0861
60.0 5.0 0.0 3.75 8720.562899999999
60.0 7.5 0.0 3.75 -16.9341
60.0 10.0 0.0 3.75 -1.0859
60.0 -5.0 2.5 3.75 350689288.4907
60.0 -2.5 2.5 3.75 985561680.483
60.0 0.0 2.5 3.75 10000000063.564001
60.0 2.5 2.5 3.75 9999999939.4239
60.0 5.0 2.5 3.75 299766709.9041
60.0 7.5 2.5 3.75 6073.5576
60.0 10.0 2.5 3.75 -3.473
60.0 -5.0 5.0 3.75 9999999954.5291
60.0 -2.5 5.0 3.75 10000000028.4008
60.0 0.0 5.0 3.75 9999999923.531101
60.0 2.5 5.0 3.75 10000000031.138802
60.0 5.0 5.0 3.75 9999999904.694
60.0 7.5 5.0 3.75 1153014.0516
60.0 10.0 5.0 3.75 -6.3278
60.0 0.0 -2.5 6.25 2868.2324
60.0 0.0 2.5 6.25 85167810.221
60.0 5.0 -7.5 7.5 -2.2717
60.0 0.0 -5.0 7.5 4.250299999999999
60.0 0.0 -2.5 7.5 25.372700000000002
60.0 -2.5 0.0 7.5 44849.9115
60.0 0.0 0.0 7.5 446.6099
60.0 -2.5 2.5 7.5 444222.6075
60.0 0.0 2.5 7.5 3940.8813
60.0 0.0 -7.5 8.75 1.1324999999999998
60.0 0.0 -5.0 8.75 7.43
60.0 2.5 -5.0 8.75 2.46
60.0 0.0 -2.5 8.75 16.616
60.0 -2.5 0.0 8.75 369.8808
60.0 0.0 0.0 8.75 21.1055
60.0 -2.5 2.5 8.75 140845.4627
60.0 0.0 2.5 8.75 90.3415
60.0 2.5 2.5 8.75 2717.4467
60.0 -5.0 5.0 8.75 444580090.5161
60.0 -2.5 5.0 8.75 1077989386.8009999
60.0 0.0 5.0 8.75 12314971.6047
60.0 0.0 -10.0 10.0 0.5084000000000001
60.0 0.0 -7.5 10.0 2.9484000000000004
60.0 2.5 -7.5 10.0 1.476
60.0 5.0 -7.5 10.0 0.8966000000000001
60.0 0.0 -5.0 10.0 8.0675
60.0 2.5 -5.0 10.0 4.2781
60.0 0.0 -2.5 10.0 14.8572
60.0 -2.5 0.0 10.0 32.9733
60.0 0.0 0.0 10.0 17.2169
60.0 -5.0 2.5 10.0 100.6484
60.0 -2.5 2.5 10.0 115.8658
60.0 0.0 2.5 10.0 122.73910000000001
60.0 2.5 2.5 10.0 418.2289
60.0 -2.5 5.0 10.0 84198.2965
60.0 0.0 5.0 10.0 495142755.8786
60.0 2.5 5.0 10.0 10000000046.840801
60.0 0.0 -10.0 11.25 1.0932
60.0 7.5 -10.0 11.25 0.0016
60.0 10.0 -10.0 11.25 0.0
60.0 -2.5 -7.5 11.25 3.4238000000000004
60.0 0.0 -7.5 11.25 3.5599
60.0 2.5 -7.5 11.25 2.332
60.0 5.0 -7.5 11.25 0.892
60.0 7.5 -7.5 11.25 0.2068
60.0 10.0 -7.5 11.25 0.0059
60.0 0.0 -5.0 11.25 7.5712
60.0 2.5 -5.0 11.25 4.96
60.0 0.0 -2.5 11.25 11.9944
60.0 -2.5 0.0 11.25 22.1511
60.0 0.0 0.0 11.25 14.4802
60.0 2.5 0.0 11.25 3.9130000000000003
60.0 -5.0 2.5 11.25 23.6905
60.0 -2.5 2.5 11.25 20.7845
60.0 0.0 2.5 11.25 10.752799999999999
60.0 2.5 2.5 11.25 56.9285
60.0 -5.0 5.0 11.25 3511.0007
60.0 -2.5 5.0 11.25 47.4761
60.0 0.0 5.0 11.25 12395.5325
60.0 2.5 5.0 11.25 28911.6694
60.0 5.0 5.0 11.25 -6.5663
60.0 0.0 -10.0 12.5 0.764
60.0 2.5 -10.0 12.5 0.3411
60.0 5.0 -10.0 12.5 0.0055
60.0 7.5 -10.0 12.5 0.0
60.0 10.0 -10.0 12.5 0.0
60.0 -2.5 -7.5 12.5 2.9459999999999997
60.0 0.0 -7.5 12.5 3.0113000000000003
60.0 2.5 -7.5 12.5 1.8221999999999998
60.0 5.0 -7.5 12.5 0.6964
60.0 7.5 -7.5 12.5 0.0395
60.0 10.0 -7.5 12.5 0.0
60.0 -5.0 -5.0 12.5 2.9208
60.0 -2.5 -5.0 12.5 5.9824
60.0 0.0 -5.0 12.5 6.6724
60.0 2.5 -5.0 12.5 4.0347
60.0 -2.5 -2.5 12.5 11.2869
60.0 0.0 -2.5 12.5 9.3165
60.0 5.0 -2.5 12.5 1.5022
60.0 -5.0 0.0 12.5 13.3362
60.0 -2.5 0.0 12.5 15.6457
60.0 0.0 0.0 12.5 11.248899999999999
60.0 2.5 0.0 12.5 4.9704999999999995
60.0 -5.0 2.5 12.5 14.9583
60.0 -2.5 2.5 12.5 14.272599999999999
60.0 0.0 2.5 12.5 5.3827
60.0 2.5 2.5 12.5 0.595
60.0 -5.0 5.0 12.5 18.075200000000002
60.0 -2.5 5.0 12.5 2.7425999999999995
60.0 0.0 5.0 12.5 153.14
60.0 2.5 5.0 12.5 33.9101
60.0 5.0 5.0 12.5 -4.8538
60.0 -2.5 -10.0 13.75 0.2937
60.0 0.0 -10.0 13.75 0.20900000000000002
60.0 2.5 -10.0 13.75 0.0063
60.0 5.0 -10.0 13.75 0.0
60.0 7.5 -10.0 13.75 0.0
60.0 10.0 -10.0 13.75 0.0
60.0 -2.5 -7.5 13.75 2.0029
60.0 0.0 -7.5 13.75 1.8434
60.0 2.5 -7.5 13.75 0.8742
60.0 5.0 -7.5 13.75 0.1028
60.0 7.5 -7.5 13.75 0.0037
60.0 10.0 -7.5 13.75 0.0
60.0 -5.0 -5.0 13.75 2.1102000000000003
60.0 -2.5 -5.0 13.75 4.6526
60.0 0.0 -5.0 13.75 4.761
60.0 2.5 -5.0 13.75 2.6782
60.0 5.0 -5.0 13.75 0.6895
60.0 7.5 -5.0 13.75 0.016
60.0 10.0 -5.0 13.75 0.0043
60.0 -5.0 -2.5 13.75 5.218
60.0 -2.5 -2.5 13.75 8.1445
60.0 0.0 -2.5 13.75 7.4307
60.0 2.5 -2.5 13.75 4.1627
60.0 5.0 -2.5 13.75 1.5197999999999998
60.0 7.5 -2.5 13.75 0.0086
60.0 -5.0 0.0 13.75 9.033100000000001
60.0 -2.5 0.0 13.75 10.343300000000001
60.0 0.0 0.0 13.75 7.9592
60.0 2.5 0.0 13.75 4.3645000000000005
60.0 5.0 0.0 13.75 0.7035
60.0 -5.0 2.5 13.75 10.2798
60.0 -2.5 2.5 13.75 9.5445
60.0 0.0 2.5 13.75 4.1731
60.0 2.5 2.5 13.75 0.6045
60.0 -5.0 5.0 13.75 8.8797
60.0 -2.5 5.0 13.75 1.7052000000000005
60.0 0.0 5.0 13.75 -1.0783
60.0 2.5 5.0 13.75 -5.2221
60.0 5.0 5.0 13.75 -2.3089
60.0 -5.0 -10.0 15.0 0.0
60.0 -2.5 -10.0 15.0 0.0009
60.0 0.0 -10.0 15.0 0.0
60.0 2.5 -10.0 15.0 0.0
60.0 5.0 -10.0 15.0 0.0
60.0 7.5 -10.0 15.0 0.0
60.0 10.0 -10.0 15.0 0.0
60.0 -5.0 -7.5 15.0 0.4704
60.0 -2.5 -7.5 15.0 0.9312
60.0 0.0 -7.5 15.0 0.5975
60.0 2.5 -7.5 15.0 0.1173
60.0 5.0 -7.5 15.0 0.003
60.0 7.5 -7.5 15.0 0.0
60.0 10.0 -7.5 15.0 0.0
60.0 -5.0 -5.0 15.0 1.4082999999999999
60.0 -2.5 -5.0 15.0 2.7662
60.0 0.0 -5.0 15.0 2.4525
60.0 2.5 -5.0 15.0 1.0803
60.0 5.0 -5.0 15.0 0.004
60.0 7.5 -5.0 15.0 -0.0004
60.0 10.0 -5.0 15.0 0.0
60.0 -5.0 -2.5 15.0 3.3988
60.0 -2.5 -2.5 15.0 5.2289
60.0 0.0 -2.5 15.0 4.5469
60.0 2.5 -2.5 15.0 2.5380000000000003
60.0 5.0 -2.5 15.0 0.26389999999999997
60.0 7.5 -2.5 15.0 -0.01
60.0 10.0 -2.5 15.0 -0.0255
60.0 -5.0 0.0 15.0 5.3409
60.0 -2.5 0.0 15.0 6.5869
60.0 0.0 0.0 15.0 5.0425
60.0 2.5 0.0 15.0 2.1262000000000003
60.0 5.0 0.0 15.0 0.12880000000000003
60.0 7.5 0.0 15.0 -0.1899
60.0 10.0 0.0 15.0 -0.0115
60.0 -5.0 2.5 15.0 7.1502
60.0 -2.5 2.5 15.0 5.7263
60.0 0.0 2.5 15.0 2.7481999999999998
60.0 2.5 2.5 15.0 0.20710000000000006
60.0 5.0 2.5 15.0 -0.8741
60.0 7.5 2.5 15.0 -0.4319
60.0 10.0 2.5 15.0 -0.0799
60.0 -5.0 5.0 15.0 5.3592
60.0 -2.5 5.0 15.0 1.4054999999999997
60.0 0.0 5.0 15.0 -3.3000999999999996
60.0 2.5 5.0 15.0 -3.5251
60.0 5.0 5.0 15.0 -2.3059000000000003
60.0 -5.0 -10.0 16.25 0.0
60.0 -2.5 -10.0 16.25 0.0
60.0 0.0 -10.0 16.25 0.0
60.0 2.5 -10.0 16.25 0.0
60.0 5.0 -10.0 16.25 0.0
60.0 7.5 -10.0 16.25 0.0
60.0 10.0 -10.0 16.25 0.0
60.0 -5.0 -7.5 16.25 0.0165
60.0 -2.5 -7.5 16.25 0.053
60.0 0.0 -7.5 16.25 0.0116
60.0 2.5 -7.5 16.25 0.0
60.0 5.0 -7.5 16.25 0.0
60.0 7.5 -7.5 16.25 0.0
60.0 10.0 -7.5 16.25 0.0
60.0 -5.0 -5.0 16.25 0.5914
60.0 -2.5 -5.0 16.25 1.1158000000000001
60.0 0.0 -5.0 16.25 0.6514
60.0 2.5 -5.0 16.25 -0.0542
60.0 5.0 -5.0 16.25 -0.0404
60.0 7.5 -5.0 16.25 -0.0002
60.0 10.0 -5.0 16.25 0.0
60.0 -5.0 -2.5 16.25 1.7692
60.0 -2.5 -2.5 16.25 2.447
60.0 0.0 -2.5 16.25 2.0351
60.0 2.5 -2.5 16.25 0.5784
60.0 5.0 -2.5 16.25 -0.1625
60.0 7.5 -2.5 16.25 -0.0615
60.0 10.0 -2.5 16.25 -0.0025
60.0 -5.0 0.0 16.25 3.2190000000000003
60.0 -2.5 0.0 16.25 3.7683
60.0 0.0 0.0 16.25 2.2605999999999997
60.0 2.5 0.0 16.25 0.7029
60.0 5.0 0.0 16.25 -0.2613
60.0 7.5 0.0 16.25 -0.1719
60.0 10.0 0.0 16.25 -0.0326
60.0 -5.0 2.5 16.25 3.5754
60.0 -2.5 2.5 16.25 2.3779
60.0 0.0 2.5 16.25 1.024
60.0 2.5 2.5 16.25 -0.3187
60.0 5.0 2.5 16.25 -0.7548
60.0 7.5 2.5 16.25 -0.33780000000000004
60.0 10.0 2.5 16.25 -0.07260000000000001
60.0 -5.0 5.0 16.25 3.0292
60.0 -2.5 5.0 16.25 -0.35550000000000004
60.0 0.0 5.0 16.25 -2.9611
60.0 2.5 5.0 16.25 -2.6357999999999997
60.0 5.0 5.0 16.25 -1.5485000000000002
60.0 7.5 5.0 16.25 -0.3935
60.0 10.0 5.0 16.25 -0.0911
120.0 -5.0 -10.0 3.75 1.4806000000000001
120.0 -2.5 -10.0 3.75 0.30419999999999997
120.0 0.0 -10.0 3.75 -3.6027
120.0 2.5 -10.0 3.75 -7.7815
120.0 5.0 -10.0 3.75 -10.250399999999999
120.0 7.5 -10.0 3.75 -9.486799999999999
120.0 10.0 -10.0 3.75 -5.8031999999999995
120.0 -5.0 -7.5 3.75 3.1968
120.0 -2.5 -7.5 3.75 1.0968999999999998
120.0 0.0 -7.5 3.75 -7.1144
120.0 2.5 -7.5 3.75 -16.0427
120.0 5.0 -7.5 3.75 -21.4963
120.0 7.5 -7.5 3.75 -18.979499999999998
120.0 10.0 -7.5 3.75 -11.624799999999999
120.0 -5.0 -5.0 3.75 23.977800000000002
120.0 -2.5 -5.0 3.75 1940528.3309000002
120.0 0.0 -5.0 3.75 25.975199999999997
120.0 2.5 -5.0 3.75 -25.8176
120.0 5.0 -5.0 3.75 -32.2392
120.0 7.5 -5.0 3.75 -27.9266
120.0 10.0 -5.0 3.75 -15.699200000000001
120.0 -5.0 -2.5 3.75 152529617.7709
120.0 -2.5 -2.5 3.75 23867.644600000003
120.0 0.0 -2.5 3.75 9999999905.8017
120.0 2.5 -2.5 3.75 138515.77850000001
120.0 5.0 -2.5 3.75 -31.8813
120.0 7.5 -2.5 3.75 37.1344
120.0 10.0 -2.5 3.75 -17.8945
120.0 -5.0 0.0 3.75 2027849545.3788002
120.0 -2.5 0.0 3.75 5406691.1559
120.0 0.0 0.0 3.75 5520634309.5864
120.0 2.5 0.0 3.75 381123.5364
120.0 5.0 0.0 3.75 24455037.6145
120.0 7.5 0.0 3.75 318675.3653
120.0 10.0 0.0 3.75 -22.944399999999998
120.0 -5.0 2.5 3.75 10000000028.1081
120.0 -2.5 2.5 3.75 9999999961.5783
120.0 0.0 2.5 3.75 10000000025.424501
120.0 2.5 2.5 3.75 106953498.0146
120.0 5.0 2.5 3.75 9999999971.710701
120.0 7.5 2.5 3.75 38721.352699999996
120.0 10.0 2.5 3.75 -25.3035
120.0 -5.0 5.0 3.75 10000000381.643301
120.0 -2.5 5.0 3.75 10000000366.4955
120.0 0.0 5.0 3.75 10000000331.3917
120.0 2.5 5.0 3.75 9999999962.675001
120.0 5.0 5.0 3.75 9999999936.6917
120.0 7.5 5.0 3.75 8786.0034
120.0 10.0 5.0 3.75 -19.9729
120.0 -2.5 0.0 5.0 9353406356.1602
120.0 -2.5 2.5 5.0 312576353.4367
120.0 0.0 -2.5 6.25 12.963999999999999
120.0 -2.5 0.0 6.25 10000000045.2763
120.0 -2.5 2.5 6.25 63365754.8277
120.0 -2.5 5.0 6.25 9999999944.5216
120.0 0.0 -7.5 7.5 -2.2412
120.0 -2.5 -5.0 7.5 -1.8161
120.0 0.0 -5.0 7.5 -4.3885
120.0 -2.5 -2.5 7.5 40.4191
120.0 0.0 -2.5 7.5 -5.7055
120.0 -2.5 0.0 7.5 291010686.8936
120.0 -2.5 2.5 7.5 1237740195.3795002
120.0 0.0 2.5 7.5 176788359.80629998
120.0 -2.5 5.0 7.5 1861488207.1304998
120.0 0.0 -7.5 8.75 -1.1632
120.0 -2.5 -5.0 8.75 -2.5126
120.0 0.0 -5.0 8.75 -1.6521
120.0 2.5 -5.0 8.75 -0.418
120.0 -2.5 -2.5 8.75 -1.0053999999999998
120.0 0.0 -2.5 8.75 -1.9794999999999998
120.0 -2.5 0.0 8.75 597775965.2179999
120.0 0.0 0.0 8.75 6484.094999999999
120.0 -2.5 2.5 8.75 68724712.6733
120.0 0.0 2.5 8.75 104191602.407
120.0 -5.0 5.0 8.75 9999999948.388102
120.0 -2.5 5.0 8.75 10000000273.743
120.0 0.0 -7.5 10.0 -0.662
120.0 2.5 -7.5 10.0 -0.274
120.0 -2.5 -5.0 10.0 -2.6717
120.0 0.0 -5.0 10.0 -0.5678000000000001
120.0 2.5 -5.0 10.0 1.307
120.0 -2.5 -2.5 10.0 -5.5428
120.0 0.0 -2.5 10.0 -0.17700000000000005
120.0 -2.5 0.0 10.0 253441.3424
120.0 0.0 0.0 10.0 8.4972
120.0 -2.5 2.5 10.0 2408252.9552
120.0 0.0 2.5 10.0 646107.0236
120.0 2.5 2.5 10.0 22.047
120.0 -5.0 5.0 10.0 10000000165.629002
120.0 -2.5 5.0 10.0 4337107889.6799
120.0 0.0 5.0 10.0 9999999933.9759
120.0 0.0 -10.0 11.25 -0.1783
120.0 2.5 -10.0 11.25 -0.10840000000000001
120.0 5.0 -10.0 11.25 0.1157
120.0 7.5 -10.0 11.25 0.0895
120.0 0.0 -7.5 11.25 -0.7822
120.0 2.5 -7.5 11.25 0.3126
120.0 5.0 -7.5 11.25 0.6868
120.0 -2.5 -5.0 11.25 -2.1492
120.0 0.0 -5.0 11.25 -0.5886
120.0 2.5 -5.0 11.25 1.789
120.0 -5.0 -2.5 11.25 -4.3854999999999995
120.0 -2.5 -2.5 11.25 -4.1314
120.0 0.0 -2.5 11.25 0.9949999999999999
120.0 -5.0 0.0 11.25 -6.7389
120.0 -2.5 0.0 11.25 -0.4267
120.0 0.0 0.0 11.25 5.503099999999999
120.0 2.5 0.0 11.25 12.5708
120.0 5.0 0.0 11.25 14.1019
120.0 -5.0 2.5 11.25 81375.62719999999
120.0 -2.5 2.5 11.25 442.6254
120.0 0.0 2.5 11.25 48.4237
120.0 2.5 2.5 11.25 16.3539
120.0 -5.0 5.0 11.25 415758.7745
120.0 -2.5 5.0 11.25 1090774630.5696
120.0 0.0 5.0 11.25 34427.909
120.0 2.5 5.0 11.25 262.0204
120.0 -5.0 -10.0 12.5 -0.106
120.0 0.0 -10.0 12.5 -0.0613
120.0 2.5 -10.0 12.5 0.0054
120.0 5.0 -10.0 12.5 0.0001
120.0 7.5 -10.0 12.5 0.0
120.0 10.0 -10.0 12.5 0.0
120.0 -2.5 -7.5 12.5 -0.8608
120.0 0.0 -7.5 12.5 -0.7795
120.0 2.5 -7.5 12.5 0.26789999999999997
120.0 5.0 -7.5 12.5 0.7417
120.0 -2.5 -5.0 12.5 -2.1595999999999997
120.0 0.0 -5.0 12.5 -0.4762
120.0 2.5 -5.0 12.5 1.5171000000000001
120.0 -5.0 -2.5 12.5 -3.9114
120.0 -2.5 -2.5 12.5 -3.1944
120.0 0.0 -2.5 12.5 0.9387999999999999
120.0 -5.0 0.0 12.5 -5.3436
120.0 -2.5 0.0 12.5 -2.7544
120.0 0.0 0.0 12.5 3.9364999999999997
120.0 2.5 0.0 12.5 9.5356
120.0 5.0 0.0 12.5 10.9497
120.0 -5.0 2.5 12.5 12.2783
120.0 -2.5 2.5 12.5 0.42029999999999923
120.0 0.0 2.5 12.5 8.6619
120.0 2.5 2.5 12.5 12.4231
120.0 5.0 2.5 12.5 13.6517
120.0 -5.0 5.0 12.5 7.9812
120.0 -2.5 5.0 12.5 736.4431999999999
120.0 0.0 5.0 12.5 12.3393
120.0 2.5 5.0 12.5 11.4873
120.0 5.0 5.0 12.5 11.0911
120.0 7.5 5.0 12.5 6.5502
120.0 -5.0 -10.0 13.75 -0.0097
120.0 -2.5 -10.0 13.75 -0.0223
120.0 0.0 -10.0 13.75 -0.0147
120.0 2.5 -10.0 13.75 0.0
120.0 5.0 -10.0 13.75 0.0
120.0 7.5 -10.0 13.75 0.0
120.0 10.0 -10.0 13.75 0.0
120.0 -2.5 -7.5 13.75 -0.5161
120.0 0.0 -7.5 13.75 -0.416
120.0 2.5 -7.5 13.75 0.0053
120.0 5.0 -7.5 13.75 0.3437
120.0 7.5 -7.5 13.75 0.2904
120.0 10.0 -7.5 13.75 0.0324
120.0 -5.0 -5.0 13.75 -1.1479
120.0 -2.5 -5.0 13.75 -1.359
120.0 0.0 -5.0 13.75 -0.5295
120.0 2.5 -5.0 13.75 0.9208000000000001
120.0 -5.0 -2.5 13.75 -3.0431000000000004
120.0 -2.5 -2.5 13.75 -2.5751
120.0 0.0 -2.5 13.75 0.13729999999999998
120.0 2.5 -2.5 13.75 3.3523
120.0 -5.0 0.0 13.75 -3.7270000000000003
120.0 -2.5 0.0 13.75 -2.2874999999999996
120.0 0.0 0.0 13.75 2.3555
120.0 2.5 0.0 13.75 6.406
120.0 -5.0 2.5 13.75 -5.696899999999999
120.0 -2.5 2.5 13.75 -0.8736000000000002
120.0 0.0 2.5 13.75 4.595400000000001
120.0 2.5 2.5 13.75 8.3796
120.0 5.0 2.5 13.75 9.475
120.0 7.5 2.5 13.75 6.802
120.0 -5.0 5.0 13.75 -7.0922
120.0 -2.5 5.0 13.75 0.8171000000000008
120.0 0.0 5.0 13.75 4.8100000000000005
120.0 2.5 5.0 13.75 7.4759
120.0 5.0 5.0 13.75 8.0414
120.0 7.5 5.0 13.75 5.3496999999999995
120.0 -5.0 -10.0 15.0 0.0004
120.0 -2.5 -10.0 15.0 -0.0054
120.0 0.0 -10.0 15.0 -0.0003
120.0 2.5 -10.0 15.0 0.0
120.0 5.0 -10.0 15.0 0.0
120.0 7.5 -10.0 15.0 0.0
120.0 10.0 -10.0 15.0 0.0
120.0 -5.0 -7.5 15.0 -0.2288
120.0 -2.5 -7.5 15.0 -0.279
120.0 0.0 -7.5 15.0 -0.1148
120.0 2.5 -7.5 15.0 -0.069
120.0 5.0 -7.5 15.0 0.0067
120.0 7.5 -7.5 15.0 0.0007
120.0 10.0 -7.5 15.0 0.0
120.0 -5.0 -5.0 15.0 -0.8137000000000001
120.0 -2.5 -5.0 15.0 -0.7646999999999999
120.0 0.0 -5.0 15.0 -0.3102
120.0 2.5 -5.0 15.0 0.5838
120.0 5.0 -5.0 15.0 1.1154000000000002
120.0 7.5 -5.0 15.0 0.6782
120.0 10.0 -5.0 15.0 0.1463
120.0 -5.0 -2.5 15.0 -1.6579
120.0 -2.5 -2.5 15.0 -1.4998
120.0 0.0 -2.5 15.0 0.1071
120.0 2.5 -2.5 15.0 1.8776
120.0 5.0 -2.5 15.0 2.5751
120.0 7.5 -2.5 15.0 2.0377
120.0 10.0 -2.5 15.0 0.7867
120.0 -5.0 0.0 15.0 -3.0741
120.0 -2.5 0.0 15.0 -1.4878
120.0 0.0 0.0 15.0 1.4321000000000002
120.0 2.5 0.0 15.0 4.2964
120.0 5.0 0.0 15.0 5.0198
120.0 10.0 0.0 15.0 1.6562999999999999
120.0 -5.0 2.5 15.0 -3.5686999999999998
120.0 -2.5 2.5 15.0 -1.4139
120.0 0.0 2.5 15.0 2.1258999999999997
120.0 2.5 2.5 15.0 5.3029
120.0 5.0 2.5 15.0 6.1247
120.0 7.5 2.5 15.0 4.3669
120.0 10.0 2.5 15.0 2.0614
120.0 -5.0 5.0 15.0 -4.7447
120.0 -2.5 5.0 15.0 -1.8205
120.0 0.0 5.0 15.0 2.2405
120.0 2.5 5.0 15.0 4.1024
120.0 5.0 5.0 15.0 5.2986
120.0 7.5 5.0 15.0 3.314
120.0 10.0 5.0 15.0 1.4673
120.0 -5.0 -10.0 16.25 0.0
120.0 -2.5 -10.0 16.25 0.0
120.0 0.0 -10.0 16.25 0.0
120.0 2.5 -10.0 16.25 0.0
120.0 5.0 -10.0 16.25 0.0
120.0 7.5 -10.0 16.25 0.0
120.0 10.0 -10.0 16.25 0.0
120.0 -5.0 -7.5 16.25 -0.0558
120.0 -2.5 -7.5 16.25 -0.0698
120.0 0.0 -7.5 16.25 -0.0606
120.0 2.5 -7.5 16.25 -0.0091
120.0 5.0 -7.5 16.25 0.0
120.0 7.5 -7.5 16.25 0.0
120.0 10.0 -7.5 16.25 0.0
120.0 -5.0 -5.0 16.25 -0.5158
120.0 -2.5 -5.0 16.25 -0.4121
120.0 0.0 -5.0 16.25 -0.1439
120.0 2.5 -5.0 16.25 0.1668
120.0 5.0 -5.0 16.25 0.0876
120.0 7.5 -5.0 16.25 0.0272
120.0 10.0 -5.0 16.25 0.0
120.0 -5.0 -2.5 16.25 -0.9684
120.0 -2.5 -2.5 16.25 -0.5768000000000001
120.0 0.0 -2.5 16.25 0.1079
120.0 2.5 -2.5 16.25 0.7025
120.0 5.0 -2.5 16.25 1.0849
120.0 7.5 -2.5 16.25 0.7183
120.0 10.0 -2.5 16.25 0.0374
120.0 -5.0 0.0 16.25 -1.4455
120.0 -2.5 0.0 16.25 -1.3433
120.0 0.0 0.0 16.25 0.357
120.0 2.5 0.0 16.25 2.1934
120.0 5.0 0.0 16.25 2.2696
120.0 7.5 0.0 16.25 1.6607999999999998
120.0 10.0 0.0 16.25 0.4601
120.0 -5.0 2.5 16.25 -1.5962
120.0 -2.5 2.5 16.25 -1.0028000000000001
120.0 0.0 2.5 16.25 0.8403999999999999
120.0 2.5 2.5 16.25 2.6138000000000003
120.0 5.0 2.5 16.25 3.0065
120.0 7.5 2.5 16.25 2.036
120.0 10.0 2.5 16.25 0.7117
120.0 -5.0 5.0 16.25 -3.0427999999999997
120.0 -2.5 5.0 16.25 -1.7860999999999998
120.0 0.0 5.0 16.25 0.06840000000000002
120.0 2.5 5.0 16.25 1.8503000000000003
120.0 5.0 5.0 16.25 2.2622999999999998
120.0 7.5 5.0 16.25 1.5491
120.0 10.0 5.0 16.25 0.7345
180.0 -5.0 -10.0 3.75 -3.6824
180.0 -2.5 -10.0 3.75 -2.4519
180.0 0.0 -10.0 3.75 -0.936
180.0 2.5 -10.0 3.75 0.5208
180.0 5.0 -10.0 3.75 0.9707
180.0 7.5 -10.0 3.75 0.8442999999999999
180.0 10.0 -10.0 3.75 0.5509999999999999
180.0 -5.0 -7.5 3.75 -4.6505
180.0 -2.5 -7.5 3.75 -5.0499
180.0 0.0 -7.5 3.75 -4.2872
180.0 2.5 -7.5 3.75 0.39959999999999996
180.0 5.0 -7.5 3.75 0.7965999999999999
180.0 7.5 -7.5 3.75 0.34140000000000004
180.0 10.0 -7.5 3.75 -0.029000000000000005
180.0 -5.0 -5.0 3.75 0.4285
180.0 -2.5 -5.0 3.75 32.9287
180.0 0.0 -5.0 3.75 7.7001
180.0 2.5 -5.0 3.75 37.6756
180.0 5.0 -5.0 3.75 -0.9037999999999999
180.0 7.5 -5.0 3.75 -4.1924
180.0 10.0 -5.0 3.75 -2.9108
180.0 -5.0 -2.5 3.75 68082499.37
180.0 -2.5 -2.5 3.75 44427.7441
180.0 0.0 -2.5 3.75 671500767.7704
180.0 2.5 -2.5 3.75 47592.5796
180.0 5.0 -2.5 3.75 49723005.2558
180.0 7.5 -2.5 3.75 2325.0702
180.0 10.0 -2.5 3.75 -9.5584
180.0 -5.0 0.0 3.75 10000000128.8775
180.0 -2.5 0.0 3.75 10000000054.645
180.0 0.0 0.0 3.75 10000000068.653502
180.0 2.5 0.0 3.75 14050523.4663
180.0 5.0 0.0 3.75 32836238.696599998
180.0 7.5 0.0 3.75 103437.7238
180.0 10.0 0.0 3.75 -19.3357
180.0 -5.0 2.5 3.75 1791786840.5516999
180.0 -2.5 2.5 3.75 240418534.8085
180.0 0.0 2.5 3.75 10000000018.5209
180.0 2.5 2.5 3.75 10000000030.5161
180.0 5.0 2.5 3.75 1397061419.5538
180.0 7.5 2.5 3.75 28869757.186100002
180.0 10.0 2.5 3.75 -29.5346
180.0 -5.0 5.0 3.75 9999999760.047602
180.0 -2.5 5.0 3.75 4808655221.5838
180.0 0.0 5.0 3.75 10000000024.651701
180.0 2.5 5.0 3.75 9999999983.3652
180.0 5.0 5.0 3.75 204581563.7808
180.0 7.5 5.0 3.75 27885.533900000002
180.0 10.0 5.0 3.75 -32.4718
180.0 -2.5 2.5 5.0 9999999936.467402
180.0 -2.5 -2.5 6.25 38.1964
180.0 -2.5 0.0 6.25 38916.3804
180.0 -2.5 -2.5 7.5 14.976300000000002
180.0 -2.5 0.0 7.5 299934.5802
180.0 -2.5 2.5 7.5 2102499.8017
180.0 0.0 2.5 7.5 16254081.9137
180.0 2.5 2.5 7.5 80384040.78770001
180.0 2.5 -10.0 8.75 0.43989999999999996
180.0 -2.5 -7.5 8.75 4.208200000000001
180.0 2.5 -7.5 8.75 1.0553
180.0 5.0 -7.5 8.75 0.3275
180.0 -5.0 -5.0 8.75 7.9657
180.0 -2.5 -5.0 8.75 8.155
180.0 -5.0 -2.5 8.75 20.703699999999998
180.0 -2.5 -2.5 8.75 12.855599999999999
180.0 0.0 -2.5 8.75 7.6885
180.0 -5.0 0.0 8.75 2245310.2029000004
180.0 -2.5 0.0 8.75 10640.642
180.0 0.0 0.0 8.75 161000.7341
180.0 -5.0 2.5 8.75 9999999995.069801
180.0 -2.5 2.5 8.75 1857899851.0652
180.0 0.0 2.5 8.75 2662365.9312
180.0 2.5 2.5 8.75 283089874.6596
180.0 0.0 5.0 8.75 10000000063.3539
180.0 2.5 5.0 8.75 1228329028.0479999
180.0 2.5 -10.0 10.0 0.4532
180.0 -2.5 -7.5 10.0 3.3773
180.0 0.0 -7.5 10.0 2.0266
180.0 2.5 -7.5 10.0 0.9483999999999999
180.0 5.0 -7.5 10.0 0.0197
180.0 -5.0 -5.0 10.0 6.2835
180.0 -2.5 -5.0 10.0 6.3872
180.0 0.0 -5.0 10.0 3.9808
180.0 -5.0 -2.5 10.0 8.6768
180.0 -2.5 -2.5 10.0 8.0528
180.0 0.0 -2.5 10.0 4.7286
180.0 -5.0 0.0 10.0 76608.413
180.0 -2.5 0.0 10.0 60690.547999999995
180.0 0.0 0.0 10.0 208.1925
180.0 -5.0 2.5 10.0 1725.3747999999998
180.0 -2.5 2.5 10.0 576879312.3010999
180.0 0.0 2.5 10.0 951352.4528999999
180.0 2.5 2.5 10.0 395424.2821
180.0 -2.5 5.0 10.0 17550529.2562
180.0 0.0 5.0 10.0 9999999872.017101
180.0 2.5 5.0 10.0 5421027.2389
180.0 5.0 5.0 10.0 19084.0726
180.0 -2.5 -10.0 11.25 0.8276
180.0 2.5 -10.0 11.25 0.32670000000000005
180.0 5.0 -10.0 11.25 0.1982
180.0 -2.5 -7.5 11.25 2.1124
180.0 0.0 -7.5 11.25 1.3573
180.0 2.5 -7.5 11.25 0.5253
180.0 5.0 -7.5 11.25 -0.005300000000000001
180.0 -5.0 -5.0 11.25 4.482200000000001
180.0 -2.5 -5.0 11.25 4.0133
180.0 0.0 -5.0 11.25 2.4832
180.0 -5.0 -2.5 11.25 6.2182
180.0 -2.5 -2.5 11.25 3.3006
180.0 0.0 -2.5 11.25 1.8598
180.0 -5.0 0.0 11.25 30.3876
180.0 -2.5 0.0 11.25 1084.2433
180.0 0.0 0.0 11.25 13.1564
180.0 -5.0 2.5 11.25 512.6114
180.0 -2.5 2.5 11.25 24620.3714
180.0 0.0 2.5 11.25 611.0305
180.0 2.5 2.5 11.25 885.7009
180.0 -5.0 5.0 11.25 1121820.0084000002
180.0 -2.5 5.0 11.25 12574155.3934
180.0 0.0 5.0 11.25 26055.4883
180.0 2.5 5.0 11.25 456.7294
180.0 5.0 5.0 11.25 69.2402
180.0 7.5 5.0 11.25 7.053700000000001
180.0 -2.5 -10.0 12.5 0.5707
180.0 0.0 -10.0 12.5 0.4902
180.0 2.5 -10.0 12.5 0.2385
180.0 5.0 -10.0 12.5 0.146
180.0 7.5 -10.0 12.5 0.0253
180.0 -2.5 -7.5 12.5 1.3197999999999999
180.0 0.0 -7.5 12.5 1.0437
180.0 2.5 -7.5 12.5 0.3125
180.0 5.0 -7.5 12.5 0.2025
180.0 -5.0 -5.0 12.5 2.4696000000000002
180.0 -2.5 -5.0 12.5 1.8476
180.0 0.0 -5.0 12.5 1.262
180.0 2.5 -5.0 12.5 0.156
180.0 5.0 -5.0 12.5 -0.08
180.0 -5.0 -2.5 12.5 3.3495999999999997
180.0 -2.5 -2.5 12.5 1.2359999999999998
180.0 0.0 -2.5 12.5 0.2622
180.0 2.5 -2.5 12.5 -0.2845
180.0 5.0 -2.5 12.5 -0.9373
180.0 -5.0 0.0 12.5 -0.3778999999999999
180.0 -2.5 0.0 12.5 -3.7584999999999997
180.0 0.0 0.0 12.5 -3.3177
180.0 2.5 0.0 12.5 -1.7776
180.0 -5.0 2.5 12.5 151.1811
180.0 -2.5 2.5 12.5 900.0247
180.0 0.0 2.5 12.5 4.5959
180.0 2.5 2.5 12.5 2.3435
180.0 5.0 2.5 12.5 2.0793999999999997
180.0 -5.0 5.0 12.5 371.7175
180.0 -2.5 5.0 12.5 27208.8025
180.0 0.0 5.0 12.5 123.8616
180.0 2.5 5.0 12.5 -0.006800000000000139
180.0 5.0 5.0 12.5 4.4393
180.0 7.5 5.0 12.5 6.233499999999999
180.0 10.0 5.0 12.5 4.4283
180.0 -5.0 -10.0 13.75 0.1259
180.0 -2.5 -10.0 13.75 0.1509
180.0 0.0 -10.0 13.75 0.17270000000000002
180.0 2.5 -10.0 13.75 0.125
180.0 5.0 -10.0 13.75 0.0133
180.0 7.5 -10.0 13.75 0.0
180.0 -5.0 -7.5 13.75 0.49169999999999997
180.0 -2.5 -7.5 13.75 0.7044999999999999
180.0 0.0 -7.5 13.75 0.6024999999999999
180.0 2.5 -7.5 13.75 0.4207
180.0 5.0 -7.5 13.75 0.1411
180.0 10.0 -7.5 13.75 -0.0105
180.0 -5.0 -5.0 13.75 0.5791999999999999
180.0 -2.5 -5.0 13.75 0.8604
180.0 0.0 -5.0 13.75 0.7881
180.0 2.5 -5.0 13.75 0.25980000000000003
180.0 5.0 -5.0 13.75 -0.13069999999999998
180.0 -5.0 -2.5 13.75 0.7819
180.0 -2.5 -2.5 13.75 -0.22
180.0 0.0 -2.5 13.75 -0.6198999999999999
180.0 2.5 -2.5 13.75 -0.1707
180.0 5.0 -2.5 13.75 -0.5039
180.0 -5.0 0.0 13.75 -2.4808
180.0 -2.5 0.0 13.75 -4.753
180.0 0.0 0.0 13.75 -3.2868
180.0 2.5 0.0 13.75 -1.2485
180.0 5.0 0.0 13.75 -0.3174
180.0 7.5 0.0 13.75 -0.1217
180.0 -5.0 2.5 13.75 -8.760299999999999
180.0 -2.5 2.5 13.75 -8.2601
180.0 0.0 2.5 13.75 -6.3855
180.0 2.5 2.5 13.75 -1.9163999999999999
180.0 5.0 2.5 13.75 1.7653999999999999
180.0 7.5 2.5 13.75 1.9642000000000002
180.0 10.0 2.5 13.75 1.0051999999999999
180.0 -5.0 5.0 13.75 -11.2682
180.0 -2.5 5.0 13.75 -11.7422
180.0 0.0 5.0 13.75 -7.859500000000001
180.0 2.5 5.0 13.75 0.9210000000000003
180.0 5.0 5.0 13.75 4.408200000000001
180.0 7.5 5.0 13.75 5.0478
180.0 -5.0 -10.0 15.0 0.0379
180.0 -2.5 -10.0 15.0 0.0058
180.0 0.0 -10.0 15.0 -0.0017
180.0 2.5 -10.0 15.0 0.0071
180.0 5.0 -10.0 15.0 0.0
180.0 7.5 -10.0 15.0 0.0
180.0 10.0 -10.0 15.0 0.0
180.0 -5.0 -7.5 15.0 0.1622
180.0 -2.5 -7.5 15.0 0.31839999999999996
180.0 0.0 -7.5 15.0 0.2424
180.0 2.5 -7.5 15.0 0.2056
180.0 5.0 -7.5 15.0 -0.1176
180.0 7.5 -7.5 15.0 -0.043800000000000006
180.0 10.0 -7.5 15.0 0.0
180.0 -5.0 -5.0 15.0 0.12689999999999999
180.0 -2.5 -5.0 15.0 0.5205
180.0 0.0 -5.0 15.0 0.3814
180.0 2.5 -5.0 15.0 0.28049999999999997
180.0 5.0 -5.0 15.0 -0.06670000000000001
180.0 7.5 -5.0 15.0 -0.1191
180.0 -5.0 -2.5 15.0 -0.871
180.0 -2.5 -2.5 15.0 -1.4801
180.0 0.0 -2.5 15.0 -0.3216
180.0 2.5 -2.5 15.0 0.028200000000000003
180.0 5.0 -2.5 15.0 -0.0718
180.0 7.5 -2.5 15.0 -0.0662
180.0 -5.0 0.0 15.0 -2.9315
180.0 -2.5 0.0 15.0 -4.2955
180.0 0.0 0.0 15.0 -2.6241000000000003
180.0 2.5 0.0 15.0 -0.23620000000000002
180.0 5.0 0.0 15.0 0.028200000000000003
180.0 7.5 0.0 15.0 -0.0892
180.0 -5.0 2.5 15.0 -8.7494
180.0 -2.5 2.5 15.0 -9.4634
180.0 0.0 2.5 15.0 -4.635
180.0 2.5 2.5 15.0 -0.9212
180.0 5.0 2.5 15.0 0.6206
180.0 7.5 2.5 15.0 0.876
180.0 10.0 2.5 15.0 0.2177
180.0 -5.0 5.0 15.0 -12.9932
180.0 -2.5 5.0 15.0 -13.4138
180.0 0.0 5.0 15.0 -5.785
180.0 2.5 5.0 15.0 0.47720000000000007
180.0 5.0 5.0 15.0 2.5959000000000003
180.0 7.5 5.0 15.0 2.7223
180.0 10.0 5.0 15.0 1.1992
180.0 -5.0 -10.0 16.25 0.0032
180.0 -2.5 -10.0 16.25 -0.015
180.0 0.0 -10.0 16.25 -0.0082
180.0 2.5 -10.0 16.25 0.0
180.0 5.0 -10.0 16.25 0.0
180.0 7.5 -10.0 16.25 0.0
180.0 10.0 -10.0 16.25 0.0
180.0 -5.0 -7.5 16.25 -0.149
180.0 -2.5 -7.5 16.25 -0.0636
180.0 0.0 -7.5 16.25 -0.0138
180.0 2.5 -7.5 16.25 -0.1582
180.0 5.0 -7.5 16.25 -0.0513
180.0 7.5 -7.5 16.25 -0.0048
180.0 10.0 -7.5 16.25 0.0
180.0 -5.0 -5.0 16.25 0.0132
180.0 -2.5 -5.0 16.25 -0.0823
180.0 0.0 -5.0 16.25 0.0345
180.0 2.5 -5.0 16.25 -0.0667
180.0 5.0 -5.0 16.25 -0.047
180.0 7.5 -5.0 16.25 -0.047799999999999995
180.0 10.0 -5.0 16.25 -0.0198
180.0 -5.0 -2.5 16.25 -0.9635
180.0 -2.5 -2.5 16.25 -0.7665000000000001
180.0 0.0 -2.5 16.25 -0.2404
180.0 2.5 -2.5 16.25 -0.1192
180.0 5.0 -2.5 16.25 -0.1796
180.0 7.5 -2.5 16.25 -0.0938
180.0 10.0 -2.5 16.25 -0.032499999999999994
180.0 -5.0 0.0 16.25 -3.0863
180.0 -2.5 0.0 16.25 -3.1074
180.0 0.0 0.0 16.25 -1.813
180.0 2.5 0.0 16.25 -0.426
180.0 5.0 0.0 16.25 0.021299999999999993
180.0 7.5 0.0 16.25 -0.1142
180.0 10.0 0.0 16.25 0.0105
180.0 -5.0 2.5 16.25 -6.4670000000000005
180.0 -2.5 2.5 16.25 -6.8476
180.0 0.0 2.5 16.25 -3.4987000000000004
180.0 2.5 2.5 16.25 -0.6976
180.0 5.0 2.5 16.25 0.44659999999999994
180.0 7.5 2.5 16.25 0.2485
180.0 10.0 2.5 16.25 -0.0007999999999999995
180.0 -5.0 5.0 16.25 -8.6323
180.0 -2.5 5.0 16.25 -8.7128
180.0 0.0 5.0 16.25 -4.2967
180.0 2.5 5.0 16.25 -0.1346
180.0 5.0 5.0 16.25 1.1120999999999999
180.0 7.5 5.0 16.25 1.3538999999999999
180.0 10.0 5.0 16.25 0.4394
240.0 -5.0 -10.0 3.75 -3.0071
240.0 -2.5 -10.0 3.75 -2.7145
240.0 0.0 -10.0 3.75 -4.152299999999999
240.0 2.5 -10.0 3.75 -5.1157
240.0 5.0 -10.0 3.75 -4.5003
240.0 7.5 -10.0 3.75 -2.7689
240.0 10.0 -10.0 3.75 -1.1528
240.0 -5.0 -7.5 3.75 -4.6493
240.0 -2.5 -7.5 3.75 10.137599999999999
240.0 0.0 -7.5 3.75 0.11909999999999998
240.0 2.5 -7.5 3.75 -3.8445
240.0 5.0 -7.5 3.75 -4.805
240.0 7.5 -7.5 3.75 -3.378
240.0 10.0 -7.5 3.75 -1.3166
240.0 -5.0 -5.0 3.75 11.957699999999999
240.0 -2.5 -5.0 3.75 31881.8507
240.0 0.0 -5.0 3.75 22.7735
240.0 2.5 -5.0 3.75 3.3685
240.0 5.0 -5.0 3.75 -9.8894
240.0 7.5 -5.0 3.75 -4.6572000000000005
240.0 10.0 -5.0 3.75 -1.3066
240.0 -5.0 -2.5 3.75 2364340887.2865
240.0 -2.5 -2.5 3.75 1818.9269
240.0 0.0 -2.5 3.75 160081907.3255
240.0 2.5 -2.5 3.75 1202.4744
240.0 5.0 -2.5 3.75 4080834704.4941
240.0 7.5 -2.5 3.75 4.1556
240.0 10.0 -2.5 3.75 -2.4673
240.0 -5.0 0.0 3.75 52773603.985
240.0 -2.5 0.0 3.75 84663031.7983
240.0 0.0 0.0 3.75 34752303.827
240.0 2.5 0.0 3.75 432579.0126
240.0 5.0 0.0 3.75 434483768.59989995
240.0 7.5 0.0 3.75 113571.1554
240.0 10.0 0.0 3.75 -3.1367
240.0 -5.0 2.5 3.75 10000000021.4778
240.0 -2.5 2.5 3.75 981912132.9787
240.0 0.0 2.5 3.75 10000000072.2297
240.0 2.5 2.5 3.75 9999999919.8994
240.0 5.0 2.5 3.75 186562984.3944
240.0 7.5 2.5 3.75 937257.4036
240.0 10.0 2.5 3.75 43.2524
240.0 -5.0 5.0 3.75 10000000037.903502
240.0 -2.5 5.0 3.75 4077412714.3663
240.0 0.0 5.0 3.75 9999999964.2789
240.0 2.5 5.0 3.75 9999999937.0804
240.0 5.0 5.0 3.75 10000000058.764801
240.0 7.5 5.0 3.75 18422312.179100003
240.0 10.0 5.0 3.75 35740.4991
240.0 0.0 5.0 5.0 10000000037.196001
240.0 2.5 -7.5 6.25 6.9128
240.0 0.0 -2.5 6.25 765.6682
240.0 0.0 0.0 6.25 12913031.8716
240.0 -2.5 2.5 6.25 10000000004.145
240.0 0.0 2.5 6.25 24258.654
240.0 0.0 5.0 6.25 10000000048.3374
240.0 2.5 -7.5 7.5 8.1113
240.0 0.0 -5.0 7.5 19.469600000000003
240.0 2.5 -5.0 7.5 17.2085
240.0 0.0 -2.5 7.5 193.1212
240.0 2.5 -2.5 7.5 19.5088
240.0 0.0 0.0 7.5 4533.9284
240.0 2.5 0.0 7.5 996.3574
240.0 0.0 2.5 7.5 32280.109099999998
240.0 -2.5 5.0 7.5 9999999688.519201
240.0 0.0 5.0 7.5 9999999910.5091
240.0 2.5 -10.0 8.75 2.5463
240.0 2.5 -7.5 8.75 7.473
240.0 0.0 -5.0 8.75 15.3112
240.0 2.5 -5.0 8.75 13.3521
240.0 -2.5 -2.5 8.75 24.1435
240.0 0.0 -2.5 8.75 20.209699999999998
240.0 2.5 -2.5 8.75 15.973699999999997
240.0 -5.0 0.0 8.75 1134.0953
240.0 -2.5 0.0 8.75 3585326.9847
240.0 0.0 0.0 8.75 39.4213
240.0 2.5 0.0 8.75 313.8831
240.0 -2.5 2.5 8.75 199495212.1279
240.0 0.0 2.5 8.75 32659.8026
240.0 2.5 2.5 8.75 139177313.7171
240.0 -2.5 5.0 8.75 9999999964.1154
240.0 0.0 5.0 8.75 9999999872.0678
240.0 2.5 5.0 8.75 9999999831.803202
240.0 2.5 -10.0 10.0 2.1544
240.0 5.0 -10.0 10.0 1.1685999999999999
240.0 2.5 -7.5 10.0 5.7073
240.0 -5.0 -5.0 10.0 3.7237000000000005
240.0 0.0 -5.0 10.0 11.006400000000001
240.0 2.5 -5.0 10.0 9.8943
240.0 -5.0 -2.5 10.0 3.7457000000000003
240.0 -2.5 -2.5 10.0 5.832799999999999
240.0 0.0 -2.5 10.0 13.450299999999999
240.0 2.5 -2.5 10.0 11.076099999999999
240.0 -5.0 0.0 10.0 521.0943
240.0 -2.5 0.0 10.0 2540.084
240.0 0.0 0.0 10.0 5.7643
240.0 2.5 0.0 10.0 731.0248
240.0 -2.5 2.5 10.0 1509672.9996
240.0 0.0 2.5 10.0 92.0374
240.0 2.5 2.5 10.0 13584054.588
240.0 5.0 2.5 10.0 508.03279999999995
240.0 -2.5 5.0 10.0 2544465.2413
240.0 0.0 5.0 10.0 10000000027.6103
240.0 2.5 5.0 10.0 258432942.54950002
240.0 5.0 5.0 10.0 250574.6725
240.0 -2.5 -10.0 11.25 0.9075
240.0 2.5 -10.0 11.25 1.1684
240.0 5.0 -10.0 11.25 0.5904
240.0 10.0 -10.0 11.25 0.1704
240.0 2.5 -7.5 11.25 3.6107
240.0 -5.0 -5.0 11.25 1.6579000000000002
240.0 -2.5 -5.0 11.25 4.699199999999999
240.0 0.0 -5.0 11.25 6.9279
240.0 2.5 -5.0 11.25 6.8308
240.0 -5.0 -2.5 11.25 2.0218
240.0 -2.5 -2.5 11.25 4.8702000000000005
240.0 0.0 -2.5 11.25 7.7279
240.0 2.5 -2.5 11.25 7.017799999999999
240.0 -5.0 0.0 11.25 150.7329
240.0 -2.5 0.0 11.25 0.39420000000000055
240.0 0.0 0.0 11.25 2.8264000000000005
240.0 2.5 0.0 11.25 69.4234
240.0 -2.5 2.5 11.25 230.8324
240.0 0.0 2.5 11.25 40.7793
240.0 2.5 2.5 11.25 6320.9551
240.0 5.0 2.5 11.25 16.211199999999998
240.0 -2.5 5.0 11.25 7248.4812
240.0 0.0 5.0 11.25 168958.86479999998
240.0 2.5 5.0 11.25 577299.1846
240.0 5.0 5.0 11.25 1219.4975
240.0 7.5 5.0 11.25 -0.6355999999999997
240.0 -2.5 -10.0 12.5 0.42200000000000004
240.0 0.0 -10.0 12.5 0.4099
240.0 2.5 -10.0 12.5 0.3393
240.0 5.0 -10.0 12.5 0.3479
240.0 7.5 -10.0 12.5 0.2101
240.0 10.0 -10.0 12.5 0.0397
240.0 -5.0 -7.5 12.5 0.1819
240.0 0.0 -7.5 12.5 2.107
240.0 2.5 -7.5 12.5 1.8429
240.0 5.0 -7.5 12.5 1.1272
240.0 7.5 -7.5 12.5 0.5711
240.0 10.0 -7.5 12.5 0.1583
240.0 -5.0 -5.0 12.5 0.3515
240.0 -2.5 -5.0 12.5 1.7175
240.0 0.0 -5.0 12.5 3.2626
240.0 2.5 -5.0 12.5 3.4484999999999997
240.0 5.0 -5.0 12.5 2.2582
240.0 -5.0 -2.5 12.5 0.8732000000000001
240.0 -2.5 -2.5 12.5 1.7698
240.0 0.0 -2.5 12.5 3.1575
240.0 2.5 -2.5 12.5 3.7190999999999996
240.0 -5.0 0.0 12.5 2.3491000000000004
240.0 -2.5 0.0 12.5 -1.2038
240.0 0.0 0.0 12.5 -0.48019999999999996
240.0 2.5 0.0 12.5 -0.9619
240.0 -2.5 2.5 12.5 -11.0305
240.0 0.0 2.5 12.5 14.521099999999999
240.0 2.5 2.5 12.5 11.0797
240.0 5.0 2.5 12.5 0.8220000000000001
240.0 -2.5 5.0 12.5 1086.1695
240.0 0.0 5.0 12.5 96450.1507
240.0 2.5 5.0 12.5 1327.5922
240.0 5.0 5.0 12.5 7.489
240.0 7.5 5.0 12.5 -0.3157000000000001
240.0 10.0 5.0 12.5 -0.4465
240.0 -5.0 -10.0 13.75 -0.1135
240.0 -2.5 -10.0 13.75 -0.11660000000000001
240.0 0.0 -10.0 13.75 -0.0772
240.0 2.5 -10.0 13.75 0.1543
240.0 5.0 -10.0 13.75 0.1403
240.0 7.5 -10.0 13.75 0.0626
240.0 10.0 -10.0 13.75 0.0
240.0 -5.0 -7.5 13.75 -0.2527
240.0 -2.5 -7.5 13.75 -0.061399999999999996
240.0 0.0 -7.5 13.75 0.22660000000000002
240.0 2.5 -7.5 13.75 0.4119
240.0 5.0 -7.5 13.75 0.3879
240.0 7.5 -7.5 13.75 0.2606
240.0 10.0 -7.5 13.75 0.0638
240.0 -5.0 -5.0 13.75 -0.08330000000000001
240.0 -2.5 -5.0 13.75 -0.11979999999999999
240.0 0.0 -5.0 13.75 0.5847
240.0 2.5 -5.0 13.75 1.2772999999999999
240.0 5.0 -5.0 13.75 1.0397999999999998
240.0 7.5 -5.0 13.75 0.5770000000000001
240.0 -5.0 -2.5 13.75 -0.7283999999999999
240.0 -2.5 -2.5 13.75 -0.3483
240.0 0.0 -2.5 13.75 0.4463
240.0 2.5 -2.5 13.75 0.4003
240.0 5.0 -2.5 13.75 1.3062
240.0 -5.0 0.0 13.75 -0.22350000000000003
240.0 -2.5 0.0 13.75 -2.4741
240.0 0.0 0.0 13.75 -2.2087
240.0 2.5 0.0 13.75 -1.6803
240.0 5.0 0.0 13.75 -0.4686
240.0 -5.0 2.5 13.75 -4.601
240.0 -2.5 2.5 13.75 -8.0682
240.0 0.0 2.5 13.75 -8.26
240.0 2.5 2.5 13.75 -6.2414000000000005
240.0 5.0 2.5 13.75 -1.1263999999999998
240.0 7.5 2.5 13.75 0.20849999999999996
240.0 -2.5 5.0 13.75 447.4178
240.0 0.0 5.0 13.75 2.1179000000000006
240.0 2.5 5.0 13.75 -0.49929999999999986
240.0 5.0 5.0 13.75 -2.3364
240.0 7.5 5.0 13.75 -0.401
240.0 10.0 5.0 13.75 0.2812
240.0 -5.0 -10.0 15.0 -0.14
240.0 -2.5 -10.0 15.0 -0.1942
240.0 0.0 -10.0 15.0 -0.0663
240.0 2.5 -10.0 15.0 0.0201
240.0 5.0 -10.0 15.0 0.0139
240.0 7.5 -10.0 15.0 0.0
240.0 10.0 -10.0 15.0 0.0
240.0 -5.0 -7.5 15.0 -0.0575
240.0 -2.5 -7.5 15.0 -0.3651
240.0 0.0 -7.5 15.0 -0.27599999999999997
240.0 2.5 -7.5 15.0 -0.1714
240.0 5.0 -7.5 15.0 0.0858
240.0 7.5 -7.5 15.0 -0.024
240.0 10.0 -7.5 15.0 0.0017
240.0 -5.0 -5.0 15.0 -0.48800000000000004
240.0 -2.5 -5.0 15.0 -1.0372000000000001
240.0 0.0 -5.0 15.0 -0.7861
240.0 2.5 -5.0 15.0 -0.3038
240.0 5.0 -5.0 15.0 0.053
240.0 7.5 -5.0 15.0 0.11209999999999999
240.0 10.0 -5.0 15.0 0.0834
240.0 -5.0 -2.5 15.0 -0.5688
240.0 -2.5 -2.5 15.0 -1.8860000000000001
240.0 0.0 -2.5 15.0 -2.0878
240.0 2.5 -2.5 15.0 -0.7652
240.0 5.0 -2.5 15.0 -0.0286
240.0 7.5 -2.5 15.0 0.29969999999999997
240.0 10.0 -2.5 15.0 0.071
240.0 -5.0 0.0 15.0 -1.8714
240.0 -2.5 0.0 15.0 -3.6291
240.0 0.0 0.0 15.0 -3.7813
240.0 2.5 0.0 15.0 -3.072
240.0 5.0 0.0 15.0 -0.8671000000000001
240.0 10.0 0.0 15.0 0.29969999999999997
240.0 -5.0 2.5 15.0 -4.7154
240.0 -2.5 2.5 15.0 -7.5345
240.0 0.0 2.5 15.0 -7.2241
240.0 2.5 2.5 15.0 -5.8365
240.0 5.0 2.5 15.0 -1.5202
240.0 7.5 2.5 15.0 0.48059999999999997
240.0 -5.0 5.0 15.0 -11.801
240.0 -2.5 5.0 15.0 -10.707600000000001
240.0 0.0 5.0 15.0 -10.392900000000001
240.0 2.5 5.0 15.0 -5.6443
240.0 5.0 5.0 15.0 -1.6514
240.0 7.5 5.0 15.0 -0.09359999999999996
240.0 10.0 5.0 15.0 0.3103
240.0 -5.0 -10.0 16.25 -0.0052
240.0 -2.5 -10.0 16.25 -0.0134
240.0 0.0 -10.0 16.25 0.0
240.0 2.5 -10.0 16.25 0.0
240.0 5.0 -10.0 16.25 0.0
240.0 7.5 -10.0 16.25 0.0
240.0 10.0 -10.0 16.25 0.0
240.0 -5.0 -7.5 16.25 -0.33649999999999997
240.0 -2.5 -7.5 16.25 -0.3347
240.0 0.0 -7.5 16.25 -0.30929999999999996
240.0 2.5 -7.5 16.25 -0.1637
240.0 5.0 -7.5 16.25 -0.1346
240.0 7.5 -7.5 16.25 -0.0689
240.0 10.0 -7.5 16.25 0.0
240.0 -5.0 -5.0 16.25 -0.2637
240.0 -2.5 -5.0 16.25 -1.0474999999999999
240.0 0.0 -5.0 16.25 -1.1732
240.0 2.5 -5.0 16.25 -0.6509
240.0 5.0 -5.0 16.25 -0.22069999999999998
240.0 7.5 -5.0 16.25 -0.1188
240.0 10.0 -5.0 16.25 -0.1117
240.0 -5.0 -2.5 16.25 -0.5975
240.0 -2.5 -2.5 16.25 -2.2565999999999997
240.0 0.0 -2.5 16.25 -2.4028
240.0 2.5 -2.5 16.25 -1.5017
240.0 5.0 -2.5 16.25 -0.41969999999999996
240.0 7.5 -2.5 16.25 -0.16219999999999998
240.0 10.0 -2.5 16.25 -0.0040999999999999995
240.0 -5.0 0.0 16.25 -1.8299
240.0 -2.5 0.0 16.25 -3.6083000000000003
240.0 0.0 0.0 16.25 -4.3952
240.0 2.5 0.0 16.25 -2.7071
240.0 5.0 0.0 16.25 -0.7119
240.0 7.5 0.0 16.25 0.21
240.0 10.0 0.0 16.25 0.1164
240.0 -5.0 2.5 16.25 -4.3385
240.0 -2.5 2.5 16.25 -6.5952
240.0 0.0 2.5 16.25 -6.103899999999999
240.0 2.5 2.5 16.25 -3.9017
240.0 5.0 2.5 16.25 -1.3692
240.0 7.5 2.5 16.25 0.3498
240.0 -5.0 5.0 16.25 -8.278699999999999
240.0 -2.5 5.0 16.25 -9.1979
240.0 0.0 5.0 16.25 -6.7645
240.0 2.5 5.0 16.25 -4.1246
240.0 5.0 5.0 16.25 -1.1553
240.0 7.5 5.0 16.25 0.34650000000000003
240.0 10.0 5.0 16.25 0.2011
300.0 -5.0 -10.0 3.75 0.4896
300.0 -2.5 -10.0 3.75 -1.1023
300.0 0.0 -10.0 3.75 -2.2958000000000003
300.0 2.5 -10.0 3.75 -3.4707
300.0 5.0 -10.0 3.75 -3.1044
300.0 7.5 -10.0 3.75 -2.4345000000000003
300.0 10.0 -10.0 3.75 -1.242
300.0 -5.0 -7.5 3.75 1.4380000000000002
300.0 -2.5 -7.5 3.75 0.09770000000000001
300.0 0.0 -7.5 3.75 -1.7823
300.0 2.5 -7.5 3.75 -5.9269
300.0 5.0 -7.5 3.75 0.5997
300.0 7.5 -7.5 3.75 -3.1918
300.0 10.0 -7.5 3.75 -3.5221
300.0 -5.0 -5.0 3.75 -1.7352
300.0 -2.5 -5.0 3.75 -3.2911
300.0 0.0 -5.0 3.75 287.0852
300.0 2.5 -5.0 3.75 371083076.3772
300.0 5.0 -5.0 3.75 12.9145
300.0 7.5 -5.0 3.75 -4.1019
300.0 10.0 -5.0 3.75 -4.9514000000000005
300.0 -5.0 -2.5 3.75 38.997499999999995
300.0 -2.5 -2.5 3.75 30361099.2126
300.0 0.0 -2.5 3.75 123195885.5027
300.0 2.5 -2.5 3.75 294.2991
300.0 5.0 -2.5 3.75 988226.6996
300.0 7.5 -2.5 3.75 7538.9908
300.0 10.0 -2.5 3.75 -7.6054
300.0 -5.0 0.0 3.75 13527348.8606
300.0 -2.5 0.0 3.75 10000000036.4349
300.0 0.0 0.0 3.75 1148008876.1859
300.0 2.5 0.0 3.75 11681626.5195
300.0 5.0 0.0 3.75 9292442.8984
300.0 7.5 0.0 3.75 7270.945
300.0 10.0 0.0 3.75 -14.407499999999999
300.0 -5.0 2.5 3.75 6951549737.1603
300.0 -2.5 2.5 3.75 9999999808.454601
300.0 0.0 2.5 3.75 3713978362.7418
300.0 2.5 2.5 3.75 9999999994.5912
300.0 5.0 2.5 3.75 4189337.7201
300.0 7.5 2.5 3.75 161566.4613
300.0 10.0 2.5 3.75 -15.403
300.0 -5.0 5.0 3.75 10000000283.541101
300.0 -2.5 5.0 3.75 534017958.3079
300.0 0.0 5.0 3.75 9999999904.9801
300.0 2.5 5.0 3.75 10000000203.0781
300.0 5.0 5.0 3.75 1823138087.0516999
300.0 7.5 5.0 3.75 9999999989.176601
300.0 10.0 5.0 3.75 56.8996
300.0 0.0 -2.5 5.0 293222218.6399
300.0 0.0 0.0 5.0 249025874.28210002
300.0 5.0 -7.5 6.25 3.9667000000000003
300.0 0.0 -5.0 6.25 6.8942
300.0 0.0 -2.5 6.25 26360.8612
300.0 0.0 0.0 6.25 13507.8389
300.0 0.0 2.5 6.25 10000000134.828901
300.0 0.0 5.0 6.25 3136805793.2224
300.0 5.0 -7.5 7.5 4.8735
300.0 2.5 -5.0 7.5 10.1899
300.0 0.0 -2.5 7.5 11.187999999999999
300.0 2.5 -2.5 7.5 79.74289999999999
300.0 0.0 0.0 7.5 28342.5117
300.0 -2.5 2.5 7.5 2316204519.1117997
300.0 0.0 2.5 7.5 9999999989.529501
300.0 -2.5 5.0 7.5 10000000210.605501
300.0 0.0 5.0 7.5 9999999767.496302
300.0 2.5 -10.0 8.75 1.6001999999999998
300.0 5.0 -7.5 8.75 4.2963
300.0 0.0 -5.0 8.75 5.3481000000000005
300.0 2.5 -5.0 8.75 9.389999999999999
300.0 5.0 -5.0 8.75 9.0143
300.0 0.0 -2.5 8.75 7.3619
300.0 2.5 -2.5 8.75 27.894799999999996
300.0 0.0 0.0 8.75 76.5897
300.0 2.5 0.0 8.75 13255501.0526
300.0 0.0 2.5 8.75 2260773.7322
300.0 2.5 2.5 8.75 141796596.7811
300.0 -2.5 5.0 8.75 9999999897.699701
300.0 0.0 5.0 8.75 3799064097.7777
300.0 2.5 5.0 8.75 3244958.642
300.0 2.5 -10.0 10.0 1.0401
300.0 2.5 -7.5 10.0 4.0042
300.0 5.0 -7.5 10.0 3.0443000000000002
300.0 7.5 -7.5 10.0 1.6061
300.0 0.0 -5.0 10.0 4.869
300.0 2.5 -5.0 10.0 7.671999999999999
300.0 5.0 -5.0 10.0 7.1606
300.0 0.0 -2.5 10.0 5.0964
300.0 2.5 -2.5 10.0 8.8718
300.0 -5.0 0.0 10.0 1260.1136999999999
300.0 -2.5 0.0 10.0 -1.2725000000000009
300.0 0.0 0.0 10.0 3.7030000000000003
300.0 2.5 0.0 10.0 18243.4466
300.0 5.0 0.0 10.0 7.1034999999999995
300.0 -2.5 2.5 10.0 73077.11129999999
300.0 0.0 2.5 10.0 40854.3339
300.0 2.5 2.5 10.0 313632.7559
300.0 5.0 2.5 10.0 170.516
300.0 -2.5 5.0 10.0 411674678.1269
300.0 0.0 5.0 10.0 2867006680.1804
300.0 2.5 5.0 10.0 448149.6269
300.0 2.5 -10.0 11.25 0.5513
300.0 5.0 -10.0 11.25 0.5179
300.0 7.5 -10.0 11.25 0.3615
300.0 10.0 -10.0 11.25 0.1325
300.0 2.5 -7.5 11.25 2.4304
300.0 5.0 -7.5 11.25 1.5859999999999999
300.0 0.0 -5.0 11.25 3.9276
300.0 2.5 -5.0 11.25 4.611800000000001
300.0 5.0 -5.0 11.25 3.9791000000000003
300.0 -2.5 -2.5 11.25 1.2986000000000002
300.0 0.0 -2.5 11.25 3.4421000000000004
300.0 2.5 -2.5 11.25 5.2486
300.0 -5.0 0.0 11.25 3.2636000000000003
300.0 -2.5 0.0 11.25 -0.8432999999999997
300.0 0.0 0.0 11.25 -0.2509999999999999
300.0 2.5 0.0 11.25 0.3920000000000001
300.0 -2.5 2.5 11.25 143.0777
300.0 0.0 2.5 11.25 7786.8311
300.0 2.5 2.5 11.25 229.34810000000002
300.0 5.0 2.5 11.25 1.3188999999999997
300.0 -2.5 5.0 11.25 9999999976.2999
300.0 0.0 5.0 11.25 23464.0572
300.0 2.5 5.0 11.25 2212.1297
300.0 7.5 5.0 11.25 7.797099999999999
300.0 -5.0 -10.0 12.5 -0.0489
300.0 2.5 -10.0 12.5 0.2574
300.0 5.0 -10.0 12.5 0.26539999999999997
300.0 7.5 -10.0 12.5 0.0711
300.0 10.0 -10.0 12.5 0.0051
300.0 2.5 -7.5 12.5 1.127
300.0 5.0 -7.5 12.5 0.6529
300.0 7.5 -7.5 12.5 0.30670000000000003
300.0 -5.0 -5.0 12.5 0.17520000000000002
300.0 -2.5 -5.0 12.5 1.3534
300.0 0.0 -5.0 12.5 2.3496
300.0 2.5 -5.0 12.5 2.4259
300.0 5.0 -5.0 12.5 1.6469
300.0 -5.0 -2.5 12.5 -0.29280000000000006
300.0 -2.5 -2.5 12.5 1.5216000000000003
300.0 0.0 -2.5 12.5 2.0186
300.0 2.5 -2.5 12.5 2.5193
300.0 -5.0 0.0 12.5 0.45520000000000005
300.0 -2.5 0.0 12.5 -1.1420000000000001
300.0 0.0 0.0 12.5 -1.3447
300.0 2.5 0.0 12.5 -2.197
300.0 5.0 0.0 12.5 1.1171
300.0 -2.5 2.5 12.5 -7.8897
300.0 0.0 2.5 12.5 -5.0316
300.0 2.5 2.5 12.5 -8.8838
300.0 5.0 2.5 12.5 -1.1782
300.0 7.5 2.5 12.5 4.1089
300.0 10.0 2.5 12.5 3.7106000000000003
300.0 -2.5 5.0 12.5 149163017.07790002
300.0 0.0 5.0 12.5 -12.8472
300.0 2.5 5.0 12.5 -17.1181
300.0 5.0 5.0 12.5 -3.2534
300.0 7.5 5.0 12.5 3.4132999999999996
300.0 10.0 5.0 12.5 4.6441
300.0 0.0 -10.0 13.75 0.0759
300.0 2.5 -10.0 13.75 0.0154
300.0 5.0 -10.0 13.75 -0.0514
300.0 7.5 -10.0 13.75 -0.0857
300.0 10.0 -10.0 13.75 0.0
300.0 -5.0 -7.5 13.75 -0.0417
300.0 -2.5 -7.5 13.75 0.0665
300.0 2.5 -7.5 13.75 0.2773
300.0 5.0 -7.5 13.75 0.11
300.0 7.5 -7.5 13.75 -0.0369
300.0 10.0 -7.5 13.75 -0.0952
300.0 -5.0 -5.0 13.75 0.24209999999999998
300.0 -2.5 -5.0 13.75 0.8152
300.0 0.0 -5.0 13.75 0.8989
300.0 2.5 -5.0 13.75 0.8238
300.0 5.0 -5.0 13.75 0.203
300.0 -5.0 -2.5 13.75 0.8410000000000001
300.0 -2.5 -2.5 13.75 0.9579
300.0 0.0 -2.5 13.75 0.6502
300.0 2.5 -2.5 13.75 -0.1537
300.0 5.0 -2.5 13.75 -0.3609
300.0 -5.0 0.0 13.75 0.6016999999999999
300.0 -2.5 0.0 13.75 -0.6116
300.0 0.0 0.0 13.75 -2.0332
300.0 2.5 0.0 13.75 -2.1842
300.0 5.0 0.0 13.75 -1.0227
300.0 7.5 0.0 13.75 0.8879999999999999
300.0 -2.5 2.5 13.75 -6.0278
300.0 0.0 2.5 13.75 -8.4256
300.0 2.5 2.5 13.75 -6.5366
300.0 5.0 2.5 13.75 -2.254
300.0 7.5 2.5 13.75 1.4397
300.0 10.0 2.5 13.75 1.9063
300.0 -2.5 5.0 13.75 -3.2424999999999997
300.0 0.0 5.0 13.75 -15.2042
300.0 2.5 5.0 13.75 -10.7964
300.0 5.0 5.0 13.75 -4.3308
300.0 7.5 5.0 13.75 2.0029
300.0 10.0 5.0 13.75 2.451
300.0 -5.0 -10.0 15.0 0.0169
300.0 -2.5 -10.0 15.0 0.0495
300.0 0.0 -10.0 15.0 0.0041
300.0 2.5 -10.0 15.0 -0.028
300.0 5.0 -10.0 15.0 -0.0484
300.0 7.5 -10.0 15.0 -0.0022
300.0 10.0 -10.0 15.0 0.0
300.0 -5.0 -7.5 15.0 0.0377
300.0 -2.5 -7.5 15.0 0.0944
300.0 0.0 -7.5 15.0 0.1483
300.0 2.5 -7.5 15.0 0.034199999999999994
300.0 5.0 -7.5 15.0 -0.1486
300.0 7.5 -7.5 15.0 -0.1075
300.0 10.0 -7.5 15.0 -0.1213
300.0 -5.0 -5.0 15.0 0.1626
300.0 -2.5 -5.0 15.0 0.2241
300.0 0.0 -5.0 15.0 0.051300000000000005
300.0 2.5 -5.0 15.0 -0.20889999999999997
300.0 5.0 -5.0 15.0 -0.4153
300.0 7.5 -5.0 15.0 -0.3156
300.0 10.0 -5.0 15.0 -0.1713
300.0 -5.0 -2.5 15.0 1.2092999999999998
300.0 -2.5 -2.5 15.0 0.4341
300.0 0.0 -2.5 15.0 -0.5703
300.0 2.5 -2.5 15.0 -1.4191
300.0 5.0 -2.5 15.0 -0.9674999999999999
300.0 10.0 -2.5 15.0 -0.2885
300.0 -5.0 0.0 15.0 0.9538000000000001
300.0 -2.5 0.0 15.0 -0.19710000000000003
300.0 0.0 0.0 15.0 -2.4469
300.0 2.5 0.0 15.0 -3.0001
300.0 5.0 0.0 15.0 -2.3617999999999997
300.0 7.5 0.0 15.0 -0.8398
300.0 -5.0 2.5 15.0 -0.045700000000000074
300.0 -2.5 2.5 15.0 -3.6074
300.0 0.0 2.5 15.0 -5.5636
300.0 2.5 2.5 15.0 -6.0263
300.0 5.0 2.5 15.0 -3.3651
300.0 7.5 2.5 15.0 -0.6315
300.0 10.0 2.5 15.0 0.1569
300.0 -2.5 5.0 15.0 -7.6471
300.0 0.0 5.0 15.0 -10.080499999999999
300.0 2.5 5.0 15.0 -8.8171
300.0 5.0 5.0 15.0 -4.1028
300.0 7.5 5.0 15.0 -0.27759999999999996
300.0 10.0 5.0 15.0 0.7767000000000001
300.0 -5.0 -10.0 16.25 0.0383
300.0 -2.5 -10.0 16.25 0.0077
300.0 0.0 -10.0 16.25 0.0
300.0 2.5 -10.0 16.25 0.0
300.0 5.0 -10.0 16.25 0.0
300.0 7.5 -10.0 16.25 0.0
300.0 10.0 -10.0 16.25 0.0
300.0 -5.0 -7.5 16.25 0.09759999999999999
300.0 -2.5 -7.5 16.25 0.09670000000000001
300.0 0.0 -7.5 16.25 -0.004
300.0 2.5 -7.5 16.25 -0.183
300.0 5.0 -7.5 16.25 -0.1921
300.0 7.5 -7.5 16.25 -0.1576
300.0 10.0 -7.5 16.25 -0.001
300.0 -5.0 -5.0 16.25 0.2093
300.0 -2.5 -5.0 16.25 0.0555
300.0 0.0 -5.0 16.25 -0.0584
300.0 2.5 -5.0 16.25 -0.3438
300.0 5.0 -5.0 16.25 -0.4216
300.0 7.5 -5.0 16.25 -0.336
300.0 10.0 -5.0 16.25 -0.1714
300.0 -5.0 -2.5 16.25 0.7928
300.0 -2.5 -2.5 16.25 0.3145
300.0 0.0 -2.5 16.25 -0.7732
300.0 2.5 -2.5 16.25 -1.2655
300.0 5.0 -2.5 16.25 -1.1476
300.0 7.5 -2.5 16.25 -0.7688999999999999
300.0 10.0 -2.5 16.25 -0.4646
300.0 -5.0 0.0 16.25 0.8112999999999999
300.0 -2.5 0.0 16.25 -0.7217
300.0 0.0 0.0 16.25 -2.4859999999999998
300.0 2.5 0.0 16.25 -3.8303
300.0 5.0 0.0 16.25 -2.9015999999999997
300.0 7.5 0.0 16.25 -1.4137
300.0 -5.0 2.5 16.25 -0.28559999999999997
300.0 -2.5 2.5 16.25 -2.5888
300.0 0.0 2.5 16.25 -4.9620999999999995
300.0 2.5 2.5 16.25 -5.183
300.0 5.0 2.5 16.25 -3.9468
300.0 7.5 2.5 16.25 -1.6424
300.0 10.0 2.5 16.25 -0.6932
300.0 -5.0 5.0 16.25 -3.2383
300.0 -2.5 5.0 16.25 -5.5489
300.0 0.0 5.0 16.25 -7.3069
300.0 2.5 5.0 16.25 -6.019900000000001
300.0 5.0 5.0 16.25 -3.8253
300.0 7.5 5.0 16.25 -1.3384
300.0 10.0 5.0 16.25 -0.20709999999999998
