0.0 0.0 2.5 5.0 9999999911.9972
0.0 2.5 2.5 5.0 10000000143.991201
0.0 0.0 5.0 5.0 10000000062.906801
0.0 2.5 0.0 6.25 10000000083.1881
0.0 0.0 2.5 6.25 9999999849.5233
0.0 0.0 5.0 6.25 164139765.0165
0.0 0.0 0.0 7.5 1086647343.3288999
0.0 2.5 0.0 7.5 29846021.9441
0.0 0.0 2.5 7.5 10000000123.6587
0.0 0.0 5.0 7.5 5567566.4353
0.0 0.0 -5.0 8.75 503948.7115
0.0 5.0 -5.0 8.75 968573.8444000001
0.0 -2.5 -2.5 8.75 248.26749999999998
0.0 0.0 -2.5 8.75 65663036.9819
0.0 -2.5 0.0 8.75 273514664.894
0.0 0.0 0.0 8.75 4206040.6228
0.0 2.5 0.0 8.75 290137.65160000004
0.0 0.0 2.5 8.75 10000000034.3335
0.0 2.5 2.5 8.75 10000000052.2514
0.0 0.0 5.0 8.75 3849600.9124999996
0.0 2.5 5.0 8.75 6480458307.630899
0.0 5.0 -7.5 10.0 -16.2528
0.0 7.5 -7.5 10.0 -54.523
0.0 -2.5 -5.0 10.0 110.08179999999999
0.0 0.0 -5.0 10.0 71802.0159
0.0 2.5 -5.0 10.0 88676.3747
0.0 5.0 -5.0 10.0 927.0054
0.0 7.5 -5.0 10.0 5022616588.2077
0.0 -2.5 -2.5 10.0 1746.2774000000002
0.0 0.0 -2.5 10.0 324629102.5561
0.0 2.5 -2.5 10.0 2714775.5071
0.0 5.0 -2.5 10.0 32250.069900000002
0.0 -2.5 0.0 10.0 10000000163.2539
0.0 0.0 0.0 10.0 1033954965.5312
0.0 2.5 0.0 10.0 1506379.7246
0.0 0.0 2.5 10.0 4518214407.4457
0.0 2.5 2.5 10.0 341439.5621
0.0 0.0 5.0 10.0 4464621200.861199
0.0 2.5 5.0 10.0 4689427461.3553
0.0 2.5 -10.0 11.25 4.9525
0.0 5.0 -10.0 11.25 -19.2766
0.0 10.0 -10.0 11.25 -42.101600000000005
0.0 2.5 -7.5 11.25 38.211400000000005
0.0 5.0 -7.5 11.25 -2.8772
0.0 7.5 -7.5 11.25 -36.4923
0.0 0.0 -5.0 11.25 157.0083
0.0 2.5 -5.0 11.25 181.23930000000001
0.0 5.0 -5.0 11.25 23.157700000000002
0.0 -5.0 -2.5 11.25 20.9954
0.0 -2.5 -2.5 11.25 126.0709
0.0 0.0 -2.5 11.25 2887.8832
0.0 2.5 -2.5 11.25 498.7566
0.0 5.0 -2.5 11.25 5635.505
0.0 -5.0 0.0 11.25 18.642
0.0 -2.5 0.0 11.25 382149.2213
0.0 0.0 0.0 11.25 679212994.7506
0.0 2.5 0.0 11.25 5228.8583
0.0 0.0 2.5 11.25 9999999998.1156
0.0 2.5 2.5 11.25 179131.8473
0.0 0.0 5.0 11.25 828990.5856
0.0 2.5 5.0 11.25 10000000037.7845
0.0 -2.5 -10.0 12.5 15.0392
0.0 2.5 -10.0 12.5 9.0163
0.0 5.0 -10.0 12.5 -8.5606
0.0 7.5 -10.0 12.5 -25.1876
0.0 10.0 -10.0 12.5 -27.7476
0.0 -5.0 -7.5 12.5 16.037100000000002
0.0 0.0 -7.5 12.5 44.2142
0.0 2.5 -7.5 12.5 33.5268
0.0 5.0 -7.5 12.5 4.2468
0.0 7.5 -7.5 12.5 -25.1394
0.0 10.0 -7.5 12.5 7537.6375
0.0 -2.5 -5.0 12.5 50.8201
0.0 0.0 -5.0 12.5 76.3442
0.0 2.5 -5.0 12.5 67.4008
0.0 5.0 -5.0 12.5 28.8745
0.0 -2.5 -2.5 12.5 41.910199999999996
0.0 0.0 -2.5 12.5 292.9771
0.0 2.5 -2.5 12.5 81.9267
0.0 5.0 -2.5 12.5 2397.7538
0.0 -5.0 0.0 12.5 14.0231
0.0 -2.5 0.0 12.5 84605.30279999999
0.0 0.0 0.0 12.5 772237.7681
0.0 2.5 0.0 12.5 24229.0939
0.0 5.0 0.0 12.5 9247084.232
0.0 -2.5 2.5 12.5 77.5946
0.0 0.0 2.5 12.5 1508.8281
0.0 2.5 2.5 12.5 4628671.342499999
0.0 7.5 2.5 12.5 9999999971.689402
0.0 0.0 5.0 12.5 1885098865.2556
0.0 2.5 5.0 12.5 2385401010.4154997
0.0 5.0 5.0 12.5 10000000048.013802
0.0 -2.5 -10.0 13.75 11.8451
0.0 0.0 -10.0 13.75 14.8144
0.0 2.5 -10.0 13.75 9.7888
0.0 5.0 -10.0 13.75 -3.0029999999999997
0.0 7.5 -10.0 13.75 -13.8604
0.0 10.0 -10.0 13.75 -16.4013
0.0 -5.0 -7.5 13.75 11.7673
0.0 -2.5 -7.5 13.75 25.0815
0.0 0.0 -7.5 13.75 33.836600000000004
0.0 2.5 -7.5 13.75 27.7317
0.0 5.0 -7.5 13.75 6.193300000000001
0.0 7.5 -7.5 13.75 -16.1208
0.0 10.0 -7.5 13.75 152.9984
0.0 -2.5 -5.0 13.75 37.22689999999999
0.0 0.0 -5.0 13.75 53.6152
0.0 2.5 -5.0 13.75 47.2512
0.0 5.0 -5.0 13.75 78.3512
0.0 7.5 -5.0 13.75 87299.63309999999
0.0 -5.0 -2.5 13.75 15.034699999999999
0.0 -2.5 -2.5 13.75 31.9684
0.0 0.0 -2.5 13.75 55.876999999999995
0.0 2.5 -2.5 13.75 57.5982
0.0 5.0 -2.5 13.75 12993773.8622
0.0 7.5 -2.5 13.75 9999999820.390202
0.0 -5.0 0.0 13.75 12.3201
0.0 -2.5 0.0 13.75 321.2734
0.0 0.0 0.0 13.75 207.09409999999997
0.0 2.5 0.0 13.75 519.3491
0.0 5.0 0.0 13.75 190744867.4306
0.0 7.5 0.0 13.75 59181118.0432
0.0 10.0 0.0 13.75 71125.0401
0.0 -5.0 2.5 13.75 12.507100000000001
0.0 -2.5 2.5 13.75 33.7466
0.0 0.0 2.5 13.75 38.2559
0.0 2.5 2.5 13.75 1821675.7192
0.0 5.0 2.5 13.75 13723437.6367
0.0 7.5 2.5 13.75 39662791.524
0.0 -2.5 5.0 13.75 37.1456
0.0 0.0 5.0 13.75 272764015.0528
0.0 2.5 5.0 13.75 5327892.470299999
0.0 5.0 5.0 13.75 16948404.7688
0.0 7.5 5.0 13.75 29229346.0915
0.0 10.0 5.0 13.75 2675031.7401
0.0 -5.0 -10.0 15.0 3.0744
0.0 -2.5 -10.0 15.0 7.9147
0.0 0.0 -10.0 15.0 10.8956
0.0 2.5 -10.0 15.0 8.1182
0.0 5.0 -10.0 15.0 0.0519
0.0 7.5 -10.0 15.0 -7.5384
0.0 10.0 -10.0 15.0 -8.8054
0.0 -5.0 -7.5 15.0 7.7263
0.0 -2.5 -7.5 15.0 17.4442
0.0 0.0 -7.5 15.0 23.4065
0.0 2.5 -7.5 15.0 20.9195
0.0 5.0 -7.5 15.0 6.0259
0.0 7.5 -7.5 15.0 -9.258600000000001
0.0 10.0 -7.5 15.0 -15.7026
0.0 -5.0 -5.0 15.0 11.7969
0.0 -2.5 -5.0 15.0 25.0941
0.0 0.0 -5.0 15.0 36.4315
0.0 2.5 -5.0 15.0 33.6339
0.0 5.0 -5.0 15.0 22.5551
0.0 7.5 -5.0 15.0 232.4898
0.0 10.0 -5.0 15.0 26.0938
0.0 -5.0 -2.5 15.0 11.6122
0.0 -2.5 -2.5 15.0 25.0688
0.0 0.0 -2.5 15.0 39.9969
0.0 2.5 -2.5 15.0 39.2397
0.0 5.0 -2.5 15.0 429.6705
0.0 7.5 -2.5 15.0 160159620.1655
0.0 10.0 -2.5 15.0 12989.308299999999
0.0 -5.0 0.0 15.0 9.1911
0.0 -2.5 0.0 15.0 26.211000000000002
0.0 0.0 0.0 15.0 38.4043
0.0 2.5 0.0 15.0 113.7321
0.0 5.0 0.0 15.0 1754989983.9803
0.0 7.5 0.0 15.0 346317825.6351
0.0 10.0 0.0 15.0 125046.38320000001
0.0 -5.0 2.5 15.0 9.2474
0.0 -2.5 2.5 15.0 22.9635
0.0 0.0 2.5 15.0 28.0732
0.0 2.5 2.5 15.0 2930.7712
0.0 5.0 2.5 15.0 4773840.4635
0.0 7.5 2.5 15.0 3390306278.9491997
0.0 10.0 2.5 15.0 784013.3619
0.0 -5.0 5.0 15.0 11.567400000000001
0.0 -2.5 5.0 15.0 20.2836
0.0 0.0 5.0 15.0 1072.2129
0.0 2.5 5.0 15.0 390999.31059999997
0.0 5.0 5.0 15.0 12129126.3651
0.0 7.5 5.0 15.0 27147415.470799997
0.0 10.0 5.0 15.0 1316219.1713
0.0 -5.0 -10.0 16.25 1.4552999999999998
0.0 -2.5 -10.0 16.25 4.3061
0.0 0.0 -10.0 16.25 6.8365
0.0 2.5 -10.0 16.25 5.1971
0.0 5.0 -10.0 16.25 0.4568
0.0 7.5 -10.0 16.25 -4.3013
0.0 10.0 -10.0 16.25 -4.8019
0.0 -5.0 -7.5 16.25 4.271
0.0 -2.5 -7.5 16.25 10.668800000000001
0.0 0.0 -7.5 16.25 15.017900000000001
0.0 2.5 -7.5 16.25 13.6183
0.0 5.0 -7.5 16.25 4.5177000000000005
0.0 7.5 -7.5 16.25 -5.8205
0.0 10.0 -7.5 16.25 -10.4907
0.0 -5.0 -5.0 16.25 7.2261
0.0 -2.5 -5.0 16.25 16.0485
0.0 0.0 -5.0 16.25 23.138499999999997
0.0 2.5 -5.0 16.25 21.875600000000002
0.0 5.0 -5.0 16.25 7.9802
0.0 7.5 -5.0 16.25 -3.8446000000000007
0.0 10.0 -5.0 16.25 -19.4852
0.0 -5.0 -2.5 16.25 7.4267
0.0 -2.5 -2.5 16.25 17.419999999999998
0.0 0.0 -2.5 16.25 26.3179
0.0 2.5 -2.5 16.25 25.8343
0.0 5.0 -2.5 16.25 21.414900000000003
0.0 7.5 -2.5 16.25 533.164
0.0 10.0 -2.5 16.25 112.0601
0.0 -5.0 0.0 16.25 6.429
0.0 -2.5 0.0 16.25 16.616
0.0 0.0 0.0 16.25 25.2712
0.0 2.5 0.0 16.25 24.0215
0.0 5.0 0.0 16.25 74561109.7316
0.0 7.5 0.0 16.25 97743980.7967
0.0 10.0 0.0 16.25 105.4111
0.0 -5.0 2.5 16.25 6.1247
0.0 -2.5 2.5 16.25 14.6737
0.0 0.0 2.5 16.25 19.098399999999998
0.0 2.5 2.5 16.25 13.4616
0.0 5.0 2.5 16.25 742457.0831
0.0 7.5 2.5 16.25 482026883.0335
0.0 10.0 2.5 16.25 109.7535
0.0 -5.0 5.0 16.25 7.9009
0.0 -2.5 5.0 16.25 13.7297
0.0 0.0 5.0 16.25 14.0877
0.0 2.5 5.0 16.25 897.6482000000001
0.0 5.0 5.0 16.25 25933.2033
0.0 7.5 5.0 16.25 40822.648100000006
0.0 10.0 5.0 16.25 70.6656
60.0 -5.0 -10.0 3.75 -24.2709
60.0 -2.5 -10.0 3.75 -43.7877
60.0 0.0 -10.0 3.75 -54.632600000000004
60.0 2.5 -10.0 3.75 -69.2193
60.0 5.0 -10.0 3.75 7272.2454
60.0 7.5 -10.0 3.75 17233784.0657
60.0 10.0 -10.0 3.75 10000000146.547201
60.0 -5.0 -7.5 3.75 -32.2744
60.0 -2.5 -7.5 3.75 -60.0093
60.0 0.0 -7.5 3.75 197.3356
60.0 2.5 -7.5 3.75 214829.8965
60.0 5.0 -7.5 3.75 9999999838.0144
60.0 7.5 -7.5 3.75 9999999986.191301
60.0 10.0 -7.5 3.75 102595409.8953
60.0 -5.0 -5.0 3.75 -28.797
60.0 -2.5 -5.0 3.75 63.0055
60.0 0.0 -5.0 3.75 8923622.1708
60.0 2.5 -5.0 3.75 875037.466
60.0 5.0 -5.0 3.75 10000000704.376001
60.0 7.5 -5.0 3.75 9999999852.9599
60.0 10.0 -5.0 3.75 9999999764.9547
60.0 -5.0 -2.5 3.75 -16.9972
60.0 -2.5 -2.5 3.75 9908.529999999999
60.0 0.0 -2.5 3.75 22309782.6368
60.0 2.5 -2.5 3.75 10000000051.581902
60.0 5.0 -2.5 3.75 2602899785.604
60.0 7.5 -2.5 3.75 10000000154.2672
60.0 10.0 -2.5 3.75 10000000061.2639
60.0 -5.0 0.0 3.75 75.5084
60.0 -2.5 0.0 3.75 4079.1072999999997
60.0 0.0 0.0 3.75 9999999885.9393
60.0 2.5 0.0 3.75 9999999922.003801
60.0 5.0 0.0 3.75 9999999983.424301
60.0 7.5 0.0 3.75 9999999986.0835
60.0 10.0 0.0 3.75 10000000004.035002
60.0 -5.0 2.5 3.75 284.0756
60.0 -2.5 2.5 3.75 10000000360.5956
60.0 0.0 2.5 3.75 848115338.1746
60.0 2.5 2.5 3.75 10000000015.2961
60.0 5.0 2.5 3.75 9999999939.1544
60.0 7.5 2.5 3.75 10000000290.913502
60.0 10.0 2.5 3.75 10000000300.8654
60.0 -5.0 5.0 3.75 327.7602
60.0 -2.5 5.0 3.75 29221759.7549
60.0 0.0 5.0 3.75 513518288.851
60.0 2.5 5.0 3.75 9999999528.399601
60.0 5.0 5.0 3.75 10000000092.4524
60.0 7.5 5.0 3.75 10000000032.816301
60.0 10.0 5.0 3.75 10000000019.707401
60.0 0.0 -2.5 6.25 362780.4339
60.0 0.0 2.5 6.25 30131555.8886
60.0 5.0 -7.5 7.5 764112884.6058
60.0 0.0 -5.0 7.5 -14.445599999999999
60.0 0.0 -2.5 7.5 5969101.4109
60.0 -2.5 0.0 7.5 133852.2537
60.0 0.0 0.0 7.5 54396198.052200004
60.0 -2.5 2.5 7.5 1571809351.8727999
60.0 0.0 2.5 7.5 672904720.2919
60.0 0.0 -7.5 8.75 1.2254
60.0 0.0 -5.0 8.75 -11.897400000000001
60.0 2.5 -5.0 8.75 10000000045.6832
60.0 0.0 -2.5 8.75 2934.8887
60.0 -2.5 0.0 8.75 35804674.222200006
60.0 0.0 0.0 8.75 11528589.004800001
60.0 -2.5 2.5 8.75 4074214.9642999996
60.0 0.0 2.5 8.75 3217767571.3366
60.0 2.5 2.5 8.75 545597261.0513
60.0 -5.0 5.0 8.75 823.7964
60.0 -2.5 5.0 8.75 10000000018.842402
60.0 0.0 5.0 8.75 9999999983.6832
60.0 0.0 -10.0 10.0 14.8415
60.0 0.0 -7.5 10.0 10.099499999999999
60.0 2.5 -7.5 10.0 1680.0953
60.0 5.0 -7.5 10.0 77805.2694
60.0 0.0 -5.0 10.0 -3.0777
60.0 2.5 -5.0 10.0 1440683.9003
60.0 0.0 -2.5 10.0 76.8182
60.0 -2.5 0.0 10.0 1424.0962
60.0 0.0 0.0 10.0 10000000019.084301
60.0 -5.0 2.5 10.0 -13.428
60.0 -2.5 2.5 10.0 6372.6492
60.0 0.0 2.5 10.0 7434671.2574
60.0 2.5 2.5 10.0 617701861.7881
60.0 -2.5 5.0 10.0 360418.2457
60.0 0.0 5.0 10.0 10000000035.352402
60.0 2.5 5.0 10.0 10000000115.7448
60.0 0.0 -10.0 11.25 17.3767
60.0 7.5 -10.0 11.25 166.70170000000002
60.0 10.0 -10.0 11.25 52.966699999999996
60.0 -2.5 -7.5 11.25 0.3918
60.0 0.0 -7.5 11.25 13.3887
60.0 2.5 -7.5 11.25 836.3386999999999
60.0 5.0 -7.5 11.25 239.47129999999999
60.0 7.5 -7.5 11.25 2422.8313
60.0 10.0 -7.5 11.25 146.4619
60.0 0.0 -5.0 11.25 1.0286999999999997
60.0 2.5 -5.0 11.25 11810.8693
60.0 0.0 -2.5 11.25 31068023.352
60.0 -2.5 0.0 11.25 108.2131
60.0 0.0 0.0 11.25 16025005.693
60.0 2.5 0.0 11.25 48367659.0653
60.0 -5.0 2.5 11.25 -8.9433
60.0 -2.5 2.5 11.25 11969.3193
60.0 0.0 2.5 11.25 17419472.9923
60.0 2.5 2.5 11.25 111872504.16360001
60.0 -5.0 5.0 11.25 7811.048900000001
60.0 -2.5 5.0 11.25 6811.509300000001
60.0 0.0 5.0 11.25 6085501.9834
60.0 2.5 5.0 11.25 260535835.4411
60.0 5.0 5.0 11.25 4087403302.6977
60.0 0.0 -10.0 12.5 15.949500000000002
60.0 2.5 -10.0 12.5 40.2558
60.0 5.0 -10.0 12.5 74.08370000000001
60.0 7.5 -10.0 12.5 79.7485
60.0 10.0 -10.0 12.5 49.3707
60.0 -2.5 -7.5 12.5 0.37929999999999997
60.0 0.0 -7.5 12.5 13.054400000000001
60.0 2.5 -7.5 12.5 32.4594
60.0 5.0 -7.5 12.5 65.48049999999999
60.0 7.5 -7.5 12.5 96.8569
60.0 10.0 -7.5 12.5 62.368700000000004
60.0 -5.0 -5.0 12.5 -5.0369
60.0 -2.5 -5.0 12.5 -4.6584
60.0 0.0 -5.0 12.5 3.6957000000000004
60.0 2.5 -5.0 12.5 249.279
60.0 -2.5 -2.5 12.5 -10.348
60.0 0.0 -2.5 12.5 142207.2722
60.0 5.0 -2.5 12.5 1830589.4575
60.0 -5.0 0.0 12.5 -6.1458
60.0 -2.5 0.0 12.5 45251.6737
60.0 0.0 0.0 12.5 841172354.5182
60.0 2.5 0.0 12.5 5698350.511299999
60.0 -5.0 2.5 12.5 -4.6912
60.0 -2.5 2.5 12.5 812.6510999999999
60.0 0.0 2.5 12.5 26291976.3609
60.0 2.5 2.5 12.5 10000000328.3813
60.0 -5.0 5.0 12.5 1.9364000000000003
60.0 -2.5 5.0 12.5 300.85380000000004
60.0 0.0 5.0 12.5 1919850.3237
60.0 2.5 5.0 12.5 5424506.478300001
60.0 5.0 5.0 12.5 1230109590.1539
60.0 -2.5 -10.0 13.75 2.5493
60.0 0.0 -10.0 13.75 12.5749
60.0 2.5 -10.0 13.75 30.1138
60.0 5.0 -10.0 13.75 50.3787
60.0 7.5 -10.0 13.75 56.1494
60.0 10.0 -10.0 13.75 40.621900000000004
60.0 -2.5 -7.5 13.75 0.929
60.0 0.0 -7.5 13.75 10.9725
60.0 2.5 -7.5 13.75 26.611600000000003
60.0 5.0 -7.5 13.75 47.744
60.0 7.5 -7.5 13.75 61.775999999999996
60.0 10.0 -7.5 13.75 45.8268
60.0 -5.0 -5.0 13.75 -3.5105
60.0 -2.5 -5.0 13.75 -3.1174
60.0 0.0 -5.0 13.75 5.284000000000001
60.0 2.5 -5.0 13.75 37.3799
60.0 5.0 -5.0 13.75 2143.1588
60.0 7.5 -5.0 13.75 72.4729
60.0 10.0 -5.0 13.75 243.8919
60.0 -5.0 -2.5 13.75 -5.032900000000001
60.0 -2.5 -2.5 13.75 -6.056
60.0 0.0 -2.5 13.75 1668.4953
60.0 2.5 -2.5 13.75 1816.4015000000002
60.0 5.0 -2.5 13.75 176711.07340000002
60.0 7.5 -2.5 13.75 951038.3028999999
60.0 -5.0 0.0 13.75 -3.2285000000000004
60.0 -2.5 0.0 13.75 44.1549
60.0 0.0 0.0 13.75 1904.6367
60.0 2.5 0.0 13.75 21006452.0397
60.0 5.0 0.0 13.75 9999999955.7392
60.0 -5.0 2.5 13.75 -1.4129
60.0 -2.5 2.5 13.75 68.65270000000001
60.0 0.0 2.5 13.75 2132342829.9493
60.0 2.5 2.5 13.75 10000000089.3362
60.0 -5.0 5.0 13.75 -3.4025
60.0 -2.5 5.0 13.75 -5.0562000000000005
60.0 0.0 5.0 13.75 20285.8023
60.0 2.5 5.0 13.75 1254760.6526
60.0 5.0 5.0 13.75 32182608.128
60.0 -5.0 -10.0 15.0 -0.3452
60.0 -2.5 -10.0 15.0 1.4425999999999999
60.0 0.0 -10.0 15.0 8.6079
60.0 2.5 -10.0 15.0 21.4395
60.0 5.0 -10.0 15.0 34.279
60.0 7.5 -10.0 15.0 38.4097
60.0 10.0 -10.0 15.0 29.173299999999998
60.0 -5.0 -7.5 15.0 -1.3285
60.0 -2.5 -7.5 15.0 0.2611
60.0 0.0 -7.5 15.0 8.7236
60.0 2.5 -7.5 15.0 21.3592
60.0 5.0 -7.5 15.0 36.355999999999995
60.0 7.5 -7.5 15.0 43.2452
60.0 10.0 -7.5 15.0 33.681999999999995
60.0 -5.0 -5.0 15.0 -2.5812
60.0 -2.5 -5.0 15.0 -2.2990999999999997
60.0 0.0 -5.0 15.0 5.16
60.0 2.5 -5.0 15.0 21.7638
60.0 5.0 -5.0 15.0 39.6295
60.0 7.5 -5.0 15.0 34.491600000000005
60.0 10.0 -5.0 15.0 20.5088
60.0 -5.0 -2.5 15.0 -3.2151
60.0 -2.5 -2.5 15.0 -3.1813
60.0 0.0 -2.5 15.0 1.6894999999999998
60.0 2.5 -2.5 15.0 28.698
60.0 5.0 -2.5 15.0 211.9134
60.0 7.5 -2.5 15.0 21818.4844
60.0 10.0 -2.5 15.0 776132.7757
60.0 -5.0 0.0 15.0 -1.4465
60.0 -2.5 0.0 15.0 -0.6672
60.0 0.0 0.0 15.0 123.3496
60.0 2.5 0.0 15.0 39678.2485
60.0 5.0 0.0 15.0 2553.5889
60.0 7.5 0.0 15.0 42800795.9407
60.0 10.0 0.0 15.0 266976503.0711
60.0 -5.0 2.5 15.0 0.4274
60.0 -2.5 2.5 15.0 2.7403999999999997
60.0 0.0 2.5 15.0 41565495.3723
60.0 2.5 2.5 15.0 40649157.6204
60.0 5.0 2.5 15.0 6395312.8855
60.0 7.5 2.5 15.0 3690478702.2742
60.0 10.0 2.5 15.0 459425.83040000004
60.0 -5.0 5.0 15.0 0.14680000000000004
60.0 -2.5 5.0 15.0 -0.5688999999999997
60.0 0.0 5.0 15.0 216.9799
60.0 2.5 5.0 15.0 4669533.857
60.0 5.0 5.0 15.0 24282207.7542
60.0 -5.0 -10.0 16.25 -0.4825
60.0 -2.5 -10.0 16.25 0.4516
60.0 0.0 -10.0 16.25 5.0184999999999995
60.0 2.5 -10.0 16.25 13.863299999999999
60.0 5.0 -10.0 16.25 21.8455
60.0 7.5 -10.0 16.25 24.104499999999998
60.0 10.0 -10.0 16.25 18.7582
60.0 -5.0 -7.5 16.25 -1.005
60.0 -2.5 -7.5 16.25 -0.3285
60.0 0.0 -7.5 16.25 5.4079999999999995
60.0 2.5 -7.5 16.25 15.491800000000001
60.0 5.0 -7.5 16.25 24.7893
60.0 7.5 -7.5 16.25 27.946
60.0 10.0 -7.5 16.25 21.8157
60.0 -5.0 -5.0 16.25 -1.5968
60.0 -2.5 -5.0 16.25 -1.6488
60.0 0.0 -5.0 16.25 3.8727
60.0 2.5 -5.0 16.25 14.2069
60.0 5.0 -5.0 16.25 23.8054
60.0 7.5 -5.0 16.25 21.196
60.0 10.0 -5.0 16.25 11.870099999999999
60.0 -5.0 -2.5 16.25 -1.9256
60.0 -2.5 -2.5 16.25 -2.1315999999999997
60.0 0.0 -2.5 16.25 -0.24409999999999998
60.0 2.5 -2.5 16.25 4.939500000000001
60.0 5.0 -2.5 16.25 11.7101
60.0 7.5 -2.5 16.25 61.717299999999994
60.0 10.0 -2.5 16.25 700.7478000000001
60.0 -5.0 0.0 16.25 -0.8536
60.0 -2.5 0.0 16.25 -0.6603
60.0 0.0 0.0 16.25 6.7439
60.0 2.5 0.0 16.25 95.1968
60.0 5.0 0.0 16.25 55.486900000000006
60.0 7.5 0.0 16.25 5959664.1576000005
60.0 10.0 0.0 16.25 583.1438
60.0 -5.0 2.5 16.25 1.0587
60.0 -2.5 2.5 16.25 0.6740999999999999
60.0 0.0 2.5 16.25 250834.8736
60.0 2.5 2.5 16.25 5127.709400000001
60.0 5.0 2.5 16.25 45559.6477
60.0 7.5 2.5 16.25 494425613.7926
60.0 10.0 2.5 16.25 45386394.5435
60.0 -5.0 5.0 16.25 0.7057
60.0 -2.5 5.0 16.25 2.4415
60.0 0.0 5.0 16.25 7.998
60.0 2.5 5.0 16.25 9583.3292
60.0 5.0 5.0 16.25 8036.2846
60.0 7.5 5.0 16.25 163394.1696
60.0 10.0 5.0 16.25 333.2657
120.0 -5.0 -10.0 3.75 -0.3861
120.0 -2.5 -10.0 3.75 -6.8392
120.0 0.0 -10.0 3.75 -21.169
120.0 2.5 -10.0 3.75 -35.8687
120.0 5.0 -10.0 3.75 10260.407700000002
120.0 7.5 -10.0 3.75 562640.4262999999
120.0 10.0 -10.0 3.75 9999999947.504301
120.0 -5.0 -7.5 3.75 0.8724000000000001
120.0 -2.5 -7.5 3.75 -7.3361
120.0 0.0 -7.5 3.75 -7.769099999999998
120.0 2.5 -7.5 3.75 29.729799999999997
120.0 5.0 -7.5 3.75 651976.0974
120.0 7.5 -7.5 3.75 9999999955.763102
120.0 10.0 -7.5 3.75 9999999859.5119
120.0 -5.0 -5.0 3.75 0.8009
120.0 -2.5 -5.0 3.75 3881052.0237000003
120.0 0.0 -5.0 3.75 220.56900000000002
120.0 2.5 -5.0 3.75 7189836743.8769
120.0 5.0 -5.0 3.75 2688917.9325
120.0 7.5 -5.0 3.75 9999999908.7247
120.0 10.0 -5.0 3.75 9999999973.2544
120.0 -5.0 -2.5 3.75 -1.4588
120.0 -2.5 -2.5 3.75 2750.5375
120.0 0.0 -2.5 3.75 1971556.7634
120.0 2.5 -2.5 3.75 3561583.2076
120.0 5.0 -2.5 3.75 2721360728.9625
120.0 7.5 -2.5 3.75 9999999788.627901
120.0 10.0 -2.5 3.75 9999999901.5492
120.0 -5.0 0.0 3.75 446.9563
120.0 -2.5 0.0 3.75 1072.5212
120.0 0.0 0.0 3.75 1242310.9954000001
120.0 2.5 0.0 3.75 10000000020.3388
120.0 5.0 0.0 3.75 9999999936.1082
120.0 7.5 0.0 3.75 9999999814.626701
120.0 10.0 0.0 3.75 9999999901.223501
120.0 -5.0 2.5 3.75 18.5963
120.0 -2.5 2.5 3.75 107.4536
120.0 0.0 2.5 3.75 9999999936.438702
120.0 2.5 2.5 3.75 9999999961.0112
120.0 5.0 2.5 3.75 10000000535.214901
120.0 7.5 2.5 3.75 9999999973.917002
120.0 10.0 2.5 3.75 10000000142.988
120.0 -5.0 5.0 3.75 57.216300000000004
120.0 -2.5 5.0 3.75 10000000151.982302
120.0 0.0 5.0 3.75 2550491495.7861004
120.0 2.5 5.0 3.75 10000000335.0834
120.0 5.0 5.0 3.75 9999999885.672602
120.0 7.5 5.0 3.75 10000000051.7516
120.0 10.0 5.0 3.75 9999999854.954102
120.0 -2.5 0.0 5.0 6810.3013
120.0 -2.5 2.5 5.0 705.5939
120.0 0.0 -2.5 6.25 2193.3322000000003
120.0 -2.5 0.0 6.25 323.6031
120.0 -2.5 2.5 6.25 1941.7964
120.0 -2.5 5.0 6.25 52070027.6866
120.0 0.0 -7.5 7.5 -5.3079
120.0 -2.5 -5.0 7.5 13.2813
120.0 0.0 -5.0 7.5 2.123499999999999
120.0 -2.5 -2.5 7.5 35.585800000000006
120.0 0.0 -2.5 7.5 47.4812
120.0 -2.5 0.0 7.5 89.0915
120.0 -2.5 2.5 7.5 2179.6081
120.0 0.0 2.5 7.5 1316560662.4578001
120.0 -2.5 5.0 7.5 9765531.0955
120.0 0.0 -7.5 8.75 -4.4616999999999996
120.0 -2.5 -5.0 8.75 12.3809
120.0 0.0 -5.0 8.75 3.9011999999999993
120.0 2.5 -5.0 8.75 18304.2678
120.0 -2.5 -2.5 8.75 32.1275
120.0 0.0 -2.5 8.75 34.7203
120.0 -2.5 0.0 8.75 65.2094
120.0 0.0 0.0 8.75 19077.1365
120.0 -2.5 2.5 8.75 39512.8313
120.0 0.0 2.5 8.75 2790301395.436
120.0 -5.0 5.0 8.75 107.35679999999999
120.0 -2.5 5.0 8.75 774591.2001
120.0 0.0 -7.5 10.0 -0.14040000000000008
120.0 2.5 -7.5 10.0 -12.590399999999999
120.0 -2.5 -5.0 10.0 13.0913
120.0 0.0 -5.0 10.0 11.6548
120.0 2.5 -5.0 10.0 1246.3779000000002
120.0 -2.5 -2.5 10.0 27.8261
120.0 0.0 -2.5 10.0 5215.4785
120.0 -2.5 0.0 10.0 164.50279999999998
120.0 0.0 0.0 10.0 12443.9149
120.0 -2.5 2.5 10.0 27485813.6732
120.0 0.0 2.5 10.0 40520412.3545
120.0 2.5 2.5 10.0 56858007.202300005
120.0 -5.0 5.0 10.0 11175.5107
120.0 -2.5 5.0 10.0 10000000096.8932
120.0 0.0 5.0 10.0 9999999834.7537
120.0 0.0 -10.0 11.25 -1.9917
120.0 2.5 -10.0 11.25 -4.4002
120.0 5.0 -10.0 11.25 1.2316999999999998
120.0 7.5 -10.0 11.25 1489.3119000000002
120.0 0.0 -7.5 11.25 -0.04069999999999996
120.0 2.5 -7.5 11.25 43.9258
120.0 5.0 -7.5 11.25 551527.7119
120.0 -2.5 -5.0 11.25 10.488499999999998
120.0 0.0 -5.0 11.25 13.729399999999998
120.0 2.5 -5.0 11.25 2278.1706
120.0 -5.0 -2.5 11.25 12.1082
120.0 -2.5 -2.5 11.25 19.6564
120.0 0.0 -2.5 11.25 460.21669999999995
120.0 -5.0 0.0 11.25 17.4326
120.0 -2.5 0.0 11.25 82.523
120.0 0.0 0.0 11.25 210862.4145
120.0 2.5 0.0 11.25 5452782013.582999
120.0 5.0 0.0 11.25 9999999983.7103
120.0 -5.0 2.5 11.25 45.2482
120.0 -2.5 2.5 11.25 1584349116.9773
120.0 0.0 2.5 11.25 42165260.5648
120.0 2.5 2.5 11.25 701796668.2414
120.0 -5.0 5.0 11.25 545786.2454
120.0 -2.5 5.0 11.25 25659008.3435
120.0 0.0 5.0 11.25 184195967.51729998
120.0 2.5 5.0 11.25 1198920439.4206
120.0 -5.0 -10.0 12.5 0.6863
120.0 0.0 -10.0 12.5 -1.6697000000000002
120.0 2.5 -10.0 12.5 -3.6271999999999998
120.0 5.0 -10.0 12.5 0.07960000000000012
120.0 7.5 -10.0 12.5 21.5265
120.0 10.0 -10.0 12.5 67.5928
120.0 -2.5 -7.5 12.5 2.4415
120.0 0.0 -7.5 12.5 -0.10940000000000005
120.0 2.5 -7.5 12.5 75.9563
120.0 5.0 -7.5 12.5 25010.8465
120.0 -2.5 -5.0 12.5 7.3302
120.0 0.0 -5.0 12.5 12.972100000000001
120.0 2.5 -5.0 12.5 527235830.23399997
120.0 -5.0 -2.5 12.5 7.637099999999999
120.0 -2.5 -2.5 12.5 11.1838
120.0 0.0 -2.5 12.5 748.6238999999999
120.0 -5.0 0.0 12.5 10.938099999999999
120.0 -2.5 0.0 12.5 27.634500000000003
120.0 0.0 0.0 12.5 119149191.3318
120.0 2.5 0.0 12.5 6550654852.9623995
120.0 5.0 0.0 12.5 9999999955.661201
120.0 -5.0 2.5 12.5 11.453999999999999
120.0 -2.5 2.5 12.5 7381561.6565
120.0 0.0 2.5 12.5 15621648.8915
120.0 2.5 2.5 12.5 64206324.5877
120.0 5.0 2.5 12.5 9999999968.9438
120.0 -5.0 5.0 12.5 230.9486
120.0 -2.5 5.0 12.5 730.9282
120.0 0.0 5.0 12.5 10000000182.5734
120.0 2.5 5.0 12.5 9999999660.911001
120.0 5.0 5.0 12.5 10000000079.7549
120.0 7.5 5.0 12.5 9999999988.3463
120.0 -5.0 -10.0 13.75 0.4804
120.0 -2.5 -10.0 13.75 0.5556
120.0 0.0 -10.0 13.75 -1.1280999999999999
120.0 2.5 -10.0 13.75 -2.9975
120.0 5.0 -10.0 13.75 0.4004000000000001
120.0 7.5 -10.0 13.75 9.885299999999999
120.0 10.0 -10.0 13.75 23.701
120.0 -2.5 -7.5 13.75 1.4979
120.0 0.0 -7.5 13.75 -0.5322
120.0 2.5 -7.5 13.75 -0.08319999999999972
120.0 5.0 -7.5 13.75 1216.0621999999998
120.0 7.5 -7.5 13.75 32.6633
120.0 10.0 -7.5 13.75 43.742599999999996
120.0 -5.0 -5.0 13.75 3.1295
120.0 -2.5 -5.0 13.75 3.87
120.0 0.0 -5.0 13.75 2.1853999999999996
120.0 2.5 -5.0 13.75 952.9361
120.0 -5.0 -2.5 13.75 4.306100000000001
120.0 -2.5 -2.5 13.75 3.9051
120.0 0.0 -2.5 13.75 78.769
120.0 2.5 -2.5 13.75 159168205.2806
120.0 -5.0 0.0 13.75 6.5776
120.0 -2.5 0.0 13.75 9.3652
120.0 0.0 0.0 13.75 17786820.269399997
120.0 2.5 0.0 13.75 337294.88190000004
120.0 -5.0 2.5 13.75 7.2555000000000005
120.0 -2.5 2.5 13.75 39.6209
120.0 0.0 2.5 13.75 43999365.2594
120.0 2.5 2.5 13.75 9999999945.9696
120.0 5.0 2.5 13.75 89736853.7206
120.0 7.5 2.5 13.75 9999999931.9655
120.0 -5.0 5.0 13.75 46.2025
120.0 -2.5 5.0 13.75 15.2211
120.0 0.0 5.0 13.75 333010430.6045
120.0 2.5 5.0 13.75 11541417.8219
120.0 5.0 5.0 13.75 9776910.3467
120.0 7.5 5.0 13.75 9999999974.018002
120.0 -5.0 -10.0 15.0 0.41390000000000005
120.0 -2.5 -10.0 15.0 0.2177
120.0 0.0 -10.0 15.0 -0.88
120.0 2.5 -10.0 15.0 -2.5577
120.0 5.0 -10.0 15.0 -0.414
120.0 7.5 -10.0 15.0 7.717300000000001
120.0 10.0 -10.0 15.0 17.959899999999998
120.0 -5.0 -7.5 15.0 0.3839
120.0 -2.5 -7.5 15.0 0.6317
120.0 0.0 -7.5 15.0 -1.7638
120.0 2.5 -7.5 15.0 -5.5799
120.0 5.0 -7.5 15.0 -2.1656
120.0 7.5 -7.5 15.0 8.3185
120.0 10.0 -7.5 15.0 25.145300000000002
120.0 -5.0 -5.0 15.0 1.5027
120.0 -2.5 -5.0 15.0 0.4305999999999999
120.0 0.0 -5.0 15.0 -5.459
120.0 2.5 -5.0 15.0 8.3051
120.0 5.0 -5.0 15.0 12.916
120.0 7.5 -5.0 15.0 45.3667
120.0 10.0 -5.0 15.0 39.9148
120.0 -5.0 -2.5 15.0 2.0634
120.0 -2.5 -2.5 15.0 -1.0977
120.0 0.0 -2.5 15.0 1.639599999999998
120.0 2.5 -2.5 15.0 231273.287
120.0 5.0 -2.5 15.0 247638.3948
120.0 7.5 -2.5 15.0 1352.2563
120.0 10.0 -2.5 15.0 5632.765700000001
120.0 -5.0 0.0 15.0 2.7973
120.0 -2.5 0.0 15.0 0.5516000000000001
120.0 0.0 0.0 15.0 2480036.557
120.0 2.5 0.0 15.0 3249.9433000000004
120.0 5.0 0.0 15.0 9999999784.9901
120.0 10.0 0.0 15.0 3463157.9891999997
120.0 -5.0 2.5 15.0 3.6243
120.0 -2.5 2.5 15.0 0.9318999999999997
120.0 0.0 2.5 15.0 473329.5572
120.0 2.5 2.5 15.0 1333168959.7754
120.0 5.0 2.5 15.0 50898730.6513
120.0 7.5 2.5 15.0 560824.5114
120.0 10.0 2.5 15.0 20207.8579
120.0 -5.0 5.0 15.0 6.906700000000001
120.0 -2.5 5.0 15.0 2.4052999999999995
120.0 0.0 5.0 15.0 295.8689
120.0 2.5 5.0 15.0 197635.02659999998
120.0 5.0 5.0 15.0 71001.91780000001
120.0 7.5 5.0 15.0 543226605.8647001
120.0 10.0 5.0 15.0 904656597.955
120.0 -5.0 -10.0 16.25 0.2163
120.0 -2.5 -10.0 16.25 -0.155
120.0 0.0 -10.0 16.25 -0.4946
120.0 2.5 -10.0 16.25 -2.0635000000000003
120.0 5.0 -10.0 16.25 -0.9847
120.0 7.5 -10.0 16.25 4.5763
120.0 10.0 -10.0 16.25 11.3444
120.0 -5.0 -7.5 16.25 0.2112
120.0 -2.5 -7.5 16.25 -0.0040000000000000036
120.0 0.0 -7.5 16.25 -2.3053
120.0 2.5 -7.5 16.25 -5.0699000000000005
120.0 5.0 -7.5 16.25 -3.5010000000000003
120.0 7.5 -7.5 16.25 6.1782
120.0 10.0 -7.5 16.25 17.2196
120.0 -5.0 -5.0 16.25 0.5328
120.0 -2.5 -5.0 16.25 -1.1015
120.0 0.0 -5.0 16.25 -7.0107
120.0 2.5 -5.0 16.25 -13.199000000000002
120.0 5.0 -5.0 16.25 -10.5229
120.0 7.5 -5.0 16.25 3.3438999999999997
120.0 10.0 -5.0 16.25 19.575799999999997
120.0 -5.0 -2.5 16.25 0.8291000000000001
120.0 -2.5 -2.5 16.25 -3.1952
120.0 0.0 -2.5 16.25 -19.502100000000002
120.0 2.5 -2.5 16.25 360.766
120.0 5.0 -2.5 16.25 6038.4454
120.0 7.5 -2.5 16.25 -19.3266
120.0 10.0 -2.5 16.25 8.9836
120.0 -5.0 0.0 16.25 0.689
120.0 -2.5 0.0 16.25 -2.8798
120.0 0.0 0.0 16.25 382.96229999999997
120.0 2.5 0.0 16.25 163.43269999999998
120.0 5.0 0.0 16.25 208446.95260000002
120.0 7.5 0.0 16.25 944.1733
120.0 10.0 0.0 16.25 949.9644999999999
120.0 -5.0 2.5 16.25 1.3054999999999999
120.0 -2.5 2.5 16.25 -2.9482
120.0 0.0 2.5 16.25 6033.121800000001
120.0 2.5 2.5 16.25 318213.072
120.0 5.0 2.5 16.25 353765.7709
120.0 7.5 2.5 16.25 3065191.3712000004
120.0 10.0 2.5 16.25 1490.3415
120.0 -5.0 5.0 16.25 2.775
120.0 -2.5 5.0 16.25 -0.8932000000000002
120.0 0.0 5.0 16.25 -6.4322
120.0 2.5 5.0 16.25 23318.8652
120.0 5.0 5.0 16.25 19806.181399999998
120.0 7.5 5.0 16.25 270109523.3078
120.0 10.0 5.0 16.25 3839.4594
180.0 -5.0 -10.0 3.75 -1.3506
180.0 -2.5 -10.0 3.75 3.9756
180.0 0.0 -10.0 3.75 6.6483
180.0 2.5 -10.0 3.75 1.6022999999999996
180.0 5.0 -10.0 3.75 935817.1549
180.0 7.5 -10.0 3.75 9999999793.183802
180.0 10.0 -10.0 3.75 7545383316.4492
180.0 -5.0 -7.5 3.75 -4.0229
180.0 -2.5 -7.5 3.75 6.618600000000001
180.0 0.0 -7.5 3.75 17.0695
180.0 2.5 -7.5 3.75 137284.91369999998
180.0 5.0 -7.5 3.75 633900063.5498999
180.0 7.5 -7.5 3.75 10000000006.9258
180.0 10.0 -7.5 3.75 9999999872.4431
180.0 -5.0 -5.0 3.75 -1.5235
180.0 -2.5 -5.0 3.75 91.1823
180.0 0.0 -5.0 3.75 619.3192
180.0 2.5 -5.0 3.75 45955758.5988
180.0 5.0 -5.0 3.75 10000000084.985102
180.0 7.5 -5.0 3.75 5575470057.938499
180.0 10.0 -5.0 3.75 10000000043.5613
180.0 -5.0 -2.5 3.75 8.4435
180.0 -2.5 -2.5 3.75 4155.0757
180.0 0.0 -2.5 3.75 163391.95429999998
180.0 2.5 -2.5 3.75 10000000002.6804
180.0 5.0 -2.5 3.75 10000000113.452002
180.0 7.5 -2.5 3.75 10000000085.613
180.0 10.0 -2.5 3.75 10000000169.149801
180.0 -5.0 0.0 3.75 8464.3106
180.0 -2.5 0.0 3.75 10000000008.166101
180.0 0.0 0.0 3.75 1469361408.4509
180.0 2.5 0.0 3.75 9999999939.820501
180.0 5.0 0.0 3.75 9999999999.706501
180.0 7.5 0.0 3.75 9999999648.008202
180.0 10.0 0.0 3.75 9999999943.258202
180.0 -5.0 2.5 3.75 843.4644000000001
180.0 -2.5 2.5 3.75 1897252151.3606
180.0 0.0 2.5 3.75 10000000066.8164
180.0 2.5 2.5 3.75 9101910352.466799
180.0 5.0 2.5 3.75 10000000310.749401
180.0 7.5 2.5 3.75 10000000266.9122
180.0 10.0 2.5 3.75 9999999882.0758
180.0 -5.0 5.0 3.75 45503385.8134
180.0 -2.5 5.0 3.75 26215843.9645
180.0 0.0 5.0 3.75 540706969.4452
180.0 2.5 5.0 3.75 10000000101.361
180.0 5.0 5.0 3.75 9999999994.932201
180.0 7.5 5.0 3.75 9999999872.0191
180.0 10.0 5.0 3.75 10000000069.7745
180.0 -2.5 2.5 5.0 2062121630.9034
180.0 -2.5 -2.5 6.25 1349.2837
180.0 -2.5 0.0 6.25 1009.4274
180.0 -2.5 -2.5 7.5 1395.5292
180.0 -2.5 0.0 7.5 138.268
180.0 -2.5 2.5 7.5 79787.45880000001
180.0 0.0 2.5 7.5 36446309.5552
180.0 2.5 2.5 7.5 10000000055.572802
180.0 2.5 -10.0 8.75 39.573299999999996
180.0 -2.5 -7.5 8.75 48.0091
180.0 2.5 -7.5 8.75 108.166
180.0 5.0 -7.5 8.75 242.1458
180.0 -5.0 -5.0 8.75 25.9224
180.0 -2.5 -5.0 8.75 57.6326
180.0 -5.0 -2.5 8.75 24.7427
180.0 -2.5 -2.5 8.75 158.0351
180.0 0.0 -2.5 8.75 898039070.0062001
180.0 -5.0 0.0 8.75 15.458199999999998
180.0 -2.5 0.0 8.75 53.07470000000001
180.0 0.0 0.0 8.75 12211417.807799999
180.0 -5.0 2.5 8.75 88.23889999999999
180.0 -2.5 2.5 8.75 3378.0579
180.0 0.0 2.5 8.75 110336912.994
180.0 2.5 2.5 8.75 2946066897.0059
180.0 0.0 5.0 8.75 2698947080.8114
180.0 2.5 5.0 8.75 6845504811.8091
180.0 2.5 -10.0 10.0 35.5076
180.0 -2.5 -7.5 10.0 36.6302
180.0 0.0 -7.5 10.0 66.3801
180.0 2.5 -7.5 10.0 71.2191
180.0 5.0 -7.5 10.0 301.6549
180.0 -5.0 -5.0 10.0 18.4741
180.0 -2.5 -5.0 10.0 42.520500000000006
180.0 0.0 -5.0 10.0 104.5232
180.0 -5.0 -2.5 10.0 20.238100000000003
180.0 -2.5 -2.5 10.0 57.3949
180.0 0.0 -2.5 10.0 47740.586200000005
180.0 -5.0 0.0 10.0 16.9789
180.0 -2.5 0.0 10.0 61.6655
180.0 0.0 0.0 10.0 185512478.9944
180.0 -5.0 2.5 10.0 20.0573
180.0 -2.5 2.5 10.0 276026154.66690004
180.0 0.0 2.5 10.0 10000000054.4964
180.0 2.5 2.5 10.0 9999999906.095201
180.0 -2.5 5.0 10.0 312249247.1143
180.0 0.0 5.0 10.0 122210836.057
180.0 2.5 5.0 10.0 9999999956.5228
180.0 5.0 5.0 10.0 163450205.32389998
180.0 -2.5 -10.0 11.25 15.023700000000002
180.0 2.5 -10.0 11.25 27.506
180.0 5.0 -10.0 11.25 21.937900000000003
180.0 -2.5 -7.5 11.25 26.053900000000002
180.0 0.0 -7.5 11.25 42.4096
180.0 2.5 -7.5 11.25 46.0513
180.0 5.0 -7.5 11.25 2170.8808
180.0 -5.0 -5.0 11.25 12.7696
180.0 -2.5 -5.0 11.25 27.2701
180.0 0.0 -5.0 11.25 40.1228
180.0 -5.0 -2.5 11.25 14.5163
180.0 -2.5 -2.5 11.25 34.420500000000004
180.0 0.0 -2.5 11.25 122233.0149
180.0 -5.0 0.0 11.25 15.290099999999999
180.0 -2.5 0.0 11.25 98.3219
180.0 0.0 0.0 11.25 10533619.1141
180.0 -5.0 2.5 11.25 18.9177
180.0 -2.5 2.5 11.25 344556940.78290004
180.0 0.0 2.5 11.25 878550613.3212999
180.0 2.5 2.5 11.25 10000000168.530401
180.0 -5.0 5.0 11.25 69.4999
180.0 -2.5 5.0 11.25 10000000008.230501
180.0 0.0 5.0 11.25 10000000096.2075
180.0 2.5 5.0 11.25 9999999887.297401
180.0 5.0 5.0 11.25 9999999967.5023
180.0 7.5 5.0 11.25 9530756791.6043
180.0 -2.5 -10.0 12.5 9.4407
180.0 0.0 -10.0 12.5 16.211
180.0 2.5 -10.0 12.5 18.6938
180.0 5.0 -10.0 12.5 16.731900000000003
180.0 7.5 -10.0 12.5 49.1733
180.0 -2.5 -7.5 12.5 15.3318
180.0 0.0 -7.5 12.5 23.9639
180.0 2.5 -7.5 12.5 24.777
180.0 5.0 -7.5 12.5 18443.7609
180.0 -5.0 -5.0 12.5 7.5207
180.0 -2.5 -5.0 12.5 14.4364
180.0 0.0 -5.0 12.5 16.1584
180.0 2.5 -5.0 12.5 88.59179999999999
180.0 5.0 -5.0 12.5 137466617.9641
180.0 -5.0 -2.5 12.5 9.1037
180.0 -2.5 -2.5 12.5 12.8393
180.0 0.0 -2.5 12.5 6378.4978
180.0 2.5 -2.5 12.5 9999999954.8577
180.0 5.0 -2.5 12.5 50540428.3986
180.0 -5.0 0.0 12.5 11.369
180.0 -2.5 0.0 12.5 1165.05
180.0 0.0 0.0 12.5 438023.91089999996
180.0 2.5 0.0 12.5 1556742511.5448
180.0 -5.0 2.5 12.5 13.6598
180.0 -2.5 2.5 12.5 40175057.2969
180.0 0.0 2.5 12.5 1073629316.609
180.0 2.5 2.5 12.5 97540862.06920001
180.0 5.0 2.5 12.5 2731472015.5915003
180.0 -5.0 5.0 12.5 21.141
180.0 -2.5 5.0 12.5 22995.8525
180.0 0.0 5.0 12.5 23130123.5158
180.0 2.5 5.0 12.5 229846859.49679998
180.0 5.0 5.0 12.5 9728446340.9443
180.0 7.5 5.0 12.5 13431960.4251
180.0 10.0 5.0 12.5 1036589.7659
180.0 -5.0 -10.0 13.75 0.8784
180.0 -2.5 -10.0 13.75 4.755
180.0 0.0 -10.0 13.75 8.3971
180.0 2.5 -10.0 13.75 9.4781
180.0 5.0 -10.0 13.75 8.347999999999999
180.0 7.5 -10.0 13.75 5.5771
180.0 -5.0 -7.5 13.75 2.2651
180.0 -2.5 -7.5 13.75 7.329000000000001
180.0 0.0 -7.5 13.75 10.3326
180.0 2.5 -7.5 13.75 7.657400000000001
180.0 5.0 -7.5 13.75 290.9474
180.0 10.0 -7.5 13.75 99.4419
180.0 -5.0 -5.0 13.75 2.7647
180.0 -2.5 -5.0 13.75 5.7323
180.0 0.0 -5.0 13.75 2.6576999999999997
180.0 2.5 -5.0 13.75 20.4873
180.0 5.0 -5.0 13.75 57401741.4055
180.0 -5.0 -2.5 13.75 4.4434
180.0 -2.5 -2.5 13.75 2.4373
180.0 0.0 -2.5 13.75 49.394800000000004
180.0 2.5 -2.5 13.75 532163.2570999999
180.0 5.0 -2.5 13.75 977115917.4749
180.0 -5.0 0.0 13.75 7.598199999999999
180.0 -2.5 0.0 13.75 53.7962
180.0 0.0 0.0 13.75 551.875
180.0 2.5 0.0 13.75 711333.6252
180.0 5.0 0.0 13.75 9999999921.7506
180.0 7.5 0.0 13.75 9999999990.248201
180.0 -5.0 2.5 13.75 9.8294
180.0 -2.5 2.5 13.75 7640.7465
180.0 0.0 2.5 13.75 433769004.864
180.0 2.5 2.5 13.75 374901.41809999995
180.0 5.0 2.5 13.75 455926045.3495
180.0 7.5 2.5 13.75 4610388807.3783
180.0 10.0 2.5 13.75 3884784.6669
180.0 -5.0 5.0 13.75 14.9621
180.0 -2.5 5.0 13.75 1444.5855999999999
180.0 0.0 5.0 13.75 4975375.2183
180.0 2.5 5.0 13.75 1491095.8975
180.0 5.0 5.0 13.75 9999999958.740301
180.0 7.5 5.0 13.75 3514940.2657
180.0 -5.0 -10.0 15.0 -0.15789999999999998
180.0 -2.5 -10.0 15.0 1.2719
180.0 0.0 -10.0 15.0 2.9419999999999997
180.0 2.5 -10.0 15.0 2.3909
180.0 5.0 -10.0 15.0 1.2755999999999998
180.0 7.5 -10.0 15.0 0.5852000000000002
180.0 10.0 -10.0 15.0 0.027300000000000102
180.0 -5.0 -7.5 15.0 -0.3311
180.0 -2.5 -7.5 15.0 1.7025000000000001
180.0 0.0 -7.5 15.0 1.5927
180.0 2.5 -7.5 15.0 -4.9837
180.0 5.0 -7.5 15.0 83.9556
180.0 7.5 -7.5 15.0 -10.0627
180.0 10.0 -7.5 15.0 -3.5099
180.0 -5.0 -5.0 15.0 -0.5599
180.0 -2.5 -5.0 15.0 -0.4224
180.0 0.0 -5.0 15.0 -5.966200000000001
180.0 2.5 -5.0 15.0 -9.293
180.0 5.0 -5.0 15.0 575694.5154
180.0 7.5 -5.0 15.0 45585520.3258
180.0 -5.0 -2.5 15.0 1.5328
180.0 -2.5 -2.5 15.0 -0.12949999999999995
180.0 0.0 -2.5 15.0 -12.0017
180.0 2.5 -2.5 15.0 8508268.8843
180.0 5.0 -2.5 15.0 8359321490.3694
180.0 7.5 -2.5 15.0 2631.6188
180.0 -5.0 0.0 15.0 4.9667
180.0 -2.5 0.0 15.0 10.6008
180.0 0.0 0.0 15.0 30.968200000000003
180.0 2.5 0.0 15.0 3527.6423
180.0 5.0 0.0 15.0 10000000048.069601
180.0 7.5 0.0 15.0 9999999902.6515
180.0 -5.0 2.5 15.0 7.2378
180.0 -2.5 2.5 15.0 315.6909
180.0 0.0 2.5 15.0 46446886.6091
180.0 2.5 2.5 15.0 34496.0461
180.0 5.0 2.5 15.0 29897900.345200002
180.0 7.5 2.5 15.0 7585328.9942
180.0 10.0 2.5 15.0 79721.22739999999
180.0 -5.0 5.0 15.0 9.269400000000001
180.0 -2.5 5.0 15.0 11.9071
180.0 0.0 5.0 15.0 353989.9826
180.0 2.5 5.0 15.0 21697.550199999998
180.0 5.0 5.0 15.0 449696160.5118
180.0 7.5 5.0 15.0 28636525.987400003
180.0 10.0 5.0 15.0 25.0704
180.0 -5.0 -10.0 16.25 -0.5849
180.0 -2.5 -10.0 16.25 -0.4863
180.0 0.0 -10.0 16.25 -0.9434
180.0 2.5 -10.0 16.25 -1.916
180.0 5.0 -10.0 16.25 -3.4776000000000002
180.0 7.5 -10.0 16.25 -2.5539
180.0 10.0 -10.0 16.25 -0.0796
180.0 -5.0 -7.5 16.25 -1.326
180.0 -2.5 -7.5 16.25 -1.5688
180.0 0.0 -7.5 16.25 -3.4763
180.0 2.5 -7.5 16.25 -10.122499999999999
180.0 5.0 -7.5 16.25 -20.0125
180.0 7.5 -7.5 16.25 -17.0724
180.0 10.0 -7.5 16.25 -4.8683
180.0 -5.0 -5.0 16.25 -1.8318
180.0 -2.5 -5.0 16.25 -3.3116
180.0 0.0 -5.0 16.25 -9.3966
180.0 2.5 -5.0 16.25 -21.075699999999998
180.0 5.0 -5.0 16.25 14.9463
180.0 7.5 -5.0 16.25 323.2993
180.0 10.0 -5.0 16.25 -9.9071
180.0 -5.0 -2.5 16.25 -0.7583
180.0 -2.5 -2.5 16.25 -3.3777999999999997
180.0 0.0 -2.5 16.25 -12.727799999999998
180.0 2.5 -2.5 16.25 695.6219
180.0 5.0 -2.5 16.25 1381688.5488999998
180.0 7.5 -2.5 16.25 -31.557500000000005
180.0 10.0 -2.5 16.25 547469.9365999999
180.0 -5.0 0.0 16.25 2.6444
180.0 -2.5 0.0 16.25 2.4748
180.0 0.0 0.0 16.25 -7.5456
180.0 2.5 0.0 16.25 79.0848
180.0 5.0 0.0 16.25 75926.3775
180.0 7.5 0.0 16.25 5617.8821
180.0 10.0 0.0 16.25 430.1676
180.0 -5.0 2.5 16.25 4.6817
180.0 -2.5 2.5 16.25 1.8203
180.0 0.0 2.5 16.25 43487.4661
180.0 2.5 2.5 16.25 58.09660000000001
180.0 5.0 2.5 16.25 198935.6512
180.0 7.5 2.5 16.25 2073190.7884000002
180.0 10.0 2.5 16.25 155.0977
180.0 -5.0 5.0 16.25 4.8342
180.0 -2.5 5.0 16.25 0.8001
180.0 0.0 5.0 16.25 122.23250000000002
180.0 2.5 5.0 16.25 23.240299999999998
180.0 5.0 5.0 16.25 12866754.993600002
180.0 7.5 5.0 16.25 9999999932.5191
180.0 10.0 5.0 16.25 -17.619
240.0 -5.0 -10.0 3.75 -9.9441
240.0 -2.5 -10.0 3.75 -14.4352
240.0 0.0 -10.0 3.75 -13.7543
240.0 2.5 -10.0 3.75 9.8447
240.0 5.0 -10.0 3.75 6120829.256399999
240.0 7.5 -10.0 3.75 137181038.177
240.0 10.0 -10.0 3.75 10000000210.398602
240.0 -5.0 -7.5 3.75 -12.6112
240.0 -2.5 -7.5 3.75 6.438000000000001
240.0 0.0 -7.5 3.75 36.4176
240.0 2.5 -7.5 3.75 17189.6938
240.0 5.0 -7.5 3.75 759807313.1822
240.0 7.5 -7.5 3.75 2832130934.5755997
240.0 10.0 -7.5 3.75 10000000239.9097
240.0 -5.0 -5.0 3.75 -19.4578
240.0 -2.5 -5.0 3.75 63733.025200000004
240.0 0.0 -5.0 3.75 78357.3209
240.0 2.5 -5.0 3.75 7717232947.529
240.0 5.0 -5.0 3.75 3414668781.4031
240.0 7.5 -5.0 3.75 9999999922.7548
240.0 10.0 -5.0 3.75 9999999924.4428
240.0 -5.0 -2.5 3.75 -14.2938
240.0 -2.5 -2.5 3.75 78.1687
240.0 0.0 -2.5 3.75 69615586.1909
240.0 2.5 -2.5 3.75 10000000150.663301
240.0 5.0 -2.5 3.75 10000000290.1669
240.0 7.5 -2.5 3.75 9999999683.871302
240.0 10.0 -2.5 3.75 9999999978.283
240.0 -5.0 0.0 3.75 72.23230000000001
240.0 -2.5 0.0 3.75 3056626.1811
240.0 0.0 0.0 3.75 345051557.50270003
240.0 2.5 0.0 3.75 9999999897.179901
240.0 5.0 0.0 3.75 9999999898.171902
240.0 7.5 0.0 3.75 10000000021.194801
240.0 10.0 0.0 3.75 10000000156.4027
240.0 -5.0 2.5 3.75 369.51140000000004
240.0 -2.5 2.5 3.75 10000000037.668201
240.0 0.0 2.5 3.75 1128721867.9882
240.0 2.5 2.5 3.75 9999999932.3526
240.0 5.0 2.5 3.75 10000000305.0697
240.0 7.5 2.5 3.75 9999999942.8243
240.0 10.0 2.5 3.75 10000000280.028101
240.0 -5.0 5.0 3.75 46448655.3494
240.0 -2.5 5.0 3.75 10000000108.2942
240.0 0.0 5.0 3.75 9999999667.237501
240.0 2.5 5.0 3.75 9999999802.6793
240.0 5.0 5.0 3.75 5530823847.5111
240.0 7.5 5.0 3.75 9999999972.7439
240.0 10.0 5.0 3.75 9999999840.9354
240.0 0.0 5.0 5.0 4286456132.1293
240.0 2.5 -7.5 6.25 1985.1612
240.0 0.0 -2.5 6.25 9999999586.652601
240.0 0.0 0.0 6.25 449478489.3355
240.0 -2.5 2.5 6.25 810013.1648
240.0 0.0 2.5 6.25 9999999820.749802
240.0 0.0 5.0 6.25 9999999955.9374
240.0 2.5 -7.5 7.5 113.3083
240.0 0.0 -5.0 7.5 670281.2868
240.0 2.5 -5.0 7.5 9158.112799999999
240.0 0.0 -2.5 7.5 3230793.4143
240.0 2.5 -2.5 7.5 3631256553.0309
240.0 0.0 0.0 7.5 10000000024.522001
240.0 2.5 0.0 7.5 812492690.8878
240.0 0.0 2.5 7.5 844464048.1624
240.0 -2.5 5.0 7.5 10000000064.666801
240.0 0.0 5.0 7.5 10000000150.578901
240.0 2.5 -10.0 8.75 40.1704
240.0 2.5 -7.5 8.75 203.6939
240.0 0.0 -5.0 8.75 557.9219
240.0 2.5 -5.0 8.75 273063.3384
240.0 -2.5 -2.5 8.75 189.1324
240.0 0.0 -2.5 8.75 189239.1619
240.0 2.5 -2.5 8.75 181023954.6168
240.0 -5.0 0.0 8.75 -16.5342
240.0 -2.5 0.0 8.75 126666.1354
240.0 0.0 0.0 8.75 9999999820.7614
240.0 2.5 0.0 8.75 9312452169.6908
240.0 -2.5 2.5 8.75 3758828.0033
240.0 0.0 2.5 8.75 4402300615.2654
240.0 2.5 2.5 8.75 1224800001.311
240.0 -2.5 5.0 8.75 9999999960.8258
240.0 0.0 5.0 8.75 543031321.2458
240.0 2.5 5.0 8.75 555807732.8872
240.0 2.5 -10.0 10.0 34.652
240.0 5.0 -10.0 10.0 57424.4326
240.0 2.5 -7.5 10.0 335.03639999999996
240.0 -5.0 -5.0 10.0 -1.4767000000000001
240.0 0.0 -5.0 10.0 1856.1352
240.0 2.5 -5.0 10.0 83200.6654
240.0 -5.0 -2.5 10.0 -6.7753
240.0 -2.5 -2.5 10.0 -14.1414
240.0 0.0 -2.5 10.0 4659.4228
240.0 2.5 -2.5 10.0 10000000125.811
240.0 -5.0 0.0 10.0 11.266800000000002
240.0 -2.5 0.0 10.0 4439.8141
240.0 0.0 0.0 10.0 7915317239.4598
240.0 2.5 0.0 10.0 10000000017.476702
240.0 -2.5 2.5 10.0 2954875458.1008
240.0 0.0 2.5 10.0 9999999960.236502
240.0 2.5 2.5 10.0 10000000017.783602
240.0 5.0 2.5 10.0 58099065.3665
240.0 -2.5 5.0 10.0 10000000053.6592
240.0 0.0 5.0 10.0 56567857.845800005
240.0 2.5 5.0 10.0 10000000116.246601
240.0 5.0 5.0 10.0 9999999716.6763
240.0 -2.5 -10.0 11.25 6.0969999999999995
240.0 2.5 -10.0 11.25 25.446099999999998
240.0 5.0 -10.0 11.25 524.7321
240.0 10.0 -10.0 11.25 1231.9014000000002
240.0 2.5 -7.5 11.25 1438832.0058
240.0 -5.0 -5.0 11.25 -0.4022
240.0 -2.5 -5.0 11.25 1.8663000000000003
240.0 0.0 -5.0 11.25 238.85479999999998
240.0 2.5 -5.0 11.25 9999999916.520802
240.0 -5.0 -2.5 11.25 -3.5548
240.0 -2.5 -2.5 11.25 -5.828
240.0 0.0 -2.5 11.25 9834.681
240.0 2.5 -2.5 11.25 8719675708.0896
240.0 -5.0 0.0 11.25 5.154999999999999
240.0 -2.5 0.0 11.25 137.546
240.0 0.0 0.0 11.25 15973.0964
240.0 2.5 0.0 11.25 1475865623.7249
240.0 -2.5 2.5 11.25 69337401.5191
240.0 0.0 2.5 11.25 157430806.07169998
240.0 2.5 2.5 11.25 10000000013.269901
240.0 5.0 2.5 11.25 2114529414.4940999
240.0 -2.5 5.0 11.25 2485051310.7681003
240.0 0.0 5.0 11.25 218171346.377
240.0 2.5 5.0 11.25 1721496391.0953
240.0 5.0 5.0 11.25 10000000099.3062
240.0 7.5 5.0 11.25 197012321.9875
240.0 -2.5 -10.0 12.5 4.0861
240.0 0.0 -10.0 12.5 9.8618
240.0 2.5 -10.0 12.5 10.323
240.0 5.0 -10.0 12.5 13.1219
240.0 7.5 -10.0 12.5 42.0594
240.0 10.0 -10.0 12.5 63.0574
240.0 -5.0 -7.5 12.5 1.9411
240.0 0.0 -7.5 12.5 12.3682
240.0 2.5 -7.5 12.5 195929.1334
240.0 5.0 -7.5 12.5 851117.2641
240.0 7.5 -7.5 12.5 87.0173
240.0 10.0 -7.5 12.5 5053.2421
240.0 -5.0 -5.0 12.5 1.006
240.0 -2.5 -5.0 12.5 2.0090000000000003
240.0 0.0 -5.0 12.5 2859.0185
240.0 2.5 -5.0 12.5 32990.2981
240.0 5.0 -5.0 12.5 756492698.0961
240.0 -5.0 -2.5 12.5 -0.5972000000000001
240.0 -2.5 -2.5 12.5 -0.5534000000000003
240.0 0.0 -2.5 12.5 61100.7556
240.0 2.5 -2.5 12.5 10000000010.3311
240.0 -5.0 0.0 12.5 -0.45619999999999994
240.0 -2.5 0.0 12.5 -1.4262000000000001
240.0 0.0 0.0 12.5 240.9438
240.0 2.5 0.0 12.5 9999999980.909
240.0 -2.5 2.5 12.5 26359.8315
240.0 0.0 2.5 12.5 61523.8166
240.0 2.5 2.5 12.5 416141971.25729996
240.0 5.0 2.5 12.5 10000000017.8708
240.0 -2.5 5.0 12.5 723.5734
240.0 0.0 5.0 12.5 9999999988.2745
240.0 2.5 5.0 12.5 10000000398.648602
240.0 5.0 5.0 12.5 2809716177.4319
240.0 7.5 5.0 12.5 1601289.9001999998
240.0 10.0 5.0 12.5 944218669.0617
240.0 -5.0 -10.0 13.75 0.7189
240.0 -2.5 -10.0 13.75 2.1533
240.0 0.0 -10.0 13.75 4.4384
240.0 2.5 -10.0 13.75 1.8822999999999999
240.0 5.0 -10.0 13.75 -0.867
240.0 7.5 -10.0 13.75 5.845
240.0 10.0 -10.0 13.75 12.0816
240.0 -5.0 -7.5 13.75 1.4578
240.0 -2.5 -7.5 13.75 3.5343
240.0 0.0 -7.5 13.75 5.2025
240.0 2.5 -7.5 13.75 51.521699999999996
240.0 5.0 -7.5 13.75 226.6031
240.0 7.5 -7.5 13.75 -15.2717
240.0 10.0 -7.5 13.75 41.900200000000005
240.0 -5.0 -5.0 13.75 1.0734
240.0 -2.5 -5.0 13.75 2.1010999999999997
240.0 0.0 -5.0 13.75 42.980999999999995
240.0 2.5 -5.0 13.75 8646.4646
240.0 5.0 -5.0 13.75 153310.8494
240.0 7.5 -5.0 13.75 2392.0756
240.0 -5.0 -2.5 13.75 1.0176
240.0 -2.5 -2.5 13.75 1.6515
240.0 0.0 -2.5 13.75 29.6688
240.0 2.5 -2.5 13.75 4520070099.236
240.0 5.0 -2.5 13.75 780339.0402
240.0 -5.0 0.0 13.75 1.5086
240.0 -2.5 0.0 13.75 0.006600000000000161
240.0 0.0 0.0 13.75 3.3784
240.0 2.5 0.0 13.75 213798.48510000002
240.0 5.0 0.0 13.75 10000000097.9067
240.0 -5.0 2.5 13.75 3.2514999999999996
240.0 -2.5 2.5 13.75 11.5862
240.0 0.0 2.5 13.75 645.3598
240.0 2.5 2.5 13.75 2630073932.0741997
240.0 5.0 2.5 13.75 9999999990.4911
240.0 7.5 2.5 13.75 9999999953.939402
240.0 -2.5 5.0 13.75 16.9159
240.0 0.0 5.0 13.75 34354469.8568
240.0 2.5 5.0 13.75 35084154.8483
240.0 5.0 5.0 13.75 403024719.23889995
240.0 7.5 5.0 13.75 276246.5028
240.0 10.0 5.0 13.75 80681657.7457
240.0 -5.0 -10.0 15.0 0.21259999999999998
240.0 -2.5 -10.0 15.0 1.0847
240.0 0.0 -10.0 15.0 0.4889
240.0 2.5 -10.0 15.0 -2.6847
240.0 5.0 -10.0 15.0 -6.4166
240.0 7.5 -10.0 15.0 -3.4748
240.0 10.0 -10.0 15.0 1.4940999999999998
240.0 -5.0 -7.5 15.0 0.662
240.0 -2.5 -7.5 15.0 2.0505999999999998
240.0 0.0 -7.5 15.0 0.32119999999999993
240.0 2.5 -7.5 15.0 -6.1767
240.0 5.0 -7.5 15.0 -19.8662
240.0 7.5 -7.5 15.0 -23.202499999999997
240.0 10.0 -7.5 15.0 -14.8518
240.0 -5.0 -5.0 15.0 0.6788
240.0 -2.5 -5.0 15.0 1.6795999999999998
240.0 0.0 -5.0 15.0 -3.1094999999999997
240.0 2.5 -5.0 15.0 1318.0516
240.0 5.0 -5.0 15.0 0.9821999999999989
240.0 7.5 -5.0 15.0 -35.0607
240.0 10.0 -5.0 15.0 1170293.8763000001
240.0 -5.0 -2.5 15.0 0.9205
240.0 -2.5 -2.5 15.0 2.3801
240.0 0.0 -2.5 15.0 -0.9871000000000001
240.0 2.5 -2.5 15.0 265552.6273
240.0 5.0 -2.5 15.0 8019703.9789
240.0 7.5 -2.5 15.0 9999999922.167501
240.0 10.0 -2.5 15.0 4737.289699999999
240.0 -5.0 0.0 15.0 2.0472
240.0 -2.5 0.0 15.0 2.1308
240.0 0.0 0.0 15.0 -3.5177
240.0 2.5 0.0 15.0 14904.5101
240.0 5.0 0.0 15.0 1719176338.9192998
240.0 10.0 0.0 15.0 13293553.6725
240.0 -5.0 2.5 15.0 3.5057
240.0 -2.5 2.5 15.0 1.1613000000000002
240.0 0.0 2.5 15.0 25.5838
240.0 2.5 2.5 15.0 2748928650.5254
240.0 5.0 2.5 15.0 977755097.0724
240.0 7.5 2.5 15.0 12555409.6076
240.0 -5.0 5.0 15.0 3.88
240.0 -2.5 5.0 15.0 0.5453999999999999
240.0 0.0 5.0 15.0 106.7478
240.0 2.5 5.0 15.0 47257.691399999996
240.0 5.0 5.0 15.0 2937833328.2187004
240.0 7.5 5.0 15.0 10771820.4112
240.0 10.0 5.0 15.0 119028.4302
240.0 -5.0 -10.0 16.25 -0.036
240.0 -2.5 -10.0 16.25 0.007900000000000004
240.0 0.0 -10.0 16.25 -1.4873
240.0 2.5 -10.0 16.25 -5.1339999999999995
240.0 5.0 -10.0 16.25 -8.940999999999999
240.0 7.5 -10.0 16.25 -8.6055
240.0 10.0 -10.0 16.25 -4.4464
240.0 -5.0 -7.5 16.25 0.0916
240.0 -2.5 -7.5 16.25 0.7190000000000001
240.0 0.0 -7.5 16.25 -1.6699
240.0 2.5 -7.5 16.25 -8.0942
240.0 5.0 -7.5 16.25 -18.7869
240.0 7.5 -7.5 16.25 -22.6802
240.0 10.0 -7.5 16.25 -19.1699
240.0 -5.0 -5.0 16.25 0.3201
240.0 -2.5 -5.0 16.25 0.629
240.0 0.0 -5.0 16.25 -3.8832000000000004
240.0 2.5 -5.0 16.25 -8.7825
240.0 5.0 -5.0 16.25 -29.378
240.0 7.5 -5.0 16.25 -43.4263
240.0 10.0 -5.0 16.25 19.2566
240.0 -5.0 -2.5 16.25 0.7238
240.0 -2.5 -2.5 16.25 1.5158
240.0 0.0 -2.5 16.25 -2.7023
240.0 2.5 -2.5 16.25 8446.222600000001
240.0 5.0 -2.5 16.25 119.82340000000002
240.0 7.5 -2.5 16.25 1130.7134
240.0 10.0 -2.5 16.25 1319.7317
240.0 -5.0 0.0 16.25 1.9117
240.0 -2.5 0.0 16.25 1.6702000000000001
240.0 0.0 0.0 16.25 -4.224
240.0 2.5 0.0 16.25 26.5544
240.0 5.0 0.0 16.25 2166.5242000000003
240.0 7.5 0.0 16.25 12396.9237
240.0 10.0 0.0 16.25 70494.3551
240.0 -5.0 2.5 16.25 2.6921
240.0 -2.5 2.5 16.25 1.4909
240.0 0.0 2.5 16.25 -4.7153
240.0 2.5 2.5 16.25 4866310560.6237
240.0 5.0 2.5 16.25 305327349.8839
240.0 7.5 2.5 16.25 24087.5566
240.0 -5.0 5.0 16.25 2.7267
240.0 -2.5 5.0 16.25 1.0857999999999999
240.0 0.0 5.0 16.25 -7.1524
240.0 2.5 5.0 16.25 1567.1345
240.0 5.0 5.0 16.25 9999999959.397202
240.0 7.5 5.0 16.25 15012.1747
240.0 10.0 5.0 16.25 743.6808
300.0 -5.0 -10.0 3.75 -4.4071
300.0 -2.5 -10.0 3.75 -14.908199999999999
300.0 0.0 -10.0 3.75 -27.3267
300.0 2.5 -10.0 3.75 -44.7205
300.0 5.0 -10.0 3.75 920837.6756000001
300.0 7.5 -10.0 3.75 37805819.1248
300.0 10.0 -10.0 3.75 743444545.7024001
300.0 -5.0 -7.5 3.75 -5.064699999999999
300.0 -2.5 -7.5 3.75 -25.5986
300.0 0.0 -7.5 3.75 -53.5755
300.0 2.5 -7.5 3.75 64717.6783
300.0 5.0 -7.5 3.75 9999999989.4316
300.0 7.5 -7.5 3.75 2722732342.9292
300.0 10.0 -7.5 3.75 9999999820.609402
300.0 -5.0 -5.0 3.75 -5.8027
300.0 -2.5 -5.0 3.75 -39.3534
300.0 0.0 -5.0 3.75 165.5477
300.0 2.5 -5.0 3.75 742764829.9863
300.0 5.0 -5.0 3.75 9999999977.0888
300.0 7.5 -5.0 3.75 9999999797.825901
300.0 10.0 -5.0 3.75 10000000004.756802
300.0 -5.0 -2.5 3.75 -7.564
300.0 -2.5 -2.5 3.75 331238.2243
300.0 0.0 -2.5 3.75 9999999862.3866
300.0 2.5 -2.5 3.75 9999999937.432701
300.0 5.0 -2.5 3.75 9999999883.3111
300.0 7.5 -2.5 3.75 10000000019.754301
300.0 10.0 -2.5 3.75 7423791079.663
300.0 -5.0 0.0 3.75 -17.7328
300.0 -2.5 0.0 3.75 1731351.1217
300.0 0.0 0.0 3.75 160268019.83080003
300.0 2.5 0.0 3.75 5662325549.4890995
300.0 5.0 0.0 3.75 9999999863.8689
300.0 7.5 0.0 3.75 10000000173.637701
300.0 10.0 0.0 3.75 9999999799.8236
300.0 -5.0 2.5 3.75 22.7192
300.0 -2.5 2.5 3.75 9999999772.914701
300.0 0.0 2.5 3.75 9999999739.664902
300.0 2.5 2.5 3.75 9999999813.765001
300.0 5.0 2.5 3.75 10000000060.6404
300.0 7.5 2.5 3.75 9999999908.246601
300.0 10.0 2.5 3.75 9999999923.308102
300.0 -5.0 5.0 3.75 168710459.35259998
300.0 -2.5 5.0 3.75 9999999912.4006
300.0 0.0 5.0 3.75 9999999836.214201
300.0 2.5 5.0 3.75 9999999710.0028
300.0 5.0 5.0 3.75 9999999769.446201
300.0 7.5 5.0 3.75 9999999898.9901
300.0 10.0 5.0 3.75 9999999868.703001
300.0 0.0 -2.5 5.0 4422777.8756
300.0 0.0 0.0 5.0 3943336149.8219
300.0 5.0 -7.5 6.25 16600097.4197
300.0 0.0 -5.0 6.25 10999115.2608
300.0 0.0 -2.5 6.25 556979.8084000001
300.0 0.0 0.0 6.25 840703773.56
300.0 0.0 2.5 6.25 76807129.48300001
300.0 0.0 5.0 6.25 510452027.0387
300.0 5.0 -7.5 7.5 15273.3952
300.0 2.5 -5.0 7.5 6556622.3804
300.0 0.0 -2.5 7.5 193390.7355
300.0 2.5 -2.5 7.5 8464549.3689
300.0 0.0 0.0 7.5 86095736.1106
300.0 -2.5 2.5 7.5 -23.0077
300.0 0.0 2.5 7.5 27530092.2848
300.0 -2.5 5.0 7.5 30470638.5304
300.0 0.0 5.0 7.5 131020647.40439999
300.0 2.5 -10.0 8.75 -35.869299999999996
300.0 5.0 -7.5 8.75 59.5321
300.0 0.0 -5.0 8.75 -75.2603
300.0 2.5 -5.0 8.75 12964.1407
300.0 5.0 -5.0 8.75 545792322.2552999
300.0 0.0 -2.5 8.75 12557.511999999999
300.0 2.5 -2.5 8.75 85228.7015
300.0 0.0 0.0 8.75 69281156.0535
300.0 2.5 0.0 8.75 652074093.7166001
300.0 0.0 2.5 8.75 1159337.0818
300.0 2.5 2.5 8.75 483697781.616
300.0 -2.5 5.0 8.75 1538.6108
300.0 0.0 5.0 8.75 2552973937.3107
300.0 2.5 5.0 8.75 10000000154.162401
300.0 2.5 -10.0 10.0 -23.4225
300.0 2.5 -7.5 10.0 -35.8262
300.0 5.0 -7.5 10.0 -22.1172
300.0 7.5 -7.5 10.0 17942.004100000002
300.0 0.0 -5.0 10.0 -45.2962
300.0 2.5 -5.0 10.0 554.3288
300.0 5.0 -5.0 10.0 1074779.9033000001
300.0 0.0 -2.5 10.0 -11.294699999999999
300.0 2.5 -2.5 10.0 189.7021
300.0 -5.0 0.0 10.0 4.8824000000000005
300.0 -2.5 0.0 10.0 -0.05139999999999967
300.0 0.0 0.0 10.0 4902.31
300.0 2.5 0.0 10.0 22985024.6217
300.0 5.0 0.0 10.0 1521214646.4564002
300.0 -2.5 2.5 10.0 15.805900000000001
300.0 0.0 2.5 10.0 203828.92070000002
300.0 2.5 2.5 10.0 85907213.38890001
300.0 5.0 2.5 10.0 5795491334.3756
300.0 -2.5 5.0 10.0 6464.1905
300.0 0.0 5.0 10.0 9999999971.3775
300.0 2.5 5.0 10.0 10000000314.923601
300.0 2.5 -10.0 11.25 -14.830499999999999
300.0 5.0 -10.0 11.25 -7.5291999999999994
300.0 7.5 -10.0 11.25 7.815299999999999
300.0 10.0 -10.0 11.25 27.525199999999998
300.0 2.5 -7.5 11.25 -25.8105
300.0 5.0 -7.5 11.25 -19.6384
300.0 0.0 -5.0 11.25 -29.1207
300.0 2.5 -5.0 11.25 -38.3399
300.0 5.0 -5.0 11.25 80623.7402
300.0 -2.5 -2.5 11.25 -3.5008999999999997
300.0 0.0 -2.5 11.25 -13.713899999999999
300.0 2.5 -2.5 11.25 1448.4696000000001
300.0 -5.0 0.0 11.25 6.269
300.0 -2.5 0.0 11.25 9.4111
300.0 0.0 0.0 11.25 125.07159999999999
300.0 2.5 0.0 11.25 10000000014.407501
300.0 -2.5 2.5 11.25 19.655800000000003
300.0 0.0 2.5 11.25 346.86670000000004
300.0 2.5 2.5 11.25 41053787.4398
300.0 5.0 2.5 11.25 2539339699.2831
300.0 -2.5 5.0 11.25 11780462.8221
300.0 0.0 5.0 11.25 37276940.811400004
300.0 2.5 5.0 11.25 6327757666.848701
300.0 7.5 5.0 11.25 10000000053.907501
300.0 -5.0 -10.0 12.5 -1.5514
300.0 2.5 -10.0 12.5 -8.586599999999999
300.0 5.0 -10.0 12.5 -4.2219
300.0 7.5 -10.0 12.5 4.6022
300.0 10.0 -10.0 12.5 15.962500000000002
300.0 2.5 -7.5 12.5 -18.041800000000002
300.0 5.0 -7.5 12.5 -18.1237
300.0 7.5 -7.5 12.5 327.86940000000004
300.0 -5.0 -5.0 12.5 -4.172000000000001
300.0 -2.5 -5.0 12.5 -9.836200000000002
300.0 0.0 -5.0 12.5 -17.253
300.0 2.5 -5.0 12.5 -16.0302
300.0 5.0 -5.0 12.5 2120.0895
300.0 -5.0 -2.5 12.5 -0.319
300.0 -2.5 -2.5 12.5 0.1976
300.0 0.0 -2.5 12.5 -4.4442
300.0 2.5 -2.5 12.5 100.48729999999999
300.0 -5.0 0.0 12.5 6.1277
300.0 -2.5 0.0 12.5 13.3944
300.0 0.0 0.0 12.5 34.797399999999996
300.0 2.5 0.0 12.5 16497451.0621
300.0 5.0 0.0 12.5 10000000045.344702
300.0 -2.5 2.5 12.5 22.0602
300.0 0.0 2.5 12.5 51.9911
300.0 2.5 2.5 12.5 10000000071.279202
300.0 5.0 2.5 12.5 3282677134.0146
300.0 7.5 2.5 12.5 175784806.2837
300.0 10.0 2.5 12.5 9999999450.585402
300.0 -2.5 5.0 12.5 1847738.5812000001
300.0 0.0 5.0 12.5 28799.9453
300.0 2.5 5.0 12.5 842359175.6003
300.0 5.0 5.0 12.5 9999999971.2115
300.0 7.5 5.0 12.5 286032494.3653
300.0 10.0 5.0 12.5 10000000102.681501
300.0 0.0 -10.0 13.75 -4.6477
300.0 2.5 -10.0 13.75 -4.2315000000000005
300.0 5.0 -10.0 13.75 -2.7432000000000003
300.0 7.5 -10.0 13.75 1.2481
300.0 10.0 -10.0 13.75 5.1631
300.0 -5.0 -7.5 13.75 -1.4317
300.0 -2.5 -7.5 13.75 -5.1791
300.0 2.5 -7.5 13.75 -11.5716
300.0 5.0 -7.5 13.75 -14.7957
300.0 7.5 -7.5 13.75 -15.764499999999998
300.0 10.0 -7.5 13.75 178.208
300.0 -5.0 -5.0 13.75 -1.7575999999999998
300.0 -2.5 -5.0 13.75 -5.7151000000000005
300.0 0.0 -5.0 13.75 -9.3358
300.0 2.5 -5.0 13.75 -14.041
300.0 5.0 -5.0 13.75 615188.5511
300.0 -5.0 -2.5 13.75 0.6159
300.0 -2.5 -2.5 13.75 2.0251
300.0 0.0 -2.5 13.75 0.5758000000000001
300.0 2.5 -2.5 13.75 316.4146
300.0 5.0 -2.5 13.75 10000000050.0779
300.0 -5.0 0.0 13.75 5.4745
300.0 -2.5 0.0 13.75 13.4654
300.0 0.0 0.0 13.75 25.078599999999998
300.0 2.5 0.0 13.75 26108658.2984
300.0 5.0 0.0 13.75 932543854.3798001
300.0 7.5 0.0 13.75 10000000118.791302
300.0 -2.5 2.5 13.75 20.661
300.0 0.0 2.5 13.75 38.1862
300.0 2.5 2.5 13.75 6331403905.719
300.0 5.0 2.5 13.75 5794753941.0776
300.0 7.5 2.5 13.75 572663308.5984
300.0 10.0 2.5 13.75 9999999996.518702
300.0 -2.5 5.0 13.75 349.281
300.0 0.0 5.0 13.75 141.8383
300.0 2.5 5.0 13.75 1189.3018
300.0 5.0 5.0 13.75 10000000019.752401
300.0 7.5 5.0 13.75 12394402.9497
300.0 10.0 5.0 13.75 51538171.0927
300.0 -5.0 -10.0 15.0 -0.0272
300.0 -2.5 -10.0 15.0 -0.82
300.0 0.0 -10.0 15.0 -2.2749
300.0 2.5 -10.0 15.0 -2.1466000000000003
300.0 5.0 -10.0 15.0 -1.9235000000000002
300.0 7.5 -10.0 15.0 -1.8130000000000002
300.0 10.0 -10.0 15.0 -1.3472
300.0 -5.0 -7.5 15.0 -0.2756
300.0 -2.5 -7.5 15.0 -2.3617
300.0 0.0 -7.5 15.0 -5.1935
300.0 2.5 -7.5 15.0 -7.2237
300.0 5.0 -7.5 15.0 -11.1607
300.0 7.5 -7.5 15.0 -16.3601
300.0 10.0 -7.5 15.0 -17.4695
300.0 -5.0 -5.0 15.0 -0.4515
300.0 -2.5 -5.0 15.0 -2.6339
300.0 0.0 -5.0 15.0 -4.6295
300.0 2.5 -5.0 15.0 -10.9557
300.0 5.0 -5.0 15.0 171.8352
300.0 7.5 -5.0 15.0 18.8278
300.0 10.0 -5.0 15.0 646.0983
300.0 -5.0 -2.5 15.0 1.0038999999999998
300.0 -2.5 -2.5 15.0 2.5835999999999997
300.0 0.0 -2.5 15.0 2.9406
300.0 2.5 -2.5 15.0 174.4983
300.0 5.0 -2.5 15.0 400171471.97360003
300.0 10.0 -2.5 15.0 2382740.1163000003
300.0 -5.0 0.0 15.0 4.1576
300.0 -2.5 0.0 15.0 11.019
300.0 0.0 0.0 15.0 17.8963
300.0 2.5 0.0 15.0 12935488.9654
300.0 5.0 0.0 15.0 207597402.2064
300.0 7.5 0.0 15.0 549913305.9419
300.0 -5.0 2.5 15.0 5.6715
300.0 -2.5 2.5 15.0 16.3696
300.0 0.0 2.5 15.0 28.018700000000003
300.0 2.5 2.5 15.0 57075.08960000001
300.0 5.0 2.5 15.0 428247379.7813
300.0 7.5 2.5 15.0 14247589.9544
300.0 10.0 2.5 15.0 858397012.69
300.0 -2.5 5.0 15.0 19.892899999999997
300.0 0.0 5.0 15.0 29.647699999999997
300.0 2.5 5.0 15.0 70.2889
300.0 5.0 5.0 15.0 330101542.25810003
300.0 7.5 5.0 15.0 63178093.2402
300.0 10.0 5.0 15.0 172158.01770000003
300.0 -5.0 -10.0 16.25 0.0566
300.0 -2.5 -10.0 16.25 -0.22039999999999998
300.0 0.0 -10.0 16.25 -1.2184
300.0 2.5 -10.0 16.25 -1.7259000000000002
300.0 5.0 -10.0 16.25 -2.202
300.0 7.5 -10.0 16.25 -3.8023
300.0 10.0 -10.0 16.25 -4.346
300.0 -5.0 -7.5 16.25 0.0538
300.0 -2.5 -7.5 16.25 -0.8713
300.0 0.0 -7.5 16.25 -2.9649
300.0 2.5 -7.5 16.25 -4.6521
300.0 5.0 -7.5 16.25 -8.2236
300.0 7.5 -7.5 16.25 -14.2204
300.0 10.0 -7.5 16.25 -16.659399999999998
300.0 -5.0 -5.0 16.25 0.1784
300.0 -2.5 -5.0 16.25 -0.7810999999999999
300.0 0.0 -5.0 16.25 -2.7312000000000003
300.0 2.5 -5.0 16.25 -7.1743999999999994
300.0 5.0 -5.0 16.25 -16.7793
300.0 7.5 -5.0 16.25 -28.9975
300.0 10.0 -5.0 16.25 -26.8
300.0 -5.0 -2.5 16.25 0.5918
300.0 -2.5 -2.5 16.25 1.9021000000000001
300.0 0.0 -2.5 16.25 2.9547
300.0 2.5 -2.5 16.25 -1.8791
300.0 5.0 -2.5 16.25 1795.6426000000001
300.0 7.5 -2.5 16.25 716.8409
300.0 10.0 -2.5 16.25 2878.9418
300.0 -5.0 0.0 16.25 2.5475
300.0 -2.5 0.0 16.25 7.2636
300.0 0.0 0.0 16.25 12.504100000000001
300.0 2.5 0.0 16.25 3326563.9193
300.0 5.0 0.0 16.25 626352222.5633999
300.0 7.5 0.0 16.25 136.4348
300.0 -5.0 2.5 16.25 3.7868999999999997
300.0 -2.5 2.5 16.25 11.3681
300.0 0.0 2.5 16.25 19.540799999999997
300.0 2.5 2.5 16.25 3162.5074
300.0 5.0 2.5 16.25 3196992.886
300.0 7.5 2.5 16.25 32474.498300000003
300.0 10.0 2.5 16.25 41763.0501
300.0 -5.0 5.0 16.25 3.1451000000000002
300.0 -2.5 5.0 16.25 10.7759
300.0 0.0 5.0 16.25 18.5153
300.0 2.5 5.0 16.25 20.8991
300.0 5.0 5.0 16.25 2786.8857
300.0 7.5 5.0 16.25 92643.9815
300.0 10.0 5.0 16.25 6055.973
