0.0 -2.5 -7.5 10.0 12361.280499999999
0.0 -2.5 -5.0 10.0 722282.9434
0.0 -2.5 -2.5 10.0 4862006222.076099
0.0 0.0 0.0 10.0 10000000057.2504
0.0 -2.5 2.5 10.0 9163378644.9906
0.0 -5.0 5.0 10.0 10000000038.1184
0.0 -2.5 -7.5 11.25 46.6357
0.0 0.0 -7.5 11.25 6.4187
0.0 -5.0 -5.0 11.25 45938400.9348
0.0 -2.5 -5.0 11.25 133383.92299999998
0.0 0.0 -5.0 11.25 2.2286
0.0 -2.5 -2.5 11.25 47114330.491799995
0.0 2.5 -2.5 11.25 9999999907.2063
0.0 5.0 -2.5 11.25 31.008200000000002
0.0 -2.5 0.0 11.25 9176638.228699999
0.0 0.0 0.0 11.25 4586633.533299999
0.0 -5.0 2.5 11.25 10000000110.725601
0.0 -2.5 2.5 11.25 10000000116.018301
0.0 0.0 2.5 11.25 18472198.9816
0.0 -5.0 5.0 11.25 10000000008.781101
0.0 -2.5 5.0 11.25 9999999938.044
0.0 0.0 -10.0 12.5 5.447900000000001
0.0 2.5 -10.0 12.5 -0.0489
0.0 -2.5 -7.5 12.5 21.0469
0.0 0.0 -7.5 12.5 7.49
0.0 -5.0 -5.0 12.5 569.4245000000001
0.0 -2.5 -5.0 12.5 50.3875
0.0 0.0 -5.0 12.5 3.4032
0.0 2.5 -5.0 12.5 -14.5778
0.0 -2.5 -2.5 12.5 120866.8138
0.0 0.0 -2.5 12.5 44.043800000000005
0.0 2.5 -2.5 12.5 95.3475
0.0 5.0 -2.5 12.5 -40.8477
0.0 -2.5 0.0 12.5 187287607.5661
0.0 0.0 0.0 12.5 2392800.7581999996
0.0 -5.0 2.5 12.5 7924342.1805
0.0 -2.5 2.5 12.5 377736988.1757
0.0 0.0 2.5 12.5 9999999954.4941
0.0 -5.0 5.0 12.5 9999999987.2579
0.0 -2.5 5.0 12.5 6991929.6845
0.0 0.0 5.0 12.5 58652675.7086
0.0 0.0 -10.0 13.75 4.2377
0.0 2.5 -10.0 13.75 0.4147
0.0 -5.0 -7.5 13.75 17.9583
0.0 -2.5 -7.5 13.75 15.7425
0.0 0.0 -7.5 13.75 6.8107999999999995
0.0 5.0 -7.5 13.75 -7.2387
0.0 -5.0 -5.0 13.75 31.4921
0.0 -2.5 -5.0 13.75 22.7753
0.0 0.0 -5.0 13.75 5.4618
0.0 2.5 -5.0 13.75 -9.456399999999999
0.0 -5.0 -2.5 13.75 32.383
0.0 -2.5 -2.5 13.75 63.3174
0.0 0.0 -2.5 13.75 -3.349
0.0 2.5 -2.5 13.75 -22.9561
0.0 5.0 -2.5 13.75 -27.1752
0.0 7.5 -2.5 13.75 -16.7038
0.0 -5.0 0.0 13.75 267.5436
0.0 -2.5 0.0 13.75 66.6226
0.0 0.0 0.0 13.75 -2.1845000000000008
0.0 2.5 0.0 13.75 -40.3908
0.0 10.0 0.0 13.75 -5.7367
0.0 -5.0 2.5 13.75 14279.2732
0.0 -2.5 2.5 13.75 177098373.6075
0.0 0.0 2.5 13.75 888016.1875
0.0 -5.0 5.0 13.75 24657457.2095
0.0 -2.5 5.0 13.75 153465.8514
0.0 0.0 5.0 13.75 26642839.0077
0.0 -5.0 -10.0 15.0 2.2334
0.0 -2.5 -10.0 15.0 3.3128
0.0 0.0 -10.0 15.0 2.7729999999999997
0.0 2.5 -10.0 15.0 0.2807
0.0 5.0 -10.0 15.0 -1.1192000000000002
0.0 7.5 -10.0 15.0 -0.9929
0.0 10.0 -10.0 15.0 -0.2755
0.0 -5.0 -7.5 15.0 11.7332
0.0 -2.5 -7.5 15.0 9.7121
0.0 0.0 -7.5 15.0 4.413399999999999
0.0 2.5 -7.5 15.0 -0.9432
0.0 5.0 -7.5 15.0 -4.3585
0.0 10.0 -7.5 15.0 -1.5854
0.0 -5.0 -5.0 15.0 21.0989
0.0 -2.5 -5.0 15.0 15.562999999999999
0.0 0.0 -5.0 15.0 4.4872000000000005
0.0 2.5 -5.0 15.0 -5.6075
0.0 5.0 -5.0 15.0 -9.8799
0.0 7.5 -5.0 15.0 -7.3269
0.0 -5.0 -2.5 15.0 23.881700000000002
0.0 -2.5 -2.5 15.0 15.7142
0.0 0.0 -2.5 15.0 -0.5231000000000001
0.0 2.5 -2.5 15.0 -13.959399999999999
0.0 5.0 -2.5 15.0 -16.8115
0.0 7.5 -2.5 15.0 -11.2275
0.0 10.0 -2.5 15.0 -4.1719
0.0 -5.0 0.0 15.0 16.8992
0.0 -2.5 0.0 15.0 4.8103
0.0 0.0 0.0 15.0 -11.917000000000002
0.0 2.5 0.0 15.0 -23.439999999999998
0.0 5.0 0.0 15.0 -21.886699999999998
0.0 7.5 0.0 15.0 -11.6569
0.0 10.0 0.0 15.0 -3.951
0.0 -5.0 2.5 15.0 40.772400000000005
0.0 -2.5 2.5 15.0 8435.6322
0.0 0.0 2.5 15.0 46.52109999999999
0.0 2.5 2.5 15.0 -29.7926
0.0 5.0 2.5 15.0 -21.2987
0.0 7.5 2.5 15.0 -9.2575
0.0 -5.0 5.0 15.0 3694.4040999999997
0.0 -2.5 5.0 15.0 1011.1691
0.0 0.0 5.0 15.0 1074653.2251
0.0 2.5 5.0 15.0 -2.027000000000001
0.0 10.0 5.0 15.0 -0.2017
0.0 -5.0 -10.0 16.25 1.0213999999999999
0.0 -2.5 -10.0 16.25 1.5058
0.0 0.0 -10.0 16.25 1.4867000000000001
0.0 2.5 -10.0 16.25 0.4918
0.0 5.0 -10.0 16.25 -0.1083
0.0 7.5 -10.0 16.25 -0.1589
0.0 10.0 -10.0 16.25 0.0493
0.0 -5.0 -7.5 16.25 5.701
0.0 -2.5 -7.5 16.25 5.1024
0.0 0.0 -7.5 16.25 2.4899999999999998
0.0 2.5 -7.5 16.25 -0.5005
0.0 5.0 -7.5 16.25 -2.2436000000000003
0.0 7.5 -7.5 16.25 -1.8304
0.0 10.0 -7.5 16.25 -0.4577
0.0 -5.0 -5.0 16.25 12.5531
0.0 -2.5 -5.0 16.25 8.5965
0.0 0.0 -5.0 16.25 2.162
0.0 2.5 -5.0 16.25 -3.2817
0.0 5.0 -5.0 16.25 -5.5635
0.0 7.5 -5.0 16.25 -4.3191
0.0 10.0 -5.0 16.25 -1.3808
0.0 -5.0 -2.5 16.25 16.3863
0.0 -2.5 -2.5 16.25 8.9144
0.0 0.0 -2.5 16.25 -1.0675999999999999
0.0 2.5 -2.5 16.25 -8.902099999999999
0.0 5.0 -2.5 16.25 -10.2752
0.0 7.5 -2.5 16.25 -6.4786
0.0 10.0 -2.5 16.25 -2.1591
0.0 -5.0 0.0 16.25 12.273
0.0 -2.5 0.0 16.25 3.6701999999999995
0.0 0.0 0.0 16.25 -7.393700000000001
0.0 2.5 0.0 16.25 -14.430000000000001
0.0 5.0 0.0 16.25 -13.1896
0.0 7.5 0.0 16.25 -7.2286
0.0 10.0 0.0 16.25 -1.9986
0.0 -5.0 2.5 16.25 3.6033999999999997
0.0 -2.5 2.5 16.25 -2.5290999999999997
0.0 0.0 2.5 16.25 -14.469999999999999
0.0 2.5 2.5 16.25 -17.4047
0.0 5.0 2.5 16.25 -12.4427
0.0 7.5 2.5 16.25 -5.6533
0.0 10.0 2.5 16.25 -0.9670000000000001
0.0 -5.0 5.0 16.25 -6.4049
0.0 -2.5 5.0 16.25 -7.7754
0.0 0.0 5.0 16.25 173.1516
0.0 2.5 5.0 16.25 -16.9931
0.0 5.0 5.0 16.25 -9.8633
0.0 7.5 5.0 16.25 -3.0979
0.0 10.0 5.0 16.25 0.15870000000000004
60.0 -5.0 -10.0 3.75 45.211800000000004
60.0 -2.5 -10.0 3.75 -2.6437999999999997
60.0 0.0 -10.0 3.75 -32.7158
60.0 2.5 -10.0 3.75 -48.4835
60.0 5.0 -10.0 3.75 -32.1685
60.0 7.5 -10.0 3.75 -17.7918
60.0 10.0 -10.0 3.75 -9.7042
60.0 -5.0 -7.5 3.75 903915108.4106
60.0 -2.5 -7.5 3.75 183676386.93019998
60.0 0.0 -7.5 3.75 164311.34279999998
60.0 2.5 -7.5 3.75 1669061.5593
60.0 5.0 -7.5 3.75 225.54919999999998
60.0 7.5 -7.5 3.75 -15.6914
60.0 10.0 -7.5 3.75 -6.2466
60.0 -5.0 -5.0 3.75 10000000015.630402
60.0 -2.5 -5.0 3.75 10000000006.3546
60.0 0.0 -5.0 3.75 1783510932.8446002
60.0 2.5 -5.0 3.75 619596364.2961
60.0 5.0 -5.0 3.75 952649927.4083999
60.0 7.5 -5.0 3.75 66117.8842
60.0 10.0 -5.0 3.75 10.9387
60.0 -5.0 -2.5 3.75 9999999967.375101
60.0 -2.5 -2.5 3.75 10000000165.5555
60.0 0.0 -2.5 3.75 10000000010.1805
60.0 2.5 -2.5 3.75 9999999877.366701
60.0 5.0 -2.5 3.75 1430276172.5196
60.0 7.5 -2.5 3.75 105459541.6872
60.0 10.0 -2.5 3.75 4552.3373
60.0 -5.0 0.0 3.75 6161395650.5541
60.0 -2.5 0.0 3.75 9774276248.7302
60.0 0.0 0.0 3.75 9999999995.886702
60.0 2.5 0.0 3.75 9999999898.111301
60.0 5.0 0.0 3.75 10000000065.773
60.0 7.5 0.0 3.75 1553367150.4027
60.0 10.0 0.0 3.75 20899205.0446
60.0 -5.0 2.5 3.75 10000000119.010801
60.0 -2.5 2.5 3.75 10000000177.6609
60.0 0.0 2.5 3.75 10000000098.5937
60.0 2.5 2.5 3.75 5735428782.8341
60.0 5.0 2.5 3.75 10000000147.251902
60.0 7.5 2.5 3.75 860694538.5489
60.0 10.0 2.5 3.75 9999999978.282001
60.0 -5.0 5.0 3.75 10000000014.5739
60.0 -2.5 5.0 3.75 10000000310.2394
60.0 0.0 5.0 3.75 10000000213.3945
60.0 2.5 5.0 3.75 10000000196.6443
60.0 5.0 5.0 3.75 10000000016.168001
60.0 7.5 5.0 3.75 10000000095.749
60.0 10.0 5.0 3.75 6741173837.4233
60.0 2.5 5.0 10.0 9999999821.646801
60.0 2.5 -10.0 11.25 13.5625
60.0 7.5 -10.0 11.25 7.0298
60.0 5.0 -7.5 11.25 29.181400000000004
60.0 -2.5 2.5 11.25 1527969884.9118998
60.0 0.0 2.5 11.25 5626504.9999
60.0 2.5 2.5 11.25 2641969208.3636003
60.0 5.0 2.5 11.25 10000000052.241901
60.0 7.5 2.5 11.25 73266.7256
60.0 -2.5 5.0 11.25 3478595794.0937
60.0 0.0 5.0 11.25 9999999659.503
60.0 2.5 5.0 11.25 10000000055.9529
60.0 5.0 5.0 11.25 158286709.7972
60.0 0.0 -10.0 12.5 6.529400000000001
60.0 2.5 -10.0 12.5 11.9072
60.0 5.0 -10.0 12.5 10.3948
60.0 7.5 -10.0 12.5 5.631
60.0 0.0 -5.0 12.5 35.6282
60.0 0.0 2.5 12.5 16881.9402
60.0 2.5 2.5 12.5 1049267114.2052
60.0 5.0 2.5 12.5 11360044.5011
60.0 7.5 2.5 12.5 2885.6904
60.0 10.0 2.5 12.5 -18.305699999999998
60.0 0.0 5.0 12.5 1123126.7486
60.0 2.5 5.0 12.5 10541945.4817
60.0 5.0 5.0 12.5 11862261.558699999
60.0 7.5 5.0 12.5 6022787.5436
60.0 10.0 5.0 12.5 58182.2756
60.0 0.0 -10.0 13.75 6.4272
60.0 2.5 -10.0 13.75 9.554400000000001
60.0 5.0 -10.0 13.75 7.7501999999999995
60.0 7.5 -10.0 13.75 3.8346
60.0 10.0 -10.0 13.75 0.6701
60.0 -5.0 -7.5 13.75 -7.2293
60.0 2.5 -7.5 13.75 18.362199999999998
60.0 5.0 -7.5 13.75 17.316000000000003
60.0 7.5 -7.5 13.75 9.862599999999999
60.0 10.0 -7.5 13.75 3.7249999999999996
60.0 -2.5 -5.0 13.75 9.6993
60.0 0.0 -5.0 13.75 22.6382
60.0 5.0 -5.0 13.75 29.378700000000002
60.0 10.0 -5.0 13.75 7.8734
60.0 -5.0 -2.5 13.75 -6.192000000000001
60.0 -2.5 -2.5 13.75 398.8508
60.0 0.0 -2.5 13.75 96.16239999999999
60.0 0.0 0.0 13.75 79.8198
60.0 2.5 0.0 13.75 1717.0678
60.0 -2.5 2.5 13.75 1148659.1556
60.0 0.0 2.5 13.75 145.5762
60.0 2.5 2.5 13.75 119555.5241
60.0 5.0 2.5 13.75 93070020.5316
60.0 7.5 2.5 13.75 20368.9291
60.0 10.0 2.5 13.75 -11.665
60.0 0.0 5.0 13.75 1190.8944
60.0 2.5 5.0 13.75 2460.0206000000003
60.0 5.0 5.0 13.75 3128179.4310999997
60.0 7.5 5.0 13.75 98264.9265
60.0 10.0 5.0 13.75 -17.3716
60.0 -5.0 -10.0 15.0 -3.0294
60.0 -2.5 -10.0 15.0 0.2923
60.0 0.0 -10.0 15.0 4.7103
60.0 2.5 -10.0 15.0 6.7457
60.0 5.0 -10.0 15.0 5.054500000000001
60.0 7.5 -10.0 15.0 2.3539
60.0 10.0 -10.0 15.0 0.5959
60.0 -5.0 -7.5 15.0 -5.1151
60.0 -2.5 -7.5 15.0 3.2362
60.0 0.0 -7.5 15.0 11.1312
60.0 2.5 -7.5 15.0 13.6633
60.0 5.0 -7.5 15.0 11.251999999999999
60.0 7.5 -7.5 15.0 5.6843
60.0 10.0 -7.5 15.0 1.7851
60.0 -5.0 -5.0 15.0 -6.5953
60.0 -2.5 -5.0 15.0 6.2941
60.0 0.0 -5.0 15.0 18.119699999999998
60.0 2.5 -5.0 15.0 21.9694
60.0 5.0 -5.0 15.0 19.2729
60.0 7.5 -5.0 15.0 11.384699999999999
60.0 10.0 -5.0 15.0 4.3464
60.0 -5.0 -2.5 15.0 -10.1402
60.0 -2.5 -2.5 15.0 9.4749
60.0 0.0 -2.5 15.0 22.4514
60.0 2.5 -2.5 15.0 26.5383
60.0 10.0 -2.5 15.0 5.2603
60.0 -2.5 0.0 15.0 142.791
60.0 0.0 0.0 15.0 19.9675
60.0 2.5 0.0 15.0 26.538800000000002
60.0 7.5 0.0 15.0 6.1543
60.0 -5.0 2.5 15.0 -12.695900000000002
60.0 -2.5 2.5 15.0 1075.9677
60.0 0.0 2.5 15.0 10.812299999999999
60.0 2.5 2.5 15.0 155.2917
60.0 5.0 2.5 15.0 3188.2704999999996
60.0 7.5 2.5 15.0 18.2912
60.0 10.0 2.5 15.0 -7.1542
60.0 -2.5 5.0 15.0 -1.6542999999999997
60.0 0.0 5.0 15.0 -2.5922
60.0 2.5 5.0 15.0 907.4144
60.0 5.0 5.0 15.0 7247.4623
60.0 7.5 5.0 15.0 22.306799999999996
60.0 10.0 5.0 15.0 -13.313799999999999
60.0 -5.0 -10.0 16.25 -1.0133
60.0 -2.5 -10.0 16.25 0.11250000000000002
60.0 0.0 -10.0 16.25 2.3938
60.0 2.5 -10.0 16.25 3.5594
60.0 5.0 -10.0 16.25 2.9441
60.0 7.5 -10.0 16.25 1.31
60.0 10.0 -10.0 16.25 0.5335
60.0 -5.0 -7.5 16.25 -2.1497
60.0 -2.5 -7.5 16.25 2.4726
60.0 0.0 -7.5 16.25 7.5932
60.0 2.5 -7.5 16.25 9.157
60.0 5.0 -7.5 16.25 6.4146
60.0 7.5 -7.5 16.25 3.3853999999999997
60.0 10.0 -7.5 16.25 0.4723
60.0 -5.0 -5.0 16.25 -3.4085
60.0 -2.5 -5.0 16.25 5.263199999999999
60.0 0.0 -5.0 16.25 13.480699999999999
60.0 2.5 -5.0 16.25 14.995
60.0 5.0 -5.0 16.25 11.7568
60.0 7.5 -5.0 16.25 5.7073
60.0 10.0 -5.0 16.25 2.2794
60.0 -5.0 -2.5 16.25 -4.7475000000000005
60.0 -2.5 -2.5 16.25 6.0434
60.0 0.0 -2.5 16.25 16.2823
60.0 2.5 -2.5 16.25 17.95
60.0 5.0 -2.5 16.25 13.711599999999999
60.0 7.5 -2.5 16.25 7.0257000000000005
60.0 10.0 -2.5 16.25 2.1843
60.0 -5.0 0.0 16.25 -6.3087
60.0 -2.5 0.0 16.25 6.1282
60.0 0.0 0.0 16.25 13.817100000000002
60.0 2.5 0.0 16.25 14.685599999999999
60.0 5.0 0.0 16.25 8.937999999999999
60.0 7.5 0.0 16.25 2.9139
60.0 10.0 0.0 16.25 -0.1547
60.0 -5.0 2.5 16.25 -10.1196
60.0 -2.5 2.5 16.25 1.4230999999999998
60.0 0.0 2.5 16.25 6.466900000000001
60.0 2.5 2.5 16.25 2.9187000000000003
60.0 5.0 2.5 16.25 0.1779
60.0 7.5 2.5 16.25 -5.1392999999999995
60.0 10.0 2.5 16.25 -4.4244
60.0 -5.0 5.0 16.25 -9.5836
60.0 -2.5 5.0 16.25 -2.6510000000000002
60.0 0.0 5.0 16.25 -0.7627000000000002
60.0 2.5 5.0 16.25 -5.5602
60.0 5.0 5.0 16.25 6.2623999999999995
60.0 7.5 5.0 16.25 -12.967300000000002
60.0 10.0 5.0 16.25 -7.9461
120.0 -5.0 -10.0 3.75 42847560.4967
120.0 -2.5 -10.0 3.75 1350081.5494
120.0 0.0 -10.0 3.75 149979934.11060002
120.0 2.5 -10.0 3.75 101692370.0929
120.0 5.0 -10.0 3.75 148076.19
120.0 7.5 -10.0 3.75 3.6018
120.0 10.0 -10.0 3.75 -0.7322
120.0 -5.0 -7.5 3.75 2456008.9653
120.0 -2.5 -7.5 3.75 10000000353.325401
120.0 0.0 -7.5 3.75 10000000304.6075
120.0 2.5 -7.5 3.75 9999999893.2731
120.0 5.0 -7.5 3.75 1178513327.3953998
120.0 7.5 -7.5 3.75 7.113
120.0 10.0 -7.5 3.75 -14.4618
120.0 -5.0 -5.0 3.75 10000000008.005402
120.0 -2.5 -5.0 3.75 10000000101.6951
120.0 0.0 -5.0 3.75 9999999964.6809
120.0 2.5 -5.0 3.75 3824445286.64
120.0 5.0 -5.0 3.75 10000000095.4536
120.0 7.5 -5.0 3.75 75573.9918
120.0 10.0 -5.0 3.75 -51.7769
120.0 -5.0 -2.5 3.75 10000000128.963001
120.0 -2.5 -2.5 3.75 10000000140.717901
120.0 0.0 -2.5 3.75 10000000040.3045
120.0 2.5 -2.5 3.75 3250165026.9493
120.0 5.0 -2.5 3.75 135897889.065
120.0 7.5 -2.5 3.75 2551837431.1202
120.0 10.0 -2.5 3.75 -22.844100000000005
120.0 -5.0 0.0 3.75 10000000032.193201
120.0 -2.5 0.0 3.75 9999999998.274
120.0 0.0 0.0 3.75 693311701.9819
120.0 2.5 0.0 3.75 9999999843.872501
120.0 5.0 0.0 3.75 9999999983.734201
120.0 7.5 0.0 3.75 35983045.447399996
120.0 10.0 0.0 3.75 708821.9545
120.0 -5.0 2.5 3.75 10000000043.8043
120.0 -2.5 2.5 3.75 9999999922.8693
120.0 0.0 2.5 3.75 9999999868.4433
120.0 2.5 2.5 3.75 3698209588.5178
120.0 5.0 2.5 3.75 9999999997.179602
120.0 7.5 2.5 3.75 115062302.455
120.0 10.0 2.5 3.75 10000000151.0902
120.0 -5.0 5.0 3.75 9999999974.306702
120.0 -2.5 5.0 3.75 9999999835.7726
120.0 0.0 5.0 3.75 9856874069.958601
120.0 2.5 5.0 3.75 9999999842.8581
120.0 5.0 5.0 3.75 10000000080.8939
120.0 7.5 5.0 3.75 10000000072.416601
120.0 10.0 5.0 3.75 617920547.9795
120.0 2.5 2.5 7.5 2791947718.4895997
120.0 2.5 5.0 7.5 410055751.3386
120.0 2.5 -2.5 8.75 53037082.8508
120.0 0.0 2.5 8.75 9999999939.990501
120.0 2.5 2.5 8.75 1234118201.3594
120.0 2.5 5.0 8.75 10000000056.1574
120.0 2.5 -2.5 10.0 19604.140600000002
120.0 0.0 0.0 10.0 9002641688.5025
120.0 2.5 0.0 10.0 1125765126.6213
120.0 5.0 0.0 10.0 524500.6443
120.0 0.0 2.5 10.0 282302835.5621
120.0 2.5 2.5 10.0 259240478.0241
120.0 5.0 2.5 10.0 346929.5889
120.0 0.0 5.0 10.0 9999999833.7033
120.0 2.5 5.0 10.0 9999999924.481401
120.0 2.5 -5.0 11.25 -51.3343
120.0 5.0 -5.0 11.25 -42.1342
120.0 2.5 -2.5 11.25 -33.371500000000005
120.0 5.0 -2.5 11.25 287.4919
120.0 7.5 -2.5 11.25 -10.0736
120.0 0.0 0.0 11.25 38575.5206
120.0 2.5 0.0 11.25 8563.3374
120.0 5.0 0.0 11.25 9816.977799999999
120.0 7.5 0.0 11.25 175546.63
120.0 0.0 2.5 11.25 1883916146.6264
120.0 2.5 2.5 11.25 51471267.401200004
120.0 5.0 2.5 11.25 62458.0988
120.0 0.0 5.0 11.25 269412407.15379995
120.0 2.5 5.0 11.25 68537364.08410001
120.0 2.5 -10.0 12.5 -10.369800000000001
120.0 2.5 -5.0 12.5 -41.620200000000004
120.0 5.0 -5.0 12.5 -28.292299999999997
120.0 -2.5 -2.5 12.5 -19.370599999999996
120.0 0.0 -2.5 12.5 73.555
120.0 2.5 -2.5 12.5 -41.5309
120.0 5.0 -2.5 12.5 -20.6904
120.0 7.5 -2.5 12.5 -2.9882
120.0 0.0 0.0 12.5 149.314
120.0 2.5 0.0 12.5 -8.0998
120.0 5.0 0.0 12.5 12.936399999999999
120.0 7.5 0.0 12.5 38.951
120.0 0.0 2.5 12.5 41214228.1938
120.0 2.5 2.5 12.5 1202919149.7721999
120.0 5.0 2.5 12.5 410.1719
120.0 7.5 2.5 12.5 2667.7403999999997
120.0 0.0 5.0 12.5 621733.4861
120.0 2.5 5.0 12.5 10000000144.320002
120.0 5.0 5.0 12.5 9006.1764
120.0 -2.5 -10.0 13.75 -4.4295
120.0 0.0 -10.0 13.75 -6.7212
120.0 5.0 -10.0 13.75 -7.0143
120.0 10.0 -10.0 13.75 -1.717
120.0 2.5 -7.5 13.75 -18.3871
120.0 5.0 -7.5 13.75 -14.0883
120.0 7.5 -7.5 13.75 -8.4474
120.0 -2.5 -5.0 13.75 -37.3172
120.0 0.0 -5.0 13.75 -39.7592
120.0 2.5 -5.0 13.75 -29.600700000000003
120.0 5.0 -5.0 13.75 -18.2962
120.0 -5.0 -2.5 13.75 -42.2135
120.0 -2.5 -2.5 13.75 -53.448499999999996
120.0 0.0 -2.5 13.75 -46.692099999999996
120.0 2.5 -2.5 13.75 -27.4272
120.0 5.0 -2.5 13.75 -10.373800000000001
120.0 7.5 -2.5 13.75 1.4615999999999998
120.0 10.0 -2.5 13.75 8.106399999999999
120.0 -5.0 0.0 13.75 -32.018
120.0 0.0 0.0 13.75 131.16219999999998
120.0 2.5 0.0 13.75 -10.690100000000001
120.0 5.0 0.0 13.75 8.3281
120.0 7.5 0.0 13.75 18.098100000000002
120.0 0.0 2.5 13.75 217296420.6433
120.0 2.5 2.5 13.75 236.8855
120.0 5.0 2.5 13.75 25.3787
120.0 7.5 2.5 13.75 33.6682
120.0 0.0 5.0 13.75 46350.4516
120.0 2.5 5.0 13.75 9188.7948
120.0 5.0 5.0 13.75 44.6568
120.0 7.5 5.0 13.75 41.9887
120.0 -5.0 -10.0 15.0 -3.1774999999999998
120.0 -2.5 -10.0 15.0 -4.4608
120.0 0.0 -10.0 15.0 -4.384399999999999
120.0 2.5 -10.0 15.0 -4.1798
120.0 5.0 -10.0 15.0 -3.2847
120.0 10.0 -10.0 15.0 -0.7905
120.0 -5.0 -7.5 15.0 -9.1323
120.0 -2.5 -7.5 15.0 -12.4969
120.0 0.0 -7.5 15.0 -13.3537
120.0 2.5 -7.5 15.0 -11.643099999999999
120.0 5.0 -7.5 15.0 -8.7659
120.0 7.5 -7.5 15.0 -5.258
120.0 -5.0 -5.0 15.0 -19.8241
120.0 -2.5 -5.0 15.0 -26.0564
120.0 0.0 -5.0 15.0 -25.1612
120.0 2.5 -5.0 15.0 -19.5059
120.0 5.0 -5.0 15.0 -11.8173
120.0 7.5 -5.0 15.0 -5.3535
120.0 10.0 -5.0 15.0 -0.4506
120.0 -5.0 -2.5 15.0 -29.9377
120.0 -2.5 -2.5 15.0 -34.0167
120.0 0.0 -2.5 15.0 -28.9984
120.0 2.5 -2.5 15.0 -17.4684
120.0 5.0 -2.5 15.0 -6.3828
120.0 7.5 -2.5 15.0 1.6568
120.0 10.0 -2.5 15.0 5.9239999999999995
120.0 -5.0 0.0 15.0 -30.899199999999997
120.0 -2.5 0.0 15.0 -26.5108
120.0 0.0 0.0 15.0 -9.757200000000001
120.0 2.5 0.0 15.0 -5.0111
120.0 5.0 0.0 15.0 7.795400000000001
120.0 7.5 0.0 15.0 13.885
120.0 10.0 0.0 15.0 14.4591
120.0 0.0 2.5 15.0 71050.1071
120.0 2.5 2.5 15.0 2.5603
120.0 5.0 2.5 15.0 19.4954
120.0 7.5 2.5 15.0 25.0489
120.0 10.0 2.5 15.0 21.022
120.0 0.0 5.0 15.0 44.739200000000004
120.0 2.5 5.0 15.0 8.655999999999999
120.0 5.0 5.0 15.0 24.2431
120.0 7.5 5.0 15.0 27.9868
120.0 10.0 5.0 15.0 20.816499999999998
120.0 -5.0 -10.0 16.25 -2.3854
120.0 -2.5 -10.0 16.25 -3.2356000000000003
120.0 0.0 -10.0 16.25 -2.5079000000000002
120.0 2.5 -10.0 16.25 -1.7595
120.0 5.0 -10.0 16.25 -0.9662000000000001
120.0 7.5 -10.0 16.25 -0.3737
120.0 10.0 -10.0 16.25 -0.1465
120.0 -5.0 -7.5 16.25 -7.332400000000001
120.0 -2.5 -7.5 16.25 -9.3382
120.0 0.0 -7.5 16.25 -8.4821
120.0 2.5 -7.5 16.25 -6.4549
120.0 5.0 -7.5 16.25 -4.9598
120.0 7.5 -7.5 16.25 -2.5827
120.0 10.0 -7.5 16.25 -0.7568
120.0 -5.0 -5.0 16.25 -15.206999999999999
120.0 -2.5 -5.0 16.25 -17.680899999999998
120.0 0.0 -5.0 16.25 -15.3427
120.0 2.5 -5.0 16.25 -11.2493
120.0 5.0 -5.0 16.25 -6.9417
120.0 7.5 -5.0 16.25 -2.7515
120.0 10.0 -5.0 16.25 -0.2017
120.0 -5.0 -2.5 16.25 -20.7063
120.0 -2.5 -2.5 16.25 -21.5541
120.0 0.0 -2.5 16.25 -17.145599999999998
120.0 2.5 -2.5 16.25 -10.6522
120.0 5.0 -2.5 16.25 -3.614
120.0 7.5 -2.5 16.25 1.7434999999999998
120.0 10.0 -2.5 16.25 4.1251999999999995
120.0 -5.0 0.0 16.25 -19.806099999999997
120.0 -2.5 0.0 16.25 -17.1846
120.0 0.0 0.0 16.25 -10.979000000000001
120.0 2.5 0.0 16.25 -2.4345
120.0 5.0 0.0 16.25 5.7225
120.0 7.5 0.0 16.25 10.1532
120.0 10.0 0.0 16.25 9.963000000000001
120.0 -5.0 2.5 16.25 -16.1555
120.0 -2.5 2.5 16.25 -12.5691
120.0 0.0 2.5 16.25 5.1030999999999995
120.0 2.5 2.5 16.25 6.492399999999999
120.0 5.0 2.5 16.25 14.703200000000002
120.0 7.5 2.5 16.25 17.1179
120.0 10.0 2.5 16.25 13.5672
120.0 -2.5 5.0 16.25 -12.576999999999998
120.0 0.0 5.0 16.25 -3.4745999999999997
120.0 2.5 5.0 16.25 6.3191
120.0 5.0 5.0 16.25 15.655500000000002
120.0 7.5 5.0 16.25 17.479400000000002
120.0 10.0 5.0 16.25 12.787600000000001
180.0 -5.0 -10.0 3.75 85.18419999999999
180.0 -2.5 -10.0 3.75 2.2148000000000003
180.0 0.0 -10.0 3.75 2.904000000000001
180.0 2.5 -10.0 3.75 1767.1839
180.0 5.0 -10.0 3.75 849.911
180.0 7.5 -10.0 3.75 29.8276
180.0 10.0 -10.0 3.75 20.8455
180.0 -5.0 -7.5 3.75 3674986.686
180.0 -2.5 -7.5 3.75 18532.8795
180.0 0.0 -7.5 3.75 72605.2774
180.0 2.5 -7.5 3.75 19727335.1181
180.0 5.0 -7.5 3.75 84161959.24080001
180.0 7.5 -7.5 3.75 50648085.3722
180.0 10.0 -7.5 3.75 221.04059999999998
180.0 -5.0 -5.0 3.75 654271.1007000001
180.0 -2.5 -5.0 3.75 827859002.1754
180.0 0.0 -5.0 3.75 566641429.9914
180.0 2.5 -5.0 3.75 88447618.3477
180.0 5.0 -5.0 3.75 23123374.8084
180.0 7.5 -5.0 3.75 55424175.9977
180.0 10.0 -5.0 3.75 10000000087.187302
180.0 -5.0 -2.5 3.75 9999999913.572
180.0 -2.5 -2.5 3.75 2482668472.4690003
180.0 0.0 -2.5 3.75 9999999995.5261
180.0 2.5 -2.5 3.75 10000000198.339201
180.0 5.0 -2.5 3.75 3113771831.1475
180.0 7.5 -2.5 3.75 9999999949.529501
180.0 10.0 -2.5 3.75 9142339.5768
180.0 -5.0 0.0 3.75 4670647616.587501
180.0 -2.5 0.0 3.75 9999999998.6481
180.0 0.0 0.0 3.75 5717006632.194301
180.0 2.5 0.0 3.75 10000000060.695501
180.0 5.0 0.0 3.75 10000000219.730202
180.0 7.5 0.0 3.75 9999999957.7896
180.0 10.0 0.0 3.75 9999999752.798101
180.0 -5.0 2.5 3.75 9999999767.2441
180.0 -2.5 2.5 3.75 10000000071.749102
180.0 0.0 2.5 3.75 10000000336.4608
180.0 2.5 2.5 3.75 10000000298.1975
180.0 5.0 2.5 3.75 9999999996.5827
180.0 7.5 2.5 3.75 9999999964.407902
180.0 10.0 2.5 3.75 10000000000.9515
180.0 -5.0 5.0 3.75 10000000104.257801
180.0 -2.5 5.0 3.75 9999999929.494501
180.0 0.0 5.0 3.75 10000000449.5475
180.0 2.5 5.0 3.75 10000000092.883501
180.0 5.0 5.0 3.75 10000000089.7289
180.0 7.5 5.0 3.75 9999999994.981602
180.0 10.0 5.0 3.75 10000000103.9267
180.0 5.0 -2.5 8.75 10000000094.1616
180.0 5.0 -2.5 10.0 9999999896.590801
180.0 2.5 2.5 10.0 9999999354.2222
180.0 5.0 -10.0 11.25 8.738499999999998
180.0 7.5 -10.0 11.25 7.9074
180.0 -2.5 -7.5 11.25 6.0512999999999995
180.0 5.0 -7.5 11.25 9.2395
180.0 2.5 -5.0 11.25 22808246.4164
180.0 5.0 -5.0 11.25 315.1806
180.0 7.5 -5.0 11.25 -0.7577000000000003
180.0 10.0 -5.0 11.25 0.32519999999999993
180.0 5.0 -2.5 11.25 9398754.234299999
180.0 0.0 0.0 11.25 9999999929.970201
180.0 -2.5 2.5 11.25 9999999980.136702
180.0 2.5 2.5 11.25 23942218.8979
180.0 -5.0 5.0 11.25 6360488.1419
180.0 5.0 5.0 11.25 760893725.4527
180.0 0.0 -10.0 12.5 2.9914
180.0 2.5 -10.0 12.5 3.5389
180.0 5.0 -10.0 12.5 3.9390000000000005
180.0 7.5 -10.0 12.5 2.9955
180.0 10.0 -10.0 12.5 1.8960000000000001
180.0 -2.5 -7.5 12.5 3.4177999999999997
180.0 0.0 -7.5 12.5 4.3302
180.0 2.5 -7.5 12.5 2.604
180.0 5.0 -7.5 12.5 2.2747
180.0 7.5 -7.5 12.5 2.5537
180.0 10.0 -7.5 12.5 1.3831
180.0 2.5 -5.0 12.5 34.5972
180.0 5.0 -5.0 12.5 -6.7252
180.0 7.5 -5.0 12.5 -5.905799999999999
180.0 10.0 -5.0 12.5 -3.3695000000000004
180.0 2.5 -2.5 12.5 -29.6638
180.0 5.0 -2.5 12.5 784.335
180.0 0.0 0.0 12.5 5464125.779
180.0 2.5 0.0 12.5 -37.1424
180.0 5.0 0.0 12.5 -27.048099999999998
180.0 -2.5 2.5 12.5 1652896.3662999999
180.0 0.0 2.5 12.5 323655.9178
180.0 2.5 2.5 12.5 8672.5759
180.0 -5.0 5.0 12.5 23924.9349
180.0 2.5 5.0 12.5 169807.1003
180.0 5.0 5.0 12.5 436643.0785
180.0 -5.0 -10.0 13.75 0.9517000000000001
180.0 -2.5 -10.0 13.75 0.9425
180.0 0.0 -10.0 13.75 1.317
180.0 2.5 -10.0 13.75 1.1005
180.0 5.0 -10.0 13.75 0.6695
180.0 7.5 -10.0 13.75 0.07669999999999999
180.0 10.0 -10.0 13.75 -0.1782
180.0 -2.5 -7.5 13.75 1.9954
180.0 0.0 -7.5 13.75 0.8275999999999999
180.0 2.5 -7.5 13.75 -0.6328
180.0 5.0 -7.5 13.75 -2.3374
180.0 7.5 -7.5 13.75 -2.0459
180.0 10.0 -7.5 13.75 -1.3347
180.0 -2.5 -5.0 13.75 -1.7304
180.0 0.0 -5.0 13.75 -3.907
180.0 2.5 -5.0 13.75 -7.2531
180.0 5.0 -5.0 13.75 -11.765
180.0 7.5 -5.0 13.75 -8.219899999999999
180.0 10.0 -5.0 13.75 -4.6343
180.0 2.5 -2.5 13.75 -24.1007
180.0 5.0 -2.5 13.75 -31.1572
180.0 7.5 -2.5 13.75 -21.380200000000002
180.0 -2.5 0.0 13.75 496.5306
180.0 0.0 0.0 13.75 1512.4321
180.0 2.5 0.0 13.75 -43.509
180.0 5.0 0.0 13.75 -47.4341
180.0 -5.0 2.5 13.75 -24.961499999999997
180.0 -2.5 2.5 13.75 95.5641
180.0 0.0 2.5 13.75 24282.175300000003
180.0 2.5 2.5 13.75 -45.9216
180.0 -5.0 5.0 13.75 -23.754799999999996
180.0 -2.5 5.0 13.75 272.0429
180.0 0.0 5.0 13.75 -40.4668
180.0 2.5 5.0 13.75 -9.1447
180.0 5.0 5.0 13.75 284541.4591
180.0 -5.0 -10.0 15.0 0.7919
180.0 -2.5 -10.0 15.0 0.5066999999999999
180.0 0.0 -10.0 15.0 0.0
180.0 2.5 -10.0 15.0 -0.1202
180.0 5.0 -10.0 15.0 -0.6532
180.0 7.5 -10.0 15.0 -0.846
180.0 10.0 -10.0 15.0 -0.4325
180.0 -5.0 -7.5 15.0 1.2608000000000001
180.0 -2.5 -7.5 15.0 0.31210000000000004
180.0 0.0 -7.5 15.0 -0.5017
180.0 2.5 -7.5 15.0 -2.2743
180.0 5.0 -7.5 15.0 -3.5391
180.0 7.5 -7.5 15.0 -3.6238
180.0 10.0 -7.5 15.0 -2.276
180.0 -2.5 -5.0 15.0 -2.98
180.0 0.0 -5.0 15.0 -5.0013000000000005
180.0 2.5 -5.0 15.0 -8.255799999999999
180.0 5.0 -5.0 15.0 -10.621
180.0 7.5 -5.0 15.0 -8.7804
180.0 10.0 -5.0 15.0 -5.2222
180.0 -2.5 -2.5 15.0 -13.6159
180.0 0.0 -2.5 15.0 -16.6291
180.0 2.5 -2.5 15.0 -19.317400000000003
180.0 5.0 -2.5 15.0 -21.8502
180.0 7.5 -2.5 15.0 -16.2988
180.0 10.0 -2.5 15.0 -9.1988
180.0 -2.5 0.0 15.0 -18.869100000000003
180.0 0.0 0.0 15.0 -28.9058
180.0 2.5 0.0 15.0 -30.1433
180.0 5.0 0.0 15.0 -29.0394
180.0 7.5 0.0 15.0 -22.1136
180.0 10.0 0.0 15.0 -13.1633
180.0 -5.0 2.5 15.0 -16.5319
180.0 -2.5 2.5 15.0 -22.2891
180.0 0.0 2.5 15.0 -19.464
180.0 2.5 2.5 15.0 -32.845600000000005
180.0 5.0 2.5 15.0 -10.7643
180.0 7.5 2.5 15.0 -14.537199999999999
180.0 10.0 2.5 15.0 -13.954699999999999
180.0 -5.0 5.0 15.0 -25.653100000000002
180.0 -2.5 5.0 15.0 -28.0343
180.0 0.0 5.0 15.0 -26.080399999999997
180.0 2.5 5.0 15.0 -24.4678
180.0 5.0 5.0 15.0 59.6802
180.0 7.5 5.0 15.0 44732.4509
180.0 10.0 5.0 15.0 -9.8881
180.0 -5.0 -10.0 16.25 0.5288
180.0 -2.5 -10.0 16.25 0.4808
180.0 0.0 -10.0 16.25 -0.3095
180.0 2.5 -10.0 16.25 -0.9078
180.0 5.0 -10.0 16.25 -1.2011
180.0 7.5 -10.0 16.25 -0.9255
180.0 10.0 -10.0 16.25 -0.18050000000000002
180.0 -5.0 -7.5 16.25 0.689
180.0 -2.5 -7.5 16.25 -0.27049999999999996
180.0 0.0 -7.5 16.25 -1.5909
180.0 2.5 -7.5 16.25 -2.6835999999999998
180.0 5.0 -7.5 16.25 -3.496
180.0 7.5 -7.5 16.25 -2.9941
180.0 10.0 -7.5 16.25 -1.7137
180.0 -5.0 -5.0 16.25 -0.412
180.0 -2.5 -5.0 16.25 -2.7058
180.0 0.0 -5.0 16.25 -5.3725000000000005
180.0 2.5 -5.0 16.25 -7.7755
180.0 5.0 -5.0 16.25 -8.6967
180.0 7.5 -5.0 16.25 -7.1051
180.0 10.0 -5.0 16.25 -3.9612000000000003
180.0 -5.0 -2.5 16.25 -3.2044
180.0 -2.5 -2.5 16.25 -8.269
180.0 0.0 -2.5 16.25 -13.2163
180.0 2.5 -2.5 16.25 -14.9247
180.0 5.0 -2.5 16.25 -15.3833
180.0 7.5 -2.5 16.25 -11.7759
180.0 10.0 -2.5 16.25 -6.1421
180.0 -2.5 0.0 16.25 -12.4533
180.0 0.0 0.0 16.25 -18.281000000000002
180.0 2.5 0.0 16.25 -19.517699999999998
180.0 5.0 0.0 16.25 -18.626800000000003
180.0 7.5 0.0 16.25 -14.449200000000001
180.0 10.0 0.0 16.25 -7.8822
180.0 -5.0 2.5 16.25 -9.8953
180.0 -2.5 2.5 16.25 -13.6683
180.0 0.0 2.5 16.25 -17.0761
180.0 2.5 2.5 16.25 -19.6046
180.0 5.0 2.5 16.25 -16.6145
180.0 7.5 2.5 16.25 -12.7737
180.0 10.0 2.5 16.25 -7.5886
180.0 -5.0 5.0 16.25 -14.4594
180.0 -2.5 5.0 16.25 -16.1827
180.0 0.0 5.0 16.25 -16.0047
180.0 2.5 5.0 16.25 -13.813099999999999
180.0 5.0 5.0 16.25 -11.428999999999998
180.0 7.5 5.0 16.25 0.6805000000000003
180.0 10.0 5.0 16.25 -5.5645
240.0 -5.0 -10.0 3.75 -0.5473
240.0 -2.5 -10.0 3.75 -4.1393
240.0 0.0 -10.0 3.75 -5.8937
240.0 2.5 -10.0 3.75 -3.5334
240.0 5.0 -10.0 3.75 1.323
240.0 7.5 -10.0 3.75 4.0178
240.0 10.0 -10.0 3.75 4.4691
240.0 -5.0 -7.5 3.75 8.4913
240.0 -2.5 -7.5 3.75 -11.7737
240.0 0.0 -7.5 3.75 -7.310700000000001
240.0 2.5 -7.5 3.75 -8.647
240.0 5.0 -7.5 3.75 580.3552000000001
240.0 7.5 -7.5 3.75 7.6562
240.0 10.0 -7.5 3.75 10.0996
240.0 -5.0 -5.0 3.75 136387.7066
240.0 -2.5 -5.0 3.75 144.94050000000001
240.0 0.0 -5.0 3.75 9999999992.2318
240.0 2.5 -5.0 3.75 4758.3935
240.0 5.0 -5.0 3.75 873354.2667
240.0 7.5 -5.0 3.75 5288.9604
240.0 10.0 -5.0 3.75 8.251900000000001
240.0 -5.0 -2.5 3.75 306143305.6677
240.0 -2.5 -2.5 3.75 546528642.8481
240.0 0.0 -2.5 3.75 166747541.9796
240.0 2.5 -2.5 3.75 18728040.6714
240.0 5.0 -2.5 3.75 223799779.77609998
240.0 7.5 -2.5 3.75 28948.4266
240.0 10.0 -2.5 3.75 12755.5687
240.0 -5.0 0.0 3.75 2972155373.9374
240.0 -2.5 0.0 3.75 354105127.2483
240.0 0.0 0.0 3.75 216466383.8161
240.0 2.5 0.0 3.75 9999999978.245901
240.0 5.0 0.0 3.75 691547.1056
240.0 7.5 0.0 3.75 599019539.3519
240.0 10.0 0.0 3.75 2520683.2461
240.0 -5.0 2.5 3.75 9999999906.539701
240.0 -2.5 2.5 3.75 9999999870.553701
240.0 0.0 2.5 3.75 9695686350.9468
240.0 2.5 2.5 3.75 9999999993.492401
240.0 5.0 2.5 3.75 1029854158.3587
240.0 7.5 2.5 3.75 6519162228.6119
240.0 10.0 2.5 3.75 173391595.59870002
240.0 -5.0 5.0 3.75 9999999868.6814
240.0 -2.5 5.0 3.75 9999999872.523
240.0 0.0 5.0 3.75 10000000096.816502
240.0 2.5 5.0 3.75 9999999972.5161
240.0 5.0 5.0 3.75 10000000093.1688
240.0 7.5 5.0 3.75 571511256.2815001
240.0 10.0 5.0 3.75 10000000034.6798
240.0 -2.5 -10.0 11.25 -0.2774
240.0 5.0 -10.0 11.25 -0.7296
240.0 10.0 -10.0 11.25 0.0233
240.0 5.0 -7.5 11.25 -3.4468
240.0 -2.5 -2.5 11.25 -28.809800000000003
240.0 -5.0 0.0 11.25 233940087.1483
240.0 -2.5 0.0 11.25 271.4787
240.0 0.0 0.0 11.25 -32.7759
240.0 -5.0 2.5 11.25 6365832.5769
240.0 0.0 2.5 11.25 0.7237999999999971
240.0 0.0 5.0 11.25 2004.7926
240.0 -5.0 -10.0 12.5 0.487
240.0 -2.5 -10.0 12.5 0.3124
240.0 0.0 -10.0 12.5 -0.1234
240.0 5.0 -10.0 12.5 0.07450000000000001
240.0 7.5 -10.0 12.5 0.085
240.0 10.0 -10.0 12.5 -0.0434
240.0 5.0 -7.5 12.5 -1.6435
240.0 7.5 -7.5 12.5 -0.656
240.0 10.0 -7.5 12.5 -0.27230000000000004
240.0 2.5 -5.0 12.5 -7.019699999999999
240.0 -5.0 -2.5 12.5 -20.0223
240.0 -2.5 -2.5 12.5 -20.0953
240.0 0.0 -2.5 12.5 -16.6707
240.0 -5.0 0.0 12.5 696.7337
240.0 -2.5 0.0 12.5 -32.3828
240.0 0.0 0.0 12.5 -23.2088
240.0 2.5 0.0 12.5 -16.4575
240.0 -5.0 2.5 12.5 95.7552
240.0 0.0 2.5 12.5 -24.4709
240.0 0.0 5.0 12.5 121.78560000000002
240.0 -2.5 -10.0 13.75 0.3388
240.0 0.0 -10.0 13.75 0.29000000000000004
240.0 2.5 -10.0 13.75 0.1511
240.0 5.0 -10.0 13.75 0.1376
240.0 7.5 -10.0 13.75 0.0224
240.0 10.0 -10.0 13.75 0.0047
240.0 -5.0 -7.5 13.75 -0.3075
240.0 2.5 -7.5 13.75 -0.6177
240.0 5.0 -7.5 13.75 -0.3241
240.0 7.5 -7.5 13.75 -0.2377
240.0 10.0 -7.5 13.75 -0.19030000000000002
240.0 -5.0 -5.0 13.75 -4.4822999999999995
240.0 -2.5 -5.0 13.75 -4.7076
240.0 2.5 -5.0 13.75 -3.2296
240.0 10.0 -5.0 13.75 -0.6930000000000001
240.0 -5.0 -2.5 13.75 -13.4087
240.0 -2.5 -2.5 13.75 -12.6573
240.0 0.0 -2.5 13.75 -9.6937
240.0 2.5 -2.5 13.75 -7.4589
240.0 -5.0 0.0 13.75 -25.5363
240.0 -2.5 0.0 13.75 -21.990199999999998
240.0 0.0 0.0 13.75 -15.2062
240.0 2.5 0.0 13.75 -11.34
240.0 -5.0 2.5 13.75 -37.6703
240.0 0.0 2.5 13.75 -18.3407
240.0 2.5 2.5 13.75 -15.3955
240.0 -5.0 5.0 13.75 58.619299999999996
240.0 0.0 5.0 13.75 -18.2267
240.0 2.5 5.0 13.75 -2.8612
240.0 -5.0 -10.0 15.0 0.08109999999999999
240.0 -2.5 -10.0 15.0 0.2187
240.0 0.0 -10.0 15.0 0.2048
240.0 2.5 -10.0 15.0 0.1135
240.0 5.0 -10.0 15.0 0.0092
240.0 7.5 -10.0 15.0 0.0012
240.0 10.0 -10.0 15.0 0.0
240.0 -5.0 -7.5 15.0 -0.0624
240.0 -2.5 -7.5 15.0 -0.10089999999999999
240.0 0.0 -7.5 15.0 -0.045799999999999993
240.0 2.5 -7.5 15.0 0.1162
240.0 5.0 -7.5 15.0 0.1271
240.0 7.5 -7.5 15.0 0.0176
240.0 10.0 -7.5 15.0 0.0079
240.0 -5.0 -5.0 15.0 -2.4872
240.0 -2.5 -5.0 15.0 -2.3747000000000003
240.0 0.0 -5.0 15.0 -1.6845999999999999
240.0 2.5 -5.0 15.0 -0.8018
240.0 5.0 -5.0 15.0 -0.8231999999999999
240.0 7.5 -5.0 15.0 -0.9226000000000001
240.0 10.0 -5.0 15.0 -0.7179
240.0 -5.0 -2.5 15.0 -8.3692
240.0 -2.5 -2.5 15.0 -7.325100000000001
240.0 0.0 -2.5 15.0 -5.0536
240.0 2.5 -2.5 15.0 -3.8442
240.0 5.0 -2.5 15.0 -2.9304
240.0 7.5 -2.5 15.0 -2.3550999999999997
240.0 10.0 -2.5 15.0 -1.5713
240.0 -5.0 0.0 15.0 -17.0267
240.0 -2.5 0.0 15.0 -13.4911
240.0 0.0 0.0 15.0 -8.7595
240.0 2.5 0.0 15.0 -7.1259
240.0 5.0 0.0 15.0 -6.7193000000000005
240.0 10.0 0.0 15.0 -3.9530000000000003
240.0 -5.0 2.5 15.0 -24.017799999999998
240.0 -2.5 2.5 15.0 -17.0359
240.0 0.0 2.5 15.0 -11.704
240.0 2.5 2.5 15.0 -11.1875
240.0 5.0 2.5 15.0 -11.8937
240.0 10.0 2.5 15.0 -8.1146
240.0 -5.0 5.0 15.0 -20.3995
240.0 0.0 5.0 15.0 -13.4256
240.0 2.5 5.0 15.0 -18.8736
240.0 5.0 5.0 15.0 -20.2482
240.0 -5.0 -10.0 16.25 0.0217
240.0 -2.5 -10.0 16.25 0.0342
240.0 0.0 -10.0 16.25 0.0277
240.0 2.5 -10.0 16.25 0.0043
240.0 5.0 -10.0 16.25 0.0
240.0 7.5 -10.0 16.25 0.0
240.0 10.0 -10.0 16.25 0.0
240.0 -5.0 -7.5 16.25 -0.030600000000000002
240.0 -2.5 -7.5 16.25 -0.024
240.0 0.0 -7.5 16.25 0.1723
240.0 2.5 -7.5 16.25 0.119
240.0 5.0 -7.5 16.25 0.0679
240.0 7.5 -7.5 16.25 0.0654
240.0 10.0 -7.5 16.25 0.0265
240.0 -5.0 -5.0 16.25 -1.2785
240.0 -2.5 -5.0 16.25 -0.9656
240.0 0.0 -5.0 16.25 -0.3555
240.0 2.5 -5.0 16.25 0.1139
240.0 5.0 -5.0 16.25 -0.040400000000000005
240.0 7.5 -5.0 16.25 -0.3068
240.0 10.0 -5.0 16.25 -0.318
240.0 -5.0 -2.5 16.25 -4.8498
240.0 -2.5 -2.5 16.25 -4.1503
240.0 0.0 -2.5 16.25 -2.4195
240.0 2.5 -2.5 16.25 -1.3053
240.0 5.0 -2.5 16.25 -1.5750000000000002
240.0 7.5 -2.5 16.25 -2.0255
240.0 10.0 -2.5 16.25 -1.8265
240.0 -5.0 0.0 16.25 -10.7257
240.0 -2.5 0.0 16.25 -7.876600000000001
240.0 0.0 0.0 16.25 -5.192699999999999
240.0 2.5 0.0 16.25 -4.2311
240.0 5.0 0.0 16.25 -4.8084
240.0 7.5 0.0 16.25 -4.9017
240.0 10.0 0.0 16.25 -3.6256
240.0 -5.0 2.5 16.25 -14.637599999999999
240.0 -2.5 2.5 16.25 -10.0171
240.0 0.0 2.5 16.25 -6.9829
240.0 2.5 2.5 16.25 -7.5216
240.0 5.0 2.5 16.25 -9.3956
240.0 7.5 2.5 16.25 -9.455
240.0 10.0 2.5 16.25 -6.4763
240.0 -5.0 5.0 16.25 -12.1984
240.0 -2.5 5.0 16.25 -7.2991
240.0 0.0 5.0 16.25 -7.6656
240.0 2.5 5.0 16.25 -11.6009
240.0 5.0 5.0 16.25 -14.6238
240.0 7.5 5.0 16.25 -14.6671
240.0 10.0 5.0 16.25 -9.6039
300.0 -5.0 -10.0 3.75 -0.23609999999999998
300.0 -2.5 -10.0 3.75 13.0965
300.0 0.0 -10.0 3.75 14.1791
300.0 2.5 -10.0 3.75 10.0304
300.0 5.0 -10.0 3.75 5.6715
300.0 7.5 -10.0 3.75 2.6205000000000003
300.0 10.0 -10.0 3.75 1.0203
300.0 -5.0 -7.5 3.75 4189.459000000001
300.0 -2.5 -7.5 3.75 40.8639
300.0 0.0 -7.5 3.75 17.581
300.0 2.5 -7.5 3.75 25.3547
300.0 5.0 -7.5 3.75 6.2651
300.0 7.5 -7.5 3.75 2.6868
300.0 10.0 -7.5 3.75 0.7653000000000001
300.0 -5.0 -5.0 3.75 10000000041.268301
300.0 -2.5 -5.0 3.75 5636.8009
300.0 0.0 -5.0 3.75 621.6795999999999
300.0 2.5 -5.0 3.75 32352145.7389
300.0 5.0 -5.0 3.75 266.89930000000004
300.0 7.5 -5.0 3.75 -5.6965
300.0 10.0 -5.0 3.75 -5.4671
300.0 -5.0 -2.5 3.75 9999999985.8047
300.0 -2.5 -2.5 3.75 10000000017.855701
300.0 0.0 -2.5 3.75 10000000087.916302
300.0 2.5 -2.5 3.75 150673.3677
300.0 5.0 -2.5 3.75 2472.1475
300.0 7.5 -2.5 3.75 -28.837600000000002
300.0 10.0 -2.5 3.75 -14.097900000000001
300.0 -5.0 0.0 3.75 1543762788.3630998
300.0 -2.5 0.0 3.75 9999999890.984901
300.0 0.0 0.0 3.75 9999999606.2667
300.0 2.5 0.0 3.75 10000000225.459301
300.0 5.0 0.0 3.75 25737649.052899998
300.0 7.5 0.0 3.75 528.4469
300.0 10.0 0.0 3.75 -22.459
300.0 -5.0 2.5 3.75 9999999967.457401
300.0 -2.5 2.5 3.75 9999999991.7621
300.0 0.0 2.5 3.75 9999999986.764502
300.0 2.5 2.5 3.75 10000000005.721
300.0 5.0 2.5 3.75 9345566884.3398
300.0 7.5 2.5 3.75 2702536.1571
300.0 10.0 2.5 3.75 2.7620000000000005
300.0 -5.0 5.0 3.75 10000000027.1944
300.0 -2.5 5.0 3.75 1155084224.8546
300.0 0.0 5.0 3.75 10000000700.7658
300.0 2.5 5.0 3.75 9999999749.668001
300.0 5.0 5.0 3.75 10000000045.578201
300.0 7.5 5.0 3.75 10000000152.575602
300.0 10.0 5.0 3.75 21933.920899999997
300.0 -2.5 -5.0 8.75 1609965.3519
300.0 -5.0 5.0 8.75 9999999901.080502
300.0 -2.5 -10.0 10.0 -9.899199999999999
300.0 -2.5 -7.5 10.0 -24.467100000000002
300.0 -2.5 -5.0 10.0 24409.766
300.0 -5.0 -2.5 10.0 2307.3387
300.0 -2.5 2.5 10.0 9999999894.8752
300.0 -5.0 5.0 10.0 1051817877.6127
300.0 -2.5 5.0 10.0 9999999907.780201
300.0 0.0 5.0 10.0 725271833.6749
300.0 -2.5 -10.0 11.25 -8.5661
300.0 0.0 -10.0 11.25 -5.0022
300.0 2.5 -10.0 11.25 -1.5934000000000001
300.0 -2.5 -7.5 11.25 -20.4316
300.0 0.0 -7.5 11.25 -12.8478
300.0 -2.5 -5.0 11.25 424.74490000000003
300.0 -2.5 0.0 11.25 10151818.0247
300.0 -5.0 2.5 11.25 155777151.587
300.0 -2.5 2.5 11.25 21934947.2701
300.0 -5.0 5.0 11.25 49639869.474700004
300.0 -2.5 5.0 11.25 9999999979.352901
300.0 0.0 5.0 11.25 1371908153.5953002
300.0 5.0 5.0 11.25 -23.1874
300.0 -2.5 -10.0 12.5 -6.1258
300.0 0.0 -10.0 12.5 -3.6972
300.0 2.5 -10.0 12.5 -1.2455
300.0 5.0 -10.0 12.5 -0.0946
300.0 7.5 -10.0 12.5 0.0343
300.0 -5.0 -7.5 12.5 -14.7278
300.0 -2.5 -7.5 12.5 -15.4451
300.0 0.0 -7.5 12.5 -10.6803
300.0 2.5 -7.5 12.5 -5.0928
300.0 -5.0 -5.0 12.5 -22.9586
300.0 -2.5 -5.0 12.5 -28.6325
300.0 0.0 -5.0 12.5 -21.3174
300.0 -5.0 -2.5 12.5 -30.4848
300.0 -2.5 0.0 12.5 510.2676000000001
300.0 -5.0 2.5 12.5 58301.562300000005
300.0 -2.5 2.5 12.5 2225.1835
300.0 0.0 2.5 12.5 117972.551
300.0 -5.0 5.0 12.5 2583205.8784999996
300.0 -2.5 5.0 12.5 496183.55919999996
300.0 0.0 5.0 12.5 9999999986.818901
300.0 5.0 5.0 12.5 -17.852899999999998
300.0 7.5 5.0 12.5 -9.4872
300.0 -5.0 -10.0 13.75 -3.7716
300.0 -2.5 -10.0 13.75 -3.8052
300.0 0.0 -10.0 13.75 -2.3785
300.0 2.5 -10.0 13.75 -0.9688
300.0 5.0 -10.0 13.75 -0.08259999999999999
300.0 7.5 -10.0 13.75 0.0001
300.0 10.0 -10.0 13.75 0.0
300.0 -5.0 -7.5 13.75 -9.9695
300.0 -2.5 -7.5 13.75 -10.554400000000001
300.0 0.0 -7.5 13.75 -7.6536
300.0 2.5 -7.5 13.75 -3.3241
300.0 5.0 -7.5 13.75 -0.9004
300.0 -5.0 -5.0 13.75 -17.379
300.0 -2.5 -5.0 13.75 -20.539
300.0 0.0 -5.0 13.75 -15.487499999999999
300.0 2.5 -2.5 13.75 -13.2386
300.0 -5.0 0.0 13.75 -12.1005
300.0 -2.5 0.0 13.75 -35.3804
300.0 -5.0 2.5 13.75 16.895300000000002
300.0 -2.5 2.5 13.75 567.4057
300.0 0.0 2.5 13.75 443.8343
300.0 10.0 2.5 13.75 -1.8891
300.0 -5.0 5.0 13.75 57.314099999999996
300.0 -2.5 5.0 13.75 338.94530000000003
300.0 0.0 5.0 13.75 3245922.8910999997
300.0 2.5 5.0 13.75 232.2232
300.0 7.5 5.0 13.75 -6.3153
300.0 10.0 5.0 13.75 -2.2372
300.0 -5.0 -10.0 15.0 -1.9392
300.0 -2.5 -10.0 15.0 -1.8608
300.0 0.0 -10.0 15.0 -1.3632
300.0 2.5 -10.0 15.0 -0.5708
300.0 5.0 -10.0 15.0 0.007
300.0 7.5 -10.0 15.0 0.0
300.0 10.0 -10.0 15.0 0.0
300.0 -5.0 -7.5 15.0 -5.9737
300.0 -2.5 -7.5 15.0 -6.509899999999999
300.0 0.0 -7.5 15.0 -4.7402
300.0 2.5 -7.5 15.0 -2.4467
300.0 5.0 -7.5 15.0 -0.5974
300.0 7.5 -7.5 15.0 0.0317
300.0 10.0 -7.5 15.0 0.0
300.0 -5.0 -5.0 15.0 -11.9284
300.0 -2.5 -5.0 15.0 -13.2481
300.0 0.0 -5.0 15.0 -10.3651
300.0 2.5 -5.0 15.0 -5.3556
300.0 5.0 -5.0 15.0 -1.7933999999999999
300.0 7.5 -5.0 15.0 -0.0538
300.0 -5.0 -2.5 15.0 -15.810699999999999
300.0 -2.5 -2.5 15.0 -19.7638
300.0 0.0 -2.5 15.0 -15.9404
300.0 2.5 -2.5 15.0 -8.9135
300.0 7.5 -2.5 15.0 -0.6511
300.0 -5.0 0.0 15.0 -16.020699999999998
300.0 -2.5 0.0 15.0 -21.2497
300.0 0.0 0.0 15.0 -19.327099999999998
300.0 2.5 0.0 15.0 -11.257299999999999
300.0 5.0 0.0 15.0 -4.9656
300.0 -5.0 2.5 15.0 -7.0677
300.0 -2.5 2.5 15.0 -14.7873
300.0 0.0 2.5 15.0 -13.8713
300.0 2.5 2.5 15.0 -11.327200000000001
300.0 5.0 2.5 15.0 -5.984699999999999
300.0 7.5 2.5 15.0 -2.1934
300.0 10.0 2.5 15.0 -0.29059999999999997
300.0 -5.0 5.0 15.0 -4.540900000000001
300.0 -2.5 5.0 15.0 -11.663
300.0 0.0 5.0 15.0 814.0228999999999
300.0 2.5 5.0 15.0 -10.613199999999999
300.0 5.0 5.0 15.0 -7.0695
300.0 7.5 5.0 15.0 -3.4160000000000004
300.0 10.0 5.0 15.0 -0.6861
300.0 -5.0 -10.0 16.25 -0.3595
300.0 -2.5 -10.0 16.25 -0.8653
300.0 0.0 -10.0 16.25 -0.7798999999999999
300.0 2.5 -10.0 16.25 -0.1249
300.0 5.0 -10.0 16.25 0.0046
300.0 7.5 -10.0 16.25 0.0
300.0 10.0 -10.0 16.25 0.0
300.0 -5.0 -7.5 16.25 -3.0782
300.0 -2.5 -7.5 16.25 -3.422
300.0 0.0 -7.5 16.25 -2.8249
300.0 2.5 -7.5 16.25 -1.5007
300.0 5.0 -7.5 16.25 -0.2561
300.0 7.5 -7.5 16.25 0.0019
300.0 10.0 -7.5 16.25 0.0
300.0 -5.0 -5.0 16.25 -6.9138
300.0 -2.5 -5.0 16.25 -7.9121
300.0 0.0 -5.0 16.25 -6.3938999999999995
300.0 2.5 -5.0 16.25 -3.4859999999999998
300.0 5.0 -5.0 16.25 -1.1095
300.0 7.5 -5.0 16.25 -0.0373
300.0 10.0 -5.0 16.25 0.0
300.0 -5.0 -2.5 16.25 -10.3387
300.0 -2.5 -2.5 16.25 -12.0145
300.0 0.0 -2.5 16.25 -10.2388
300.0 2.5 -2.5 16.25 -5.6174
300.0 5.0 -2.5 16.25 -1.9126
300.0 7.5 -2.5 16.25 -0.2448
300.0 10.0 -2.5 16.25 0.0174
300.0 -5.0 0.0 16.25 -9.8452
300.0 -2.5 0.0 16.25 -13.0883
300.0 0.0 0.0 16.25 -11.5724
300.0 2.5 0.0 16.25 -6.6896
300.0 5.0 0.0 16.25 -2.5268
300.0 10.0 0.0 16.25 0.0515
300.0 -5.0 2.5 16.25 -3.7274000000000003
300.0 -2.5 2.5 16.25 -9.3766
300.0 0.0 2.5 16.25 -9.698400000000001
300.0 2.5 2.5 16.25 -6.286899999999999
300.0 5.0 2.5 16.25 -2.7846
300.0 7.5 2.5 16.25 -0.5403
300.0 10.0 2.5 16.25 0.258
300.0 -5.0 5.0 16.25 -0.3658999999999999
300.0 -2.5 5.0 16.25 -7.4110000000000005
300.0 0.0 5.0 16.25 -8.3237
300.0 2.5 5.0 16.25 -6.7349000000000006
300.0 5.0 5.0 16.25 -4.2779
300.0 7.5 5.0 16.25 -1.4442
300.0 10.0 5.0 16.25 0.0132
