0.0 -2.5 -7.5 10.0 36895.026099999995
0.0 -2.5 -5.0 10.0 819053.5528
0.0 -2.5 -2.5 10.0 2148950.3307000003
0.0 0.0 0.0 10.0 248095949.45450002
0.0 -2.5 2.5 10.0 10000000009.3537
0.0 -5.0 5.0 10.0 9999999915.095901
0.0 -2.5 -7.5 11.25 -1.5359
0.0 0.0 -7.5 11.25 0.2721999999999998
0.0 -5.0 -5.0 11.25 7435.2651000000005
0.0 -2.5 -5.0 11.25 6410.7401
0.0 0.0 -5.0 11.25 4.404000000000001
0.0 -2.5 -2.5 11.25 20409.189499999997
0.0 2.5 -2.5 11.25 7465.741300000001
0.0 5.0 -2.5 11.25 -20.6442
0.0 -2.5 0.0 11.25 1696773.0988999999
0.0 0.0 0.0 11.25 29747.66
0.0 -5.0 2.5 11.25 10000000053.9325
0.0 -2.5 2.5 11.25 270381256.1625
0.0 0.0 2.5 11.25 815069427.4921
0.0 -5.0 5.0 11.25 10000000064.5905
0.0 -2.5 5.0 11.25 10000000163.348902
0.0 0.0 -10.0 12.5 -0.4483
0.0 2.5 -10.0 12.5 0.7872999999999999
0.0 -2.5 -7.5 12.5 -0.6239999999999999
0.0 0.0 -7.5 12.5 2.2198
0.0 -5.0 -5.0 12.5 9.679499999999999
0.0 -2.5 -5.0 12.5 12.8455
0.0 0.0 -5.0 12.5 4.522100000000001
0.0 2.5 -5.0 12.5 1.5526
0.0 -2.5 -2.5 12.5 285.5726
0.0 0.0 -2.5 12.5 4.817
0.0 2.5 -2.5 12.5 -4.3203000000000005
0.0 5.0 -2.5 12.5 -14.1462
0.0 -2.5 0.0 12.5 32850962.2207
0.0 0.0 0.0 12.5 11178.8525
0.0 -5.0 2.5 12.5 489245.497
0.0 -2.5 2.5 12.5 6898110038.8604
0.0 0.0 2.5 12.5 32843289.576899998
0.0 -5.0 5.0 12.5 239361110.52789998
0.0 -2.5 5.0 12.5 3819933.1791000003
0.0 0.0 5.0 12.5 9999999932.680601
0.0 0.0 -10.0 13.75 0.06520000000000001
0.0 2.5 -10.0 13.75 0.7622
0.0 -5.0 -7.5 13.75 -1.3820999999999999
0.0 -2.5 -7.5 13.75 0.7353
0.0 0.0 -7.5 13.75 2.2022999999999997
0.0 5.0 -7.5 13.75 0.38870000000000005
0.0 -5.0 -5.0 13.75 3.8045000000000004
0.0 -2.5 -5.0 13.75 4.9502
0.0 0.0 -5.0 13.75 4.9087
0.0 2.5 -5.0 13.75 1.2720999999999998
0.0 -5.0 -2.5 13.75 15.2185
0.0 -2.5 -2.5 13.75 11.3553
0.0 0.0 -2.5 13.75 5.5218
0.0 2.5 -2.5 13.75 -3.4897
0.0 5.0 -2.5 13.75 -9.2151
0.0 7.5 -2.5 13.75 -6.6921
0.0 -5.0 0.0 13.75 172.2757
0.0 -2.5 0.0 13.75 79.9759
0.0 0.0 0.0 13.75 4.993200000000001
0.0 2.5 0.0 13.75 -15.4461
0.0 10.0 0.0 13.75 -3.9040999999999997
0.0 -5.0 2.5 13.75 289.7461
0.0 -2.5 2.5 13.75 3258780.2767
0.0 0.0 2.5 13.75 54685.659999999996
0.0 -5.0 5.0 13.75 99.2745
0.0 -2.5 5.0 13.75 101482.0545
0.0 0.0 5.0 13.75 33888404.0749
0.0 -5.0 -10.0 15.0 -2.7791
0.0 -2.5 -10.0 15.0 -1.4101000000000001
0.0 0.0 -10.0 15.0 -0.1242
0.0 2.5 -10.0 15.0 0.6116
0.0 5.0 -10.0 15.0 0.7787999999999999
0.0 7.5 -10.0 15.0 0.6007
0.0 10.0 -10.0 15.0 0.1343
0.0 -5.0 -7.5 15.0 -0.9006000000000001
0.0 -2.5 -7.5 15.0 0.47229999999999994
0.0 0.0 -7.5 15.0 1.1675
0.0 2.5 -7.5 15.0 1.0526
0.0 5.0 -7.5 15.0 0.198
0.0 10.0 -7.5 15.0 -0.0458
0.0 -5.0 -5.0 15.0 4.391
0.0 -2.5 -5.0 15.0 4.6762999999999995
0.0 0.0 -5.0 15.0 3.8112999999999997
0.0 2.5 -5.0 15.0 0.3874
0.0 5.0 -5.0 15.0 -1.3324
0.0 7.5 -5.0 15.0 -1.8264
0.0 -5.0 -2.5 15.0 10.1788
0.0 -2.5 -2.5 15.0 9.4907
0.0 0.0 -2.5 15.0 4.9962
0.0 2.5 -2.5 15.0 -1.8906
0.0 5.0 -2.5 15.0 -5.6262
0.0 7.5 -2.5 15.0 -4.6168000000000005
0.0 10.0 -2.5 15.0 -1.8658
0.0 -5.0 0.0 15.0 18.1243
0.0 -2.5 0.0 15.0 10.7017
0.0 0.0 0.0 15.0 1.1843000000000004
0.0 2.5 0.0 15.0 -9.009
0.0 5.0 0.0 15.0 -12.5272
0.0 7.5 0.0 15.0 -7.9949
0.0 10.0 0.0 15.0 -2.3698
0.0 -5.0 2.5 15.0 19.762
0.0 -2.5 2.5 15.0 49.2237
0.0 0.0 2.5 15.0 -6.4576
0.0 2.5 2.5 15.0 -19.8521
0.0 5.0 2.5 15.0 -18.8827
0.0 7.5 2.5 15.0 -9.7076
0.0 -5.0 5.0 15.0 15.098699999999997
0.0 -2.5 5.0 15.0 61.06869999999999
0.0 0.0 5.0 15.0 28711.606499999998
0.0 2.5 5.0 15.0 -29.0316
0.0 10.0 5.0 15.0 -0.3731
0.0 -5.0 -10.0 16.25 -1.1925
0.0 -2.5 -10.0 16.25 -0.9435
0.0 0.0 -10.0 16.25 -0.0827
0.0 2.5 -10.0 16.25 0.5904
0.0 5.0 -10.0 16.25 0.6597000000000001
0.0 7.5 -10.0 16.25 0.24939999999999998
0.0 10.0 -10.0 16.25 0.0684
0.0 -5.0 -7.5 16.25 -0.3176
0.0 -2.5 -7.5 16.25 0.7164
0.0 0.0 -7.5 16.25 1.0096999999999998
0.0 2.5 -7.5 16.25 0.7194
0.0 5.0 -7.5 16.25 0.5045000000000001
0.0 7.5 -7.5 16.25 0.0426
0.0 10.0 -7.5 16.25 0.044700000000000004
0.0 -5.0 -5.0 16.25 2.7699
0.0 -2.5 -5.0 16.25 3.2545
0.0 0.0 -5.0 16.25 1.9651999999999998
0.0 2.5 -5.0 16.25 0.6145999999999999
0.0 5.0 -5.0 16.25 -1.0939
0.0 7.5 -5.0 16.25 -0.9932000000000001
0.0 10.0 -5.0 16.25 -0.372
0.0 -5.0 -2.5 16.25 7.5996999999999995
0.0 -2.5 -2.5 16.25 6.0545
0.0 0.0 -2.5 16.25 3.1405000000000003
0.0 2.5 -2.5 16.25 -1.7771
0.0 5.0 -2.5 16.25 -3.9446000000000003
0.0 7.5 -2.5 16.25 -2.7052
0.0 10.0 -2.5 16.25 -0.8252999999999999
0.0 -5.0 0.0 16.25 11.9783
0.0 -2.5 0.0 16.25 8.9322
0.0 0.0 0.0 16.25 1.711
0.0 2.5 0.0 16.25 -5.9723999999999995
0.0 5.0 0.0 16.25 -7.6224
0.0 7.5 0.0 16.25 -4.7355
0.0 10.0 0.0 16.25 -0.5535
0.0 -5.0 2.5 16.25 13.587800000000001
0.0 -2.5 2.5 16.25 7.935599999999999
0.0 0.0 2.5 16.25 -4.6264
0.0 2.5 2.5 16.25 -12.0614
0.0 5.0 2.5 16.25 -11.6387
0.0 7.5 2.5 16.25 -5.643000000000001
0.0 10.0 2.5 16.25 -0.5503
0.0 -5.0 5.0 16.25 10.8083
0.0 -2.5 5.0 16.25 4.929100000000001
0.0 0.0 5.0 16.25 -8.135299999999999
0.0 2.5 5.0 16.25 -16.8839
0.0 5.0 5.0 16.25 -12.717099999999999
0.0 7.5 5.0 16.25 -5.0868
0.0 10.0 5.0 16.25 0.22899999999999998
60.0 -5.0 -10.0 3.75 1817511758.3208
60.0 -2.5 -10.0 3.75 46.8798
60.0 0.0 -10.0 3.75 3289.9869
60.0 2.5 -10.0 3.75 3490.8367
60.0 5.0 -10.0 3.75 113453.2773
60.0 7.5 -10.0 3.75 -27.0353
60.0 10.0 -10.0 3.75 -17.5533
60.0 -5.0 -7.5 3.75 10564824.1874
60.0 -2.5 -7.5 3.75 5855884.7153
60.0 0.0 -7.5 3.75 10000000011.0492
60.0 2.5 -7.5 3.75 1428650096.4847999
60.0 5.0 -7.5 3.75 9999999954.461601
60.0 7.5 -7.5 3.75 1486503.252
60.0 10.0 -7.5 3.75 832.7822000000001
60.0 -5.0 -5.0 3.75 3396192.9424
60.0 -2.5 -5.0 3.75 9999999986.432901
60.0 0.0 -5.0 3.75 91591153.8744
60.0 2.5 -5.0 3.75 343654281.8618
60.0 5.0 -5.0 3.75 864378066.4674
60.0 7.5 -5.0 3.75 9999999995.5527
60.0 10.0 -5.0 3.75 67329.93729999999
60.0 -5.0 -2.5 3.75 9999999936.6973
60.0 -2.5 -2.5 3.75 10000000007.240002
60.0 0.0 -2.5 3.75 10000000042.2362
60.0 2.5 -2.5 3.75 9999999907.052801
60.0 5.0 -2.5 3.75 293901986.0814
60.0 7.5 -2.5 3.75 10000000454.839201
60.0 10.0 -2.5 3.75 68998.44750000001
60.0 -5.0 0.0 3.75 10000000001.280201
60.0 -2.5 0.0 3.75 10000000041.088501
60.0 0.0 0.0 3.75 10000000222.6685
60.0 2.5 0.0 3.75 10000000002.930601
60.0 5.0 0.0 3.75 9999999967.619701
60.0 7.5 0.0 3.75 9999999948.8981
60.0 10.0 0.0 3.75 249942458.2947
60.0 -5.0 2.5 3.75 9999999775.402
60.0 -2.5 2.5 3.75 9999999932.6928
60.0 0.0 2.5 3.75 10000000154.4652
60.0 2.5 2.5 3.75 10000000139.4969
60.0 5.0 2.5 3.75 10000000179.0328
60.0 7.5 2.5 3.75 10000000106.9248
60.0 10.0 2.5 3.75 3603577873.8171
60.0 -5.0 5.0 3.75 9999999733.3257
60.0 -2.5 5.0 3.75 10000000124.4136
60.0 0.0 5.0 3.75 9999999839.709002
60.0 2.5 5.0 3.75 9999999960.731201
60.0 5.0 5.0 3.75 9999999945.7947
60.0 7.5 5.0 3.75 9999999980.171701
60.0 10.0 5.0 3.75 149995924.96060002
60.0 2.5 5.0 10.0 9999999900.4375
60.0 2.5 -10.0 11.25 -7.334899999999999
60.0 7.5 -10.0 11.25 -4.8517
60.0 5.0 -7.5 11.25 -1.7038
60.0 -2.5 2.5 11.25 52580.456000000006
60.0 0.0 2.5 11.25 320163.5616
60.0 2.5 2.5 11.25 130659999.6639
60.0 5.0 2.5 11.25 2636146.4742
60.0 7.5 2.5 11.25 10050132.632399999
60.0 -2.5 5.0 11.25 4362639.89
60.0 0.0 5.0 11.25 18319087.0117
60.0 2.5 5.0 11.25 593973073.471
60.0 5.0 5.0 11.25 55886754.97
60.0 0.0 -10.0 12.5 -2.6634
60.0 2.5 -10.0 12.5 -4.1036
60.0 5.0 -10.0 12.5 -4.3403
60.0 7.5 -10.0 12.5 -3.3042000000000002
60.0 0.0 -5.0 12.5 2.6151999999999997
60.0 0.0 2.5 12.5 235.4975
60.0 2.5 2.5 12.5 758490.0974
60.0 5.0 2.5 12.5 1027768.1253
60.0 7.5 2.5 12.5 69489.0949
60.0 10.0 2.5 12.5 -6.9673
60.0 0.0 5.0 12.5 1025.8286
60.0 2.5 5.0 12.5 335920647.4034
60.0 5.0 5.0 12.5 3936283.4433
60.0 7.5 5.0 12.5 125654014.86860001
60.0 10.0 5.0 12.5 11209.1422
60.0 0.0 -10.0 13.75 -1.1038
60.0 2.5 -10.0 13.75 -1.9444
60.0 5.0 -10.0 13.75 -2.3110999999999997
60.0 7.5 -10.0 13.75 -1.7844
60.0 10.0 -10.0 13.75 -1.0649000000000002
60.0 -5.0 -7.5 13.75 -2.0848999999999998
60.0 2.5 -7.5 13.75 0.539
60.0 5.0 -7.5 13.75 0.2774
60.0 7.5 -7.5 13.75 -0.4205
60.0 10.0 -7.5 13.75 -0.3563
60.0 -2.5 -5.0 13.75 -1.2987
60.0 0.0 -5.0 13.75 3.5235
60.0 5.0 -5.0 13.75 6.8986
60.0 10.0 -5.0 13.75 2.5364
60.0 -5.0 -2.5 13.75 -11.1053
60.0 -2.5 -2.5 13.75 -1.7912
60.0 0.0 -2.5 13.75 9.993500000000001
60.0 0.0 0.0 13.75 17.144199999999998
60.0 2.5 0.0 13.75 46.1447
60.0 -2.5 2.5 13.75 -2.731
60.0 0.0 2.5 13.75 14.9551
60.0 2.5 2.5 13.75 193.4162
60.0 5.0 2.5 13.75 713.7832
60.0 7.5 2.5 13.75 30609.9182
60.0 10.0 2.5 13.75 -5.1457999999999995
60.0 0.0 5.0 13.75 17.4876
60.0 2.5 5.0 13.75 209725900.0672
60.0 5.0 5.0 13.75 5545.8508
60.0 7.5 5.0 13.75 212880.1977
60.0 10.0 5.0 13.75 -9.3832
60.0 -5.0 -10.0 15.0 -0.1961
60.0 -2.5 -10.0 15.0 -0.7027
60.0 0.0 -10.0 15.0 -0.5592
60.0 2.5 -10.0 15.0 -0.9204000000000001
60.0 5.0 -10.0 15.0 -1.0816000000000001
60.0 7.5 -10.0 15.0 -0.6408999999999999
60.0 10.0 -10.0 15.0 -0.3302
60.0 -5.0 -7.5 15.0 -1.7355999999999998
60.0 -2.5 -7.5 15.0 -0.426
60.0 0.0 -7.5 15.0 1.1317
60.0 2.5 -7.5 15.0 1.3197999999999999
60.0 5.0 -7.5 15.0 0.9016
60.0 7.5 -7.5 15.0 -0.0877
60.0 10.0 -7.5 15.0 -0.1319
60.0 -5.0 -5.0 15.0 -3.4528
60.0 -2.5 -5.0 15.0 -1.0447
60.0 0.0 -5.0 15.0 2.9853
60.0 2.5 -5.0 15.0 4.8207
60.0 5.0 -5.0 15.0 4.7605
60.0 7.5 -5.0 15.0 3.1133
60.0 10.0 -5.0 15.0 1.0265000000000002
60.0 -5.0 -2.5 15.0 -7.2398
60.0 -2.5 -2.5 15.0 -0.20950000000000002
60.0 0.0 -2.5 15.0 6.894499999999999
60.0 2.5 -2.5 15.0 11.889800000000001
60.0 10.0 -2.5 15.0 3.157
60.0 -2.5 0.0 15.0 0.006400000000000183
60.0 0.0 0.0 15.0 11.7674
60.0 2.5 0.0 15.0 19.3184
60.0 7.5 0.0 15.0 7.1354999999999995
60.0 -5.0 2.5 15.0 -14.210999999999999
60.0 -2.5 2.5 15.0 -1.0307999999999997
60.0 0.0 2.5 15.0 13.416999999999998
60.0 2.5 2.5 15.0 21.4654
60.0 5.0 2.5 15.0 12.962900000000001
60.0 7.5 2.5 15.0 12.7183
60.0 10.0 2.5 15.0 -2.4724
60.0 -2.5 5.0 15.0 -1.5655000000000001
60.0 0.0 5.0 15.0 10.959500000000002
60.0 2.5 5.0 15.0 235.5066
60.0 5.0 5.0 15.0 312.5344
60.0 7.5 5.0 15.0 -4.8233999999999995
60.0 10.0 5.0 15.0 -6.3805
60.0 -5.0 -10.0 16.25 -0.2312
60.0 -2.5 -10.0 16.25 -0.7086
60.0 0.0 -10.0 16.25 -0.7964
60.0 2.5 -10.0 16.25 -0.5936
60.0 5.0 -10.0 16.25 -0.3962
60.0 7.5 -10.0 16.25 -0.2656
60.0 10.0 -10.0 16.25 -0.040600000000000004
60.0 -5.0 -7.5 16.25 -0.7053
60.0 -2.5 -7.5 16.25 -0.7031000000000001
60.0 0.0 -7.5 16.25 0.9177
60.0 2.5 -7.5 16.25 1.2868
60.0 5.0 -7.5 16.25 0.8306
60.0 7.5 -7.5 16.25 0.5657
60.0 10.0 -7.5 16.25 -0.2233
60.0 -5.0 -5.0 16.25 -2.6346
60.0 -2.5 -5.0 16.25 -0.32530000000000003
60.0 0.0 -5.0 16.25 2.5501
60.0 2.5 -5.0 16.25 4.3278
60.0 5.0 -5.0 16.25 3.7048
60.0 7.5 -5.0 16.25 1.8143
60.0 10.0 -5.0 16.25 0.1491
60.0 -5.0 -2.5 16.25 -4.2169
60.0 -2.5 -2.5 16.25 -0.22689999999999994
60.0 0.0 -2.5 16.25 5.8740000000000006
60.0 2.5 -2.5 16.25 8.6936
60.0 5.0 -2.5 16.25 7.610200000000001
60.0 7.5 -2.5 16.25 4.3786
60.0 10.0 -2.5 16.25 0.9567000000000001
60.0 -5.0 0.0 16.25 -6.5577000000000005
60.0 -2.5 0.0 16.25 -0.13040000000000007
60.0 0.0 0.0 16.25 8.9873
60.0 2.5 0.0 16.25 13.5678
60.0 5.0 0.0 16.25 10.7122
60.0 7.5 0.0 16.25 4.789
60.0 10.0 0.0 16.25 0.9195
60.0 -5.0 2.5 16.25 -8.968
60.0 -2.5 2.5 16.25 1.1483
60.0 0.0 2.5 16.25 10.717300000000002
60.0 2.5 2.5 16.25 14.7225
60.0 5.0 2.5 16.25 8.9123
60.0 7.5 2.5 16.25 1.4603
60.0 10.0 2.5 16.25 -1.4839
60.0 -5.0 5.0 16.25 -9.3387
60.0 -2.5 5.0 16.25 0.9198999999999997
60.0 0.0 5.0 16.25 10.1209
60.0 2.5 5.0 16.25 11.886399999999998
60.0 5.0 5.0 16.25 2.2479
60.0 7.5 5.0 16.25 -3.8212
60.0 10.0 5.0 16.25 -4.4216999999999995
120.0 -5.0 -10.0 3.75 10638.0085
120.0 -2.5 -10.0 3.75 386338.22239999997
120.0 0.0 -10.0 3.75 10000000056.6196
120.0 2.5 -10.0 3.75 27393531.5972
120.0 5.0 -10.0 3.75 3651.2986
120.0 7.5 -10.0 3.75 24.395699999999998
120.0 10.0 -10.0 3.75 2.6237000000000004
120.0 -5.0 -7.5 3.75 356988502.184
120.0 -2.5 -7.5 3.75 10000000299.0806
120.0 0.0 -7.5 3.75 9999999975.867
120.0 2.5 -7.5 3.75 299797845.7396
120.0 5.0 -7.5 3.75 10000000076.5456
120.0 7.5 -7.5 3.75 39734303.9307
120.0 10.0 -7.5 3.75 -18.894000000000002
120.0 -5.0 -5.0 3.75 10000000118.061901
120.0 -2.5 -5.0 3.75 2411146112.2739
120.0 0.0 -5.0 3.75 10000000158.800201
120.0 2.5 -5.0 3.75 6972046800.4434
120.0 5.0 -5.0 3.75 9999999986.942701
120.0 7.5 -5.0 3.75 41423.1224
120.0 10.0 -5.0 3.75 -70.8722
120.0 -5.0 -2.5 3.75 10000000317.0785
120.0 -2.5 -2.5 3.75 10000000090.8988
120.0 0.0 -2.5 3.75 9999999956.360802
120.0 2.5 -2.5 3.75 8481632993.7841
120.0 5.0 -2.5 3.75 9999999856.7252
120.0 7.5 -2.5 3.75 9999999831.2975
120.0 10.0 -2.5 3.75 9999999931.1973
120.0 -5.0 0.0 3.75 10000000209.9997
120.0 -2.5 0.0 3.75 10000000159.2619
120.0 0.0 0.0 3.75 10000000396.8353
120.0 2.5 0.0 3.75 9999999850.0785
120.0 5.0 0.0 3.75 899222894.1158
120.0 7.5 0.0 3.75 2223120063.8687
120.0 10.0 0.0 3.75 9999999994.932402
120.0 -5.0 2.5 3.75 9999999787.949902
120.0 -2.5 2.5 3.75 9999999805.4874
120.0 0.0 2.5 3.75 10000000030.929401
120.0 2.5 2.5 3.75 9999999838.0835
120.0 5.0 2.5 3.75 10000000405.095402
120.0 7.5 2.5 3.75 2555026184.7668
120.0 10.0 2.5 3.75 10000000410.899101
120.0 -5.0 5.0 3.75 10000000051.2816
120.0 -2.5 5.0 3.75 9999999919.2684
120.0 0.0 5.0 3.75 9999999906.3293
120.0 2.5 5.0 3.75 10000000050.3661
120.0 5.0 5.0 3.75 10000000379.990301
120.0 7.5 5.0 3.75 10000000194.1347
120.0 10.0 5.0 3.75 9999999963.4713
120.0 2.5 2.5 7.5 2056840527.727
120.0 2.5 5.0 7.5 9999999920.474901
120.0 2.5 -2.5 8.75 8861669.6338
120.0 0.0 2.5 8.75 155276599.1333
120.0 2.5 2.5 8.75 77485575.257
120.0 2.5 5.0 8.75 9999999809.533201
120.0 2.5 -2.5 10.0 148.62769999999998
120.0 0.0 0.0 10.0 10000000095.831501
120.0 2.5 0.0 10.0 6174692.089699999
120.0 5.0 0.0 10.0 475591.81539999996
120.0 0.0 2.5 10.0 10000000515.731602
120.0 2.5 2.5 10.0 245798964.5941
120.0 5.0 2.5 10.0 15397151.6414
120.0 0.0 5.0 10.0 9999999923.8971
120.0 2.5 5.0 10.0 10000000225.816101
120.0 2.5 -5.0 11.25 -18.5414
120.0 5.0 -5.0 11.25 -23.6037
120.0 2.5 -2.5 11.25 -40.8762
120.0 5.0 -2.5 11.25 -38.538
120.0 7.5 -2.5 11.25 -28.7646
120.0 0.0 0.0 11.25 215867638.4524
120.0 2.5 0.0 11.25 31765.1321
120.0 5.0 0.0 11.25 174.76309999999998
120.0 7.5 0.0 11.25 205.05180000000001
120.0 0.0 2.5 11.25 2888996637.6572003
120.0 2.5 2.5 11.25 4926593.6624
120.0 5.0 2.5 11.25 1344.7645
120.0 0.0 5.0 11.25 8846588.9428
120.0 2.5 5.0 11.25 114768158.5823
120.0 2.5 -10.0 12.5 1.319
120.0 2.5 -5.0 12.5 -15.0653
120.0 5.0 -5.0 12.5 -15.874699999999999
120.0 -2.5 -2.5 12.5 93.0489
120.0 0.0 -2.5 12.5 39.3873
120.0 2.5 -2.5 12.5 -27.8558
120.0 5.0 -2.5 12.5 -26.9277
120.0 7.5 -2.5 12.5 -16.6598
120.0 0.0 0.0 12.5 116358948.95480001
120.0 2.5 0.0 12.5 262.74760000000003
120.0 5.0 0.0 12.5 -29.917499999999997
120.0 7.5 0.0 12.5 -10.4524
120.0 0.0 2.5 12.5 10000000088.0018
120.0 2.5 2.5 12.5 27490.6016
120.0 5.0 2.5 12.5 -6.1972000000000005
120.0 7.5 2.5 12.5 18.781399999999998
120.0 0.0 5.0 12.5 11144.737599999999
120.0 2.5 5.0 12.5 5973381.602299999
120.0 5.0 5.0 12.5 251.69050000000001
120.0 -2.5 -10.0 13.75 3.5609
120.0 0.0 -10.0 13.75 2.7043000000000004
120.0 5.0 -10.0 13.75 0.34550000000000003
120.0 10.0 -10.0 13.75 -0.0083
120.0 2.5 -7.5 13.75 -3.9692
120.0 5.0 -7.5 13.75 -4.5416
120.0 7.5 -7.5 13.75 -3.6073999999999997
120.0 -2.5 -5.0 13.75 -3.4789000000000003
120.0 0.0 -5.0 13.75 -8.6615
120.0 2.5 -5.0 13.75 -11.1146
120.0 5.0 -5.0 13.75 -10.6451
120.0 -5.0 -2.5 13.75 -6.0994
120.0 -2.5 -2.5 13.75 -19.7257
120.0 0.0 -2.5 13.75 -22.723
120.0 2.5 -2.5 13.75 -19.514999999999997
120.0 5.0 -2.5 13.75 -15.4367
120.0 7.5 -2.5 13.75 -8.4561
120.0 10.0 -2.5 13.75 -3.1989
120.0 -5.0 0.0 13.75 -18.1071
120.0 0.0 0.0 13.75 80.125
120.0 2.5 0.0 13.75 -24.5261
120.0 5.0 0.0 13.75 -15.3438
120.0 7.5 0.0 13.75 -3.9621
120.0 0.0 2.5 13.75 342867.5211
120.0 2.5 2.5 13.75 19.046300000000002
120.0 5.0 2.5 13.75 -7.6798
120.0 7.5 2.5 13.75 4.708799999999999
120.0 0.0 5.0 13.75 -5.576599999999999
120.0 2.5 5.0 13.75 42.8134
120.0 5.0 5.0 13.75 4.8783
120.0 7.5 5.0 13.75 16.754099999999998
120.0 -5.0 -10.0 15.0 1.1929
120.0 -2.5 -10.0 15.0 1.8024
120.0 0.0 -10.0 15.0 1.7265
120.0 2.5 -10.0 15.0 1.4213
120.0 5.0 -10.0 15.0 0.7629
120.0 10.0 -10.0 15.0 -0.1605
120.0 -5.0 -7.5 15.0 0.7987
120.0 -2.5 -7.5 15.0 0.06540000000000001
120.0 0.0 -7.5 15.0 -1.1085
120.0 2.5 -7.5 15.0 -2.3827
120.0 5.0 -7.5 15.0 -2.3762
120.0 7.5 -7.5 15.0 -1.9089
120.0 -5.0 -5.0 15.0 -0.8568
120.0 -2.5 -5.0 15.0 -4.1057
120.0 0.0 -5.0 15.0 -6.6676
120.0 2.5 -5.0 15.0 -7.4145
120.0 5.0 -5.0 15.0 -6.9475999999999996
120.0 7.5 -5.0 15.0 -4.9579
120.0 10.0 -5.0 15.0 -3.117
120.0 -5.0 -2.5 15.0 -6.0684
120.0 -2.5 -2.5 15.0 -12.5586
120.0 0.0 -2.5 15.0 -13.514800000000001
120.0 2.5 -2.5 15.0 -12.085
120.0 5.0 -2.5 15.0 -8.6054
120.0 7.5 -2.5 15.0 -4.8324
120.0 10.0 -2.5 15.0 -2.0245
120.0 -5.0 0.0 15.0 -14.5451
120.0 -2.5 0.0 15.0 -22.3082
120.0 0.0 0.0 15.0 -18.9304
120.0 2.5 0.0 15.0 -13.387999999999998
120.0 5.0 0.0 15.0 -7.5171
120.0 7.5 0.0 15.0 -1.8653
120.0 10.0 0.0 15.0 2.3457
120.0 0.0 2.5 15.0 22.156799999999997
120.0 2.5 2.5 15.0 -8.8938
120.0 5.0 2.5 15.0 -2.7428000000000003
120.0 7.5 2.5 15.0 4.2837
120.0 10.0 2.5 15.0 7.6729
120.0 0.0 5.0 15.0 -17.3083
120.0 2.5 5.0 15.0 -6.6146
120.0 5.0 5.0 15.0 4.796900000000001
120.0 7.5 5.0 15.0 11.8405
120.0 10.0 5.0 15.0 12.9224
120.0 -5.0 -10.0 16.25 0.838
120.0 -2.5 -10.0 16.25 0.8003
120.0 0.0 -10.0 16.25 1.1347
120.0 2.5 -10.0 16.25 0.8332999999999999
120.0 5.0 -10.0 16.25 0.5295
120.0 7.5 -10.0 16.25 0.101
120.0 10.0 -10.0 16.25 -0.0314
120.0 -5.0 -7.5 16.25 -0.07089999999999999
120.0 -2.5 -7.5 16.25 -0.4729
120.0 0.0 -7.5 16.25 -0.7655
120.0 2.5 -7.5 16.25 -0.5941
120.0 5.0 -7.5 16.25 -1.1178000000000001
120.0 7.5 -7.5 16.25 -0.9993
120.0 10.0 -7.5 16.25 -0.5323
120.0 -5.0 -5.0 16.25 -2.1934
120.0 -2.5 -5.0 16.25 -3.736
120.0 0.0 -5.0 16.25 -4.7093
120.0 2.5 -5.0 16.25 -4.8727
120.0 5.0 -5.0 16.25 -4.0461
120.0 7.5 -5.0 16.25 -3.2584
120.0 10.0 -5.0 16.25 -1.5329
120.0 -5.0 -2.5 16.25 -5.3835999999999995
120.0 -2.5 -2.5 16.25 -8.6562
120.0 0.0 -2.5 16.25 -9.1638
120.0 2.5 -2.5 16.25 -7.2435
120.0 5.0 -2.5 16.25 -5.3357
120.0 7.5 -2.5 16.25 -3.7417999999999996
120.0 10.0 -2.5 16.25 -1.0457
120.0 -5.0 0.0 16.25 -10.3132
120.0 -2.5 0.0 16.25 -13.1647
120.0 0.0 0.0 16.25 -11.115
120.0 2.5 0.0 16.25 -7.7313
120.0 5.0 0.0 16.25 -3.4663
120.0 7.5 0.0 16.25 0.0358
120.0 10.0 0.0 16.25 2.1569
120.0 -5.0 2.5 16.25 -14.0717
120.0 -2.5 2.5 16.25 -16.334500000000002
120.0 0.0 2.5 16.25 -10.671000000000001
120.0 2.5 2.5 16.25 -4.5501000000000005
120.0 5.0 2.5 16.25 0.8181999999999999
120.0 7.5 2.5 16.25 4.8941
120.0 10.0 2.5 16.25 6.4649
120.0 -2.5 5.0 16.25 -14.872399999999999
120.0 0.0 5.0 16.25 -9.8231
120.0 2.5 5.0 16.25 -2.8205
120.0 5.0 5.0 16.25 4.4784
120.0 7.5 5.0 16.25 9.505199999999999
120.0 10.0 5.0 16.25 10.0231
180.0 -5.0 -10.0 3.75 92.3417
180.0 -2.5 -10.0 3.75 1.5659
180.0 0.0 -10.0 3.75 1465.9969
180.0 2.5 -10.0 3.75 3916987916.7248
180.0 5.0 -10.0 3.75 513.6048999999999
180.0 7.5 -10.0 3.75 183.5901
180.0 10.0 -10.0 3.75 -2.2304000000000004
180.0 -5.0 -7.5 3.75 4462.171700000001
180.0 -2.5 -7.5 3.75 36.5622
180.0 0.0 -7.5 3.75 56269929.4969
180.0 2.5 -7.5 3.75 117838037.27939999
180.0 5.0 -7.5 3.75 11106.7022
180.0 7.5 -7.5 3.75 2850784520.1886997
180.0 10.0 -7.5 3.75 254604.2011
180.0 -5.0 -5.0 3.75 8200831.9179
180.0 -2.5 -5.0 3.75 4251715.274499999
180.0 0.0 -5.0 3.75 582527939.4089
180.0 2.5 -5.0 3.75 9999999974.4941
180.0 5.0 -5.0 3.75 124329876.6335
180.0 7.5 -5.0 3.75 201002734.49510002
180.0 10.0 -5.0 3.75 254499080.0676
180.0 -5.0 -2.5 3.75 10000000033.376202
180.0 -2.5 -2.5 3.75 42692236.282500006
180.0 0.0 -2.5 3.75 10000000045.7775
180.0 2.5 -2.5 3.75 9103123467.2689
180.0 5.0 -2.5 3.75 346084920.5674
180.0 7.5 -2.5 3.75 9999999970.435202
180.0 10.0 -2.5 3.75 88458149.4687
180.0 -5.0 0.0 3.75 242018141.32299998
180.0 -2.5 0.0 3.75 9999999963.2794
180.0 0.0 0.0 3.75 1060116975.8712
180.0 2.5 0.0 3.75 7409025036.849
180.0 5.0 0.0 3.75 10000000163.024601
180.0 7.5 0.0 3.75 10000000087.0645
180.0 10.0 0.0 3.75 9999999689.1397
180.0 -5.0 2.5 3.75 10000000042.169401
180.0 -2.5 2.5 3.75 10000000072.326601
180.0 0.0 2.5 3.75 9999999829.2754
180.0 2.5 2.5 3.75 10000000055.791
180.0 5.0 2.5 3.75 9999999882.266901
180.0 7.5 2.5 3.75 10000000055.879002
180.0 10.0 2.5 3.75 9999999988.351002
180.0 -5.0 5.0 3.75 10000000020.658
180.0 -2.5 5.0 3.75 9999999981.648401
180.0 0.0 5.0 3.75 10000000015.641401
180.0 2.5 5.0 3.75 9999999938.8983
180.0 5.0 5.0 3.75 9999999979.014301
180.0 7.5 5.0 3.75 10000000311.9377
180.0 10.0 5.0 3.75 4133418793.4144
180.0 5.0 -2.5 8.75 521490.19690000004
180.0 5.0 -2.5 10.0 38416.9991
180.0 2.5 2.5 10.0 250641.14239999998
180.0 5.0 -10.0 11.25 6.3448
180.0 7.5 -10.0 11.25 5.6813
180.0 -2.5 -7.5 11.25 2.5587
180.0 5.0 -7.5 11.25 12.227200000000002
180.0 2.5 -5.0 11.25 32919.2144
180.0 5.0 -5.0 11.25 520.423
180.0 7.5 -5.0 11.25 10.4082
180.0 10.0 -5.0 11.25 6.845000000000001
180.0 5.0 -2.5 11.25 845.3266
180.0 0.0 0.0 11.25 2070.6022000000003
180.0 -2.5 2.5 11.25 376380.9691
180.0 2.5 2.5 11.25 2196981.6622
180.0 -5.0 5.0 11.25 25664.410799999998
180.0 5.0 5.0 11.25 7274062.829
180.0 0.0 -10.0 12.5 1.7753999999999999
180.0 2.5 -10.0 12.5 3.5559999999999996
180.0 5.0 -10.0 12.5 4.1521
180.0 7.5 -10.0 12.5 3.4637
180.0 10.0 -10.0 12.5 2.2358
180.0 -2.5 -7.5 12.5 1.6883000000000001
180.0 0.0 -7.5 12.5 3.5279000000000003
180.0 2.5 -7.5 12.5 5.6889
180.0 5.0 -7.5 12.5 7.3952
180.0 7.5 -7.5 12.5 6.570399999999999
180.0 10.0 -7.5 12.5 4.3232
180.0 2.5 -5.0 12.5 7.001399999999999
180.0 5.0 -5.0 12.5 9.6127
180.0 7.5 -5.0 12.5 6.1023
180.0 10.0 -5.0 12.5 4.575200000000001
180.0 2.5 -2.5 12.5 -2.9554
180.0 5.0 -2.5 12.5 -0.33330000000000004
180.0 0.0 0.0 12.5 -8.0144
180.0 2.5 0.0 12.5 -16.3578
180.0 5.0 0.0 12.5 95.2453
180.0 -2.5 2.5 12.5 -6.1198
180.0 0.0 2.5 12.5 374.785
180.0 2.5 2.5 12.5 81434.9299
180.0 -5.0 5.0 12.5 -7.7158999999999995
180.0 2.5 5.0 12.5 162.5592
180.0 5.0 5.0 12.5 27263.9322
180.0 -5.0 -10.0 13.75 0.2296
180.0 -2.5 -10.0 13.75 0.0847
180.0 0.0 -10.0 13.75 0.9826
180.0 2.5 -10.0 13.75 2.0276
180.0 5.0 -10.0 13.75 2.5598
180.0 7.5 -10.0 13.75 2.1451
180.0 10.0 -10.0 13.75 1.4627
180.0 -2.5 -7.5 13.75 0.9782
180.0 0.0 -7.5 13.75 1.6339000000000001
180.0 2.5 -7.5 13.75 3.5481
180.0 5.0 -7.5 13.75 4.2702
180.0 7.5 -7.5 13.75 3.4166999999999996
180.0 10.0 -7.5 13.75 2.3638000000000003
180.0 -2.5 -5.0 13.75 0.6186
180.0 0.0 -5.0 13.75 1.1331000000000002
180.0 2.5 -5.0 13.75 2.7257999999999996
180.0 5.0 -5.0 13.75 2.8537
180.0 7.5 -5.0 13.75 2.6473
180.0 10.0 -5.0 13.75 2.2715
180.0 2.5 -2.5 13.75 -2.7376
180.0 5.0 -2.5 13.75 -4.0632
180.0 7.5 -2.5 13.75 -2.1037
180.0 -2.5 0.0 13.75 -3.4961
180.0 0.0 0.0 13.75 -6.921200000000001
180.0 2.5 0.0 13.75 -14.2683
180.0 5.0 0.0 13.75 -18.8812
180.0 -5.0 2.5 13.75 -5.7695
180.0 -2.5 2.5 13.75 -8.3906
180.0 0.0 2.5 13.75 -13.3584
180.0 2.5 2.5 13.75 -23.333099999999998
180.0 -5.0 5.0 13.75 -12.0351
180.0 -2.5 5.0 13.75 -17.151
180.0 0.0 5.0 13.75 -22.762100000000004
180.0 2.5 5.0 13.75 -32.337199999999996
180.0 5.0 5.0 13.75 126.6629
180.0 -5.0 -10.0 15.0 0.2777
180.0 -2.5 -10.0 15.0 0.2027
180.0 0.0 -10.0 15.0 0.31279999999999997
180.0 2.5 -10.0 15.0 1.1161999999999999
180.0 5.0 -10.0 15.0 1.4072
180.0 7.5 -10.0 15.0 1.3719
180.0 10.0 -10.0 15.0 0.6696
180.0 -5.0 -7.5 15.0 0.419
180.0 -2.5 -7.5 15.0 0.08559999999999998
180.0 0.0 -7.5 15.0 1.1677
180.0 2.5 -7.5 15.0 1.8738000000000001
180.0 5.0 -7.5 15.0 2.1759
180.0 7.5 -7.5 15.0 1.9965
180.0 10.0 -7.5 15.0 0.9823
180.0 -2.5 -5.0 15.0 0.15009999999999998
180.0 0.0 -5.0 15.0 0.7166
180.0 2.5 -5.0 15.0 1.0611
180.0 5.0 -5.0 15.0 0.8681
180.0 7.5 -5.0 15.0 0.47250000000000003
180.0 10.0 -5.0 15.0 0.4881
180.0 -2.5 -2.5 15.0 -0.8032
180.0 0.0 -2.5 15.0 -1.4425
180.0 2.5 -2.5 15.0 -2.5815
180.0 5.0 -2.5 15.0 -4.4965
180.0 7.5 -2.5 15.0 -3.3272
180.0 10.0 -2.5 15.0 -1.5745
180.0 -2.5 0.0 15.0 -2.4443
180.0 0.0 0.0 15.0 -4.6821
180.0 2.5 0.0 15.0 -10.349300000000001
180.0 5.0 0.0 15.0 -12.3613
180.0 7.5 0.0 15.0 -9.631400000000001
180.0 10.0 0.0 15.0 -5.4256
180.0 -5.0 2.5 15.0 -3.5524
180.0 -2.5 2.5 15.0 -5.0788
180.0 0.0 2.5 15.0 -9.799
180.0 2.5 2.5 15.0 -20.9949
180.0 5.0 2.5 15.0 -23.6957
180.0 7.5 2.5 15.0 -14.512599999999999
180.0 10.0 2.5 15.0 -9.6472
180.0 -5.0 5.0 15.0 -7.3392
180.0 -2.5 5.0 15.0 -10.9842
180.0 0.0 5.0 15.0 -15.0009
180.0 2.5 5.0 15.0 -23.408099999999997
180.0 5.0 5.0 15.0 -26.601599999999998
180.0 7.5 5.0 15.0 15.598999999999998
180.0 10.0 5.0 15.0 -7.4658999999999995
180.0 -5.0 -10.0 16.25 0.15889999999999999
180.0 -2.5 -10.0 16.25 0.3987
180.0 0.0 -10.0 16.25 0.3369
180.0 2.5 -10.0 16.25 0.5017
180.0 5.0 -10.0 16.25 0.7441
180.0 7.5 -10.0 16.25 0.6032000000000001
180.0 10.0 -10.0 16.25 0.3663
180.0 -5.0 -7.5 16.25 0.2992
180.0 -2.5 -7.5 16.25 0.2712
180.0 0.0 -7.5 16.25 0.2004
180.0 2.5 -7.5 16.25 0.9789000000000001
180.0 5.0 -7.5 16.25 0.9684
180.0 7.5 -7.5 16.25 0.7298
180.0 10.0 -7.5 16.25 0.3674
180.0 -5.0 -5.0 16.25 0.46690000000000004
180.0 -2.5 -5.0 16.25 0.29819999999999997
180.0 0.0 -5.0 16.25 -0.16870000000000002
180.0 2.5 -5.0 16.25 -0.4593
180.0 5.0 -5.0 16.25 -0.4949
180.0 7.5 -5.0 16.25 -0.0916
180.0 10.0 -5.0 16.25 -0.4122
180.0 -5.0 -2.5 16.25 0.6268
180.0 -2.5 -2.5 16.25 -0.1673
180.0 0.0 -2.5 16.25 -1.5655
180.0 2.5 -2.5 16.25 -3.1222
180.0 5.0 -2.5 16.25 -3.5625
180.0 7.5 -2.5 16.25 -3.1553
180.0 10.0 -2.5 16.25 -1.9013
180.0 -2.5 0.0 16.25 -1.4596
180.0 0.0 0.0 16.25 -4.3109
180.0 2.5 0.0 16.25 -7.436
180.0 5.0 0.0 16.25 -8.640500000000001
180.0 7.5 0.0 16.25 -6.9193999999999996
180.0 10.0 0.0 16.25 -3.5251
180.0 -5.0 2.5 16.25 -1.6804
180.0 -2.5 2.5 16.25 -3.6188000000000002
180.0 0.0 2.5 16.25 -7.3357
180.0 2.5 2.5 16.25 -13.0015
180.0 5.0 2.5 16.25 -14.4915
180.0 7.5 2.5 16.25 -10.1995
180.0 10.0 2.5 16.25 -4.686299999999999
180.0 -5.0 5.0 16.25 -3.7769999999999997
180.0 -2.5 5.0 16.25 -6.340199999999999
180.0 0.0 5.0 16.25 -10.0209
180.0 2.5 5.0 16.25 -14.328299999999999
180.0 5.0 5.0 16.25 -16.3502
180.0 7.5 5.0 16.25 -10.8796
180.0 10.0 5.0 16.25 -5.5327
240.0 -5.0 -10.0 3.75 8.4413
240.0 -2.5 -10.0 3.75 11.5974
240.0 0.0 -10.0 3.75 12.9628
240.0 2.5 -10.0 3.75 10.7491
240.0 5.0 -10.0 3.75 6.8476
240.0 7.5 -10.0 3.75 2.0804
240.0 10.0 -10.0 3.75 -1.1746999999999999
240.0 -5.0 -7.5 3.75 32.3812
240.0 -2.5 -7.5 3.75 30.040300000000002
240.0 0.0 -7.5 3.75 13629320.3065
240.0 2.5 -7.5 3.75 10.6995
240.0 5.0 -7.5 3.75 106.976
240.0 7.5 -7.5 3.75 0.9239999999999999
240.0 10.0 -7.5 3.75 -2.085
240.0 -5.0 -5.0 3.75 2942389.6044
240.0 -2.5 -5.0 3.75 1557531.5983
240.0 0.0 -5.0 3.75 108258673.07810001
240.0 2.5 -5.0 3.75 129.6526
240.0 5.0 -5.0 3.75 25824.110800000002
240.0 7.5 -5.0 3.75 -2.3141999999999996
240.0 10.0 -5.0 3.75 -4.2808
240.0 -5.0 -2.5 3.75 8001.080199999999
240.0 -2.5 -2.5 3.75 10000000005.1602
240.0 0.0 -2.5 3.75 41221908.1145
240.0 2.5 -2.5 3.75 6255934.8506
240.0 5.0 -2.5 3.75 478.2029
240.0 7.5 -2.5 3.75 4125383.582
240.0 10.0 -2.5 3.75 6660.3367
240.0 -5.0 0.0 3.75 3297523140.4421
240.0 -2.5 0.0 3.75 9999999990.0386
240.0 0.0 0.0 3.75 809396641.0848
240.0 2.5 0.0 3.75 9999999942.968601
240.0 5.0 0.0 3.75 1855196.6064
240.0 7.5 0.0 3.75 1168650172.9174
240.0 10.0 0.0 3.75 739958.8073000001
240.0 -5.0 2.5 3.75 1171631548.3244998
240.0 -2.5 2.5 3.75 9999999874.1145
240.0 0.0 2.5 3.75 9999999947.4524
240.0 2.5 2.5 3.75 9999999810.7793
240.0 5.0 2.5 3.75 454231391.00560004
240.0 7.5 2.5 3.75 9999999992.7658
240.0 10.0 2.5 3.75 9999999968.524
240.0 -5.0 5.0 3.75 9999999846.637402
240.0 -2.5 5.0 3.75 9999999888.6032
240.0 0.0 5.0 3.75 10000000102.997702
240.0 2.5 5.0 3.75 10000000062.8257
240.0 5.0 5.0 3.75 10000000020.208801
240.0 7.5 5.0 3.75 10000000079.312801
240.0 10.0 5.0 3.75 9999999877.389101
240.0 -2.5 -10.0 11.25 1.7789
240.0 5.0 -10.0 11.25 0.5587
240.0 10.0 -10.0 11.25 -0.0558
240.0 5.0 -7.5 11.25 0.9772000000000001
240.0 -2.5 -2.5 11.25 -3.0742
240.0 -5.0 0.0 11.25 222817.48320000002
240.0 -2.5 0.0 11.25 -7.798100000000001
240.0 0.0 0.0 11.25 -15.2777
240.0 -5.0 2.5 11.25 22574.7166
240.0 0.0 2.5 11.25 144.25019999999998
240.0 0.0 5.0 11.25 255.3207
240.0 -5.0 -10.0 12.5 0.9929999999999999
240.0 -2.5 -10.0 12.5 1.1269
240.0 0.0 -10.0 12.5 0.9752000000000001
240.0 5.0 -10.0 12.5 0.3624
240.0 7.5 -10.0 12.5 0.1217
240.0 10.0 -10.0 12.5 0.043
240.0 5.0 -7.5 12.5 0.8042
240.0 7.5 -7.5 12.5 0.5326
240.0 10.0 -7.5 12.5 0.3605
240.0 2.5 -5.0 12.5 0.478
240.0 -5.0 -2.5 12.5 0.07719999999999994
240.0 -2.5 -2.5 12.5 -1.9272
240.0 0.0 -2.5 12.5 -3.4606
240.0 -5.0 0.0 12.5 12.0993
240.0 -2.5 0.0 12.5 -11.0983
240.0 0.0 0.0 12.5 -9.9931
240.0 2.5 0.0 12.5 -6.5067
240.0 -5.0 2.5 12.5 -22.401699999999998
240.0 0.0 2.5 12.5 -17.7095
240.0 0.0 5.0 12.5 -18.9306
240.0 -2.5 -10.0 13.75 0.519
240.0 0.0 -10.0 13.75 0.43729999999999997
240.0 2.5 -10.0 13.75 0.2553
240.0 5.0 -10.0 13.75 0.1369
240.0 7.5 -10.0 13.75 0.0879
240.0 10.0 -10.0 13.75 0.0385
240.0 -5.0 -7.5 13.75 1.707
240.0 2.5 -7.5 13.75 0.8124
240.0 5.0 -7.5 13.75 0.4211
240.0 7.5 -7.5 13.75 0.3054
240.0 10.0 -7.5 13.75 0.1595
240.0 -5.0 -5.0 13.75 2.3216
240.0 -2.5 -5.0 13.75 1.7106999999999999
240.0 2.5 -5.0 13.75 0.5559000000000001
240.0 10.0 -5.0 13.75 0.6754
240.0 -5.0 -2.5 13.75 0.1432
240.0 -2.5 -2.5 13.75 -1.0517
240.0 0.0 -2.5 13.75 -1.5227
240.0 2.5 -2.5 13.75 -1.006
240.0 -5.0 0.0 13.75 -6.0842
240.0 -2.5 0.0 13.75 -7.1512
240.0 0.0 0.0 13.75 -6.597
240.0 2.5 0.0 13.75 -3.8766
240.0 -5.0 2.5 13.75 -18.3609
240.0 0.0 2.5 13.75 -11.0527
240.0 2.5 2.5 13.75 -6.4073
240.0 -5.0 5.0 13.75 -28.5229
240.0 0.0 5.0 13.75 -15.774000000000001
240.0 2.5 5.0 13.75 -9.5911
240.0 -5.0 -10.0 15.0 0.20350000000000001
240.0 -2.5 -10.0 15.0 0.1995
240.0 0.0 -10.0 15.0 0.13720000000000002
240.0 2.5 -10.0 15.0 0.043
240.0 5.0 -10.0 15.0 0.0374
240.0 7.5 -10.0 15.0 0.0378
240.0 10.0 -10.0 15.0 0.0068
240.0 -5.0 -7.5 15.0 0.8539
240.0 -2.5 -7.5 15.0 0.8244
240.0 0.0 -7.5 15.0 0.5941
240.0 2.5 -7.5 15.0 0.3775
240.0 5.0 -7.5 15.0 0.3086
240.0 7.5 -7.5 15.0 0.2694
240.0 10.0 -7.5 15.0 0.1726
240.0 -5.0 -5.0 15.0 1.453
240.0 -2.5 -5.0 15.0 1.057
240.0 0.0 -5.0 15.0 0.766
240.0 2.5 -5.0 15.0 0.6566
240.0 5.0 -5.0 15.0 0.6277
240.0 7.5 -5.0 15.0 0.6762
240.0 10.0 -5.0 15.0 0.4573
240.0 -5.0 -2.5 15.0 0.06899999999999998
240.0 -2.5 -2.5 15.0 -0.6091
240.0 0.0 -2.5 15.0 -0.8728
240.0 2.5 -2.5 15.0 -0.2308
240.0 5.0 -2.5 15.0 0.5912000000000001
240.0 7.5 -2.5 15.0 0.9538
240.0 10.0 -2.5 15.0 0.8779
240.0 -5.0 0.0 15.0 -4.4041
240.0 -2.5 0.0 15.0 -5.0577
240.0 0.0 0.0 15.0 -3.9442
240.0 2.5 0.0 15.0 -2.1409
240.0 5.0 0.0 15.0 -0.6027
240.0 10.0 0.0 15.0 1.0301
240.0 -5.0 2.5 15.0 -11.4834
240.0 -2.5 2.5 15.0 -10.1146
240.0 0.0 2.5 15.0 -7.076899999999999
240.0 2.5 2.5 15.0 -3.575
240.0 5.0 2.5 15.0 -1.5889
240.0 10.0 2.5 15.0 -0.1721
240.0 -5.0 5.0 15.0 -18.3703
240.0 0.0 5.0 15.0 -7.9182
240.0 2.5 5.0 15.0 -5.0499
240.0 5.0 5.0 15.0 -4.6152
240.0 -5.0 -10.0 16.25 0.0949
240.0 -2.5 -10.0 16.25 0.0655
240.0 0.0 -10.0 16.25 0.0129
240.0 2.5 -10.0 16.25 0.0
240.0 5.0 -10.0 16.25 0.0039
240.0 7.5 -10.0 16.25 0.0038
240.0 10.0 -10.0 16.25 0.0
240.0 -5.0 -7.5 16.25 0.4078
240.0 -2.5 -7.5 16.25 0.3065
240.0 0.0 -7.5 16.25 0.2124
240.0 2.5 -7.5 16.25 0.1409
240.0 5.0 -7.5 16.25 0.1745
240.0 7.5 -7.5 16.25 0.171
240.0 10.0 -7.5 16.25 0.09
240.0 -5.0 -5.0 16.25 0.7100000000000001
240.0 -2.5 -5.0 16.25 0.6564
240.0 0.0 -5.0 16.25 0.5153
240.0 2.5 -5.0 16.25 0.5421
240.0 5.0 -5.0 16.25 0.5988
240.0 7.5 -5.0 16.25 0.5671
240.0 10.0 -5.0 16.25 0.34609999999999996
240.0 -5.0 -2.5 16.25 0.03929999999999999
240.0 -2.5 -2.5 16.25 -0.20240000000000002
240.0 0.0 -2.5 16.25 -0.0017000000000000001
240.0 2.5 -2.5 16.25 0.3377
240.0 5.0 -2.5 16.25 0.7026
240.0 7.5 -2.5 16.25 0.6859
240.0 10.0 -2.5 16.25 0.41119999999999995
240.0 -5.0 0.0 16.25 -3.1437999999999997
240.0 -2.5 0.0 16.25 -3.0907
240.0 0.0 0.0 16.25 -2.1609999999999996
240.0 2.5 0.0 16.25 -0.9558
240.0 5.0 0.0 16.25 0.04139999999999999
240.0 7.5 0.0 16.25 0.1658
240.0 10.0 0.0 16.25 0.1465
240.0 -5.0 2.5 16.25 -7.0383000000000004
240.0 -2.5 2.5 16.25 -6.2832
240.0 0.0 2.5 16.25 -3.2833
240.0 2.5 2.5 16.25 -2.0924
240.0 5.0 2.5 16.25 -1.5601
240.0 7.5 2.5 16.25 -1.4629
240.0 10.0 2.5 16.25 -0.8168
240.0 -5.0 5.0 16.25 -10.540000000000001
240.0 -2.5 5.0 16.25 -7.1018
240.0 0.0 5.0 16.25 -3.6330999999999998
240.0 2.5 5.0 16.25 -2.5827
240.0 5.0 5.0 16.25 -3.7272
240.0 7.5 5.0 16.25 -4.6353
240.0 10.0 5.0 16.25 -2.8899999999999997
300.0 -5.0 -10.0 3.75 20.7608
300.0 -2.5 -10.0 3.75 21.9371
300.0 0.0 -10.0 3.75 17.5193
300.0 2.5 -10.0 3.75 12.066699999999999
300.0 5.0 -10.0 3.75 9.0954
300.0 7.5 -10.0 3.75 6.519299999999999
300.0 10.0 -10.0 3.75 4.1925
300.0 -5.0 -7.5 3.75 42727739.498900004
300.0 -2.5 -7.5 3.75 226402.9507
300.0 0.0 -7.5 3.75 170.6968
300.0 2.5 -7.5 3.75 379.8505
300.0 5.0 -7.5 3.75 11.6912
300.0 7.5 -7.5 3.75 11.2538
300.0 10.0 -7.5 3.75 7.6532
300.0 -5.0 -5.0 3.75 6211033578.3679
300.0 -2.5 -5.0 3.75 4094235.8773000003
300.0 0.0 -5.0 3.75 3137963.7108
300.0 2.5 -5.0 3.75 6728572.0708
300.0 5.0 -5.0 3.75 25.987199999999998
300.0 7.5 -5.0 3.75 10.7506
300.0 10.0 -5.0 3.75 6.4575000000000005
300.0 -5.0 -2.5 3.75 9999999981.285702
300.0 -2.5 -2.5 3.75 4808168062.6682005
300.0 0.0 -2.5 3.75 10000000055.0195
300.0 2.5 -2.5 3.75 9999999963.653101
300.0 5.0 -2.5 3.75 151531053.27490002
300.0 7.5 -2.5 3.75 -1.5898999999999992
300.0 10.0 -2.5 3.75 -0.46799999999999975
300.0 -5.0 0.0 3.75 2012112646.2998
300.0 -2.5 0.0 3.75 6423745331.3025
300.0 0.0 0.0 3.75 9999999867.705
300.0 2.5 0.0 3.75 10000000027.980001
300.0 5.0 0.0 3.75 9999999951.446001
300.0 7.5 0.0 3.75 258.88680000000005
300.0 10.0 0.0 3.75 -12.1949
300.0 -5.0 2.5 3.75 9999999842.322601
300.0 -2.5 2.5 3.75 9999999938.975101
300.0 0.0 2.5 3.75 10000000189.9983
300.0 2.5 2.5 3.75 10000000037.8017
300.0 5.0 2.5 3.75 9999999953.2794
300.0 7.5 2.5 3.75 373909988.09470004
300.0 10.0 2.5 3.75 -1.157
300.0 -5.0 5.0 3.75 10000000032.9472
300.0 -2.5 5.0 3.75 2276495830.1211
300.0 0.0 5.0 3.75 10000000198.4244
300.0 2.5 5.0 3.75 9999999959.0764
300.0 5.0 5.0 3.75 10000000009.561901
300.0 7.5 5.0 3.75 10000000140.151201
300.0 10.0 5.0 3.75 21.060599999999997
300.0 -2.5 -5.0 8.75 204548.49970000001
300.0 -5.0 5.0 8.75 9999999747.2742
300.0 -2.5 -10.0 10.0 5.6173
300.0 -2.5 -7.5 10.0 116.4175
300.0 -2.5 -5.0 10.0 7584778.9306
300.0 -5.0 -2.5 10.0 47889.5709
300.0 -2.5 2.5 10.0 272888414.345
300.0 -5.0 5.0 10.0 9999999905.305
300.0 -2.5 5.0 10.0 912615787.1003001
300.0 0.0 5.0 10.0 10000000012.103802
300.0 -2.5 -10.0 11.25 3.5368
300.0 0.0 -10.0 11.25 4.0209
300.0 2.5 -10.0 11.25 3.1106
300.0 -2.5 -7.5 11.25 0.19299999999999984
300.0 0.0 -7.5 11.25 2.1627
300.0 -2.5 -5.0 11.25 138.924
300.0 -2.5 0.0 11.25 9530315.0461
300.0 -5.0 2.5 11.25 294.8664
300.0 -2.5 2.5 11.25 244264842.7694
300.0 -5.0 5.0 11.25 79106706.7684
300.0 -2.5 5.0 11.25 23919152.8977
300.0 0.0 5.0 11.25 563504677.2698
300.0 5.0 5.0 11.25 2167.9746
300.0 -2.5 -10.0 12.5 2.5259
300.0 0.0 -10.0 12.5 2.6887000000000003
300.0 2.5 -10.0 12.5 2.029
300.0 5.0 -10.0 12.5 0.8988999999999999
300.0 7.5 -10.0 12.5 0.18239999999999998
300.0 -5.0 -7.5 12.5 -2.1735
300.0 -2.5 -7.5 12.5 -0.5661999999999999
300.0 0.0 -7.5 12.5 1.146
300.0 2.5 -7.5 12.5 1.9859999999999998
300.0 -5.0 -5.0 12.5 -8.5779
300.0 -2.5 -5.0 12.5 -6.5405
300.0 0.0 -5.0 12.5 -3.6073
300.0 -5.0 -2.5 12.5 -18.6995
300.0 -2.5 0.0 12.5 -22.2646
300.0 -5.0 2.5 12.5 -7.618900000000002
300.0 -2.5 2.5 12.5 589614.0286
300.0 0.0 2.5 12.5 4783.805399999999
300.0 -5.0 5.0 12.5 2253525.2752
300.0 -2.5 5.0 12.5 562372.2062
300.0 0.0 5.0 12.5 9999999815.961802
300.0 5.0 5.0 12.5 -2.2568
300.0 7.5 5.0 12.5 -3.453
300.0 -5.0 -10.0 13.75 1.0739
300.0 -2.5 -10.0 13.75 1.7125
300.0 0.0 -10.0 13.75 1.6139999999999999
300.0 2.5 -10.0 13.75 1.0876000000000001
300.0 5.0 -10.0 13.75 0.3685
300.0 7.5 -10.0 13.75 0.034
300.0 10.0 -10.0 13.75 0.0
300.0 -5.0 -7.5 13.75 -1.4895
300.0 -2.5 -7.5 13.75 -0.0676
300.0 0.0 -7.5 13.75 0.7681
300.0 2.5 -7.5 13.75 1.2772999999999999
300.0 5.0 -7.5 13.75 0.8035
300.0 -5.0 -5.0 13.75 -5.8939
300.0 -2.5 -5.0 13.75 -5.1557
300.0 0.0 -5.0 13.75 -2.7213
300.0 2.5 -2.5 13.75 -3.2495
300.0 -5.0 0.0 13.75 -19.0156
300.0 -2.5 0.0 13.75 -21.5793
300.0 -5.0 2.5 13.75 -19.6892
300.0 -2.5 2.5 13.75 20.9553
300.0 0.0 2.5 13.75 16.9595
300.0 10.0 2.5 13.75 -0.6198999999999999
300.0 -5.0 5.0 13.75 44.851
300.0 -2.5 5.0 13.75 709.3429000000001
300.0 0.0 5.0 13.75 1395.7065
300.0 2.5 5.0 13.75 48.889399999999995
300.0 7.5 5.0 13.75 -1.0846
300.0 10.0 5.0 13.75 0.13319999999999999
300.0 -5.0 -10.0 15.0 0.865
300.0 -2.5 -10.0 15.0 1.0796000000000001
300.0 0.0 -10.0 15.0 0.9788
300.0 2.5 -10.0 15.0 0.5139
300.0 5.0 -10.0 15.0 0.1434
300.0 7.5 -10.0 15.0 0.0001
300.0 10.0 -10.0 15.0 0.0
300.0 -5.0 -7.5 15.0 -0.7085
300.0 -2.5 -7.5 15.0 -0.135
300.0 0.0 -7.5 15.0 0.5327999999999999
300.0 2.5 -7.5 15.0 0.6344000000000001
300.0 5.0 -7.5 15.0 0.2924
300.0 7.5 -7.5 15.0 0.0499
300.0 10.0 -7.5 15.0 0.0
300.0 -5.0 -5.0 15.0 -3.9722
300.0 -2.5 -5.0 15.0 -3.5052000000000003
300.0 0.0 -5.0 15.0 -2.0606999999999998
300.0 2.5 -5.0 15.0 -0.17309999999999998
300.0 5.0 -5.0 15.0 0.0584
300.0 7.5 -5.0 15.0 0.18300000000000002
300.0 -5.0 -2.5 15.0 -7.604699999999999
300.0 -2.5 -2.5 15.0 -8.146799999999999
300.0 0.0 -2.5 15.0 -5.7043
300.0 2.5 -2.5 15.0 -2.0601
300.0 7.5 -2.5 15.0 -0.06470000000000001
300.0 -5.0 0.0 15.0 -10.9008
300.0 -2.5 0.0 15.0 -12.5426
300.0 0.0 0.0 15.0 -9.259599999999999
300.0 2.5 0.0 15.0 -4.5078000000000005
300.0 5.0 0.0 15.0 -1.0146
300.0 -5.0 2.5 15.0 -11.484
300.0 -2.5 2.5 15.0 -17.2354
300.0 0.0 2.5 15.0 -11.5232
300.0 2.5 2.5 15.0 -5.7767
300.0 5.0 2.5 15.0 -1.2036
300.0 7.5 2.5 15.0 0.046700000000000005
300.0 10.0 2.5 15.0 0.1848
300.0 -5.0 5.0 15.0 -6.8758
300.0 -2.5 5.0 15.0 -18.5393
300.0 0.0 5.0 15.0 -13.381499999999999
300.0 2.5 5.0 15.0 -6.4064000000000005
300.0 5.0 5.0 15.0 -1.1723000000000001
300.0 7.5 5.0 15.0 0.057599999999999985
300.0 10.0 5.0 15.0 0.6997
300.0 -5.0 -10.0 16.25 0.6166
300.0 -2.5 -10.0 16.25 0.6034
300.0 0.0 -10.0 16.25 0.48710000000000003
300.0 2.5 -10.0 16.25 0.2646
300.0 5.0 -10.0 16.25 0.0247
300.0 7.5 -10.0 16.25 0.0
300.0 10.0 -10.0 16.25 0.0
300.0 -5.0 -7.5 16.25 -0.2211
300.0 -2.5 -7.5 16.25 0.1414
300.0 0.0 -7.5 16.25 0.29279999999999995
300.0 2.5 -7.5 16.25 0.2563
300.0 5.0 -7.5 16.25 0.1334
300.0 7.5 -7.5 16.25 0.0015
300.0 10.0 -7.5 16.25 0.0
300.0 -5.0 -5.0 16.25 -2.0825
300.0 -2.5 -5.0 16.25 -1.9741
300.0 0.0 -5.0 16.25 -1.0446
300.0 2.5 -5.0 16.25 -0.4809
300.0 5.0 -5.0 16.25 -0.0008999999999999998
300.0 7.5 -5.0 16.25 -0.0061
300.0 10.0 -5.0 16.25 0.0
300.0 -5.0 -2.5 16.25 -4.799
300.0 -2.5 -2.5 16.25 -5.0576
300.0 0.0 -2.5 16.25 -3.5939
300.0 2.5 -2.5 16.25 -1.5698
300.0 5.0 -2.5 16.25 -0.2867
300.0 7.5 -2.5 16.25 -0.0473
300.0 10.0 -2.5 16.25 0.0051
300.0 -5.0 0.0 16.25 -5.9162
300.0 -2.5 0.0 16.25 -7.898199999999999
300.0 0.0 0.0 16.25 -6.238200000000001
300.0 2.5 0.0 16.25 -2.6484
300.0 5.0 0.0 16.25 -0.4395
300.0 10.0 0.0 16.25 0.057999999999999996
300.0 -5.0 2.5 16.25 -5.9812
300.0 -2.5 2.5 16.25 -9.9543
300.0 0.0 2.5 16.25 -7.2034
300.0 2.5 2.5 16.25 -3.1825
300.0 5.0 2.5 16.25 -0.09480000000000001
300.0 7.5 2.5 16.25 0.42660000000000003
300.0 10.0 2.5 16.25 0.31320000000000003
300.0 -5.0 5.0 16.25 -3.8468
300.0 -2.5 5.0 16.25 -10.517999999999999
300.0 0.0 5.0 16.25 -8.2775
300.0 2.5 5.0 16.25 -3.1929
300.0 5.0 5.0 16.25 -0.17200000000000001
300.0 7.5 5.0 16.25 0.9122
300.0 10.0 5.0 16.25 0.6757
