0.0 5.0 -7.5 6.25 2931839318.965
0.0 -2.5 5.0 6.25 16861.3874
0.0 0.0 2.5 7.5 651909238.116
0.0 -2.5 5.0 7.5 157734107.1428
0.0 0.0 5.0 7.5 10000000042.593102
0.0 2.5 -10.0 8.75 10000000090.9811
0.0 5.0 -10.0 8.75 9999999839.3652
0.0 7.5 -10.0 8.75 426552811.2981
0.0 0.0 -7.5 8.75 10000000019.7085
0.0 5.0 -7.5 8.75 1486513162.9696
0.0 0.0 0.0 8.75 131525540.09310001
0.0 0.0 2.5 8.75 9999999571.378
0.0 -2.5 5.0 8.75 260726.1428
0.0 0.0 5.0 8.75 10000000131.2863
0.0 2.5 5.0 8.75 10000000029.3726
0.0 5.0 5.0 8.75 9999999959.1613
0.0 5.0 -10.0 10.0 1742573489.9789999
0.0 7.5 -10.0 10.0 18130473.2183
0.0 0.0 -7.5 10.0 10000000025.2602
0.0 2.5 -7.5 10.0 1673648553.0522
0.0 5.0 -7.5 10.0 1702707464.8244998
0.0 -2.5 -5.0 10.0 10000000093.269402
0.0 2.5 -5.0 10.0 10000000211.556702
0.0 -2.5 -2.5 10.0 9320959797.567099
0.0 0.0 -2.5 10.0 9999999970.719702
0.0 -2.5 0.0 10.0 90372313.81
0.0 0.0 0.0 10.0 634073613.7458999
0.0 2.5 0.0 10.0 9999999949.002
0.0 0.0 2.5 10.0 1844849265.947
0.0 2.5 2.5 10.0 9999999988.298101
0.0 7.5 2.5 10.0 1392931756.3345
0.0 -2.5 5.0 10.0 10000000001.363901
0.0 0.0 5.0 10.0 2169597349.4796004
0.0 2.5 5.0 10.0 9999999963.7234
0.0 5.0 5.0 10.0 9999999931.5308
0.0 2.5 -10.0 11.25 176541.59139999998
0.0 5.0 -10.0 11.25 189726.9562
0.0 7.5 -10.0 11.25 25184346.549200002
0.0 10.0 -10.0 11.25 3995.7351000000003
0.0 0.0 -7.5 11.25 9875724961.1972
0.0 2.5 -7.5 11.25 8060551613.0408
0.0 5.0 -7.5 11.25 2198932279.1361003
0.0 7.5 -7.5 11.25 811514374.846
0.0 -2.5 -5.0 11.25 9999999975.0648
0.0 0.0 -5.0 11.25 10000000011.853102
0.0 2.5 -5.0 11.25 9999999905.706701
0.0 5.0 -5.0 11.25 9999999858.2201
0.0 -5.0 -2.5 11.25 2308698130.9568
0.0 -2.5 -2.5 11.25 9999999932.762402
0.0 0.0 -2.5 11.25 10000000019.3798
0.0 7.5 -2.5 11.25 9999999825.3481
0.0 -2.5 0.0 11.25 9999999967.086601
0.0 0.0 0.0 11.25 9999999944.733702
0.0 2.5 0.0 11.25 9091248942.179901
0.0 -2.5 2.5 11.25 1876767227.5645
0.0 0.0 2.5 11.25 9999999979.7308
0.0 2.5 2.5 11.25 903131249.0741
0.0 5.0 2.5 11.25 6077082697.2519
0.0 7.5 2.5 11.25 729396.6713
0.0 -5.0 5.0 11.25 4258098.9849000005
0.0 -2.5 5.0 11.25 9999999976.2159
0.0 0.0 5.0 11.25 29572580.2687
0.0 2.5 5.0 11.25 3881384101.711
0.0 5.0 5.0 11.25 112985631.9984
0.0 7.5 5.0 11.25 3726068210.9198
0.0 0.0 -10.0 12.5 488.4387
0.0 2.5 -10.0 12.5 60945.4821
0.0 5.0 -10.0 12.5 7487.1815
0.0 7.5 -10.0 12.5 88360.2993
0.0 10.0 -10.0 12.5 155.5376
0.0 -2.5 -7.5 12.5 3510456.1467999998
0.0 0.0 -7.5 12.5 7458258535.5015
0.0 2.5 -7.5 12.5 2524160243.6741
0.0 5.0 -7.5 12.5 10000000128.848501
0.0 7.5 -7.5 12.5 10000000027.3775
0.0 10.0 -7.5 12.5 355329728.16400003
0.0 -5.0 -5.0 12.5 9999999978.586401
0.0 -2.5 -5.0 12.5 10000000047.760801
0.0 0.0 -5.0 12.5 191162449.4055
0.0 2.5 -5.0 12.5 9999999941.8911
0.0 5.0 -5.0 12.5 4668922143.6553
0.0 7.5 -5.0 12.5 1295286851.7766001
0.0 10.0 -5.0 12.5 165845952.4642
0.0 -5.0 -2.5 12.5 955168892.6381
0.0 -2.5 -2.5 12.5 10000000047.717001
0.0 0.0 -2.5 12.5 10000000172.843801
0.0 2.5 -2.5 12.5 9999999946.9109
0.0 5.0 -2.5 12.5 9999999961.9932
0.0 7.5 -2.5 12.5 7135050889.5243
0.0 -5.0 0.0 12.5 2827647.5132000004
0.0 -2.5 0.0 12.5 10000000000.0508
0.0 0.0 0.0 12.5 225077564.6385
0.0 2.5 0.0 12.5 2888132715.7423997
0.0 5.0 0.0 12.5 9999999876.831902
0.0 -2.5 2.5 12.5 210624.8305
0.0 0.0 2.5 12.5 1752789.8413
0.0 2.5 2.5 12.5 4519264.0323
0.0 5.0 2.5 12.5 9999999967.351702
0.0 7.5 2.5 12.5 6411352180.6551
0.0 10.0 2.5 12.5 39514183.6864
0.0 -5.0 5.0 12.5 1383.9000999999998
0.0 -2.5 5.0 12.5 8844.6301
0.0 0.0 5.0 12.5 238729.9903
0.0 2.5 5.0 12.5 19425870.1411
0.0 5.0 5.0 12.5 53227806.243999995
0.0 7.5 5.0 12.5 1627964260.7451
0.0 10.0 5.0 12.5 9999999950.979801
0.0 0.0 -10.0 13.75 20.2357
0.0 2.5 -10.0 13.75 3.552199999999999
0.0 5.0 -10.0 13.75 321426.1419
0.0 7.5 -10.0 13.75 19738.9619
0.0 10.0 -10.0 13.75 53.692400000000006
0.0 -2.5 -7.5 13.75 408631630.0567
0.0 0.0 -7.5 13.75 104595.9123
0.0 2.5 -7.5 13.75 82757824.962
0.0 5.0 -7.5 13.75 10000000008.979801
0.0 7.5 -7.5 13.75 89074825.5182
0.0 10.0 -7.5 13.75 10800230.8703
0.0 -5.0 -5.0 13.75 7290754.875399999
0.0 -2.5 -5.0 13.75 7425998857.0
0.0 0.0 -5.0 13.75 9999999961.2882
0.0 2.5 -5.0 13.75 10000000021.016
0.0 5.0 -5.0 13.75 6504378949.0055
0.0 7.5 -5.0 13.75 453640022.4698
0.0 10.0 -5.0 13.75 562099878.9477
0.0 -5.0 -2.5 13.75 934615616.0673
0.0 -2.5 -2.5 13.75 10000000028.534601
0.0 0.0 -2.5 13.75 10000000011.5741
0.0 2.5 -2.5 13.75 10000000098.1755
0.0 5.0 -2.5 13.75 581172444.3859
0.0 7.5 -2.5 13.75 10000000026.566101
0.0 -5.0 0.0 13.75 782473430.9065
0.0 -2.5 0.0 13.75 9999999967.096601
0.0 0.0 0.0 13.75 3156471898.7258997
0.0 2.5 0.0 13.75 569503973.3657
0.0 5.0 0.0 13.75 9999999946.1706
0.0 7.5 0.0 13.75 1800052921.6142
0.0 -5.0 2.5 13.75 265.8212
0.0 -2.5 2.5 13.75 1088.6587
0.0 0.0 2.5 13.75 1781.545
0.0 2.5 2.5 13.75 1130775884.8449998
0.0 5.0 2.5 13.75 8130816.442
0.0 7.5 2.5 13.75 3146426620.7957
0.0 10.0 2.5 13.75 9999999952.3132
0.0 -5.0 5.0 13.75 -4.973
0.0 -2.5 5.0 13.75 168.9327
0.0 0.0 5.0 13.75 534.8066
0.0 2.5 5.0 13.75 20393433.8307
0.0 5.0 5.0 13.75 3470785115.5236
0.0 7.5 5.0 13.75 324489074.9119
0.0 10.0 5.0 13.75 1918857.101
0.0 -5.0 -10.0 15.0 22.0654
0.0 -2.5 -10.0 15.0 28.199199999999998
0.0 0.0 -10.0 15.0 12.021
0.0 2.5 -10.0 15.0 -4.1922999999999995
0.0 5.0 -10.0 15.0 56.0549
0.0 7.5 -10.0 15.0 265.563
0.0 10.0 -10.0 15.0 62.134100000000004
0.0 -5.0 -7.5 15.0 433165.58229999995
0.0 -2.5 -7.5 15.0 425950889.6586
0.0 0.0 -7.5 15.0 1972836.5802
0.0 2.5 -7.5 15.0 2273.796
0.0 5.0 -7.5 15.0 20639353.380000003
0.0 7.5 -7.5 15.0 15113.5721
0.0 10.0 -7.5 15.0 375345.6955
0.0 -5.0 -5.0 15.0 29927063.0119
0.0 -2.5 -5.0 15.0 9999999999.7849
0.0 0.0 -5.0 15.0 8628249.1515
0.0 2.5 -5.0 15.0 9999999901.962
0.0 5.0 -5.0 15.0 31719064.2461
0.0 7.5 -5.0 15.0 602325227.4962
0.0 10.0 -5.0 15.0 149892872.0755
0.0 -5.0 -2.5 15.0 7720436.316000001
0.0 -2.5 -2.5 15.0 9999999984.3362
0.0 0.0 -2.5 15.0 534713412.6333
0.0 2.5 -2.5 15.0 10000000023.3227
0.0 5.0 -2.5 15.0 10000000015.814201
0.0 7.5 -2.5 15.0 177140532.7558
0.0 10.0 -2.5 15.0 997579024.388
0.0 -5.0 0.0 15.0 300383.79120000004
0.0 -2.5 0.0 15.0 18649995.3397
0.0 0.0 0.0 15.0 9999999987.901201
0.0 2.5 0.0 15.0 34707040.3248
0.0 5.0 0.0 15.0 8849796434.0914
0.0 7.5 0.0 15.0 9999999984.6212
0.0 10.0 0.0 15.0 153181.63679999998
0.0 -5.0 2.5 15.0 7.504499999999999
0.0 -2.5 2.5 15.0 1112.3082
0.0 0.0 2.5 15.0 32.0364
0.0 2.5 2.5 15.0 162364895.2445
0.0 5.0 2.5 15.0 10000000161.0252
0.0 7.5 2.5 15.0 9999999949.383202
0.0 10.0 2.5 15.0 388026.61919999996
0.0 -5.0 5.0 15.0 -5.0390999999999995
0.0 -2.5 5.0 15.0 -8.6098
0.0 0.0 5.0 15.0 -11.4193
0.0 2.5 5.0 15.0 1418.0428000000002
0.0 5.0 5.0 15.0 87301901.03570001
0.0 7.5 5.0 15.0 40226084.0931
0.0 10.0 5.0 15.0 9999999984.584002
0.0 -5.0 -10.0 16.25 14.544500000000001
0.0 -2.5 -10.0 16.25 14.316199999999998
0.0 0.0 -10.0 16.25 7.5386999999999995
0.0 2.5 -10.0 16.25 -8.908100000000001
0.0 5.0 -10.0 16.25 -23.5886
0.0 7.5 -10.0 16.25 -15.3756
0.0 10.0 -10.0 16.25 15.0883
0.0 -5.0 -7.5 16.25 1239.8138000000001
0.0 -2.5 -7.5 16.25 3759.0485
0.0 0.0 -7.5 16.25 29778.7671
0.0 2.5 -7.5 16.25 655.5246
0.0 5.0 -7.5 16.25 398185.3711
0.0 7.5 -7.5 16.25 18288.6557
0.0 10.0 -7.5 16.25 1418.2703
0.0 -5.0 -5.0 16.25 9508.429199999999
0.0 -2.5 -5.0 16.25 200967.2961
0.0 0.0 -5.0 16.25 19626728.8015
0.0 2.5 -5.0 16.25 249077830.5703
0.0 5.0 -5.0 16.25 109388821.4516
0.0 7.5 -5.0 16.25 47344868.2448
0.0 10.0 -5.0 16.25 2291258.2216999996
0.0 -5.0 -2.5 16.25 1018.1813
0.0 -2.5 -2.5 16.25 612809.8463
0.0 0.0 -2.5 16.25 1794005242.5363
0.0 2.5 -2.5 16.25 68222549.3368
0.0 5.0 -2.5 16.25 9999999958.0778
0.0 7.5 -2.5 16.25 243015427.67790002
0.0 10.0 -2.5 16.25 1311190982.915
0.0 -5.0 0.0 16.25 24.108999999999998
0.0 -2.5 0.0 16.25 43883.0662
0.0 0.0 0.0 16.25 108077940.0065
0.0 2.5 0.0 16.25 433007.4568
0.0 5.0 0.0 16.25 5424821034.8615
0.0 7.5 0.0 16.25 406808481.9557
0.0 10.0 0.0 16.25 10000000042.835001
0.0 -5.0 2.5 16.25 -2.881
0.0 -2.5 2.5 16.25 -1.8900000000000001
0.0 0.0 2.5 16.25 -0.8707000000000003
0.0 2.5 2.5 16.25 76.80930000000001
0.0 5.0 2.5 16.25 208599.1036
0.0 7.5 2.5 16.25 2036676.8591
0.0 10.0 2.5 16.25 56.046899999999994
0.0 -5.0 5.0 16.25 -3.1212
0.0 -2.5 5.0 16.25 -5.2403
0.0 0.0 5.0 16.25 -7.5739
0.0 2.5 5.0 16.25 2853.6805999999997
0.0 5.0 5.0 16.25 31972628.331100002
0.0 7.5 5.0 16.25 12035.5378
0.0 10.0 5.0 16.25 96.93839999999999
60.0 -5.0 -10.0 3.75 9999999940.643002
60.0 -2.5 -10.0 3.75 9999999905.961
60.0 0.0 -10.0 3.75 10000000269.497301
60.0 2.5 -10.0 3.75 9999999939.442501
60.0 5.0 -10.0 3.75 9999999940.1466
60.0 7.5 -10.0 3.75 65423599.1703
60.0 10.0 -10.0 3.75 2233650221.7389
60.0 -5.0 -7.5 3.75 9999999937.264502
60.0 -2.5 -7.5 3.75 10000000166.0069
60.0 0.0 -7.5 3.75 10000000128.1501
60.0 2.5 -7.5 3.75 9999999933.738901
60.0 5.0 -7.5 3.75 9999999926.3978
60.0 7.5 -7.5 3.75 163264998.3407
60.0 10.0 -7.5 3.75 354614.31
60.0 -5.0 -5.0 3.75 10000000001.2112
60.0 -2.5 -5.0 3.75 9999999845.068901
60.0 0.0 -5.0 3.75 9999999995.211601
60.0 2.5 -5.0 3.75 9999999685.883701
60.0 5.0 -5.0 3.75 9999999913.731602
60.0 7.5 -5.0 3.75 9999999700.416601
60.0 10.0 -5.0 3.75 1562713217.6384
60.0 -5.0 -2.5 3.75 398809398.9946
60.0 -2.5 -2.5 3.75 9999999744.8553
60.0 0.0 -2.5 3.75 10000000007.693
60.0 2.5 -2.5 3.75 9999999726.6179
60.0 5.0 -2.5 3.75 9999999856.6846
60.0 7.5 -2.5 3.75 2352218380.0656
60.0 10.0 -2.5 3.75 9999999965.9004
60.0 -5.0 0.0 3.75 2280521111.7355003
60.0 -2.5 0.0 3.75 9999999719.671001
60.0 0.0 0.0 3.75 9999999727.867
60.0 2.5 0.0 3.75 9999999999.234201
60.0 5.0 0.0 3.75 9999999878.4694
60.0 7.5 0.0 3.75 6042067167.119101
60.0 10.0 0.0 3.75 10000000038.006
60.0 -5.0 2.5 3.75 9999999984.077501
60.0 -2.5 2.5 3.75 9999999653.693
60.0 0.0 2.5 3.75 745996404.6372
60.0 2.5 2.5 3.75 9999999898.721
60.0 5.0 2.5 3.75 10000000047.688501
60.0 7.5 2.5 3.75 15318627.0859
60.0 10.0 2.5 3.75 10000000074.0522
60.0 -5.0 5.0 3.75 7105465.392600001
60.0 -2.5 5.0 3.75 9335582.3102
60.0 0.0 5.0 3.75 143556158.4998
60.0 2.5 5.0 3.75 10000000068.8124
60.0 5.0 5.0 3.75 49483200.787200004
60.0 7.5 5.0 3.75 399597.78620000003
60.0 10.0 5.0 3.75 7464955154.4551
60.0 2.5 -2.5 5.0 9999999696.5506
60.0 0.0 0.0 5.0 894546476.3883
60.0 0.0 2.5 5.0 1292000826.0592
60.0 2.5 -2.5 6.25 9999999922.749102
60.0 0.0 0.0 6.25 8044104909.9481
60.0 0.0 2.5 6.25 9999999968.343102
60.0 0.0 5.0 6.25 2081781943.2161
60.0 2.5 -5.0 7.5 10000000241.1497
60.0 2.5 -2.5 7.5 3083256602.3586
60.0 5.0 -2.5 7.5 9999999838.9598
60.0 -2.5 0.0 7.5 9999999924.1466
60.0 0.0 0.0 7.5 681074296.8663
60.0 2.5 0.0 7.5 9999999841.4058
60.0 0.0 2.5 7.5 10000000314.699902
60.0 0.0 5.0 7.5 10000000031.121801
60.0 2.5 -7.5 8.75 9999999977.5032
60.0 2.5 -5.0 8.75 10000000102.9507
60.0 5.0 -5.0 8.75 10000000396.831701
60.0 0.0 -2.5 8.75 1207680813.9427998
60.0 2.5 -2.5 8.75 10000000036.9221
60.0 -2.5 0.0 8.75 9999999987.7208
60.0 0.0 0.0 8.75 2000761621.1852
60.0 2.5 0.0 8.75 10000000111.935902
60.0 -2.5 2.5 8.75 166349508.13279998
60.0 0.0 2.5 8.75 1650756567.8256998
60.0 0.0 5.0 8.75 10000000013.6473
60.0 5.0 -10.0 10.0 7207165656.5873
60.0 2.5 -7.5 10.0 1187442169.2108
60.0 5.0 -7.5 10.0 10000000104.9263
60.0 7.5 -7.5 10.0 1794065196.3135
60.0 0.0 -5.0 10.0 9999999998.134401
60.0 2.5 -5.0 10.0 10000000256.350302
60.0 5.0 -5.0 10.0 10000000022.2327
60.0 -2.5 -2.5 10.0 327699494.2558
60.0 0.0 -2.5 10.0 10000000138.1471
60.0 2.5 -2.5 10.0 10000000347.2766
60.0 5.0 -2.5 10.0 3284336889.2592
60.0 7.5 -2.5 10.0 9999999987.5561
60.0 -2.5 0.0 10.0 10000000239.033901
60.0 0.0 0.0 10.0 10000000023.7236
60.0 2.5 0.0 10.0 587419824.3811
60.0 -2.5 2.5 10.0 10000000052.103601
60.0 0.0 2.5 10.0 10000000157.529001
60.0 2.5 2.5 10.0 854330231.8928
60.0 -2.5 5.0 10.0 9999999990.046202
60.0 0.0 5.0 10.0 411006827.1989
60.0 2.5 5.0 10.0 179155740.4311
60.0 2.5 -10.0 11.25 8448604772.606
60.0 5.0 -10.0 11.25 2392760.0553
60.0 10.0 -10.0 11.25 -20.2515
60.0 0.0 -7.5 11.25 57443129.2093
60.0 2.5 -7.5 11.25 10000000110.440601
60.0 5.0 -7.5 11.25 72295961.3534
60.0 7.5 -7.5 11.25 92190.4446
60.0 0.0 -5.0 11.25 9999999970.6979
60.0 2.5 -5.0 11.25 10000000036.5279
60.0 5.0 -5.0 11.25 9999999898.495401
60.0 -2.5 -2.5 11.25 254553876.82939997
60.0 0.0 -2.5 11.25 9999999970.1601
60.0 2.5 -2.5 11.25 10000000119.276901
60.0 5.0 -2.5 11.25 10000000094.5746
60.0 7.5 -2.5 11.25 9999999953.038101
60.0 -5.0 0.0 11.25 700692922.285
60.0 -2.5 0.0 11.25 10000000056.383902
60.0 0.0 0.0 11.25 10000000044.9995
60.0 2.5 0.0 11.25 9999999975.2469
60.0 5.0 0.0 11.25 563544725.6397
60.0 -5.0 2.5 11.25 9999999770.298302
60.0 -2.5 2.5 11.25 9999999973.3873
60.0 0.0 2.5 11.25 10000000024.230902
60.0 2.5 2.5 11.25 10000000113.8801
60.0 5.0 2.5 11.25 2106645895.3775
60.0 -2.5 5.0 11.25 9999999992.086601
60.0 0.0 5.0 11.25 851685237.3374
60.0 2.5 5.0 11.25 323028855.6605
60.0 5.0 5.0 11.25 75718.0496
60.0 7.5 5.0 11.25 53711.3346
60.0 -2.5 -10.0 12.5 175087288.7214
60.0 0.0 -10.0 12.5 251113494.6293
60.0 2.5 -10.0 12.5 957583293.4829999
60.0 5.0 -10.0 12.5 76487177.1171
60.0 7.5 -10.0 12.5 310.5767
60.0 10.0 -10.0 12.5 -8.5564
60.0 0.0 -7.5 12.5 229917460.4405
60.0 2.5 -7.5 12.5 10000000183.661901
60.0 5.0 -7.5 12.5 10000000074.884901
60.0 7.5 -7.5 12.5 9999999989.711601
60.0 10.0 -7.5 12.5 773739.054
60.0 -2.5 -5.0 12.5 9408451383.1401
60.0 0.0 -5.0 12.5 2872647418.1469
60.0 2.5 -5.0 12.5 10000000026.9157
60.0 5.0 -5.0 12.5 10000000048.6713
60.0 7.5 -5.0 12.5 2504973980.8735
60.0 -5.0 -2.5 12.5 10000000025.834301
60.0 -2.5 -2.5 12.5 28326800.2537
60.0 0.0 -2.5 12.5 98348730.6684
60.0 2.5 -2.5 12.5 10000000256.6867
60.0 5.0 -2.5 12.5 63600559.461
60.0 7.5 -2.5 12.5 653681440.4921
60.0 -5.0 0.0 12.5 10000000026.3001
60.0 -2.5 0.0 12.5 759125859.9337
60.0 0.0 0.0 12.5 9999999943.2914
60.0 2.5 0.0 12.5 10000000008.7014
60.0 5.0 0.0 12.5 214054530.6021
60.0 -5.0 2.5 12.5 190877790.6014
60.0 -2.5 2.5 12.5 50401430.3012
60.0 0.0 2.5 12.5 6111422681.3669
60.0 2.5 2.5 12.5 4442553780.3239
60.0 5.0 2.5 12.5 4115885775.3206
60.0 7.5 2.5 12.5 9999999974.7812
60.0 -5.0 5.0 12.5 471477.30329999997
60.0 -2.5 5.0 12.5 189999.9732
60.0 0.0 5.0 12.5 647859716.5329
60.0 2.5 5.0 12.5 9999999903.232
60.0 5.0 5.0 12.5 1775556.3529
60.0 7.5 5.0 12.5 41441.0423
60.0 10.0 5.0 12.5 61260.346
60.0 -2.5 -10.0 13.75 297.6793
60.0 0.0 -10.0 13.75 10000000024.524801
60.0 2.5 -10.0 13.75 568401930.3088
60.0 5.0 -10.0 13.75 61985996.842499994
60.0 7.5 -10.0 13.75 105.0846
60.0 10.0 -10.0 13.75 -2.7609000000000004
60.0 0.0 -7.5 13.75 630634459.3781
60.0 2.5 -7.5 13.75 10000000025.2945
60.0 5.0 -7.5 13.75 301982.58150000003
60.0 7.5 -7.5 13.75 1819610.143
60.0 10.0 -7.5 13.75 14240346.5137
60.0 -2.5 -5.0 13.75 1107691.1734
60.0 0.0 -5.0 13.75 10000000030.776402
60.0 2.5 -5.0 13.75 2927427323.4225
60.0 5.0 -5.0 13.75 10000000030.9824
60.0 7.5 -5.0 13.75 9105467914.6241
60.0 10.0 -5.0 13.75 34770011.8171
60.0 -5.0 -2.5 13.75 9999999989.131802
60.0 -2.5 -2.5 13.75 2993565829.6384997
60.0 0.0 -2.5 13.75 2348506.3183999998
60.0 2.5 -2.5 13.75 9999999993.461
60.0 5.0 -2.5 13.75 10000000066.4143
60.0 7.5 -2.5 13.75 7420068339.2472
60.0 -5.0 0.0 13.75 10000000032.460901
60.0 -2.5 0.0 13.75 41700686.093899995
60.0 0.0 0.0 13.75 3839120073.499
60.0 2.5 0.0 13.75 9999999965.217001
60.0 5.0 0.0 13.75 10000000048.715
60.0 -5.0 2.5 13.75 126918.42719999999
60.0 -2.5 2.5 13.75 51005.1087
60.0 0.0 2.5 13.75 4905153450.355599
60.0 2.5 2.5 13.75 5298962524.8664
60.0 5.0 2.5 13.75 9999999971.0137
60.0 7.5 2.5 13.75 52890991.3835
60.0 -5.0 5.0 13.75 33.0331
60.0 -2.5 5.0 13.75 7791.4559
60.0 0.0 5.0 13.75 9999999956.922201
60.0 2.5 5.0 13.75 24168862.2561
60.0 5.0 5.0 13.75 1622.1444
60.0 7.5 5.0 13.75 6690.9156
60.0 10.0 5.0 13.75 97282.75
60.0 -5.0 -10.0 15.0 5.5031
60.0 -2.5 -10.0 15.0 17.9314
60.0 0.0 -10.0 15.0 370660.29459999996
60.0 2.5 -10.0 15.0 7748805197.4234
60.0 5.0 -10.0 15.0 21407762.1408
60.0 7.5 -10.0 15.0 111.1532
60.0 10.0 -10.0 15.0 -0.7296
60.0 -5.0 -7.5 15.0 19.6755
60.0 -2.5 -7.5 15.0 812.2586
60.0 0.0 -7.5 15.0 7363.2723000000005
60.0 2.5 -7.5 15.0 29670788.232699998
60.0 5.0 -7.5 15.0 360607419.4059
60.0 7.5 -7.5 15.0 54262.3099
60.0 10.0 -7.5 15.0 667.4561
60.0 -5.0 -5.0 15.0 190.756
60.0 -2.5 -5.0 15.0 44368.2859
60.0 0.0 -5.0 15.0 6515476.9584
60.0 2.5 -5.0 15.0 6699791.0443
60.0 5.0 -5.0 15.0 9999999967.8365
60.0 7.5 -5.0 15.0 96043552.2421
60.0 10.0 -5.0 15.0 22044.4471
60.0 -5.0 -2.5 15.0 3138394.4945
60.0 -2.5 -2.5 15.0 227871187.1708
60.0 0.0 -2.5 15.0 341385995.8757
60.0 2.5 -2.5 15.0 10000000041.4771
60.0 5.0 -2.5 15.0 9999999865.712801
60.0 7.5 -2.5 15.0 1120528.5644
60.0 10.0 -2.5 15.0 755743621.6811
60.0 -5.0 0.0 15.0 3119806.3809
60.0 -2.5 0.0 15.0 9999999994.3971
60.0 0.0 0.0 15.0 10000000001.937801
60.0 2.5 0.0 15.0 10000000003.418402
60.0 5.0 0.0 15.0 10000000004.919601
60.0 7.5 0.0 15.0 9999999951.701302
60.0 -5.0 2.5 15.0 11628.3065
60.0 -2.5 2.5 15.0 479211.7448
60.0 0.0 2.5 15.0 66552543.915599994
60.0 2.5 2.5 15.0 9999999996.0116
60.0 5.0 2.5 15.0 9999999994.927
60.0 7.5 2.5 15.0 4112491241.4835997
60.0 10.0 2.5 15.0 6797284769.6346
60.0 -5.0 5.0 15.0 -0.016300000000000203
60.0 -2.5 5.0 15.0 20.6822
60.0 0.0 5.0 15.0 9999999982.3024
60.0 2.5 5.0 15.0 422628.6883
60.0 5.0 5.0 15.0 284.6224
60.0 7.5 5.0 15.0 1020.1302000000001
60.0 10.0 5.0 15.0 2325.4067
60.0 -5.0 -10.0 16.25 4.1845
60.0 -2.5 -10.0 16.25 11.6755
60.0 0.0 -10.0 16.25 16.5034
60.0 2.5 -10.0 16.25 5175.3897
60.0 5.0 -10.0 16.25 2518.6893
60.0 7.5 -10.0 16.25 6.8766
60.0 10.0 -10.0 16.25 -1.0686
60.0 -5.0 -7.5 16.25 1.6296999999999997
60.0 -2.5 -7.5 16.25 6.805300000000001
60.0 0.0 -7.5 16.25 10.5124
60.0 2.5 -7.5 16.25 3343.8789
60.0 5.0 -7.5 16.25 62831869.354100004
60.0 7.5 -7.5 16.25 67614.8782
60.0 10.0 -7.5 16.25 1.4189
60.0 -5.0 -5.0 16.25 0.8878000000000001
60.0 -2.5 -5.0 16.25 166.0402
60.0 0.0 -5.0 16.25 261.717
60.0 2.5 -5.0 16.25 554035.1068
60.0 5.0 -5.0 16.25 191152194.4788
60.0 7.5 -5.0 16.25 9999999960.4897
60.0 10.0 -5.0 16.25 21.629
60.0 -5.0 -2.5 16.25 77789.8378
60.0 -2.5 -2.5 16.25 247901064.2042
60.0 0.0 -2.5 16.25 129463704.36250001
60.0 2.5 -2.5 16.25 9999999933.1378
60.0 5.0 -2.5 16.25 308318582.7075
60.0 7.5 -2.5 16.25 5269116.1909
60.0 10.0 -2.5 16.25 10330353.1431
60.0 -5.0 0.0 16.25 58950.7972
60.0 -2.5 0.0 16.25 82191379.8095
60.0 0.0 0.0 16.25 33835165.3503
60.0 2.5 0.0 16.25 9999999918.1159
60.0 5.0 0.0 16.25 9999999930.099901
60.0 7.5 0.0 16.25 51552939.569299996
60.0 10.0 0.0 16.25 3006983195.3203
60.0 -5.0 2.5 16.25 111.6436
60.0 -2.5 2.5 16.25 56285.624599999996
60.0 0.0 2.5 16.25 14737.7655
60.0 2.5 2.5 16.25 437631.8682
60.0 5.0 2.5 16.25 9999999867.5144
60.0 7.5 2.5 16.25 424589985.81100005
60.0 10.0 2.5 16.25 45508035.6087
60.0 -5.0 5.0 16.25 0.7476000000000003
60.0 -2.5 5.0 16.25 -5.988300000000001
60.0 0.0 5.0 16.25 28711.9205
60.0 2.5 5.0 16.25 135.31810000000002
60.0 5.0 5.0 16.25 73.9065
60.0 7.5 5.0 16.25 2406.2644
60.0 10.0 5.0 16.25 3888.7426
120.0 -5.0 -10.0 3.75 924361864.3921
120.0 -2.5 -10.0 3.75 1070629243.373
120.0 0.0 -10.0 3.75 9999999980.062
120.0 2.5 -10.0 3.75 9999999978.558
120.0 5.0 -10.0 3.75 5523975557.9137
120.0 7.5 -10.0 3.75 459615233.3805
120.0 10.0 -10.0 3.75 173567826.2111
120.0 -5.0 -7.5 3.75 3295294232.9386997
120.0 -2.5 -7.5 3.75 10000000074.9067
120.0 0.0 -7.5 3.75 10000000040.5415
120.0 2.5 -7.5 3.75 10000000000.8848
120.0 5.0 -7.5 3.75 9999999993.989302
120.0 7.5 -7.5 3.75 7423078336.7406
120.0 10.0 -7.5 3.75 9819149216.4358
120.0 -5.0 -5.0 3.75 9999999989.107801
120.0 -2.5 -5.0 3.75 9999999785.763601
120.0 0.0 -5.0 3.75 10000000033.8481
120.0 2.5 -5.0 3.75 10000000131.9402
120.0 5.0 -5.0 3.75 9999999658.8896
120.0 7.5 -5.0 3.75 9999999724.3428
120.0 10.0 -5.0 3.75 1078650577.5691
120.0 -5.0 -2.5 3.75 10000000086.7366
120.0 -2.5 -2.5 3.75 8356579262.1541
120.0 0.0 -2.5 3.75 9999999975.5701
120.0 2.5 -2.5 3.75 509482604.54580003
120.0 5.0 -2.5 3.75 10000000108.096802
120.0 7.5 -2.5 3.75 9999999897.4025
120.0 10.0 -2.5 3.75 10000000112.690802
120.0 -5.0 0.0 3.75 1873590133.3481
120.0 -2.5 0.0 3.75 10000000098.6615
120.0 0.0 0.0 3.75 9999999977.7183
120.0 2.5 0.0 3.75 9999999980.7282
120.0 5.0 0.0 3.75 8326533154.0234
120.0 7.5 0.0 3.75 78733715.1625
120.0 10.0 0.0 3.75 9999999978.3941
120.0 -5.0 2.5 3.75 4398722.4951
120.0 -2.5 2.5 3.75 10000000050.929
120.0 0.0 2.5 3.75 10000000049.8448
120.0 2.5 2.5 3.75 1244695873.478
120.0 5.0 2.5 3.75 9999999974.8883
120.0 7.5 2.5 3.75 448442299.1936
120.0 10.0 2.5 3.75 10000000056.823301
120.0 -5.0 5.0 3.75 7809.224
120.0 -2.5 5.0 3.75 135629315.79230002
120.0 0.0 5.0 3.75 368122276.09120005
120.0 2.5 5.0 3.75 10000000225.5895
120.0 5.0 5.0 3.75 1307119278.1239
120.0 7.5 5.0 3.75 330643344.7072
120.0 10.0 5.0 3.75 62776908.893300004
120.0 -2.5 5.0 5.0 409877.5761
120.0 -2.5 2.5 6.25 50755058.9673
120.0 -2.5 5.0 6.25 3280691.3466999996
120.0 2.5 -7.5 7.5 9999999838.467402
120.0 0.0 -5.0 7.5 10000000056.4755
120.0 -2.5 0.0 7.5 10000000091.378
120.0 -2.5 2.5 7.5 271665134.4189
120.0 0.0 2.5 7.5 9999999958.630001
120.0 -2.5 5.0 7.5 9999999929.3435
120.0 0.0 5.0 7.5 548579016.3946
120.0 2.5 -7.5 8.75 9999999845.572102
120.0 5.0 -7.5 8.75 9999999468.252401
120.0 0.0 -5.0 8.75 9999999729.864101
120.0 0.0 0.0 8.75 2493600441.1676
120.0 -2.5 2.5 8.75 460173377.3706
120.0 0.0 2.5 8.75 2441748118.8444
120.0 -5.0 5.0 8.75 1975051662.1129
120.0 -2.5 5.0 8.75 9999999940.9946
120.0 0.0 5.0 8.75 1863279145.3163
120.0 2.5 5.0 8.75 10000000028.9874
120.0 2.5 -10.0 10.0 10000000066.031801
120.0 2.5 -7.5 10.0 2350042916.3181
120.0 5.0 -7.5 10.0 9999999919.5925
120.0 7.5 -7.5 10.0 3531755544.6118
120.0 -2.5 -5.0 10.0 4469914194.7123
120.0 0.0 -5.0 10.0 10000000415.7453
120.0 2.5 -5.0 10.0 10000000027.317701
120.0 0.0 -2.5 10.0 9999999975.725
120.0 0.0 0.0 10.0 10000000033.935501
120.0 2.5 0.0 10.0 10000000005.4176
120.0 -5.0 2.5 10.0 9999999996.364
120.0 -2.5 2.5 10.0 593838236.0376
120.0 0.0 2.5 10.0 9999999603.978601
120.0 2.5 2.5 10.0 10000000155.6352
120.0 -5.0 5.0 10.0 874597236.829
120.0 -2.5 5.0 10.0 36162863.6368
120.0 0.0 5.0 10.0 844458618.2998
120.0 2.5 5.0 10.0 9999999896.2243
120.0 5.0 5.0 10.0 9999999971.449202
120.0 2.5 -10.0 11.25 72319819.1698
120.0 5.0 -10.0 11.25 2938919606.2712
120.0 10.0 -10.0 11.25 9999999968.5168
120.0 -2.5 -7.5 11.25 67503898.681
120.0 0.0 -7.5 11.25 56782693.636199996
120.0 2.5 -7.5 11.25 8291069.8603
120.0 5.0 -7.5 11.25 142079629.0856
120.0 7.5 -7.5 11.25 6483964294.4071
120.0 -2.5 -5.0 11.25 10000000350.4041
120.0 0.0 -5.0 11.25 10000000112.8433
120.0 2.5 -5.0 11.25 10000000033.606602
120.0 5.0 -5.0 11.25 606959054.0098001
120.0 7.5 -5.0 11.25 9999999953.6343
120.0 0.0 -2.5 11.25 10000000148.625
120.0 2.5 -2.5 11.25 10000000015.1336
120.0 -5.0 0.0 11.25 160677759.02929997
120.0 -2.5 0.0 11.25 4942545928.5621
120.0 0.0 0.0 11.25 10000000358.899601
120.0 2.5 0.0 11.25 9999999978.3187
120.0 -5.0 2.5 11.25 165781719.18559998
120.0 -2.5 2.5 11.25 9999999957.9419
120.0 0.0 2.5 11.25 1056462264.5562999
120.0 2.5 2.5 11.25 10000000085.752602
120.0 -5.0 5.0 11.25 6942902.4474
120.0 -2.5 5.0 11.25 9573299832.899
120.0 0.0 5.0 11.25 9999999857.913301
120.0 2.5 5.0 11.25 541432425.5963999
120.0 5.0 5.0 11.25 43949907.219799995
120.0 7.5 5.0 11.25 340287.8934
120.0 -5.0 -10.0 12.5 93.6356
120.0 -2.5 -10.0 12.5 158.99439999999998
120.0 0.0 -10.0 12.5 225.7034
120.0 2.5 -10.0 12.5 4618.409900000001
120.0 5.0 -10.0 12.5 26504.0907
120.0 7.5 -10.0 12.5 4340730628.714001
120.0 10.0 -10.0 12.5 7215125252.317101
120.0 -2.5 -7.5 12.5 582520414.9027
120.0 0.0 -7.5 12.5 165192116.9792
120.0 2.5 -7.5 12.5 5344168.5848
120.0 5.0 -7.5 12.5 10000000077.3827
120.0 7.5 -7.5 12.5 186115092.323
120.0 10.0 -7.5 12.5 10000000059.4333
120.0 -2.5 -5.0 12.5 9999999921.4556
120.0 0.0 -5.0 12.5 1759881378.6721
120.0 2.5 -5.0 12.5 10000000070.5727
120.0 5.0 -5.0 12.5 10000000129.3861
120.0 -5.0 -2.5 12.5 9999999991.9391
120.0 -2.5 -2.5 12.5 9999999991.5946
120.0 0.0 -2.5 12.5 5970645444.7837
120.0 2.5 -2.5 12.5 10000000094.8589
120.0 5.0 -2.5 12.5 10000000107.209501
120.0 -5.0 0.0 12.5 9999999971.4342
120.0 -2.5 0.0 12.5 10000000066.624802
120.0 0.0 0.0 12.5 992888925.5686
120.0 2.5 0.0 12.5 821443690.045
120.0 5.0 0.0 12.5 9999999956.1012
120.0 -5.0 2.5 12.5 9999999962.7448
120.0 -2.5 2.5 12.5 913278972.9683
120.0 0.0 2.5 12.5 6049185.1175
120.0 2.5 2.5 12.5 150401917.6153
120.0 5.0 2.5 12.5 407214183.94020003
120.0 -5.0 5.0 12.5 193395413.20970002
120.0 -2.5 5.0 12.5 9999999972.5631
120.0 0.0 5.0 12.5 9999999954.1418
120.0 2.5 5.0 12.5 9999999978.372301
120.0 5.0 5.0 12.5 9999999938.17
120.0 7.5 5.0 12.5 4290785.586599999
120.0 -5.0 -10.0 13.75 43.898799999999994
120.0 -2.5 -10.0 13.75 62.417199999999994
120.0 0.0 -10.0 13.75 34.676899999999996
120.0 2.5 -10.0 13.75 7.365200000000001
120.0 5.0 -10.0 13.75 4.0389
120.0 7.5 -10.0 13.75 34759.9172
120.0 10.0 -10.0 13.75 43456854.6615
120.0 -2.5 -7.5 13.75 1170.3939
120.0 0.0 -7.5 13.75 52217170.6879
120.0 2.5 -7.5 13.75 9135.6127
120.0 5.0 -7.5 13.75 6253901.7373
120.0 7.5 -7.5 13.75 167669.5468
120.0 10.0 -7.5 13.75 8325095.7188
120.0 -2.5 -5.0 13.75 10848663.4944
120.0 0.0 -5.0 13.75 10000000110.241402
120.0 2.5 -5.0 13.75 1277482278.7570002
120.0 5.0 -5.0 13.75 3045382650.2496
120.0 7.5 -5.0 13.75 6650080692.372001
120.0 10.0 -5.0 13.75 41320843.0342
120.0 -5.0 -2.5 13.75 11666186.245900001
120.0 -2.5 -2.5 13.75 10000000040.010601
120.0 0.0 -2.5 13.75 10000000118.974602
120.0 2.5 -2.5 13.75 10000000017.1839
120.0 5.0 -2.5 13.75 1788663585.6973
120.0 -5.0 0.0 13.75 36227166.624699995
120.0 -2.5 0.0 13.75 9999999964.430302
120.0 0.0 0.0 13.75 10000000092.5928
120.0 2.5 0.0 13.75 9584381987.181099
120.0 5.0 0.0 13.75 2948238911.9824
120.0 -5.0 2.5 13.75 182828.77130000002
120.0 -2.5 2.5 13.75 8599260.2074
120.0 0.0 2.5 13.75 9999999948.256601
120.0 2.5 2.5 13.75 140448175.5871
120.0 5.0 2.5 13.75 9999999984.6152
120.0 -5.0 5.0 13.75 234.32410000000002
120.0 -2.5 5.0 13.75 351206.4392
120.0 0.0 5.0 13.75 80901.54359999999
120.0 2.5 5.0 13.75 43779324.69140001
120.0 5.0 5.0 13.75 9999999992.848701
120.0 7.5 5.0 13.75 1682418996.864
120.0 -5.0 -10.0 15.0 30.6946
120.0 -2.5 -10.0 15.0 40.0998
120.0 0.0 -10.0 15.0 26.7371
120.0 2.5 -10.0 15.0 6.156300000000001
120.0 5.0 -10.0 15.0 -9.2027
120.0 7.5 -10.0 15.0 275.5395
120.0 10.0 -10.0 15.0 19979483.888899997
120.0 -5.0 -7.5 15.0 24.4026
120.0 -2.5 -7.5 15.0 51.1522
120.0 0.0 -7.5 15.0 66094.7904
120.0 2.5 -7.5 15.0 4988.4881
120.0 5.0 -7.5 15.0 5.855499999999999
120.0 7.5 -7.5 15.0 74478.5772
120.0 10.0 -7.5 15.0 6886558984.4129
120.0 -5.0 -5.0 15.0 119066697.3903
120.0 -2.5 -5.0 15.0 3247868.25
120.0 0.0 -5.0 15.0 259570598.6412
120.0 2.5 -5.0 15.0 93093.6985
120.0 5.0 -5.0 15.0 39832.2725
120.0 7.5 -5.0 15.0 30630089.5521
120.0 10.0 -5.0 15.0 2624082.5431000004
120.0 -5.0 -2.5 15.0 10000000012.668001
120.0 -2.5 -2.5 15.0 10000000027.437
120.0 0.0 -2.5 15.0 9999999956.0128
120.0 2.5 -2.5 15.0 9999999870.934301
120.0 5.0 -2.5 15.0 9951752.804000001
120.0 7.5 -2.5 15.0 9999999991.7665
120.0 10.0 -2.5 15.0 66827.84929999999
120.0 -5.0 0.0 15.0 9999999915.699202
120.0 -2.5 0.0 15.0 9999999961.001902
120.0 0.0 0.0 15.0 9999999785.513601
120.0 2.5 0.0 15.0 9999999864.2621
120.0 5.0 0.0 15.0 2203028511.8258
120.0 10.0 0.0 15.0 5607.549800000001
120.0 -5.0 2.5 15.0 9999999956.5118
120.0 -2.5 2.5 15.0 94669109.1925
120.0 0.0 2.5 15.0 606034.4131
120.0 2.5 2.5 15.0 9999999935.9782
120.0 5.0 2.5 15.0 10000000015.0491
120.0 7.5 2.5 15.0 986776.6676
120.0 -5.0 5.0 15.0 -9.9784
120.0 -2.5 5.0 15.0 129.5547
120.0 0.0 5.0 15.0 24.063200000000002
120.0 2.5 5.0 15.0 192370.8307
120.0 5.0 5.0 15.0 1047263.9138
120.0 7.5 5.0 15.0 416260.5719
120.0 10.0 5.0 15.0 23.0841
120.0 -5.0 -10.0 16.25 19.7224
120.0 -2.5 -10.0 16.25 25.8202
120.0 0.0 -10.0 16.25 18.5085
120.0 2.5 -10.0 16.25 4.1912
120.0 5.0 -10.0 16.25 -3.2169
120.0 7.5 -10.0 16.25 -2.5566
120.0 10.0 -10.0 16.25 27505.361699999998
120.0 -5.0 -7.5 16.25 15.198999999999998
120.0 -2.5 -7.5 16.25 19.2612
120.0 0.0 -7.5 16.25 170288.03519999998
120.0 2.5 -7.5 16.25 422.1738
120.0 5.0 -7.5 16.25 -9.675699999999999
120.0 7.5 -7.5 16.25 3946.5768000000003
120.0 10.0 -7.5 16.25 2086.2772
120.0 -5.0 -5.0 16.25 536.6818000000001
120.0 -2.5 -5.0 16.25 137531.1475
120.0 0.0 -5.0 16.25 235506.1907
120.0 2.5 -5.0 16.25 8262.3411
120.0 5.0 -5.0 16.25 13168.285100000001
120.0 7.5 -5.0 16.25 699097754.1489999
120.0 10.0 -5.0 16.25 40980684.442
120.0 -5.0 -2.5 16.25 9999999992.513102
120.0 -2.5 -2.5 16.25 262465106.7336
120.0 0.0 -2.5 16.25 39689058.5117
120.0 2.5 -2.5 16.25 9999999964.5016
120.0 5.0 -2.5 16.25 1781216995.9351
120.0 7.5 -2.5 16.25 10000000000.3178
120.0 10.0 -2.5 16.25 2259894.048
120.0 -5.0 0.0 16.25 9999999971.5895
120.0 -2.5 0.0 16.25 9999999949.916801
120.0 0.0 0.0 16.25 41568081.8837
120.0 2.5 0.0 16.25 825273196.15
120.0 5.0 0.0 16.25 1055758406.9259
120.0 7.5 0.0 16.25 1356092654.0958
120.0 10.0 0.0 16.25 2179.8066000000003
120.0 -5.0 2.5 16.25 30941.2532
120.0 -2.5 2.5 16.25 2700823.8347
120.0 0.0 2.5 16.25 19064.810299999997
120.0 2.5 2.5 16.25 1941367952.7473
120.0 5.0 2.5 16.25 7877483557.4637
120.0 7.5 2.5 16.25 6404375.416
120.0 10.0 2.5 16.25 -0.4266000000000001
120.0 -5.0 5.0 16.25 -7.1141000000000005
120.0 -2.5 5.0 16.25 -17.0678
120.0 0.0 5.0 16.25 -38.1732
120.0 2.5 5.0 16.25 48779258.9722
120.0 5.0 5.0 16.25 9999999927.015202
120.0 7.5 5.0 16.25 1511.2822999999999
120.0 10.0 5.0 16.25 -9.29
180.0 -5.0 -10.0 3.75 9999999992.507502
180.0 -2.5 -10.0 3.75 9999999969.106
180.0 0.0 -10.0 3.75 10000000038.496
180.0 2.5 -10.0 3.75 10000000042.8036
180.0 5.0 -10.0 3.75 5296252419.7743
180.0 7.5 -10.0 3.75 393.4319
180.0 10.0 -10.0 3.75 30.575300000000002
180.0 -5.0 -7.5 3.75 2531441445.8533
180.0 -2.5 -7.5 3.75 9999999960.0123
180.0 0.0 -7.5 3.75 9999999830.561901
180.0 2.5 -7.5 3.75 9999999922.3335
180.0 5.0 -7.5 3.75 965750630.9654
180.0 7.5 -7.5 3.75 131069452.47019999
180.0 10.0 -7.5 3.75 755199.7095
180.0 -5.0 -5.0 3.75 10000000114.3276
180.0 -2.5 -5.0 3.75 8509973267.6831
180.0 0.0 -5.0 3.75 9999999786.604502
180.0 2.5 -5.0 3.75 9999999380.718
180.0 5.0 -5.0 3.75 9999999948.1758
180.0 7.5 -5.0 3.75 9999999849.4605
180.0 10.0 -5.0 3.75 3528956824.6678
180.0 -5.0 -2.5 3.75 477664629.8232
180.0 -2.5 -2.5 3.75 10000000231.434101
180.0 0.0 -2.5 3.75 9999999830.451302
180.0 2.5 -2.5 3.75 1159256104.8893
180.0 5.0 -2.5 3.75 9999999937.666101
180.0 7.5 -2.5 3.75 835516514.9854
180.0 10.0 -2.5 3.75 4978080889.9921
180.0 -5.0 0.0 3.75 94438541.3795
180.0 -2.5 0.0 3.75 9999999900.570301
180.0 0.0 0.0 3.75 9999999952.379002
180.0 2.5 0.0 3.75 10000000139.9629
180.0 5.0 0.0 3.75 10000000041.757101
180.0 7.5 0.0 3.75 9999999895.3766
180.0 10.0 0.0 3.75 9999999760.4834
180.0 -5.0 2.5 3.75 7749747.046
180.0 -2.5 2.5 3.75 10000000003.1494
180.0 0.0 2.5 3.75 979157740.7255
180.0 2.5 2.5 3.75 10000000216.765202
180.0 5.0 2.5 3.75 9999999986.4129
180.0 7.5 2.5 3.75 9999999997.2882
180.0 10.0 2.5 3.75 767668861.7468001
180.0 -5.0 5.0 3.75 107115878.76329999
180.0 -2.5 5.0 3.75 21058396.8062
180.0 0.0 5.0 3.75 9999999975.337
180.0 2.5 5.0 3.75 635556465.3182
180.0 5.0 5.0 3.75 8743368102.227798
180.0 7.5 5.0 3.75 1671537970.652
180.0 10.0 5.0 3.75 7455365737.094399
180.0 -2.5 -2.5 7.5 9999999923.3421
180.0 0.0 2.5 7.5 1187456778.7849998
180.0 0.0 5.0 7.5 1166371326.65
180.0 -5.0 -2.5 8.75 9999999988.8062
180.0 -2.5 -2.5 8.75 9999999813.7586
180.0 2.5 -2.5 8.75 9999999954.5706
180.0 -5.0 0.0 8.75 10000000019.981401
180.0 0.0 0.0 8.75 10000000346.8171
180.0 0.0 2.5 8.75 9999999963.774101
180.0 0.0 -10.0 10.0 9999999893.3034
180.0 2.5 -10.0 10.0 125117530.93859999
180.0 0.0 -7.5 10.0 10000000046.5034
180.0 2.5 -7.5 10.0 9999999968.603102
180.0 5.0 -7.5 10.0 10000000067.181002
180.0 -2.5 -5.0 10.0 9999999925.4419
180.0 0.0 -5.0 10.0 9999999818.9848
180.0 2.5 -5.0 10.0 1183947674.9788
180.0 5.0 -5.0 10.0 10000000127.3969
180.0 -5.0 -2.5 10.0 233716005.2528
180.0 -2.5 -2.5 10.0 10000000124.261301
180.0 0.0 -2.5 10.0 10000000301.340302
180.0 2.5 -2.5 10.0 9999999813.1949
180.0 -5.0 0.0 10.0 1031392632.4634
180.0 -2.5 0.0 10.0 9999999890.4729
180.0 0.0 0.0 10.0 10000000018.663101
180.0 -5.0 2.5 10.0 7777718196.6851
180.0 0.0 2.5 10.0 9999999888.993801
180.0 2.5 2.5 10.0 9999999913.527802
180.0 0.0 5.0 10.0 447432711.36340004
180.0 2.5 5.0 10.0 9999999984.1842
180.0 0.0 -10.0 11.25 2179877110.2114997
180.0 2.5 -10.0 11.25 10000000092.5184
180.0 5.0 -10.0 11.25 168521.41150000002
180.0 0.0 -7.5 11.25 5688140456.0359
180.0 2.5 -7.5 11.25 9999999923.5555
180.0 5.0 -7.5 11.25 10000000004.069
180.0 7.5 -7.5 11.25 166622.97770000002
180.0 -2.5 -5.0 11.25 6819880044.0039
180.0 0.0 -5.0 11.25 9999999744.6562
180.0 2.5 -5.0 11.25 10000000078.1173
180.0 5.0 -5.0 11.25 1269036885.7668998
180.0 -5.0 -2.5 11.25 340911373.5779
180.0 -2.5 -2.5 11.25 9999999970.9965
180.0 0.0 -2.5 11.25 9999999932.8015
180.0 2.5 -2.5 11.25 9999999868.3183
180.0 -5.0 0.0 11.25 9999999984.432402
180.0 -2.5 0.0 11.25 9999999879.8614
180.0 0.0 0.0 11.25 10000000067.825401
180.0 -5.0 2.5 11.25 986030736.1449
180.0 -2.5 2.5 11.25 460804626.04359996
180.0 0.0 2.5 11.25 9999999987.196901
180.0 2.5 2.5 11.25 9999999930.2768
180.0 -5.0 5.0 11.25 622015.0238
180.0 0.0 5.0 11.25 75743901.1419
180.0 2.5 5.0 11.25 6558450.705200001
180.0 -5.0 -10.0 12.5 1032985.6904
180.0 -2.5 -10.0 12.5 2876484.2616999997
180.0 0.0 -10.0 12.5 9999999948.668201
180.0 2.5 -10.0 12.5 3758800932.8626
180.0 5.0 -10.0 12.5 122619.6315
180.0 7.5 -10.0 12.5 39294.757099999995
180.0 10.0 -10.0 12.5 -13.942499999999999
180.0 -2.5 -7.5 12.5 9999999955.161201
180.0 0.0 -7.5 12.5 10000000081.086401
180.0 2.5 -7.5 12.5 9999999983.178501
180.0 5.0 -7.5 12.5 404178645.2481
180.0 7.5 -7.5 12.5 29858.4077
180.0 -5.0 -5.0 12.5 9999999977.5279
180.0 -2.5 -5.0 12.5 1570482198.7305
180.0 0.0 -5.0 12.5 10000000057.095402
180.0 2.5 -5.0 12.5 2144418547.2698
180.0 5.0 -5.0 12.5 1785293234.4491
180.0 -5.0 -2.5 12.5 9999999840.864302
180.0 -2.5 -2.5 12.5 9999999975.0098
180.0 0.0 -2.5 12.5 10000000037.162
180.0 2.5 -2.5 12.5 9999999984.2096
180.0 5.0 -2.5 12.5 10000000061.545301
180.0 -5.0 0.0 12.5 5512889723.7618
180.0 -2.5 0.0 12.5 9999999934.4676
180.0 0.0 0.0 12.5 1611316030.2175
180.0 2.5 0.0 12.5 4031750129.332
180.0 -5.0 2.5 12.5 847221.3084
180.0 -2.5 2.5 12.5 1841830331.5825
180.0 0.0 2.5 12.5 9120777589.4605
180.0 2.5 2.5 12.5 10000000044.088902
180.0 -5.0 5.0 12.5 1389.4769999999999
180.0 -2.5 5.0 12.5 9999999940.8756
180.0 0.0 5.0 12.5 326402.6303
180.0 2.5 5.0 12.5 9999999937.5965
180.0 5.0 5.0 12.5 117401324.40030001
180.0 7.5 5.0 12.5 99.8052
180.0 10.0 5.0 12.5 385.42810000000003
180.0 -5.0 -10.0 13.75 94.1583
180.0 -2.5 -10.0 13.75 10775.0641
180.0 0.0 -10.0 13.75 116621.9574
180.0 2.5 -10.0 13.75 10000000051.3462
180.0 5.0 -10.0 13.75 529957.4028
180.0 7.5 -10.0 13.75 24012.4885
180.0 10.0 -10.0 13.75 -5.6357
180.0 -5.0 -7.5 13.75 6769.516500000001
180.0 -2.5 -7.5 13.75 393265535.3201
180.0 0.0 -7.5 13.75 7749122.6142
180.0 2.5 -7.5 13.75 1110239609.735
180.0 5.0 -7.5 13.75 65785571.5692
180.0 7.5 -7.5 13.75 211999.3566
180.0 10.0 -7.5 13.75 -7.4154
180.0 -5.0 -5.0 13.75 197631963.5278
180.0 -2.5 -5.0 13.75 53518969.8932
180.0 0.0 -5.0 13.75 287997431.7837
180.0 2.5 -5.0 13.75 873649761.4909
180.0 5.0 -5.0 13.75 130995313.8966
180.0 -5.0 -2.5 13.75 9999999977.148602
180.0 -2.5 -2.5 13.75 234466036.8462
180.0 0.0 -2.5 13.75 9999999801.1194
180.0 2.5 -2.5 13.75 10000000032.0095
180.0 5.0 -2.5 13.75 1095216465.5887
180.0 -5.0 0.0 13.75 9999999986.5949
180.0 -2.5 0.0 13.75 9999999918.178902
180.0 0.0 0.0 13.75 5831732040.2261
180.0 2.5 0.0 13.75 10000000038.469301
180.0 -5.0 2.5 13.75 246.79829999999998
180.0 -2.5 2.5 13.75 764563105.6978
180.0 0.0 2.5 13.75 6707884631.4702
180.0 2.5 2.5 13.75 4625172325.2887
180.0 5.0 2.5 13.75 4298311577.513901
180.0 -5.0 5.0 13.75 -16.390099999999997
180.0 -2.5 5.0 13.75 34584266.596599996
180.0 0.0 5.0 13.75 74311.0365
180.0 2.5 5.0 13.75 9999999959.095701
180.0 5.0 5.0 13.75 48713480.2563
180.0 7.5 5.0 13.75 158.3146
180.0 10.0 5.0 13.75 33.678799999999995
180.0 -5.0 -10.0 15.0 14.7097
180.0 -2.5 -10.0 15.0 -0.47799999999999976
180.0 0.0 -10.0 15.0 4874.659500000001
180.0 2.5 -10.0 15.0 10000000003.619902
180.0 5.0 -10.0 15.0 2870394.04
180.0 7.5 -10.0 15.0 14654.455399999999
180.0 10.0 -10.0 15.0 -0.986
180.0 -5.0 -7.5 15.0 3010.4483999999998
180.0 -2.5 -7.5 15.0 283.7889
180.0 0.0 -7.5 15.0 14032137.5385
180.0 2.5 -7.5 15.0 558251062.8705
180.0 5.0 -7.5 15.0 56002241.8825
180.0 7.5 -7.5 15.0 5418.5381
180.0 10.0 -7.5 15.0 0.13129999999999997
180.0 -5.0 -5.0 15.0 342666044.861
180.0 -2.5 -5.0 15.0 10000000001.6348
180.0 0.0 -5.0 15.0 10000000028.7828
180.0 2.5 -5.0 15.0 5986977842.0823
180.0 5.0 -5.0 15.0 3423588.9734
180.0 7.5 -5.0 15.0 151.6692
180.0 10.0 -5.0 15.0 49.3857
180.0 -5.0 -2.5 15.0 9999999974.5175
180.0 -2.5 -2.5 15.0 197918323.62309998
180.0 0.0 -2.5 15.0 9999999977.1947
180.0 2.5 -2.5 15.0 9999999891.373201
180.0 5.0 -2.5 15.0 10000000016.736301
180.0 10.0 -2.5 15.0 10000000005.236502
180.0 -5.0 0.0 15.0 3369399196.6795
180.0 -2.5 0.0 15.0 10000000120.523401
180.0 0.0 0.0 15.0 6094325672.0042
180.0 2.5 0.0 15.0 10000000197.4307
180.0 5.0 0.0 15.0 6334760528.6256
180.0 -5.0 2.5 15.0 400444.2391
180.0 -2.5 2.5 15.0 314282.0352
180.0 0.0 2.5 15.0 9999999911.064901
180.0 2.5 2.5 15.0 224607701.8943
180.0 5.0 2.5 15.0 2427865.1005999995
180.0 7.5 2.5 15.0 389559.55539999995
180.0 -5.0 5.0 15.0 -27.4219
180.0 -2.5 5.0 15.0 5173.716
180.0 0.0 5.0 15.0 7866383.2162
180.0 2.5 5.0 15.0 19956.489999999998
180.0 5.0 5.0 15.0 1285.3344
180.0 7.5 5.0 15.0 144.9025
180.0 10.0 5.0 15.0 12.2032
180.0 -5.0 -10.0 16.25 9.5942
180.0 -2.5 -10.0 16.25 0.8206999999999995
180.0 0.0 -10.0 16.25 9.3517
180.0 2.5 -10.0 16.25 3453286.9694000003
180.0 5.0 -10.0 16.25 202205.83
180.0 7.5 -10.0 16.25 377.1121
180.0 10.0 -10.0 16.25 0.6456999999999999
180.0 -5.0 -7.5 16.25 28.341700000000003
180.0 -2.5 -7.5 16.25 -0.6508999999999999
180.0 0.0 -7.5 16.25 233.29100000000003
180.0 2.5 -7.5 16.25 596183.7626
180.0 5.0 -7.5 16.25 153593.4314
180.0 7.5 -7.5 16.25 909.8994
180.0 10.0 -7.5 16.25 2.2514000000000003
180.0 -5.0 -5.0 16.25 130527232.3933
180.0 -2.5 -5.0 16.25 163007.09
180.0 0.0 -5.0 16.25 15122871.9178
180.0 2.5 -5.0 16.25 9999999938.949501
180.0 5.0 -5.0 16.25 10000000042.3033
180.0 7.5 -5.0 16.25 5873.5806
180.0 10.0 -5.0 16.25 9.3412
180.0 -5.0 -2.5 16.25 57450494.0104
180.0 -2.5 -2.5 16.25 9999999979.5224
180.0 0.0 -2.5 16.25 7547841669.1912
180.0 2.5 -2.5 16.25 9999999971.495
180.0 5.0 -2.5 16.25 120035580.1314
180.0 7.5 -2.5 16.25 122150508.141
180.0 10.0 -2.5 16.25 701321339.2974
180.0 -5.0 0.0 16.25 3307479.5181
180.0 -2.5 0.0 16.25 79256811.53920001
180.0 0.0 0.0 16.25 205140558.10279998
180.0 2.5 0.0 16.25 9999999963.983002
180.0 5.0 0.0 16.25 262226.848
180.0 7.5 0.0 16.25 9999999967.401402
180.0 -5.0 2.5 16.25 1018.2828000000001
180.0 -2.5 2.5 16.25 5848.5383
180.0 0.0 2.5 16.25 481685.6918
180.0 2.5 2.5 16.25 2217878.6479
180.0 5.0 2.5 16.25 618164.9651
180.0 7.5 2.5 16.25 1949045.0932999998
180.0 -5.0 5.0 16.25 -18.9881
180.0 -2.5 5.0 16.25 -25.8472
180.0 0.0 5.0 16.25 783.6139000000001
180.0 2.5 5.0 16.25 -38.3498
180.0 5.0 5.0 16.25 -23.4768
180.0 7.5 5.0 16.25 -4.6633
180.0 10.0 5.0 16.25 5.3934
240.0 -5.0 -10.0 3.75 272236929.9783
240.0 -2.5 -10.0 3.75 10000000118.886501
240.0 0.0 -10.0 3.75 9999999849.529001
240.0 2.5 -10.0 3.75 10000000018.564701
240.0 5.0 -10.0 3.75 1049962017.7826
240.0 7.5 -10.0 3.75 9999999917.1
240.0 10.0 -10.0 3.75 322586805.1193
240.0 -5.0 -7.5 3.75 10000000015.644402
240.0 -2.5 -7.5 3.75 7604415103.2506
240.0 0.0 -7.5 3.75 10000000057.935001
240.0 2.5 -7.5 3.75 8293686529.7298
240.0 5.0 -7.5 3.75 391248709.54120004
240.0 7.5 -7.5 3.75 2326970856.5728
240.0 10.0 -7.5 3.75 9999999936.970701
240.0 -5.0 -5.0 3.75 2395731504.9315996
240.0 -2.5 -5.0 3.75 9999999897.419601
240.0 0.0 -5.0 3.75 9999999957.6634
240.0 2.5 -5.0 3.75 9999999826.0636
240.0 5.0 -5.0 3.75 2026124138.1988
240.0 7.5 -5.0 3.75 7888590927.345699
240.0 10.0 -5.0 3.75 9999999921.6634
240.0 -5.0 -2.5 3.75 626164209.6862
240.0 -2.5 -2.5 3.75 10000000944.259201
240.0 0.0 -2.5 3.75 10000000089.915
240.0 2.5 -2.5 3.75 10000000023.8243
240.0 5.0 -2.5 3.75 10000000178.182001
240.0 7.5 -2.5 3.75 9999999829.7112
240.0 10.0 -2.5 3.75 194307413.9405
240.0 -5.0 0.0 3.75 1087833495.6964
240.0 -2.5 0.0 3.75 10000000621.031801
240.0 0.0 0.0 3.75 10000000230.053001
240.0 2.5 0.0 3.75 9999999975.4167
240.0 5.0 0.0 3.75 10000000202.379002
240.0 7.5 0.0 3.75 7577365398.2245
240.0 10.0 0.0 3.75 85797082.2825
240.0 -5.0 2.5 3.75 242866.47139999998
240.0 -2.5 2.5 3.75 9999999872.7271
240.0 0.0 2.5 3.75 10000000033.0799
240.0 2.5 2.5 3.75 10000000036.116701
240.0 5.0 2.5 3.75 10000000059.1105
240.0 7.5 2.5 3.75 117644710.5927
240.0 10.0 2.5 3.75 2194162.2581
240.0 -5.0 5.0 3.75 6378967.1799
240.0 -2.5 5.0 3.75 955266.1424
240.0 0.0 5.0 3.75 10000000025.5447
240.0 2.5 5.0 3.75 12921459.109
240.0 5.0 5.0 3.75 230961461.602
240.0 7.5 5.0 3.75 51787324.0365
240.0 10.0 5.0 3.75 18427410.2698
240.0 0.0 0.0 5.0 9999999970.404501
240.0 -2.5 2.5 5.0 9999999886.731901
240.0 -2.5 5.0 5.0 502244304.85340005
240.0 0.0 0.0 6.25 9999999948.8043
240.0 -2.5 2.5 6.25 9999999981.8202
240.0 0.0 2.5 6.25 6724471810.3998
240.0 -5.0 5.0 6.25 10000000006.8703
240.0 -2.5 5.0 6.25 9999999929.301601
240.0 2.5 -10.0 7.5 418111956.06670004
240.0 -2.5 -7.5 7.5 10000000060.427301
240.0 0.0 -5.0 7.5 1917075981.1369
240.0 0.0 0.0 7.5 9999999921.907902
240.0 -2.5 2.5 7.5 1788306339.9255
240.0 0.0 2.5 7.5 9999999901.038502
240.0 -5.0 5.0 7.5 68507493.925
240.0 -2.5 5.0 7.5 37763314.155
240.0 0.0 5.0 7.5 53869953.4434
240.0 0.0 -10.0 8.75 9999999941.3288
240.0 2.5 -10.0 8.75 9999999878.054901
240.0 5.0 -10.0 8.75 10000000060.1653
240.0 -2.5 -7.5 8.75 9999999966.4871
240.0 0.0 -7.5 8.75 666126422.5748
240.0 2.5 -7.5 8.75 9999999916.102201
240.0 -2.5 -5.0 8.75 394278238.4641
240.0 0.0 -5.0 8.75 9999999952.006802
240.0 0.0 -2.5 8.75 9999999933.280901
240.0 2.5 -2.5 8.75 9999999907.091702
240.0 -2.5 0.0 8.75 9999999911.5016
240.0 0.0 0.0 8.75 1902250789.0851998
240.0 -2.5 2.5 8.75 1247557194.4114
240.0 0.0 2.5 8.75 9999999937.351301
240.0 2.5 2.5 8.75 10000000135.0666
240.0 -5.0 5.0 8.75 3112679.4857
240.0 -2.5 5.0 8.75 9999999976.059801
240.0 0.0 5.0 8.75 9999999979.3812
240.0 0.0 -10.0 10.0 1824733752.3754
240.0 2.5 -10.0 10.0 216574357.24499997
240.0 5.0 -10.0 10.0 815292538.8468001
240.0 -2.5 -7.5 10.0 9999999916.202002
240.0 0.0 -7.5 10.0 9999999963.8728
240.0 2.5 -7.5 10.0 9328001247.6274
240.0 -2.5 -5.0 10.0 9135111213.0399
240.0 0.0 -5.0 10.0 1409564120.7249
240.0 -5.0 -2.5 10.0 9999999931.5338
240.0 -2.5 -2.5 10.0 10000000245.129501
240.0 0.0 -2.5 10.0 9999999950.441301
240.0 2.5 -2.5 10.0 10000000180.0639
240.0 -2.5 0.0 10.0 2749339887.9849997
240.0 0.0 0.0 10.0 10000000205.975601
240.0 2.5 0.0 10.0 9088354736.0303
240.0 -5.0 2.5 10.0 53842412.5565
240.0 -2.5 2.5 10.0 9999999760.0746
240.0 0.0 2.5 10.0 9999999921.632101
240.0 2.5 2.5 10.0 3243013511.2162
240.0 -5.0 5.0 10.0 14278374.3265
240.0 -2.5 5.0 10.0 636875689.4217
240.0 0.0 5.0 10.0 9999999999.6406
240.0 2.5 5.0 10.0 10000000020.186901
240.0 7.5 5.0 10.0 9476485161.054499
240.0 -2.5 -10.0 11.25 359920.5792
240.0 0.0 -10.0 11.25 7486537459.8885
240.0 2.5 -10.0 11.25 246559148.1198
240.0 5.0 -10.0 11.25 448677.5559
240.0 7.5 -10.0 11.25 9999999994.232302
240.0 10.0 -10.0 11.25 4670750.9119
240.0 -5.0 -7.5 11.25 925630987.659
240.0 -2.5 -7.5 11.25 175509427.2509
240.0 0.0 -7.5 11.25 10000000037.1537
240.0 2.5 -7.5 11.25 2169830576.3313003
240.0 -2.5 -5.0 11.25 451436367.8168
240.0 0.0 -5.0 11.25 10000000073.902401
240.0 2.5 -5.0 11.25 3664847199.5345
240.0 -5.0 -2.5 11.25 9999999933.2318
240.0 -2.5 -2.5 11.25 9999999962.676
240.0 0.0 -2.5 11.25 9999999976.555601
240.0 2.5 -2.5 11.25 9999999977.1716
240.0 -5.0 0.0 11.25 9999999955.5517
240.0 -2.5 0.0 11.25 10000000016.532501
240.0 0.0 0.0 11.25 9999999964.7352
240.0 2.5 0.0 11.25 1117518569.2786999
240.0 -2.5 2.5 11.25 5581953141.9128
240.0 0.0 2.5 11.25 9999999969.9988
240.0 2.5 2.5 11.25 10000000062.612501
240.0 5.0 2.5 11.25 9999999988.342901
240.0 7.5 2.5 11.25 199436345.86110002
240.0 -5.0 5.0 11.25 1364995.8964999998
240.0 -2.5 5.0 11.25 111404573.4526
240.0 0.0 5.0 11.25 1970636481.3164
240.0 2.5 5.0 11.25 3757073.2344
240.0 7.5 5.0 11.25 187213597.6039
240.0 -2.5 -10.0 12.5 12909866.4785
240.0 0.0 -10.0 12.5 971872.6182
240.0 2.5 -10.0 12.5 10000000009.7313
240.0 5.0 -10.0 12.5 26889.8103
240.0 7.5 -10.0 12.5 5321986941.1353
240.0 10.0 -10.0 12.5 10000000049.4641
240.0 -5.0 -7.5 12.5 175122032.0453
240.0 -2.5 -7.5 12.5 9999999958.417301
240.0 0.0 -7.5 12.5 645279328.738
240.0 2.5 -7.5 12.5 10000000015.4228
240.0 5.0 -7.5 12.5 235152504.50320002
240.0 -5.0 -5.0 12.5 161463429.59600002
240.0 -2.5 -5.0 12.5 9999999983.469301
240.0 0.0 -5.0 12.5 9999999987.5266
240.0 2.5 -5.0 12.5 9999999757.1585
240.0 5.0 -5.0 12.5 195441411.9179
240.0 -5.0 -2.5 12.5 9999999976.054602
240.0 -2.5 -2.5 12.5 9999999911.087301
240.0 0.0 -2.5 12.5 3088910010.4276
240.0 2.5 -2.5 12.5 9999999960.519201
240.0 -5.0 0.0 12.5 9999999946.1282
240.0 -2.5 0.0 12.5 10000000014.076101
240.0 0.0 0.0 12.5 656078152.0873
240.0 2.5 0.0 12.5 9999999889.09
240.0 5.0 0.0 12.5 3794430455.8373
240.0 -5.0 2.5 12.5 83309056.5582
240.0 -2.5 2.5 12.5 431204988.54580003
240.0 0.0 2.5 12.5 10000000054.4274
240.0 2.5 2.5 12.5 10000000019.218
240.0 5.0 2.5 12.5 9999999965.4309
240.0 7.5 2.5 12.5 345761.07639999996
240.0 -5.0 5.0 12.5 152.1181
240.0 -2.5 5.0 12.5 7703.186500000001
240.0 0.0 5.0 12.5 592188.1801
240.0 2.5 5.0 12.5 262177.4917
240.0 5.0 5.0 12.5 39098784.5708
240.0 7.5 5.0 12.5 10000000002.371101
240.0 -2.5 -10.0 13.75 262.5854
240.0 0.0 -10.0 13.75 13160.5499
240.0 2.5 -10.0 13.75 4559.8781
240.0 5.0 -10.0 13.75 162.0269
240.0 7.5 -10.0 13.75 512977.44269999996
240.0 10.0 -10.0 13.75 10000000040.143301
240.0 -5.0 -7.5 13.75 1247098.2880000002
240.0 -2.5 -7.5 13.75 9999999979.2609
240.0 0.0 -7.5 13.75 7605925530.4068
240.0 2.5 -7.5 13.75 9999999934.326
240.0 5.0 -7.5 13.75 69732174.638
240.0 7.5 -7.5 13.75 2192200154.3554
240.0 10.0 -7.5 13.75 10000000037.2178
240.0 -5.0 -5.0 13.75 9999999948.0154
240.0 -2.5 -5.0 13.75 1673256112.4073
240.0 0.0 -5.0 13.75 9999999927.0144
240.0 2.5 -5.0 13.75 9999999968.191801
240.0 5.0 -5.0 13.75 9999999930.336
240.0 -5.0 -2.5 13.75 9999999959.934301
240.0 -2.5 -2.5 13.75 9999999973.329
240.0 0.0 -2.5 13.75 6624353324.5603
240.0 2.5 -2.5 13.75 9999999881.9046
240.0 -5.0 0.0 13.75 91928.80050000001
240.0 -2.5 0.0 13.75 9999999985.485401
240.0 0.0 0.0 13.75 292494682.879
240.0 2.5 0.0 13.75 9999999955.963701
240.0 5.0 0.0 13.75 347363305.8772
240.0 -5.0 2.5 13.75 3761.7328
240.0 -2.5 2.5 13.75 144775.5225
240.0 0.0 2.5 13.75 250394459.1788
240.0 2.5 2.5 13.75 9437479.8115
240.0 5.0 2.5 13.75 7147380.2417
240.0 7.5 2.5 13.75 4957615.1123
240.0 10.0 2.5 13.75 34205067.9001
240.0 -5.0 5.0 13.75 -22.7642
240.0 -2.5 5.0 13.75 -25.225099999999998
240.0 0.0 5.0 13.75 32.7539
240.0 2.5 5.0 13.75 45363.8784
240.0 5.0 5.0 13.75 894587.4441999999
240.0 7.5 5.0 13.75 1179984877.8829
240.0 10.0 5.0 13.75 12963872.5554
240.0 -5.0 -10.0 15.0 10.732600000000001
240.0 -2.5 -10.0 15.0 -6.6426
240.0 0.0 -10.0 15.0 39.5846
240.0 2.5 -10.0 15.0 137.3637
240.0 5.0 -10.0 15.0 54.7147
240.0 7.5 -10.0 15.0 10304072.7149
240.0 10.0 -10.0 15.0 474074.46400000004
240.0 -5.0 -7.5 15.0 772976.0356000001
240.0 -2.5 -7.5 15.0 119849.7886
240.0 0.0 -7.5 15.0 18094473.367900003
240.0 2.5 -7.5 15.0 10000000048.233002
240.0 5.0 -7.5 15.0 544908.404
240.0 7.5 -7.5 15.0 839867573.1013
240.0 10.0 -7.5 15.0 164040929.63099998
240.0 -5.0 -5.0 15.0 9999999967.767101
240.0 -2.5 -5.0 15.0 581030027.1625999
240.0 0.0 -5.0 15.0 640111425.4091
240.0 2.5 -5.0 15.0 983616970.0663999
240.0 5.0 -5.0 15.0 276082046.7684
240.0 10.0 -5.0 15.0 6473653.362600001
240.0 -5.0 -2.5 15.0 9999999962.453001
240.0 -2.5 -2.5 15.0 125793886.35129999
240.0 0.0 -2.5 15.0 353045602.3057
240.0 2.5 -2.5 15.0 611757894.7242
240.0 5.0 -2.5 15.0 10000000004.079102
240.0 7.5 -2.5 15.0 962059.6527
240.0 -5.0 0.0 15.0 11533.7838
240.0 -2.5 0.0 15.0 430424.7375
240.0 0.0 0.0 15.0 9999999912.7663
240.0 2.5 0.0 15.0 3827530598.4157
240.0 5.0 0.0 15.0 44644538.729899995
240.0 7.5 0.0 15.0 10786135.919400001
240.0 -5.0 2.5 15.0 -20.040699999999998
240.0 -2.5 2.5 15.0 102.30509999999998
240.0 0.0 2.5 15.0 562543.8330999999
240.0 2.5 2.5 15.0 12100700.124300001
240.0 5.0 2.5 15.0 312321503.18369997
240.0 7.5 2.5 15.0 1105250.3221
240.0 10.0 2.5 15.0 69898.5515
240.0 -5.0 5.0 15.0 -16.9757
240.0 -2.5 5.0 15.0 -25.3487
240.0 0.0 5.0 15.0 -22.8831
240.0 2.5 5.0 15.0 10.77
240.0 5.0 5.0 15.0 9999999930.304401
240.0 7.5 5.0 15.0 2325227.7992000002
240.0 10.0 5.0 15.0 137253.1269
240.0 -5.0 -10.0 16.25 4.6876999999999995
240.0 -2.5 -10.0 16.25 -10.9754
240.0 0.0 -10.0 16.25 -14.245000000000001
240.0 2.5 -10.0 16.25 -4.5151
240.0 5.0 -10.0 16.25 25.263299999999997
240.0 7.5 -10.0 16.25 25.2795
240.0 10.0 -10.0 16.25 557.6308
240.0 -5.0 -7.5 16.25 45660.85630000001
240.0 -2.5 -7.5 16.25 42251.0368
240.0 0.0 -7.5 16.25 5807341.7141
240.0 2.5 -7.5 16.25 9999999993.609201
240.0 5.0 -7.5 16.25 501892303.4131
240.0 7.5 -7.5 16.25 847675.356
240.0 10.0 -7.5 16.25 3397.174
240.0 -5.0 -5.0 16.25 282122.7645
240.0 -2.5 -5.0 16.25 204245659.9661
240.0 0.0 -5.0 16.25 5374945951.2344
240.0 2.5 -5.0 16.25 584336398.1373
240.0 5.0 -5.0 16.25 240168292.5517
240.0 7.5 -5.0 16.25 19756122.911500003
240.0 10.0 -5.0 16.25 8332.265599999999
240.0 -5.0 -2.5 16.25 107511.94009999999
240.0 -2.5 -2.5 16.25 9999999979.6117
240.0 0.0 -2.5 16.25 1719312961.9232998
240.0 2.5 -2.5 16.25 422738973.5867
240.0 5.0 -2.5 16.25 80204295.3384
240.0 7.5 -2.5 16.25 1050211.6075
240.0 10.0 -2.5 16.25 16539.6993
240.0 -5.0 0.0 16.25 71.71440000000001
240.0 -2.5 0.0 16.25 196.89950000000002
240.0 0.0 0.0 16.25 2998.0044
240.0 2.5 0.0 16.25 1710381.2619
240.0 5.0 0.0 16.25 39684167.8654
240.0 7.5 0.0 16.25 2610899.5672000004
240.0 -5.0 2.5 16.25 -21.1399
240.0 -2.5 2.5 16.25 -33.656
240.0 0.0 2.5 16.25 -22.5776
240.0 2.5 2.5 16.25 201901138.89949998
240.0 5.0 2.5 16.25 9999999973.2474
240.0 7.5 2.5 16.25 17962.2082
240.0 10.0 2.5 16.25 -4.2135
240.0 -5.0 5.0 16.25 -11.8911
240.0 -2.5 5.0 16.25 -16.8854
240.0 0.0 5.0 16.25 -15.5475
240.0 2.5 5.0 16.25 -9.9153
240.0 5.0 5.0 16.25 5340.898
240.0 7.5 5.0 16.25 747.2877
240.0 10.0 5.0 16.25 622.976
300.0 -5.0 -10.0 3.75 242070447.504
300.0 -2.5 -10.0 3.75 9999999823.0681
300.0 0.0 -10.0 3.75 9999999950.256102
300.0 2.5 -10.0 3.75 10000000050.2014
300.0 5.0 -10.0 3.75 176166216.4904
300.0 7.5 -10.0 3.75 4719888325.7245
300.0 10.0 -10.0 3.75 47657.4953
300.0 -5.0 -7.5 3.75 9999999941.8462
300.0 -2.5 -7.5 3.75 9999999917.0613
300.0 0.0 -7.5 3.75 10000000115.077501
300.0 2.5 -7.5 3.75 9999999790.2915
300.0 5.0 -7.5 3.75 9999999814.846
300.0 7.5 -7.5 3.75 485156246.41249996
300.0 10.0 -7.5 3.75 545760705.4385
300.0 -5.0 -5.0 3.75 282678637.1301
300.0 -2.5 -5.0 3.75 10000000182.4094
300.0 0.0 -5.0 3.75 10000000134.8526
300.0 2.5 -5.0 3.75 10000000129.089
300.0 5.0 -5.0 3.75 10000000082.360802
300.0 7.5 -5.0 3.75 4101991420.3043
300.0 10.0 -5.0 3.75 9999999883.726301
300.0 -5.0 -2.5 3.75 9999999910.0393
300.0 -2.5 -2.5 3.75 9999999991.7842
300.0 0.0 -2.5 3.75 10000000202.4438
300.0 2.5 -2.5 3.75 10000000058.539202
300.0 5.0 -2.5 3.75 9999999815.7453
300.0 7.5 -2.5 3.75 9999999966.7192
300.0 10.0 -2.5 3.75 9999999889.965302
300.0 -5.0 0.0 3.75 4086110867.6222
300.0 -2.5 0.0 3.75 2421282334.7208
300.0 0.0 0.0 3.75 10000000006.7352
300.0 2.5 0.0 3.75 9999999965.020102
300.0 5.0 0.0 3.75 9999999997.1926
300.0 7.5 0.0 3.75 9999999877.087502
300.0 10.0 0.0 3.75 9999999846.809301
300.0 -5.0 2.5 3.75 9999999688.927502
300.0 -2.5 2.5 3.75 10000000119.0676
300.0 0.0 2.5 3.75 662063040.0669
300.0 2.5 2.5 3.75 10000000013.7495
300.0 5.0 2.5 3.75 7562942.3935
300.0 7.5 2.5 3.75 10000000025.4037
300.0 10.0 2.5 3.75 6214855050.4414
300.0 -5.0 5.0 3.75 51964432.7561
300.0 -2.5 5.0 3.75 9999999909.8574
300.0 0.0 5.0 3.75 10000000000.7029
300.0 2.5 5.0 3.75 8450738193.8675995
300.0 5.0 5.0 3.75 20110209.4212
300.0 7.5 5.0 3.75 201111777.9122
300.0 10.0 5.0 3.75 97801.9282
300.0 -2.5 -2.5 6.25 10000000257.750502
300.0 0.0 -2.5 6.25 10000000329.955301
300.0 2.5 -2.5 6.25 2175975774.7455997
300.0 2.5 -5.0 7.5 10000000058.885302
300.0 -2.5 -2.5 7.5 10000000025.5063
300.0 0.0 -2.5 7.5 10000000207.190102
300.0 0.0 0.0 7.5 10000000014.2336
300.0 0.0 2.5 7.5 9999999731.562601
300.0 5.0 -10.0 8.75 9999999840.953201
300.0 2.5 -7.5 8.75 1049618837.9498
300.0 5.0 -7.5 8.75 894964688.1452999
300.0 0.0 -5.0 8.75 5187848188.2332
300.0 2.5 -5.0 8.75 9999999703.147001
300.0 5.0 -5.0 8.75 844170903.1064999
300.0 -5.0 -2.5 8.75 124970414.3172
300.0 -2.5 -2.5 8.75 10000000026.832901
300.0 0.0 -2.5 8.75 1649431099.7808
300.0 2.5 -2.5 8.75 9999999677.266602
300.0 -5.0 0.0 8.75 887997142.9658
300.0 0.0 0.0 8.75 4614172305.5082
300.0 0.0 2.5 8.75 9999999914.4489
300.0 0.0 5.0 8.75 1031523910.5431
300.0 0.0 -10.0 10.0 9999999875.736801
300.0 2.5 -10.0 10.0 234625779.5791
300.0 5.0 -10.0 10.0 701076702.4023999
300.0 7.5 -10.0 10.0 176242968.7827
300.0 10.0 -10.0 10.0 17779.8669
300.0 2.5 -7.5 10.0 10000000055.6098
300.0 5.0 -7.5 10.0 9999999963.968401
300.0 -5.0 -5.0 10.0 6595082481.9114
300.0 0.0 -5.0 10.0 9999999992.6116
300.0 2.5 -5.0 10.0 9999999813.113401
300.0 5.0 -5.0 10.0 10000000476.1039
300.0 -5.0 -2.5 10.0 7378986615.4772
300.0 -2.5 -2.5 10.0 10000000059.580801
300.0 0.0 -2.5 10.0 9999999855.3134
300.0 2.5 -2.5 10.0 9999999948.979101
300.0 -5.0 0.0 10.0 265424408.9769
300.0 -2.5 0.0 10.0 9999999951.439201
300.0 0.0 0.0 10.0 4905201555.368401
300.0 2.5 0.0 10.0 9999999799.1457
300.0 0.0 2.5 10.0 9999999896.1473
300.0 0.0 5.0 10.0 10000000008.1749
300.0 2.5 5.0 10.0 15737656.361299999
300.0 0.0 -10.0 11.25 3321942998.2532
300.0 2.5 -10.0 11.25 10000000036.2542
300.0 5.0 -10.0 11.25 10000000304.6926
300.0 7.5 -10.0 11.25 5738407.0412
300.0 10.0 -10.0 11.25 104.4903
300.0 -2.5 -7.5 11.25 9999999941.885101
300.0 0.0 -7.5 11.25 1934297390.3881998
300.0 2.5 -7.5 11.25 10000000097.267302
300.0 5.0 -7.5 11.25 5010504238.16
300.0 7.5 -7.5 11.25 10000000062.830801
300.0 -5.0 -5.0 11.25 155201811.7886
300.0 -2.5 -5.0 11.25 9999999889.102901
300.0 0.0 -5.0 11.25 9999999826.3941
300.0 2.5 -5.0 11.25 10000000075.4529
300.0 5.0 -5.0 11.25 9999999879.197401
300.0 -5.0 -2.5 11.25 332033017.1664
300.0 -2.5 -2.5 11.25 741328742.4612
300.0 0.0 -2.5 11.25 9999999727.8341
300.0 2.5 -2.5 11.25 10000000003.173101
300.0 -5.0 0.0 11.25 435913924.5292
300.0 -2.5 0.0 11.25 120821298.74170001
300.0 0.0 0.0 11.25 5911459606.1704
300.0 2.5 0.0 11.25 9999999855.7304
300.0 -5.0 2.5 11.25 8715048286.8938
300.0 -2.5 2.5 11.25 69345233.8456
300.0 0.0 2.5 11.25 9999999926.650301
300.0 2.5 2.5 11.25 9999999952.7455
300.0 5.0 2.5 11.25 3966939180.1618
300.0 0.0 5.0 11.25 108522907.3049
300.0 2.5 5.0 11.25 5160646.2311
300.0 5.0 5.0 11.25 126.0522
300.0 7.5 5.0 11.25 51.9945
300.0 -2.5 -10.0 12.5 10000000009.133501
300.0 0.0 -10.0 12.5 51570380.373100005
300.0 2.5 -10.0 12.5 9999999974.4727
300.0 5.0 -10.0 12.5 9999999891.976702
300.0 7.5 -10.0 12.5 49488928.150199994
300.0 10.0 -10.0 12.5 4.481800000000002
300.0 -2.5 -7.5 12.5 35410935.9368
300.0 0.0 -7.5 12.5 10000000070.1944
300.0 2.5 -7.5 12.5 3474807509.6858
300.0 5.0 -7.5 12.5 337107884.46309996
300.0 7.5 -7.5 12.5 10000000029.840302
300.0 -5.0 -5.0 12.5 301143305.3587
300.0 -2.5 -5.0 12.5 12796487.414099999
300.0 0.0 -5.0 12.5 9999999993.787
300.0 2.5 -5.0 12.5 9999999890.525002
300.0 5.0 -5.0 12.5 9999999951.5058
300.0 -5.0 -2.5 12.5 8686986018.387
300.0 -2.5 -2.5 12.5 9999999956.6982
300.0 0.0 -2.5 12.5 9999999989.9887
300.0 2.5 -2.5 12.5 5896394363.6449995
300.0 5.0 -2.5 12.5 2948269416.8522
300.0 -5.0 0.0 12.5 10000000019.838902
300.0 -2.5 0.0 12.5 9999999930.4174
300.0 0.0 0.0 12.5 9999999972.510601
300.0 2.5 0.0 12.5 10000000061.076302
300.0 5.0 0.0 12.5 9999999914.0195
300.0 7.5 0.0 12.5 9999999942.4909
300.0 -5.0 2.5 12.5 907079.7413000001
300.0 -2.5 2.5 12.5 2708921096.5472
300.0 0.0 2.5 12.5 88718094.70289999
300.0 2.5 2.5 12.5 236889634.27699998
300.0 5.0 2.5 12.5 9310634.1416
300.0 7.5 2.5 12.5 24385572.9485
300.0 -5.0 5.0 12.5 21859489.196
300.0 -2.5 5.0 12.5 8597192175.5295
300.0 0.0 5.0 12.5 9999999983.246801
300.0 2.5 5.0 12.5 1702295675.2284
300.0 5.0 5.0 12.5 226.60539999999997
300.0 7.5 5.0 12.5 29.076
300.0 -2.5 -10.0 13.75 20254.607200000002
300.0 0.0 -10.0 13.75 1919526.5783
300.0 2.5 -10.0 13.75 9999999980.2437
300.0 5.0 -10.0 13.75 12623066.999499999
300.0 7.5 -10.0 13.75 5089964.953
300.0 10.0 -10.0 13.75 6.947300000000001
300.0 -5.0 -7.5 13.75 917834.5924
300.0 -2.5 -7.5 13.75 1242839.3101
300.0 0.0 -7.5 13.75 18940667.0888
300.0 2.5 -7.5 13.75 9398143168.264599
300.0 5.0 -7.5 13.75 10000000088.0475
300.0 7.5 -7.5 13.75 4382843759.3238
300.0 -5.0 -5.0 13.75 6085500642.2561
300.0 -2.5 -5.0 13.75 4456917242.5996
300.0 0.0 -5.0 13.75 9999999944.621801
300.0 2.5 -5.0 13.75 9999999981.721
300.0 5.0 -5.0 13.75 10000000035.733702
300.0 -5.0 -2.5 13.75 10000000016.222301
300.0 -2.5 -2.5 13.75 10000000003.430601
300.0 0.0 -2.5 13.75 385160797.31990004
300.0 2.5 -2.5 13.75 9999999930.630402
300.0 5.0 -2.5 13.75 13257065.8531
300.0 7.5 -2.5 13.75 2874750144.9186
300.0 -5.0 0.0 13.75 10000000033.035501
300.0 -2.5 0.0 13.75 12326133.9589
300.0 0.0 0.0 13.75 9999999918.9939
300.0 2.5 0.0 13.75 9999999995.033401
300.0 5.0 0.0 13.75 199989104.1474
300.0 7.5 0.0 13.75 45343998.5425
300.0 -5.0 2.5 13.75 20046.116700000002
300.0 -2.5 2.5 13.75 791532890.8619
300.0 0.0 2.5 13.75 9999999984.5517
300.0 2.5 2.5 13.75 78471.06910000001
300.0 5.0 2.5 13.75 20874615.1102
300.0 7.5 2.5 13.75 18213609.0366
300.0 10.0 2.5 13.75 9999999949.0615
300.0 -5.0 5.0 13.75 2556.8311000000003
300.0 -2.5 5.0 13.75 692325223.9685
300.0 0.0 5.0 13.75 202030058.557
300.0 2.5 5.0 13.75 8247602.4279000005
300.0 5.0 5.0 13.75 1536.6092
300.0 7.5 5.0 13.75 9.1585
300.0 10.0 5.0 13.75 31.6631
300.0 -2.5 -10.0 15.0 8.370099999999999
300.0 0.0 -10.0 15.0 208.2286
300.0 2.5 -10.0 15.0 61874.8905
300.0 5.0 -10.0 15.0 92179484.358
300.0 7.5 -10.0 15.0 95967869.73900001
300.0 10.0 -10.0 15.0 8.200399999999998
300.0 -5.0 -7.5 15.0 4905055028.281
300.0 -2.5 -7.5 15.0 27258858.5027
300.0 0.0 -7.5 15.0 549618.3436
300.0 2.5 -7.5 15.0 82411533.9022
300.0 5.0 -7.5 15.0 4701946068.4675
300.0 7.5 -7.5 15.0 176926777.4673
300.0 10.0 -7.5 15.0 14927.7285
300.0 -5.0 -5.0 15.0 9999999993.873201
300.0 -2.5 -5.0 15.0 9999999982.1165
300.0 0.0 -5.0 15.0 10000000157.667702
300.0 2.5 -5.0 15.0 10000000032.292002
300.0 5.0 -5.0 15.0 5296871056.4286
300.0 7.5 -5.0 15.0 10000000040.5452
300.0 -5.0 -2.5 15.0 273941936.5255
300.0 -2.5 -2.5 15.0 10000000005.206001
300.0 0.0 -2.5 15.0 8291739531.293799
300.0 2.5 -2.5 15.0 9999999910.2217
300.0 5.0 -2.5 15.0 362725989.0845
300.0 7.5 -2.5 15.0 98797333.9505
300.0 10.0 -2.5 15.0 667473715.9010999
300.0 -5.0 0.0 15.0 505.2865
300.0 -2.5 0.0 15.0 10935095.401899999
300.0 0.0 0.0 15.0 16158357.5111
300.0 2.5 0.0 15.0 9999999994.8726
300.0 5.0 0.0 15.0 1005448694.4396001
300.0 7.5 0.0 15.0 367348014.0218
300.0 10.0 0.0 15.0 6227092838.605901
300.0 -5.0 2.5 15.0 71.8469
300.0 -2.5 2.5 15.0 5670946009.3194
300.0 0.0 2.5 15.0 10000000013.6137
300.0 2.5 2.5 15.0 9999999942.6275
300.0 5.0 2.5 15.0 40.182500000000005
300.0 7.5 2.5 15.0 720.8601
300.0 10.0 2.5 15.0 10000000095.823801
300.0 -5.0 5.0 15.0 448.00269999999995
300.0 -2.5 5.0 15.0 94126107.4776
300.0 0.0 5.0 15.0 9999999961.9293
300.0 2.5 5.0 15.0 700.4576000000001
300.0 5.0 5.0 15.0 2.9321
300.0 7.5 5.0 15.0 3.3038000000000003
300.0 10.0 5.0 15.0 29.2226
300.0 -5.0 -10.0 16.25 8.8575
300.0 -2.5 -10.0 16.25 9.836500000000001
300.0 0.0 -10.0 16.25 -25.3592
300.0 2.5 -10.0 16.25 4457.8873
300.0 5.0 -10.0 16.25 77727.71650000001
300.0 7.5 -10.0 16.25 1605312.9423
300.0 10.0 -10.0 16.25 11.5489
300.0 -5.0 -7.5 16.25 400027.6947
300.0 -2.5 -7.5 16.25 8759239.031
300.0 0.0 -7.5 16.25 2591009.7531
300.0 2.5 -7.5 16.25 1087977.3791
300.0 5.0 -7.5 16.25 262849857.7281
300.0 7.5 -7.5 16.25 16187453.2305
300.0 10.0 -7.5 16.25 56782.5255
300.0 -5.0 -5.0 16.25 1176866.3575
300.0 -2.5 -5.0 16.25 11995263.092200002
300.0 0.0 -5.0 16.25 10183140.7218
300.0 2.5 -5.0 16.25 585917185.6997
300.0 5.0 -5.0 16.25 6850983.118600001
300.0 7.5 -5.0 16.25 3218119237.8387
300.0 10.0 -5.0 16.25 574242.9956
300.0 -5.0 -2.5 16.25 585.1261
300.0 -2.5 -2.5 16.25 245141.85520000002
300.0 0.0 -2.5 16.25 12708592.555599999
300.0 2.5 -2.5 16.25 9999999964.3115
300.0 5.0 -2.5 16.25 615966723.1174
300.0 7.5 -2.5 16.25 9999999973.0386
300.0 10.0 -2.5 16.25 16723.819199999998
300.0 -5.0 0.0 16.25 2.5602
300.0 -2.5 0.0 16.25 1058.929
300.0 0.0 0.0 16.25 17503.8169
300.0 2.5 0.0 16.25 42386820.9259
300.0 5.0 0.0 16.25 433006.373
300.0 7.5 0.0 16.25 4958745.213
300.0 10.0 0.0 16.25 2130115.2275
300.0 -5.0 2.5 16.25 4.9981
300.0 -2.5 2.5 16.25 11461.4297
300.0 0.0 2.5 16.25 34755.5311
300.0 2.5 2.5 16.25 5852343.155499999
300.0 5.0 2.5 16.25 -16.143
300.0 7.5 2.5 16.25 755.9233999999999
300.0 10.0 2.5 16.25 2413381.5947999996
300.0 -5.0 5.0 16.25 46.9814
300.0 -2.5 5.0 16.25 3073.2834
300.0 0.0 5.0 16.25 2372.0679999999998
300.0 2.5 5.0 16.25 -18.6705
300.0 5.0 5.0 16.25 -10.3358
300.0 7.5 5.0 16.25 0.7265000000000001
300.0 10.0 5.0 16.25 5.798500000000001
