0.0 0.0 2.5 5.0 9999999753.947
0.0 2.5 2.5 5.0 4243432757.0492
0.0 0.0 5.0 5.0 9999999919.7261
0.0 2.5 0.0 6.25 9999999963.854502
0.0 0.0 2.5 6.25 2510386276.038
0.0 0.0 5.0 6.25 9999999915.1597
0.0 0.0 0.0 7.5 90615833.8277
0.0 2.5 0.0 7.5 4682439.6423
0.0 0.0 2.5 7.5 9999999899.870401
0.0 0.0 5.0 7.5 9999999827.7029
0.0 0.0 -5.0 8.75 -10.4981
0.0 5.0 -5.0 8.75 -5.2915
0.0 -2.5 -2.5 8.75 110.15520000000001
0.0 0.0 -2.5 8.75 18739.608
0.0 -2.5 0.0 8.75 60801335.811299995
0.0 0.0 0.0 8.75 625659183.7220999
0.0 2.5 0.0 8.75 9999999938.256102
0.0 0.0 2.5 8.75 476630953.6002
0.0 2.5 2.5 8.75 187271456.9312
0.0 0.0 5.0 8.75 1584139864.3278
0.0 2.5 5.0 8.75 35075214.7605
0.0 5.0 -7.5 10.0 -0.26839999999999997
0.0 7.5 -7.5 10.0 -0.676
0.0 -2.5 -5.0 10.0 -5.8032
0.0 0.0 -5.0 10.0 -6.1240000000000006
0.0 2.5 -5.0 10.0 -4.923900000000001
0.0 5.0 -5.0 10.0 -2.8615000000000004
0.0 7.5 -5.0 10.0 -1.3864999999999998
0.0 -2.5 -2.5 10.0 84401.2288
0.0 0.0 -2.5 10.0 674081414.9381
0.0 2.5 -2.5 10.0 -10.1573
0.0 5.0 -2.5 10.0 -11.8734
0.0 -2.5 0.0 10.0 8248031834.1559
0.0 0.0 0.0 10.0 1987207092.4955
0.0 2.5 0.0 10.0 286156.5893
0.0 0.0 2.5 10.0 1225868384.7532
0.0 2.5 2.5 10.0 237378962.6814
0.0 0.0 5.0 10.0 34608558.5343
0.0 2.5 5.0 10.0 104665.1259
0.0 2.5 -10.0 11.25 0.6925
0.0 5.0 -10.0 11.25 0.0892
0.0 10.0 -10.0 11.25 0.1598
0.0 2.5 -7.5 11.25 0.4983000000000001
0.0 5.0 -7.5 11.25 -0.2793
0.0 7.5 -7.5 11.25 -0.7578
0.0 0.0 -5.0 11.25 -3.0174000000000003
0.0 2.5 -5.0 11.25 -1.8965999999999998
0.0 5.0 -5.0 11.25 -0.9639
0.0 -5.0 -2.5 11.25 -2.2192
0.0 -2.5 -2.5 11.25 386.14579999999995
0.0 0.0 -2.5 11.25 558.269
0.0 2.5 -2.5 11.25 -7.084
0.0 5.0 -2.5 11.25 -5.7227
0.0 -5.0 0.0 11.25 3651250.4777
0.0 -2.5 0.0 11.25 77819292.80700001
0.0 0.0 0.0 11.25 7654609.7016
0.0 2.5 0.0 11.25 29.592499999999998
0.0 0.0 2.5 11.25 13344916.565200001
0.0 2.5 2.5 11.25 95487.5914
0.0 0.0 5.0 11.25 1260335.5672
0.0 2.5 5.0 11.25 66426.0951
0.0 -2.5 -10.0 12.5 0.7476999999999999
0.0 2.5 -10.0 12.5 0.2485
0.0 5.0 -10.0 12.5 0.0356
0.0 7.5 -10.0 12.5 0.15050000000000002
0.0 10.0 -10.0 12.5 0.0507
0.0 -5.0 -7.5 12.5 -1.1956
0.0 0.0 -7.5 12.5 0.8845999999999999
0.0 2.5 -7.5 12.5 0.4189
0.0 5.0 -7.5 12.5 -0.1351
0.0 7.5 -7.5 12.5 -0.4366
0.0 10.0 -7.5 12.5 0.0109
0.0 -2.5 -5.0 12.5 -1.3752
0.0 0.0 -5.0 12.5 -0.8026
0.0 2.5 -5.0 12.5 -0.02460000000000001
0.0 5.0 -5.0 12.5 -0.345
0.0 -2.5 -2.5 12.5 1.0699999999999998
0.0 0.0 -2.5 12.5 3.5531999999999995
0.0 2.5 -2.5 12.5 -4.1741
0.0 5.0 -2.5 12.5 -1.7873999999999999
0.0 -5.0 0.0 12.5 460.4458
0.0 -2.5 0.0 12.5 234817.726
0.0 0.0 0.0 12.5 813.6335
0.0 2.5 0.0 12.5 -11.1371
0.0 5.0 0.0 12.5 -6.532
0.0 -2.5 2.5 12.5 191978.93010000003
0.0 0.0 2.5 12.5 325.50030000000004
0.0 2.5 2.5 12.5 -16.8794
0.0 7.5 2.5 12.5 -3.8697999999999997
0.0 0.0 5.0 12.5 1074.028
0.0 2.5 5.0 12.5 106.59639999999999
0.0 5.0 5.0 12.5 -24.777099999999997
0.0 -2.5 -10.0 13.75 0.40309999999999996
0.0 0.0 -10.0 13.75 0.3563
0.0 2.5 -10.0 13.75 0.1071
0.0 5.0 -10.0 13.75 0.23079999999999998
0.0 7.5 -10.0 13.75 0.1081
0.0 10.0 -10.0 13.75 0.0006
0.0 -5.0 -7.5 13.75 -0.7150000000000001
0.0 -2.5 -7.5 13.75 0.35459999999999997
0.0 0.0 -7.5 13.75 0.7682
0.0 2.5 -7.5 13.75 0.30169999999999997
0.0 5.0 -7.5 13.75 -0.1532
0.0 7.5 -7.5 13.75 -0.0727
0.0 10.0 -7.5 13.75 0.0441
0.0 -2.5 -5.0 13.75 -0.5767
0.0 0.0 -5.0 13.75 0.3944
0.0 2.5 -5.0 13.75 0.6669
0.0 5.0 -5.0 13.75 0.36040000000000005
0.0 7.5 -5.0 13.75 -0.3261
0.0 -5.0 -2.5 13.75 -0.43459999999999993
0.0 -2.5 -2.5 13.75 -0.7998000000000001
0.0 0.0 -2.5 13.75 -1.4141
0.0 2.5 -2.5 13.75 -0.9706
0.0 5.0 -2.5 13.75 0.41870000000000007
0.0 7.5 -2.5 13.75 -0.013499999999999998
0.0 -5.0 0.0 13.75 7.1518
0.0 -2.5 0.0 13.75 115.641
0.0 0.0 0.0 13.75 -4.5387
0.0 2.5 0.0 13.75 -5.207599999999999
0.0 5.0 0.0 13.75 -2.9106
0.0 7.5 0.0 13.75 -0.0849
0.0 10.0 0.0 13.75 0.4715
0.0 -5.0 2.5 13.75 8.823599999999999
0.0 -2.5 2.5 13.75 16.0852
0.0 0.0 2.5 13.75 -9.776900000000001
0.0 2.5 2.5 13.75 -13.4362
0.0 5.0 2.5 13.75 -8.555
0.0 7.5 2.5 13.75 -1.7497
0.0 -2.5 5.0 13.75 5.8375
0.0 0.0 5.0 13.75 -8.746
0.0 2.5 5.0 13.75 -21.7097
0.0 5.0 5.0 13.75 -17.738
0.0 7.5 5.0 13.75 -6.3214
0.0 10.0 5.0 13.75 1.386
0.0 -5.0 -10.0 15.0 0.1226
0.0 -2.5 -10.0 15.0 0.1619
0.0 0.0 -10.0 15.0 0.1
0.0 2.5 -10.0 15.0 0.1494
0.0 5.0 -10.0 15.0 0.0923
0.0 7.5 -10.0 15.0 0.002
0.0 10.0 -10.0 15.0 0.0
0.0 -5.0 -7.5 15.0 -0.26339999999999997
0.0 -2.5 -7.5 15.0 0.4794
0.0 0.0 -7.5 15.0 0.5173
0.0 2.5 -7.5 15.0 0.1442
0.0 5.0 -7.5 15.0 0.1342
0.0 7.5 -7.5 15.0 0.1254
0.0 10.0 -7.5 15.0 0.0061
0.0 -5.0 -5.0 15.0 -1.2168999999999999
0.0 -2.5 -5.0 15.0 -0.1042
0.0 0.0 -5.0 15.0 0.7375
0.0 2.5 -5.0 15.0 1.0045
0.0 5.0 -5.0 15.0 0.19160000000000002
0.0 7.5 -5.0 15.0 0.15999999999999998
0.0 10.0 -5.0 15.0 0.049300000000000004
0.0 -5.0 -2.5 15.0 -1.002
0.0 -2.5 -2.5 15.0 -0.5569000000000001
0.0 0.0 -2.5 15.0 0.07180000000000009
0.0 2.5 -2.5 15.0 0.7731000000000001
0.0 5.0 -2.5 15.0 0.5518
0.0 7.5 -2.5 15.0 0.0712
0.0 10.0 -2.5 15.0 0.015500000000000002
0.0 -5.0 0.0 15.0 1.2836999999999998
0.0 -2.5 0.0 15.0 -0.4375
0.0 0.0 0.0 15.0 -2.0806
0.0 2.5 0.0 15.0 -2.3396999999999997
0.0 5.0 0.0 15.0 -0.9662
0.0 7.5 0.0 15.0 0.4929
0.0 10.0 0.0 15.0 0.2675
0.0 -5.0 2.5 15.0 7.045699999999999
0.0 -2.5 2.5 15.0 1.6606999999999998
0.0 0.0 2.5 15.0 -5.0947
0.0 2.5 2.5 15.0 -7.884600000000001
0.0 5.0 2.5 15.0 -5.2594
0.0 7.5 2.5 15.0 -1.0251
0.0 10.0 2.5 15.0 0.6916
0.0 -5.0 5.0 15.0 17.2174
0.0 -2.5 5.0 15.0 6.6223
0.0 0.0 5.0 15.0 -7.348599999999999
0.0 2.5 5.0 15.0 -16.674799999999998
0.0 5.0 5.0 15.0 -13.846699999999998
0.0 7.5 5.0 15.0 -5.87
0.0 10.0 5.0 15.0 -0.07950000000000002
0.0 -5.0 -10.0 16.25 0.07490000000000001
0.0 -2.5 -10.0 16.25 0.0882
0.0 0.0 -10.0 16.25 0.0934
0.0 2.5 -10.0 16.25 0.1093
0.0 5.0 -10.0 16.25 0.0184
0.0 7.5 -10.0 16.25 0.0
0.0 10.0 -10.0 16.25 0.0
0.0 -5.0 -7.5 16.25 0.13190000000000002
0.0 -2.5 -7.5 16.25 0.24209999999999998
0.0 0.0 -7.5 16.25 0.2681
0.0 2.5 -7.5 16.25 0.24550000000000002
0.0 5.0 -7.5 16.25 0.1829
0.0 7.5 -7.5 16.25 0.0588
0.0 10.0 -7.5 16.25 0.0002
0.0 -5.0 -5.0 16.25 -0.4046
0.0 -2.5 -5.0 16.25 0.437
0.0 0.0 -5.0 16.25 0.9441999999999999
0.0 2.5 -5.0 16.25 0.7837
0.0 5.0 -5.0 16.25 0.3319
0.0 7.5 -5.0 16.25 0.21610000000000001
0.0 10.0 -5.0 16.25 0.0625
0.0 -5.0 -2.5 16.25 -0.6890000000000001
0.0 -2.5 -2.5 16.25 0.15290000000000004
0.0 0.0 -2.5 16.25 0.7252
0.0 2.5 -2.5 16.25 0.8892
0.0 5.0 -2.5 16.25 0.7376
0.0 7.5 -2.5 16.25 0.39699999999999996
0.0 10.0 -2.5 16.25 0.17320000000000002
0.0 -5.0 0.0 16.25 0.7041999999999999
0.0 -2.5 0.0 16.25 -0.1269
0.0 0.0 0.0 16.25 -0.9639
0.0 2.5 0.0 16.25 -0.7157
0.0 5.0 0.0 16.25 0.1882
0.0 7.5 0.0 16.25 0.1531
0.0 10.0 0.0 16.25 -0.0764
0.0 -5.0 2.5 16.25 3.2291999999999996
0.0 -2.5 2.5 16.25 0.5255000000000001
0.0 0.0 2.5 16.25 -3.0724
0.0 2.5 2.5 16.25 -5.1007
0.0 5.0 2.5 16.25 -3.5584
0.0 7.5 2.5 16.25 -1.0542
0.0 10.0 2.5 16.25 -0.30410000000000004
0.0 -5.0 5.0 16.25 9.0784
0.0 -2.5 5.0 16.25 3.8427999999999995
0.0 0.0 5.0 16.25 -5.3384
0.0 2.5 5.0 16.25 -11.2719
0.0 5.0 5.0 16.25 -9.862
0.0 7.5 5.0 16.25 -5.2844
0.0 10.0 5.0 16.25 -1.4287
60.0 -5.0 -10.0 3.75 2.1153
60.0 -2.5 -10.0 3.75 0.7181
60.0 0.0 -10.0 3.75 0.8061
60.0 2.5 -10.0 3.75 1.5706
60.0 5.0 -10.0 3.75 1.7944
60.0 7.5 -10.0 3.75 1.962
60.0 10.0 -10.0 3.75 1.2453999999999998
60.0 -5.0 -7.5 3.75 6.280100000000001
60.0 -2.5 -7.5 3.75 2.1149999999999998
60.0 0.0 -7.5 3.75 -2.8323
60.0 2.5 -7.5 3.75 1.0355
60.0 5.0 -7.5 3.75 3.6436
60.0 7.5 -7.5 3.75 3.978
60.0 10.0 -7.5 3.75 3.2314
60.0 -5.0 -5.0 3.75 130817.6289
60.0 -2.5 -5.0 3.75 106992.8408
60.0 0.0 -5.0 3.75 60549.0539
60.0 2.5 -5.0 3.75 16.8945
60.0 5.0 -5.0 3.75 7.705
60.0 7.5 -5.0 3.75 2.9196
60.0 10.0 -5.0 3.75 2.7662999999999998
60.0 -5.0 -2.5 3.75 9999999984.7879
60.0 -2.5 -2.5 3.75 1750563690.1122
60.0 0.0 -2.5 3.75 5829682334.3743
60.0 2.5 -2.5 3.75 4552517.9525999995
60.0 5.0 -2.5 3.75 55757.711500000005
60.0 7.5 -2.5 3.75 -2.096
60.0 10.0 -2.5 3.75 -3.3015999999999996
60.0 -5.0 0.0 3.75 665417673.0843
60.0 -2.5 0.0 3.75 9999999992.4503
60.0 0.0 0.0 3.75 17774875.607899997
60.0 2.5 0.0 3.75 9999999901.5886
60.0 5.0 0.0 3.75 206779130.87
60.0 7.5 0.0 3.75 -27.8359
60.0 10.0 0.0 3.75 -19.7632
60.0 -5.0 2.5 3.75 2627971510.5893
60.0 -2.5 2.5 3.75 9999999835.95
60.0 0.0 2.5 3.75 10000000030.749601
60.0 2.5 2.5 3.75 4037671057.3961
60.0 5.0 2.5 3.75 9999999895.8292
60.0 7.5 2.5 3.75 276962.2556
60.0 10.0 2.5 3.75 -45.4566
60.0 -5.0 5.0 3.75 9999999995.698801
60.0 -2.5 5.0 3.75 10000000042.0077
60.0 0.0 5.0 3.75 9999999850.838202
60.0 2.5 5.0 3.75 302507666.39229995
60.0 5.0 5.0 3.75 9999999924.497501
60.0 7.5 5.0 3.75 9999999934.999802
60.0 10.0 5.0 3.75 -23.451700000000002
60.0 0.0 -2.5 6.25 766.6486
60.0 0.0 2.5 6.25 10000000128.3999
60.0 5.0 -7.5 7.5 1.5508
60.0 0.0 -5.0 7.5 157.07590000000002
60.0 0.0 -2.5 7.5 86.6888
60.0 -2.5 0.0 7.5 7813.6161999999995
60.0 0.0 0.0 7.5 3736.0868
60.0 -2.5 2.5 7.5 7195122946.2087
60.0 0.0 2.5 7.5 248838808.9325
60.0 0.0 -7.5 8.75 -2.1655
60.0 0.0 -5.0 8.75 12.940900000000001
60.0 2.5 -5.0 8.75 10.1683
60.0 0.0 -2.5 8.75 39.9834
60.0 -2.5 0.0 8.75 1688.8822
60.0 0.0 0.0 8.75 3412.7617
60.0 -2.5 2.5 8.75 113171935.7894
60.0 0.0 2.5 8.75 10000000517.246601
60.0 2.5 2.5 8.75 10000000145.8181
60.0 -5.0 5.0 8.75 6193425356.6483
60.0 -2.5 5.0 8.75 10000000018.0172
60.0 0.0 5.0 8.75 10000000198.993801
60.0 0.0 -10.0 10.0 -3.3352
60.0 0.0 -7.5 10.0 -0.6649
60.0 2.5 -7.5 10.0 0.9599
60.0 5.0 -7.5 10.0 1.2364000000000002
60.0 0.0 -5.0 10.0 13.3871
60.0 2.5 -5.0 10.0 9.9848
60.0 0.0 -2.5 10.0 37.5278
60.0 -2.5 0.0 10.0 59342.0
60.0 0.0 0.0 10.0 6230538424.964701
60.0 -5.0 2.5 10.0 21439978.6509
60.0 -2.5 2.5 10.0 10000000231.752201
60.0 0.0 2.5 10.0 1827262940.8198
60.0 2.5 2.5 10.0 10000000089.2698
60.0 -2.5 5.0 10.0 1198491468.8068
60.0 0.0 5.0 10.0 91500616.0662
60.0 2.5 5.0 10.0 31621728.1833
60.0 0.0 -10.0 11.25 -2.5639000000000003
60.0 7.5 -10.0 11.25 0.0068000000000000005
60.0 10.0 -10.0 11.25 0.0112
60.0 -2.5 -7.5 11.25 -1.0077
60.0 0.0 -7.5 11.25 0.0943
60.0 2.5 -7.5 11.25 0.7683
60.0 5.0 -7.5 11.25 0.7127
60.0 7.5 -7.5 11.25 0.6037
60.0 10.0 -7.5 11.25 0.327
60.0 0.0 -5.0 11.25 11.095
60.0 2.5 -5.0 11.25 8.4394
60.0 0.0 -2.5 11.25 31.457200000000004
60.0 -2.5 0.0 11.25 3646652.7685
60.0 0.0 0.0 11.25 216434.58239999998
60.0 2.5 0.0 11.25 1850.1112
60.0 -5.0 2.5 11.25 94059.3701
60.0 -2.5 2.5 11.25 10000000075.852701
60.0 0.0 2.5 11.25 10000000064.721802
60.0 2.5 2.5 11.25 29608.0006
60.0 -5.0 5.0 11.25 67615.06
60.0 -2.5 5.0 11.25 90137.6571
60.0 0.0 5.0 11.25 7409.3288999999995
60.0 2.5 5.0 11.25 574886480.6923
60.0 5.0 5.0 11.25 41.945
60.0 0.0 -10.0 12.5 -2.1724
60.0 2.5 -10.0 12.5 -1.6365
60.0 5.0 -10.0 12.5 -0.6695000000000001
60.0 7.5 -10.0 12.5 -0.0326
60.0 10.0 -10.0 12.5 0.0
60.0 -2.5 -7.5 12.5 -0.8583999999999999
60.0 0.0 -7.5 12.5 0.2904
60.0 2.5 -7.5 12.5 0.4058
60.0 5.0 -7.5 12.5 0.27490000000000003
60.0 7.5 -7.5 12.5 0.2175
60.0 10.0 -7.5 12.5 0.085
60.0 -5.0 -5.0 12.5 4.600499999999999
60.0 -2.5 -5.0 12.5 7.1982
60.0 0.0 -5.0 12.5 8.1927
60.0 2.5 -5.0 12.5 6.5721
60.0 -2.5 -2.5 12.5 20.1421
60.0 0.0 -2.5 12.5 23.9973
60.0 5.0 -2.5 12.5 11.2097
60.0 -5.0 0.0 12.5 17.5564
60.0 -2.5 0.0 12.5 810.4417
60.0 0.0 0.0 12.5 640.6734
60.0 2.5 0.0 12.5 136.917
60.0 -5.0 2.5 12.5 60.27460000000001
60.0 -2.5 2.5 12.5 430954.301
60.0 0.0 2.5 12.5 5544.5082
60.0 2.5 2.5 12.5 69.4453
60.0 -5.0 5.0 12.5 2043.5983999999999
60.0 -2.5 5.0 12.5 105.4355
60.0 0.0 5.0 12.5 57.6552
60.0 2.5 5.0 12.5 120899.9544
60.0 5.0 5.0 12.5 17.1843
60.0 -2.5 -10.0 13.75 -2.1925999999999997
60.0 0.0 -10.0 13.75 -1.8785
60.0 2.5 -10.0 13.75 -1.2512
60.0 5.0 -10.0 13.75 -0.2853
60.0 7.5 -10.0 13.75 0.0004
60.0 10.0 -10.0 13.75 0.0
60.0 -2.5 -7.5 13.75 -0.9022
60.0 0.0 -7.5 13.75 -0.4471
60.0 2.5 -7.5 13.75 -0.11510000000000001
60.0 5.0 -7.5 13.75 -0.19560000000000002
60.0 7.5 -7.5 13.75 0.10909999999999999
60.0 10.0 -7.5 13.75 0.0095
60.0 -5.0 -5.0 13.75 2.1635
60.0 -2.5 -5.0 13.75 4.218500000000001
60.0 0.0 -5.0 13.75 5.240200000000001
60.0 2.5 -5.0 13.75 3.9549999999999996
60.0 5.0 -5.0 13.75 2.0749
60.0 7.5 -5.0 13.75 0.4429
60.0 10.0 -5.0 13.75 0.10149999999999999
60.0 -5.0 -2.5 13.75 6.8701
60.0 -2.5 -2.5 13.75 14.1731
60.0 0.0 -2.5 13.75 17.2465
60.0 2.5 -2.5 13.75 14.2686
60.0 5.0 -2.5 13.75 8.0627
60.0 7.5 -2.5 13.75 2.7056
60.0 -5.0 0.0 13.75 10.8882
60.0 -2.5 0.0 13.75 31.432899999999997
60.0 0.0 0.0 13.75 38.0296
60.0 2.5 0.0 13.75 26.9895
60.0 5.0 0.0 13.75 15.052100000000001
60.0 -5.0 2.5 13.75 13.2524
60.0 -2.5 2.5 13.75 58.803200000000004
60.0 0.0 2.5 13.75 44.6049
60.0 2.5 2.5 13.75 34.2631
60.0 -5.0 5.0 13.75 466.2274
60.0 -2.5 5.0 13.75 21.0289
60.0 0.0 5.0 13.75 31.859699999999997
60.0 2.5 5.0 13.75 29.519199999999998
60.0 5.0 5.0 13.75 13.787400000000002
60.0 -5.0 -10.0 15.0 -1.2443
60.0 -2.5 -10.0 15.0 -1.457
60.0 0.0 -10.0 15.0 -1.2216
60.0 2.5 -10.0 15.0 -0.6252
60.0 5.0 -10.0 15.0 -0.0111
60.0 7.5 -10.0 15.0 0.0
60.0 10.0 -10.0 15.0 0.0
60.0 -5.0 -7.5 15.0 -1.4313
60.0 -2.5 -7.5 15.0 -1.1567
60.0 0.0 -7.5 15.0 -1.0035
60.0 2.5 -7.5 15.0 -0.6095
60.0 5.0 -7.5 15.0 -0.07
60.0 7.5 -7.5 15.0 0.0615
60.0 10.0 -7.5 15.0 0.0007
60.0 -5.0 -5.0 15.0 0.9732999999999999
60.0 -2.5 -5.0 15.0 1.8366
60.0 0.0 -5.0 15.0 2.4615
60.0 2.5 -5.0 15.0 2.206
60.0 5.0 -5.0 15.0 1.0091
60.0 7.5 -5.0 15.0 0.18209999999999998
60.0 10.0 -5.0 15.0 0.0472
60.0 -5.0 -2.5 15.0 3.6149
60.0 -2.5 -2.5 15.0 8.4238
60.0 0.0 -2.5 15.0 10.7314
60.0 2.5 -2.5 15.0 8.8515
60.0 5.0 -2.5 15.0 4.798100000000001
60.0 7.5 -2.5 15.0 1.0859999999999999
60.0 10.0 -2.5 15.0 0.0759
60.0 -5.0 0.0 15.0 7.999899999999999
60.0 -2.5 0.0 15.0 16.2824
60.0 0.0 0.0 15.0 20.4725
60.0 2.5 0.0 15.0 17.187900000000003
60.0 5.0 0.0 15.0 9.9175
60.0 7.5 0.0 15.0 3.3095999999999997
60.0 10.0 0.0 15.0 0.1163
60.0 -5.0 2.5 15.0 9.0343
60.0 -2.5 2.5 15.0 20.226599999999998
60.0 0.0 2.5 15.0 26.3018
60.0 2.5 2.5 15.0 22.7254
60.0 5.0 2.5 15.0 13.2425
60.0 7.5 2.5 15.0 3.4644999999999997
60.0 10.0 2.5 15.0 -0.18180000000000002
60.0 -5.0 5.0 15.0 5.9228000000000005
60.0 -2.5 5.0 15.0 15.216700000000001
60.0 0.0 5.0 15.0 21.934199999999997
60.0 2.5 5.0 15.0 18.2025
60.0 5.0 5.0 15.0 8.6913
60.0 -5.0 -10.0 16.25 -0.6918
60.0 -2.5 -10.0 16.25 -0.7855
60.0 0.0 -10.0 16.25 -0.6064999999999999
60.0 2.5 -10.0 16.25 -0.0198
60.0 5.0 -10.0 16.25 0.0021
60.0 7.5 -10.0 16.25 0.0
60.0 10.0 -10.0 16.25 0.0
60.0 -5.0 -7.5 16.25 -0.8746999999999999
60.0 -2.5 -7.5 16.25 -1.0665
60.0 0.0 -7.5 16.25 -0.8275
60.0 2.5 -7.5 16.25 -0.25
60.0 5.0 -7.5 16.25 0.1166
60.0 7.5 -7.5 16.25 0.0249
60.0 10.0 -7.5 16.25 0.0
60.0 -5.0 -5.0 16.25 -0.3859
60.0 -2.5 -5.0 16.25 0.6406
60.0 0.0 -5.0 16.25 1.2191
60.0 2.5 -5.0 16.25 0.7168
60.0 5.0 -5.0 16.25 0.2489
60.0 7.5 -5.0 16.25 0.1273
60.0 10.0 -5.0 16.25 0.0287
60.0 -5.0 -2.5 16.25 1.7371
60.0 -2.5 -2.5 16.25 4.055499999999999
60.0 0.0 -2.5 16.25 5.5739
60.0 2.5 -2.5 16.25 4.481199999999999
60.0 5.0 -2.5 16.25 1.9003
60.0 7.5 -2.5 16.25 0.2072
60.0 10.0 -2.5 16.25 0.0611
60.0 -5.0 0.0 16.25 4.1854
60.0 -2.5 0.0 16.25 9.168800000000001
60.0 0.0 0.0 16.25 11.8518
60.0 2.5 0.0 16.25 10.0501
60.0 5.0 0.0 16.25 5.2154
60.0 7.5 0.0 16.25 1.2642
60.0 10.0 0.0 16.25 -0.0179
60.0 -5.0 2.5 16.25 4.7946
60.0 -2.5 2.5 16.25 11.3477
60.0 0.0 2.5 16.25 15.4862
60.0 2.5 2.5 16.25 13.222100000000001
60.0 5.0 2.5 16.25 6.9511
60.0 7.5 2.5 16.25 1.5303
60.0 10.0 2.5 16.25 -0.4042
60.0 -5.0 5.0 16.25 2.9831
60.0 -2.5 5.0 16.25 9.7262
60.0 0.0 5.0 16.25 13.6722
60.0 2.5 5.0 16.25 10.1367
60.0 5.0 5.0 16.25 4.748500000000001
60.0 7.5 5.0 16.25 0.04450000000000001
60.0 10.0 5.0 16.25 -1.2421
120.0 -5.0 -10.0 3.75 0.8574999999999999
120.0 -2.5 -10.0 3.75 0.7853999999999999
120.0 0.0 -10.0 3.75 0.2923
120.0 2.5 -10.0 3.75 -0.2436
120.0 5.0 -10.0 3.75 -0.769
120.0 7.5 -10.0 3.75 -1.0224
120.0 10.0 -10.0 3.75 -1.0065
120.0 -5.0 -7.5 3.75 0.1189
120.0 -2.5 -7.5 3.75 -0.7951
120.0 0.0 -7.5 3.75 -1.1710999999999998
120.0 2.5 -7.5 3.75 -0.5177
120.0 5.0 -7.5 3.75 -1.9144999999999999
120.0 7.5 -7.5 3.75 -1.7686
120.0 10.0 -7.5 3.75 -1.5893
120.0 -5.0 -5.0 3.75 158.7752
120.0 -2.5 -5.0 3.75 174.9456
120.0 0.0 -5.0 3.75 68769.6958
120.0 2.5 -5.0 3.75 64.4485
120.0 5.0 -5.0 3.75 74.0352
120.0 7.5 -5.0 3.75 -4.4154
120.0 10.0 -5.0 3.75 -1.7044
120.0 -5.0 -2.5 3.75 10000000028.4449
120.0 -2.5 -2.5 3.75 490904589.25439996
120.0 0.0 -2.5 3.75 10000000071.928701
120.0 2.5 -2.5 3.75 10000000016.300201
120.0 5.0 -2.5 3.75 9999999988.972502
120.0 7.5 -2.5 3.75 1447.7245
120.0 10.0 -2.5 3.75 -4.832800000000001
120.0 -5.0 0.0 3.75 10000000005.528101
120.0 -2.5 0.0 3.75 10000000036.3642
120.0 0.0 0.0 3.75 589720233.7404001
120.0 2.5 0.0 3.75 443447299.89430004
120.0 5.0 0.0 3.75 195414127.0442
120.0 7.5 0.0 3.75 10000000052.0786
120.0 10.0 0.0 3.75 -12.8102
120.0 -5.0 2.5 3.75 7273520049.362499
120.0 -2.5 2.5 3.75 8105867867.4417
120.0 0.0 2.5 3.75 10000000385.5034
120.0 2.5 2.5 3.75 729631550.9529
120.0 5.0 2.5 3.75 9999999952.540901
120.0 7.5 2.5 3.75 2481877.9681
120.0 10.0 2.5 3.75 -27.5544
120.0 -5.0 5.0 3.75 10000000268.527
120.0 -2.5 5.0 3.75 9999999845.068201
120.0 0.0 5.0 3.75 9999999883.8384
120.0 2.5 5.0 3.75 10000000010.3463
120.0 5.0 5.0 3.75 9999999959.203701
120.0 7.5 5.0 3.75 1050321.8817
120.0 10.0 5.0 3.75 -40.1535
120.0 -2.5 0.0 5.0 10000000210.6784
120.0 -2.5 2.5 5.0 2577802722.199
120.0 0.0 -2.5 6.25 47971022.634
120.0 -2.5 0.0 6.25 9999999991.800201
120.0 -2.5 2.5 6.25 121854249.8321
120.0 -2.5 5.0 6.25 9999999991.473902
120.0 0.0 -7.5 7.5 -1.1947999999999999
120.0 -2.5 -5.0 7.5 717.8061
120.0 0.0 -5.0 7.5 5.152900000000001
120.0 -2.5 -2.5 7.5 9999999984.557901
120.0 0.0 -2.5 7.5 183159250.1256
120.0 -2.5 0.0 7.5 19328267.1775
120.0 -2.5 2.5 7.5 10000000114.4239
120.0 0.0 2.5 7.5 10000000136.6266
120.0 -2.5 5.0 7.5 3114869202.3696003
120.0 0.0 -7.5 8.75 -1.6157
120.0 -2.5 -5.0 8.75 63108.2872
120.0 0.0 -5.0 8.75 4.9435
120.0 2.5 -5.0 8.75 -3.893299999999999
120.0 -2.5 -2.5 8.75 9999999995.0828
120.0 0.0 -2.5 8.75 3864.1304
120.0 -2.5 0.0 8.75 104910047.2354
120.0 0.0 0.0 8.75 10000000045.098501
120.0 -2.5 2.5 8.75 36493517.967
120.0 0.0 2.5 8.75 26943805.2095
120.0 -5.0 5.0 8.75 10000000211.2506
120.0 -2.5 5.0 8.75 10000000035.789501
120.0 0.0 -7.5 10.0 -2.3231
120.0 2.5 -7.5 10.0 -4.2117
120.0 -2.5 -5.0 10.0 690.8017
120.0 0.0 -5.0 10.0 0.3521000000000001
120.0 2.5 -5.0 10.0 -2.9212
120.0 -2.5 -2.5 10.0 56486.150499999996
120.0 0.0 -2.5 10.0 246.70530000000002
120.0 -2.5 0.0 10.0 9999999968.7896
120.0 0.0 0.0 10.0 110495.4469
120.0 -2.5 2.5 10.0 2463489.0053999997
120.0 0.0 2.5 10.0 5945576132.9543
120.0 2.5 2.5 10.0 453494.2476
120.0 -5.0 5.0 10.0 3526391.7379
120.0 -2.5 5.0 10.0 2030961818.8792999
120.0 0.0 5.0 10.0 3942738211.9287
120.0 0.0 -10.0 11.25 -1.9091
120.0 2.5 -10.0 11.25 -2.8161
120.0 5.0 -10.0 11.25 -2.7709
120.0 7.5 -10.0 11.25 -2.0361000000000002
120.0 0.0 -7.5 11.25 -2.5115000000000003
120.0 2.5 -7.5 11.25 -3.3771
120.0 5.0 -7.5 11.25 -4.2389
120.0 -2.5 -5.0 11.25 9.7981
120.0 0.0 -5.0 11.25 -0.6835000000000001
120.0 2.5 -5.0 11.25 -1.1127
120.0 -5.0 -2.5 11.25 12558.0879
120.0 -2.5 -2.5 11.25 59.802499999999995
120.0 0.0 -2.5 11.25 20.0622
120.0 -5.0 0.0 11.25 1691569.1030000001
120.0 -2.5 0.0 11.25 11548.5902
120.0 0.0 0.0 11.25 3975.108
120.0 2.5 0.0 11.25 21.0688
120.0 5.0 0.0 11.25 28.3717
120.0 -5.0 2.5 11.25 28977281.5667
120.0 -2.5 2.5 11.25 1060259021.6595
120.0 0.0 2.5 11.25 757177.9606
120.0 2.5 2.5 11.25 1791.8903
120.0 -5.0 5.0 11.25 6942080031.4486
120.0 -2.5 5.0 11.25 1566087.5217
120.0 0.0 5.0 11.25 77283378.7629
120.0 2.5 5.0 11.25 11700.2054
120.0 -5.0 -10.0 12.5 -0.1602
120.0 0.0 -10.0 12.5 -1.5121
120.0 2.5 -10.0 12.5 -2.2525
120.0 5.0 -10.0 12.5 -1.9304999999999999
120.0 7.5 -10.0 12.5 -1.4457000000000002
120.0 10.0 -10.0 12.5 -0.7422
120.0 -2.5 -7.5 12.5 -1.3974000000000002
120.0 0.0 -7.5 12.5 -2.4045
120.0 2.5 -7.5 12.5 -3.2754999999999996
120.0 5.0 -7.5 12.5 -3.0696
120.0 -2.5 -5.0 12.5 -1.3056
120.0 0.0 -5.0 12.5 -1.0988
120.0 2.5 -5.0 12.5 -1.095
120.0 -5.0 -2.5 12.5 0.9291
120.0 -2.5 -2.5 12.5 -6.6782
120.0 0.0 -2.5 12.5 0.5465
120.0 -5.0 0.0 12.5 252.98700000000002
120.0 -2.5 0.0 12.5 20.139499999999998
120.0 0.0 0.0 12.5 8.8631
120.0 2.5 0.0 12.5 14.062999999999999
120.0 5.0 0.0 12.5 21.4347
120.0 -5.0 2.5 12.5 132.1206
120.0 -2.5 2.5 12.5 20082.470999999998
120.0 0.0 2.5 12.5 1103.1617
120.0 2.5 2.5 12.5 157.31040000000002
120.0 5.0 2.5 12.5 38.0486
120.0 -5.0 5.0 12.5 256.87579999999997
120.0 -2.5 5.0 12.5 497.37789999999995
120.0 0.0 5.0 12.5 240623.7656
120.0 2.5 5.0 12.5 38.8417
120.0 5.0 5.0 12.5 49.2524
120.0 7.5 5.0 12.5 64.45880000000001
120.0 -5.0 -10.0 13.75 -0.0172
120.0 -2.5 -10.0 13.75 -0.3766
120.0 0.0 -10.0 13.75 -1.0526
120.0 2.5 -10.0 13.75 -1.3682
120.0 5.0 -10.0 13.75 -1.218
120.0 7.5 -10.0 13.75 -0.8885
120.0 10.0 -10.0 13.75 -0.3399
120.0 -2.5 -7.5 13.75 -0.8334
120.0 0.0 -7.5 13.75 -1.6297000000000001
120.0 2.5 -7.5 13.75 -2.577
120.0 5.0 -7.5 13.75 -2.3418
120.0 7.5 -7.5 13.75 -1.6421999999999999
120.0 10.0 -7.5 13.75 -0.9570000000000001
120.0 -5.0 -5.0 13.75 -0.1421
120.0 -2.5 -5.0 13.75 -0.6943
120.0 0.0 -5.0 13.75 -1.0083
120.0 2.5 -5.0 13.75 -1.4014
120.0 -5.0 -2.5 13.75 -0.5555000000000001
120.0 -2.5 -2.5 13.75 -2.2035
120.0 0.0 -2.5 13.75 -0.5105
120.0 2.5 -2.5 13.75 2.5276
120.0 -5.0 0.0 13.75 -1.3066
120.0 -2.5 0.0 13.75 -1.1145
120.0 0.0 0.0 13.75 2.5065
120.0 2.5 0.0 13.75 9.2396
120.0 -5.0 2.5 13.75 -11.3413
120.0 -2.5 2.5 13.75 11.682
120.0 0.0 2.5 13.75 9.1638
120.0 2.5 2.5 13.75 14.8509
120.0 5.0 2.5 13.75 27.2241
120.0 7.5 2.5 13.75 31.480900000000002
120.0 -5.0 5.0 13.75 -23.0202
120.0 -2.5 5.0 13.75 -22.1199
120.0 0.0 5.0 13.75 73.6107
120.0 2.5 5.0 13.75 16.068199999999997
120.0 5.0 5.0 13.75 35.9948
120.0 7.5 5.0 13.75 43.6048
120.0 -5.0 -10.0 15.0 0.049300000000000004
120.0 -2.5 -10.0 15.0 -0.2675
120.0 0.0 -10.0 15.0 -0.506
120.0 2.5 -10.0 15.0 -0.6236
120.0 5.0 -10.0 15.0 -0.662
120.0 7.5 -10.0 15.0 -0.528
120.0 10.0 -10.0 15.0 -0.0399
120.0 -5.0 -7.5 15.0 0.0807
120.0 -2.5 -7.5 15.0 -0.31989999999999996
120.0 0.0 -7.5 15.0 -1.1602
120.0 2.5 -7.5 15.0 -1.7086000000000001
120.0 5.0 -7.5 15.0 -1.4914
120.0 7.5 -7.5 15.0 -1.0664
120.0 10.0 -7.5 15.0 -0.45180000000000003
120.0 -5.0 -5.0 15.0 -0.15360000000000001
120.0 -2.5 -5.0 15.0 -0.6413
120.0 0.0 -5.0 15.0 -1.255
120.0 2.5 -5.0 15.0 -1.46
120.0 5.0 -5.0 15.0 -1.1756000000000002
120.0 7.5 -5.0 15.0 -0.6144999999999999
120.0 10.0 -5.0 15.0 -0.48569999999999997
120.0 -5.0 -2.5 15.0 0.45040000000000013
120.0 -2.5 -2.5 15.0 -0.3393
120.0 0.0 -2.5 15.0 -0.4024
120.0 2.5 -2.5 15.0 1.1333
120.0 5.0 -2.5 15.0 1.7174
120.0 7.5 -2.5 15.0 2.0900000000000003
120.0 10.0 -2.5 15.0 1.534
120.0 -5.0 0.0 15.0 -0.6957
120.0 -2.5 0.0 15.0 -0.3338000000000001
120.0 0.0 0.0 15.0 1.1388
120.0 2.5 0.0 15.0 4.9189
120.0 5.0 0.0 15.0 9.010200000000001
120.0 10.0 0.0 15.0 6.7394
120.0 -5.0 2.5 15.0 -6.5782
120.0 -2.5 2.5 15.0 -5.6334
120.0 0.0 2.5 15.0 -0.6042999999999998
120.0 2.5 2.5 15.0 9.296700000000001
120.0 5.0 2.5 15.0 17.4466
120.0 7.5 2.5 15.0 20.087300000000003
120.0 10.0 2.5 15.0 15.0014
120.0 -5.0 5.0 15.0 -14.8778
120.0 -2.5 5.0 15.0 -15.679599999999999
120.0 0.0 5.0 15.0 -6.9183
120.0 2.5 5.0 15.0 10.3517
120.0 5.0 5.0 15.0 23.4133
120.0 7.5 5.0 15.0 27.564
120.0 10.0 5.0 15.0 22.284100000000002
120.0 -5.0 -10.0 16.25 0.0762
120.0 -2.5 -10.0 16.25 -0.0327
120.0 0.0 -10.0 16.25 -0.3128
120.0 2.5 -10.0 16.25 -0.3508
120.0 5.0 -10.0 16.25 -0.3687
120.0 7.5 -10.0 16.25 -0.0746
120.0 10.0 -10.0 16.25 0.0
120.0 -5.0 -7.5 16.25 0.07139999999999999
120.0 -2.5 -7.5 16.25 -0.19090000000000001
120.0 0.0 -7.5 16.25 -0.7123
120.0 2.5 -7.5 16.25 -0.8200000000000001
120.0 5.0 -7.5 16.25 -0.7525999999999999
120.0 7.5 -7.5 16.25 -0.49310000000000004
120.0 10.0 -7.5 16.25 -0.049
120.0 -5.0 -5.0 16.25 0.0031999999999999945
120.0 -2.5 -5.0 16.25 -0.3035
120.0 0.0 -5.0 16.25 -0.6174999999999999
120.0 2.5 -5.0 16.25 -1.187
120.0 5.0 -5.0 16.25 -1.0127
120.0 7.5 -5.0 16.25 -0.6710999999999999
120.0 10.0 -5.0 16.25 -0.2037
120.0 -5.0 -2.5 16.25 0.7769999999999999
120.0 -2.5 -2.5 16.25 0.14650000000000002
120.0 0.0 -2.5 16.25 0.0174
120.0 2.5 -2.5 16.25 -0.032900000000000006
120.0 5.0 -2.5 16.25 0.5425
120.0 7.5 -2.5 16.25 1.0312999999999999
120.0 10.0 -2.5 16.25 0.8549
120.0 -5.0 0.0 16.25 0.33899999999999997
120.0 -2.5 0.0 16.25 -0.15209999999999996
120.0 0.0 0.0 16.25 0.28669999999999995
120.0 2.5 0.0 16.25 2.1818
120.0 5.0 0.0 16.25 4.348800000000001
120.0 7.5 0.0 16.25 4.5988999999999995
120.0 10.0 0.0 16.25 3.5975
120.0 -5.0 2.5 16.25 -3.315
120.0 -2.5 2.5 16.25 -3.0709
120.0 0.0 2.5 16.25 -0.38439999999999996
120.0 2.5 2.5 16.25 4.8638
120.0 5.0 2.5 16.25 10.0601
120.0 7.5 2.5 16.25 11.0823
120.0 10.0 2.5 16.25 8.0923
120.0 -5.0 5.0 16.25 -9.2143
120.0 -2.5 5.0 16.25 -10.0061
120.0 0.0 5.0 16.25 -4.8143
120.0 2.5 5.0 16.25 5.691000000000001
120.0 5.0 5.0 16.25 12.9509
120.0 7.5 5.0 16.25 16.1254
120.0 10.0 5.0 16.25 12.205
180.0 -5.0 -10.0 3.75 -2.5656999999999996
180.0 -2.5 -10.0 3.75 -1.4472
180.0 0.0 -10.0 3.75 0.12129999999999999
180.0 2.5 -10.0 3.75 0.7558
180.0 5.0 -10.0 3.75 0.6263000000000001
180.0 7.5 -10.0 3.75 0.3841
180.0 10.0 -10.0 3.75 0.24430000000000002
180.0 -5.0 -7.5 3.75 -3.7445
180.0 -2.5 -7.5 3.75 -3.3302
180.0 0.0 -7.5 3.75 -2.1906
180.0 2.5 -7.5 3.75 -0.7012
180.0 5.0 -7.5 3.75 0.5216999999999999
180.0 7.5 -7.5 3.75 0.45499999999999996
180.0 10.0 -7.5 3.75 0.1789
180.0 -5.0 -5.0 3.75 -4.9573
180.0 -2.5 -5.0 3.75 -3.632
180.0 0.0 -5.0 3.75 -6.251399999999999
180.0 2.5 -5.0 3.75 -5.5322000000000005
180.0 5.0 -5.0 3.75 -3.0143999999999997
180.0 7.5 -5.0 3.75 -1.1534
180.0 10.0 -5.0 3.75 -0.33820000000000006
180.0 -5.0 -2.5 3.75 52502124.003199995
180.0 -2.5 -2.5 3.75 9999999987.413301
180.0 0.0 -2.5 3.75 9999999968.1558
180.0 2.5 -2.5 3.75 4535809.472399999
180.0 5.0 -2.5 3.75 579.1175
180.0 7.5 -2.5 3.75 2.0684
180.0 10.0 -2.5 3.75 -3.0166
180.0 -5.0 0.0 3.75 9999999979.184502
180.0 -2.5 0.0 3.75 9999999989.8691
180.0 0.0 0.0 3.75 9999999870.9909
180.0 2.5 0.0 3.75 9999999991.3973
180.0 5.0 0.0 3.75 400889423.6211
180.0 7.5 0.0 3.75 5402.0869999999995
180.0 10.0 0.0 3.75 -0.6487999999999996
180.0 -5.0 2.5 3.75 9999999431.7103
180.0 -2.5 2.5 3.75 9999999973.5468
180.0 0.0 2.5 3.75 619460297.5569
180.0 2.5 2.5 3.75 6299531284.4541
180.0 5.0 2.5 3.75 9999999973.1846
180.0 7.5 2.5 3.75 62626268.17
180.0 10.0 2.5 3.75 -5.405800000000001
180.0 -5.0 5.0 3.75 9999999804.7308
180.0 -2.5 5.0 3.75 10000000163.807402
180.0 0.0 5.0 3.75 9999999957.7791
180.0 2.5 5.0 3.75 9999999910.433102
180.0 5.0 5.0 3.75 10000000030.6341
180.0 7.5 5.0 3.75 1051444684.2109
180.0 10.0 5.0 3.75 4.941200000000002
180.0 -2.5 2.5 5.0 10000000032.772902
180.0 -2.5 -2.5 6.25 21661.0284
180.0 -2.5 0.0 6.25 56597144.215
180.0 -2.5 -2.5 7.5 80124.0289
180.0 -2.5 0.0 7.5 120515242.8461
180.0 -2.5 2.5 7.5 1326551411.794
180.0 0.0 2.5 7.5 10000000532.6777
180.0 2.5 2.5 7.5 12539345.8116
180.0 2.5 -10.0 8.75 0.11370000000000001
180.0 -2.5 -7.5 8.75 -1.8786
180.0 2.5 -7.5 8.75 -0.47890000000000005
180.0 5.0 -7.5 8.75 -0.5343
180.0 -5.0 -5.0 8.75 29.907400000000003
180.0 -2.5 -5.0 8.75 4506.3688999999995
180.0 -5.0 -2.5 8.75 159592.4252
180.0 -2.5 -2.5 8.75 359266388.738
180.0 0.0 -2.5 8.75 10000000032.750301
180.0 -5.0 0.0 8.75 10000000094.958302
180.0 -2.5 0.0 8.75 1484371375.6959
180.0 0.0 0.0 8.75 9999999995.6944
180.0 -5.0 2.5 8.75 9999999886.182402
180.0 -2.5 2.5 8.75 250133664.27949998
180.0 0.0 2.5 8.75 2615507007.5155
180.0 2.5 2.5 8.75 45131115.527499996
180.0 0.0 5.0 8.75 9999999987.172401
180.0 2.5 5.0 8.75 9999999834.9806
180.0 2.5 -10.0 10.0 0.2894
180.0 -2.5 -7.5 10.0 -1.693
180.0 0.0 -7.5 10.0 -0.5872
180.0 2.5 -7.5 10.0 -0.2963
180.0 5.0 -7.5 10.0 -0.274
180.0 -5.0 -5.0 10.0 38.5107
180.0 -2.5 -5.0 10.0 392.0849
180.0 0.0 -5.0 10.0 7.5753
180.0 -5.0 -2.5 10.0 3060650409.8504
180.0 -2.5 -2.5 10.0 154558950.1788
180.0 0.0 -2.5 10.0 835714132.4415
180.0 -5.0 0.0 10.0 9999999960.8414
180.0 -2.5 0.0 10.0 3023486.9768000003
180.0 0.0 0.0 10.0 393127.30480000004
180.0 -5.0 2.5 10.0 10000000244.1532
180.0 -2.5 2.5 10.0 4432835.5734
180.0 0.0 2.5 10.0 3156793757.3023
180.0 2.5 2.5 10.0 4840.5935
180.0 -2.5 5.0 10.0 10000000060.2686
180.0 0.0 5.0 10.0 10000000052.043402
180.0 2.5 5.0 10.0 10000000187.7038
180.0 5.0 5.0 10.0 21989610.6192
180.0 -2.5 -10.0 11.25 -0.19069999999999998
180.0 2.5 -10.0 11.25 0.35760000000000003
180.0 5.0 -10.0 11.25 0.38
180.0 -2.5 -7.5 11.25 -0.8247
180.0 0.0 -7.5 11.25 -0.1516
180.0 2.5 -7.5 11.25 0.12390000000000001
180.0 5.0 -7.5 11.25 -0.18630000000000002
180.0 -5.0 -5.0 11.25 1.0557
180.0 -2.5 -5.0 11.25 46.300599999999996
180.0 0.0 -5.0 11.25 -0.12449999999999983
180.0 -5.0 -2.5 11.25 10000000143.432901
180.0 -2.5 -2.5 11.25 31153921.099200003
180.0 0.0 -2.5 11.25 2023785.9984000002
180.0 -5.0 0.0 11.25 24902.1425
180.0 -2.5 0.0 11.25 6125.3398
180.0 0.0 0.0 11.25 10551.6681
180.0 -5.0 2.5 11.25 1953439.6032
180.0 -2.5 2.5 11.25 4357647801.1685
180.0 0.0 2.5 11.25 192912.339
180.0 2.5 2.5 11.25 14.780999999999999
180.0 -5.0 5.0 11.25 3703441179.2948
180.0 -2.5 5.0 11.25 743857867.444
180.0 0.0 5.0 11.25 8226824359.603399
180.0 2.5 5.0 11.25 6830.0455
180.0 5.0 5.0 11.25 340470577.9438
180.0 7.5 5.0 11.25 31.9603
180.0 -2.5 -10.0 12.5 0.11750000000000001
180.0 0.0 -10.0 12.5 0.3039
180.0 2.5 -10.0 12.5 0.2044
180.0 5.0 -10.0 12.5 0.2576
180.0 7.5 -10.0 12.5 0.1838
180.0 -2.5 -7.5 12.5 0.2928
180.0 0.0 -7.5 12.5 0.42740000000000006
180.0 2.5 -7.5 12.5 0.44650000000000006
180.0 5.0 -7.5 12.5 0.0721
180.0 -5.0 -5.0 12.5 7.860799999999999
180.0 -2.5 -5.0 12.5 4.4287
180.0 0.0 -5.0 12.5 0.19020000000000015
180.0 2.5 -5.0 12.5 -0.5543
180.0 5.0 -5.0 12.5 -0.7901
180.0 -5.0 -2.5 12.5 193844.5817
180.0 -2.5 -2.5 12.5 678.1767
180.0 0.0 -2.5 12.5 7.951
180.0 2.5 -2.5 12.5 -3.6193
180.0 5.0 -2.5 12.5 -4.3514
180.0 -5.0 0.0 12.5 36.892399999999995
180.0 -2.5 0.0 12.5 18.2773
180.0 0.0 0.0 12.5 7.5064
180.0 2.5 0.0 12.5 -6.758100000000001
180.0 -5.0 2.5 12.5 429537.20300000004
180.0 -2.5 2.5 12.5 7763.4868
180.0 0.0 2.5 12.5 164.5517
180.0 2.5 2.5 12.5 -3.587300000000001
180.0 5.0 2.5 12.5 -6.6175999999999995
180.0 -5.0 5.0 12.5 31831.7278
180.0 -2.5 5.0 12.5 330424.159
180.0 0.0 5.0 12.5 487066.6615
180.0 2.5 5.0 12.5 36.019
180.0 5.0 5.0 12.5 17954375.442700002
180.0 7.5 5.0 12.5 2.5759999999999996
180.0 10.0 5.0 12.5 4.4051
180.0 -5.0 -10.0 13.75 -0.0509
180.0 -2.5 -10.0 13.75 0.1516
180.0 0.0 -10.0 13.75 0.0459
180.0 2.5 -10.0 13.75 0.039
180.0 5.0 -10.0 13.75 0.2367
180.0 7.5 -10.0 13.75 0.1077
180.0 -5.0 -7.5 13.75 1.0636999999999999
180.0 -2.5 -7.5 13.75 0.9741000000000001
180.0 0.0 -7.5 13.75 0.7855000000000001
180.0 2.5 -7.5 13.75 0.6764
180.0 5.0 -7.5 13.75 0.021300000000000006
180.0 10.0 -7.5 13.75 0.10339999999999999
180.0 -5.0 -5.0 13.75 3.5492
180.0 -2.5 -5.0 13.75 2.1696
180.0 0.0 -5.0 13.75 0.7101
180.0 2.5 -5.0 13.75 -0.0358
180.0 5.0 -5.0 13.75 -0.6142000000000001
180.0 -5.0 -2.5 13.75 26.9943
180.0 -2.5 -2.5 13.75 0.32489999999999974
180.0 0.0 -2.5 13.75 -1.9206999999999999
180.0 2.5 -2.5 13.75 -2.2901
180.0 5.0 -2.5 13.75 -2.7056
180.0 -5.0 0.0 13.75 -4.4761
180.0 -2.5 0.0 13.75 -4.014
180.0 0.0 0.0 13.75 -5.6164
180.0 2.5 0.0 13.75 -4.3253
180.0 5.0 0.0 13.75 -4.6949000000000005
180.0 7.5 0.0 13.75 -4.1716
180.0 -5.0 2.5 13.75 4.429399999999999
180.0 -2.5 2.5 13.75 -5.4133
180.0 0.0 2.5 13.75 -10.3987
180.0 2.5 2.5 13.75 -5.975099999999999
180.0 5.0 2.5 13.75 -5.3015
180.0 7.5 2.5 13.75 -3.6391
180.0 10.0 2.5 13.75 -2.2751
180.0 -5.0 5.0 13.75 16.9324
180.0 -2.5 5.0 13.75 146.0242
180.0 0.0 5.0 13.75 9999999663.0678
180.0 2.5 5.0 13.75 -11.572700000000001
180.0 5.0 5.0 13.75 192.1128
180.0 7.5 5.0 13.75 1.3729999999999998
180.0 -5.0 -10.0 15.0 0.251
180.0 -2.5 -10.0 15.0 0.19970000000000002
180.0 0.0 -10.0 15.0 0.06230000000000001
180.0 2.5 -10.0 15.0 0.1142
180.0 5.0 -10.0 15.0 0.15000000000000002
180.0 7.5 -10.0 15.0 0.072
180.0 10.0 -10.0 15.0 0.0151
180.0 -5.0 -7.5 15.0 0.8200999999999999
180.0 -2.5 -7.5 15.0 1.1533
180.0 0.0 -7.5 15.0 0.9249
180.0 2.5 -7.5 15.0 0.2429
180.0 5.0 -7.5 15.0 -0.1231
180.0 7.5 -7.5 15.0 0.1331
180.0 10.0 -7.5 15.0 0.0668
180.0 -5.0 -5.0 15.0 1.7888999999999997
180.0 -2.5 -5.0 15.0 1.604
180.0 0.0 -5.0 15.0 1.2027
180.0 2.5 -5.0 15.0 0.3195
180.0 5.0 -5.0 15.0 -0.34459999999999996
180.0 7.5 -5.0 15.0 -0.24130000000000001
180.0 -5.0 -2.5 15.0 0.014700000000000046
180.0 -2.5 -2.5 15.0 0.0045999999999999375
180.0 0.0 -2.5 15.0 -0.6465
180.0 2.5 -2.5 15.0 -1.1446
180.0 5.0 -2.5 15.0 -1.168
180.0 7.5 -2.5 15.0 -1.3393
180.0 -5.0 0.0 15.0 -3.6412
180.0 -2.5 0.0 15.0 -3.3796999999999997
180.0 0.0 0.0 15.0 -3.6341
180.0 2.5 0.0 15.0 -3.0731
180.0 5.0 0.0 15.0 -3.3262
180.0 7.5 0.0 15.0 -2.5534
180.0 -5.0 2.5 15.0 -8.6832
180.0 -2.5 2.5 15.0 -11.0466
180.0 0.0 2.5 15.0 -12.0035
180.0 2.5 2.5 15.0 -6.8772
180.0 5.0 2.5 15.0 -4.4204
180.0 7.5 2.5 15.0 -3.1944999999999997
180.0 10.0 2.5 15.0 -1.6295000000000002
180.0 -5.0 5.0 15.0 -17.1261
180.0 -2.5 5.0 15.0 -24.8369
180.0 0.0 5.0 15.0 144.68730000000002
180.0 2.5 5.0 15.0 -15.455400000000001
180.0 5.0 5.0 15.0 -5.324400000000001
180.0 7.5 5.0 15.0 0.22630000000000006
180.0 10.0 5.0 15.0 1.2759999999999998
180.0 -5.0 -10.0 16.25 0.1518
180.0 -2.5 -10.0 16.25 0.1235
180.0 0.0 -10.0 16.25 0.1146
180.0 2.5 -10.0 16.25 0.0744
180.0 5.0 -10.0 16.25 0.1172
180.0 7.5 -10.0 16.25 0.0527
180.0 10.0 -10.0 16.25 0.001
180.0 -5.0 -7.5 16.25 0.7518
180.0 -2.5 -7.5 16.25 0.6011
180.0 0.0 -7.5 16.25 0.3061
180.0 2.5 -7.5 16.25 -0.188
180.0 5.0 -7.5 16.25 0.1344
180.0 7.5 -7.5 16.25 0.1009
180.0 10.0 -7.5 16.25 0.0239
180.0 -5.0 -5.0 16.25 1.0903
180.0 -2.5 -5.0 16.25 0.9187
180.0 0.0 -5.0 16.25 0.49000000000000005
180.0 2.5 -5.0 16.25 0.18680000000000002
180.0 5.0 -5.0 16.25 -0.1981
180.0 7.5 -5.0 16.25 -0.09709999999999999
180.0 10.0 -5.0 16.25 0.0183
180.0 -5.0 -2.5 16.25 0.18830000000000002
180.0 -2.5 -2.5 16.25 0.45539999999999997
180.0 0.0 -2.5 16.25 0.1355
180.0 2.5 -2.5 16.25 -0.359
180.0 5.0 -2.5 16.25 -0.619
180.0 7.5 -2.5 16.25 -0.6263
180.0 10.0 -2.5 16.25 -0.1497
180.0 -5.0 0.0 16.25 -2.862
180.0 -2.5 0.0 16.25 -2.4855
180.0 0.0 0.0 16.25 -2.4103000000000003
180.0 2.5 0.0 16.25 -2.223
180.0 5.0 0.0 16.25 -1.615
180.0 7.5 0.0 16.25 -1.2996999999999999
180.0 10.0 0.0 16.25 -0.9581
180.0 -5.0 2.5 16.25 -7.815300000000001
180.0 -2.5 2.5 16.25 -9.4712
180.0 0.0 2.5 16.25 -9.4197
180.0 2.5 2.5 16.25 -5.953
180.0 5.0 2.5 16.25 -3.1987
180.0 7.5 2.5 16.25 -1.9265
180.0 10.0 2.5 16.25 -1.3881000000000001
180.0 -5.0 5.0 16.25 -14.0143
180.0 -2.5 5.0 16.25 -21.076900000000002
180.0 0.0 5.0 16.25 -23.169700000000002
180.0 2.5 5.0 16.25 -12.7745
180.0 5.0 5.0 16.25 -4.2172
180.0 7.5 5.0 16.25 -0.5125
180.0 10.0 5.0 16.25 0.3814
240.0 -5.0 -10.0 3.75 -0.9713
240.0 -2.5 -10.0 3.75 -3.5484
240.0 0.0 -10.0 3.75 -4.703600000000001
240.0 2.5 -10.0 3.75 -4.1784
240.0 5.0 -10.0 3.75 -3.1484
240.0 7.5 -10.0 3.75 -1.4559
240.0 10.0 -10.0 3.75 -0.47109999999999996
240.0 -5.0 -7.5 3.75 3.6684000000000005
240.0 -2.5 -7.5 3.75 -8.2401
240.0 0.0 -7.5 3.75 2.7739000000000003
240.0 2.5 -7.5 3.75 -3.9149000000000003
240.0 5.0 -7.5 3.75 -2.1962
240.0 7.5 -7.5 3.75 -1.1802000000000001
240.0 10.0 -7.5 3.75 -0.5033
240.0 -5.0 -5.0 3.75 1308.8274999999999
240.0 -2.5 -5.0 3.75 3666144.8098000004
240.0 0.0 -5.0 3.75 467156432.68340003
240.0 2.5 -5.0 3.75 37232432.2337
240.0 5.0 -5.0 3.75 0.24149999999999983
240.0 7.5 -5.0 3.75 -0.12739999999999996
240.0 10.0 -5.0 3.75 -0.3781
240.0 -5.0 -2.5 3.75 10000000046.745901
240.0 -2.5 -2.5 3.75 10000000016.728102
240.0 0.0 -2.5 3.75 10000000125.4162
240.0 2.5 -2.5 3.75 857252.3484
240.0 5.0 -2.5 3.75 739.4473999999999
240.0 7.5 -2.5 3.75 3.5881999999999996
240.0 10.0 -2.5 3.75 -0.4347000000000001
240.0 -5.0 0.0 3.75 10000000158.4974
240.0 -2.5 0.0 3.75 9999999884.045801
240.0 0.0 0.0 3.75 3325240521.6011
240.0 2.5 0.0 3.75 5326128259.1208
240.0 5.0 0.0 3.75 9750775713.6611
240.0 7.5 0.0 3.75 1297610.1255
240.0 10.0 0.0 3.75 5.7114
240.0 -5.0 2.5 3.75 9999999947.221102
240.0 -2.5 2.5 3.75 10000000075.2907
240.0 0.0 2.5 3.75 10000000053.4811
240.0 2.5 2.5 3.75 5984331568.6155
240.0 5.0 2.5 3.75 1321069.6489000001
240.0 7.5 2.5 3.75 2860209379.2348
240.0 10.0 2.5 3.75 340.4677
240.0 -5.0 5.0 3.75 10000000040.753801
240.0 -2.5 5.0 3.75 10000000096.7665
240.0 0.0 5.0 3.75 9999999955.498001
240.0 2.5 5.0 3.75 4713937494.9626
240.0 5.0 5.0 3.75 10000000040.917301
240.0 7.5 5.0 3.75 10000000007.2259
240.0 10.0 5.0 3.75 2131.0878000000002
240.0 0.0 5.0 5.0 10000000224.4346
240.0 2.5 -7.5 6.25 -2.2349
240.0 0.0 -2.5 6.25 3842762.0567
240.0 0.0 0.0 6.25 66046153.299100004
240.0 -2.5 2.5 6.25 10000000007.3759
240.0 0.0 2.5 6.25 146663869.2965
240.0 0.0 5.0 6.25 9999999948.872501
240.0 2.5 -7.5 7.5 -0.854
240.0 0.0 -5.0 7.5 10.480599999999999
240.0 2.5 -5.0 7.5 7.6095
240.0 0.0 -2.5 7.5 131142.262
240.0 2.5 -2.5 7.5 1513.3890000000001
240.0 0.0 0.0 7.5 97183365.9917
240.0 2.5 0.0 7.5 124215766.748
240.0 0.0 2.5 7.5 494599158.9045
240.0 -2.5 5.0 7.5 10000000031.4361
240.0 0.0 5.0 7.5 99448650.4672
240.0 2.5 -10.0 8.75 -2.5688
240.0 2.5 -7.5 8.75 0.31200000000000006
240.0 0.0 -5.0 8.75 6.3118
240.0 2.5 -5.0 8.75 5.787099999999999
240.0 -2.5 -2.5 8.75 50063049.7986
240.0 0.0 -2.5 8.75 61963.5251
240.0 2.5 -2.5 8.75 466765.0513
240.0 -5.0 0.0 8.75 1508971254.5209
240.0 -2.5 0.0 8.75 21327774.123200003
240.0 0.0 0.0 8.75 1918681343.4335
240.0 2.5 0.0 8.75 612843745.5158999
240.0 -2.5 2.5 8.75 10000000033.1807
240.0 0.0 2.5 8.75 288984010.53620005
240.0 2.5 2.5 8.75 10000000120.4312
240.0 -2.5 5.0 8.75 10000000045.2075
240.0 0.0 5.0 8.75 9999999989.455301
240.0 2.5 5.0 8.75 4726686036.7088995
240.0 2.5 -10.0 10.0 -1.6912
240.0 5.0 -10.0 10.0 -1.3217
240.0 2.5 -7.5 10.0 0.6799
240.0 -5.0 -5.0 10.0 536.8801
240.0 0.0 -5.0 10.0 4.3124
240.0 2.5 -5.0 10.0 3.9376999999999995
240.0 -5.0 -2.5 10.0 5236142.2501
240.0 -2.5 -2.5 10.0 6130.5688
240.0 0.0 -2.5 10.0 999637.3258
240.0 2.5 -2.5 10.0 63177430.063
240.0 -5.0 0.0 10.0 2696176.5001000003
240.0 -2.5 0.0 10.0 227924.80800000002
240.0 0.0 0.0 10.0 1308826160.5553
240.0 2.5 0.0 10.0 3995041.4159000004
240.0 -2.5 2.5 10.0 107467882.2625
240.0 0.0 2.5 10.0 1931745332.2982001
240.0 2.5 2.5 10.0 210966991.7305
240.0 5.0 2.5 10.0 54455739.9973
240.0 -2.5 5.0 10.0 10000000127.992
240.0 0.0 5.0 10.0 320692123.2537
240.0 2.5 5.0 10.0 43889542.687599994
240.0 5.0 5.0 10.0 9999999998.8859
240.0 -2.5 -10.0 11.25 -0.9103
240.0 2.5 -10.0 11.25 -1.199
240.0 5.0 -10.0 11.25 -0.8962
240.0 10.0 -10.0 11.25 -0.0635
240.0 2.5 -7.5 11.25 0.3596
240.0 -5.0 -5.0 11.25 1.8447
240.0 -2.5 -5.0 11.25 2.5578000000000003
240.0 0.0 -5.0 11.25 3.1011999999999995
240.0 2.5 -5.0 11.25 4.1951
240.0 -5.0 -2.5 11.25 672.5335
240.0 -2.5 -2.5 11.25 54.2482
240.0 0.0 -2.5 11.25 763008.2811
240.0 2.5 -2.5 11.25 1169465687.7864
240.0 -5.0 0.0 11.25 140.01780000000002
240.0 -2.5 0.0 11.25 6509.7499
240.0 0.0 0.0 11.25 175402.8849
240.0 2.5 0.0 11.25 3896.8133
240.0 -2.5 2.5 11.25 9999999975.6219
240.0 0.0 2.5 11.25 474614.69820000004
240.0 2.5 2.5 11.25 16394583.589399999
240.0 5.0 2.5 11.25 5569.2861
240.0 -2.5 5.0 11.25 946269574.9338
240.0 0.0 5.0 11.25 9999999866.732302
240.0 2.5 5.0 11.25 4839753.228
240.0 5.0 5.0 11.25 7231849.3179
240.0 7.5 5.0 11.25 28.94
240.0 -2.5 -10.0 12.5 -0.3771
240.0 0.0 -10.0 12.5 -0.6528999999999999
240.0 2.5 -10.0 12.5 -0.5212
240.0 5.0 -10.0 12.5 -0.5759
240.0 7.5 -10.0 12.5 -0.2343
240.0 10.0 -10.0 12.5 -0.0225
240.0 -5.0 -7.5 12.5 -0.1883
240.0 0.0 -7.5 12.5 0.7159
240.0 2.5 -7.5 12.5 0.5979
240.0 5.0 -7.5 12.5 0.39640000000000003
240.0 7.5 -7.5 12.5 -0.1495
240.0 10.0 -7.5 12.5 -0.1244
240.0 -5.0 -5.0 12.5 -1.0734000000000001
240.0 -2.5 -5.0 12.5 0.6151
240.0 0.0 -5.0 12.5 2.7544999999999997
240.0 2.5 -5.0 12.5 3.6527000000000003
240.0 5.0 -5.0 12.5 2.611
240.0 -5.0 -2.5 12.5 -3.8063000000000002
240.0 -2.5 -2.5 12.5 5.1392
240.0 0.0 -2.5 12.5 16733.152899999997
240.0 2.5 -2.5 12.5 688.7087
240.0 -5.0 0.0 12.5 33.4038
240.0 -2.5 0.0 12.5 82.7025
240.0 0.0 0.0 12.5 779.0877
240.0 2.5 0.0 12.5 25.7408
240.0 -2.5 2.5 12.5 378210.7894
240.0 0.0 2.5 12.5 9.745599999999996
240.0 2.5 2.5 12.5 109.29339999999999
240.0 5.0 2.5 12.5 11.724
240.0 -2.5 5.0 12.5 262370912.69840002
240.0 0.0 5.0 12.5 1723.9257
240.0 2.5 5.0 12.5 14029.430900000001
240.0 5.0 5.0 12.5 2073.0271
240.0 7.5 5.0 12.5 6.5979
240.0 10.0 5.0 12.5 2.6719
240.0 -5.0 -10.0 13.75 0.16119999999999998
240.0 -2.5 -10.0 13.75 0.036699999999999997
240.0 0.0 -10.0 13.75 0.0416
240.0 2.5 -10.0 13.75 0.0252
240.0 5.0 -10.0 13.75 -0.1488
240.0 7.5 -10.0 13.75 -0.0657
240.0 10.0 -10.0 13.75 0.0397
240.0 -5.0 -7.5 13.75 0.2846
240.0 -2.5 -7.5 13.75 0.527
240.0 0.0 -7.5 13.75 0.6786
240.0 2.5 -7.5 13.75 0.6823999999999999
240.0 5.0 -7.5 13.75 0.17149999999999999
240.0 7.5 -7.5 13.75 -0.1341
240.0 10.0 -7.5 13.75 0.0034000000000000002
240.0 -5.0 -5.0 13.75 -1.2433999999999998
240.0 -2.5 -5.0 13.75 0.04389999999999994
240.0 0.0 -5.0 13.75 1.8242999999999998
240.0 2.5 -5.0 13.75 2.4195
240.0 5.0 -5.0 13.75 1.9497
240.0 7.5 -5.0 13.75 0.7218
240.0 -5.0 -2.5 13.75 -4.7765
240.0 -2.5 -2.5 13.75 -2.5327
240.0 0.0 -2.5 13.75 7.4678
240.0 2.5 -2.5 13.75 3.1122
240.0 5.0 -2.5 13.75 2.5349
240.0 -5.0 0.0 13.75 -8.3844
240.0 -2.5 0.0 13.75 -11.7223
240.0 0.0 0.0 13.75 -7.4
240.0 2.5 0.0 13.75 -3.8003
240.0 5.0 0.0 13.75 1.6117000000000001
240.0 -5.0 2.5 13.75 573.1642
240.0 -2.5 2.5 13.75 -17.476499999999998
240.0 0.0 2.5 13.75 -27.1606
240.0 2.5 2.5 13.75 -15.9485
240.0 5.0 2.5 13.75 -4.9771
240.0 7.5 2.5 13.75 1.1848
240.0 -2.5 5.0 13.75 153855.03420000002
240.0 0.0 5.0 13.75 -37.745000000000005
240.0 2.5 5.0 13.75 -27.0262
240.0 5.0 5.0 13.75 905.3757
240.0 7.5 5.0 13.75 -5.9484
240.0 10.0 5.0 13.75 -0.4803
240.0 -5.0 -10.0 15.0 0.42729999999999996
240.0 -2.5 -10.0 15.0 0.5271999999999999
240.0 0.0 -10.0 15.0 0.3498
240.0 2.5 -10.0 15.0 0.1769
240.0 5.0 -10.0 15.0 0.079
240.0 7.5 -10.0 15.0 0.08789999999999999
240.0 10.0 -10.0 15.0 0.062
240.0 -5.0 -7.5 15.0 0.7884
240.0 -2.5 -7.5 15.0 0.9275
240.0 0.0 -7.5 15.0 0.9163
240.0 2.5 -7.5 15.0 0.7237
240.0 5.0 -7.5 15.0 0.246
240.0 7.5 -7.5 15.0 -0.0901
240.0 10.0 -7.5 15.0 0.13060000000000002
240.0 -5.0 -5.0 15.0 -0.5004
240.0 -2.5 -5.0 15.0 -0.26689999999999997
240.0 0.0 -5.0 15.0 0.36149999999999993
240.0 2.5 -5.0 15.0 0.9484
240.0 5.0 -5.0 15.0 0.6123999999999999
240.0 7.5 -5.0 15.0 0.2126
240.0 10.0 -5.0 15.0 -0.042300000000000004
240.0 -5.0 -2.5 15.0 -3.6950000000000003
240.0 -2.5 -2.5 15.0 -3.4215
240.0 0.0 -2.5 15.0 -2.2731
240.0 2.5 -2.5 15.0 -0.7058
240.0 5.0 -2.5 15.0 0.5302
240.0 7.5 -2.5 15.0 0.8008
240.0 10.0 -2.5 15.0 0.1623
240.0 -5.0 0.0 15.0 -7.2181999999999995
240.0 -2.5 0.0 15.0 -9.805
240.0 0.0 0.0 15.0 -9.6173
240.0 2.5 0.0 15.0 -5.9634
240.0 5.0 0.0 15.0 -1.6841
240.0 10.0 0.0 15.0 0.6057999999999999
240.0 -5.0 2.5 15.0 -10.0452
240.0 -2.5 2.5 15.0 -18.3413
240.0 0.0 2.5 15.0 -20.9311
240.0 2.5 2.5 15.0 -15.8918
240.0 5.0 2.5 15.0 -8.4652
240.0 7.5 2.5 15.0 -2.303
240.0 -5.0 5.0 15.0 680.0031
240.0 -2.5 5.0 15.0 8.5591
240.0 0.0 5.0 15.0 -33.0612
240.0 2.5 5.0 15.0 -33.456199999999995
240.0 5.0 5.0 15.0 -14.555
240.0 7.5 5.0 15.0 -10.2959
240.0 10.0 5.0 15.0 -1.8971999999999998
240.0 -5.0 -10.0 16.25 0.5627
240.0 -2.5 -10.0 16.25 0.5637
240.0 0.0 -10.0 16.25 0.5473
240.0 2.5 -10.0 16.25 0.34840000000000004
240.0 5.0 -10.0 16.25 0.1067
240.0 7.5 -10.0 16.25 0.1789
240.0 10.0 -10.0 16.25 0.0228
240.0 -5.0 -7.5 16.25 0.7815
240.0 -2.5 -7.5 16.25 1.0721
240.0 0.0 -7.5 16.25 0.9734
240.0 2.5 -7.5 16.25 0.7854000000000001
240.0 5.0 -7.5 16.25 0.1948
240.0 7.5 -7.5 16.25 0.0352
240.0 10.0 -7.5 16.25 0.10790000000000001
240.0 -5.0 -5.0 16.25 0.0829
240.0 -2.5 -5.0 16.25 0.17509999999999998
240.0 0.0 -5.0 16.25 0.3074
240.0 2.5 -5.0 16.25 0.3897
240.0 5.0 -5.0 16.25 0.30269999999999997
240.0 7.5 -5.0 16.25 0.011399999999999999
240.0 10.0 -5.0 16.25 -0.0358
240.0 -5.0 -2.5 16.25 -1.9556
240.0 -2.5 -2.5 16.25 -3.0128
240.0 0.0 -2.5 16.25 -2.795
240.0 2.5 -2.5 16.25 -1.3893
240.0 5.0 -2.5 16.25 -0.2943
240.0 7.5 -2.5 16.25 -0.022799999999999997
240.0 10.0 -2.5 16.25 -0.1307
240.0 -5.0 0.0 16.25 -5.0457
240.0 -2.5 0.0 16.25 -7.9635
240.0 0.0 0.0 16.25 -9.0029
240.0 2.5 0.0 16.25 -6.5407
240.0 5.0 0.0 16.25 -3.5518
240.0 7.5 0.0 16.25 -0.5201
240.0 10.0 0.0 16.25 -0.099
240.0 -5.0 2.5 16.25 -7.2846
240.0 -2.5 2.5 16.25 -14.1108
240.0 0.0 2.5 16.25 -17.345200000000002
240.0 2.5 2.5 16.25 -14.7488
240.0 5.0 2.5 16.25 -9.2998
240.0 7.5 2.5 16.25 -3.742
240.0 -5.0 5.0 16.25 -8.7337
240.0 -2.5 5.0 16.25 -19.2652
240.0 0.0 5.0 16.25 -26.4298
240.0 2.5 5.0 16.25 -26.9315
240.0 5.0 5.0 16.25 -20.4718
240.0 7.5 5.0 16.25 -9.441299999999998
240.0 10.0 5.0 16.25 -2.3716
300.0 -5.0 -10.0 3.75 2.8089
300.0 -2.5 -10.0 3.75 0.8529
300.0 0.0 -10.0 3.75 -1.092
300.0 2.5 -10.0 3.75 -2.1387
300.0 5.0 -10.0 3.75 -2.5084999999999997
300.0 7.5 -10.0 3.75 -2.6412
300.0 10.0 -10.0 3.75 -1.3266
300.0 -5.0 -7.5 3.75 225.4371
300.0 -2.5 -7.5 3.75 6370.521
300.0 0.0 -7.5 3.75 -1.209
300.0 2.5 -7.5 3.75 -3.5664
300.0 5.0 -7.5 3.75 -4.5751
300.0 7.5 -7.5 3.75 -3.9646
300.0 10.0 -7.5 3.75 -3.2514
300.0 -5.0 -5.0 3.75 1080991212.3987
300.0 -2.5 -5.0 3.75 1761687.8579
300.0 0.0 -5.0 3.75 40434.1602
300.0 2.5 -5.0 3.75 126.209
300.0 5.0 -5.0 3.75 -10.774
300.0 7.5 -5.0 3.75 -5.8833
300.0 10.0 -5.0 3.75 -3.351
300.0 -5.0 -2.5 3.75 311555.5658
300.0 -2.5 -2.5 3.75 10424387.0667
300.0 0.0 -2.5 3.75 199249461.12170002
300.0 2.5 -2.5 3.75 1211718.0252
300.0 5.0 -2.5 3.75 20229590.99
300.0 7.5 -2.5 3.75 242.6996
300.0 10.0 -2.5 3.75 -5.8575
300.0 -5.0 0.0 3.75 7131047156.0134
300.0 -2.5 0.0 3.75 9999999964.4601
300.0 0.0 0.0 3.75 10000000068.161201
300.0 2.5 0.0 3.75 10000000021.260101
300.0 5.0 0.0 3.75 9999999951.4377
300.0 7.5 0.0 3.75 9999999936.5967
300.0 10.0 0.0 3.75 3.6264000000000003
300.0 -5.0 2.5 3.75 9999999907.659601
300.0 -2.5 2.5 3.75 3540950788.8211
300.0 0.0 2.5 3.75 10000000075.3264
300.0 2.5 2.5 3.75 4178734503.1742
300.0 5.0 2.5 3.75 5103238848.2826
300.0 7.5 2.5 3.75 629219.8578
300.0 10.0 2.5 3.75 65.2248
300.0 -5.0 5.0 3.75 7292137102.917601
300.0 -2.5 5.0 3.75 10000000070.0715
300.0 0.0 5.0 3.75 9999999921.6165
300.0 2.5 5.0 3.75 7810495141.8907
300.0 5.0 5.0 3.75 10000000280.5904
300.0 7.5 5.0 3.75 2351468015.775
300.0 10.0 5.0 3.75 936.4389
300.0 0.0 -2.5 5.0 1355769473.7658
300.0 0.0 0.0 5.0 1100694326.1503
300.0 5.0 -7.5 6.25 -4.737299999999999
300.0 0.0 -5.0 6.25 102.6402
300.0 0.0 -2.5 6.25 33725345.6094
300.0 0.0 0.0 6.25 9999999981.182901
300.0 0.0 2.5 6.25 9999999977.408
300.0 0.0 5.0 6.25 9999999967.289902
300.0 5.0 -7.5 7.5 -4.1262
300.0 2.5 -5.0 7.5 33817.64
300.0 0.0 -2.5 7.5 192632752.7665
300.0 2.5 -2.5 7.5 136958745.1262
300.0 0.0 0.0 7.5 471570581.0032
300.0 -2.5 2.5 7.5 4687298473.4848995
300.0 0.0 2.5 7.5 2958358082.3525
300.0 -2.5 5.0 7.5 251545745.1284
300.0 0.0 5.0 7.5 10000000079.4993
300.0 2.5 -10.0 8.75 -2.2356
300.0 5.0 -7.5 8.75 -2.7903000000000002
300.0 0.0 -5.0 8.75 48307.8367
300.0 2.5 -5.0 8.75 9999999950.202301
300.0 5.0 -5.0 8.75 23.9634
300.0 0.0 -2.5 8.75 9999999985.147501
300.0 2.5 -2.5 8.75 1179418100.9842
300.0 0.0 0.0 8.75 1197735.266
300.0 2.5 0.0 8.75 126884.06469999999
300.0 0.0 2.5 8.75 254806276.34420002
300.0 2.5 2.5 8.75 9999999976.641201
300.0 -2.5 5.0 8.75 6584797109.5099
300.0 0.0 5.0 8.75 10000000007.8714
300.0 2.5 5.0 8.75 10000000310.9738
300.0 2.5 -10.0 10.0 -1.7605
300.0 2.5 -7.5 10.0 -1.6543999999999999
300.0 5.0 -7.5 10.0 -1.5024
300.0 7.5 -7.5 10.0 -1.9677
300.0 0.0 -5.0 10.0 4108.3304
300.0 2.5 -5.0 10.0 1455.5530999999999
300.0 5.0 -5.0 10.0 1.26
300.0 0.0 -2.5 10.0 69263319.43339999
300.0 2.5 -2.5 10.0 74535.0965
300.0 -5.0 0.0 10.0 10000000012.9683
300.0 -2.5 0.0 10.0 477580027.8653
300.0 0.0 0.0 10.0 45505.2676
300.0 2.5 0.0 10.0 922381.4834
300.0 5.0 0.0 10.0 153.1865
300.0 -2.5 2.5 10.0 9921470593.9155
300.0 0.0 2.5 10.0 1239206294.6803
300.0 2.5 2.5 10.0 215510.302
300.0 5.0 2.5 10.0 353018639.1665
300.0 -2.5 5.0 10.0 1318769869.5646
300.0 0.0 5.0 10.0 18445720.4116
300.0 2.5 5.0 10.0 10000000023.9062
300.0 2.5 -10.0 11.25 -1.0029
300.0 5.0 -10.0 11.25 -0.8213999999999999
300.0 7.5 -10.0 11.25 -0.3998
300.0 10.0 -10.0 11.25 0.1212
300.0 2.5 -7.5 11.25 -0.10439999999999999
300.0 5.0 -7.5 11.25 -0.6574
300.0 0.0 -5.0 11.25 7.7632
300.0 2.5 -5.0 11.25 6.9594000000000005
300.0 5.0 -5.0 11.25 0.7902999999999999
300.0 -2.5 -2.5 11.25 4791.4423
300.0 0.0 -2.5 11.25 21197.371900000002
300.0 2.5 -2.5 11.25 41.3903
300.0 -5.0 0.0 11.25 8288117.978399999
300.0 -2.5 0.0 11.25 1069723615.0755999
300.0 0.0 0.0 11.25 769603.5413
300.0 2.5 0.0 11.25 5.9291
300.0 -2.5 2.5 11.25 24765862.8598
300.0 0.0 2.5 11.25 22693.0756
300.0 2.5 2.5 11.25 291277.3985
300.0 5.0 2.5 11.25 26116.0631
300.0 -2.5 5.0 11.25 3302009.1868
300.0 0.0 5.0 11.25 509438.6789
300.0 2.5 5.0 11.25 171674.0262
300.0 7.5 5.0 11.25 105.41709999999999
300.0 -5.0 -10.0 12.5 -0.10319999999999999
300.0 2.5 -10.0 12.5 -0.376
300.0 5.0 -10.0 12.5 -0.1063
300.0 7.5 -10.0 12.5 -0.0291
300.0 10.0 -10.0 12.5 0.2127
300.0 2.5 -7.5 12.5 0.47309999999999997
300.0 5.0 -7.5 12.5 -0.1018
300.0 7.5 -7.5 12.5 -0.19870000000000002
300.0 -5.0 -5.0 12.5 0.2964
300.0 -2.5 -5.0 12.5 0.5047000000000001
300.0 0.0 -5.0 12.5 1.9058
300.0 2.5 -5.0 12.5 2.6147
300.0 5.0 -5.0 12.5 0.7896
300.0 -5.0 -2.5 12.5 -2.8302
300.0 -2.5 -2.5 12.5 -3.0704
300.0 0.0 -2.5 12.5 3.2542999999999997
300.0 2.5 -2.5 12.5 1.1747
300.0 -5.0 0.0 12.5 4719832.1656
300.0 -2.5 0.0 12.5 307750.6773
300.0 0.0 0.0 12.5 638.3709
300.0 2.5 0.0 12.5 -0.08969999999999967
300.0 5.0 0.0 12.5 3.2133000000000003
300.0 -2.5 2.5 12.5 1836.8346999999999
300.0 0.0 2.5 12.5 1107.5333
300.0 2.5 2.5 12.5 2260.2177
300.0 5.0 2.5 12.5 72.2233
300.0 7.5 2.5 12.5 2.6736
300.0 10.0 2.5 12.5 7.0753
300.0 -2.5 5.0 12.5 2870.5275
300.0 0.0 5.0 12.5 218.7197
300.0 2.5 5.0 12.5 137.7421
300.0 5.0 5.0 12.5 67971.9505
300.0 7.5 5.0 12.5 -9.4576
300.0 10.0 5.0 12.5 9.318200000000001
300.0 0.0 -10.0 13.75 -0.0538
300.0 2.5 -10.0 13.75 0.2191
300.0 5.0 -10.0 13.75 0.18330000000000002
300.0 7.5 -10.0 13.75 0.1108
300.0 10.0 -10.0 13.75 0.2254
300.0 -5.0 -7.5 13.75 0.4209
300.0 -2.5 -7.5 13.75 0.6571
300.0 2.5 -7.5 13.75 0.7771
300.0 5.0 -7.5 13.75 0.5834
300.0 7.5 -7.5 13.75 0.1844
300.0 10.0 -7.5 13.75 0.0253
300.0 -5.0 -5.0 13.75 -0.09719999999999998
300.0 -2.5 -5.0 13.75 0.4673
300.0 0.0 -5.0 13.75 1.2817
300.0 2.5 -5.0 13.75 1.1576
300.0 5.0 -5.0 13.75 0.6869999999999999
300.0 -5.0 -2.5 13.75 -2.465
300.0 -2.5 -2.5 13.75 -1.8379
300.0 0.0 -2.5 13.75 -0.07330000000000014
300.0 2.5 -2.5 13.75 0.822
300.0 5.0 -2.5 13.75 0.7715999999999998
300.0 -5.0 0.0 13.75 30.748799999999996
300.0 -2.5 0.0 13.75 -3.2416
300.0 0.0 0.0 13.75 -4.2536000000000005
300.0 2.5 0.0 13.75 -0.8935000000000002
300.0 5.0 0.0 13.75 0.4180999999999999
300.0 7.5 0.0 13.75 0.7832000000000001
300.0 -2.5 2.5 13.75 -17.352800000000002
300.0 0.0 2.5 13.75 -16.8301
300.0 2.5 2.5 13.75 -4.3391
300.0 5.0 2.5 13.75 -7.3519000000000005
300.0 7.5 2.5 13.75 -3.0808
300.0 10.0 2.5 13.75 0.8092
300.0 -2.5 5.0 13.75 -23.4701
300.0 0.0 5.0 13.75 -31.3426
300.0 2.5 5.0 13.75 -34.103
300.0 5.0 5.0 13.75 9.245899999999999
300.0 7.5 5.0 13.75 -13.07
300.0 10.0 5.0 13.75 -0.23640000000000003
300.0 -5.0 -10.0 15.0 0.0627
300.0 -2.5 -10.0 15.0 0.1388
300.0 0.0 -10.0 15.0 0.2966
300.0 2.5 -10.0 15.0 0.2922
300.0 5.0 -10.0 15.0 0.20390000000000003
300.0 7.5 -10.0 15.0 0.156
300.0 10.0 -10.0 15.0 0.14350000000000002
300.0 -5.0 -7.5 15.0 0.399
300.0 -2.5 -7.5 15.0 0.5708
300.0 0.0 -7.5 15.0 0.9027000000000001
300.0 2.5 -7.5 15.0 1.0856999999999999
300.0 5.0 -7.5 15.0 0.7126
300.0 7.5 -7.5 15.0 0.20679999999999998
300.0 10.0 -7.5 15.0 0.15309999999999999
300.0 -5.0 -5.0 15.0 0.28679999999999994
300.0 -2.5 -5.0 15.0 0.6545000000000001
300.0 0.0 -5.0 15.0 0.9487000000000001
300.0 2.5 -5.0 15.0 1.0319
300.0 5.0 -5.0 15.0 1.2198
300.0 7.5 -5.0 15.0 0.40009999999999996
300.0 10.0 -5.0 15.0 0.054
300.0 -5.0 -2.5 15.0 -1.4456
300.0 -2.5 -2.5 15.0 -0.8874
300.0 0.0 -2.5 15.0 -0.08860000000000001
300.0 2.5 -2.5 15.0 0.6531
300.0 5.0 -2.5 15.0 0.3341
300.0 10.0 -2.5 15.0 -0.3348
300.0 -5.0 0.0 15.0 -5.3976
300.0 -2.5 0.0 15.0 -5.9782
300.0 0.0 0.0 15.0 -4.1708
300.0 2.5 0.0 15.0 -2.7064
300.0 5.0 0.0 15.0 -2.0125
300.0 7.5 0.0 15.0 -1.7501
300.0 -5.0 2.5 15.0 -9.9458
300.0 -2.5 2.5 15.0 -11.982500000000002
300.0 0.0 2.5 15.0 -12.3544
300.0 2.5 2.5 15.0 -11.3885
300.0 5.0 2.5 15.0 -9.4534
300.0 7.5 2.5 15.0 -6.3469
300.0 10.0 2.5 15.0 -2.4678999999999998
300.0 -2.5 5.0 15.0 -15.308699999999998
300.0 0.0 5.0 15.0 -22.404
300.0 2.5 5.0 15.0 -26.7778
300.0 5.0 5.0 15.0 -24.8989
300.0 7.5 5.0 15.0 -14.4734
300.0 10.0 5.0 15.0 -5.1933
300.0 -5.0 -10.0 16.25 0.1376
300.0 -2.5 -10.0 16.25 0.25720000000000004
300.0 0.0 -10.0 16.25 0.28550000000000003
300.0 2.5 -10.0 16.25 0.2335
300.0 5.0 -10.0 16.25 0.15269999999999997
300.0 7.5 -10.0 16.25 0.1973
300.0 10.0 -10.0 16.25 0.0581
300.0 -5.0 -7.5 16.25 0.3549
300.0 -2.5 -7.5 16.25 0.6563
300.0 0.0 -7.5 16.25 0.8546
300.0 2.5 -7.5 16.25 0.9052
300.0 5.0 -7.5 16.25 0.4993
300.0 7.5 -7.5 16.25 0.1466
300.0 10.0 -7.5 16.25 0.2042
300.0 -5.0 -5.0 16.25 0.4408
300.0 -2.5 -5.0 16.25 0.7978999999999999
300.0 0.0 -5.0 16.25 1.0145
300.0 2.5 -5.0 16.25 1.2714
300.0 5.0 -5.0 16.25 0.9779
300.0 7.5 -5.0 16.25 0.4056
300.0 10.0 -5.0 16.25 -0.018099999999999998
300.0 -5.0 -2.5 16.25 -0.3946
300.0 -2.5 -2.5 16.25 -0.2766
300.0 0.0 -2.5 16.25 0.08950000000000002
300.0 2.5 -2.5 16.25 0.011799999999999977
300.0 5.0 -2.5 16.25 -0.1136
300.0 7.5 -2.5 16.25 -0.4383
300.0 10.0 -2.5 16.25 -0.16949999999999998
300.0 -5.0 0.0 16.25 -2.6728
300.0 -2.5 0.0 16.25 -3.253
300.0 0.0 0.0 16.25 -2.9379999999999997
300.0 2.5 0.0 16.25 -2.9708
300.0 5.0 0.0 16.25 -3.2553
300.0 7.5 0.0 16.25 -2.8417
300.0 -5.0 2.5 16.25 -5.117900000000001
300.0 -2.5 2.5 16.25 -7.2054
300.0 0.0 2.5 16.25 -8.922
300.0 2.5 2.5 16.25 -10.0886
300.0 5.0 2.5 16.25 -9.5373
300.0 7.5 2.5 16.25 -7.395
300.0 10.0 2.5 16.25 -3.5759
300.0 -5.0 5.0 16.25 -5.7323
300.0 -2.5 5.0 16.25 -9.774
300.0 0.0 5.0 16.25 -15.9704
300.0 2.5 5.0 16.25 -20.739
300.0 5.0 5.0 16.25 -20.6388
300.0 7.5 5.0 16.25 -14.3276
300.0 10.0 5.0 16.25 -7.0003
