0.0 -2.5 -7.5 10.0 10000000211.021101
0.0 -2.5 -5.0 10.0 10000000104.3236
0.0 -2.5 -2.5 10.0 9999999831.660702
0.0 0.0 0.0 10.0 10000000245.483002
0.0 -2.5 2.5 10.0 10000000059.8796
0.0 -5.0 5.0 10.0 9999999722.924702
0.0 -2.5 -7.5 11.25 10000000241.0643
0.0 0.0 -7.5 11.25 10000000092.641
0.0 -5.0 -5.0 11.25 10000000060.929901
0.0 -2.5 -5.0 11.25 10000000120.982601
0.0 0.0 -5.0 11.25 9999999945.729
0.0 -2.5 -2.5 11.25 4728326139.9404
0.0 2.5 -2.5 11.25 10000000166.9972
0.0 5.0 -2.5 11.25 9999999946.471601
0.0 -2.5 0.0 11.25 10000000109.9768
0.0 0.0 0.0 11.25 9999999861.5254
0.0 -5.0 2.5 11.25 264357579.57090002
0.0 -2.5 2.5 11.25 521838777.48529994
0.0 0.0 2.5 11.25 10000000054.089901
0.0 -5.0 5.0 11.25 1298023006.1616
0.0 -2.5 5.0 11.25 3092452159.3736
0.0 0.0 -10.0 12.5 9999999978.462
0.0 2.5 -10.0 12.5 9999999856.489101
0.0 -2.5 -7.5 12.5 10000000081.6229
0.0 0.0 -7.5 12.5 10000000182.568201
0.0 -5.0 -5.0 12.5 63645629.452999994
0.0 -2.5 -5.0 12.5 10000000013.4857
0.0 0.0 -5.0 12.5 10000000144.5519
0.0 2.5 -5.0 12.5 10000000027.407501
0.0 -2.5 -2.5 12.5 9999999967.045301
0.0 0.0 -2.5 12.5 10000000045.536402
0.0 2.5 -2.5 12.5 10000000258.272001
0.0 5.0 -2.5 12.5 10000000027.781502
0.0 -2.5 0.0 12.5 1762462765.0876
0.0 0.0 0.0 12.5 10000000088.8244
0.0 -5.0 2.5 12.5 9999999990.1571
0.0 -2.5 2.5 12.5 10000000111.3111
0.0 0.0 2.5 12.5 10000000005.1518
0.0 -5.0 5.0 12.5 243704387.11080003
0.0 -2.5 5.0 12.5 116897364.3551
0.0 0.0 5.0 12.5 42328.4263
0.0 0.0 -10.0 13.75 2488442293.0
0.0 2.5 -10.0 13.75 9999999888.835901
0.0 -5.0 -7.5 13.75 8776773560.705801
0.0 -2.5 -7.5 13.75 10000000033.455101
0.0 0.0 -7.5 13.75 10000000200.872702
0.0 5.0 -7.5 13.75 10000000043.186201
0.0 -5.0 -5.0 13.75 496574202.4027
0.0 -2.5 -5.0 13.75 223369198.2244
0.0 0.0 -5.0 13.75 10000000109.632502
0.0 2.5 -5.0 13.75 10000000272.7677
0.0 -5.0 -2.5 13.75 9999999991.8988
0.0 -2.5 -2.5 13.75 3018406299.0423
0.0 0.0 -2.5 13.75 2251404997.0642
0.0 2.5 -2.5 13.75 10000000263.9316
0.0 5.0 -2.5 13.75 3565985716.8464003
0.0 7.5 -2.5 13.75 9999999807.1676
0.0 -5.0 0.0 13.75 9999999987.9487
0.0 -2.5 0.0 13.75 6938221515.9758005
0.0 0.0 0.0 13.75 9999999936.339201
0.0 2.5 0.0 13.75 9999999911.496
0.0 10.0 0.0 13.75 193325.3478
0.0 -5.0 2.5 13.75 9999999954.4531
0.0 -2.5 2.5 13.75 9999999913.9347
0.0 0.0 2.5 13.75 10000000004.6987
0.0 -5.0 5.0 13.75 10000000053.3251
0.0 -2.5 5.0 13.75 744706.6461
0.0 0.0 5.0 13.75 67774.3828
0.0 -5.0 -10.0 15.0 1560105.2702
0.0 -2.5 -10.0 15.0 9999999875.489302
0.0 0.0 -10.0 15.0 9999999985.3925
0.0 2.5 -10.0 15.0 9999999922.210701
0.0 5.0 -10.0 15.0 9999999743.7894
0.0 7.5 -10.0 15.0 9999999911.8565
0.0 10.0 -10.0 15.0 10000000178.199701
0.0 -5.0 -7.5 15.0 9999999985.416302
0.0 -2.5 -7.5 15.0 9999999824.5398
0.0 0.0 -7.5 15.0 9999999936.3444
0.0 2.5 -7.5 15.0 1121654158.2765
0.0 5.0 -7.5 15.0 10000000165.869902
0.0 10.0 -7.5 15.0 218585834.61049998
0.0 -5.0 -5.0 15.0 9999999920.4491
0.0 -2.5 -5.0 15.0 511495559.65540004
0.0 0.0 -5.0 15.0 1500767665.1521
0.0 2.5 -5.0 15.0 10000000032.648
0.0 5.0 -5.0 15.0 8156182280.5941
0.0 7.5 -5.0 15.0 9999999273.0914
0.0 -5.0 -2.5 15.0 49170897.93
0.0 -2.5 -2.5 15.0 10000000037.229502
0.0 0.0 -2.5 15.0 12910727.6782
0.0 2.5 -2.5 15.0 10000000103.7991
0.0 5.0 -2.5 15.0 65186085.8087
0.0 7.5 -2.5 15.0 16713956.2277
0.0 10.0 -2.5 15.0 9999999812.040901
0.0 -5.0 0.0 15.0 10000000019.1748
0.0 -2.5 0.0 15.0 2274619907.9252
0.0 0.0 0.0 15.0 10000000120.640001
0.0 2.5 0.0 15.0 22043995.4381
0.0 5.0 0.0 15.0 1854440574.9338
0.0 7.5 0.0 15.0 795471347.2911
0.0 10.0 0.0 15.0 4886.7857
0.0 -5.0 2.5 15.0 253642775.1087
0.0 -2.5 2.5 15.0 23658843.445
0.0 0.0 2.5 15.0 6390515.453
0.0 2.5 2.5 15.0 193767.1444
0.0 5.0 2.5 15.0 1581214.8886
0.0 7.5 2.5 15.0 646.058
0.0 -5.0 5.0 15.0 10651633.4361
0.0 -2.5 5.0 15.0 9588008.2064
0.0 0.0 5.0 15.0 9542.6688
0.0 2.5 5.0 15.0 2079686.9276
0.0 10.0 5.0 15.0 -5.1621
0.0 -5.0 -10.0 16.25 9999999970.256601
0.0 -2.5 -10.0 16.25 5782037636.775701
0.0 0.0 -10.0 16.25 9999999899.8141
0.0 2.5 -10.0 16.25 9999999880.2968
0.0 5.0 -10.0 16.25 10000000124.3145
0.0 7.5 -10.0 16.25 9999999988.1804
0.0 10.0 -10.0 16.25 9999999842.8983
0.0 -5.0 -7.5 16.25 10000000007.405401
0.0 -2.5 -7.5 16.25 10000000295.414501
0.0 0.0 -7.5 16.25 10000000105.256601
0.0 2.5 -7.5 16.25 992363148.3649
0.0 5.0 -7.5 16.25 9999999956.236101
0.0 7.5 -7.5 16.25 10000000040.066502
0.0 10.0 -7.5 16.25 2898084555.2146997
0.0 -5.0 -5.0 16.25 346605273.4127
0.0 -2.5 -5.0 16.25 109547614.4807
0.0 0.0 -5.0 16.25 9999999987.119701
0.0 2.5 -5.0 16.25 658582699.5852
0.0 5.0 -5.0 16.25 9999999718.7043
0.0 7.5 -5.0 16.25 10000000332.1702
0.0 10.0 -5.0 16.25 74392140.4394
0.0 -5.0 -2.5 16.25 1762950.4984
0.0 -2.5 -2.5 16.25 1024024296.4017
0.0 0.0 -2.5 16.25 9999999796.0681
0.0 2.5 -2.5 16.25 10000000006.226501
0.0 5.0 -2.5 16.25 1692491803.3406
0.0 7.5 -2.5 16.25 11570763.3694
0.0 10.0 -2.5 16.25 621123.8028
0.0 -5.0 0.0 16.25 3876584064.5484996
0.0 -2.5 0.0 16.25 9999999956.2863
0.0 0.0 0.0 16.25 9999999523.2183
0.0 2.5 0.0 16.25 4540790562.7244
0.0 5.0 0.0 16.25 824272032.63
0.0 7.5 0.0 16.25 10000000287.471102
0.0 10.0 0.0 16.25 56.7007
0.0 -5.0 2.5 16.25 4028558986.3898
0.0 -2.5 2.5 16.25 92368.916
0.0 0.0 2.5 16.25 222234.3238
0.0 2.5 2.5 16.25 71134.7767
0.0 5.0 2.5 16.25 80703.2561
0.0 7.5 2.5 16.25 68.637
0.0 10.0 2.5 16.25 -14.1333
0.0 -5.0 5.0 16.25 10000000121.3106
0.0 -2.5 5.0 16.25 147655422.39560002
0.0 0.0 5.0 16.25 -7.711500000000001
0.0 2.5 5.0 16.25 30467.5527
0.0 5.0 5.0 16.25 536.9949
0.0 7.5 5.0 16.25 117.07100000000001
0.0 10.0 5.0 16.25 -0.32850000000000024
60.0 -5.0 -10.0 3.75 10000000014.3423
60.0 -2.5 -10.0 3.75 10000000192.454802
60.0 0.0 -10.0 3.75 9999999838.299501
60.0 2.5 -10.0 3.75 9999999984.985
60.0 5.0 -10.0 3.75 9999999785.9501
60.0 7.5 -10.0 3.75 9999999557.0974
60.0 10.0 -10.0 3.75 10000000532.118801
60.0 -5.0 -7.5 3.75 10000000047.9155
60.0 -2.5 -7.5 3.75 10000000203.0534
60.0 0.0 -7.5 3.75 10000000083.155901
60.0 2.5 -7.5 3.75 10000000066.3924
60.0 5.0 -7.5 3.75 10000000241.7355
60.0 7.5 -7.5 3.75 9999999796.161402
60.0 10.0 -7.5 3.75 10000000056.244202
60.0 -5.0 -5.0 3.75 9999999994.2099
60.0 -2.5 -5.0 3.75 10000000013.8911
60.0 0.0 -5.0 3.75 10000000094.688002
60.0 2.5 -5.0 3.75 9999999914.1958
60.0 5.0 -5.0 3.75 10000000110.7383
60.0 7.5 -5.0 3.75 10000000046.339401
60.0 10.0 -5.0 3.75 10000000056.176
60.0 -5.0 -2.5 3.75 10000000042.073502
60.0 -2.5 -2.5 3.75 10000000288.4465
60.0 0.0 -2.5 3.75 10000000304.2877
60.0 2.5 -2.5 3.75 10000000336.7682
60.0 5.0 -2.5 3.75 10000000279.2731
60.0 7.5 -2.5 3.75 10000000074.6212
60.0 10.0 -2.5 3.75 10000000115.440802
60.0 -5.0 0.0 3.75 10000000407.970201
60.0 -2.5 0.0 3.75 10000000366.281301
60.0 0.0 0.0 3.75 10000000662.2982
60.0 2.5 0.0 3.75 5944452121.299001
60.0 5.0 0.0 3.75 10000000460.3283
60.0 7.5 0.0 3.75 9999999891.3488
60.0 10.0 0.0 3.75 9999999965.999
60.0 -5.0 2.5 3.75 10000000083.560202
60.0 -2.5 2.5 3.75 10000000260.2217
60.0 0.0 2.5 3.75 10000000219.480001
60.0 2.5 2.5 3.75 10000000228.8575
60.0 5.0 2.5 3.75 10000000195.2478
60.0 7.5 2.5 3.75 9999999970.899
60.0 10.0 2.5 3.75 9999999913.0631
60.0 -5.0 5.0 3.75 10000000114.1672
60.0 -2.5 5.0 3.75 978962147.2313
60.0 0.0 5.0 3.75 10000000005.430801
60.0 2.5 5.0 3.75 10000000233.412102
60.0 5.0 5.0 3.75 10000000009.241001
60.0 7.5 5.0 3.75 10000000084.6697
60.0 10.0 5.0 3.75 9999999866.021101
60.0 2.5 5.0 10.0 2846.9060000000004
60.0 2.5 -10.0 11.25 9999999959.665
60.0 7.5 -10.0 11.25 10000000069.196201
60.0 5.0 -7.5 11.25 10000000599.7194
60.0 -2.5 2.5 11.25 13261.2654
60.0 0.0 2.5 11.25 8201328.6899
60.0 2.5 2.5 11.25 62453327.4652
60.0 5.0 2.5 11.25 9999999861.472502
60.0 7.5 2.5 11.25 342245807.2702
60.0 -2.5 5.0 11.25 42.08710000000001
60.0 0.0 5.0 11.25 321370528.5842
60.0 2.5 5.0 11.25 3514.4827999999998
60.0 5.0 5.0 11.25 39325.5069
60.0 0.0 -10.0 12.5 10000000177.637901
60.0 2.5 -10.0 12.5 4472225021.514199
60.0 5.0 -10.0 12.5 10000000142.299002
60.0 7.5 -10.0 12.5 9999999860.7824
60.0 0.0 -5.0 12.5 9999999967.9318
60.0 0.0 2.5 12.5 11230755.479600001
60.0 2.5 2.5 12.5 27930525.8076
60.0 5.0 2.5 12.5 9999999811.176802
60.0 7.5 2.5 12.5 9999999794.0039
60.0 10.0 2.5 12.5 3750791.2087999997
60.0 0.0 5.0 12.5 1390412.401
60.0 2.5 5.0 12.5 124.29659999999998
60.0 5.0 5.0 12.5 31.685599999999994
60.0 7.5 5.0 12.5 299.17900000000003
60.0 10.0 5.0 12.5 5.184600000000003
60.0 0.0 -10.0 13.75 10000000066.464201
60.0 2.5 -10.0 13.75 10000000214.4803
60.0 5.0 -10.0 13.75 9999999250.360102
60.0 7.5 -10.0 13.75 2818833581.424
60.0 10.0 -10.0 13.75 2669189126.3825
60.0 -5.0 -7.5 13.75 4038247932.2689
60.0 2.5 -7.5 13.75 10000000101.9037
60.0 5.0 -7.5 13.75 3809013859.8726997
60.0 7.5 -7.5 13.75 10000000179.2402
60.0 10.0 -7.5 13.75 10000000100.512402
60.0 -2.5 -5.0 13.75 9999999555.3623
60.0 0.0 -5.0 13.75 10000000082.024601
60.0 5.0 -5.0 13.75 10000000049.161701
60.0 10.0 -5.0 13.75 9999999917.836
60.0 -5.0 -2.5 13.75 9999999960.041302
60.0 -2.5 -2.5 13.75 298409.85160000005
60.0 0.0 -2.5 13.75 10000000029.0531
60.0 0.0 0.0 13.75 1451.077
60.0 2.5 0.0 13.75 14857452.6929
60.0 -2.5 2.5 13.75 -55.338
60.0 0.0 2.5 13.75 1660.4604
60.0 2.5 2.5 13.75 5824.2844
60.0 5.0 2.5 13.75 58115878.1993
60.0 7.5 2.5 13.75 103584.2065
60.0 10.0 2.5 13.75 987.4216
60.0 0.0 5.0 13.75 110.2935
60.0 2.5 5.0 13.75 -24.5159
60.0 5.0 5.0 13.75 -54.231500000000004
60.0 7.5 5.0 13.75 -72.2626
60.0 10.0 5.0 13.75 -75.98710000000001
60.0 -5.0 -10.0 15.0 3021112.3932
60.0 -2.5 -10.0 15.0 10000000075.1418
60.0 0.0 -10.0 15.0 9999999784.392801
60.0 2.5 -10.0 15.0 10000000054.494202
60.0 5.0 -10.0 15.0 6620870768.3544
60.0 7.5 -10.0 15.0 9999999724.645
60.0 10.0 -10.0 15.0 9999999913.8586
60.0 -5.0 -7.5 15.0 9999999924.8455
60.0 -2.5 -7.5 15.0 174216347.9896
60.0 0.0 -7.5 15.0 53804521.593
60.0 2.5 -7.5 15.0 9999999927.513102
60.0 5.0 -7.5 15.0 4522647663.6354
60.0 7.5 -7.5 15.0 10000000053.6902
60.0 10.0 -7.5 15.0 10000000017.7742
60.0 -5.0 -5.0 15.0 49556057.2424
60.0 -2.5 -5.0 15.0 10000000097.1243
60.0 0.0 -5.0 15.0 10000000015.681501
60.0 2.5 -5.0 15.0 10000000134.276402
60.0 5.0 -5.0 15.0 611925039.1942
60.0 7.5 -5.0 15.0 9999999950.918001
60.0 10.0 -5.0 15.0 9999999908.4458
60.0 -5.0 -2.5 15.0 159174.3738
60.0 -2.5 -2.5 15.0 114132895.44360001
60.0 0.0 -2.5 15.0 1638581151.5025
60.0 2.5 -2.5 15.0 4451764148.041
60.0 10.0 -2.5 15.0 377058807.1452
60.0 -2.5 0.0 15.0 -54.3068
60.0 0.0 0.0 15.0 137.17690000000002
60.0 2.5 0.0 15.0 4375349.4112
60.0 7.5 0.0 15.0 6807998336.1812
60.0 -5.0 2.5 15.0 -36.7367
60.0 -2.5 2.5 15.0 -38.318
60.0 0.0 2.5 15.0 -27.9376
60.0 2.5 2.5 15.0 618.4241
60.0 5.0 2.5 15.0 5872.8636
60.0 7.5 2.5 15.0 3770.0551
60.0 10.0 2.5 15.0 -45.960499999999996
60.0 -2.5 5.0 15.0 -17.7973
60.0 0.0 5.0 15.0 -14.4241
60.0 2.5 5.0 15.0 -20.5654
60.0 5.0 5.0 15.0 -35.436299999999996
60.0 7.5 5.0 15.0 -47.7818
60.0 10.0 5.0 15.0 -50.1116
60.0 -5.0 -10.0 16.25 9999999913.854301
60.0 -2.5 -10.0 16.25 4109374462.2931
60.0 0.0 -10.0 16.25 9999999951.518501
60.0 2.5 -10.0 16.25 9999999982.9974
60.0 5.0 -10.0 16.25 2470575287.7597003
60.0 7.5 -10.0 16.25 9999999947.7837
60.0 10.0 -10.0 16.25 4160693223.7037
60.0 -5.0 -7.5 16.25 1707678.1545
60.0 -2.5 -7.5 16.25 8228399.531900001
60.0 0.0 -7.5 16.25 10000000059.461102
60.0 2.5 -7.5 16.25 9999999999.072401
60.0 5.0 -7.5 16.25 10000000323.240002
60.0 7.5 -7.5 16.25 9999999981.011301
60.0 10.0 -7.5 16.25 9999999922.026201
60.0 -5.0 -5.0 16.25 12241.7493
60.0 -2.5 -5.0 16.25 3354770269.5497
60.0 0.0 -5.0 16.25 212701.91090000002
60.0 2.5 -5.0 16.25 9999999907.6179
60.0 5.0 -5.0 16.25 10000000064.5863
60.0 7.5 -5.0 16.25 10000000004.6345
60.0 10.0 -5.0 16.25 9351847786.755499
60.0 -5.0 -2.5 16.25 62833.3551
60.0 -2.5 -2.5 16.25 593459.7378
60.0 0.0 -2.5 16.25 9999999931.490501
60.0 2.5 -2.5 16.25 253839320.906
60.0 5.0 -2.5 16.25 10000000035.7985
60.0 7.5 -2.5 16.25 48253218.6974
60.0 10.0 -2.5 16.25 7246869.035
60.0 -5.0 0.0 16.25 33.157700000000006
60.0 -2.5 0.0 16.25 -32.6834
60.0 0.0 0.0 16.25 -29.2853
60.0 2.5 0.0 16.25 29916432.0669
60.0 5.0 0.0 16.25 278408833.6363
60.0 7.5 0.0 16.25 9999999786.6301
60.0 10.0 0.0 16.25 298.9567
60.0 -5.0 2.5 16.25 -25.9394
60.0 -2.5 2.5 16.25 -23.831300000000002
60.0 0.0 2.5 16.25 -18.9866
60.0 2.5 2.5 16.25 119.07150000000001
60.0 5.0 2.5 16.25 712.3190000000001
60.0 7.5 2.5 16.25 406.2644
60.0 10.0 2.5 16.25 -42.949299999999994
60.0 -5.0 5.0 16.25 -11.375399999999999
60.0 -2.5 5.0 16.25 -10.903699999999999
60.0 0.0 5.0 16.25 -8.4036
60.0 2.5 5.0 16.25 -11.496
60.0 5.0 5.0 16.25 -20.0047
60.0 7.5 5.0 16.25 -28.5307
60.0 10.0 5.0 16.25 -30.8609
120.0 -5.0 -10.0 3.75 10000000026.8062
120.0 -2.5 -10.0 3.75 10000000602.4634
120.0 0.0 -10.0 3.75 9999999807.753
120.0 2.5 -10.0 3.75 10000000260.5694
120.0 5.0 -10.0 3.75 10000000085.572102
120.0 7.5 -10.0 3.75 10000000083.8752
120.0 10.0 -10.0 3.75 10000000024.3546
120.0 -5.0 -7.5 3.75 10000000178.9752
120.0 -2.5 -7.5 3.75 10000000775.7675
120.0 0.0 -7.5 3.75 10000000502.230501
120.0 2.5 -7.5 3.75 9999999928.222
120.0 5.0 -7.5 3.75 10000000509.9692
120.0 7.5 -7.5 3.75 9999999771.0923
120.0 10.0 -7.5 3.75 9999999292.6588
120.0 -5.0 -5.0 3.75 10000000378.8577
120.0 -2.5 -5.0 3.75 10000000273.086802
120.0 0.0 -5.0 3.75 9999999698.517
120.0 2.5 -5.0 3.75 9999999835.159601
120.0 5.0 -5.0 3.75 10000000137.6023
120.0 7.5 -5.0 3.75 10000000252.250101
120.0 10.0 -5.0 3.75 9999999587.410301
120.0 -5.0 -2.5 3.75 10000000110.357601
120.0 -2.5 -2.5 3.75 10000000056.801
120.0 0.0 -2.5 3.75 10000000078.3918
120.0 2.5 -2.5 3.75 10000000033.4773
120.0 5.0 -2.5 3.75 10000000281.7917
120.0 7.5 -2.5 3.75 10000000237.791801
120.0 10.0 -2.5 3.75 10000000044.313702
120.0 -5.0 0.0 3.75 10000000000.861301
120.0 -2.5 0.0 3.75 9999999879.653
120.0 0.0 0.0 3.75 9999999806.252
120.0 2.5 0.0 3.75 9999999671.501701
120.0 5.0 0.0 3.75 9999999585.604
120.0 7.5 0.0 3.75 10000000338.284601
120.0 10.0 0.0 3.75 9999999998.758202
120.0 -5.0 2.5 3.75 19502641.4433
120.0 -2.5 2.5 3.75 397971350.0903
120.0 0.0 2.5 3.75 10000000135.7187
120.0 2.5 2.5 3.75 10000000893.6627
120.0 5.0 2.5 3.75 10000000104.1741
120.0 7.5 2.5 3.75 9999999781.615002
120.0 10.0 2.5 3.75 9999999816.2247
120.0 -5.0 5.0 3.75 3342365800.2372003
120.0 -2.5 5.0 3.75 9999999976.339201
120.0 0.0 5.0 3.75 452317904.643
120.0 2.5 5.0 3.75 10000000172.3188
120.0 5.0 5.0 3.75 10000000167.8868
120.0 7.5 5.0 3.75 10000000047.780401
120.0 10.0 5.0 3.75 10000000066.788101
120.0 2.5 2.5 7.5 9999999932.2245
120.0 2.5 5.0 7.5 10000000109.6714
120.0 2.5 -2.5 8.75 9999999940.4801
120.0 0.0 2.5 8.75 2199084454.8837
120.0 2.5 2.5 8.75 9636574726.582
120.0 2.5 5.0 8.75 50807932.7122
120.0 2.5 -2.5 10.0 9999999788.234901
120.0 0.0 0.0 10.0 9999999844.4705
120.0 2.5 0.0 10.0 9999999883.138
120.0 5.0 0.0 10.0 10000000024.504301
120.0 0.0 2.5 10.0 7858658839.582101
120.0 2.5 2.5 10.0 3345368942.3258
120.0 5.0 2.5 10.0 5834423099.6601
120.0 0.0 5.0 10.0 27941.493599999998
120.0 2.5 5.0 10.0 10000000007.141
120.0 2.5 -5.0 11.25 10000000018.127201
120.0 5.0 -5.0 11.25 9999999868.9109
120.0 2.5 -2.5 11.25 10000000076.118101
120.0 5.0 -2.5 11.25 9999999926.8561
120.0 7.5 -2.5 11.25 9999999822.3882
120.0 0.0 0.0 11.25 123928500.3077
120.0 2.5 0.0 11.25 10000000013.818602
120.0 5.0 0.0 11.25 9999999740.808802
120.0 7.5 0.0 11.25 10000000409.430601
120.0 0.0 2.5 11.25 10000000096.2073
120.0 2.5 2.5 11.25 9999999923.2731
120.0 5.0 2.5 11.25 9999999420.181002
120.0 0.0 5.0 11.25 12303.465999999999
120.0 2.5 5.0 11.25 327096591.7387
120.0 2.5 -10.0 12.5 10000000066.1133
120.0 2.5 -5.0 12.5 9999999977.757301
120.0 5.0 -5.0 12.5 9999999851.368
120.0 -2.5 -2.5 12.5 13324954.089100001
120.0 0.0 -2.5 12.5 17231373.228699997
120.0 2.5 -2.5 12.5 9999999971.7345
120.0 5.0 -2.5 12.5 9999999869.5746
120.0 7.5 -2.5 12.5 9999999760.6774
120.0 0.0 0.0 12.5 32982877.9822
120.0 2.5 0.0 12.5 9999999450.424702
120.0 5.0 0.0 12.5 251255215.0042
120.0 7.5 0.0 12.5 10000000047.6191
120.0 0.0 2.5 12.5 994683.8164
120.0 2.5 2.5 12.5 9999999954.678202
120.0 5.0 2.5 12.5 9999999908.8736
120.0 7.5 2.5 12.5 1594633982.4168
120.0 0.0 5.0 12.5 3164.0099
120.0 2.5 5.0 12.5 9999999845.9806
120.0 5.0 5.0 12.5 4277895174.396
120.0 -2.5 -10.0 13.75 664411448.1541
120.0 0.0 -10.0 13.75 10000000117.677
120.0 5.0 -10.0 13.75 3070868481.4968004
120.0 10.0 -10.0 13.75 10000000006.052801
120.0 2.5 -7.5 13.75 9999999381.703001
120.0 5.0 -7.5 13.75 9999999735.3143
120.0 7.5 -7.5 13.75 9999999902.8637
120.0 -2.5 -5.0 13.75 27877.2393
120.0 0.0 -5.0 13.75 9901536.0769
120.0 2.5 -5.0 13.75 1202946972.6389
120.0 5.0 -5.0 13.75 9999999853.8834
120.0 -5.0 -2.5 13.75 77.5574
120.0 -2.5 -2.5 13.75 3740297.6642
120.0 0.0 -2.5 13.75 9999999949.5284
120.0 2.5 -2.5 13.75 466239341.4528
120.0 5.0 -2.5 13.75 9999999973.311201
120.0 7.5 -2.5 13.75 10000000452.1508
120.0 10.0 -2.5 13.75 9999999627.553202
120.0 -5.0 0.0 13.75 91.80359999999999
120.0 0.0 0.0 13.75 736659.5066
120.0 2.5 0.0 13.75 9999999949.2287
120.0 5.0 0.0 13.75 158772093.5252
120.0 7.5 0.0 13.75 9999999619.472
120.0 0.0 2.5 13.75 1071957.236
120.0 2.5 2.5 13.75 9999999863.5862
120.0 5.0 2.5 13.75 2119183106.7041001
120.0 7.5 2.5 13.75 10000000054.4943
120.0 0.0 5.0 13.75 190.9476
120.0 2.5 5.0 13.75 9999999513.541101
120.0 5.0 5.0 13.75 34645.6963
120.0 7.5 5.0 13.75 727422428.9372
120.0 -5.0 -10.0 15.0 3068.8298
120.0 -2.5 -10.0 15.0 10000000152.587502
120.0 0.0 -10.0 15.0 107379587.0204
120.0 2.5 -10.0 15.0 1803238523.6656
120.0 5.0 -10.0 15.0 9999999930.828201
120.0 10.0 -10.0 15.0 9999999925.8145
120.0 -5.0 -7.5 15.0 -37.4
120.0 -2.5 -7.5 15.0 10000000440.511501
120.0 0.0 -7.5 15.0 1874296.5407
120.0 2.5 -7.5 15.0 1940521750.0791
120.0 5.0 -7.5 15.0 9999999872.2733
120.0 7.5 -7.5 15.0 9999999872.4228
120.0 -5.0 -5.0 15.0 -25.032
120.0 -2.5 -5.0 15.0 -30.3204
120.0 0.0 -5.0 15.0 172010.0576
120.0 2.5 -5.0 15.0 9999999846.5762
120.0 5.0 -5.0 15.0 9999999970.1814
120.0 7.5 -5.0 15.0 9999999833.7395
120.0 10.0 -5.0 15.0 9573914546.490099
120.0 -5.0 -2.5 15.0 -5.5459000000000005
120.0 -2.5 -2.5 15.0 -28.082500000000003
120.0 0.0 -2.5 15.0 16854474.7874
120.0 2.5 -2.5 15.0 38405542.206700005
120.0 5.0 -2.5 15.0 1333380698.5897
120.0 7.5 -2.5 15.0 9999999982.692902
120.0 10.0 -2.5 15.0 10000000059.4584
120.0 -5.0 0.0 15.0 2.3939999999999997
120.0 -2.5 0.0 15.0 -9.106
120.0 0.0 0.0 15.0 38673497.9042
120.0 2.5 0.0 15.0 193211545.9386
120.0 5.0 0.0 15.0 784018096.5320001
120.0 7.5 0.0 15.0 8887770421.1357
120.0 10.0 0.0 15.0 9999999953.8229
120.0 0.0 2.5 15.0 1426115.5708
120.0 2.5 2.5 15.0 238796268.31599998
120.0 5.0 2.5 15.0 43115295.0035
120.0 7.5 2.5 15.0 51260642.0533
120.0 10.0 2.5 15.0 3387619954.3814
120.0 0.0 5.0 15.0 43.8594
120.0 2.5 5.0 15.0 182036891.724
120.0 5.0 5.0 15.0 1073.1562
120.0 7.5 5.0 15.0 1607.3846999999998
120.0 10.0 5.0 15.0 2551899.8115
120.0 -5.0 -10.0 16.25 16.2019
120.0 -2.5 -10.0 16.25 706309.9824
120.0 0.0 -10.0 16.25 312158076.5965
120.0 2.5 -10.0 16.25 18525381.5457
120.0 5.0 -10.0 16.25 9999999954.1735
120.0 7.5 -10.0 16.25 9999999993.6629
120.0 10.0 -10.0 16.25 124262298.4121
120.0 -5.0 -7.5 16.25 -26.3886
120.0 -2.5 -7.5 16.25 27648673.6678
120.0 0.0 -7.5 16.25 1080587.9196000001
120.0 2.5 -7.5 16.25 5919968146.1258
120.0 5.0 -7.5 16.25 9999999895.922201
120.0 7.5 -7.5 16.25 9999999748.2458
120.0 10.0 -7.5 16.25 167721698.0356
120.0 -5.0 -5.0 16.25 -17.661
120.0 -2.5 -5.0 16.25 -26.140699999999995
120.0 0.0 -5.0 16.25 1540206.5958
120.0 2.5 -5.0 16.25 9999999907.6583
120.0 5.0 -5.0 16.25 61130035.982499994
120.0 7.5 -5.0 16.25 9999999920.0245
120.0 10.0 -5.0 16.25 6864411897.5543
120.0 -5.0 -2.5 16.25 -3.5409
120.0 -2.5 -2.5 16.25 -18.3031
120.0 0.0 -2.5 16.25 94422.3709
120.0 2.5 -2.5 16.25 763219150.0943999
120.0 5.0 -2.5 16.25 8567877513.7883
120.0 7.5 -2.5 16.25 93426712.5353
120.0 10.0 -2.5 16.25 709324847.9132
120.0 -5.0 0.0 16.25 4.0429
120.0 -2.5 0.0 16.25 -7.35
120.0 0.0 0.0 16.25 2604448.3038
120.0 2.5 0.0 16.25 10000000038.896101
120.0 5.0 0.0 16.25 15791176.3556
120.0 7.5 0.0 16.25 10000000152.484201
120.0 10.0 0.0 16.25 10000000078.8276
120.0 -5.0 2.5 16.25 2.6498
120.0 -2.5 2.5 16.25 -6.5624
120.0 0.0 2.5 16.25 510850.6219
120.0 2.5 2.5 16.25 10000000105.6313
120.0 5.0 2.5 16.25 46570.5359
120.0 7.5 2.5 16.25 631118.0496
120.0 10.0 2.5 16.25 31784347.537699997
120.0 -2.5 5.0 16.25 -7.8172
120.0 0.0 5.0 16.25 -8.2864
120.0 2.5 5.0 16.25 4446235.1064
120.0 5.0 5.0 16.25 1527.5751
120.0 7.5 5.0 16.25 -18.3691
120.0 10.0 5.0 16.25 214.4978
180.0 -5.0 -10.0 3.75 5848677320.8077
180.0 -2.5 -10.0 3.75 10000000017.7283
180.0 0.0 -10.0 3.75 10000000054.9981
180.0 2.5 -10.0 3.75 9999999995.5905
180.0 5.0 -10.0 3.75 10000000168.0606
180.0 7.5 -10.0 3.75 10000000463.187601
180.0 10.0 -10.0 3.75 10000000204.2205
180.0 -5.0 -7.5 3.75 9766888666.778301
180.0 -2.5 -7.5 3.75 10000000044.8402
180.0 0.0 -7.5 3.75 9999999736.3735
180.0 2.5 -7.5 3.75 10000000110.1861
180.0 5.0 -7.5 3.75 9999999804.3855
180.0 7.5 -7.5 3.75 10000000103.972502
180.0 10.0 -7.5 3.75 10000000054.0933
180.0 -5.0 -5.0 3.75 10000000062.266
180.0 -2.5 -5.0 3.75 9999999811.1653
180.0 0.0 -5.0 3.75 9999999896.9108
180.0 2.5 -5.0 3.75 9999999715.7998
180.0 5.0 -5.0 3.75 10000000086.3409
180.0 7.5 -5.0 3.75 9999999802.399801
180.0 10.0 -5.0 3.75 10000000101.6474
180.0 -5.0 -2.5 3.75 10000000162.095402
180.0 -2.5 -2.5 3.75 9999999817.943401
180.0 0.0 -2.5 3.75 10000000072.060001
180.0 2.5 -2.5 3.75 10000000076.151001
180.0 5.0 -2.5 3.75 10000000407.172901
180.0 7.5 -2.5 3.75 10000000165.5662
180.0 10.0 -2.5 3.75 10000000330.098701
180.0 -5.0 0.0 3.75 10000000046.6263
180.0 -2.5 0.0 3.75 10000000032.4263
180.0 0.0 0.0 3.75 9999999878.044102
180.0 2.5 0.0 3.75 9999999935.098701
180.0 5.0 0.0 3.75 9999999494.7658
180.0 7.5 0.0 3.75 9999999915.345901
180.0 10.0 0.0 3.75 9999999995.7212
180.0 -5.0 2.5 3.75 10000000062.024
180.0 -2.5 2.5 3.75 9999999698.489601
180.0 0.0 2.5 3.75 9999999651.4006
180.0 2.5 2.5 3.75 9999999709.6303
180.0 5.0 2.5 3.75 9999999922.816801
180.0 7.5 2.5 3.75 9999999968.454401
180.0 10.0 2.5 3.75 9999999769.264
180.0 -5.0 5.0 3.75 365063515.863
180.0 -2.5 5.0 3.75 10000000003.2766
180.0 0.0 5.0 3.75 10000000241.087
180.0 2.5 5.0 3.75 10000000254.749
180.0 5.0 5.0 3.75 10000000066.8437
180.0 7.5 5.0 3.75 10000000010.824902
180.0 10.0 5.0 3.75 507906689.21040004
180.0 5.0 -2.5 8.75 9999999610.3167
180.0 5.0 -2.5 10.0 9999999962.819801
180.0 2.5 2.5 10.0 9999999913.116001
180.0 5.0 -10.0 11.25 10000000385.1499
180.0 7.5 -10.0 11.25 9999999809.9326
180.0 -2.5 -7.5 11.25 10000000156.8603
180.0 5.0 -7.5 11.25 10000000003.986
180.0 2.5 -5.0 11.25 9999999916.526201
180.0 5.0 -5.0 11.25 9999999213.307201
180.0 7.5 -5.0 11.25 9999999547.010801
180.0 10.0 -5.0 11.25 9999999972.093102
180.0 5.0 -2.5 11.25 9999999940.3747
180.0 0.0 0.0 11.25 5761139386.859099
180.0 -2.5 2.5 11.25 9999999782.6902
180.0 2.5 2.5 11.25 9999999935.3742
180.0 -5.0 5.0 11.25 8834.872200000002
180.0 5.0 5.0 11.25 10000000118.1158
180.0 0.0 -10.0 12.5 865424032.6604
180.0 2.5 -10.0 12.5 1489223740.8968
180.0 5.0 -10.0 12.5 380510537.1084
180.0 7.5 -10.0 12.5 9999999880.8169
180.0 10.0 -10.0 12.5 9999999889.274302
180.0 -2.5 -7.5 12.5 9999999979.975801
180.0 0.0 -7.5 12.5 9999999898.7866
180.0 2.5 -7.5 12.5 10000000247.5925
180.0 5.0 -7.5 12.5 9999999793.2169
180.0 7.5 -7.5 12.5 10000000023.296701
180.0 10.0 -7.5 12.5 9999999980.7366
180.0 2.5 -5.0 12.5 9999999947.990702
180.0 5.0 -5.0 12.5 7285347676.2528
180.0 7.5 -5.0 12.5 10000000025.137402
180.0 10.0 -5.0 12.5 9999999976.8547
180.0 2.5 -2.5 12.5 10000000028.1727
180.0 5.0 -2.5 12.5 9999999839.994501
180.0 0.0 0.0 12.5 10000000191.339201
180.0 2.5 0.0 12.5 9165398824.1641
180.0 5.0 0.0 12.5 9999999664.7248
180.0 -2.5 2.5 12.5 1491095519.3762
180.0 0.0 2.5 12.5 9999999834.595701
180.0 2.5 2.5 12.5 9999999954.0764
180.0 -5.0 5.0 12.5 4158.659
180.0 2.5 5.0 12.5 9999999896.959002
180.0 5.0 5.0 12.5 10000000038.5317
180.0 -5.0 -10.0 13.75 34.1404
180.0 -2.5 -10.0 13.75 12501.9905
180.0 0.0 -10.0 13.75 2222063.2782
180.0 2.5 -10.0 13.75 21927994.801200002
180.0 5.0 -10.0 13.75 1361463680.7486
180.0 7.5 -10.0 13.75 1707689527.1667
180.0 10.0 -10.0 13.75 9999999748.6734
180.0 -2.5 -7.5 13.75 27335.166699999998
180.0 0.0 -7.5 13.75 518229006.564
180.0 2.5 -7.5 13.75 434429354.09499997
180.0 5.0 -7.5 13.75 9999999791.796902
180.0 7.5 -7.5 13.75 757500001.8868
180.0 10.0 -7.5 13.75 9999999475.6247
180.0 -2.5 -5.0 13.75 579433676.8766
180.0 0.0 -5.0 13.75 29949902.972999997
180.0 2.5 -5.0 13.75 4850954502.5614
180.0 5.0 -5.0 13.75 10000000151.2203
180.0 7.5 -5.0 13.75 9999999797.402601
180.0 10.0 -5.0 13.75 9999999869.771502
180.0 2.5 -2.5 13.75 9999999945.953701
180.0 5.0 -2.5 13.75 9999999878.157001
180.0 7.5 -2.5 13.75 9999999765.0114
180.0 -2.5 0.0 13.75 10000000067.3777
180.0 0.0 0.0 13.75 167215261.4639
180.0 2.5 0.0 13.75 10000000020.9139
180.0 5.0 0.0 13.75 9999999881.1165
180.0 -5.0 2.5 13.75 47871.2802
180.0 -2.5 2.5 13.75 10000000053.0116
180.0 0.0 2.5 13.75 10000000077.4141
180.0 2.5 2.5 13.75 10000000262.912401
180.0 -5.0 5.0 13.75 550.4322
180.0 -2.5 5.0 13.75 34477.795300000005
180.0 0.0 5.0 13.75 26362670.149899997
180.0 2.5 5.0 13.75 9999999742.0275
180.0 5.0 5.0 13.75 10000000022.2387
180.0 -5.0 -10.0 15.0 5.244299999999999
180.0 -2.5 -10.0 15.0 -9.020999999999999
180.0 0.0 -10.0 15.0 -0.4701000000000022
180.0 2.5 -10.0 15.0 11923.926
180.0 5.0 -10.0 15.0 157583184.2321
180.0 7.5 -10.0 15.0 27401114.140499998
180.0 10.0 -10.0 15.0 3361589927.7401
180.0 -5.0 -7.5 15.0 0.5251000000000001
180.0 -2.5 -7.5 15.0 10229.4778
180.0 0.0 -7.5 15.0 5412187.4276
180.0 2.5 -7.5 15.0 112242147.1029
180.0 5.0 -7.5 15.0 72716116.86709999
180.0 7.5 -7.5 15.0 9999999896.143002
180.0 10.0 -7.5 15.0 9999999719.4015
180.0 -2.5 -5.0 15.0 499481250.1577
180.0 0.0 -5.0 15.0 5612428401.7489
180.0 2.5 -5.0 15.0 9999999737.832901
180.0 5.0 -5.0 15.0 10000000003.540401
180.0 7.5 -5.0 15.0 10000000304.230701
180.0 10.0 -5.0 15.0 9999999799.699501
180.0 -2.5 -2.5 15.0 233183238.3962
180.0 0.0 -2.5 15.0 71346660.9189
180.0 2.5 -2.5 15.0 9999999686.5485
180.0 5.0 -2.5 15.0 1614603002.921
180.0 7.5 -2.5 15.0 1632444287.7851
180.0 10.0 -2.5 15.0 10000000019.927101
180.0 -2.5 0.0 15.0 35810458.04620001
180.0 0.0 0.0 15.0 9999999985.388
180.0 2.5 0.0 15.0 9999999958.4547
180.0 5.0 0.0 15.0 9999999954.716702
180.0 7.5 0.0 15.0 9999999706.1452
180.0 10.0 0.0 15.0 9999999999.553202
180.0 -5.0 2.5 15.0 551263015.9955001
180.0 -2.5 2.5 15.0 4389489952.766999
180.0 0.0 2.5 15.0 1251410789.3293
180.0 2.5 2.5 15.0 4610079742.7067995
180.0 5.0 2.5 15.0 1157144825.2817001
180.0 7.5 2.5 15.0 9999999876.455502
180.0 10.0 2.5 15.0 10000000188.2129
180.0 -5.0 5.0 15.0 56.089099999999995
180.0 -2.5 5.0 15.0 298204.02400000003
180.0 0.0 5.0 15.0 91697.9828
180.0 2.5 5.0 15.0 9999999982.9162
180.0 5.0 5.0 15.0 317482851.0383
180.0 7.5 5.0 15.0 2028685957.8281
180.0 10.0 5.0 15.0 2651513.2075
180.0 -5.0 -10.0 16.25 3.2242
180.0 -2.5 -10.0 16.25 -7.5123
180.0 0.0 -10.0 16.25 -26.5299
180.0 2.5 -10.0 16.25 314412.68820000003
180.0 5.0 -10.0 16.25 9999999928.7823
180.0 7.5 -10.0 16.25 9999999945.9241
180.0 10.0 -10.0 16.25 177848601.3195
180.0 -5.0 -7.5 16.25 10.8365
180.0 -2.5 -7.5 16.25 6987.4891
180.0 0.0 -7.5 16.25 42190063.0051
180.0 2.5 -7.5 16.25 1424229594.8643
180.0 5.0 -7.5 16.25 160802578.79450002
180.0 7.5 -7.5 16.25 1235073062.4992
180.0 10.0 -7.5 16.25 5786993017.4996
180.0 -5.0 -5.0 16.25 1037.7195
180.0 -2.5 -5.0 16.25 1153463576.4405
180.0 0.0 -5.0 16.25 9999999915.844301
180.0 2.5 -5.0 16.25 9999999972.0317
180.0 5.0 -5.0 16.25 9999999873.4782
180.0 7.5 -5.0 16.25 9999999825.945301
180.0 10.0 -5.0 16.25 4534626671.1115
180.0 -5.0 -2.5 16.25 9287718.3634
180.0 -2.5 -2.5 16.25 9999999818.8715
180.0 0.0 -2.5 16.25 613982580.8408
180.0 2.5 -2.5 16.25 9999999878.8985
180.0 5.0 -2.5 16.25 9999999865.9659
180.0 7.5 -2.5 16.25 9999999952.7353
180.0 10.0 -2.5 16.25 10000000163.5097
180.0 -2.5 0.0 16.25 7768925915.1894
180.0 0.0 0.0 16.25 1813395059.9901
180.0 2.5 0.0 16.25 41064390.683800004
180.0 5.0 0.0 16.25 141544269.1844
180.0 7.5 0.0 16.25 10000000124.1009
180.0 10.0 0.0 16.25 10000000029.467901
180.0 -5.0 2.5 16.25 788.969
180.0 -2.5 2.5 16.25 9999999871.5809
180.0 0.0 2.5 16.25 9999999999.2007
180.0 2.5 2.5 16.25 601967568.6308999
180.0 5.0 2.5 16.25 202644746.4545
180.0 7.5 2.5 16.25 9999999944.4407
180.0 10.0 2.5 16.25 9999999856.456902
180.0 -5.0 5.0 16.25 7.228299999999999
180.0 -2.5 5.0 16.25 7540.258400000001
180.0 0.0 5.0 16.25 217.5734
180.0 2.5 5.0 16.25 4999155.4232
180.0 5.0 5.0 16.25 10000000070.934801
180.0 7.5 5.0 16.25 2237861601.0069003
180.0 10.0 5.0 16.25 4623407.131200001
240.0 -5.0 -10.0 3.75 10000000153.711102
240.0 -2.5 -10.0 3.75 8731628954.290499
240.0 0.0 -10.0 3.75 10000000059.275501
240.0 2.5 -10.0 3.75 10000000050.893702
240.0 5.0 -10.0 3.75 9999999759.704601
240.0 7.5 -10.0 3.75 10000000080.6347
240.0 10.0 -10.0 3.75 10000000407.4797
240.0 -5.0 -7.5 3.75 10000000152.2033
240.0 -2.5 -7.5 3.75 9999999764.0541
240.0 0.0 -7.5 3.75 9999999938.7385
240.0 2.5 -7.5 3.75 10000000234.0641
240.0 5.0 -7.5 3.75 9999999638.1797
240.0 7.5 -7.5 3.75 9999999605.1119
240.0 10.0 -7.5 3.75 10000000308.4643
240.0 -5.0 -5.0 3.75 9999999733.363
240.0 -2.5 -5.0 3.75 9999999710.210402
240.0 0.0 -5.0 3.75 9999999950.1375
240.0 2.5 -5.0 3.75 10000000481.497002
240.0 5.0 -5.0 3.75 9999999707.491901
240.0 7.5 -5.0 3.75 9999999864.8348
240.0 10.0 -5.0 3.75 9999999922.357
240.0 -5.0 -2.5 3.75 10000000129.607801
240.0 -2.5 -2.5 3.75 9999999989.637701
240.0 0.0 -2.5 3.75 9999999532.929201
240.0 2.5 -2.5 3.75 10000000301.648901
240.0 5.0 -2.5 3.75 10000000007.541101
240.0 7.5 -2.5 3.75 9999999874.450602
240.0 10.0 -2.5 3.75 10000000065.659101
240.0 -5.0 0.0 3.75 10000000287.289202
240.0 -2.5 0.0 3.75 10000000130.3645
240.0 0.0 0.0 3.75 10000000029.9256
240.0 2.5 0.0 3.75 10000000272.107601
240.0 5.0 0.0 3.75 9999999891.1266
240.0 7.5 0.0 3.75 10000000201.3467
240.0 10.0 0.0 3.75 10000000134.139801
240.0 -5.0 2.5 3.75 9999999518.1618
240.0 -2.5 2.5 3.75 10000000450.4736
240.0 0.0 2.5 3.75 9999999419.675001
240.0 2.5 2.5 3.75 9999999785.817202
240.0 5.0 2.5 3.75 9999999968.545
240.0 7.5 2.5 3.75 10000000214.4598
240.0 10.0 2.5 3.75 10000000061.859201
240.0 -5.0 5.0 3.75 9999999971.3652
240.0 -2.5 5.0 3.75 10000000017.935501
240.0 0.0 5.0 3.75 9999999885.9937
240.0 2.5 5.0 3.75 1249989270.076
240.0 5.0 5.0 3.75 10000000012.263802
240.0 7.5 5.0 3.75 10000000072.502201
240.0 10.0 5.0 3.75 9999999870.632801
240.0 -2.5 -10.0 11.25 261335374.0597
240.0 5.0 -10.0 11.25 7696831108.7422
240.0 10.0 -10.0 11.25 9999999892.903101
240.0 5.0 -7.5 11.25 9999999569.7439
240.0 -2.5 -2.5 11.25 1042219422.7725
240.0 -5.0 0.0 11.25 53061403.8442
240.0 -2.5 0.0 11.25 9999999899.2509
240.0 0.0 0.0 11.25 9999999880.7464
240.0 -5.0 2.5 11.25 33565064.808
240.0 0.0 2.5 11.25 10000000254.0401
240.0 0.0 5.0 11.25 3657539686.6124
240.0 -5.0 -10.0 12.5 727753.2977
240.0 -2.5 -10.0 12.5 10000000040.1966
240.0 0.0 -10.0 12.5 9999999923.8488
240.0 5.0 -10.0 12.5 9999999862.4813
240.0 7.5 -10.0 12.5 10000000007.675201
240.0 10.0 -10.0 12.5 10000000109.872501
240.0 5.0 -7.5 12.5 10000000045.3848
240.0 7.5 -7.5 12.5 9999999815.713001
240.0 10.0 -7.5 12.5 9999999712.427
240.0 2.5 -5.0 12.5 10000000094.5231
240.0 -5.0 -2.5 12.5 1771149886.7265
240.0 -2.5 -2.5 12.5 9999999849.634201
240.0 0.0 -2.5 12.5 10000000055.553701
240.0 -5.0 0.0 12.5 165438894.7726
240.0 -2.5 0.0 12.5 9999999922.8062
240.0 0.0 0.0 12.5 9999999994.2745
240.0 2.5 0.0 12.5 9999999986.4036
240.0 -5.0 2.5 12.5 57877218.5301
240.0 0.0 2.5 12.5 10000000079.5876
240.0 0.0 5.0 12.5 5498146542.195399
240.0 -2.5 -10.0 13.75 62769344.2799
240.0 0.0 -10.0 13.75 9999999877.257101
240.0 2.5 -10.0 13.75 3439239476.9308
240.0 5.0 -10.0 13.75 191994462.8815
240.0 7.5 -10.0 13.75 9999999881.623201
240.0 10.0 -10.0 13.75 258221893.2761
240.0 -5.0 -7.5 13.75 9999999906.0419
240.0 2.5 -7.5 13.75 4167912170.7598
240.0 5.0 -7.5 13.75 9999999749.9615
240.0 7.5 -7.5 13.75 9999999877.8437
240.0 10.0 -7.5 13.75 9999999465.6016
240.0 -5.0 -5.0 13.75 6624176335.3533
240.0 -2.5 -5.0 13.75 6233327217.4271
240.0 2.5 -5.0 13.75 9999999876.9447
240.0 10.0 -5.0 13.75 10000000236.5919
240.0 -5.0 -2.5 13.75 32684843.643600002
240.0 -2.5 -2.5 13.75 10000000002.495901
240.0 0.0 -2.5 13.75 1540011401.3948998
240.0 2.5 -2.5 13.75 10000000286.5755
240.0 -5.0 0.0 13.75 50445198.306899995
240.0 -2.5 0.0 13.75 10000000371.604801
240.0 0.0 0.0 13.75 1307876746.1406
240.0 2.5 0.0 13.75 197943029.899
240.0 -5.0 2.5 13.75 9999999965.074902
240.0 0.0 2.5 13.75 10000000229.178902
240.0 2.5 2.5 13.75 9999999929.8525
240.0 -5.0 5.0 13.75 10000000064.6201
240.0 0.0 5.0 13.75 870177384.469
240.0 2.5 5.0 13.75 14820090.3315
240.0 -5.0 -10.0 15.0 6820358.2872
240.0 -2.5 -10.0 15.0 350669788.8525
240.0 0.0 -10.0 15.0 121385519.671
240.0 2.5 -10.0 15.0 663439436.9282
240.0 5.0 -10.0 15.0 1057391161.2057
240.0 7.5 -10.0 15.0 8122578.819399999
240.0 10.0 -10.0 15.0 9999999885.080301
240.0 -5.0 -7.5 15.0 9999999854.917002
240.0 -2.5 -7.5 15.0 12586061.9308
240.0 0.0 -7.5 15.0 51234321.02909999
240.0 2.5 -7.5 15.0 9999999677.9745
240.0 5.0 -7.5 15.0 1202203015.3478
240.0 7.5 -7.5 15.0 146767036.3091
240.0 10.0 -7.5 15.0 9999999865.189402
240.0 -5.0 -5.0 15.0 23538982.6166
240.0 -2.5 -5.0 15.0 6616609140.5142
240.0 0.0 -5.0 15.0 6210777819.1855
240.0 2.5 -5.0 15.0 10000000018.1891
240.0 5.0 -5.0 15.0 398316297.4417
240.0 7.5 -5.0 15.0 9999999971.395601
240.0 10.0 -5.0 15.0 9999999621.5907
240.0 -5.0 -2.5 15.0 132436363.96270001
240.0 -2.5 -2.5 15.0 9999999971.925701
240.0 0.0 -2.5 15.0 101029443.86250001
240.0 2.5 -2.5 15.0 2471073346.0332
240.0 5.0 -2.5 15.0 719226953.572
240.0 7.5 -2.5 15.0 9999999944.184502
240.0 10.0 -2.5 15.0 9999999827.3988
240.0 -5.0 0.0 15.0 770781.1122999999
240.0 -2.5 0.0 15.0 1428927865.7026
240.0 0.0 0.0 15.0 9999999802.5205
240.0 2.5 0.0 15.0 10000000096.6072
240.0 5.0 0.0 15.0 10000000061.163801
240.0 10.0 0.0 15.0 1217650386.6757002
240.0 -5.0 2.5 15.0 10000000009.605701
240.0 -2.5 2.5 15.0 9999999836.5454
240.0 0.0 2.5 15.0 10000000036.4615
240.0 2.5 2.5 15.0 5965033.3582999995
240.0 5.0 2.5 15.0 9999999756.7022
240.0 10.0 2.5 15.0 15644594.3458
240.0 -5.0 5.0 15.0 22140427.141799998
240.0 0.0 5.0 15.0 1389295980.306
240.0 2.5 5.0 15.0 3057785.7753999997
240.0 5.0 5.0 15.0 588942387.0083001
240.0 -5.0 -10.0 16.25 9999999891.467701
240.0 -2.5 -10.0 16.25 9999999931.341702
240.0 0.0 -10.0 16.25 1669331798.8466
240.0 2.5 -10.0 16.25 1890829.6612999998
240.0 5.0 -10.0 16.25 277716101.2365
240.0 7.5 -10.0 16.25 5505740570.4802
240.0 10.0 -10.0 16.25 5072079589.484301
240.0 -5.0 -7.5 16.25 1019736.9627
240.0 -2.5 -7.5 16.25 10000000025.5067
240.0 0.0 -7.5 16.25 9999999965.1077
240.0 2.5 -7.5 16.25 10000000197.6312
240.0 5.0 -7.5 16.25 9999999937.626202
240.0 7.5 -7.5 16.25 10000000370.678202
240.0 10.0 -7.5 16.25 4413426402.7904
240.0 -5.0 -5.0 16.25 791584417.0788
240.0 -2.5 -5.0 16.25 9999999924.901701
240.0 0.0 -5.0 16.25 114223715.9839
240.0 2.5 -5.0 16.25 10000000069.404902
240.0 5.0 -5.0 16.25 10000000042.502401
240.0 7.5 -5.0 16.25 10000000246.861
240.0 10.0 -5.0 16.25 870926996.9007
240.0 -5.0 -2.5 16.25 9999999889.377901
240.0 -2.5 -2.5 16.25 1139535617.7725
240.0 0.0 -2.5 16.25 10000000086.5018
240.0 2.5 -2.5 16.25 10000000073.819601
240.0 5.0 -2.5 16.25 10000000106.0104
240.0 7.5 -2.5 16.25 10000000403.086802
240.0 10.0 -2.5 16.25 68692750.6687
240.0 -5.0 0.0 16.25 402867994.0319
240.0 -2.5 0.0 16.25 9999999994.5814
240.0 0.0 0.0 16.25 9999999879.088001
240.0 2.5 0.0 16.25 10000000033.197802
240.0 5.0 0.0 16.25 10000000525.3703
240.0 7.5 0.0 16.25 10000000597.448801
240.0 10.0 0.0 16.25 47695761.2351
240.0 -5.0 2.5 16.25 5918918.670299999
240.0 -2.5 2.5 16.25 10000000255.027
240.0 0.0 2.5 16.25 293223215.72499996
240.0 2.5 2.5 16.25 10000000111.3292
240.0 5.0 2.5 16.25 16892699.6193
240.0 7.5 2.5 16.25 1985676.0881999999
240.0 10.0 2.5 16.25 5267224554.1248
240.0 -5.0 5.0 16.25 4857658.567100001
240.0 -2.5 5.0 16.25 1052593646.8844
240.0 0.0 5.0 16.25 2149651.3217999996
240.0 2.5 5.0 16.25 1143381.1308
240.0 5.0 5.0 16.25 66691.50910000001
240.0 7.5 5.0 16.25 4338.1359999999995
240.0 10.0 5.0 16.25 2753.4121
300.0 -5.0 -10.0 3.75 9999999807.564402
300.0 -2.5 -10.0 3.75 10000000449.8218
300.0 0.0 -10.0 3.75 10000000236.176601
300.0 2.5 -10.0 3.75 10000000442.805
300.0 5.0 -10.0 3.75 9999999929.399801
300.0 7.5 -10.0 3.75 9999999813.864601
300.0 10.0 -10.0 3.75 9999999845.918402
300.0 -5.0 -7.5 3.75 10000000061.165901
300.0 -2.5 -7.5 3.75 9999999991.6961
300.0 0.0 -7.5 3.75 10000000317.891901
300.0 2.5 -7.5 3.75 9999999623.667501
300.0 5.0 -7.5 3.75 10000000386.263102
300.0 7.5 -7.5 3.75 9999999918.2714
300.0 10.0 -7.5 3.75 10000000117.6336
300.0 -5.0 -5.0 3.75 10000000091.062101
300.0 -2.5 -5.0 3.75 9999999791.8469
300.0 0.0 -5.0 3.75 9999999996.847
300.0 2.5 -5.0 3.75 9999999910.8118
300.0 5.0 -5.0 3.75 9999999938.146101
300.0 7.5 -5.0 3.75 9999999906.988401
300.0 10.0 -5.0 3.75 9999999989.375101
300.0 -5.0 -2.5 3.75 10000000021.3456
300.0 -2.5 -2.5 3.75 10000000184.0659
300.0 0.0 -2.5 3.75 9999999909.1243
300.0 2.5 -2.5 3.75 9999999904.417702
300.0 5.0 -2.5 3.75 9999999879.702501
300.0 7.5 -2.5 3.75 9999999923.2399
300.0 10.0 -2.5 3.75 10000000088.7516
300.0 -5.0 0.0 3.75 10000000031.2605
300.0 -2.5 0.0 3.75 10000000040.9342
300.0 0.0 0.0 3.75 9999999987.219501
300.0 2.5 0.0 3.75 9999999552.7385
300.0 5.0 0.0 3.75 10000000141.825602
300.0 7.5 0.0 3.75 9999999770.1777
300.0 10.0 0.0 3.75 9999999893.992601
300.0 -5.0 2.5 3.75 9999999904.840601
300.0 -2.5 2.5 3.75 10000000140.214
300.0 0.0 2.5 3.75 9999999857.778
300.0 2.5 2.5 3.75 9999999600.4883
300.0 5.0 2.5 3.75 9999999908.8806
300.0 7.5 2.5 3.75 9999999887.715
300.0 10.0 2.5 3.75 9999999804.347502
300.0 -5.0 5.0 3.75 10000000055.4311
300.0 -2.5 5.0 3.75 9999999730.5776
300.0 0.0 5.0 3.75 9999999873.4307
300.0 2.5 5.0 3.75 9999999757.023
300.0 5.0 5.0 3.75 10000000202.799301
300.0 7.5 5.0 3.75 10000000085.0337
300.0 10.0 5.0 3.75 9999999965.7665
300.0 -2.5 -5.0 8.75 10000000197.6655
300.0 -5.0 5.0 8.75 1060369151.8054
300.0 -2.5 -10.0 10.0 10000000277.6728
300.0 -2.5 -7.5 10.0 10000000508.6411
300.0 -2.5 -5.0 10.0 10000000551.575401
300.0 -5.0 -2.5 10.0 10000000156.9002
300.0 -2.5 2.5 10.0 1227562564.7043
300.0 -5.0 5.0 10.0 10000000007.331501
300.0 -2.5 5.0 10.0 10000000104.212502
300.0 0.0 5.0 10.0 9999999980.1727
300.0 -2.5 -10.0 11.25 10000000027.866201
300.0 0.0 -10.0 11.25 10000000131.3005
300.0 2.5 -10.0 11.25 9999999262.6256
300.0 -2.5 -7.5 11.25 9999999833.465101
300.0 0.0 -7.5 11.25 10000000330.8297
300.0 -2.5 -5.0 11.25 706653761.2818
300.0 -2.5 0.0 11.25 10000000272.8451
300.0 -5.0 2.5 11.25 184483051.84620002
300.0 -2.5 2.5 11.25 10000000428.9473
300.0 -5.0 5.0 11.25 515809820.6815
300.0 -2.5 5.0 11.25 10000000142.346
300.0 0.0 5.0 11.25 9999999929.734201
300.0 5.0 5.0 11.25 1517362513.4912
300.0 -2.5 -10.0 12.5 10000000080.289202
300.0 0.0 -10.0 12.5 10000000019.9381
300.0 2.5 -10.0 12.5 10000000034.514801
300.0 5.0 -10.0 12.5 10000000014.061
300.0 7.5 -10.0 12.5 4343430712.2401
300.0 -5.0 -7.5 12.5 9999999852.008501
300.0 -2.5 -7.5 12.5 10000000205.529501
300.0 0.0 -7.5 12.5 10000000277.5814
300.0 2.5 -7.5 12.5 10000000267.1523
300.0 -5.0 -5.0 12.5 10000000014.085001
300.0 -2.5 -5.0 12.5 5840790627.7842
300.0 0.0 -5.0 12.5 9999999913.0601
300.0 -5.0 -2.5 12.5 10000000028.262402
300.0 -2.5 0.0 12.5 10000000046.900002
300.0 -5.0 2.5 12.5 239235121.2782
300.0 -2.5 2.5 12.5 9999999937.305
300.0 0.0 2.5 12.5 10000000078.4803
300.0 -5.0 5.0 12.5 494794327.9336
300.0 -2.5 5.0 12.5 7908424.1351
300.0 0.0 5.0 12.5 9999999985.458101
300.0 5.0 5.0 12.5 10000000066.1679
300.0 7.5 5.0 12.5 9999999827.339602
300.0 -5.0 -10.0 13.75 10000000174.2381
300.0 -2.5 -10.0 13.75 10000000538.151901
300.0 0.0 -10.0 13.75 9999999882.2422
300.0 2.5 -10.0 13.75 10000000034.6317
300.0 5.0 -10.0 13.75 10000000295.0359
300.0 7.5 -10.0 13.75 9999999751.744902
300.0 10.0 -10.0 13.75 604386792.3548
300.0 -5.0 -7.5 13.75 9999999942.9144
300.0 -2.5 -7.5 13.75 10000000057.4389
300.0 0.0 -7.5 13.75 9999999863.7229
300.0 2.5 -7.5 13.75 9999999937.523901
300.0 5.0 -7.5 13.75 10000000372.8549
300.0 -5.0 -5.0 13.75 10000000199.2217
300.0 -2.5 -5.0 13.75 10000000125.967001
300.0 0.0 -5.0 13.75 10000000055.9223
300.0 2.5 -2.5 13.75 9999999948.2749
300.0 -5.0 0.0 13.75 166989164.7942
300.0 -2.5 0.0 13.75 461364752.6851
300.0 -5.0 2.5 13.75 23394.2306
300.0 -2.5 2.5 13.75 733035202.1902
300.0 0.0 2.5 13.75 10000000051.3349
300.0 10.0 2.5 13.75 9999999898.2362
300.0 -5.0 5.0 13.75 63716.6322
300.0 -2.5 5.0 13.75 31223111.4507
300.0 0.0 5.0 13.75 9999999996.5648
300.0 2.5 5.0 13.75 9999999962.572102
300.0 7.5 5.0 13.75 1281657540.5328
300.0 10.0 5.0 13.75 14406080.549999999
300.0 -5.0 -10.0 15.0 133239007.73550001
300.0 -2.5 -10.0 15.0 192480083.0837
300.0 0.0 -10.0 15.0 4895434580.004
300.0 2.5 -10.0 15.0 10000000124.8148
300.0 5.0 -10.0 15.0 9999999760.546501
300.0 7.5 -10.0 15.0 10000000057.6665
300.0 10.0 -10.0 15.0 4919072035.3771
300.0 -5.0 -7.5 15.0 26874055.4342
300.0 -2.5 -7.5 15.0 10000000038.3533
300.0 0.0 -7.5 15.0 10000000250.061201
300.0 2.5 -7.5 15.0 10000000294.4769
300.0 5.0 -7.5 15.0 1964700436.4579
300.0 7.5 -7.5 15.0 10000000438.6648
300.0 10.0 -7.5 15.0 3422781396.3311
300.0 -5.0 -5.0 15.0 354063757.6585
300.0 -2.5 -5.0 15.0 10000000056.718
300.0 0.0 -5.0 15.0 10000000141.4785
300.0 2.5 -5.0 15.0 5803376071.7125
300.0 5.0 -5.0 15.0 201999308.1908
300.0 7.5 -5.0 15.0 9999999979.6077
300.0 -5.0 -2.5 15.0 176360317.1839
300.0 -2.5 -2.5 15.0 496602244.8011
300.0 0.0 -2.5 15.0 10000000170.35
300.0 2.5 -2.5 15.0 1658708971.3899
300.0 7.5 -2.5 15.0 9999999727.231602
300.0 -5.0 0.0 15.0 501866376.114
300.0 -2.5 0.0 15.0 5747778101.801701
300.0 0.0 0.0 15.0 127172782.5224
300.0 2.5 0.0 15.0 4103672899.4737
300.0 5.0 0.0 15.0 5658014655.936
300.0 -5.0 2.5 15.0 525194483.004
300.0 -2.5 2.5 15.0 53985484.5802
300.0 0.0 2.5 15.0 173002924.9514
300.0 2.5 2.5 15.0 4715524.887
300.0 5.0 2.5 15.0 9999999903.168701
300.0 7.5 2.5 15.0 10000000037.375301
300.0 10.0 2.5 15.0 4032644.3787000002
300.0 -5.0 5.0 15.0 243.4098
300.0 -2.5 5.0 15.0 3114.5389999999998
300.0 0.0 5.0 15.0 1064200.4269
300.0 2.5 5.0 15.0 160686068.2117
300.0 5.0 5.0 15.0 103315020.26259999
300.0 7.5 5.0 15.0 2009087.3479
300.0 10.0 5.0 15.0 177868.3411
300.0 -5.0 -10.0 16.25 10000000034.535301
300.0 -2.5 -10.0 16.25 10000000177.047602
300.0 0.0 -10.0 16.25 2436490550.8893
300.0 2.5 -10.0 16.25 10000000066.729101
300.0 5.0 -10.0 16.25 10000000344.2621
300.0 7.5 -10.0 16.25 9999999832.0102
300.0 10.0 -10.0 16.25 9999999940.3519
300.0 -5.0 -7.5 16.25 2997682290.5910997
300.0 -2.5 -7.5 16.25 9999999992.507502
300.0 0.0 -7.5 16.25 9999999854.498901
300.0 2.5 -7.5 16.25 10000000292.0202
300.0 5.0 -7.5 16.25 7236545411.6524
300.0 7.5 -7.5 16.25 10000000013.456701
300.0 10.0 -7.5 16.25 1509402279.5547
300.0 -5.0 -5.0 16.25 294681943.2505
300.0 -2.5 -5.0 16.25 1416226702.6332002
300.0 0.0 -5.0 16.25 6116159219.8162
300.0 2.5 -5.0 16.25 10000000119.6028
300.0 5.0 -5.0 16.25 7384150625.922299
300.0 7.5 -5.0 16.25 86306426.678
300.0 10.0 -5.0 16.25 9999999923.8588
300.0 -5.0 -2.5 16.25 667933664.0885
300.0 -2.5 -2.5 16.25 2157322998.8190002
300.0 0.0 -2.5 16.25 105518522.56909999
300.0 2.5 -2.5 16.25 10000000173.6728
300.0 5.0 -2.5 16.25 493595628.7762
300.0 7.5 -2.5 16.25 9999999832.204102
300.0 10.0 -2.5 16.25 9999999932.162
300.0 -5.0 0.0 16.25 4082621.1044
300.0 -2.5 0.0 16.25 10000000413.022501
300.0 0.0 0.0 16.25 957521.0804
300.0 2.5 0.0 16.25 9999999738.595701
300.0 5.0 0.0 16.25 4152880053.0550003
300.0 10.0 0.0 16.25 9999999893.801102
300.0 -5.0 2.5 16.25 3359.7597
300.0 -2.5 2.5 16.25 29317.414200000003
300.0 0.0 2.5 16.25 69010.1662
300.0 2.5 2.5 16.25 5309283.954299999
300.0 5.0 2.5 16.25 331470421.8552
300.0 7.5 2.5 16.25 9999999242.2355
300.0 10.0 2.5 16.25 4317738.5772
300.0 -5.0 5.0 16.25 46.1547
300.0 -2.5 5.0 16.25 38.1111
300.0 0.0 5.0 16.25 2483.6924
300.0 2.5 5.0 16.25 8127568000.2957
300.0 5.0 5.0 16.25 33398737.2185
300.0 7.5 5.0 16.25 15317.6561
300.0 10.0 5.0 16.25 628.7981
