0.0 -2.5 -7.5 10.0 9999999940.261002
0.0 -2.5 -5.0 10.0 9999999696.779202
0.0 -2.5 -2.5 10.0 9999999347.824501
0.0 0.0 0.0 10.0 10000000150.1296
0.0 -2.5 2.5 10.0 10000000021.0837
0.0 -5.0 5.0 10.0 10000000020.719301
0.0 -2.5 -7.5 11.25 10000000118.9419
0.0 0.0 -7.5 11.25 10000000148.719702
0.0 -5.0 -5.0 11.25 10000000795.061
0.0 -2.5 -5.0 11.25 9999999933.5844
0.0 0.0 -5.0 11.25 10000000029.7987
0.0 -2.5 -2.5 11.25 9999999953.7327
0.0 2.5 -2.5 11.25 10000000120.296001
0.0 5.0 -2.5 11.25 9246794335.4445
0.0 -2.5 0.0 11.25 10000000065.502602
0.0 0.0 0.0 11.25 10000000051.376001
0.0 -5.0 2.5 11.25 4244152781.9944
0.0 -2.5 2.5 11.25 6363614648.8435
0.0 0.0 2.5 11.25 301355548.78239995
0.0 -5.0 5.0 11.25 2887675408.4890003
0.0 -2.5 5.0 11.25 571105695.2494
0.0 0.0 -10.0 12.5 9999999993.393702
0.0 2.5 -10.0 12.5 285582429.9559
0.0 -2.5 -7.5 12.5 10000000103.7078
0.0 0.0 -7.5 12.5 844711490.1616
0.0 -5.0 -5.0 12.5 9999999990.055801
0.0 -2.5 -5.0 12.5 10000000113.450401
0.0 0.0 -5.0 12.5 2716481548.8774996
0.0 2.5 -5.0 12.5 894330343.4948
0.0 -2.5 -2.5 12.5 9999999873.734901
0.0 0.0 -2.5 12.5 10000000073.9827
0.0 2.5 -2.5 12.5 10000000029.622501
0.0 5.0 -2.5 12.5 10000000051.9727
0.0 -2.5 0.0 12.5 9999999968.3232
0.0 0.0 0.0 12.5 1209610341.4647
0.0 -5.0 2.5 12.5 9999999893.370401
0.0 -2.5 2.5 12.5 9999999929.361801
0.0 0.0 2.5 12.5 642951963.865
0.0 -5.0 5.0 12.5 10000000059.346401
0.0 -2.5 5.0 12.5 37603963.3927
0.0 0.0 5.0 12.5 79978967.56099999
0.0 0.0 -10.0 13.75 47491381.3028
0.0 2.5 -10.0 13.75 5817493039.9508
0.0 -5.0 -7.5 13.75 10000000008.9132
0.0 -2.5 -7.5 13.75 10000000137.5897
0.0 0.0 -7.5 13.75 10000000182.3551
0.0 5.0 -7.5 13.75 8880609334.4657
0.0 -5.0 -5.0 13.75 10000000107.998001
0.0 -2.5 -5.0 13.75 10000000062.818602
0.0 0.0 -5.0 13.75 84845596.6088
0.0 2.5 -5.0 13.75 367202855.1692
0.0 -5.0 -2.5 13.75 10000000036.6728
0.0 -2.5 -2.5 13.75 1276435537.4135
0.0 0.0 -2.5 13.75 10000000060.026402
0.0 2.5 -2.5 13.75 634153430.2484
0.0 5.0 -2.5 13.75 3309960.611
0.0 7.5 -2.5 13.75 43594199.2953
0.0 -5.0 0.0 13.75 46617830.8667
0.0 -2.5 0.0 13.75 5411168595.8041
0.0 0.0 0.0 13.75 9999999857.2964
0.0 2.5 0.0 13.75 594417637.0251
0.0 10.0 0.0 13.75 -21.3167
0.0 -5.0 2.5 13.75 3639957423.7825003
0.0 -2.5 2.5 13.75 29382.980799999998
0.0 0.0 2.5 13.75 4796356489.094
0.0 -5.0 5.0 13.75 10000000079.5751
0.0 -2.5 5.0 13.75 341451.5767
0.0 0.0 5.0 13.75 223084.054
0.0 -5.0 -10.0 15.0 160663189.71249998
0.0 -2.5 -10.0 15.0 8360686.911499999
0.0 0.0 -10.0 15.0 487973810.1354
0.0 2.5 -10.0 15.0 42823.4032
0.0 5.0 -10.0 15.0 75534520.138
0.0 7.5 -10.0 15.0 215.5051
0.0 10.0 -10.0 15.0 -17.945999999999998
0.0 -5.0 -7.5 15.0 9999999996.499401
0.0 -2.5 -7.5 15.0 10000000064.8542
0.0 0.0 -7.5 15.0 21291758.898900002
0.0 2.5 -7.5 15.0 101291.24399999999
0.0 5.0 -7.5 15.0 1416943807.7919
0.0 10.0 -7.5 15.0 175.3351
0.0 -5.0 -5.0 15.0 9999999939.865501
0.0 -2.5 -5.0 15.0 9999999796.7779
0.0 0.0 -5.0 15.0 340825649.7065
0.0 2.5 -5.0 15.0 34061899.9313
0.0 5.0 -5.0 15.0 9999999867.9099
0.0 7.5 -5.0 15.0 42911.564699999995
0.0 -5.0 -2.5 15.0 9999999908.5683
0.0 -2.5 -2.5 15.0 29324517.1528
0.0 0.0 -2.5 15.0 1829114.6678
0.0 2.5 -2.5 15.0 9999999959.5161
0.0 5.0 -2.5 15.0 163822.7684
0.0 7.5 -2.5 15.0 11562.3483
0.0 10.0 -2.5 15.0 423.8895
0.0 -5.0 0.0 15.0 419903571.0237
0.0 -2.5 0.0 15.0 15889329.6489
0.0 0.0 0.0 15.0 48615315.2466
0.0 2.5 0.0 15.0 1556.6877
0.0 5.0 0.0 15.0 3952.4613999999997
0.0 7.5 0.0 15.0 -19.9116
0.0 10.0 0.0 15.0 -15.1613
0.0 -5.0 2.5 15.0 33247808.768400002
0.0 -2.5 2.5 15.0 13334.4869
0.0 0.0 2.5 15.0 8728.3611
0.0 2.5 2.5 15.0 161324.12840000002
0.0 5.0 2.5 15.0 -7.750799999999998
0.0 7.5 2.5 15.0 -14.3404
0.0 -5.0 5.0 15.0 38892972.058299996
0.0 -2.5 5.0 15.0 126667.43119999999
0.0 0.0 5.0 15.0 11486.033800000001
0.0 2.5 5.0 15.0 241.14950000000002
0.0 10.0 5.0 15.0 -3.8593
0.0 -5.0 -10.0 16.25 15034.091
0.0 -2.5 -10.0 16.25 841600.2348000001
0.0 0.0 -10.0 16.25 2078147.0215999999
0.0 2.5 -10.0 16.25 65.6675
0.0 5.0 -10.0 16.25 1595.2434
0.0 7.5 -10.0 16.25 -5.8015
0.0 10.0 -10.0 16.25 -13.209200000000001
0.0 -5.0 -7.5 16.25 996907962.5501
0.0 -2.5 -7.5 16.25 59527.0616
0.0 0.0 -7.5 16.25 769039.9484
0.0 2.5 -7.5 16.25 35423.1281
0.0 5.0 -7.5 16.25 24672974.8135
0.0 7.5 -7.5 16.25 129.0693
0.0 10.0 -7.5 16.25 -23.0408
0.0 -5.0 -5.0 16.25 28956.7813
0.0 -2.5 -5.0 16.25 47180974.7543
0.0 0.0 -5.0 16.25 23304040.5469
0.0 2.5 -5.0 16.25 2004175.6694999998
0.0 5.0 -5.0 16.25 75608.85579999999
0.0 7.5 -5.0 16.25 -10.421100000000001
0.0 10.0 -5.0 16.25 4.582900000000002
0.0 -5.0 -2.5 16.25 9999999987.630201
0.0 -2.5 -2.5 16.25 147350815.7904
0.0 0.0 -2.5 16.25 32844.6651
0.0 2.5 -2.5 16.25 4228.4209
0.0 5.0 -2.5 16.25 1101.8202
0.0 7.5 -2.5 16.25 -16.2885
0.0 10.0 -2.5 16.25 -13.831900000000001
0.0 -5.0 0.0 16.25 434500.7144
0.0 -2.5 0.0 16.25 18876401.097700004
0.0 0.0 0.0 16.25 25063.1576
0.0 2.5 0.0 16.25 -27.2463
0.0 5.0 0.0 16.25 -20.7681
0.0 7.5 0.0 16.25 -13.2228
0.0 10.0 0.0 16.25 -9.494
0.0 -5.0 2.5 16.25 193250213.8754
0.0 -2.5 2.5 16.25 335.6689
0.0 0.0 2.5 16.25 -25.0779
0.0 2.5 2.5 16.25 -6.359999999999999
0.0 5.0 2.5 16.25 -20.8607
0.0 7.5 2.5 16.25 -9.4771
0.0 10.0 2.5 16.25 -5.5424
0.0 -5.0 5.0 16.25 10304112.5618
0.0 -2.5 5.0 16.25 3273.6274000000003
0.0 0.0 5.0 16.25 -17.0393
0.0 2.5 5.0 16.25 -22.094900000000003
0.0 5.0 5.0 16.25 -14.266
0.0 7.5 5.0 16.25 -5.01
0.0 10.0 5.0 16.25 -1.5987
60.0 -5.0 -10.0 3.75 10000000018.859001
60.0 -2.5 -10.0 3.75 10000000002.6544
60.0 0.0 -10.0 3.75 9999999896.670301
60.0 2.5 -10.0 3.75 10000000038.532202
60.0 5.0 -10.0 3.75 10000000017.0972
60.0 7.5 -10.0 3.75 10000000087.717201
60.0 10.0 -10.0 3.75 10000000121.1446
60.0 -5.0 -7.5 3.75 9999999788.3476
60.0 -2.5 -7.5 3.75 10000000001.3271
60.0 0.0 -7.5 3.75 10000000067.099901
60.0 2.5 -7.5 3.75 9999999770.438301
60.0 5.0 -7.5 3.75 10000000084.3474
60.0 7.5 -7.5 3.75 10000000200.4139
60.0 10.0 -7.5 3.75 10000000143.7745
60.0 -5.0 -5.0 3.75 10000000010.447401
60.0 -2.5 -5.0 3.75 10000000426.493101
60.0 0.0 -5.0 3.75 10000000452.761301
60.0 2.5 -5.0 3.75 9999999444.7022
60.0 5.0 -5.0 3.75 10000000464.141901
60.0 7.5 -5.0 3.75 9999999996.1065
60.0 10.0 -5.0 3.75 2570985278.3016
60.0 -5.0 -2.5 3.75 10000000597.0308
60.0 -2.5 -2.5 3.75 10000000201.498402
60.0 0.0 -2.5 3.75 9999999970.317001
60.0 2.5 -2.5 3.75 10000000166.562302
60.0 5.0 -2.5 3.75 9999999910.131601
60.0 7.5 -2.5 3.75 9999999976.651001
60.0 10.0 -2.5 3.75 9999999876.9318
60.0 -5.0 0.0 3.75 10000000178.367601
60.0 -2.5 0.0 3.75 10000000041.4659
60.0 0.0 0.0 3.75 10000000272.0547
60.0 2.5 0.0 3.75 9999999872.4538
60.0 5.0 0.0 3.75 9999999872.500502
60.0 7.5 0.0 3.75 10000000020.2803
60.0 10.0 0.0 3.75 9999999976.5461
60.0 -5.0 2.5 3.75 10000000033.4859
60.0 -2.5 2.5 3.75 10000000014.243502
60.0 0.0 2.5 3.75 10000000056.730001
60.0 2.5 2.5 3.75 10000000123.620602
60.0 5.0 2.5 3.75 9999999864.6168
60.0 7.5 2.5 3.75 10000000117.774101
60.0 10.0 2.5 3.75 10000000003.5702
60.0 -5.0 5.0 3.75 9999999782.021
60.0 -2.5 5.0 3.75 9999999997.5305
60.0 0.0 5.0 3.75 10000000316.3265
60.0 2.5 5.0 3.75 9999999946.9144
60.0 5.0 5.0 3.75 10000000000.066101
60.0 7.5 5.0 3.75 17723465.0622
60.0 10.0 5.0 3.75 989952021.9316
60.0 2.5 5.0 10.0 3451271642.6176996
60.0 2.5 -10.0 11.25 9999999877.896502
60.0 7.5 -10.0 11.25 9999999908.1767
60.0 5.0 -7.5 11.25 270639448.69670004
60.0 -2.5 2.5 11.25 1271145794.6352
60.0 0.0 2.5 11.25 860423320.1599001
60.0 2.5 2.5 11.25 10000000045.283401
60.0 5.0 2.5 11.25 69920980.39930001
60.0 7.5 2.5 11.25 6476370.6957
60.0 -2.5 5.0 11.25 1019224.1285
60.0 0.0 5.0 11.25 158309.5986
60.0 2.5 5.0 11.25 10000000033.0421
60.0 5.0 5.0 11.25 10000000274.692701
60.0 0.0 -10.0 12.5 4166218344.4971
60.0 2.5 -10.0 12.5 293843581.4034
60.0 5.0 -10.0 12.5 10000000086.8684
60.0 7.5 -10.0 12.5 216907561.0693
60.0 0.0 -5.0 12.5 10000000012.919102
60.0 0.0 2.5 12.5 2192673309.1111
60.0 2.5 2.5 12.5 9999999977.733501
60.0 5.0 2.5 12.5 7344561581.9531
60.0 7.5 2.5 12.5 8167596.113
60.0 10.0 2.5 12.5 2919.2266
60.0 0.0 5.0 12.5 1845940.5498
60.0 2.5 5.0 12.5 9999999925.301401
60.0 5.0 5.0 12.5 2126144808.4345999
60.0 7.5 5.0 12.5 10000000217.0189
60.0 10.0 5.0 12.5 -6.5521
60.0 0.0 -10.0 13.75 14492948.887400001
60.0 2.5 -10.0 13.75 9999999937.0786
60.0 5.0 -10.0 13.75 270186876.2144
60.0 7.5 -10.0 13.75 345687.38879999996
60.0 10.0 -10.0 13.75 5670119.8367
60.0 -5.0 -7.5 13.75 664554257.5853
60.0 2.5 -7.5 13.75 204641378.60860002
60.0 5.0 -7.5 13.75 112219257.6444
60.0 7.5 -7.5 13.75 3063198374.8857
60.0 10.0 -7.5 13.75 5000062281.7702
60.0 -2.5 -5.0 13.75 10000000030.754501
60.0 0.0 -5.0 13.75 10000000126.5121
60.0 5.0 -5.0 13.75 10000000390.275002
60.0 10.0 -5.0 13.75 9999999944.4831
60.0 -5.0 -2.5 13.75 10000000275.427301
60.0 -2.5 -2.5 13.75 9999999963.190601
60.0 0.0 -2.5 13.75 9999999647.6786
60.0 0.0 0.0 13.75 1216899860.035
60.0 2.5 0.0 13.75 10000000006.4785
60.0 -2.5 2.5 13.75 51122543.4925
60.0 0.0 2.5 13.75 9999999958.6573
60.0 2.5 2.5 13.75 9487723004.0675
60.0 5.0 2.5 13.75 14713617.195700001
60.0 7.5 2.5 13.75 1273.1074
60.0 10.0 2.5 13.75 0.7607999999999997
60.0 0.0 5.0 13.75 46127072.4851
60.0 2.5 5.0 13.75 88627.7771
60.0 5.0 5.0 13.75 195311221.0167
60.0 7.5 5.0 13.75 223451.8368
60.0 10.0 5.0 13.75 -0.8451
60.0 -5.0 -10.0 15.0 13264390.5606
60.0 -2.5 -10.0 15.0 44026.729100000004
60.0 0.0 -10.0 15.0 44803852.154199995
60.0 2.5 -10.0 15.0 10000000022.796701
60.0 5.0 -10.0 15.0 10000000039.9543
60.0 7.5 -10.0 15.0 4146.5869
60.0 10.0 -10.0 15.0 1666.4631
60.0 -5.0 -7.5 15.0 7019807740.2374
60.0 -2.5 -7.5 15.0 106578798.7537
60.0 0.0 -7.5 15.0 39461.3432
60.0 2.5 -7.5 15.0 223490686.1264
60.0 5.0 -7.5 15.0 2117282001.8334
60.0 7.5 -7.5 15.0 376794158.2175
60.0 10.0 -7.5 15.0 184444.18660000002
60.0 -5.0 -5.0 15.0 695426888.6104001
60.0 -2.5 -5.0 15.0 10000000012.806702
60.0 0.0 -5.0 15.0 9999999731.5702
60.0 2.5 -5.0 15.0 10000000107.3616
60.0 5.0 -5.0 15.0 11013685.0665
60.0 7.5 -5.0 15.0 38753.530699999996
60.0 10.0 -5.0 15.0 9999999944.2455
60.0 -5.0 -2.5 15.0 9999999866.572102
60.0 -2.5 -2.5 15.0 9999999960.405
60.0 0.0 -2.5 15.0 10000000061.794802
60.0 2.5 -2.5 15.0 4509759385.4682
60.0 10.0 -2.5 15.0 14152.1917
60.0 -2.5 0.0 15.0 120457196.8098
60.0 0.0 0.0 15.0 6527947.9528
60.0 2.5 0.0 15.0 3205806.719
60.0 7.5 0.0 15.0 20498618.6992
60.0 -5.0 2.5 15.0 773339683.8116
60.0 -2.5 2.5 15.0 7490992.2638
60.0 0.0 2.5 15.0 1700247.807
60.0 2.5 2.5 15.0 425848.77009999997
60.0 5.0 2.5 15.0 62895.201499999996
60.0 7.5 2.5 15.0 435.2643
60.0 10.0 2.5 15.0 -22.9844
60.0 -2.5 5.0 15.0 765.1625
60.0 0.0 5.0 15.0 134840.0166
60.0 2.5 5.0 15.0 14512.5152
60.0 5.0 5.0 15.0 915.9969
60.0 7.5 5.0 15.0 26.3456
60.0 10.0 5.0 15.0 -7.0751
60.0 -5.0 -10.0 16.25 1085.2335999999998
60.0 -2.5 -10.0 16.25 81591.2964
60.0 0.0 -10.0 16.25 389.70459999999997
60.0 2.5 -10.0 16.25 10000000029.853601
60.0 5.0 -10.0 16.25 9999999994.0198
60.0 7.5 -10.0 16.25 185.0677
60.0 10.0 -10.0 16.25 40.2129
60.0 -5.0 -7.5 16.25 33752.529800000004
60.0 -2.5 -7.5 16.25 1159621.1670000001
60.0 0.0 -7.5 16.25 17676.7058
60.0 2.5 -7.5 16.25 59023.8458
60.0 5.0 -7.5 16.25 10000000026.4913
60.0 7.5 -7.5 16.25 187621.4062
60.0 10.0 -7.5 16.25 635.601
60.0 -5.0 -5.0 16.25 47612308.9991
60.0 -2.5 -5.0 16.25 116279029.55209999
60.0 0.0 -5.0 16.25 9585.2575
60.0 2.5 -5.0 16.25 1566774031.1269999
60.0 5.0 -5.0 16.25 3634416.0300999996
60.0 7.5 -5.0 16.25 216.3026
60.0 10.0 -5.0 16.25 3107.5881
60.0 -5.0 -2.5 16.25 42899408.644
60.0 -2.5 -2.5 16.25 29557.436400000002
60.0 0.0 -2.5 16.25 880546.1107
60.0 2.5 -2.5 16.25 2995904755.6566
60.0 5.0 -2.5 16.25 101857.6249
60.0 7.5 -2.5 16.25 1714.4168
60.0 10.0 -2.5 16.25 -29.7482
60.0 -5.0 0.0 16.25 159061.1031
60.0 -2.5 0.0 16.25 126181.7028
60.0 0.0 0.0 16.25 3269.7862
60.0 2.5 0.0 16.25 1014291.4977999999
60.0 5.0 0.0 16.25 609636.1385
60.0 7.5 0.0 16.25 17234.4674
60.0 10.0 0.0 16.25 -26.267400000000002
60.0 -5.0 2.5 16.25 61745.547900000005
60.0 -2.5 2.5 16.25 2000.8015
60.0 0.0 2.5 16.25 906.504
60.0 2.5 2.5 16.25 3426.7851
60.0 5.0 2.5 16.25 72.8687
60.0 7.5 2.5 16.25 -1.7124000000000006
60.0 10.0 2.5 16.25 -15.9313
60.0 -5.0 5.0 16.25 44.6139
60.0 -2.5 5.0 16.25 12.434000000000001
60.0 0.0 5.0 16.25 162.1881
60.0 2.5 5.0 16.25 23.5716
60.0 5.0 5.0 16.25 -9.6648
60.0 7.5 5.0 16.25 -5.9203
60.0 10.0 5.0 16.25 -4.1304
120.0 -5.0 -10.0 3.75 10000000390.7247
120.0 -2.5 -10.0 3.75 10000000256.488201
120.0 0.0 -10.0 3.75 10000000187.3736
120.0 2.5 -10.0 3.75 9999999917.244001
120.0 5.0 -10.0 3.75 10000000301.6322
120.0 7.5 -10.0 3.75 9999999969.5417
120.0 10.0 -10.0 3.75 9999999865.469702
120.0 -5.0 -7.5 3.75 10000000181.421701
120.0 -2.5 -7.5 3.75 10000000345.610401
120.0 0.0 -7.5 3.75 10000000270.363201
120.0 2.5 -7.5 3.75 10000000039.4895
120.0 5.0 -7.5 3.75 10000000201.365501
120.0 7.5 -7.5 3.75 9999999687.276001
120.0 10.0 -7.5 3.75 9999999229.090302
120.0 -5.0 -5.0 3.75 9999999977.533901
120.0 -2.5 -5.0 3.75 10000000124.885101
120.0 0.0 -5.0 3.75 10000000110.0245
120.0 2.5 -5.0 3.75 10000000297.4897
120.0 5.0 -5.0 3.75 10000000246.7434
120.0 7.5 -5.0 3.75 10000000159.8204
120.0 10.0 -5.0 3.75 2415296084.8199
120.0 -5.0 -2.5 3.75 10000000125.3486
120.0 -2.5 -2.5 3.75 9999999978.610802
120.0 0.0 -2.5 3.75 9999999979.096401
120.0 2.5 -2.5 3.75 9999999990.397902
120.0 5.0 -2.5 3.75 9999999985.218
120.0 7.5 -2.5 3.75 10000000418.622501
120.0 10.0 -2.5 3.75 5741756083.1584
120.0 -5.0 0.0 3.75 10000000183.104502
120.0 -2.5 0.0 3.75 9999999931.130001
120.0 0.0 0.0 3.75 9999999712.6189
120.0 2.5 0.0 3.75 10000000449.329601
120.0 5.0 0.0 3.75 9999999692.25
120.0 7.5 0.0 3.75 10000000166.1158
120.0 10.0 0.0 3.75 9999999884.513
120.0 -5.0 2.5 3.75 10000000384.179201
120.0 -2.5 2.5 3.75 9999999952.282701
120.0 0.0 2.5 3.75 683444055.8666999
120.0 2.5 2.5 3.75 9999999896.482101
120.0 5.0 2.5 3.75 9999999744.737701
120.0 7.5 2.5 3.75 10000000071.539001
120.0 10.0 2.5 3.75 121452635.9003
120.0 -5.0 5.0 3.75 10000000065.369701
120.0 -2.5 5.0 3.75 10000000000.5933
120.0 0.0 5.0 3.75 1916469594.8085
120.0 2.5 5.0 3.75 10000000094.925701
120.0 5.0 5.0 3.75 10000000060.573801
120.0 7.5 5.0 3.75 561391232.8494
120.0 10.0 5.0 3.75 10000000130.992
120.0 2.5 2.5 7.5 10000000321.6886
120.0 2.5 5.0 7.5 9999999951.290602
120.0 2.5 -2.5 8.75 9999999524.3451
120.0 0.0 2.5 8.75 10000000073.628101
120.0 2.5 2.5 8.75 9999999964.2147
120.0 2.5 5.0 8.75 9999999904.5834
120.0 2.5 -2.5 10.0 10000000303.8223
120.0 0.0 0.0 10.0 10000000019.8603
120.0 2.5 0.0 10.0 10000000254.972
120.0 5.0 0.0 10.0 10000000043.1138
120.0 0.0 2.5 10.0 10000000061.660501
120.0 2.5 2.5 10.0 9999999825.9976
120.0 5.0 2.5 10.0 9999999921.526901
120.0 0.0 5.0 10.0 9999999943.9346
120.0 2.5 5.0 10.0 10000000068.9209
120.0 2.5 -5.0 11.25 3117259927.8234
120.0 5.0 -5.0 11.25 9999999904.867401
120.0 2.5 -2.5 11.25 10000000208.604301
120.0 5.0 -2.5 11.25 9999999693.602201
120.0 7.5 -2.5 11.25 5979458228.6392
120.0 0.0 0.0 11.25 10000000079.4759
120.0 2.5 0.0 11.25 10000000154.540901
120.0 5.0 0.0 11.25 10000000068.877
120.0 7.5 0.0 11.25 10000000201.2996
120.0 0.0 2.5 11.25 187994730.4243
120.0 2.5 2.5 11.25 10000000078.489
120.0 5.0 2.5 11.25 9999999828.1832
120.0 0.0 5.0 11.25 9999999876.452002
120.0 2.5 5.0 11.25 10000000048.259401
120.0 2.5 -10.0 12.5 9260099535.859999
120.0 2.5 -5.0 12.5 4833441814.7078
120.0 5.0 -5.0 12.5 167255384.108
120.0 -2.5 -2.5 12.5 10000000031.0184
120.0 0.0 -2.5 12.5 15268116.524699999
120.0 2.5 -2.5 12.5 10000000092.5755
120.0 5.0 -2.5 12.5 9999999975.130402
120.0 7.5 -2.5 12.5 9999227160.73
120.0 0.0 0.0 12.5 10000000005.2077
120.0 2.5 0.0 12.5 9999999940.784
120.0 5.0 0.0 12.5 9999999901.793001
120.0 7.5 0.0 12.5 10000000007.1879
120.0 0.0 2.5 12.5 10000000057.3624
120.0 2.5 2.5 12.5 10000000224.5652
120.0 5.0 2.5 12.5 10000000000.784101
120.0 7.5 2.5 12.5 10000000093.2495
120.0 0.0 5.0 12.5 6149970534.249001
120.0 2.5 5.0 12.5 10000000071.777102
120.0 5.0 5.0 12.5 9999999929.7191
120.0 -2.5 -10.0 13.75 9999999917.611301
120.0 0.0 -10.0 13.75 15168380.9916
120.0 5.0 -10.0 13.75 9999999924.2702
120.0 10.0 -10.0 13.75 -59.267500000000005
120.0 2.5 -7.5 13.75 1969128.6
120.0 5.0 -7.5 13.75 2788.0404
120.0 7.5 -7.5 13.75 27571148.9049
120.0 -2.5 -5.0 13.75 151642970.7225
120.0 0.0 -5.0 13.75 1247793487.8381999
120.0 2.5 -5.0 13.75 132375592.3669
120.0 5.0 -5.0 13.75 182511941.71850002
120.0 -5.0 -2.5 13.75 996905.7356
120.0 -2.5 -2.5 13.75 10000000021.714
120.0 0.0 -2.5 13.75 262166105.9274
120.0 2.5 -2.5 13.75 150011146.3613
120.0 5.0 -2.5 13.75 9999999996.814901
120.0 7.5 -2.5 13.75 1413257391.0052
120.0 10.0 -2.5 13.75 374548493.3943
120.0 -5.0 0.0 13.75 10000000143.9855
120.0 0.0 0.0 13.75 9999999964.1972
120.0 2.5 0.0 13.75 9999999978.1594
120.0 5.0 0.0 13.75 10000000258.8817
120.0 7.5 0.0 13.75 1433789212.8493998
120.0 0.0 2.5 13.75 10000000024.6103
120.0 2.5 2.5 13.75 169433502.7913
120.0 5.0 2.5 13.75 9999999988.891401
120.0 7.5 2.5 13.75 16644662.8869
120.0 0.0 5.0 13.75 2618282208.9526997
120.0 2.5 5.0 13.75 9999999847.916601
120.0 5.0 5.0 13.75 9999999969.341002
120.0 7.5 5.0 13.75 1031591.0285
120.0 -5.0 -10.0 15.0 5485.6618
120.0 -2.5 -10.0 15.0 282450847.1299
120.0 0.0 -10.0 15.0 1093745553.4024
120.0 2.5 -10.0 15.0 112.72500000000001
120.0 5.0 -10.0 15.0 257455.20679999999
120.0 10.0 -10.0 15.0 -57.1877
120.0 -5.0 -7.5 15.0 2607270.4951
120.0 -2.5 -7.5 15.0 9999999924.5044
120.0 0.0 -7.5 15.0 187146105.5388
120.0 2.5 -7.5 15.0 134868.821
120.0 5.0 -7.5 15.0 868.1616
120.0 7.5 -7.5 15.0 1995726899.4308999
120.0 -5.0 -5.0 15.0 121444938.484
120.0 -2.5 -5.0 15.0 75579.6897
120.0 0.0 -5.0 15.0 14729889.1353
120.0 2.5 -5.0 15.0 806884.053
120.0 5.0 -5.0 15.0 1075108.1124
120.0 7.5 -5.0 15.0 10000000013.854301
120.0 10.0 -5.0 15.0 9613848.357199999
120.0 -5.0 -2.5 15.0 36063.806099999994
120.0 -2.5 -2.5 15.0 222873.3163
120.0 0.0 -2.5 15.0 1813204113.9271002
120.0 2.5 -2.5 15.0 9999999993.520601
120.0 5.0 -2.5 15.0 9999999934.0396
120.0 7.5 -2.5 15.0 122844441.1753
120.0 10.0 -2.5 15.0 155602.9309
120.0 -5.0 0.0 15.0 1040868763.8498
120.0 -2.5 0.0 15.0 951781462.2145001
120.0 0.0 0.0 15.0 9999999881.5571
120.0 2.5 0.0 15.0 206097662.6723
120.0 5.0 0.0 15.0 617404911.625
120.0 7.5 0.0 15.0 57783000.7374
120.0 10.0 0.0 15.0 2063240.8381
120.0 0.0 2.5 15.0 10000000128.6928
120.0 2.5 2.5 15.0 10000000063.432402
120.0 5.0 2.5 15.0 338833523.3768
120.0 7.5 2.5 15.0 3158482575.7105002
120.0 10.0 2.5 15.0 3012.2469
120.0 0.0 5.0 15.0 9999999924.4227
120.0 2.5 5.0 15.0 10000000161.7609
120.0 5.0 5.0 15.0 57246.9948
120.0 7.5 5.0 15.0 150250.1568
120.0 10.0 5.0 15.0 25.626900000000006
120.0 -5.0 -10.0 16.25 131.0713
120.0 -2.5 -10.0 16.25 99641581.15789999
120.0 0.0 -10.0 16.25 824067.7318
120.0 2.5 -10.0 16.25 -36.0559
120.0 5.0 -10.0 16.25 1.0105000000000004
120.0 7.5 -10.0 16.25 -43.0607
120.0 10.0 -10.0 16.25 -35.4139
120.0 -5.0 -7.5 16.25 232.4399
120.0 -2.5 -7.5 16.25 2275.201
120.0 0.0 -7.5 16.25 10551263.191399999
120.0 2.5 -7.5 16.25 1243.6805
120.0 5.0 -7.5 16.25 -19.4654
120.0 7.5 -7.5 16.25 509.7715
120.0 10.0 -7.5 16.25 314.0224
120.0 -5.0 -5.0 16.25 274165.5064
120.0 -2.5 -5.0 16.25 91.92269999999999
120.0 0.0 -5.0 16.25 1455145.4441
120.0 2.5 -5.0 16.25 18125.053200000002
120.0 5.0 -5.0 16.25 301258.367
120.0 7.5 -5.0 16.25 9999999963.6415
120.0 10.0 -5.0 16.25 41203.290199999996
120.0 -5.0 -2.5 16.25 119.6669
120.0 -2.5 -2.5 16.25 1410.7537
120.0 0.0 -2.5 16.25 9999999996.599602
120.0 2.5 -2.5 16.25 211900.06499999997
120.0 5.0 -2.5 16.25 2820948948.0518
120.0 7.5 -2.5 16.25 9999999805.3682
120.0 10.0 -2.5 16.25 5501551.9182
120.0 -5.0 0.0 16.25 36157583.473000005
120.0 -2.5 0.0 16.25 34318724.7239
120.0 0.0 0.0 16.25 34555729.1153
120.0 2.5 0.0 16.25 520492991.9448
120.0 5.0 0.0 16.25 1204745.8997
120.0 7.5 0.0 16.25 212932132.6248
120.0 10.0 0.0 16.25 2186574.1252
120.0 -5.0 2.5 16.25 628878243.3465999
120.0 -2.5 2.5 16.25 1124185.9294
120.0 0.0 2.5 16.25 276695.7213
120.0 2.5 2.5 16.25 409015111.4535
120.0 5.0 2.5 16.25 154547.3492
120.0 7.5 2.5 16.25 51845.500799999994
120.0 10.0 2.5 16.25 2.2074
120.0 -2.5 5.0 16.25 1972.3589
120.0 0.0 5.0 16.25 2258.4536
120.0 2.5 5.0 16.25 38423.0522
120.0 5.0 5.0 16.25 64.63589999999999
120.0 7.5 5.0 16.25 -23.217699999999997
120.0 10.0 5.0 16.25 -30.0932
180.0 -5.0 -10.0 3.75 9148948931.0373
180.0 -2.5 -10.0 3.75 9999999893.262201
180.0 0.0 -10.0 3.75 10000000081.0907
180.0 2.5 -10.0 3.75 9999999988.9435
180.0 5.0 -10.0 3.75 10000000180.343401
180.0 7.5 -10.0 3.75 10000000071.451801
180.0 10.0 -10.0 3.75 10000000032.559301
180.0 -5.0 -7.5 3.75 10000000118.139502
180.0 -2.5 -7.5 3.75 10000000259.1721
180.0 0.0 -7.5 3.75 10000000249.9783
180.0 2.5 -7.5 3.75 9999999755.710701
180.0 5.0 -7.5 3.75 9999999547.9022
180.0 7.5 -7.5 3.75 10000000175.4044
180.0 10.0 -7.5 3.75 10000000112.3659
180.0 -5.0 -5.0 3.75 9999999999.792301
180.0 -2.5 -5.0 3.75 10000000275.589
180.0 0.0 -5.0 3.75 9999999753.977001
180.0 2.5 -5.0 3.75 10000000138.1061
180.0 5.0 -5.0 3.75 9999999954.6205
180.0 7.5 -5.0 3.75 9999999961.9902
180.0 10.0 -5.0 3.75 10000000119.125301
180.0 -5.0 -2.5 3.75 10000000000.682001
180.0 -2.5 -2.5 3.75 10000000371.659101
180.0 0.0 -2.5 3.75 10000000010.9577
180.0 2.5 -2.5 3.75 9999999556.8579
180.0 5.0 -2.5 3.75 9999999772.5743
180.0 7.5 -2.5 3.75 9999999891.4715
180.0 10.0 -2.5 3.75 9999999875.156
180.0 -5.0 0.0 3.75 10000000359.1627
180.0 -2.5 0.0 3.75 10000000041.951101
180.0 0.0 0.0 3.75 10000000224.9333
180.0 2.5 0.0 3.75 10000000025.3754
180.0 5.0 0.0 3.75 9999999793.399801
180.0 7.5 0.0 3.75 9999999381.3365
180.0 10.0 0.0 3.75 9999999861.4158
180.0 -5.0 2.5 3.75 10000000193.457602
180.0 -2.5 2.5 3.75 10000000025.767101
180.0 0.0 2.5 3.75 10000000346.1455
180.0 2.5 2.5 3.75 10000000276.6818
180.0 5.0 2.5 3.75 9999999806.2327
180.0 7.5 2.5 3.75 9999999919.328402
180.0 10.0 2.5 3.75 10000000057.3444
180.0 -5.0 5.0 3.75 10000000211.9265
180.0 -2.5 5.0 3.75 10000000094.7355
180.0 0.0 5.0 3.75 10000000050.0168
180.0 2.5 5.0 3.75 10000000198.2875
180.0 5.0 5.0 3.75 9999999728.734201
180.0 7.5 5.0 3.75 9999999919.5375
180.0 10.0 5.0 3.75 5149152.2829
180.0 5.0 -2.5 8.75 9999999810.8911
180.0 5.0 -2.5 10.0 9999999395.878801
180.0 2.5 2.5 10.0 9999999992.192001
180.0 5.0 -10.0 11.25 9999999916.055601
180.0 7.5 -10.0 11.25 108403211.0569
180.0 -2.5 -7.5 11.25 10000000128.252401
180.0 5.0 -7.5 11.25 350858253.3389
180.0 2.5 -5.0 11.25 7817789642.4771
180.0 5.0 -5.0 11.25 9999999565.0457
180.0 7.5 -5.0 11.25 101460799.3383
180.0 10.0 -5.0 11.25 10000000040.4174
180.0 5.0 -2.5 11.25 10000000347.1088
180.0 0.0 0.0 11.25 10000000072.152802
180.0 -2.5 2.5 11.25 10000000122.5154
180.0 2.5 2.5 11.25 9999999758.054
180.0 -5.0 5.0 11.25 10000000368.669102
180.0 5.0 5.0 11.25 6809358357.288501
180.0 0.0 -10.0 12.5 6018.9154
180.0 2.5 -10.0 12.5 873.6689
180.0 5.0 -10.0 12.5 143558752.4982
180.0 7.5 -10.0 12.5 160145.4843
180.0 10.0 -10.0 12.5 3234991.3029
180.0 -2.5 -7.5 12.5 1420909577.0335
180.0 0.0 -7.5 12.5 579555600.6608001
180.0 2.5 -7.5 12.5 3013014.9771000003
180.0 5.0 -7.5 12.5 2764642915.485
180.0 7.5 -7.5 12.5 296209059.5873
180.0 10.0 -7.5 12.5 1127101731.8709
180.0 2.5 -5.0 12.5 2291374430.7172003
180.0 5.0 -5.0 12.5 138707631.25669998
180.0 7.5 -5.0 12.5 146426.5973
180.0 10.0 -5.0 12.5 9481618.599299999
180.0 2.5 -2.5 12.5 1187573592.3916001
180.0 5.0 -2.5 12.5 5755532443.984799
180.0 0.0 0.0 12.5 305142334.6583
180.0 2.5 0.0 12.5 9999999839.742102
180.0 5.0 0.0 12.5 9999999888.167501
180.0 -2.5 2.5 12.5 717877809.7373
180.0 0.0 2.5 12.5 9999999556.5631
180.0 2.5 2.5 12.5 9999999977.762901
180.0 -5.0 5.0 12.5 9999999871.869202
180.0 2.5 5.0 12.5 10000000008.3395
180.0 5.0 5.0 12.5 195645345.3826
180.0 -5.0 -10.0 13.75 1.1123
180.0 -2.5 -10.0 13.75 177.1981
180.0 0.0 -10.0 13.75 44442.7209
180.0 2.5 -10.0 13.75 60.8064
180.0 5.0 -10.0 13.75 54086197.3296
180.0 7.5 -10.0 13.75 53262.608100000005
180.0 10.0 -10.0 13.75 1187.6192
180.0 -2.5 -7.5 13.75 1907048491.6711
180.0 0.0 -7.5 13.75 2398360.5136
180.0 2.5 -7.5 13.75 10000000108.391
180.0 5.0 -7.5 13.75 1411709673.2084
180.0 7.5 -7.5 13.75 817322727.7807
180.0 10.0 -7.5 13.75 1100105.6812
180.0 -2.5 -5.0 13.75 10000000116.139101
180.0 0.0 -5.0 13.75 108804824.8766
180.0 2.5 -5.0 13.75 140616683.6421
180.0 5.0 -5.0 13.75 13097237.5658
180.0 7.5 -5.0 13.75 44959.7483
180.0 10.0 -5.0 13.75 96464286.7348
180.0 2.5 -2.5 13.75 198213725.88979998
180.0 5.0 -2.5 13.75 278107006.6215
180.0 7.5 -2.5 13.75 167939142.6087
180.0 -2.5 0.0 13.75 9999999945.297602
180.0 0.0 0.0 13.75 9999999991.485401
180.0 2.5 0.0 13.75 330797142.19339997
180.0 5.0 0.0 13.75 567397857.1006
180.0 -5.0 2.5 13.75 1548344361.3235998
180.0 -2.5 2.5 13.75 9999999963.0084
180.0 0.0 2.5 13.75 9999999981.1203
180.0 2.5 2.5 13.75 9999999868.5893
180.0 -5.0 5.0 13.75 10000000153.8398
180.0 -2.5 5.0 13.75 9999999959.4687
180.0 0.0 5.0 13.75 9999999966.6627
180.0 2.5 5.0 13.75 10000000071.479
180.0 5.0 5.0 13.75 1151881815.5307
180.0 -5.0 -10.0 15.0 3.055
180.0 -2.5 -10.0 15.0 1148.8028
180.0 0.0 -10.0 15.0 96.6593
180.0 2.5 -10.0 15.0 38.096199999999996
180.0 5.0 -10.0 15.0 546863432.1864
180.0 7.5 -10.0 15.0 16773.8118
180.0 10.0 -10.0 15.0 -23.7297
180.0 -5.0 -7.5 15.0 2723.6654
180.0 -2.5 -7.5 15.0 21629924.1874
180.0 0.0 -7.5 15.0 4311550.6744
180.0 2.5 -7.5 15.0 218671.2004
180.0 5.0 -7.5 15.0 9999999975.4109
180.0 7.5 -7.5 15.0 128337402.6648
180.0 10.0 -7.5 15.0 98.6555
180.0 -2.5 -5.0 15.0 1696161.7066
180.0 0.0 -5.0 15.0 24451.5193
180.0 2.5 -5.0 15.0 3137106971.3511
180.0 5.0 -5.0 15.0 1175344770.2521
180.0 7.5 -5.0 15.0 199126.76750000002
180.0 10.0 -5.0 15.0 60026.285299999996
180.0 -2.5 -2.5 15.0 9999999994.538502
180.0 0.0 -2.5 15.0 108570855.0274
180.0 2.5 -2.5 15.0 2580239591.7209
180.0 5.0 -2.5 15.0 534749.9071
180.0 7.5 -2.5 15.0 2289.5779
180.0 10.0 -2.5 15.0 316907.84579999995
180.0 -2.5 0.0 15.0 1340322841.3405
180.0 0.0 0.0 15.0 9999999950.9295
180.0 2.5 0.0 15.0 48174870.172
180.0 5.0 0.0 15.0 2371164.0212000003
180.0 7.5 0.0 15.0 3423.3113
180.0 10.0 0.0 15.0 201220.201
180.0 -5.0 2.5 15.0 9999999876.636702
180.0 -2.5 2.5 15.0 144051124.963
180.0 0.0 2.5 15.0 9999999962.088701
180.0 2.5 2.5 15.0 9999999978.946201
180.0 5.0 2.5 15.0 6096688.129
180.0 7.5 2.5 15.0 2460500.2686
180.0 10.0 2.5 15.0 1971052.1121
180.0 -5.0 5.0 15.0 14154069.3678
180.0 -2.5 5.0 15.0 9999999969.034
180.0 0.0 5.0 15.0 9999999922.231
180.0 2.5 5.0 15.0 10000000035.6597
180.0 5.0 5.0 15.0 6907552.6166
180.0 7.5 5.0 15.0 8543358.9221
180.0 10.0 5.0 15.0 4988.9726
180.0 -5.0 -10.0 16.25 4.6711
180.0 -2.5 -10.0 16.25 23.2803
180.0 0.0 -10.0 16.25 -0.011600000000000499
180.0 2.5 -10.0 16.25 -3.859
180.0 5.0 -10.0 16.25 151903.19509999998
180.0 7.5 -10.0 16.25 8762.172199999999
180.0 10.0 -10.0 16.25 -25.366999999999997
180.0 -5.0 -7.5 16.25 1346.5369
180.0 -2.5 -7.5 16.25 2138.6686
180.0 0.0 -7.5 16.25 1663489.5241
180.0 2.5 -7.5 16.25 654.7364
180.0 5.0 -7.5 16.25 311623.4192
180.0 7.5 -7.5 16.25 3832850.2005
180.0 10.0 -7.5 16.25 -40.3302
180.0 -5.0 -5.0 16.25 1121.5263
180.0 -2.5 -5.0 16.25 731727.7027
180.0 0.0 -5.0 16.25 1192.1652000000001
180.0 2.5 -5.0 16.25 27802.9651
180.0 5.0 -5.0 16.25 1702806156.5226
180.0 7.5 -5.0 16.25 65141.19790000001
180.0 10.0 -5.0 16.25 -37.6611
180.0 -5.0 -2.5 16.25 89818885.7173
180.0 -2.5 -2.5 16.25 1392571.6449
180.0 0.0 -2.5 16.25 27727.3961
180.0 2.5 -2.5 16.25 205457091.4157
180.0 5.0 -2.5 16.25 884.0871
180.0 7.5 -2.5 16.25 -35.4827
180.0 10.0 -2.5 16.25 -2.819499999999998
180.0 -2.5 0.0 16.25 10000000011.3174
180.0 0.0 0.0 16.25 2793845.261
180.0 2.5 0.0 16.25 1273246.6231
180.0 5.0 0.0 16.25 201858.9774
180.0 7.5 0.0 16.25 10.937899999999999
180.0 10.0 0.0 16.25 27.0918
180.0 -5.0 2.5 16.25 8773401346.4254
180.0 -2.5 2.5 16.25 2576828.2991
180.0 0.0 2.5 16.25 50613.8684
180.0 2.5 2.5 16.25 189694038.0077
180.0 5.0 2.5 16.25 1499317.649
180.0 7.5 2.5 16.25 28838.9939
180.0 10.0 2.5 16.25 3073.893
180.0 -5.0 5.0 16.25 225402.7701
180.0 -2.5 5.0 16.25 1552620.3512000002
180.0 0.0 5.0 16.25 36904.172999999995
180.0 2.5 5.0 16.25 2787098181.7349
180.0 5.0 5.0 16.25 9999999957.910702
180.0 7.5 5.0 16.25 6417.0194
180.0 10.0 5.0 16.25 50.0587
240.0 -5.0 -10.0 3.75 193584622.9085
240.0 -2.5 -10.0 3.75 3514403992.3382998
240.0 0.0 -10.0 3.75 10000000180.898
240.0 2.5 -10.0 3.75 10000000102.590302
240.0 5.0 -10.0 3.75 10000000003.9848
240.0 7.5 -10.0 3.75 10000000280.375
240.0 10.0 -10.0 3.75 9999999585.3075
240.0 -5.0 -7.5 3.75 9999999924.947102
240.0 -2.5 -7.5 3.75 10000000080.818
240.0 0.0 -7.5 3.75 9999999846.0597
240.0 2.5 -7.5 3.75 10000000055.8001
240.0 5.0 -7.5 3.75 9999999962.9321
240.0 7.5 -7.5 3.75 9999999952.8992
240.0 10.0 -7.5 3.75 9999999969.107101
240.0 -5.0 -5.0 3.75 9999999997.2887
240.0 -2.5 -5.0 3.75 9999999663.0326
240.0 0.0 -5.0 3.75 10000000039.073502
240.0 2.5 -5.0 3.75 10000000130.9676
240.0 5.0 -5.0 3.75 9999999998.248402
240.0 7.5 -5.0 3.75 10000000309.0238
240.0 10.0 -5.0 3.75 10000000052.360802
240.0 -5.0 -2.5 3.75 9999999583.5912
240.0 -2.5 -2.5 3.75 9999999747.142302
240.0 0.0 -2.5 3.75 9999999808.1018
240.0 2.5 -2.5 3.75 10000000319.367401
240.0 5.0 -2.5 3.75 9999999919.3519
240.0 7.5 -2.5 3.75 10000000273.459501
240.0 10.0 -2.5 3.75 10000000074.342901
240.0 -5.0 0.0 3.75 9999999829.1166
240.0 -2.5 0.0 3.75 10000000061.036901
240.0 0.0 0.0 3.75 10000000036.19
240.0 2.5 0.0 3.75 9999999808.0767
240.0 5.0 0.0 3.75 10000000275.926601
240.0 7.5 0.0 3.75 10000000326.679201
240.0 10.0 0.0 3.75 10000000096.308401
240.0 -5.0 2.5 3.75 9999999802.245
240.0 -2.5 2.5 3.75 9999999676.3033
240.0 0.0 2.5 3.75 10000000032.4785
240.0 2.5 2.5 3.75 9999999999.960201
240.0 5.0 2.5 3.75 9999999953.146
240.0 7.5 2.5 3.75 10000000032.540401
240.0 10.0 2.5 3.75 10000000207.893301
240.0 -5.0 5.0 3.75 10000000073.399302
240.0 -2.5 5.0 3.75 9999999942.053001
240.0 0.0 5.0 3.75 9999999689.963501
240.0 2.5 5.0 3.75 10000000120.266401
240.0 5.0 5.0 3.75 10000000164.0252
240.0 7.5 5.0 3.75 10000000289.851702
240.0 10.0 5.0 3.75 9999999870.075602
240.0 -2.5 -10.0 11.25 389760.3597
240.0 5.0 -10.0 11.25 310.4112
240.0 10.0 -10.0 11.25 8520.1441
240.0 5.0 -7.5 11.25 36961.032
240.0 -2.5 -2.5 11.25 9999999863.133701
240.0 -5.0 0.0 11.25 9999999864.145
240.0 -2.5 0.0 11.25 10000000039.628801
240.0 0.0 0.0 11.25 9999999732.9867
240.0 -5.0 2.5 11.25 9999999987.6968
240.0 0.0 2.5 11.25 10000000084.9071
240.0 0.0 5.0 11.25 9999999980.142302
240.0 -5.0 -10.0 12.5 72.8672
240.0 -2.5 -10.0 12.5 536.5913999999999
240.0 0.0 -10.0 12.5 554.7494999999999
240.0 5.0 -10.0 12.5 10.9165
240.0 7.5 -10.0 12.5 60.790800000000004
240.0 10.0 -10.0 12.5 56.7195
240.0 5.0 -7.5 12.5 16068.4136
240.0 7.5 -7.5 12.5 5091.0864
240.0 10.0 -7.5 12.5 385.34520000000003
240.0 2.5 -5.0 12.5 563369220.3066
240.0 -5.0 -2.5 12.5 9999999832.9533
240.0 -2.5 -2.5 12.5 9999999936.9512
240.0 0.0 -2.5 12.5 2217743.6687
240.0 -5.0 0.0 12.5 3073136669.9337997
240.0 -2.5 0.0 12.5 2293511107.427
240.0 0.0 0.0 12.5 211990144.9745
240.0 2.5 0.0 12.5 9999999851.999
240.0 -5.0 2.5 12.5 9999999914.9335
240.0 0.0 2.5 12.5 9999999986.3316
240.0 0.0 5.0 12.5 10000000218.2691
240.0 -2.5 -10.0 13.75 2.8393000000000006
240.0 0.0 -10.0 13.75 -13.922
240.0 2.5 -10.0 13.75 -14.4929
240.0 5.0 -10.0 13.75 0.6647000000000003
240.0 7.5 -10.0 13.75 21.7675
240.0 10.0 -10.0 13.75 26.9178
240.0 -5.0 -7.5 13.75 6026.5007
240.0 2.5 -7.5 13.75 97.87449999999998
240.0 5.0 -7.5 13.75 710.8398000000001
240.0 7.5 -7.5 13.75 38.6614
240.0 10.0 -7.5 13.75 23.8989
240.0 -5.0 -5.0 13.75 9999999786.559801
240.0 -2.5 -5.0 13.75 981965468.3518
240.0 2.5 -5.0 13.75 1286366.7352
240.0 10.0 -5.0 13.75 147.2468
240.0 -5.0 -2.5 13.75 681725314.4762
240.0 -2.5 -2.5 13.75 158353223.3059
240.0 0.0 -2.5 13.75 798319210.9562
240.0 2.5 -2.5 13.75 119972538.66430001
240.0 -5.0 0.0 13.75 3922274972.8803
240.0 -2.5 0.0 13.75 4972376062.6088
240.0 0.0 0.0 13.75 30912365.000299998
240.0 2.5 0.0 13.75 9072107335.8365
240.0 -5.0 2.5 13.75 9999999913.0041
240.0 0.0 2.5 13.75 10000000114.5522
240.0 2.5 2.5 13.75 385392868.7238
240.0 -5.0 5.0 13.75 3935779927.9107
240.0 0.0 5.0 13.75 55511647.2883
240.0 2.5 5.0 13.75 646593285.0092
240.0 -5.0 -10.0 15.0 11.8078
240.0 -2.5 -10.0 15.0 -0.029400000000000315
240.0 0.0 -10.0 15.0 -9.021700000000001
240.0 2.5 -10.0 15.0 -9.0801
240.0 5.0 -10.0 15.0 1.9796000000000002
240.0 7.5 -10.0 15.0 15.4861
240.0 10.0 -10.0 15.0 18.8235
240.0 -5.0 -7.5 15.0 953.7542000000001
240.0 -2.5 -7.5 15.0 186534.6679
240.0 0.0 -7.5 15.0 -42.439499999999995
240.0 2.5 -7.5 15.0 -27.938
240.0 5.0 -7.5 15.0 -4.1688
240.0 7.5 -7.5 15.0 15.8265
240.0 10.0 -7.5 15.0 16.5776
240.0 -5.0 -5.0 15.0 48146956.289400004
240.0 -2.5 -5.0 15.0 9999999899.2261
240.0 0.0 -5.0 15.0 274.0047
240.0 2.5 -5.0 15.0 542.9857000000001
240.0 5.0 -5.0 15.0 3244.3377
240.0 7.5 -5.0 15.0 44548.5331
240.0 10.0 -5.0 15.0 25.8394
240.0 -5.0 -2.5 15.0 414041983.0934
240.0 -2.5 -2.5 15.0 3033670766.0004
240.0 0.0 -2.5 15.0 9678.2818
240.0 2.5 -2.5 15.0 5777017.146500001
240.0 5.0 -2.5 15.0 376616.0422
240.0 7.5 -2.5 15.0 134380261.0691
240.0 10.0 -2.5 15.0 3916.2287
240.0 -5.0 0.0 15.0 10000000002.486301
240.0 -2.5 0.0 15.0 9999999976.970001
240.0 0.0 0.0 15.0 9999999993.623201
240.0 2.5 0.0 15.0 83775415.2172
240.0 5.0 0.0 15.0 613069680.1653
240.0 10.0 0.0 15.0 13802.4432
240.0 -5.0 2.5 15.0 9999999977.085201
240.0 -2.5 2.5 15.0 10000000013.432701
240.0 0.0 2.5 15.0 6636237172.5144005
240.0 2.5 2.5 15.0 2669662.1781
240.0 5.0 2.5 15.0 184265032.4755
240.0 10.0 2.5 15.0 826.7287
240.0 -5.0 5.0 15.0 3818395172.5886
240.0 0.0 5.0 15.0 2343574912.7681003
240.0 2.5 5.0 15.0 406912.5115
240.0 5.0 5.0 15.0 10000000067.2493
240.0 -5.0 -10.0 16.25 6.6172
240.0 -2.5 -10.0 16.25 -0.7896000000000001
240.0 0.0 -10.0 16.25 -7.1047
240.0 2.5 -10.0 16.25 -5.1543
240.0 5.0 -10.0 16.25 2.1944
240.0 7.5 -10.0 16.25 11.9513
240.0 10.0 -10.0 16.25 13.36
240.0 -5.0 -7.5 16.25 9.466000000000001
240.0 -2.5 -7.5 16.25 2703.4423
240.0 0.0 -7.5 16.25 -28.6079
240.0 2.5 -7.5 16.25 -19.4414
240.0 5.0 -7.5 16.25 -3.883
240.0 7.5 -7.5 16.25 8.9806
240.0 10.0 -7.5 16.25 10.6655
240.0 -5.0 -5.0 16.25 153757.8977
240.0 -2.5 -5.0 16.25 1098345.0025
240.0 0.0 -5.0 16.25 36.40480000000001
240.0 2.5 -5.0 16.25 -32.3112
240.0 5.0 -5.0 16.25 -11.017999999999999
240.0 7.5 -5.0 16.25 570.1186
240.0 10.0 -5.0 16.25 0.4131
240.0 -5.0 -2.5 16.25 32015.3949
240.0 -2.5 -2.5 16.25 186225999.8543
240.0 0.0 -2.5 16.25 32745.129600000004
240.0 2.5 -2.5 16.25 4641.5211
240.0 5.0 -2.5 16.25 310.9162
240.0 7.5 -2.5 16.25 4469735.696500001
240.0 10.0 -2.5 16.25 836.1473
240.0 -5.0 0.0 16.25 199466.329
240.0 -2.5 0.0 16.25 8201289867.8594
240.0 0.0 0.0 16.25 2436100.1737
240.0 2.5 0.0 16.25 6288475.6631
240.0 5.0 0.0 16.25 336050026.6305
240.0 7.5 0.0 16.25 24552475.066999998
240.0 10.0 0.0 16.25 1662.1528
240.0 -5.0 2.5 16.25 375044777.1518
240.0 -2.5 2.5 16.25 10000000099.1282
240.0 0.0 2.5 16.25 1152871254.1218
240.0 2.5 2.5 16.25 905.279
240.0 5.0 2.5 16.25 1750.6328999999998
240.0 7.5 2.5 16.25 6445.3402
240.0 10.0 2.5 16.25 300.4998
240.0 -5.0 5.0 16.25 15064086.321099998
240.0 -2.5 5.0 16.25 9999999881.166801
240.0 0.0 5.0 16.25 99140969.0571
240.0 2.5 5.0 16.25 167.3297
240.0 5.0 5.0 16.25 22167.0303
240.0 7.5 5.0 16.25 -11.886099999999999
240.0 10.0 5.0 16.25 -11.879999999999999
300.0 -5.0 -10.0 3.75 10000000003.6012
300.0 -2.5 -10.0 3.75 2216194879.3445
300.0 0.0 -10.0 3.75 9999999904.997002
300.0 2.5 -10.0 3.75 9999999954.4016
300.0 5.0 -10.0 3.75 9687446846.298601
300.0 7.5 -10.0 3.75 45497508.638
300.0 10.0 -10.0 3.75 10000000019.712101
300.0 -5.0 -7.5 3.75 9999999957.2814
300.0 -2.5 -7.5 3.75 9999999909.8703
300.0 0.0 -7.5 3.75 10000000273.466002
300.0 2.5 -7.5 3.75 10000000473.1711
300.0 5.0 -7.5 3.75 9999999755.3225
300.0 7.5 -7.5 3.75 10000000018.9713
300.0 10.0 -7.5 3.75 10000000045.169102
300.0 -5.0 -5.0 3.75 10000000092.499401
300.0 -2.5 -5.0 3.75 10000000220.382
300.0 0.0 -5.0 3.75 10000000157.6306
300.0 2.5 -5.0 3.75 9999999991.5123
300.0 5.0 -5.0 3.75 10000000069.758001
300.0 7.5 -5.0 3.75 9999999949.986301
300.0 10.0 -5.0 3.75 215384326.57270002
300.0 -5.0 -2.5 3.75 10000000187.4904
300.0 -2.5 -2.5 3.75 10000000222.705801
300.0 0.0 -2.5 3.75 10000000107.554
300.0 2.5 -2.5 3.75 9999999540.8411
300.0 5.0 -2.5 3.75 9999999936.338701
300.0 7.5 -2.5 3.75 9999999714.4948
300.0 10.0 -2.5 3.75 692332487.9002
300.0 -5.0 0.0 3.75 10000000176.2837
300.0 -2.5 0.0 3.75 10000000271.6366
300.0 0.0 0.0 3.75 10000000987.2
300.0 2.5 0.0 3.75 9999999929.836
300.0 5.0 0.0 3.75 10000000224.471
300.0 7.5 0.0 3.75 9999999642.838701
300.0 10.0 0.0 3.75 1688988797.5788
300.0 -5.0 2.5 3.75 9999999985.221802
300.0 -2.5 2.5 3.75 9999999500.264
300.0 0.0 2.5 3.75 10000000144.363602
300.0 2.5 2.5 3.75 9999999928.3339
300.0 5.0 2.5 3.75 9999999926.2943
300.0 7.5 2.5 3.75 9999999841.8428
300.0 10.0 2.5 3.75 9999999997.6313
300.0 -5.0 5.0 3.75 10000000291.2271
300.0 -2.5 5.0 3.75 10000000234.8316
300.0 0.0 5.0 3.75 9999999752.964901
300.0 2.5 5.0 3.75 9999999956.436201
300.0 5.0 5.0 3.75 9999999927.0771
300.0 7.5 5.0 3.75 10000000043.2581
300.0 10.0 5.0 3.75 9999999963.265202
300.0 -2.5 -5.0 8.75 10000000234.112001
300.0 -5.0 5.0 8.75 10000000137.5522
300.0 -2.5 -10.0 10.0 23884118.553400002
300.0 -2.5 -7.5 10.0 10000000140.5433
300.0 -2.5 -5.0 10.0 10000000045.682402
300.0 -5.0 -2.5 10.0 10000000120.862701
300.0 -2.5 2.5 10.0 10000000014.2647
300.0 -5.0 5.0 10.0 5735192422.892599
300.0 -2.5 5.0 10.0 9999999962.4811
300.0 0.0 5.0 10.0 1181459770.8164
300.0 -2.5 -10.0 11.25 4028343.1522
300.0 0.0 -10.0 11.25 2623982.3684
300.0 2.5 -10.0 11.25 143664.8555
300.0 -2.5 -7.5 11.25 2004402709.3591
300.0 0.0 -7.5 11.25 9999999824.791302
300.0 -2.5 -5.0 11.25 998896803.0086
300.0 -2.5 0.0 11.25 9999999824.837
300.0 -5.0 2.5 11.25 10000000109.422901
300.0 -2.5 2.5 11.25 399386381.79969996
300.0 -5.0 5.0 11.25 625591006.6712999
300.0 -2.5 5.0 11.25 10000000013.326101
300.0 0.0 5.0 11.25 1328334564.3585
300.0 5.0 5.0 11.25 1392303752.578
300.0 -2.5 -10.0 12.5 126834.31760000001
300.0 0.0 -10.0 12.5 3343423.3027999997
300.0 2.5 -10.0 12.5 1203.2772
300.0 5.0 -10.0 12.5 176593058.1496
300.0 7.5 -10.0 12.5 8551.806999999999
300.0 -5.0 -7.5 12.5 9999999866.294601
300.0 -2.5 -7.5 12.5 567355333.2526
300.0 0.0 -7.5 12.5 1722172302.8838
300.0 2.5 -7.5 12.5 9999999951.929201
300.0 -5.0 -5.0 12.5 10000000036.794
300.0 -2.5 -5.0 12.5 10000000101.9997
300.0 0.0 -5.0 12.5 10000000125.359402
300.0 -5.0 -2.5 12.5 9999999913.283201
300.0 -2.5 0.0 12.5 9467565197.5222
300.0 -5.0 2.5 12.5 926482448.134
300.0 -2.5 2.5 12.5 9999999974.6949
300.0 0.0 2.5 12.5 10000000028.9944
300.0 -5.0 5.0 12.5 2055623188.4268
300.0 -2.5 5.0 12.5 622352562.1721
300.0 0.0 5.0 12.5 9999999951.251701
300.0 5.0 5.0 12.5 9999999897.730701
300.0 7.5 5.0 12.5 624911967.2178
300.0 -5.0 -10.0 13.75 9999999937.278301
300.0 -2.5 -10.0 13.75 124583.0668
300.0 0.0 -10.0 13.75 335905.6572
300.0 2.5 -10.0 13.75 -10.750200000000001
300.0 5.0 -10.0 13.75 1134679.2787000001
300.0 7.5 -10.0 13.75 223.26119999999997
300.0 10.0 -10.0 13.75 -12.8033
300.0 -5.0 -7.5 13.75 306323.313
300.0 -2.5 -7.5 13.75 1101961342.4176
300.0 0.0 -7.5 13.75 8943225264.0264
300.0 2.5 -7.5 13.75 2366.7249
300.0 5.0 -7.5 13.75 102257407.796
300.0 -5.0 -5.0 13.75 10000000232.9431
300.0 -2.5 -5.0 13.75 2789042154.7266
300.0 0.0 -5.0 13.75 5367319882.3598
300.0 2.5 -2.5 13.75 2365235.8838
300.0 -5.0 0.0 13.75 10000000107.636702
300.0 -2.5 0.0 13.75 9046064212.9916
300.0 -5.0 2.5 13.75 10000000096.342402
300.0 -2.5 2.5 13.75 10000000170.5981
300.0 0.0 2.5 13.75 10000000020.1408
300.0 10.0 2.5 13.75 172137.6404
300.0 -5.0 5.0 13.75 16327998.306499999
300.0 -2.5 5.0 13.75 630718641.7304
300.0 0.0 5.0 13.75 2127959.7213000003
300.0 2.5 5.0 13.75 9999999941.394901
300.0 7.5 5.0 13.75 10000000135.100101
300.0 10.0 5.0 13.75 147125272.3897
300.0 -5.0 -10.0 15.0 6676.0483
300.0 -2.5 -10.0 15.0 180877.6406
300.0 0.0 -10.0 15.0 18290.1756
300.0 2.5 -10.0 15.0 -24.918799999999997
300.0 5.0 -10.0 15.0 138.7311
300.0 7.5 -10.0 15.0 -6.538899999999999
300.0 10.0 -10.0 15.0 -10.534099999999999
300.0 -5.0 -7.5 15.0 3916.6609
300.0 -2.5 -7.5 15.0 15972657.7358
300.0 0.0 -7.5 15.0 10000000000.137001
300.0 2.5 -7.5 15.0 1400.0946
300.0 5.0 -7.5 15.0 633.0822999999999
300.0 7.5 -7.5 15.0 13326.378799999999
300.0 10.0 -7.5 15.0 -16.2073
300.0 -5.0 -5.0 15.0 1984517506.3218
300.0 -2.5 -5.0 15.0 969614658.9882001
300.0 0.0 -5.0 15.0 3480931951.9781
300.0 2.5 -5.0 15.0 13262002.4314
300.0 5.0 -5.0 15.0 32441.5535
300.0 7.5 -5.0 15.0 2756.2801999999997
300.0 -5.0 -2.5 15.0 1655778.7121000001
300.0 -2.5 -2.5 15.0 10000000225.834702
300.0 0.0 -2.5 15.0 10000000035.383902
300.0 2.5 -2.5 15.0 88145.72559999999
300.0 7.5 -2.5 15.0 9.4532
300.0 -5.0 0.0 15.0 10497122.201100001
300.0 -2.5 0.0 15.0 5369332.054
300.0 0.0 0.0 15.0 322937713.8429
300.0 2.5 0.0 15.0 194.01839999999999
300.0 5.0 0.0 15.0 9.6704
300.0 -5.0 2.5 15.0 129339.658
300.0 -2.5 2.5 15.0 2507632.2246000003
300.0 0.0 2.5 15.0 1095300407.9883
300.0 2.5 2.5 15.0 309308515.58239996
300.0 5.0 2.5 15.0 18195.803
300.0 7.5 2.5 15.0 808.1829
300.0 10.0 2.5 15.0 37.699
300.0 -5.0 5.0 15.0 253036.2593
300.0 -2.5 5.0 15.0 8572658319.8486
300.0 0.0 5.0 15.0 28536.669899999997
300.0 2.5 5.0 15.0 10000000098.3768
300.0 5.0 5.0 15.0 994069.87
300.0 7.5 5.0 15.0 2593.2693
300.0 10.0 5.0 15.0 125200.8409
300.0 -5.0 -10.0 16.25 -18.7917
300.0 -2.5 -10.0 16.25 1641.1195
300.0 0.0 -10.0 16.25 359.8603
300.0 2.5 -10.0 16.25 -17.9469
300.0 5.0 -10.0 16.25 -19.9859
300.0 7.5 -10.0 16.25 -14.1756
300.0 10.0 -10.0 16.25 -8.3189
300.0 -5.0 -7.5 16.25 58.6824
300.0 -2.5 -7.5 16.25 1086757036.6117
300.0 0.0 -7.5 16.25 3941374.5369
300.0 2.5 -7.5 16.25 26.4896
300.0 5.0 -7.5 16.25 -20.5752
300.0 7.5 -7.5 16.25 -8.749200000000002
300.0 10.0 -7.5 16.25 -12.0613
300.0 -5.0 -5.0 16.25 1578952911.7931
300.0 -2.5 -5.0 16.25 808412669.7499
300.0 0.0 -5.0 16.25 32105765.6035
300.0 2.5 -5.0 16.25 1258.0406
300.0 5.0 -5.0 16.25 8.9405
300.0 7.5 -5.0 16.25 -5.2396
300.0 10.0 -5.0 16.25 -9.698699999999999
300.0 -5.0 -2.5 16.25 4587188.2867
300.0 -2.5 -2.5 16.25 150788828.4381
300.0 0.0 -2.5 16.25 13833.652199999999
300.0 2.5 -2.5 16.25 681.9816000000001
300.0 5.0 -2.5 16.25 16.8514
300.0 7.5 -2.5 16.25 -2.0593000000000004
300.0 10.0 -2.5 16.25 -6.979
300.0 -5.0 0.0 16.25 4232.824699999999
300.0 -2.5 0.0 16.25 23373.214
300.0 0.0 0.0 16.25 13821844.868999999
300.0 2.5 0.0 16.25 90.8843
300.0 5.0 0.0 16.25 5.805
300.0 10.0 0.0 16.25 -8.3099
300.0 -5.0 2.5 16.25 210.0322
300.0 -2.5 2.5 16.25 101.257
300.0 0.0 2.5 16.25 10000000014.495901
300.0 2.5 2.5 16.25 17149.267499999998
300.0 5.0 2.5 16.25 252.63420000000002
300.0 7.5 2.5 16.25 -21.0542
300.0 10.0 2.5 16.25 -16.956
300.0 -5.0 5.0 16.25 66354.7854
300.0 -2.5 5.0 16.25 5787.6632
300.0 0.0 5.0 16.25 274.4022
300.0 2.5 5.0 16.25 9999999783.6182
300.0 5.0 5.0 16.25 206808.39740000002
300.0 7.5 5.0 16.25 -16.6369
300.0 10.0 5.0 16.25 20.9205
