0.0 5.0 -7.5 6.25 10000000150.451302
0.0 -2.5 5.0 6.25 13548.7547
0.0 0.0 2.5 7.5 10000000028.451801
0.0 -2.5 5.0 7.5 824924.7496000001
0.0 0.0 5.0 7.5 425039.0379
0.0 2.5 -10.0 8.75 439584739.0073
0.0 5.0 -10.0 8.75 771906.4526
0.0 7.5 -10.0 8.75 41386010.4373
0.0 0.0 -7.5 8.75 10000000028.8922
0.0 5.0 -7.5 8.75 2013808674.4343002
0.0 0.0 0.0 8.75 10000000014.839602
0.0 0.0 2.5 8.75 10000000149.793402
0.0 -2.5 5.0 8.75 202558.4099
0.0 0.0 5.0 8.75 190122.86380000002
0.0 2.5 5.0 8.75 75633307.9296
0.0 5.0 5.0 8.75 29077.5974
0.0 5.0 -10.0 10.0 9999999982.7472
0.0 7.5 -10.0 10.0 15276.0226
0.0 0.0 -7.5 10.0 347185410.845
0.0 2.5 -7.5 10.0 1107105370.9355001
0.0 5.0 -7.5 10.0 2763461843.2799997
0.0 -2.5 -5.0 10.0 10000000023.965601
0.0 2.5 -5.0 10.0 2577080669.3669996
0.0 -2.5 -2.5 10.0 67583768.05430001
0.0 0.0 -2.5 10.0 151012274.0284
0.0 -2.5 0.0 10.0 42350.8174
0.0 0.0 0.0 10.0 10000000060.6
0.0 2.5 0.0 10.0 216308062.13950002
0.0 0.0 2.5 10.0 10000000039.723701
0.0 2.5 2.5 10.0 46220812.4292
0.0 7.5 2.5 10.0 -0.6611999999999999
0.0 -2.5 5.0 10.0 32760.277899999997
0.0 0.0 5.0 10.0 38171565.4313
0.0 2.5 5.0 10.0 680104.9337
0.0 5.0 5.0 10.0 52.3005
0.0 2.5 -10.0 11.25 170574.1757
0.0 5.0 -10.0 11.25 23251929.209200002
0.0 7.5 -10.0 11.25 78.8943
0.0 10.0 -10.0 11.25 -5.919700000000001
0.0 0.0 -7.5 11.25 10000000036.0758
0.0 2.5 -7.5 11.25 410279546.27339995
0.0 5.0 -7.5 11.25 9999999953.775501
0.0 7.5 -7.5 11.25 810662.236
0.0 -2.5 -5.0 11.25 9999999996.275002
0.0 0.0 -5.0 11.25 272946.6387
0.0 2.5 -5.0 11.25 19291726.4769
0.0 5.0 -5.0 11.25 5888418620.0404
0.0 -5.0 -2.5 11.25 836544.1217
0.0 -2.5 -2.5 11.25 1321189.0642
0.0 0.0 -2.5 11.25 7611126160.8728
0.0 7.5 -2.5 11.25 -10.0056
0.0 -2.5 0.0 11.25 3737.7327999999998
0.0 0.0 0.0 11.25 3363679893.828
0.0 2.5 0.0 11.25 22543671.564000003
0.0 -2.5 2.5 11.25 2927351824.2884
0.0 0.0 2.5 11.25 46358.7629
0.0 2.5 2.5 11.25 282506.23500000004
0.0 5.0 2.5 11.25 75.4045
0.0 7.5 2.5 11.25 -1.4447
0.0 -5.0 5.0 11.25 -7.0432
0.0 -2.5 5.0 11.25 4.300600000000001
0.0 0.0 5.0 11.25 1608.6317999999999
0.0 2.5 5.0 11.25 137492.186
0.0 5.0 5.0 11.25 4.3164
0.0 7.5 5.0 11.25 -0.7229000000000001
0.0 0.0 -10.0 12.5 88.20020000000001
0.0 2.5 -10.0 12.5 143.197
0.0 5.0 -10.0 12.5 861.2188
0.0 7.5 -10.0 12.5 -2.8255
0.0 10.0 -10.0 12.5 -4.061
0.0 -2.5 -7.5 12.5 258217097.9163
0.0 0.0 -7.5 12.5 11242.0514
0.0 2.5 -7.5 12.5 10000000029.146502
0.0 5.0 -7.5 12.5 1127166.3639
0.0 7.5 -7.5 12.5 8.694500000000001
0.0 10.0 -7.5 12.5 -7.378
0.0 -5.0 -5.0 12.5 2854762.5809
0.0 -2.5 -5.0 12.5 1995692765.8026001
0.0 0.0 -5.0 12.5 3802506.5199
0.0 2.5 -5.0 12.5 9999999984.989101
0.0 5.0 -5.0 12.5 22410.5502
0.0 7.5 -5.0 12.5 -11.213999999999999
0.0 10.0 -5.0 12.5 -8.1349
0.0 -5.0 -2.5 12.5 255.98960000000002
0.0 -2.5 -2.5 12.5 1125.8216
0.0 0.0 -2.5 12.5 3349925746.2363
0.0 2.5 -2.5 12.5 1575704904.1499999
0.0 5.0 -2.5 12.5 2405.5747
0.0 7.5 -2.5 12.5 -9.2566
0.0 -5.0 0.0 12.5 -10.6882
0.0 -2.5 0.0 12.5 5081.1341
0.0 0.0 0.0 12.5 183116843.885
0.0 2.5 0.0 12.5 210130.6502
0.0 5.0 0.0 12.5 0.4311000000000007
0.0 -2.5 2.5 12.5 2904.3759
0.0 0.0 2.5 12.5 1079.6776
0.0 2.5 2.5 12.5 207.98919999999998
0.0 5.0 2.5 12.5 2.0398999999999994
0.0 7.5 2.5 12.5 -0.5740000000000001
0.0 10.0 2.5 12.5 -1.4975
0.0 -5.0 5.0 12.5 -4.3565
0.0 -2.5 5.0 12.5 -2.0576
0.0 0.0 5.0 12.5 45.2232
0.0 2.5 5.0 12.5 7.412800000000001
0.0 5.0 5.0 12.5 3.0871
0.0 7.5 5.0 12.5 0.47899999999999987
0.0 10.0 5.0 12.5 -1.3047
0.0 0.0 -10.0 13.75 42.5473
0.0 2.5 -10.0 13.75 36.5646
0.0 5.0 -10.0 13.75 13.854199999999999
0.0 7.5 -10.0 13.75 0.37260000000000004
0.0 10.0 -10.0 13.75 -2.2641
0.0 -2.5 -7.5 13.75 4816950.7419
0.0 0.0 -7.5 13.75 761.6913999999999
0.0 2.5 -7.5 13.75 1014397924.9322001
0.0 5.0 -7.5 13.75 1709.3293
0.0 7.5 -7.5 13.75 -6.8678
0.0 10.0 -7.5 13.75 -4.7587
0.0 -5.0 -5.0 13.75 1077.8827
0.0 -2.5 -5.0 13.75 217889.66330000001
0.0 0.0 -5.0 13.75 3447398.1011
0.0 2.5 -5.0 13.75 9057500210.6196
0.0 5.0 -5.0 13.75 323.5204
0.0 7.5 -5.0 13.75 -11.2838
0.0 10.0 -5.0 13.75 -5.196400000000001
0.0 -5.0 -2.5 13.75 2.6809
0.0 -2.5 -2.5 13.75 787.3745
0.0 0.0 -2.5 13.75 185288774.07909998
0.0 2.5 -2.5 13.75 39260939.1446
0.0 5.0 -2.5 13.75 11.6079
0.0 7.5 -2.5 13.75 -7.2249
0.0 -5.0 0.0 13.75 -5.4879999999999995
0.0 -2.5 0.0 13.75 35.379400000000004
0.0 0.0 0.0 13.75 1723807.4488
0.0 2.5 0.0 13.75 448.63300000000004
0.0 5.0 0.0 13.75 -3.6710000000000003
0.0 7.5 0.0 13.75 -2.8067
0.0 -5.0 2.5 13.75 -3.4587000000000003
0.0 -2.5 2.5 13.75 -1.2837
0.0 0.0 2.5 13.75 11.5025
0.0 2.5 2.5 13.75 2.141
0.0 5.0 2.5 13.75 1.2440000000000002
0.0 7.5 2.5 13.75 0.06359999999999999
0.0 10.0 2.5 13.75 -0.3937
0.0 -5.0 5.0 13.75 -2.2104
0.0 -2.5 5.0 13.75 -0.44200000000000006
0.0 0.0 5.0 13.75 3.9797000000000002
0.0 2.5 5.0 13.75 4.210500000000001
0.0 5.0 5.0 13.75 2.939
0.0 7.5 5.0 13.75 0.5933999999999999
0.0 10.0 5.0 13.75 -0.48919999999999997
0.0 -5.0 -10.0 15.0 20.4496
0.0 -2.5 -10.0 15.0 31.022299999999998
0.0 0.0 -10.0 15.0 32.1228
0.0 2.5 -10.0 15.0 27.1885
0.0 5.0 -10.0 15.0 11.5629
0.0 7.5 -10.0 15.0 1.6759
0.0 10.0 -10.0 15.0 -1.0779999999999998
0.0 -5.0 -7.5 15.0 10.2891
0.0 -2.5 -7.5 15.0 979.5518
0.0 0.0 -7.5 15.0 826.7747
0.0 2.5 -7.5 15.0 308361.5724
0.0 5.0 -7.5 15.0 116.5088
0.0 7.5 -7.5 15.0 -3.8303000000000003
0.0 10.0 -7.5 15.0 -3.0624000000000002
0.0 -5.0 -5.0 15.0 3.5036999999999994
0.0 -2.5 -5.0 15.0 30.9312
0.0 0.0 -5.0 15.0 539728.5578
0.0 2.5 -5.0 15.0 12612831.3137
0.0 5.0 -5.0 15.0 -9.1124
0.0 7.5 -5.0 15.0 -7.3827
0.0 10.0 -5.0 15.0 -3.8316
0.0 -5.0 -2.5 15.0 -2.0052
0.0 -2.5 -2.5 15.0 362.8746
0.0 0.0 -2.5 15.0 10000000008.640902
0.0 2.5 -2.5 15.0 3132.3757
0.0 5.0 -2.5 15.0 -11.3139
0.0 7.5 -2.5 15.0 -5.543900000000001
0.0 10.0 -2.5 15.0 -2.7384
0.0 -5.0 0.0 15.0 -2.2653
0.0 -2.5 0.0 15.0 11.1901
0.0 0.0 0.0 15.0 32545.6378
0.0 2.5 0.0 15.0 5.7258
0.0 5.0 0.0 15.0 -2.7793
0.0 7.5 0.0 15.0 -1.9832
0.0 10.0 0.0 15.0 -0.7985
0.0 -5.0 2.5 15.0 -1.5855
0.0 -2.5 2.5 15.0 0.39070000000000005
0.0 0.0 2.5 15.0 3.3312
0.0 2.5 2.5 15.0 2.6096
0.0 5.0 2.5 15.0 1.3492999999999997
0.0 7.5 2.5 15.0 0.3561
0.0 10.0 2.5 15.0 0.1795
0.0 -5.0 5.0 15.0 -1.3156999999999999
0.0 -2.5 5.0 15.0 0.011099999999999999
0.0 0.0 5.0 15.0 2.8337
0.0 2.5 5.0 15.0 3.5206
0.0 5.0 5.0 15.0 2.2366
0.0 7.5 5.0 15.0 0.653
0.0 10.0 5.0 15.0 0.12359999999999999
0.0 -5.0 -10.0 16.25 14.8068
0.0 -2.5 -10.0 16.25 21.7914
0.0 0.0 -10.0 16.25 22.7369
0.0 2.5 -10.0 16.25 17.9176
0.0 5.0 -10.0 16.25 8.2848
0.0 7.5 -10.0 16.25 1.5231
0.0 10.0 -10.0 16.25 -0.2983
0.0 -5.0 -7.5 16.25 8.4839
0.0 -2.5 -7.5 16.25 12.541599999999999
0.0 0.0 -7.5 16.25 119.5214
0.0 2.5 -7.5 16.25 44508.812600000005
0.0 5.0 -7.5 16.25 2.3929
0.0 7.5 -7.5 16.25 -2.0926
0.0 10.0 -7.5 16.25 -1.992
0.0 -5.0 -5.0 16.25 2.8276
0.0 -2.5 -5.0 16.25 5.803600000000001
0.0 0.0 -5.0 16.25 4054.5008
0.0 2.5 -5.0 16.25 1456.0346
0.0 5.0 -5.0 16.25 -8.7045
0.0 7.5 -5.0 16.25 -4.8416
0.0 10.0 -5.0 16.25 -2.8172
0.0 -5.0 -2.5 16.25 -0.06120000000000003
0.0 -2.5 -2.5 16.25 3.5215000000000005
0.0 0.0 -2.5 16.25 2016792.5209
0.0 2.5 -2.5 16.25 81.63329999999999
0.0 5.0 -2.5 16.25 -6.7233
0.0 7.5 -2.5 16.25 -3.8619
0.0 10.0 -2.5 16.25 -1.9206
0.0 -5.0 0.0 16.25 -0.5835
0.0 -2.5 0.0 16.25 1.1952000000000003
0.0 0.0 0.0 16.25 6.9639999999999995
0.0 2.5 0.0 16.25 -0.2104999999999997
0.0 5.0 0.0 16.25 -1.5139
0.0 7.5 0.0 16.25 -1.2532
0.0 10.0 0.0 16.25 -0.3984
0.0 -5.0 2.5 16.25 -0.4504
0.0 -2.5 2.5 16.25 0.5755
0.0 0.0 2.5 16.25 2.2813
0.0 2.5 2.5 16.25 2.3257999999999996
0.0 5.0 2.5 16.25 1.2431999999999999
0.0 7.5 2.5 16.25 0.38399999999999995
0.0 10.0 2.5 16.25 0.3529
0.0 -5.0 5.0 16.25 -0.9111
0.0 -2.5 5.0 16.25 0.12619999999999998
0.0 0.0 5.0 16.25 1.6957
0.0 2.5 5.0 16.25 2.2225
0.0 5.0 5.0 16.25 1.6039999999999999
0.0 7.5 5.0 16.25 0.763
0.0 10.0 5.0 16.25 0.1972
60.0 -5.0 -10.0 3.75 4389231190.935201
60.0 -2.5 -10.0 3.75 9999999984.982801
60.0 0.0 -10.0 3.75 9999999595.9197
60.0 2.5 -10.0 3.75 10000000279.4193
60.0 5.0 -10.0 3.75 2209315238.1875
60.0 7.5 -10.0 3.75 145872354.9805
60.0 10.0 -10.0 3.75 84147162.72350001
60.0 -5.0 -7.5 3.75 754367720.1413
60.0 -2.5 -7.5 3.75 10000000019.032501
60.0 0.0 -7.5 3.75 9632735939.7921
60.0 2.5 -7.5 3.75 10000000153.713202
60.0 5.0 -7.5 3.75 10000000014.8131
60.0 7.5 -7.5 3.75 134813882.464
60.0 10.0 -7.5 3.75 106156545.3708
60.0 -5.0 -5.0 3.75 10000000031.661701
60.0 -2.5 -5.0 3.75 10000000063.966501
60.0 0.0 -5.0 3.75 9999999926.514801
60.0 2.5 -5.0 3.75 10000000133.499601
60.0 5.0 -5.0 3.75 10000000076.908201
60.0 7.5 -5.0 3.75 581356200.1032
60.0 10.0 -5.0 3.75 25134663.1481
60.0 -5.0 -2.5 3.75 1493716410.9069002
60.0 -2.5 -2.5 3.75 301247374.5355
60.0 0.0 -2.5 3.75 10000000162.4682
60.0 2.5 -2.5 3.75 9999999999.883701
60.0 5.0 -2.5 3.75 10000000051.4037
60.0 7.5 -2.5 3.75 9999999931.0911
60.0 10.0 -2.5 3.75 684690311.2241
60.0 -5.0 0.0 3.75 10000000163.266201
60.0 -2.5 0.0 3.75 4086772975.4243
60.0 0.0 0.0 3.75 10000000177.3861
60.0 2.5 0.0 3.75 9999999886.814402
60.0 5.0 0.0 3.75 311391450.9819
60.0 7.5 0.0 3.75 9999999717.391602
60.0 10.0 0.0 3.75 8961908.1469
60.0 -5.0 2.5 3.75 7982888542.991699
60.0 -2.5 2.5 3.75 154271320.06309998
60.0 0.0 2.5 3.75 511300956.1532
60.0 2.5 2.5 3.75 9999999950.5662
60.0 5.0 2.5 3.75 337992.5891
60.0 7.5 2.5 3.75 357396.27249999996
60.0 10.0 2.5 3.75 186399.42119999998
60.0 -5.0 5.0 3.75 19523474.0825
60.0 -2.5 5.0 3.75 217989510.39769998
60.0 0.0 5.0 3.75 39584178.7122
60.0 2.5 5.0 3.75 25795194.847200003
60.0 5.0 5.0 3.75 20636316.7392
60.0 7.5 5.0 3.75 2264.8715
60.0 10.0 5.0 3.75 -11.7959
60.0 2.5 -2.5 5.0 10000000097.769901
60.0 0.0 0.0 5.0 10000000091.428202
60.0 0.0 2.5 5.0 5026638016.4758
60.0 2.5 -2.5 6.25 10000000022.4892
60.0 0.0 0.0 6.25 236219477.3034
60.0 0.0 2.5 6.25 3099590.435
60.0 0.0 5.0 6.25 946.2716
60.0 2.5 -5.0 7.5 10000000085.9396
60.0 2.5 -2.5 7.5 4664344201.3022995
60.0 5.0 -2.5 7.5 239988645.1308
60.0 -2.5 0.0 7.5 4945593878.155399
60.0 0.0 0.0 7.5 53530448.1166
60.0 2.5 0.0 7.5 195799290.51680002
60.0 0.0 2.5 7.5 79338129.5561
60.0 0.0 5.0 7.5 127.9498
60.0 2.5 -7.5 8.75 10000000143.2551
60.0 2.5 -5.0 8.75 10000000056.5888
60.0 5.0 -5.0 8.75 884077041.9374
60.0 0.0 -2.5 8.75 231251120.0243
60.0 2.5 -2.5 8.75 7486646825.003
60.0 -2.5 0.0 8.75 10000000071.700602
60.0 0.0 0.0 8.75 347477379.4696
60.0 2.5 0.0 8.75 537797347.4511
60.0 -2.5 2.5 8.75 2621189.8384
60.0 0.0 2.5 8.75 4068074.2623
60.0 0.0 5.0 8.75 157.15349999999998
60.0 5.0 -10.0 10.0 712.1406999999999
60.0 2.5 -7.5 10.0 9999999966.747501
60.0 5.0 -7.5 10.0 379922.87850000005
60.0 7.5 -7.5 10.0 11.4817
60.0 0.0 -5.0 10.0 2755780864.249
60.0 2.5 -5.0 10.0 10000000050.7397
60.0 5.0 -5.0 10.0 9999999997.843601
60.0 -2.5 -2.5 10.0 9999999953.1058
60.0 0.0 -2.5 10.0 6642940001.248199
60.0 2.5 -2.5 10.0 9999999994.830301
60.0 5.0 -2.5 10.0 441423669.7319
60.0 7.5 -2.5 10.0 9226409.6918
60.0 -2.5 0.0 10.0 9999999991.3455
60.0 0.0 0.0 10.0 336067651.0716
60.0 2.5 0.0 10.0 10000000080.3995
60.0 -2.5 2.5 10.0 2604362.0031999997
60.0 0.0 2.5 10.0 26562313.2694
60.0 2.5 2.5 10.0 1153668.6617
60.0 -2.5 5.0 10.0 98.4857
60.0 0.0 5.0 10.0 97.4907
60.0 2.5 5.0 10.0 74.1099
60.0 2.5 -10.0 11.25 218636.48700000002
60.0 5.0 -10.0 11.25 26.631
60.0 10.0 -10.0 11.25 -5.8252999999999995
60.0 0.0 -7.5 11.25 120396449.0009
60.0 2.5 -7.5 11.25 10000000076.3862
60.0 5.0 -7.5 11.25 533.0719
60.0 7.5 -7.5 11.25 -4.9456999999999995
60.0 0.0 -5.0 11.25 1515792284.9317
60.0 2.5 -5.0 11.25 166937030.8441
60.0 5.0 -5.0 11.25 41495.780999999995
60.0 -2.5 -2.5 11.25 6518656531.3867
60.0 0.0 -2.5 11.25 10000000055.665602
60.0 2.5 -2.5 11.25 10000000034.8437
60.0 5.0 -2.5 11.25 882297320.1323
60.0 7.5 -2.5 11.25 4793.4162
60.0 -5.0 0.0 11.25 80640444.7104
60.0 -2.5 0.0 11.25 60251324.0898
60.0 0.0 0.0 11.25 27375624.8046
60.0 2.5 0.0 11.25 1015863573.1049
60.0 5.0 0.0 11.25 86501761.3893
60.0 -5.0 2.5 11.25 6072756.0674
60.0 -2.5 2.5 11.25 2915.8763
60.0 0.0 2.5 11.25 401012.8804
60.0 2.5 2.5 11.25 14259.1535
60.0 5.0 2.5 11.25 317.8445
60.0 -2.5 5.0 11.25 0.056699999999999307
60.0 0.0 5.0 11.25 7.9315
60.0 2.5 5.0 11.25 4.3203
60.0 5.0 5.0 11.25 -4.0729
60.0 7.5 5.0 11.25 -4.2482
60.0 -2.5 -10.0 12.5 3459.6895999999997
60.0 0.0 -10.0 12.5 16164.9501
60.0 2.5 -10.0 12.5 303.7811
60.0 5.0 -10.0 12.5 25.0995
60.0 7.5 -10.0 12.5 6.6579
60.0 10.0 -10.0 12.5 -2.4947999999999997
60.0 0.0 -7.5 12.5 74322221.2811
60.0 2.5 -7.5 12.5 12608.033300000001
60.0 5.0 -7.5 12.5 20.914199999999997
60.0 7.5 -7.5 12.5 -0.27349999999999985
60.0 10.0 -7.5 12.5 -5.088699999999999
60.0 -2.5 -5.0 12.5 8957.3478
60.0 0.0 -5.0 12.5 33510079.6495
60.0 2.5 -5.0 12.5 10000000031.760601
60.0 5.0 -5.0 12.5 269.7535
60.0 7.5 -5.0 12.5 -10.5838
60.0 -5.0 -2.5 12.5 1033.3496
60.0 -2.5 -2.5 12.5 1522620.2647
60.0 0.0 -2.5 12.5 10209188.441300001
60.0 2.5 -2.5 12.5 5204455.0792000005
60.0 5.0 -2.5 12.5 23193.4882
60.0 7.5 -2.5 12.5 -6.536
60.0 -5.0 0.0 12.5 50950.154800000004
60.0 -2.5 0.0 12.5 10000000037.6571
60.0 0.0 0.0 12.5 2397679702.4788003
60.0 2.5 0.0 12.5 9999999994.6273
60.0 5.0 0.0 12.5 1046.2042999999999
60.0 -5.0 2.5 12.5 98.6356
60.0 -2.5 2.5 12.5 382.86030000000005
60.0 0.0 2.5 12.5 199360.92810000002
60.0 2.5 2.5 12.5 136862.5728
60.0 5.0 2.5 12.5 -6.971
60.0 7.5 2.5 12.5 -8.4825
60.0 -5.0 5.0 12.5 3.8787
60.0 -2.5 5.0 12.5 1.8506
60.0 0.0 5.0 12.5 0.06150000000000011
60.0 2.5 5.0 12.5 2.2415999999999996
60.0 5.0 5.0 12.5 -1.4997
60.0 7.5 5.0 12.5 -2.2171
60.0 10.0 5.0 12.5 -1.3305
60.0 -2.5 -10.0 13.75 207.86360000000002
60.0 0.0 -10.0 13.75 62.0396
60.0 2.5 -10.0 13.75 38.763600000000004
60.0 5.0 -10.0 13.75 20.5814
60.0 7.5 -10.0 13.75 6.2711
60.0 10.0 -10.0 13.75 0.203
60.0 0.0 -7.5 13.75 1202571116.9137
60.0 2.5 -7.5 13.75 127.2859
60.0 5.0 -7.5 13.75 15.911100000000001
60.0 7.5 -7.5 13.75 1.7476000000000003
60.0 10.0 -7.5 13.75 -2.3637
60.0 -2.5 -5.0 13.75 1645.1141
60.0 0.0 -5.0 13.75 1684360.9274
60.0 2.5 -5.0 13.75 10000000034.439402
60.0 5.0 -5.0 13.75 1427.689
60.0 7.5 -5.0 13.75 -4.4674
60.0 10.0 -5.0 13.75 -5.386299999999999
60.0 -5.0 -2.5 13.75 9.916500000000001
60.0 -2.5 -2.5 13.75 10000000008.8393
60.0 0.0 -2.5 13.75 1093349889.4314
60.0 2.5 -2.5 13.75 262875.0788
60.0 5.0 -2.5 13.75 2084.2116
60.0 7.5 -2.5 13.75 -11.1339
60.0 -5.0 0.0 13.75 12.4815
60.0 -2.5 0.0 13.75 218976.40800000002
60.0 0.0 0.0 13.75 9336095621.6568
60.0 2.5 0.0 13.75 945940.5302
60.0 5.0 0.0 13.75 -11.184
60.0 -5.0 2.5 13.75 3.9602999999999997
60.0 -2.5 2.5 13.75 11.219899999999999
60.0 0.0 2.5 13.75 282.276
60.0 2.5 2.5 13.75 14.9357
60.0 5.0 2.5 13.75 -7.187799999999999
60.0 7.5 2.5 13.75 -5.5084
60.0 -5.0 5.0 13.75 3.1254999999999997
60.0 -2.5 5.0 13.75 3.0043000000000006
60.0 0.0 5.0 13.75 2.9341000000000004
60.0 2.5 5.0 13.75 2.4844999999999997
60.0 5.0 5.0 13.75 -0.18679999999999997
60.0 7.5 5.0 13.75 -1.1083
60.0 10.0 5.0 13.75 -0.8275
60.0 -5.0 -10.0 15.0 23.6109
60.0 -2.5 -10.0 15.0 39.496900000000004
60.0 0.0 -10.0 15.0 39.7487
60.0 2.5 -10.0 15.0 28.949099999999998
60.0 5.0 -10.0 15.0 15.729300000000002
60.0 7.5 -10.0 15.0 5.603300000000001
60.0 10.0 -10.0 15.0 1.3593
60.0 -5.0 -7.5 15.0 17.823999999999998
60.0 -2.5 -7.5 15.0 30.1473
60.0 0.0 -7.5 15.0 4411.799
60.0 2.5 -7.5 15.0 27.9555
60.0 5.0 -7.5 15.0 13.2728
60.0 7.5 -7.5 15.0 3.2097
60.0 10.0 -7.5 15.0 -0.6594
60.0 -5.0 -5.0 15.0 10.267600000000002
60.0 -2.5 -5.0 15.0 173394.25759999998
60.0 0.0 -5.0 15.0 895747.4444
60.0 2.5 -5.0 15.0 5198.950400000001
60.0 5.0 -5.0 15.0 301.7689
60.0 7.5 -5.0 15.0 -2.0722
60.0 10.0 -5.0 15.0 -3.4914
60.0 -5.0 -2.5 15.0 6.361600000000001
60.0 -2.5 -2.5 15.0 10000000023.778
60.0 0.0 -2.5 15.0 579981957.2753
60.0 2.5 -2.5 15.0 227159700.77249998
60.0 5.0 -2.5 15.0 37.7427
60.0 7.5 -2.5 15.0 -7.1301
60.0 10.0 -2.5 15.0 -4.8383
60.0 -5.0 0.0 15.0 7.7715000000000005
60.0 -2.5 0.0 15.0 4485.711499999999
60.0 0.0 0.0 15.0 21232.8371
60.0 2.5 0.0 15.0 767.822
60.0 5.0 0.0 15.0 -13.157599999999999
60.0 7.5 0.0 15.0 -7.3655
60.0 -5.0 2.5 15.0 2.9651000000000005
60.0 -2.5 2.5 15.0 4.3597
60.0 0.0 2.5 15.0 8.8857
60.0 2.5 2.5 15.0 1.1591
60.0 5.0 2.5 15.0 -4.2035
60.0 7.5 2.5 15.0 -3.7977
60.0 10.0 2.5 15.0 -2.5646999999999998
60.0 -5.0 5.0 15.0 2.5034
60.0 -2.5 5.0 15.0 3.3947
60.0 0.0 5.0 15.0 3.3844
60.0 2.5 5.0 15.0 2.5182
60.0 5.0 5.0 15.0 0.4061
60.0 7.5 5.0 15.0 -0.6297
60.0 10.0 5.0 15.0 -0.628
60.0 -5.0 -10.0 16.25 16.9526
60.0 -2.5 -10.0 16.25 25.5151
60.0 0.0 -10.0 16.25 26.679100000000002
60.0 2.5 -10.0 16.25 20.1865
60.0 5.0 -10.0 16.25 11.4255
60.0 7.5 -10.0 16.25 4.6469000000000005
60.0 10.0 -10.0 16.25 1.5067000000000002
60.0 -5.0 -7.5 16.25 13.0736
60.0 -2.5 -7.5 16.25 20.986
60.0 0.0 -7.5 16.25 22.9622
60.0 2.5 -7.5 16.25 17.9613
60.0 5.0 -7.5 16.25 9.924700000000001
60.0 7.5 -7.5 16.25 2.8406000000000002
60.0 10.0 -7.5 16.25 0.3247
60.0 -5.0 -5.0 16.25 7.596799999999999
60.0 -2.5 -5.0 16.25 78.951
60.0 0.0 -5.0 16.25 7792.8868
60.0 2.5 -5.0 16.25 590.5808
60.0 5.0 -5.0 16.25 6.0577000000000005
60.0 7.5 -5.0 16.25 -0.9694
60.0 10.0 -5.0 16.25 -1.8290000000000002
60.0 -5.0 -2.5 16.25 3.7032
60.0 -2.5 -2.5 16.25 140.2011
60.0 0.0 -2.5 16.25 808770.2059
60.0 2.5 -2.5 16.25 29319.4032
60.0 5.0 -2.5 16.25 -5.0343
60.0 7.5 -2.5 16.25 -4.95
60.0 10.0 -2.5 16.25 -3.3354999999999997
60.0 -5.0 0.0 16.25 2.4298
60.0 -2.5 0.0 16.25 182.2283
60.0 0.0 0.0 16.25 198.80120000000002
60.0 2.5 0.0 16.25 16.39
60.0 5.0 0.0 16.25 -7.2877
60.0 7.5 0.0 16.25 -5.0187
60.0 10.0 0.0 16.25 -3.1731000000000003
60.0 -5.0 2.5 16.25 2.584
60.0 -2.5 2.5 16.25 3.9077
60.0 0.0 2.5 16.25 4.828100000000001
60.0 2.5 2.5 16.25 1.2728000000000002
60.0 5.0 2.5 16.25 -2.3654
60.0 7.5 2.5 16.25 -2.5425999999999997
60.0 10.0 2.5 16.25 -1.7857999999999998
60.0 -5.0 5.0 16.25 1.9989000000000001
60.0 -2.5 5.0 16.25 3.0312
60.0 0.0 5.0 16.25 3.288
60.0 2.5 5.0 16.25 2.1366
60.0 5.0 5.0 16.25 0.3837
60.0 7.5 5.0 16.25 -0.5905
60.0 10.0 5.0 16.25 -0.3016
120.0 -5.0 -10.0 3.75 1410845561.7935002
120.0 -2.5 -10.0 3.75 258195181.852
120.0 0.0 -10.0 3.75 10000000069.2812
120.0 2.5 -10.0 3.75 9999999952.484001
120.0 5.0 -10.0 3.75 10000000004.8327
120.0 7.5 -10.0 3.75 5678575059.0324
120.0 10.0 -10.0 3.75 1279509.4282
120.0 -5.0 -7.5 3.75 9999999934.2192
120.0 -2.5 -7.5 3.75 9999999832.7513
120.0 0.0 -7.5 3.75 10000000127.7994
120.0 2.5 -7.5 3.75 9999999988.8824
120.0 5.0 -7.5 3.75 105519082.5562
120.0 7.5 -7.5 3.75 225184110.9136
120.0 10.0 -7.5 3.75 30895910.2932
120.0 -5.0 -5.0 3.75 9999999997.7224
120.0 -2.5 -5.0 3.75 10000000010.811401
120.0 0.0 -5.0 3.75 10000000131.3589
120.0 2.5 -5.0 3.75 10000000418.252
120.0 5.0 -5.0 3.75 9999999952.7378
120.0 7.5 -5.0 3.75 112026.99380000001
120.0 10.0 -5.0 3.75 300.93670000000003
120.0 -5.0 -2.5 3.75 1526562913.207
120.0 -2.5 -2.5 3.75 10000000149.0182
120.0 0.0 -2.5 3.75 3972953370.7149
120.0 2.5 -2.5 3.75 10000000251.5956
120.0 5.0 -2.5 3.75 171618972.46559998
120.0 7.5 -2.5 3.75 111450736.30659999
120.0 10.0 -2.5 3.75 -16.490299999999998
120.0 -5.0 0.0 3.75 94421313.0734
120.0 -2.5 0.0 3.75 10000000008.795801
120.0 0.0 0.0 3.75 10000000108.5914
120.0 2.5 0.0 3.75 2333305202.4053
120.0 5.0 0.0 3.75 583242087.9827
120.0 7.5 0.0 3.75 99805.9029
120.0 10.0 0.0 3.75 -14.643
120.0 -5.0 2.5 3.75 278.6745
120.0 -2.5 2.5 3.75 10000000000.194801
120.0 0.0 2.5 3.75 1178508377.5331
120.0 2.5 2.5 3.75 243201463.2657
120.0 5.0 2.5 3.75 4417377113.5017
120.0 7.5 2.5 3.75 4510521.9290000005
120.0 10.0 2.5 3.75 -8.2303
120.0 -5.0 5.0 3.75 129.2961
120.0 -2.5 5.0 3.75 8643473241.3517
120.0 0.0 5.0 3.75 1035242410.9877999
120.0 2.5 5.0 3.75 80329245.7387
120.0 5.0 5.0 3.75 5761.4205999999995
120.0 7.5 5.0 3.75 -6.1407
120.0 10.0 5.0 3.75 -1.8235000000000001
120.0 -2.5 5.0 5.0 45050.6778
120.0 -2.5 2.5 6.25 10035447.0438
120.0 -2.5 5.0 6.25 261582.757
120.0 2.5 -7.5 7.5 120085242.0764
120.0 0.0 -5.0 7.5 43850751.7272
120.0 -2.5 0.0 7.5 1193671566.368
120.0 -2.5 2.5 7.5 820168638.2150999
120.0 0.0 2.5 7.5 2231419917.2928
120.0 -2.5 5.0 7.5 10528771.3745
120.0 0.0 5.0 7.5 37073582.8451
120.0 2.5 -7.5 8.75 10000000055.9848
120.0 5.0 -7.5 8.75 40796871.5817
120.0 0.0 -5.0 8.75 10000000069.475302
120.0 0.0 0.0 8.75 43118018.571200006
120.0 -2.5 2.5 8.75 258177279.4285
120.0 0.0 2.5 8.75 598869913.1163
120.0 -5.0 5.0 8.75 9.6679
120.0 -2.5 5.0 8.75 10000000002.2068
120.0 0.0 5.0 8.75 10000000012.797
120.0 2.5 5.0 8.75 2811.2286
120.0 2.5 -10.0 10.0 39599.4585
120.0 2.5 -7.5 10.0 35965769.3926
120.0 5.0 -7.5 10.0 1782294.018
120.0 7.5 -7.5 10.0 40501.1771
120.0 -2.5 -5.0 10.0 177998896.8813
120.0 0.0 -5.0 10.0 178833865.0311
120.0 2.5 -5.0 10.0 9999999992.4866
120.0 0.0 -2.5 10.0 5553312025.1526
120.0 0.0 0.0 10.0 9999999985.463202
120.0 2.5 0.0 10.0 9999999969.4053
120.0 -5.0 2.5 10.0 1021870.7331
120.0 -2.5 2.5 10.0 18853552.807299998
120.0 0.0 2.5 10.0 3483011918.8986
120.0 2.5 2.5 10.0 447086.5199
120.0 -5.0 5.0 10.0 25.4791
120.0 -2.5 5.0 10.0 4082954848.3872
120.0 0.0 5.0 10.0 17427053.7619
120.0 2.5 5.0 10.0 87.0734
120.0 5.0 5.0 10.0 -8.7498
120.0 2.5 -10.0 11.25 766.5282000000001
120.0 5.0 -10.0 11.25 163677.2358
120.0 10.0 -10.0 11.25 -4.4559
120.0 -2.5 -7.5 11.25 136153.925
120.0 0.0 -7.5 11.25 4400.4137
120.0 2.5 -7.5 11.25 4907619789.3584
120.0 5.0 -7.5 11.25 307350.21699999995
120.0 7.5 -7.5 11.25 1150.5074
120.0 -2.5 -5.0 11.25 3654490059.0434
120.0 0.0 -5.0 11.25 2258685105.9999
120.0 2.5 -5.0 11.25 4703319995.2705
120.0 5.0 -5.0 11.25 103742.0187
120.0 7.5 -5.0 11.25 -12.689599999999999
120.0 0.0 -2.5 11.25 1468938.6431
120.0 2.5 -2.5 11.25 12357533.5845
120.0 -5.0 0.0 11.25 217608.8743
120.0 -2.5 0.0 11.25 161428178.3105
120.0 0.0 0.0 11.25 10000000011.993301
120.0 2.5 0.0 11.25 8371932.4211
120.0 -5.0 2.5 11.25 4337.0918
120.0 -2.5 2.5 11.25 9999999999.554901
120.0 0.0 2.5 11.25 416349527.4157
120.0 2.5 2.5 11.25 2152.4179
120.0 -5.0 5.0 11.25 1.2231999999999998
120.0 -2.5 5.0 11.25 6741.440100000001
120.0 0.0 5.0 11.25 6205.8276
120.0 2.5 5.0 11.25 -3.7365
120.0 5.0 5.0 11.25 -6.5161999999999995
120.0 7.5 5.0 11.25 -3.9863999999999997
120.0 -5.0 -10.0 12.5 595.1308
120.0 -2.5 -10.0 12.5 61.321400000000004
120.0 0.0 -10.0 12.5 36.212199999999996
120.0 2.5 -10.0 12.5 35.850899999999996
120.0 5.0 -10.0 12.5 131.77859999999998
120.0 7.5 -10.0 12.5 55.9911
120.0 10.0 -10.0 12.5 -2.8415
120.0 -2.5 -7.5 12.5 240.1137
120.0 0.0 -7.5 12.5 684.8217
120.0 2.5 -7.5 12.5 763467526.5447
120.0 5.0 -7.5 12.5 58.2472
120.0 7.5 -7.5 12.5 -2.5765000000000002
120.0 10.0 -7.5 12.5 0.2630999999999999
120.0 -2.5 -5.0 12.5 658253867.9583999
120.0 0.0 -5.0 12.5 100576324.19330001
120.0 2.5 -5.0 12.5 152547334.6586
120.0 5.0 -5.0 12.5 283.0852
120.0 -5.0 -2.5 12.5 177928.3072
120.0 -2.5 -2.5 12.5 10000000001.081202
120.0 0.0 -2.5 12.5 45640381.1705
120.0 2.5 -2.5 12.5 825976.2697
120.0 5.0 -2.5 12.5 -18.8234
120.0 -5.0 0.0 12.5 143466.0499
120.0 -2.5 0.0 12.5 10000000162.9715
120.0 0.0 0.0 12.5 9999999950.502
120.0 2.5 0.0 12.5 955.8358000000001
120.0 5.0 0.0 12.5 -19.430300000000003
120.0 -5.0 2.5 12.5 185.228
120.0 -2.5 2.5 12.5 5430584914.3773
120.0 0.0 2.5 12.5 88607410.35880001
120.0 2.5 2.5 12.5 4.4588
120.0 5.0 2.5 12.5 -12.779200000000001
120.0 -5.0 5.0 12.5 2.7271
120.0 -2.5 5.0 12.5 19.7138
120.0 0.0 5.0 12.5 20.3517
120.0 2.5 5.0 12.5 -5.7329
120.0 5.0 5.0 12.5 -5.0997
120.0 7.5 5.0 12.5 -3.0194
120.0 -5.0 -10.0 13.75 55.0076
120.0 -2.5 -10.0 13.75 46.450100000000006
120.0 0.0 -10.0 13.75 30.683100000000003
120.0 2.5 -10.0 13.75 12.1328
120.0 5.0 -10.0 13.75 -3.8040000000000003
120.0 7.5 -10.0 13.75 -6.1896
120.0 10.0 -10.0 13.75 -1.081
120.0 -2.5 -7.5 13.75 183.8905
120.0 0.0 -7.5 13.75 10772.647799999999
120.0 2.5 -7.5 13.75 4896.61
120.0 5.0 -7.5 13.75 -2.9262
120.0 7.5 -7.5 13.75 -3.7100999999999997
120.0 10.0 -7.5 13.75 0.34919999999999995
120.0 -2.5 -5.0 13.75 835747075.1047001
120.0 0.0 -5.0 13.75 726878.0778000001
120.0 2.5 -5.0 13.75 250567.6402
120.0 5.0 -5.0 13.75 -3.6493
120.0 7.5 -5.0 13.75 -4.5675
120.0 10.0 -5.0 13.75 -0.4293
120.0 -5.0 -2.5 13.75 16110.8448
120.0 -2.5 -2.5 13.75 1494112956.6977
120.0 0.0 -2.5 13.75 58658110.5463
120.0 2.5 -2.5 13.75 1478.7351
120.0 5.0 -2.5 13.75 -10.2681
120.0 -5.0 0.0 13.75 387.1954
120.0 -2.5 0.0 13.75 9999999970.5109
120.0 0.0 0.0 13.75 180847016.96220002
120.0 2.5 0.0 13.75 101.587
120.0 5.0 0.0 13.75 -12.6416
120.0 -5.0 2.5 13.75 7.960100000000001
120.0 -2.5 2.5 13.75 910.6951
120.0 0.0 2.5 13.75 38827.1433
120.0 2.5 2.5 13.75 -16.0112
120.0 5.0 2.5 13.75 -9.267900000000001
120.0 -5.0 5.0 13.75 4.3083
120.0 -2.5 5.0 13.75 7.857799999999999
120.0 0.0 5.0 13.75 0.37939999999999996
120.0 2.5 5.0 13.75 -4.0656
120.0 5.0 5.0 13.75 -3.6381
120.0 7.5 5.0 13.75 -2.3849
120.0 -5.0 -10.0 15.0 36.6918
120.0 -2.5 -10.0 15.0 35.2315
120.0 0.0 -10.0 15.0 24.1129
120.0 2.5 -10.0 15.0 10.0602
120.0 5.0 -10.0 15.0 0.3193999999999999
120.0 7.5 -10.0 15.0 -2.2029
120.0 10.0 -10.0 15.0 -0.4144
120.0 -5.0 -7.5 15.0 41.056200000000004
120.0 -2.5 -7.5 15.0 45.780899999999995
120.0 0.0 -7.5 15.0 32.9525
120.0 2.5 -7.5 15.0 13.2616
120.0 5.0 -7.5 15.0 1.0643000000000002
120.0 7.5 -7.5 15.0 -1.0689
120.0 10.0 -7.5 15.0 0.1773
120.0 -5.0 -5.0 15.0 350.7455
120.0 -2.5 -5.0 15.0 1312809687.1504
120.0 0.0 -5.0 15.0 3130.6043
120.0 2.5 -5.0 15.0 78.0903
120.0 5.0 -5.0 15.0 -0.8842999999999999
120.0 7.5 -5.0 15.0 -2.1997
120.0 10.0 -5.0 15.0 -0.1242
120.0 -5.0 -2.5 15.0 72407.751
120.0 -2.5 -2.5 15.0 7969059.9294
120.0 0.0 -2.5 15.0 1289696.0537999999
120.0 2.5 -2.5 15.0 114.6051
120.0 5.0 -2.5 15.0 -5.4929
120.0 7.5 -2.5 15.0 -4.549300000000001
120.0 10.0 -2.5 15.0 -1.5244
120.0 -5.0 0.0 15.0 217.5348
120.0 -2.5 0.0 15.0 119279.9323
120.0 0.0 0.0 15.0 1075128.2742
120.0 2.5 0.0 15.0 -11.6811
120.0 5.0 0.0 15.0 -9.0239
120.0 10.0 0.0 15.0 -2.3522
120.0 -5.0 2.5 15.0 4.7635000000000005
120.0 -2.5 2.5 15.0 30.0377
120.0 0.0 2.5 15.0 56.2808
120.0 2.5 2.5 15.0 -10.663699999999999
120.0 5.0 2.5 15.0 -6.7395
120.0 7.5 2.5 15.0 -4.5009
120.0 -5.0 5.0 15.0 4.7714
120.0 -2.5 5.0 15.0 7.1128
120.0 0.0 5.0 15.0 1.5934000000000001
120.0 2.5 5.0 15.0 -2.3183
120.0 5.0 5.0 15.0 -2.578
120.0 7.5 5.0 15.0 -1.8198
120.0 10.0 5.0 15.0 -0.3736
120.0 -5.0 -10.0 16.25 23.749299999999998
120.0 -2.5 -10.0 16.25 23.680999999999997
120.0 0.0 -10.0 16.25 16.4529
120.0 2.5 -10.0 16.25 8.148
120.0 5.0 -10.0 16.25 1.8026999999999997
120.0 7.5 -10.0 16.25 -0.5098
120.0 10.0 -10.0 16.25 -0.39490000000000003
120.0 -5.0 -7.5 16.25 26.372
120.0 -2.5 -7.5 16.25 27.0431
120.0 0.0 -7.5 16.25 18.730900000000002
120.0 2.5 -7.5 16.25 9.1198
120.0 5.0 -7.5 16.25 2.2923
120.0 7.5 -7.5 16.25 -0.05109999999999998
120.0 10.0 -7.5 16.25 0.1451
120.0 -5.0 -5.0 16.25 22.619
120.0 -2.5 -5.0 16.25 715.808
120.0 0.0 -5.0 16.25 71.8309
120.0 2.5 -5.0 16.25 6.0981000000000005
120.0 5.0 -5.0 16.25 -0.04249999999999998
120.0 7.5 -5.0 16.25 -1.0827
120.0 10.0 -5.0 16.25 -0.055
120.0 -5.0 -2.5 16.25 18.9478
120.0 -2.5 -2.5 16.25 55146.1864
120.0 0.0 -2.5 16.25 21964.2098
120.0 2.5 -2.5 16.25 0.6005999999999998
120.0 5.0 -2.5 16.25 -3.9058
120.0 7.5 -2.5 16.25 -3.2295
120.0 10.0 -2.5 16.25 -0.744
120.0 -5.0 0.0 16.25 7.779000000000001
120.0 -2.5 0.0 16.25 2466.6263000000004
120.0 0.0 0.0 16.25 1111.3674
120.0 2.5 0.0 16.25 -8.7213
120.0 5.0 0.0 16.25 -6.300000000000001
120.0 7.5 0.0 16.25 -4.0516
120.0 10.0 0.0 16.25 -1.1059999999999999
120.0 -5.0 2.5 16.25 4.8288
120.0 -2.5 2.5 16.25 10.0154
120.0 0.0 2.5 16.25 -1.5866
120.0 2.5 2.5 16.25 -5.9967999999999995
120.0 5.0 2.5 16.25 -4.8696
120.0 7.5 2.5 16.25 -2.9446
120.0 10.0 2.5 16.25 -0.6675
120.0 -5.0 5.0 16.25 3.8276000000000003
120.0 -2.5 5.0 16.25 5.194
120.0 0.0 5.0 16.25 1.7357
120.0 2.5 5.0 16.25 -1.3319999999999999
120.0 5.0 5.0 16.25 -1.9224999999999999
120.0 7.5 5.0 16.25 -1.1562
120.0 10.0 5.0 16.25 -0.0874
180.0 -5.0 -10.0 3.75 732833144.7276
180.0 -2.5 -10.0 3.75 9999999929.9824
180.0 0.0 -10.0 3.75 10000000014.3827
180.0 2.5 -10.0 3.75 10000000076.5377
180.0 5.0 -10.0 3.75 1544643695.3737
180.0 7.5 -10.0 3.75 279446830.941
180.0 10.0 -10.0 3.75 4061481.503
180.0 -5.0 -7.5 3.75 532410243.2997
180.0 -2.5 -7.5 3.75 9999999981.9178
180.0 0.0 -7.5 3.75 9999999738.374102
180.0 2.5 -7.5 3.75 9999999798.0589
180.0 5.0 -7.5 3.75 1407935836.0118
180.0 7.5 -7.5 3.75 10000000024.795502
180.0 10.0 -7.5 3.75 12521088.4628
180.0 -5.0 -5.0 3.75 10000000139.58
180.0 -2.5 -5.0 3.75 6761471310.6295
180.0 0.0 -5.0 3.75 9999999891.3495
180.0 2.5 -5.0 3.75 9999999949.5
180.0 5.0 -5.0 3.75 9999999893.563702
180.0 7.5 -5.0 3.75 500901512.865
180.0 10.0 -5.0 3.75 1162864.0828
180.0 -5.0 -2.5 3.75 10000000042.5641
180.0 -2.5 -2.5 3.75 116056162.25729999
180.0 0.0 -2.5 3.75 9999999802.5398
180.0 2.5 -2.5 3.75 9999999946.296501
180.0 5.0 -2.5 3.75 230896521.9836
180.0 7.5 -2.5 3.75 9999999841.276701
180.0 10.0 -2.5 3.75 2724748968.8813
180.0 -5.0 0.0 3.75 150064279.0359
180.0 -2.5 0.0 3.75 10000000014.8188
180.0 0.0 0.0 3.75 9999999991.2448
180.0 2.5 0.0 3.75 9999999969.0505
180.0 5.0 0.0 3.75 3751703520.9529
180.0 7.5 0.0 3.75 627537206.5704
180.0 10.0 0.0 3.75 10000000014.2322
180.0 -5.0 2.5 3.75 4139395.9236
180.0 -2.5 2.5 3.75 356858949.81049997
180.0 0.0 2.5 3.75 254560840.435
180.0 2.5 2.5 3.75 138799851.6116
180.0 5.0 2.5 3.75 26723.2967
180.0 7.5 2.5 3.75 450779.4008
180.0 10.0 2.5 3.75 91064.818
180.0 -5.0 5.0 3.75 851.729
180.0 -2.5 5.0 3.75 88775.67540000001
180.0 0.0 5.0 3.75 8967.0764
180.0 2.5 5.0 3.75 689662.1050999999
180.0 5.0 5.0 3.75 11.962
180.0 7.5 5.0 3.75 216.6018
180.0 10.0 5.0 3.75 921.9237
180.0 -2.5 -2.5 7.5 10000000015.286901
180.0 0.0 2.5 7.5 38753487.4774
180.0 0.0 5.0 7.5 1266.3526
180.0 -5.0 -2.5 8.75 10000000043.493101
180.0 -2.5 -2.5 8.75 10000000021.619001
180.0 2.5 -2.5 8.75 9999999909.9267
180.0 -5.0 0.0 8.75 8252707672.1303
180.0 0.0 0.0 8.75 9999999956.488
180.0 0.0 2.5 8.75 10000000001.7737
180.0 0.0 -10.0 10.0 504053168.6348
180.0 2.5 -10.0 10.0 1415.9382
180.0 0.0 -7.5 10.0 3141263.5292
180.0 2.5 -7.5 10.0 1064.9673
180.0 5.0 -7.5 10.0 72.6771
180.0 -2.5 -5.0 10.0 9999999967.8966
180.0 0.0 -5.0 10.0 9999999954.436901
180.0 2.5 -5.0 10.0 144870100.22800002
180.0 5.0 -5.0 10.0 6555110.3196
180.0 -5.0 -2.5 10.0 6402679388.5384
180.0 -2.5 -2.5 10.0 4426071794.744
180.0 0.0 -2.5 10.0 352698945.213
180.0 2.5 -2.5 10.0 9999999964.135801
180.0 -5.0 0.0 10.0 731932537.2954999
180.0 -2.5 0.0 10.0 9999999988.2558
180.0 0.0 0.0 10.0 9999999997.4796
180.0 -5.0 2.5 10.0 306964.7359
180.0 0.0 2.5 10.0 196741.341
180.0 2.5 2.5 10.0 519.8997999999999
180.0 0.0 5.0 10.0 -5.085500000000001
180.0 2.5 5.0 10.0 -11.8581
180.0 0.0 -10.0 11.25 6858148127.9262
180.0 2.5 -10.0 11.25 33.2976
180.0 5.0 -10.0 11.25 -11.753
180.0 0.0 -7.5 11.25 10000000001.520802
180.0 2.5 -7.5 11.25 -9.3645
180.0 5.0 -7.5 11.25 -27.4773
180.0 7.5 -7.5 11.25 3.760299999999999
180.0 -2.5 -5.0 11.25 29420424.527799997
180.0 0.0 -5.0 11.25 12782801.0484
180.0 2.5 -5.0 11.25 396368.72250000003
180.0 5.0 -5.0 11.25 593131.3573
180.0 -5.0 -2.5 11.25 72727438.5749
180.0 -2.5 -2.5 11.25 79918934.1094
180.0 0.0 -2.5 11.25 1486403797.1675
180.0 2.5 -2.5 11.25 9999999985.965101
180.0 -5.0 0.0 11.25 4337176.8271
180.0 -2.5 0.0 11.25 9999999972.897501
180.0 0.0 0.0 11.25 14845777.3084
180.0 -5.0 2.5 11.25 743.6057999999999
180.0 -2.5 2.5 11.25 9946.347000000002
180.0 0.0 2.5 11.25 2640.903
180.0 2.5 2.5 11.25 -7.9774
180.0 -5.0 5.0 11.25 3.2943999999999996
180.0 0.0 5.0 11.25 -3.7147
180.0 2.5 5.0 11.25 -8.6156
180.0 -5.0 -10.0 12.5 177.5523
180.0 -2.5 -10.0 12.5 3101.3914
180.0 0.0 -10.0 12.5 8095.5228
180.0 2.5 -10.0 12.5 -1.8645
180.0 5.0 -10.0 12.5 -5.4552
180.0 7.5 -10.0 12.5 -4.3816
180.0 10.0 -10.0 12.5 -3.3845
180.0 -2.5 -7.5 12.5 546072.2108
180.0 0.0 -7.5 12.5 18328098.4499
180.0 2.5 -7.5 12.5 -10.484300000000001
180.0 5.0 -7.5 12.5 -16.106299999999997
180.0 7.5 -7.5 12.5 -11.4477
180.0 -5.0 -5.0 12.5 3790643283.058
180.0 -2.5 -5.0 12.5 287924428.40330005
180.0 0.0 -5.0 12.5 662865.3074
180.0 2.5 -5.0 12.5 127928.52889999999
180.0 5.0 -5.0 12.5 6965.8641
180.0 -5.0 -2.5 12.5 2027283.9908
180.0 -2.5 -2.5 12.5 664982775.1287
180.0 0.0 -2.5 12.5 41940236.7471
180.0 2.5 -2.5 12.5 1861166031.5080001
180.0 5.0 -2.5 12.5 54.619699999999995
180.0 -5.0 0.0 12.5 464713441.9548
180.0 -2.5 0.0 12.5 1083570904.6947
180.0 0.0 0.0 12.5 33412644.0119
180.0 2.5 0.0 12.5 4196.618600000001
180.0 -5.0 2.5 12.5 46.9678
180.0 -2.5 2.5 12.5 229.86669999999998
180.0 0.0 2.5 12.5 -4.535
180.0 2.5 2.5 12.5 -14.400200000000002
180.0 -5.0 5.0 12.5 4.7791999999999994
180.0 -2.5 5.0 12.5 1.418
180.0 0.0 5.0 12.5 -2.9845
180.0 2.5 5.0 12.5 -5.5793
180.0 5.0 5.0 12.5 -5.4368
180.0 7.5 5.0 12.5 -2.5872
180.0 10.0 5.0 12.5 0.9712000000000001
180.0 -5.0 -10.0 13.75 49.4668
180.0 -2.5 -10.0 13.75 25.4601
180.0 0.0 -10.0 13.75 29.198900000000002
180.0 2.5 -10.0 13.75 -0.07909999999999995
180.0 5.0 -10.0 13.75 -2.3336
180.0 7.5 -10.0 13.75 -1.6713
180.0 10.0 -10.0 13.75 -2.0118
180.0 -5.0 -7.5 13.75 105.93960000000001
180.0 -2.5 -7.5 13.75 1963968.6448
180.0 0.0 -7.5 13.75 3990119.9436
180.0 2.5 -7.5 13.75 -4.4334
180.0 5.0 -7.5 13.75 -8.6485
180.0 7.5 -7.5 13.75 -6.3178
180.0 10.0 -7.5 13.75 -5.3083
180.0 -5.0 -5.0 13.75 8101.718999999999
180.0 -2.5 -5.0 13.75 10000000039.251001
180.0 0.0 -5.0 13.75 10000000010.9566
180.0 2.5 -5.0 13.75 2733.3372999999997
180.0 5.0 -5.0 13.75 -13.265899999999998
180.0 -5.0 -2.5 13.75 4344.0016
180.0 -2.5 -2.5 13.75 9999999932.283
180.0 0.0 -2.5 13.75 304962.4932
180.0 2.5 -2.5 13.75 906.4256
180.0 5.0 -2.5 13.75 -15.0436
180.0 -5.0 0.0 13.75 12521.2177
180.0 -2.5 0.0 13.75 48176.9905
180.0 0.0 0.0 13.75 6935.298500000001
180.0 2.5 0.0 13.75 -11.521
180.0 -5.0 2.5 13.75 37.803
180.0 -2.5 2.5 13.75 7.3505
180.0 0.0 2.5 13.75 -9.7289
180.0 2.5 2.5 13.75 -9.1731
180.0 5.0 2.5 13.75 -7.0134
180.0 -5.0 5.0 13.75 5.8188
180.0 -2.5 5.0 13.75 1.6138000000000001
180.0 0.0 5.0 13.75 -2.44
180.0 2.5 5.0 13.75 -3.7695999999999996
180.0 5.0 5.0 13.75 -3.2681999999999998
180.0 7.5 5.0 13.75 -1.2433999999999998
180.0 10.0 5.0 13.75 0.6426
180.0 -5.0 -10.0 15.0 37.9733
180.0 -2.5 -10.0 15.0 21.491500000000002
180.0 0.0 -10.0 15.0 8.3964
180.0 2.5 -10.0 15.0 1.7431
180.0 5.0 -10.0 15.0 -0.5985
180.0 7.5 -10.0 15.0 -0.5509000000000001
180.0 10.0 -10.0 15.0 -0.5365
180.0 -5.0 -7.5 15.0 36.1096
180.0 -2.5 -7.5 15.0 10000000031.2155
180.0 0.0 -7.5 15.0 229.7169
180.0 2.5 -7.5 15.0 -2.3204000000000002
180.0 5.0 -7.5 15.0 -4.1525
180.0 7.5 -7.5 15.0 -3.3560000000000003
180.0 10.0 -7.5 15.0 -2.6223
180.0 -5.0 -5.0 15.0 540.1059
180.0 -2.5 -5.0 15.0 253507778.2385
180.0 0.0 -5.0 15.0 3499.083
180.0 2.5 -5.0 15.0 -7.396599999999999
180.0 5.0 -5.0 15.0 -8.2505
180.0 7.5 -5.0 15.0 -5.557
180.0 10.0 -5.0 15.0 -3.5934
180.0 -5.0 -2.5 15.0 14736.320099999999
180.0 -2.5 -2.5 15.0 4099020.0528
180.0 0.0 -2.5 15.0 270.2546
180.0 2.5 -2.5 15.0 -9.3142
180.0 5.0 -2.5 15.0 -9.377699999999999
180.0 10.0 -2.5 15.0 -2.8249999999999997
180.0 -5.0 0.0 15.0 27483.586600000002
180.0 -2.5 0.0 15.0 474.4778
180.0 0.0 0.0 15.0 -8.0551
180.0 2.5 0.0 15.0 -10.305399999999999
180.0 5.0 0.0 15.0 -7.3101
180.0 -5.0 2.5 15.0 11.4937
180.0 -2.5 2.5 15.0 -3.311
180.0 0.0 2.5 15.0 -6.8881
180.0 2.5 2.5 15.0 -5.7283
180.0 5.0 2.5 15.0 -4.2829
180.0 7.5 2.5 15.0 -1.5782999999999998
180.0 -5.0 5.0 15.0 5.1444
180.0 -2.5 5.0 15.0 1.6958
180.0 0.0 5.0 15.0 -1.8262
180.0 2.5 5.0 15.0 -3.0622
180.0 5.0 5.0 15.0 -2.1693
180.0 7.5 5.0 15.0 -0.8221
180.0 10.0 5.0 15.0 0.15960000000000002
180.0 -5.0 -10.0 16.25 25.6757
180.0 -2.5 -10.0 16.25 16.4016
180.0 0.0 -10.0 16.25 7.0814
180.0 2.5 -10.0 16.25 2.3313
180.0 5.0 -10.0 16.25 0.8470000000000001
180.0 7.5 -10.0 16.25 0.27840000000000004
180.0 10.0 -10.0 16.25 0.2763
180.0 -5.0 -7.5 16.25 23.6524
180.0 -2.5 -7.5 16.25 156.97199999999998
180.0 0.0 -7.5 16.25 8.033
180.0 2.5 -7.5 16.25 0.08399999999999985
180.0 5.0 -7.5 16.25 -1.123
180.0 7.5 -7.5 16.25 -1.0674000000000001
180.0 10.0 -7.5 16.25 -0.6298
180.0 -5.0 -5.0 16.25 42.2363
180.0 -2.5 -5.0 16.25 348973.4006
180.0 0.0 -5.0 16.25 6.710000000000001
180.0 2.5 -5.0 16.25 -3.5859
180.0 5.0 -5.0 16.25 -3.5486
180.0 7.5 -5.0 16.25 -2.3470000000000004
180.0 10.0 -5.0 16.25 -1.6865999999999999
180.0 -5.0 -2.5 16.25 630.2248
180.0 -2.5 -2.5 16.25 4954.5706
180.0 0.0 -2.5 16.25 -5.7308
180.0 2.5 -2.5 16.25 -7.0217
180.0 5.0 -2.5 16.25 -4.960500000000001
180.0 7.5 -2.5 16.25 -2.7319
180.0 10.0 -2.5 16.25 -1.4862
180.0 -5.0 0.0 16.25 1183.6804
180.0 -2.5 0.0 16.25 6.1353
180.0 0.0 0.0 16.25 -9.4373
180.0 2.5 0.0 16.25 -6.4819
180.0 5.0 0.0 16.25 -4.077999999999999
180.0 7.5 0.0 16.25 -1.7874
180.0 -5.0 2.5 16.25 6.605700000000001
180.0 -2.5 2.5 16.25 -0.8613000000000001
180.0 0.0 2.5 16.25 -4.4124
180.0 2.5 2.5 16.25 -4.3377
180.0 5.0 2.5 16.25 -2.8519
180.0 7.5 2.5 16.25 -0.8083
180.0 -5.0 5.0 16.25 3.7692999999999994
180.0 -2.5 5.0 16.25 1.4469
180.0 0.0 5.0 16.25 -1.2586000000000002
180.0 2.5 5.0 16.25 -2.3283
180.0 5.0 5.0 16.25 -1.8556000000000001
180.0 7.5 5.0 16.25 -0.8769
180.0 10.0 5.0 16.25 -0.2176
240.0 -5.0 -10.0 3.75 9999999888.746601
240.0 -2.5 -10.0 3.75 9143517912.5427
240.0 0.0 -10.0 3.75 9999999978.742
240.0 2.5 -10.0 3.75 9999999908.2581
240.0 5.0 -10.0 3.75 8168858769.1675
240.0 7.5 -10.0 3.75 9489128.4553
240.0 10.0 -10.0 3.75 6352509.5949
240.0 -5.0 -7.5 3.75 9999999942.0407
240.0 -2.5 -7.5 3.75 9999999911.671501
240.0 0.0 -7.5 3.75 227116566.2819
240.0 2.5 -7.5 3.75 9999999932.373201
240.0 5.0 -7.5 3.75 3695238846.5107
240.0 7.5 -7.5 3.75 34941292.9447
240.0 10.0 -7.5 3.75 507.4381
240.0 -5.0 -5.0 3.75 10000000023.4276
240.0 -2.5 -5.0 3.75 10000000034.1704
240.0 0.0 -5.0 3.75 9999999799.819
240.0 2.5 -5.0 3.75 3703350150.2984
240.0 5.0 -5.0 3.75 2799217055.5522003
240.0 7.5 -5.0 3.75 1741569700.3594
240.0 10.0 -5.0 3.75 123.2218
240.0 -5.0 -2.5 3.75 864248881.2019
240.0 -2.5 -2.5 3.75 9999999906.9699
240.0 0.0 -2.5 3.75 10000000134.1704
240.0 2.5 -2.5 3.75 5785921930.7709
240.0 5.0 -2.5 3.75 179606958.7665
240.0 7.5 -2.5 3.75 70490.4429
240.0 10.0 -2.5 3.75 25.451
240.0 -5.0 0.0 3.75 40141716.425299995
240.0 -2.5 0.0 3.75 3243518419.7534
240.0 0.0 0.0 3.75 9999999880.997702
240.0 2.5 0.0 3.75 9857333631.2342
240.0 5.0 0.0 3.75 10000000007.5091
240.0 7.5 0.0 3.75 608432.1647999999
240.0 10.0 0.0 3.75 440.34610000000004
240.0 -5.0 2.5 3.75 31765.4896
240.0 -2.5 2.5 3.75 339842.1852
240.0 0.0 2.5 3.75 10000000011.521
240.0 2.5 2.5 3.75 10000000025.8561
240.0 5.0 2.5 3.75 10000000177.143301
240.0 7.5 2.5 3.75 16521970.7676
240.0 10.0 2.5 3.75 -20.209600000000002
240.0 -5.0 5.0 3.75 -22.179199999999998
240.0 -2.5 5.0 3.75 6792.3441
240.0 0.0 5.0 3.75 588943.9197
240.0 2.5 5.0 3.75 2181095257.1086
240.0 5.0 5.0 3.75 344374599.4794
240.0 7.5 5.0 3.75 941401.8703000001
240.0 10.0 5.0 3.75 -17.0383
240.0 0.0 0.0 5.0 9999999971.285702
240.0 -2.5 2.5 5.0 32335.5454
240.0 -2.5 5.0 5.0 381.0992
240.0 0.0 0.0 6.25 6838819241.1067
240.0 -2.5 2.5 6.25 1255113.9578
240.0 0.0 2.5 6.25 12185442.5784
240.0 -5.0 5.0 6.25 -24.3492
240.0 -2.5 5.0 6.25 296.53209999999996
240.0 2.5 -10.0 7.5 9999999910.9384
240.0 -2.5 -7.5 7.5 511321345.5779
240.0 0.0 -5.0 7.5 9999999950.027601
240.0 0.0 0.0 7.5 10000000023.0338
240.0 -2.5 2.5 7.5 249497948.80260003
240.0 0.0 2.5 7.5 9528453079.6586
240.0 -5.0 5.0 7.5 -21.1851
240.0 -2.5 5.0 7.5 -2.669599999999999
240.0 0.0 5.0 7.5 325690900.1761
240.0 0.0 -10.0 8.75 1172952925.6807
240.0 2.5 -10.0 8.75 9999999961.369202
240.0 5.0 -10.0 8.75 718255526.7085999
240.0 -2.5 -7.5 8.75 10000000032.379501
240.0 0.0 -7.5 8.75 9999999944.812302
240.0 2.5 -7.5 8.75 9577322798.0537
240.0 -2.5 -5.0 8.75 3430401442.1839
240.0 0.0 -5.0 8.75 9999999930.257101
240.0 0.0 -2.5 8.75 9999999944.333302
240.0 2.5 -2.5 8.75 46416135.5218
240.0 -2.5 0.0 8.75 3975391352.9156
240.0 0.0 0.0 8.75 179316752.10529998
240.0 -2.5 2.5 8.75 76589931.89940001
240.0 0.0 2.5 8.75 2374949484.6333003
240.0 2.5 2.5 8.75 10000000028.428001
240.0 -5.0 5.0 8.75 -17.0972
240.0 -2.5 5.0 8.75 538.0525
240.0 0.0 5.0 8.75 3183871.4540999997
240.0 0.0 -10.0 10.0 850154056.7396
240.0 2.5 -10.0 10.0 195405616.2242
240.0 5.0 -10.0 10.0 917869023.0323
240.0 -2.5 -7.5 10.0 10000000040.770401
240.0 0.0 -7.5 10.0 9999999962.667301
240.0 2.5 -7.5 10.0 543900658.1559
240.0 -2.5 -5.0 10.0 21431170.763400003
240.0 0.0 -5.0 10.0 7186674106.6868
240.0 -5.0 -2.5 10.0 7923716708.3904
240.0 -2.5 -2.5 10.0 4483853696.1888
240.0 0.0 -2.5 10.0 9999999989.849901
240.0 2.5 -2.5 10.0 366421643.6332
240.0 -2.5 0.0 10.0 9999999951.4186
240.0 0.0 0.0 10.0 974018696.9858
240.0 2.5 0.0 10.0 203619.31149999998
240.0 -5.0 2.5 10.0 -8.864099999999999
240.0 -2.5 2.5 10.0 303985.37690000003
240.0 0.0 2.5 10.0 544466446.9279
240.0 2.5 2.5 10.0 7426994.3376
240.0 -5.0 5.0 10.0 -12.6247
240.0 -2.5 5.0 10.0 26140.1657
240.0 0.0 5.0 10.0 9999999978.445002
240.0 2.5 5.0 10.0 15280082.7961
240.0 7.5 5.0 10.0 -4.9808
240.0 -2.5 -10.0 11.25 339891058.6727
240.0 0.0 -10.0 11.25 5959603.7344
240.0 2.5 -10.0 11.25 353340.8602
240.0 5.0 -10.0 11.25 191870.7961
240.0 7.5 -10.0 11.25 -17.9559
240.0 10.0 -10.0 11.25 -4.8779
240.0 -5.0 -7.5 11.25 57571431.424499996
240.0 -2.5 -7.5 11.25 431702115.84029996
240.0 0.0 -7.5 11.25 9999999972.617802
240.0 2.5 -7.5 11.25 9999999983.7549
240.0 -2.5 -5.0 11.25 51204494.681
240.0 0.0 -5.0 11.25 65479043.7101
240.0 2.5 -5.0 11.25 1178551.2871
240.0 -5.0 -2.5 11.25 642133.8652
240.0 -2.5 -2.5 11.25 6124608703.2848
240.0 0.0 -2.5 11.25 3646038453.8497996
240.0 2.5 -2.5 11.25 34457.5219
240.0 -5.0 0.0 11.25 1181.2068
240.0 -2.5 0.0 11.25 44949567.135199994
240.0 0.0 0.0 11.25 143720770.1451
240.0 2.5 0.0 11.25 2445.8545
240.0 -2.5 2.5 11.25 5147.4405
240.0 0.0 2.5 11.25 1096835.3937
240.0 2.5 2.5 11.25 1694784.8892
240.0 5.0 2.5 11.25 64.8287
240.0 7.5 2.5 11.25 -3.0647
240.0 -5.0 5.0 11.25 -8.9235
240.0 -2.5 5.0 11.25 16543.032199999998
240.0 0.0 5.0 11.25 887876.1490000001
240.0 2.5 5.0 11.25 2560.3416
240.0 7.5 5.0 11.25 -2.2413
240.0 -2.5 -10.0 12.5 10025574.2544
240.0 0.0 -10.0 12.5 2080.9116000000004
240.0 2.5 -10.0 12.5 316.851
240.0 5.0 -10.0 12.5 292.2682
240.0 7.5 -10.0 12.5 -11.2658
240.0 10.0 -10.0 12.5 -3.1412999999999998
240.0 -5.0 -7.5 12.5 149738778.7408
240.0 -2.5 -7.5 12.5 2614360.6264
240.0 0.0 -7.5 12.5 53968398.546000004
240.0 2.5 -7.5 12.5 551555.0384
240.0 5.0 -7.5 12.5 20945.7757
240.0 -5.0 -5.0 12.5 54141.8555
240.0 -2.5 -5.0 12.5 9999999964.9918
240.0 0.0 -5.0 12.5 351321289.2129
240.0 2.5 -5.0 12.5 1006357.9024
240.0 5.0 -5.0 12.5 46.266799999999996
240.0 -5.0 -2.5 12.5 10725203.5227
240.0 -2.5 -2.5 12.5 9999999887.499401
240.0 0.0 -2.5 12.5 232693465.42610002
240.0 2.5 -2.5 12.5 1702.6146
240.0 -5.0 0.0 12.5 251.92399999999998
240.0 -2.5 0.0 12.5 5025536.632200001
240.0 0.0 0.0 12.5 24268748.492999997
240.0 2.5 0.0 12.5 11.1613
240.0 5.0 0.0 12.5 -4.5114
240.0 -5.0 2.5 12.5 -10.2218
240.0 -2.5 2.5 12.5 290.1138
240.0 0.0 2.5 12.5 158.3136
240.0 2.5 2.5 12.5 613.8572
240.0 5.0 2.5 12.5 -2.595
240.0 7.5 2.5 12.5 -1.6112
240.0 -5.0 5.0 12.5 -5.1364
240.0 -2.5 5.0 12.5 -2.3573000000000004
240.0 0.0 5.0 12.5 492.1448
240.0 2.5 5.0 12.5 11.410499999999999
240.0 5.0 5.0 12.5 0.5947999999999998
240.0 7.5 5.0 12.5 -0.44980000000000003
240.0 -2.5 -10.0 13.75 27307.336799999997
240.0 0.0 -10.0 13.75 3906.846
240.0 2.5 -10.0 13.75 8.2749
240.0 5.0 -10.0 13.75 -10.661299999999999
240.0 7.5 -10.0 13.75 -6.2782
240.0 10.0 -10.0 13.75 -1.7426000000000001
240.0 -5.0 -7.5 13.75 887.7055
240.0 -2.5 -7.5 13.75 266697324.45139998
240.0 0.0 -7.5 13.75 4552299936.2079
240.0 2.5 -7.5 13.75 208114.2609
240.0 5.0 -7.5 13.75 -8.8546
240.0 7.5 -7.5 13.75 -3.6427000000000005
240.0 10.0 -7.5 13.75 -0.022900000000000004
240.0 -5.0 -5.0 13.75 70761.6564
240.0 -2.5 -5.0 13.75 180114115.8182
240.0 0.0 -5.0 13.75 9999999995.246801
240.0 2.5 -5.0 13.75 898.2800000000001
240.0 5.0 -5.0 13.75 -7.449199999999999
240.0 -5.0 -2.5 13.75 309661.9439
240.0 -2.5 -2.5 13.75 4460301.1024
240.0 0.0 -2.5 13.75 4471.7669
240.0 2.5 -2.5 13.75 -15.4302
240.0 -5.0 0.0 13.75 6.4291
240.0 -2.5 0.0 13.75 15981388.4809
240.0 0.0 0.0 13.75 396.9973
240.0 2.5 0.0 13.75 -10.1705
240.0 5.0 0.0 13.75 -3.8564999999999996
240.0 -5.0 2.5 13.75 -4.1922
240.0 -2.5 2.5 13.75 -9.802
240.0 0.0 2.5 13.75 -8.9895
240.0 2.5 2.5 13.75 -5.640499999999999
240.0 5.0 2.5 13.75 -1.4304000000000001
240.0 7.5 2.5 13.75 -1.0976
240.0 10.0 2.5 13.75 -1.0583
240.0 -5.0 5.0 13.75 -1.9987
240.0 -2.5 5.0 13.75 -5.046
240.0 0.0 5.0 13.75 -4.5321
240.0 2.5 5.0 13.75 -0.812
240.0 5.0 5.0 13.75 0.9634
240.0 7.5 5.0 13.75 -0.3762
240.0 10.0 5.0 13.75 -1.0389
240.0 -5.0 -10.0 15.0 34.0991
240.0 -2.5 -10.0 15.0 25.4854
240.0 0.0 -10.0 15.0 20.4883
240.0 2.5 -10.0 15.0 -2.8033
240.0 5.0 -10.0 15.0 -4.9317
240.0 7.5 -10.0 15.0 -2.9307000000000003
240.0 10.0 -10.0 15.0 -1.1718000000000002
240.0 -5.0 -7.5 15.0 533.461
240.0 -2.5 -7.5 15.0 995580.4164
240.0 0.0 -7.5 15.0 361263004.7496
240.0 2.5 -7.5 15.0 56.9977
240.0 5.0 -7.5 15.0 -6.129300000000001
240.0 7.5 -7.5 15.0 -2.2586000000000004
240.0 10.0 -7.5 15.0 -0.2324
240.0 -5.0 -5.0 15.0 248864392.3127
240.0 -2.5 -5.0 15.0 9999999965.413101
240.0 0.0 -5.0 15.0 729471.4010000001
240.0 2.5 -5.0 15.0 3.3425000000000002
240.0 5.0 -5.0 15.0 -5.2063999999999995
240.0 10.0 -5.0 15.0 0.9166000000000001
240.0 -5.0 -2.5 15.0 215.2638
240.0 -2.5 -2.5 15.0 62508.915199999996
240.0 0.0 -2.5 15.0 204.33339999999998
240.0 2.5 -2.5 15.0 -10.5114
240.0 5.0 -2.5 15.0 -4.4816
240.0 7.5 -2.5 15.0 -0.0040000000000000036
240.0 -5.0 0.0 15.0 0.7770000000000001
240.0 -2.5 0.0 15.0 24.4195
240.0 0.0 0.0 15.0 -11.0982
240.0 2.5 0.0 15.0 -7.3006
240.0 5.0 0.0 15.0 -2.9857
240.0 7.5 0.0 15.0 -0.2704
240.0 -5.0 2.5 15.0 -0.9112
240.0 -2.5 2.5 15.0 -4.3949
240.0 0.0 2.5 15.0 -5.4597
240.0 2.5 2.5 15.0 -2.9661999999999997
240.0 5.0 2.5 15.0 -1.0018
240.0 7.5 2.5 15.0 -0.8919999999999999
240.0 10.0 2.5 15.0 -0.3725
240.0 -5.0 5.0 15.0 -0.5754999999999999
240.0 -2.5 5.0 15.0 -1.4064
240.0 0.0 5.0 15.0 -1.2751
240.0 2.5 5.0 15.0 0.2548
240.0 5.0 5.0 15.0 0.534
240.0 7.5 5.0 15.0 -0.3251
240.0 10.0 5.0 15.0 -0.4126
240.0 -5.0 -10.0 16.25 23.826099999999997
240.0 -2.5 -10.0 16.25 16.6779
240.0 0.0 -10.0 16.25 6.840199999999999
240.0 2.5 -10.0 16.25 -0.014599999999999946
240.0 5.0 -10.0 16.25 -1.8681
240.0 7.5 -10.0 16.25 -1.4144999999999999
240.0 10.0 -10.0 16.25 -0.7072999999999999
240.0 -5.0 -7.5 16.25 560.6387
240.0 -2.5 -7.5 16.25 2886.3192
240.0 0.0 -7.5 16.25 828.2403
240.0 2.5 -7.5 16.25 -3.9426
240.0 5.0 -7.5 16.25 -3.2047
240.0 7.5 -7.5 16.25 -1.3106
240.0 10.0 -7.5 16.25 -0.4345
240.0 -5.0 -5.0 16.25 9783.7235
240.0 -2.5 -5.0 16.25 82924137.9449
240.0 0.0 -5.0 16.25 112.9826
240.0 2.5 -5.0 16.25 -6.707
240.0 5.0 -5.0 16.25 -3.8319
240.0 7.5 -5.0 16.25 -0.5942
240.0 10.0 -5.0 16.25 0.04649999999999999
240.0 -5.0 -2.5 16.25 25.9779
240.0 -2.5 -2.5 16.25 29.0268
240.0 0.0 -2.5 16.25 -9.988299999999999
240.0 2.5 -2.5 16.25 -6.7213
240.0 5.0 -2.5 16.25 -3.0857
240.0 7.5 -2.5 16.25 -0.1979
240.0 10.0 -2.5 16.25 0.36619999999999997
240.0 -5.0 0.0 16.25 1.9485
240.0 -2.5 0.0 16.25 -4.313000000000001
240.0 0.0 0.0 16.25 -6.4262
240.0 2.5 0.0 16.25 -4.6532
240.0 5.0 0.0 16.25 -1.8191
240.0 7.5 0.0 16.25 -0.2118
240.0 -5.0 2.5 16.25 0.6199
240.0 -2.5 2.5 16.25 -1.4579
240.0 0.0 2.5 16.25 -2.4675000000000002
240.0 2.5 2.5 16.25 -1.8392
240.0 5.0 2.5 16.25 -0.8953
240.0 7.5 2.5 16.25 -0.39890000000000003
240.0 10.0 2.5 16.25 0.0536
240.0 -5.0 5.0 16.25 -0.1488
240.0 -2.5 5.0 16.25 -0.3614
240.0 0.0 5.0 16.25 -0.1393
240.0 2.5 5.0 16.25 0.34709999999999996
240.0 5.0 5.0 16.25 0.24000000000000002
240.0 7.5 5.0 16.25 -0.0874
240.0 10.0 5.0 16.25 -0.0314
300.0 -5.0 -10.0 3.75 9999999977.8034
300.0 -2.5 -10.0 3.75 9999999796.193401
300.0 0.0 -10.0 3.75 9999999813.341002
300.0 2.5 -10.0 3.75 9999999958.7973
300.0 5.0 -10.0 3.75 9999999925.9234
300.0 7.5 -10.0 3.75 10000000019.5345
300.0 10.0 -10.0 3.75 2798177506.2753
300.0 -5.0 -7.5 3.75 9999999973.4221
300.0 -2.5 -7.5 3.75 9999999936.944601
300.0 0.0 -7.5 3.75 9999999822.6408
300.0 2.5 -7.5 3.75 8955392035.815401
300.0 5.0 -7.5 3.75 9999999855.067001
300.0 7.5 -7.5 3.75 9999999974.808
300.0 10.0 -7.5 3.75 5718241.0977
300.0 -5.0 -5.0 3.75 539236758.3505
300.0 -2.5 -5.0 3.75 10000000046.677502
300.0 0.0 -5.0 3.75 9999999976.548302
300.0 2.5 -5.0 3.75 9999999918.396101
300.0 5.0 -5.0 3.75 10000000300.0753
300.0 7.5 -5.0 3.75 1345133044.9596999
300.0 10.0 -5.0 3.75 10000000007.448502
300.0 -5.0 -2.5 3.75 10000000130.7077
300.0 -2.5 -2.5 3.75 10000000135.1079
300.0 0.0 -2.5 3.75 8439325503.9903
300.0 2.5 -2.5 3.75 9999999899.022202
300.0 5.0 -2.5 3.75 9999999851.1912
300.0 7.5 -2.5 3.75 10000000217.068901
300.0 10.0 -2.5 3.75 145132333.8794
300.0 -5.0 0.0 3.75 1473281678.9924998
300.0 -2.5 0.0 3.75 10000000108.7078
300.0 0.0 0.0 3.75 628519573.332
300.0 2.5 0.0 3.75 278575007.3374
300.0 5.0 0.0 3.75 3417333745.894
300.0 7.5 0.0 3.75 188653438.2156
300.0 10.0 0.0 3.75 31101.2832
300.0 -5.0 2.5 3.75 10000000120.104502
300.0 -2.5 2.5 3.75 9999999913.4087
300.0 0.0 2.5 3.75 13561403.0602
300.0 2.5 2.5 3.75 60937172.585099995
300.0 5.0 2.5 3.75 5947.126
300.0 7.5 2.5 3.75 144038.58669999999
300.0 10.0 2.5 3.75 20.7446
300.0 -5.0 5.0 3.75 1076750113.8495998
300.0 -2.5 5.0 3.75 179021208.8035
300.0 0.0 5.0 3.75 5025.9204
300.0 2.5 5.0 3.75 -31.2588
300.0 5.0 5.0 3.75 199894.0494
300.0 7.5 5.0 3.75 3.3218000000000005
300.0 10.0 5.0 3.75 8.891200000000001
300.0 -2.5 -2.5 6.25 6275606540.2152
300.0 0.0 -2.5 6.25 10000000005.7106
300.0 2.5 -2.5 6.25 1275164202.3024
300.0 2.5 -5.0 7.5 9999999819.484901
300.0 -2.5 -2.5 7.5 9999999967.389101
300.0 0.0 -2.5 7.5 37322909.8329
300.0 0.0 0.0 7.5 76378.7942
300.0 0.0 2.5 7.5 77.9983
300.0 5.0 -10.0 8.75 54713.5869
300.0 2.5 -7.5 8.75 3824494086.9396005
300.0 5.0 -7.5 8.75 1337700.8897
300.0 0.0 -5.0 8.75 692171654.6915
300.0 2.5 -5.0 8.75 9999999913.12
300.0 5.0 -5.0 8.75 247160437.9396
300.0 -5.0 -2.5 8.75 4401455.137
300.0 -2.5 -2.5 8.75 10000000036.2814
300.0 0.0 -2.5 8.75 755684510.4904
300.0 2.5 -2.5 8.75 9999999998.9498
300.0 -5.0 0.0 8.75 1963276851.7492
300.0 0.0 0.0 8.75 38846.391800000005
300.0 0.0 2.5 8.75 -8.2959
300.0 0.0 5.0 8.75 -14.096
300.0 0.0 -10.0 10.0 10000000016.5016
300.0 2.5 -10.0 10.0 55980682.1598
300.0 5.0 -10.0 10.0 223.8243
300.0 7.5 -10.0 10.0 -5.616099999999999
300.0 10.0 -10.0 10.0 0.8024
300.0 2.5 -7.5 10.0 9999999974.060701
300.0 5.0 -7.5 10.0 6667.626200000001
300.0 -5.0 -5.0 10.0 5042223.4288
300.0 0.0 -5.0 10.0 9999999970.2453
300.0 2.5 -5.0 10.0 10000000009.848001
300.0 5.0 -5.0 10.0 9999999976.8757
300.0 -5.0 -2.5 10.0 58349991.1261
300.0 -2.5 -2.5 10.0 4058800620.942
300.0 0.0 -2.5 10.0 37931383.2597
300.0 2.5 -2.5 10.0 9999999928.373402
300.0 -5.0 0.0 10.0 10000000025.6786
300.0 -2.5 0.0 10.0 3230867097.4952
300.0 0.0 0.0 10.0 548673.0568
300.0 2.5 0.0 10.0 3291206840.5044003
300.0 0.0 2.5 10.0 -9.5973
300.0 0.0 5.0 10.0 -9.9111
300.0 2.5 5.0 10.0 -12.183499999999999
300.0 0.0 -10.0 11.25 10000000032.387201
300.0 2.5 -10.0 11.25 15939040.4911
300.0 5.0 -10.0 11.25 976.6921
300.0 7.5 -10.0 11.25 -5.2508
300.0 10.0 -10.0 11.25 -0.21619999999999995
300.0 -2.5 -7.5 11.25 28580781.3072
300.0 0.0 -7.5 11.25 5759292.488
300.0 2.5 -7.5 11.25 1670527.9309
300.0 5.0 -7.5 11.25 12874.0016
300.0 7.5 -7.5 11.25 -8.9744
300.0 -5.0 -5.0 11.25 45378.6342
300.0 -2.5 -5.0 11.25 10000000038.2658
300.0 0.0 -5.0 11.25 9999999908.4475
300.0 2.5 -5.0 11.25 10000000043.597
300.0 5.0 -5.0 11.25 185889.51249999998
300.0 -5.0 -2.5 11.25 726544774.7249
300.0 -2.5 -2.5 11.25 10000000006.0463
300.0 0.0 -2.5 11.25 21257354.7189
300.0 2.5 -2.5 11.25 9999999940.2411
300.0 -5.0 0.0 11.25 16534586.271200001
300.0 -2.5 0.0 11.25 38905.8103
300.0 0.0 0.0 11.25 188205.2845
300.0 2.5 0.0 11.25 18421255.378
300.0 -5.0 2.5 11.25 6421.8655
300.0 -2.5 2.5 11.25 59.4184
300.0 0.0 2.5 11.25 -5.6776
300.0 2.5 2.5 11.25 2.3706999999999994
300.0 5.0 2.5 11.25 7.5565
300.0 0.0 5.0 11.25 -6.0595
300.0 2.5 5.0 11.25 -7.7636
300.0 5.0 5.0 11.25 -0.5887
300.0 7.5 5.0 11.25 2.7484
300.0 -2.5 -10.0 12.5 718.4896
300.0 0.0 -10.0 12.5 34194219.0757
300.0 2.5 -10.0 12.5 3994.7135
300.0 5.0 -10.0 12.5 27.143800000000002
300.0 7.5 -10.0 12.5 -3.9097999999999997
300.0 10.0 -10.0 12.5 -0.2653
300.0 -2.5 -7.5 12.5 6152.3027999999995
300.0 0.0 -7.5 12.5 7082765748.257299
300.0 2.5 -7.5 12.5 47224434.6135
300.0 5.0 -7.5 12.5 58.883199999999995
300.0 7.5 -7.5 12.5 -9.2454
300.0 -5.0 -5.0 12.5 3261221.3583
300.0 -2.5 -5.0 12.5 336420179.5511
300.0 0.0 -5.0 12.5 115969911.8318
300.0 2.5 -5.0 12.5 520179557.13530004
300.0 5.0 -5.0 12.5 412.5571
300.0 -5.0 -2.5 12.5 330566833.8792
300.0 -2.5 -2.5 12.5 2858316.9061
300.0 0.0 -2.5 12.5 5681242831.4282
300.0 2.5 -2.5 12.5 645316936.5352999
300.0 5.0 -2.5 12.5 287.8538
300.0 -5.0 0.0 12.5 6454787.9894
300.0 -2.5 0.0 12.5 817.2338
300.0 0.0 0.0 12.5 826179.6322
300.0 2.5 0.0 12.5 1896.5949
300.0 5.0 0.0 12.5 55.8437
300.0 7.5 0.0 12.5 -0.10639999999999983
300.0 -5.0 2.5 12.5 17.7384
300.0 -2.5 2.5 12.5 3.2513999999999994
300.0 0.0 2.5 12.5 -3.0090000000000003
300.0 2.5 2.5 12.5 -5.2875
300.0 5.0 2.5 12.5 1.7603
300.0 7.5 2.5 12.5 3.5417000000000005
300.0 -5.0 5.0 12.5 5.1443
300.0 -2.5 5.0 12.5 0.08610000000000007
300.0 0.0 5.0 12.5 -3.0409
300.0 2.5 5.0 12.5 -4.2848
300.0 5.0 5.0 12.5 -0.252
300.0 7.5 5.0 12.5 1.9285
300.0 -2.5 -10.0 13.75 27.695899999999998
300.0 0.0 -10.0 13.75 393050.551
300.0 2.5 -10.0 13.75 210.93869999999998
300.0 5.0 -10.0 13.75 -4.6123
300.0 7.5 -10.0 13.75 -1.9994
300.0 10.0 -10.0 13.75 0.4049
300.0 -5.0 -7.5 13.75 7.208200000000001
300.0 -2.5 -7.5 13.75 4881.2892
300.0 0.0 -7.5 13.75 9999999973.0011
300.0 2.5 -7.5 13.75 9999999974.849
300.0 5.0 -7.5 13.75 -11.532499999999999
300.0 7.5 -7.5 13.75 -5.9513
300.0 -5.0 -5.0 13.75 24776.8223
300.0 -2.5 -5.0 13.75 9147801.9472
300.0 0.0 -5.0 13.75 4685467413.6247
300.0 2.5 -5.0 13.75 5593579.8907
300.0 5.0 -5.0 13.75 6.489099999999999
300.0 -5.0 -2.5 13.75 106697.5006
300.0 -2.5 -2.5 13.75 4090.1603999999998
300.0 0.0 -2.5 13.75 9999999980.9407
300.0 2.5 -2.5 13.75 43965.3311
300.0 5.0 -2.5 13.75 -13.7522
300.0 7.5 -2.5 13.75 -6.038
300.0 -5.0 0.0 13.75 2546.9469
300.0 -2.5 0.0 13.75 11.232000000000001
300.0 0.0 0.0 13.75 147.894
300.0 2.5 0.0 13.75 -2.3000999999999996
300.0 5.0 0.0 13.75 -3.4662
300.0 7.5 0.0 13.75 -0.17500000000000004
300.0 -5.0 2.5 13.75 5.0669
300.0 -2.5 2.5 13.75 3.0059000000000005
300.0 0.0 2.5 13.75 -1.1421999999999999
300.0 2.5 2.5 13.75 -2.5957999999999997
300.0 5.0 2.5 13.75 1.1142
300.0 7.5 2.5 13.75 2.2379
300.0 10.0 2.5 13.75 1.6398
300.0 -5.0 5.0 13.75 3.4242999999999997
300.0 -2.5 5.0 13.75 0.8876999999999999
300.0 0.0 5.0 13.75 -1.7124
300.0 2.5 5.0 13.75 -2.1355
300.0 5.0 5.0 13.75 -0.04100000000000001
300.0 7.5 5.0 13.75 1.1214
300.0 10.0 5.0 13.75 0.8915000000000001
300.0 -2.5 -10.0 15.0 33.1222
300.0 0.0 -10.0 15.0 28476.894
300.0 2.5 -10.0 15.0 8.4647
300.0 5.0 -10.0 15.0 -1.7735
300.0 7.5 -10.0 15.0 -0.6018
300.0 10.0 -10.0 15.0 1.0099
300.0 -5.0 -7.5 15.0 10.2799
300.0 -2.5 -7.5 15.0 17361.097
300.0 0.0 -7.5 15.0 3318132.6965
300.0 2.5 -7.5 15.0 10000000000.725601
300.0 5.0 -7.5 15.0 -8.0101
300.0 7.5 -7.5 15.0 -3.8707
300.0 10.0 -7.5 15.0 -0.596
300.0 -5.0 -5.0 15.0 9.848500000000001
300.0 -2.5 -5.0 15.0 2096858.3607
300.0 0.0 -5.0 15.0 34501735.651499994
300.0 2.5 -5.0 15.0 694021.3859
300.0 5.0 -5.0 15.0 -10.1482
300.0 7.5 -5.0 15.0 -4.9657
300.0 -5.0 -2.5 15.0 20.2777
300.0 -2.5 -2.5 15.0 37.587500000000006
300.0 0.0 -2.5 15.0 309412.19180000003
300.0 2.5 -2.5 15.0 239.0824
300.0 5.0 -2.5 15.0 -7.8975
300.0 7.5 -2.5 15.0 -3.2218
300.0 10.0 -2.5 15.0 -0.8752
300.0 -5.0 0.0 15.0 4.6617999999999995
300.0 -2.5 0.0 15.0 2.8243
300.0 0.0 0.0 15.0 -2.0086
300.0 2.5 0.0 15.0 -4.2135
300.0 5.0 0.0 15.0 -2.1437999999999997
300.0 7.5 0.0 15.0 0.17600000000000005
300.0 10.0 0.0 15.0 0.3954
300.0 -5.0 2.5 15.0 3.4739
300.0 -2.5 2.5 15.0 2.2408
300.0 0.0 2.5 15.0 -0.3577
300.0 2.5 2.5 15.0 -1.0921
300.0 5.0 2.5 15.0 0.24129999999999996
300.0 7.5 2.5 15.0 1.1749
300.0 10.0 2.5 15.0 0.8409
300.0 -5.0 5.0 15.0 2.3134
300.0 -2.5 5.0 15.0 0.6704
300.0 0.0 5.0 15.0 -0.922
300.0 2.5 5.0 15.0 -1.0208
300.0 5.0 5.0 15.0 -0.1371
300.0 7.5 5.0 15.0 0.4255
300.0 10.0 5.0 15.0 0.3338
300.0 -5.0 -10.0 16.25 18.0136
300.0 -2.5 -10.0 16.25 27.848300000000002
300.0 0.0 -10.0 16.25 44.7298
300.0 2.5 -10.0 16.25 3.5788
300.0 5.0 -10.0 16.25 0.23240000000000005
300.0 7.5 -10.0 16.25 0.4709
300.0 10.0 -10.0 16.25 1.0573
300.0 -5.0 -7.5 16.25 9.9808
300.0 -2.5 -7.5 16.25 534.5791
300.0 0.0 -7.5 16.25 11059.5441
300.0 2.5 -7.5 16.25 57.4057
300.0 5.0 -7.5 16.25 -4.5027
300.0 7.5 -7.5 16.25 -1.7661
300.0 10.0 -7.5 16.25 0.1936
300.0 -5.0 -5.0 16.25 5.458
300.0 -2.5 -5.0 16.25 818.5101000000001
300.0 0.0 -5.0 16.25 34708.6725
300.0 2.5 -5.0 16.25 62.254200000000004
300.0 5.0 -5.0 16.25 -6.4944
300.0 7.5 -5.0 16.25 -2.8725
300.0 10.0 -5.0 16.25 -0.6106
300.0 -5.0 -2.5 16.25 4.068899999999999
300.0 -2.5 -2.5 16.25 4.463100000000001
300.0 0.0 -2.5 16.25 27.131500000000003
300.0 2.5 -2.5 16.25 -6.4593
300.0 5.0 -2.5 16.25 -4.7087
300.0 7.5 -2.5 16.25 -1.8336
300.0 10.0 -2.5 16.25 -0.2657
300.0 -5.0 0.0 16.25 2.8346
300.0 -2.5 0.0 16.25 2.2757
300.0 0.0 0.0 16.25 -0.8097
300.0 2.5 0.0 16.25 -2.5453
300.0 5.0 0.0 16.25 -1.5085
300.0 7.5 0.0 16.25 -0.025900000000000034
300.0 10.0 0.0 16.25 0.1071
300.0 -5.0 2.5 16.25 2.5207
300.0 -2.5 2.5 16.25 1.3859000000000001
300.0 0.0 2.5 16.25 -0.10109999999999997
300.0 2.5 2.5 16.25 -0.7449
300.0 5.0 2.5 16.25 -0.23800000000000002
300.0 7.5 2.5 16.25 0.23269999999999996
300.0 10.0 2.5 16.25 0.25389999999999996
300.0 -5.0 5.0 16.25 1.6001
300.0 -2.5 5.0 16.25 0.5952000000000001
300.0 0.0 5.0 16.25 -0.5105
300.0 2.5 5.0 16.25 -0.6712
300.0 5.0 5.0 16.25 -0.34630000000000005
300.0 7.5 5.0 16.25 0.030699999999999998
300.0 10.0 5.0 16.25 0.1564
