0.0 5.0 -7.5 6.25 8613.6087
0.0 -2.5 5.0 6.25 2159661525.3943
0.0 0.0 2.5 7.5 6911612346.911099
0.0 -2.5 5.0 7.5 3330073298.8096
0.0 0.0 5.0 7.5 9999999863.158
0.0 2.5 -10.0 8.75 48.800399999999996
0.0 5.0 -10.0 8.75 13.445
0.0 7.5 -10.0 8.75 138.9601
0.0 0.0 -7.5 8.75 2517.8332
0.0 5.0 -7.5 8.75 1761.8033
0.0 0.0 0.0 8.75 17267024.3997
0.0 0.0 2.5 8.75 9999999961.543201
0.0 -2.5 5.0 8.75 9999999958.8132
0.0 0.0 5.0 8.75 10000000105.2507
0.0 2.5 5.0 8.75 2715649524.0076
0.0 5.0 5.0 8.75 10000000161.631102
0.0 5.0 -10.0 10.0 10.3699
0.0 7.5 -10.0 10.0 -0.11340000000000039
0.0 0.0 -7.5 10.0 65.3626
0.0 2.5 -7.5 10.0 1493.61
0.0 5.0 -7.5 10.0 57.2722
0.0 -2.5 -5.0 10.0 18.9843
0.0 2.5 -5.0 10.0 1220.4329
0.0 -2.5 -2.5 10.0 32.0609
0.0 0.0 -2.5 10.0 182.2321
0.0 -2.5 0.0 10.0 184107725.7879
0.0 0.0 0.0 10.0 2332791930.3610997
0.0 2.5 0.0 10.0 9999999903.612902
0.0 0.0 2.5 10.0 441167791.7491
0.0 2.5 2.5 10.0 9999999978.4398
0.0 7.5 2.5 10.0 10000000021.308401
0.0 -2.5 5.0 10.0 9999999767.6681
0.0 0.0 5.0 10.0 1771446585.6971998
0.0 2.5 5.0 10.0 9999999895.7043
0.0 5.0 5.0 10.0 10000000018.720001
0.0 2.5 -10.0 11.25 12.1507
0.0 5.0 -10.0 11.25 10.7096
0.0 7.5 -10.0 11.25 3.6492999999999998
0.0 10.0 -10.0 11.25 -4.0689
0.0 0.0 -7.5 11.25 21.9496
0.0 2.5 -7.5 11.25 30.1799
0.0 5.0 -7.5 11.25 26.3448
0.0 7.5 -7.5 11.25 36.5345
0.0 -2.5 -5.0 11.25 20.8576
0.0 0.0 -5.0 11.25 34.407999999999994
0.0 2.5 -5.0 11.25 42.4818
0.0 5.0 -5.0 11.25 110.87110000000001
0.0 -5.0 -2.5 11.25 17.607000000000003
0.0 -2.5 -2.5 11.25 36.7138
0.0 0.0 -2.5 11.25 64.2993
0.0 7.5 -2.5 11.25 1970.394
0.0 -2.5 0.0 11.25 4886048.6764
0.0 0.0 0.0 11.25 13218.7286
0.0 2.5 0.0 11.25 4675077981.2807
0.0 -2.5 2.5 11.25 9415830446.6228
0.0 0.0 2.5 11.25 272806087.01650006
0.0 2.5 2.5 11.25 614562919.3321
0.0 5.0 2.5 11.25 67330026.2878
0.0 7.5 2.5 11.25 2082119176.7855
0.0 -5.0 5.0 11.25 1116958890.0521998
0.0 -2.5 5.0 11.25 3749314.1371
0.0 0.0 5.0 11.25 916318151.5936
0.0 2.5 5.0 11.25 5433849.1849
0.0 5.0 5.0 11.25 1948358985.461
0.0 7.5 5.0 11.25 9999999950.780602
0.0 0.0 -10.0 12.5 6.853000000000001
0.0 2.5 -10.0 12.5 10.1883
0.0 5.0 -10.0 12.5 9.8744
0.0 7.5 -10.0 12.5 5.1815999999999995
0.0 10.0 -10.0 12.5 -0.9759
0.0 -2.5 -7.5 12.5 9.2502
0.0 0.0 -7.5 12.5 17.490099999999998
0.0 2.5 -7.5 12.5 22.3463
0.0 5.0 -7.5 12.5 21.743
0.0 7.5 -7.5 12.5 11.51
0.0 10.0 -7.5 12.5 5.0506
0.0 -5.0 -5.0 12.5 10.1542
0.0 -2.5 -5.0 12.5 20.3766
0.0 0.0 -5.0 12.5 30.9805
0.0 2.5 -5.0 12.5 36.1045
0.0 5.0 -5.0 12.5 31.5814
0.0 7.5 -5.0 12.5 172.76309999999998
0.0 10.0 -5.0 12.5 2312.6648
0.0 -5.0 -2.5 12.5 18.1092
0.0 -2.5 -2.5 12.5 33.8487
0.0 0.0 -2.5 12.5 50.874
0.0 2.5 -2.5 12.5 58.96
0.0 5.0 -2.5 12.5 62.6203
0.0 7.5 -2.5 12.5 67.0959
0.0 -5.0 0.0 12.5 192958.2232
0.0 -2.5 0.0 12.5 1643.8864999999998
0.0 0.0 0.0 12.5 75.06110000000001
0.0 2.5 0.0 12.5 3795122603.8848
0.0 5.0 0.0 12.5 6262689.512
0.0 -2.5 2.5 12.5 149482.6966
0.0 0.0 2.5 12.5 1612241.83
0.0 2.5 2.5 12.5 170489898.9448
0.0 5.0 2.5 12.5 9061953980.8156
0.0 7.5 2.5 12.5 1868198.4137
0.0 10.0 2.5 12.5 360238656.65470004
0.0 -5.0 5.0 12.5 7662.8234
0.0 -2.5 5.0 12.5 4393245.7083
0.0 0.0 5.0 12.5 23733420.178999998
0.0 2.5 5.0 12.5 344689.2682
0.0 5.0 5.0 12.5 804558939.2641
0.0 7.5 5.0 12.5 9999999971.1844
0.0 10.0 5.0 12.5 9999999949.9284
0.0 0.0 -10.0 13.75 4.678699999999999
0.0 2.5 -10.0 13.75 7.3816
0.0 5.0 -10.0 13.75 7.1707
0.0 7.5 -10.0 13.75 4.1201
0.0 10.0 -10.0 13.75 -0.20500000000000007
0.0 -2.5 -7.5 13.75 7.5562
0.0 0.0 -7.5 13.75 13.0611
0.0 2.5 -7.5 13.75 15.7342
0.0 5.0 -7.5 13.75 14.9815
0.0 7.5 -7.5 13.75 7.1737
0.0 10.0 -7.5 13.75 -3.6764
0.0 -5.0 -5.0 13.75 9.3574
0.0 -2.5 -5.0 13.75 17.097199999999997
0.0 0.0 -5.0 13.75 25.927
0.0 2.5 -5.0 13.75 28.5874
0.0 5.0 -5.0 13.75 23.4805
0.0 7.5 -5.0 13.75 8.0061
0.0 10.0 -5.0 13.75 17.6446
0.0 -5.0 -2.5 13.75 15.0295
0.0 -2.5 -2.5 13.75 27.5351
0.0 0.0 -2.5 13.75 38.5332
0.0 2.5 -2.5 13.75 37.800000000000004
0.0 5.0 -2.5 13.75 21.9704
0.0 7.5 -2.5 13.75 -2.868499999999999
0.0 -5.0 0.0 13.75 1028.6429
0.0 -2.5 0.0 13.75 94.9762
0.0 0.0 0.0 13.75 38.92
0.0 2.5 0.0 13.75 239.9757
0.0 5.0 0.0 13.75 141.71949999999998
0.0 7.5 0.0 13.75 208150.769
0.0 -5.0 2.5 13.75 2191.2549
0.0 -2.5 2.5 13.75 110.4272
0.0 0.0 2.5 13.75 1342621.0488000002
0.0 2.5 2.5 13.75 18818825.417499997
0.0 5.0 2.5 13.75 9999999676.4797
0.0 7.5 2.5 13.75 62467989.6551
0.0 10.0 2.5 13.75 9999999927.8826
0.0 -5.0 5.0 13.75 16.699399999999997
0.0 -2.5 5.0 13.75 13939.8621
0.0 0.0 5.0 13.75 28788846.3785
0.0 2.5 5.0 13.75 32506.329
0.0 5.0 5.0 13.75 534909869.3932
0.0 7.5 5.0 13.75 4964738729.5091
0.0 10.0 5.0 13.75 1141178339.5501
0.0 -5.0 -10.0 15.0 0.5767
0.0 -2.5 -10.0 15.0 1.3265
0.0 0.0 -10.0 15.0 2.7782
0.0 2.5 -10.0 15.0 4.5572
0.0 5.0 -10.0 15.0 4.687799999999999
0.0 7.5 -10.0 15.0 3.2712
0.0 10.0 -10.0 15.0 -0.26270000000000004
0.0 -5.0 -7.5 15.0 2.2159999999999997
0.0 -2.5 -7.5 15.0 5.5069
0.0 0.0 -7.5 15.0 8.8015
0.0 2.5 -7.5 15.0 10.4381
0.0 5.0 -7.5 15.0 8.775400000000001
0.0 7.5 -7.5 15.0 4.1834
0.0 10.0 -7.5 15.0 -4.2966999999999995
0.0 -5.0 -5.0 15.0 7.0344
0.0 -2.5 -5.0 15.0 13.1684
0.0 0.0 -5.0 15.0 18.499000000000002
0.0 2.5 -5.0 15.0 19.3373
0.0 5.0 -5.0 15.0 14.3578
0.0 7.5 -5.0 15.0 1.9834999999999998
0.0 10.0 -5.0 15.0 -13.4812
0.0 -5.0 -2.5 15.0 10.7026
0.0 -2.5 -2.5 15.0 19.991
0.0 0.0 -2.5 15.0 27.1169
0.0 2.5 -2.5 15.0 25.9435
0.0 5.0 -2.5 15.0 12.564400000000001
0.0 7.5 -2.5 15.0 -7.2326
0.0 10.0 -2.5 15.0 -19.728199999999998
0.0 -5.0 0.0 15.0 7.0805
0.0 -2.5 0.0 15.0 18.0826
0.0 0.0 0.0 15.0 24.6701
0.0 2.5 0.0 15.0 41.6345
0.0 5.0 0.0 15.0 0.7920999999999996
0.0 7.5 0.0 15.0 -9.8055
0.0 10.0 0.0 15.0 -49.8317
0.0 -5.0 2.5 15.0 -4.6765
0.0 -2.5 2.5 15.0 4.2635
0.0 0.0 2.5 15.0 2091.1710999999996
0.0 2.5 2.5 15.0 3894189.9576000003
0.0 5.0 2.5 15.0 77201.9149
0.0 7.5 2.5 15.0 9999999973.480202
0.0 10.0 2.5 15.0 12866.9391
0.0 -5.0 5.0 15.0 -13.0559
0.0 -2.5 5.0 15.0 -10.7297
0.0 0.0 5.0 15.0 3639.7674
0.0 2.5 5.0 15.0 10270622.7639
0.0 5.0 5.0 15.0 77636603.1496
0.0 7.5 5.0 15.0 205954175.2181
0.0 10.0 5.0 15.0 16727274.7014
0.0 -5.0 -10.0 16.25 0.3115
0.0 -2.5 -10.0 16.25 0.7230000000000001
0.0 0.0 -10.0 16.25 1.3405
0.0 2.5 -10.0 16.25 2.3324
0.0 5.0 -10.0 16.25 2.5688000000000004
0.0 7.5 -10.0 16.25 1.8128000000000002
0.0 10.0 -10.0 16.25 -0.37029999999999996
0.0 -5.0 -7.5 16.25 1.08
0.0 -2.5 -7.5 16.25 3.1149999999999998
0.0 0.0 -7.5 16.25 5.0565
0.0 2.5 -7.5 16.25 5.857
0.0 5.0 -7.5 16.25 4.382099999999999
0.0 7.5 -7.5 16.25 1.6668000000000003
0.0 10.0 -7.5 16.25 -4.8428
0.0 -5.0 -5.0 16.25 4.7667
0.0 -2.5 -5.0 16.25 9.1435
0.0 0.0 -5.0 16.25 11.8225
0.0 2.5 -5.0 16.25 11.7188
0.0 5.0 -5.0 16.25 6.9829
0.0 7.5 -5.0 16.25 -1.9764
0.0 10.0 -5.0 16.25 -12.6876
0.0 -5.0 -2.5 16.25 7.6216
0.0 -2.5 -2.5 16.25 13.8157
0.0 0.0 -2.5 16.25 17.843799999999998
0.0 2.5 -2.5 16.25 15.483799999999999
0.0 5.0 -2.5 16.25 4.8245
0.0 7.5 -2.5 16.25 -11.061
0.0 10.0 -2.5 16.25 -27.7833
0.0 -5.0 0.0 16.25 3.8328
0.0 -2.5 0.0 16.25 11.165000000000001
0.0 0.0 0.0 16.25 14.8038
0.0 2.5 0.0 16.25 9.9773
0.0 5.0 0.0 16.25 -9.4027
0.0 7.5 0.0 16.25 -28.5785
0.0 10.0 0.0 16.25 -60.0566
0.0 -5.0 2.5 16.25 -4.553
0.0 -2.5 2.5 16.25 0.9617
0.0 0.0 2.5 16.25 29.8318
0.0 2.5 2.5 16.25 2211.4758
0.0 5.0 2.5 16.25 97926.6222
0.0 7.5 2.5 16.25 315687.35419999994
0.0 10.0 2.5 16.25 -59.4982
0.0 -5.0 5.0 16.25 -8.0291
0.0 -2.5 5.0 16.25 -6.7128
0.0 0.0 5.0 16.25 1.1415
0.0 2.5 5.0 16.25 22330.8847
0.0 5.0 5.0 16.25 2184903047.363
0.0 7.5 5.0 16.25 95508100.4393
0.0 10.0 5.0 16.25 69.56830000000001
60.0 -5.0 -10.0 3.75 1.1315000000000002
60.0 -2.5 -10.0 3.75 -11.3756
60.0 0.0 -10.0 3.75 -26.158199999999997
60.0 2.5 -10.0 3.75 411.8149
60.0 5.0 -10.0 3.75 128094728.63630001
60.0 7.5 -10.0 3.75 9999999829.268501
60.0 10.0 -10.0 3.75 10000000104.0692
60.0 -5.0 -7.5 3.75 3.4365
60.0 -2.5 -7.5 3.75 -8.8228
60.0 0.0 -7.5 3.75 -9.1418
60.0 2.5 -7.5 3.75 1453123525.2926998
60.0 5.0 -7.5 3.75 37068562.5691
60.0 7.5 -7.5 3.75 9999999742.511702
60.0 10.0 -7.5 3.75 9999999933.812601
60.0 -5.0 -5.0 3.75 -1.5421
60.0 -2.5 -5.0 3.75 -7.9780999999999995
60.0 0.0 -5.0 3.75 -8.5224
60.0 2.5 -5.0 3.75 93095.66279999999
60.0 5.0 -5.0 3.75 9999999693.3386
60.0 7.5 -5.0 3.75 9999999732.105701
60.0 10.0 -5.0 3.75 9999999684.536901
60.0 -5.0 -2.5 3.75 -11.1597
60.0 -2.5 -2.5 3.75 -14.7639
60.0 0.0 -2.5 3.75 22386.0088
60.0 2.5 -2.5 3.75 2914955.9008
60.0 5.0 -2.5 3.75 10000000079.401402
60.0 7.5 -2.5 3.75 10000000229.474
60.0 10.0 -2.5 3.75 9999999908.750101
60.0 -5.0 0.0 3.75 -18.9232
60.0 -2.5 0.0 3.75 292.1384
60.0 0.0 0.0 3.75 9999999922.0279
60.0 2.5 0.0 3.75 5141921100.202
60.0 5.0 0.0 3.75 9999999865.503101
60.0 7.5 0.0 3.75 9999999970.911402
60.0 10.0 0.0 3.75 10000000208.122002
60.0 -5.0 2.5 3.75 -11.7965
60.0 -2.5 2.5 3.75 2824334.4882
60.0 0.0 2.5 3.75 46376986.1245
60.0 2.5 2.5 3.75 9999999957.3407
60.0 5.0 2.5 3.75 10000000066.502201
60.0 7.5 2.5 3.75 9999999872.369001
60.0 10.0 2.5 3.75 10000000218.4694
60.0 -5.0 5.0 3.75 635.7035
60.0 -2.5 5.0 3.75 12936665.7897
60.0 0.0 5.0 3.75 9271574501.9566
60.0 2.5 5.0 3.75 10000000391.874401
60.0 5.0 5.0 3.75 9999999999.8929
60.0 7.5 5.0 3.75 10000000294.229301
60.0 10.0 5.0 3.75 10000000029.499
60.0 2.5 -2.5 5.0 413043694.6049
60.0 0.0 0.0 5.0 9999999990.8239
60.0 0.0 2.5 5.0 1939543660.1913
60.0 2.5 -2.5 6.25 9928491388.8548
60.0 0.0 0.0 6.25 381519468.2094
60.0 0.0 2.5 6.25 4314770.4749
60.0 0.0 5.0 6.25 284120490.39419997
60.0 2.5 -5.0 7.5 102125.36910000001
60.0 2.5 -2.5 7.5 399769655.94600004
60.0 5.0 -2.5 7.5 6717264149.2696
60.0 -2.5 0.0 7.5 2287850352.0426
60.0 0.0 0.0 7.5 1914453.8909
60.0 2.5 0.0 7.5 451491995.9866
60.0 0.0 2.5 7.5 10000000067.0863
60.0 0.0 5.0 7.5 208989.61789999998
60.0 2.5 -7.5 8.75 -18.0329
60.0 2.5 -5.0 8.75 20075285.377
60.0 5.0 -5.0 8.75 146959.1257
60.0 0.0 -2.5 8.75 408679189.7137
60.0 2.5 -2.5 8.75 9999999965.439001
60.0 -2.5 0.0 8.75 731784446.5854
60.0 0.0 0.0 8.75 10000000022.8586
60.0 2.5 0.0 8.75 667351.67
60.0 -2.5 2.5 8.75 15325.5003
60.0 0.0 2.5 8.75 173364.6228
60.0 0.0 5.0 8.75 3680123884.1827
60.0 5.0 -10.0 10.0 -7.4571
60.0 2.5 -7.5 10.0 1.8367999999999984
60.0 5.0 -7.5 10.0 6.029
60.0 7.5 -7.5 10.0 112746.6753
60.0 0.0 -5.0 10.0 7909.5821
60.0 2.5 -5.0 10.0 141853711.639
60.0 5.0 -5.0 10.0 94025.7722
60.0 -2.5 -2.5 10.0 830528.9469
60.0 0.0 -2.5 10.0 57701019.2487
60.0 2.5 -2.5 10.0 9999999979.7647
60.0 5.0 -2.5 10.0 129745.0505
60.0 7.5 -2.5 10.0 12531369.2995
60.0 -2.5 0.0 10.0 4623854.75
60.0 0.0 0.0 10.0 526894873.8396
60.0 2.5 0.0 10.0 659628.4717
60.0 -2.5 2.5 10.0 56413.3303
60.0 0.0 2.5 10.0 6524.1082
60.0 2.5 2.5 10.0 10000000110.25
60.0 -2.5 5.0 10.0 75.9902
60.0 0.0 5.0 10.0 1727138.7806000002
60.0 2.5 5.0 10.0 10000000131.992401
60.0 2.5 -10.0 11.25 -5.6644
60.0 5.0 -10.0 11.25 -0.1835
60.0 10.0 -10.0 11.25 105.7053
60.0 0.0 -7.5 11.25 -10.5094
60.0 2.5 -7.5 11.25 14.690299999999999
60.0 5.0 -7.5 11.25 12.249100000000002
60.0 7.5 -7.5 11.25 847.6146
60.0 0.0 -5.0 11.25 10830.2501
60.0 2.5 -5.0 11.25 15694026.8597
60.0 5.0 -5.0 11.25 2150129.5587
60.0 -2.5 -2.5 11.25 2193547.1777
60.0 0.0 -2.5 11.25 684066422.3623
60.0 2.5 -2.5 11.25 33745193.5817
60.0 5.0 -2.5 11.25 2797.8995
60.0 7.5 -2.5 11.25 9212.7742
60.0 -5.0 0.0 11.25 17.5593
60.0 -2.5 0.0 11.25 1861.1026000000002
60.0 0.0 0.0 11.25 78818999.3362
60.0 2.5 0.0 11.25 38234.7786
60.0 5.0 0.0 11.25 293088706.0273
60.0 -5.0 2.5 11.25 10.3413
60.0 -2.5 2.5 11.25 28.721899999999998
60.0 0.0 2.5 11.25 319973810.69560003
60.0 2.5 2.5 11.25 9999999751.823
60.0 5.0 2.5 11.25 10000000003.2814
60.0 -2.5 5.0 11.25 110.36540000000001
60.0 0.0 5.0 11.25 1301.1981
60.0 2.5 5.0 11.25 13537458.817300001
60.0 5.0 5.0 11.25 405093010.14059997
60.0 7.5 5.0 11.25 325667266.0639
60.0 -2.5 -10.0 12.5 -2.467
60.0 0.0 -10.0 12.5 -2.7556
60.0 2.5 -10.0 12.5 -0.32269999999999993
60.0 5.0 -10.0 12.5 6.3443000000000005
60.0 7.5 -10.0 12.5 21.6332
60.0 10.0 -10.0 12.5 33.059400000000004
60.0 0.0 -7.5 12.5 -6.78
60.0 2.5 -7.5 12.5 6.2309
60.0 5.0 -7.5 12.5 13.579699999999999
60.0 7.5 -7.5 12.5 47.7179
60.0 10.0 -7.5 12.5 62.9842
60.0 -2.5 -5.0 12.5 -20.2252
60.0 0.0 -5.0 12.5 1377.1553000000001
60.0 2.5 -5.0 12.5 1802777.0002000001
60.0 5.0 -5.0 12.5 143.22230000000002
60.0 7.5 -5.0 12.5 45.3964
60.0 -5.0 -2.5 12.5 3.06
60.0 -2.5 -2.5 12.5 2104.2393
60.0 0.0 -2.5 12.5 28547662.9945
60.0 2.5 -2.5 12.5 45622.4496
60.0 5.0 -2.5 12.5 101.3327
60.0 7.5 -2.5 12.5 860.537
60.0 -5.0 0.0 12.5 10.729
60.0 -2.5 0.0 12.5 25.965700000000002
60.0 0.0 0.0 12.5 468.8814
60.0 2.5 0.0 12.5 61048.497
60.0 5.0 0.0 12.5 2761746.8608
60.0 -5.0 2.5 12.5 9.7157
60.0 -2.5 2.5 12.5 14.6592
60.0 0.0 2.5 12.5 27975.9025
60.0 2.5 2.5 12.5 1413513.5111
60.0 5.0 2.5 12.5 242099060.5007
60.0 7.5 2.5 12.5 10000000021.924301
60.0 -5.0 5.0 12.5 5.6502
60.0 -2.5 5.0 12.5 57.162000000000006
60.0 0.0 5.0 12.5 212.5042
60.0 2.5 5.0 12.5 187942.1877
60.0 5.0 5.0 12.5 405622021.099
60.0 7.5 5.0 12.5 39802692.512
60.0 10.0 5.0 12.5 2237459312.0774
60.0 -2.5 -10.0 13.75 -1.531
60.0 0.0 -10.0 13.75 -0.8388
60.0 2.5 -10.0 13.75 2.543
60.0 5.0 -10.0 13.75 9.631599999999999
60.0 7.5 -10.0 13.75 20.6603
60.0 10.0 -10.0 13.75 29.5139
60.0 0.0 -7.5 13.75 -6.0905000000000005
60.0 2.5 -7.5 13.75 4.1022
60.0 5.0 -7.5 13.75 12.4992
60.0 7.5 -7.5 13.75 30.923500000000004
60.0 10.0 -7.5 13.75 38.4349
60.0 -2.5 -5.0 13.75 -15.4255
60.0 0.0 -5.0 13.75 66.3287
60.0 2.5 -5.0 13.75 4848.7586
60.0 5.0 -5.0 13.75 17.8772
60.0 7.5 -5.0 13.75 23.8609
60.0 10.0 -5.0 13.75 33.471000000000004
60.0 -5.0 -2.5 13.75 0.9752
60.0 -2.5 -2.5 13.75 -7.784099999999999
60.0 0.0 -2.5 13.75 23707.9832
60.0 2.5 -2.5 13.75 293.5852
60.0 5.0 -2.5 13.75 0.047900000000000054
60.0 7.5 -2.5 13.75 12.2715
60.0 -5.0 0.0 13.75 6.5155
60.0 -2.5 0.0 13.75 5.982799999999999
60.0 0.0 0.0 13.75 -3.6512999999999995
60.0 2.5 0.0 13.75 1737025.7109
60.0 5.0 0.0 13.75 623.5541999999999
60.0 -5.0 2.5 13.75 7.2134
60.0 -2.5 2.5 13.75 11.823400000000001
60.0 0.0 2.5 13.75 16908.0348
60.0 2.5 2.5 13.75 663768673.625
60.0 5.0 2.5 13.75 71090211.9161
60.0 7.5 2.5 13.75 696.7553
60.0 -5.0 5.0 13.75 3.5359
60.0 -2.5 5.0 13.75 37.1142
60.0 0.0 5.0 13.75 75.9034
60.0 2.5 5.0 13.75 189144.1033
60.0 5.0 5.0 13.75 321954.6161
60.0 7.5 5.0 13.75 10000000015.144402
60.0 10.0 5.0 13.75 9999999887.8185
60.0 -5.0 -10.0 15.0 -0.7384
60.0 -2.5 -10.0 15.0 -0.7831
60.0 0.0 -10.0 15.0 -0.0731
60.0 2.5 -10.0 15.0 3.2125999999999997
60.0 5.0 -10.0 15.0 9.522
60.0 7.5 -10.0 15.0 16.2321
60.0 10.0 -10.0 15.0 21.1806
60.0 -5.0 -7.5 15.0 -1.8735
60.0 -2.5 -7.5 15.0 -4.3931
60.0 0.0 -7.5 15.0 -4.7717
60.0 2.5 -7.5 15.0 1.7540999999999998
60.0 5.0 -7.5 15.0 9.9151
60.0 7.5 -7.5 15.0 21.564700000000002
60.0 10.0 -7.5 15.0 26.7469
60.0 -5.0 -5.0 15.0 -2.9774
60.0 -2.5 -5.0 15.0 -10.2587
60.0 0.0 -5.0 15.0 -19.865
60.0 2.5 -5.0 15.0 -2.0671
60.0 5.0 -5.0 15.0 5.494000000000001
60.0 7.5 -5.0 15.0 16.517500000000002
60.0 10.0 -5.0 15.0 19.941200000000002
60.0 -5.0 -2.5 15.0 -0.06639999999999999
60.0 -2.5 -2.5 15.0 -8.1118
60.0 0.0 -2.5 15.0 -17.889499999999998
60.0 2.5 -2.5 15.0 -20.688499999999998
60.0 5.0 -2.5 15.0 -5.9041
60.0 7.5 -2.5 15.0 1.6192000000000002
60.0 10.0 -2.5 15.0 6.1546
60.0 -5.0 0.0 15.0 3.5547
60.0 -2.5 0.0 15.0 1.3836
60.0 0.0 0.0 15.0 -6.5018
60.0 2.5 0.0 15.0 14105.460000000001
60.0 5.0 0.0 15.0 71.41380000000001
60.0 7.5 0.0 15.0 -10.520199999999999
60.0 -5.0 2.5 15.0 5.0153
60.0 -2.5 2.5 15.0 9.2118
60.0 0.0 2.5 15.0 10.2211
60.0 2.5 2.5 15.0 845.8983
60.0 5.0 2.5 15.0 13421072.9398
60.0 7.5 2.5 15.0 -11.895399999999999
60.0 10.0 2.5 15.0 83.2317
60.0 -5.0 5.0 15.0 2.3012
60.0 -2.5 5.0 15.0 12.839500000000001
60.0 0.0 5.0 15.0 37.627700000000004
60.0 2.5 5.0 15.0 518097.5597
60.0 5.0 5.0 15.0 513492110.95460004
60.0 7.5 5.0 15.0 55651197.493700005
60.0 10.0 5.0 15.0 2639781.9020000002
60.0 -5.0 -10.0 16.25 -0.6101
60.0 -2.5 -10.0 16.25 -0.5054
60.0 0.0 -10.0 16.25 0.2551
60.0 2.5 -10.0 16.25 2.8269
60.0 5.0 -10.0 16.25 7.3736
60.0 7.5 -10.0 16.25 11.5219
60.0 10.0 -10.0 16.25 13.526800000000001
60.0 -5.0 -7.5 16.25 -1.4243000000000001
60.0 -2.5 -7.5 16.25 -2.7232
60.0 0.0 -7.5 16.25 -2.9011
60.0 2.5 -7.5 16.25 1.7932
60.0 5.0 -7.5 16.25 7.7636
60.0 7.5 -7.5 16.25 14.5144
60.0 10.0 -7.5 16.25 16.657500000000002
60.0 -5.0 -5.0 16.25 -1.9026
60.0 -2.5 -5.0 16.25 -6.9223
60.0 0.0 -5.0 16.25 -10.6039
60.0 2.5 -5.0 16.25 -5.7501999999999995
60.0 5.0 -5.0 16.25 3.5698000000000003
60.0 7.5 -5.0 16.25 10.8352
60.0 10.0 -5.0 16.25 11.7615
60.0 -5.0 -2.5 16.25 -0.5799000000000001
60.0 -2.5 -2.5 16.25 -5.8203
60.0 0.0 -2.5 16.25 -12.841
60.0 2.5 -2.5 16.25 -12.509599999999999
60.0 5.0 -2.5 16.25 -5.0626
60.0 7.5 -2.5 16.25 0.3247
60.0 10.0 -2.5 16.25 -2.6203000000000003
60.0 -5.0 0.0 16.25 2.0836
60.0 -2.5 0.0 16.25 -0.17900000000000002
60.0 0.0 0.0 16.25 -5.1684
60.0 2.5 0.0 16.25 4.4903
60.0 5.0 0.0 16.25 -8.0678
60.0 7.5 0.0 16.25 -11.3291
60.0 10.0 0.0 16.25 -19.9531
60.0 -5.0 2.5 16.25 3.2966
60.0 -2.5 2.5 16.25 5.5191
60.0 0.0 2.5 16.25 5.6909
60.0 2.5 2.5 16.25 36.8768
60.0 5.0 2.5 16.25 2419.9519999999998
60.0 7.5 2.5 16.25 -25.6944
60.0 10.0 2.5 16.25 -46.378299999999996
60.0 -5.0 5.0 16.25 1.8324000000000003
60.0 -2.5 5.0 16.25 7.4536999999999995
60.0 0.0 5.0 16.25 16.4953
60.0 2.5 5.0 16.25 198324363.2414
60.0 5.0 5.0 16.25 51110800.5833
60.0 7.5 5.0 16.25 16097.3722
60.0 10.0 5.0 16.25 4590.456099999999
120.0 -5.0 -10.0 3.75 -1.9139
120.0 -2.5 -10.0 3.75 1.9250999999999998
120.0 0.0 -10.0 3.75 4366.9146
120.0 2.5 -10.0 3.75 4089293.5215
120.0 5.0 -10.0 3.75 156245910.4837
120.0 7.5 -10.0 3.75 3814966375.7938
120.0 10.0 -10.0 3.75 11995725.1045
120.0 -5.0 -7.5 3.75 -7.0062
120.0 -2.5 -7.5 3.75 -5.3994
120.0 0.0 -7.5 3.75 18.4851
120.0 2.5 -7.5 3.75 32150067.459
120.0 5.0 -7.5 3.75 199017480.76770002
120.0 7.5 -7.5 3.75 7917369199.7428
120.0 10.0 -7.5 3.75 247705464.53750002
120.0 -5.0 -5.0 3.75 -13.1568
120.0 -2.5 -5.0 3.75 -12.3172
120.0 0.0 -5.0 3.75 95.3387
120.0 2.5 -5.0 3.75 9608208826.4237
120.0 5.0 -5.0 3.75 207080957.4166
120.0 7.5 -5.0 3.75 10000000087.078001
120.0 10.0 -5.0 3.75 9999999919.6439
120.0 -5.0 -2.5 3.75 -6.5893
120.0 -2.5 -2.5 3.75 51.456
120.0 0.0 -2.5 3.75 39568459.9909
120.0 2.5 -2.5 3.75 764469052.1348001
120.0 5.0 -2.5 3.75 1868295396.8443
120.0 7.5 -2.5 3.75 10000000125.742102
120.0 10.0 -2.5 3.75 4755824109.028399
120.0 -5.0 0.0 3.75 11.0286
120.0 -2.5 0.0 3.75 107083.8256
120.0 0.0 0.0 3.75 6164551394.6143
120.0 2.5 0.0 3.75 189283286.2179
120.0 5.0 0.0 3.75 1544711229.2567
120.0 7.5 0.0 3.75 10000000166.8342
120.0 10.0 0.0 3.75 9999999660.049702
120.0 -5.0 2.5 3.75 4.4877
120.0 -2.5 2.5 3.75 1466737.3022999999
120.0 0.0 2.5 3.75 37553896.4089
120.0 2.5 2.5 3.75 9999999950.249802
120.0 5.0 2.5 3.75 10000000051.223501
120.0 7.5 2.5 3.75 10000000065.6161
120.0 10.0 2.5 3.75 9999999957.438301
120.0 -5.0 5.0 3.75 336506121.4993
120.0 -2.5 5.0 3.75 1737228449.2419999
120.0 0.0 5.0 3.75 5015464725.6143
120.0 2.5 5.0 3.75 5566370489.8008
120.0 5.0 5.0 3.75 7264638495.3382
120.0 7.5 5.0 3.75 10000000058.655901
120.0 10.0 5.0 3.75 9999999595.2922
120.0 -2.5 5.0 5.0 773786113.6283
120.0 -2.5 2.5 6.25 8878.058500000001
120.0 -2.5 5.0 6.25 2891585568.4103
120.0 2.5 -7.5 7.5 38.8082
120.0 0.0 -5.0 7.5 15.7629
120.0 -2.5 0.0 7.5 0.15090000000000003
120.0 -2.5 2.5 7.5 115712.9133
120.0 0.0 2.5 7.5 26280514.0863
120.0 -2.5 5.0 7.5 9999999942.8862
120.0 0.0 5.0 7.5 14243891.4033
120.0 2.5 -7.5 8.75 16.9851
120.0 5.0 -7.5 8.75 28537.8096
120.0 0.0 -5.0 8.75 4.5301
120.0 0.0 0.0 8.75 8029.4011
120.0 -2.5 2.5 8.75 179895539.0177
120.0 0.0 2.5 8.75 9999999971.2837
120.0 -5.0 5.0 8.75 176847903.0809
120.0 -2.5 5.0 8.75 9999999947.2448
120.0 0.0 5.0 8.75 67101965.0923
120.0 2.5 5.0 8.75 9999999928.6544
120.0 2.5 -10.0 10.0 4.891400000000001
120.0 2.5 -7.5 10.0 9.5433
120.0 5.0 -7.5 10.0 802.4676999999999
120.0 7.5 -7.5 10.0 1922.7071
120.0 -2.5 -5.0 10.0 3.3701
120.0 0.0 -5.0 10.0 7.071399999999999
120.0 2.5 -5.0 10.0 231.983
120.0 0.0 -2.5 10.0 73.8571
120.0 0.0 0.0 10.0 4418.8786
120.0 2.5 0.0 10.0 9783.9458
120.0 -5.0 2.5 10.0 10450.826799999999
120.0 -2.5 2.5 10.0 9999999964.4022
120.0 0.0 2.5 10.0 10000000020.7977
120.0 2.5 2.5 10.0 49178046.5022
120.0 -5.0 5.0 10.0 239866760.2198
120.0 -2.5 5.0 10.0 9999999934.150702
120.0 0.0 5.0 10.0 292497346.738
120.0 2.5 5.0 10.0 233249080.9001
120.0 5.0 5.0 10.0 10000000040.7772
120.0 2.5 -10.0 11.25 3.7310999999999996
120.0 5.0 -10.0 11.25 7.5177
120.0 10.0 -10.0 11.25 325.5724
120.0 -2.5 -7.5 11.25 0.6263
120.0 0.0 -7.5 11.25 3.7193000000000005
120.0 2.5 -7.5 11.25 8.2746
120.0 5.0 -7.5 11.25 19.5006
120.0 7.5 -7.5 11.25 19.837899999999998
120.0 -2.5 -5.0 11.25 3.8589999999999995
120.0 0.0 -5.0 11.25 10.5021
120.0 2.5 -5.0 11.25 16.5794
120.0 5.0 -5.0 11.25 79.6474
120.0 7.5 -5.0 11.25 1053.2502
120.0 0.0 -2.5 11.25 17.1198
120.0 2.5 -2.5 11.25 46.528999999999996
120.0 -5.0 0.0 11.25 -9.4513
120.0 -2.5 0.0 11.25 85.55030000000001
120.0 0.0 0.0 11.25 152426.719
120.0 2.5 0.0 11.25 210.7676
120.0 -5.0 2.5 11.25 5313.3039
120.0 -2.5 2.5 11.25 850529300.2268
120.0 0.0 2.5 11.25 262628.8674
120.0 2.5 2.5 11.25 32789.18840000001
120.0 -5.0 5.0 11.25 9999999947.062601
120.0 -2.5 5.0 11.25 1669619.9085000001
120.0 0.0 5.0 11.25 9999999992.6564
120.0 2.5 5.0 11.25 261890693.1415
120.0 5.0 5.0 11.25 9999999946.9403
120.0 7.5 5.0 11.25 10000000042.1994
120.0 -5.0 -10.0 12.5 0.0929
120.0 -2.5 -10.0 12.5 0.6018
120.0 0.0 -10.0 12.5 0.7803
120.0 2.5 -10.0 12.5 3.2396000000000003
120.0 5.0 -10.0 12.5 6.519399999999999
120.0 7.5 -10.0 12.5 6.296199999999999
120.0 10.0 -10.0 12.5 3.1874
120.0 -2.5 -7.5 12.5 1.2601
120.0 0.0 -7.5 12.5 3.2601999999999998
120.0 2.5 -7.5 12.5 7.350599999999999
120.0 5.0 -7.5 12.5 12.0127
120.0 7.5 -7.5 12.5 9.7661
120.0 10.0 -7.5 12.5 7.7361
120.0 -2.5 -5.0 12.5 4.1387
120.0 0.0 -5.0 12.5 10.1477
120.0 2.5 -5.0 12.5 16.9477
120.0 5.0 -5.0 12.5 16.5169
120.0 -5.0 -2.5 12.5 0.0837
120.0 -2.5 -2.5 12.5 7.699200000000001
120.0 0.0 -2.5 12.5 17.8704
120.0 2.5 -2.5 12.5 34.4987
120.0 5.0 -2.5 12.5 249.8349
120.0 -5.0 0.0 12.5 -9.1972
120.0 -2.5 0.0 12.5 203.19219999999999
120.0 0.0 0.0 12.5 938.9773
120.0 2.5 0.0 12.5 36.8861
120.0 5.0 0.0 12.5 767.9554
120.0 -5.0 2.5 12.5 4104.136399999999
120.0 -2.5 2.5 12.5 30008292.1464
120.0 0.0 2.5 12.5 8694.2303
120.0 2.5 2.5 12.5 6515.9586
120.0 5.0 2.5 12.5 445635.55220000003
120.0 -5.0 5.0 12.5 2335023322.2016
120.0 -2.5 5.0 12.5 22210.0313
120.0 0.0 5.0 12.5 9999999516.477001
120.0 2.5 5.0 12.5 9999999969.840101
120.0 5.0 5.0 12.5 6658983.2356
120.0 7.5 5.0 12.5 10000000001.266602
120.0 -5.0 -10.0 13.75 -0.0104
120.0 -2.5 -10.0 13.75 0.3459
120.0 0.0 -10.0 13.75 0.9219
120.0 2.5 -10.0 13.75 2.5433999999999997
120.0 5.0 -10.0 13.75 4.6469
120.0 7.5 -10.0 13.75 4.8365
120.0 10.0 -10.0 13.75 1.8076
120.0 -2.5 -7.5 13.75 1.1159
120.0 0.0 -7.5 13.75 3.0593
120.0 2.5 -7.5 13.75 6.2048000000000005
120.0 5.0 -7.5 13.75 8.1256
120.0 7.5 -7.5 13.75 5.8118
120.0 10.0 -7.5 13.75 -0.016899999999999693
120.0 -2.5 -5.0 13.75 3.6582999999999997
120.0 0.0 -5.0 13.75 9.311300000000001
120.0 2.5 -5.0 13.75 14.806700000000001
120.0 5.0 -5.0 13.75 15.381
120.0 7.5 -5.0 13.75 16.700599999999998
120.0 10.0 -5.0 13.75 259.8391
120.0 -5.0 -2.5 13.75 -0.3126
120.0 -2.5 -2.5 13.75 6.214499999999999
120.0 0.0 -2.5 13.75 15.6236
120.0 2.5 -2.5 13.75 27.174599999999998
120.0 5.0 -2.5 13.75 41.2441
120.0 -5.0 0.0 13.75 -8.0329
120.0 -2.5 0.0 13.75 126.8938
120.0 0.0 0.0 13.75 88.6504
120.0 2.5 0.0 13.75 24.4964
120.0 5.0 0.0 13.75 59.150499999999994
120.0 -5.0 2.5 13.75 117.3836
120.0 -2.5 2.5 13.75 5452.1986
120.0 0.0 2.5 13.75 317.3275
120.0 2.5 2.5 13.75 305.17130000000003
120.0 5.0 2.5 13.75 529017.5687000001
120.0 -5.0 5.0 13.75 542.196
120.0 -2.5 5.0 13.75 12836.7867
120.0 0.0 5.0 13.75 1346571.9779
120.0 2.5 5.0 13.75 9999999960.420502
120.0 5.0 5.0 13.75 9170997.104700001
120.0 7.5 5.0 13.75 9999999926.5417
120.0 -5.0 -10.0 15.0 0.0013
120.0 -2.5 -10.0 15.0 0.1877
120.0 0.0 -10.0 15.0 0.46280000000000004
120.0 2.5 -10.0 15.0 1.5621
120.0 5.0 -10.0 15.0 2.983
120.0 7.5 -10.0 15.0 3.1780999999999997
120.0 10.0 -10.0 15.0 0.9317
120.0 -5.0 -7.5 15.0 0.19390000000000002
120.0 -2.5 -7.5 15.0 0.7203
120.0 0.0 -7.5 15.0 2.0681
120.0 2.5 -7.5 15.0 4.3919999999999995
120.0 5.0 -7.5 15.0 5.025600000000001
120.0 7.5 -7.5 15.0 3.4766
120.0 10.0 -7.5 15.0 -1.426
120.0 -5.0 -5.0 15.0 0.32180000000000003
120.0 -2.5 -5.0 15.0 2.707
120.0 0.0 -5.0 15.0 7.1621999999999995
120.0 2.5 -5.0 15.0 10.5367
120.0 5.0 -5.0 15.0 11.2451
120.0 7.5 -5.0 15.0 3.9608000000000003
120.0 10.0 -5.0 15.0 -1.6747
120.0 -5.0 -2.5 15.0 -0.5075
120.0 -2.5 -2.5 15.0 4.573099999999999
120.0 0.0 -2.5 15.0 11.724
120.0 2.5 -2.5 15.0 18.5546
120.0 5.0 -2.5 15.0 21.8307
120.0 7.5 -2.5 15.0 7.474499999999999
120.0 10.0 -2.5 15.0 158.2135
120.0 -5.0 0.0 15.0 -6.1119
120.0 -2.5 0.0 15.0 -0.5508000000000001
120.0 0.0 0.0 15.0 12.399099999999999
120.0 2.5 0.0 15.0 15.325899999999999
120.0 5.0 0.0 15.0 19.563200000000002
120.0 10.0 0.0 15.0 69.3528
120.0 -5.0 2.5 15.0 -13.0724
120.0 -2.5 2.5 15.0 -17.9927
120.0 0.0 2.5 15.0 4.4074
120.0 2.5 2.5 15.0 169.0192
120.0 5.0 2.5 15.0 7709989.2794
120.0 7.5 2.5 15.0 4660.7262
120.0 -5.0 5.0 15.0 -12.125499999999999
120.0 -2.5 5.0 15.0 -3.5353000000000003
120.0 0.0 5.0 15.0 6697183.8665000005
120.0 2.5 5.0 15.0 1223377023.2378
120.0 5.0 5.0 15.0 72371783.93290001
120.0 7.5 5.0 15.0 311119958.2045
120.0 10.0 5.0 15.0 1402448.8849
120.0 -5.0 -10.0 16.25 0.0002
120.0 -2.5 -10.0 16.25 -0.053899999999999997
120.0 0.0 -10.0 16.25 0.33799999999999997
120.0 2.5 -10.0 16.25 0.679
120.0 5.0 -10.0 16.25 1.7771000000000001
120.0 7.5 -10.0 16.25 1.9762
120.0 10.0 -10.0 16.25 0.6565
120.0 -5.0 -7.5 16.25 0.1628
120.0 -2.5 -7.5 16.25 0.5195
120.0 0.0 -7.5 16.25 1.5236
120.0 2.5 -7.5 16.25 2.6346999999999996
120.0 5.0 -7.5 16.25 2.4917999999999996
120.0 7.5 -7.5 16.25 0.9484000000000001
120.0 10.0 -7.5 16.25 -1.5472000000000001
120.0 -5.0 -5.0 16.25 0.2668
120.0 -2.5 -5.0 16.25 1.7329999999999999
120.0 0.0 -5.0 16.25 4.6171
120.0 2.5 -5.0 16.25 7.091200000000001
120.0 5.0 -5.0 16.25 6.5357
120.0 7.5 -5.0 16.25 2.0343
120.0 10.0 -5.0 16.25 -1.8982
120.0 -5.0 -2.5 16.25 -0.5884999999999999
120.0 -2.5 -2.5 16.25 2.9072
120.0 0.0 -2.5 16.25 7.9416
120.0 2.5 -2.5 16.25 11.5367
120.0 5.0 -2.5 16.25 12.257200000000001
120.0 7.5 -2.5 16.25 0.13770000000000016
120.0 10.0 -2.5 16.25 -10.585
120.0 -5.0 0.0 16.25 -4.1683
120.0 -2.5 0.0 16.25 -1.8365999999999998
120.0 0.0 0.0 16.25 5.4362
120.0 2.5 0.0 16.25 7.847
120.0 5.0 0.0 16.25 6.367500000000001
120.0 7.5 0.0 16.25 -8.5803
120.0 10.0 0.0 16.25 -27.4269
120.0 -5.0 2.5 16.25 -8.503499999999999
120.0 -2.5 2.5 16.25 -13.8862
120.0 0.0 2.5 16.25 -0.6160000000000001
120.0 2.5 2.5 16.25 99.7323
120.0 5.0 2.5 16.25 0.6456
120.0 7.5 2.5 16.25 -25.4467
120.0 10.0 2.5 16.25 -31.340200000000003
120.0 -5.0 5.0 16.25 -7.269500000000001
120.0 -2.5 5.0 16.25 -12.912600000000001
120.0 0.0 5.0 16.25 11000985.0131
120.0 2.5 5.0 16.25 997004.5514
120.0 5.0 5.0 16.25 5432.074
120.0 7.5 5.0 16.25 485.47620000000006
120.0 10.0 5.0 16.25 137.35680000000002
180.0 -5.0 -10.0 3.75 11.127699999999999
180.0 -2.5 -10.0 3.75 7.4605
180.0 0.0 -10.0 3.75 -4.6551
180.0 2.5 -10.0 3.75 873544.9002
180.0 5.0 -10.0 3.75 22692692.6323
180.0 7.5 -10.0 3.75 416416681.57310003
180.0 10.0 -10.0 3.75 9999999991.5723
180.0 -5.0 -7.5 3.75 13.0442
180.0 -2.5 -7.5 3.75 5.4269
180.0 0.0 -7.5 3.75 2209.0416
180.0 2.5 -7.5 3.75 28842527.8081
180.0 5.0 -7.5 3.75 9999999856.728
180.0 7.5 -7.5 3.75 10000000046.880402
180.0 10.0 -7.5 3.75 9999999716.8302
180.0 -5.0 -5.0 3.75 13.1305
180.0 -2.5 -5.0 3.75 4.2493
180.0 0.0 -5.0 3.75 40.1138
180.0 2.5 -5.0 3.75 53334394.1981
180.0 5.0 -5.0 3.75 10000000052.3038
180.0 7.5 -5.0 3.75 9999999930.7299
180.0 10.0 -5.0 3.75 10000000099.2322
180.0 -5.0 -2.5 3.75 8.440000000000001
180.0 -2.5 -2.5 3.75 136658.7983
180.0 0.0 -2.5 3.75 11072822.736
180.0 2.5 -2.5 3.75 10000000036.9691
180.0 5.0 -2.5 3.75 9999999963.3841
180.0 7.5 -2.5 3.75 9999999997.695702
180.0 10.0 -2.5 3.75 9999999986.226301
180.0 -5.0 0.0 3.75 19.859499999999997
180.0 -2.5 0.0 3.75 2873325.7725
180.0 0.0 0.0 3.75 389550404.1484
180.0 2.5 0.0 3.75 9999999952.138
180.0 5.0 0.0 3.75 9999999939.489
180.0 7.5 0.0 3.75 10000000156.424002
180.0 10.0 0.0 3.75 10000000003.3418
180.0 -5.0 2.5 3.75 15.4205
180.0 -2.5 2.5 3.75 3644.258
180.0 0.0 2.5 3.75 51116314.4584
180.0 2.5 2.5 3.75 50032975.3904
180.0 5.0 2.5 3.75 10000000073.371101
180.0 7.5 2.5 3.75 10000000076.3934
180.0 10.0 2.5 3.75 10000000039.522902
180.0 -5.0 5.0 3.75 164221.2163
180.0 -2.5 5.0 3.75 186575512.745
180.0 0.0 5.0 3.75 9999999970.2544
180.0 2.5 5.0 3.75 2498126950.6913
180.0 5.0 5.0 3.75 9999999841.773901
180.0 7.5 5.0 3.75 9999999998.1536
180.0 10.0 5.0 3.75 10000000077.3862
180.0 -2.5 -2.5 7.5 48257181.2933
180.0 0.0 2.5 7.5 269896670.9867
180.0 0.0 5.0 7.5 6172071548.9014
180.0 -5.0 -2.5 8.75 84.6803
180.0 -2.5 -2.5 8.75 763653914.2731
180.0 2.5 -2.5 8.75 6039385.7246
180.0 -5.0 0.0 8.75 820674174.0704999
180.0 0.0 0.0 8.75 281709581.1322
180.0 0.0 2.5 8.75 3076546.9636999997
180.0 0.0 -10.0 10.0 -8.0448
180.0 2.5 -10.0 10.0 -14.6319
180.0 0.0 -7.5 10.0 -19.9759
180.0 2.5 -7.5 10.0 -30.6842
180.0 5.0 -7.5 10.0 125.41479999999999
180.0 -2.5 -5.0 10.0 450.73920000000004
180.0 0.0 -5.0 10.0 34.938700000000004
180.0 2.5 -5.0 10.0 -54.3622
180.0 5.0 -5.0 10.0 35265.4947
180.0 -5.0 -2.5 10.0 152.20250000000001
180.0 -2.5 -2.5 10.0 284141241.5978
180.0 0.0 -2.5 10.0 2252712672.1368003
180.0 2.5 -2.5 10.0 409216395.1264
180.0 -5.0 0.0 10.0 110871.6236
180.0 -2.5 0.0 10.0 2431108.5782999997
180.0 0.0 0.0 10.0 138814596.58310002
180.0 -5.0 2.5 10.0 15.049199999999999
180.0 0.0 2.5 10.0 3420743.9763
180.0 2.5 2.5 10.0 2335755303.0537
180.0 0.0 5.0 10.0 6142886592.0469
180.0 2.5 5.0 10.0 615581171.8233
180.0 0.0 -10.0 11.25 -6.2122
180.0 2.5 -10.0 11.25 -9.6221
180.0 5.0 -10.0 11.25 -7.213100000000001
180.0 0.0 -7.5 11.25 -17.1387
180.0 2.5 -7.5 11.25 -23.456300000000002
180.0 5.0 -7.5 11.25 -23.680799999999998
180.0 7.5 -7.5 11.25 1222.4071000000001
180.0 -2.5 -5.0 11.25 80.2944
180.0 0.0 -5.0 11.25 -25.110300000000002
180.0 2.5 -5.0 11.25 -40.1752
180.0 5.0 -5.0 11.25 456.1406
180.0 -5.0 -2.5 11.25 24.514
180.0 -2.5 -2.5 11.25 19851.8721
180.0 0.0 -2.5 11.25 9329499.8525
180.0 2.5 -2.5 11.25 165610783.6482
180.0 -5.0 0.0 11.25 26.820600000000002
180.0 -2.5 0.0 11.25 383079.5912
180.0 0.0 0.0 11.25 288612299.7342
180.0 -5.0 2.5 11.25 11.8926
180.0 -2.5 2.5 11.25 9.1712
180.0 0.0 2.5 11.25 9999999942.193901
180.0 2.5 2.5 11.25 10000000051.943
180.0 -5.0 5.0 11.25 3.3150000000000004
180.0 0.0 5.0 11.25 3289371841.5870004
180.0 2.5 5.0 11.25 912838484.2863001
180.0 -5.0 -10.0 12.5 -0.7051
180.0 -2.5 -10.0 12.5 -2.4547
180.0 0.0 -10.0 12.5 -4.547499999999999
180.0 2.5 -10.0 12.5 -5.9569
180.0 5.0 -10.0 12.5 -3.2004
180.0 7.5 -10.0 12.5 5.3279
180.0 10.0 -10.0 12.5 8.433800000000002
180.0 -2.5 -7.5 12.5 -7.7763
180.0 0.0 -7.5 12.5 -12.9159
180.0 2.5 -7.5 12.5 -16.4438
180.0 5.0 -7.5 12.5 -14.4391
180.0 7.5 -7.5 12.5 -10.375
180.0 -5.0 -5.0 12.5 -3.9762
180.0 -2.5 -5.0 12.5 -13.648399999999999
180.0 0.0 -5.0 12.5 -21.4927
180.0 2.5 -5.0 12.5 -28.3204
180.0 5.0 -5.0 12.5 -21.4877
180.0 -5.0 -2.5 12.5 3.1063
180.0 -2.5 -2.5 12.5 139.614
180.0 0.0 -2.5 12.5 2259117.3310000002
180.0 2.5 -2.5 12.5 23493.3629
180.0 5.0 -2.5 12.5 1118.3425
180.0 -5.0 0.0 12.5 14.705800000000002
180.0 -2.5 0.0 12.5 66.4064
180.0 0.0 0.0 12.5 1455906.2433
180.0 2.5 0.0 12.5 10000000089.9869
180.0 -5.0 2.5 12.5 8.797
180.0 -2.5 2.5 12.5 24.184900000000003
180.0 0.0 2.5 12.5 612333.0264
180.0 2.5 2.5 12.5 1988979.7883
180.0 -5.0 5.0 12.5 4.7631
180.0 -2.5 5.0 12.5 173035943.4293
180.0 0.0 5.0 12.5 241117227.13610002
180.0 2.5 5.0 12.5 248564473.88910002
180.0 5.0 5.0 12.5 2429679.9914
180.0 7.5 5.0 12.5 901649813.1547999
180.0 10.0 5.0 12.5 369763009.9445
180.0 -5.0 -10.0 13.75 -0.4315
180.0 -2.5 -10.0 13.75 -1.5317
180.0 0.0 -10.0 13.75 -2.9809
180.0 2.5 -10.0 13.75 -2.8952999999999998
180.0 5.0 -10.0 13.75 -0.8966
180.0 7.5 -10.0 13.75 1.9023999999999999
180.0 10.0 -10.0 13.75 5.3574
180.0 -5.0 -7.5 13.75 -1.8520999999999999
180.0 -2.5 -7.5 13.75 -5.5095
180.0 0.0 -7.5 13.75 -9.4688
180.0 2.5 -7.5 13.75 -10.6358
180.0 5.0 -7.5 13.75 -7.994
180.0 7.5 -7.5 13.75 -4.590199999999999
180.0 10.0 -7.5 13.75 19.6102
180.0 -5.0 -5.0 13.75 -2.9392
180.0 -2.5 -5.0 13.75 -9.5925
180.0 0.0 -5.0 13.75 -16.3544
180.0 2.5 -5.0 13.75 -18.4163
180.0 5.0 -5.0 13.75 -14.2573
180.0 -5.0 -2.5 13.75 1.2572
180.0 -2.5 -2.5 13.75 -4.0296
180.0 0.0 -2.5 13.75 2190.3982
180.0 2.5 -2.5 13.75 444.29080000000005
180.0 5.0 -2.5 13.75 82.7555
180.0 -5.0 0.0 13.75 7.411599999999999
180.0 -2.5 0.0 13.75 -2.7351
180.0 0.0 0.0 13.75 1054.8538999999998
180.0 2.5 0.0 13.75 5092.529399999999
180.0 -5.0 2.5 13.75 5.4844
180.0 -2.5 2.5 13.75 141.1022
180.0 0.0 2.5 13.75 4413810.8643
180.0 2.5 2.5 13.75 1501199.0607999999
180.0 5.0 2.5 13.75 418162.7458
180.0 -5.0 5.0 13.75 2.0502000000000002
180.0 -2.5 5.0 13.75 16533.996900000002
180.0 0.0 5.0 13.75 4540000.069200001
180.0 2.5 5.0 13.75 77176233.4488
180.0 5.0 5.0 13.75 662122943.7535
180.0 7.5 5.0 13.75 98862004.5254
180.0 10.0 5.0 13.75 23906.9981
180.0 -5.0 -10.0 15.0 -0.3376
180.0 -2.5 -10.0 15.0 -0.6006999999999999
180.0 0.0 -10.0 15.0 -0.9421
180.0 2.5 -10.0 15.0 -1.2939
180.0 5.0 -10.0 15.0 0.033299999999999996
180.0 7.5 -10.0 15.0 1.7147000000000001
180.0 10.0 -10.0 15.0 4.3017
180.0 -5.0 -7.5 15.0 -0.8798
180.0 -2.5 -7.5 15.0 -3.1929
180.0 0.0 -7.5 15.0 -5.895099999999999
180.0 2.5 -7.5 15.0 -6.7352
180.0 5.0 -7.5 15.0 -4.231
180.0 7.5 -7.5 15.0 -1.1060999999999999
180.0 10.0 -7.5 15.0 4.9881
180.0 -5.0 -5.0 15.0 -1.6933
180.0 -2.5 -5.0 15.0 -6.2809
180.0 0.0 -5.0 15.0 -10.7172
180.0 2.5 -5.0 15.0 -11.0763
180.0 5.0 -5.0 15.0 -8.5148
180.0 7.5 -5.0 15.0 5.4277999999999995
180.0 10.0 -5.0 15.0 38.1507
180.0 -5.0 -2.5 15.0 0.5628
180.0 -2.5 -2.5 15.0 -5.5779
180.0 0.0 -2.5 15.0 -6.9017
180.0 2.5 -2.5 15.0 -16.2054
180.0 5.0 -2.5 15.0 -15.1571
180.0 10.0 -2.5 15.0 17.8724
180.0 -5.0 0.0 15.0 4.019
180.0 -2.5 0.0 15.0 -2.6411
180.0 0.0 0.0 15.0 -11.575
180.0 2.5 0.0 15.0 -29.508899999999997
180.0 5.0 0.0 15.0 -10.9633
180.0 -5.0 2.5 15.0 3.0769
180.0 -2.5 2.5 15.0 58.2835
180.0 0.0 2.5 15.0 207358.2994
180.0 2.5 2.5 15.0 9999999992.0897
180.0 5.0 2.5 15.0 106003354.50299999
180.0 7.5 2.5 15.0 150878061.9635
180.0 -5.0 5.0 15.0 -0.1783999999999999
180.0 -2.5 5.0 15.0 7519.6621
180.0 0.0 5.0 15.0 10937731.4472
180.0 2.5 5.0 15.0 89546220.8279
180.0 5.0 5.0 15.0 8387557.235
180.0 7.5 5.0 15.0 10000000095.3985
180.0 10.0 5.0 15.0 129786.3127
180.0 -5.0 -10.0 16.25 -0.21289999999999998
180.0 -2.5 -10.0 16.25 -0.25579999999999997
180.0 0.0 -10.0 16.25 -0.2786
180.0 2.5 -10.0 16.25 -0.20489999999999997
180.0 5.0 -10.0 16.25 0.26459999999999995
180.0 7.5 -10.0 16.25 1.2897
180.0 10.0 -10.0 16.25 2.6241
180.0 -5.0 -7.5 16.25 -0.3856
180.0 -2.5 -7.5 16.25 -1.5879999999999999
180.0 0.0 -7.5 16.25 -3.1254
180.0 2.5 -7.5 16.25 -3.6423
180.0 5.0 -7.5 16.25 -2.377
180.0 7.5 -7.5 16.25 -0.02429999999999999
180.0 10.0 -7.5 16.25 2.8678999999999997
180.0 -5.0 -5.0 16.25 -0.5686
180.0 -2.5 -5.0 16.25 -3.6561
180.0 0.0 -5.0 16.25 -6.3036
180.0 2.5 -5.0 16.25 -6.9798
180.0 5.0 -5.0 16.25 -5.3326
180.0 7.5 -5.0 16.25 -3.1144
180.0 10.0 -5.0 16.25 2.6869000000000005
180.0 -5.0 -2.5 16.25 0.3444
180.0 -2.5 -2.5 16.25 -3.3361
180.0 0.0 -2.5 16.25 -9.4406
180.0 2.5 -2.5 16.25 -14.0812
180.0 5.0 -2.5 16.25 -13.5609
180.0 7.5 -2.5 16.25 -16.3323
180.0 10.0 -2.5 16.25 -8.6683
180.0 -5.0 0.0 16.25 2.422
180.0 -2.5 0.0 16.25 -1.8216
180.0 0.0 0.0 16.25 -13.418099999999999
180.0 2.5 0.0 16.25 -25.6108
180.0 5.0 0.0 16.25 -26.8027
180.0 7.5 0.0 16.25 -31.0816
180.0 -5.0 2.5 16.25 1.6940999999999997
180.0 -2.5 2.5 16.25 -2.2878
180.0 0.0 2.5 16.25 417.6897
180.0 2.5 2.5 16.25 64329347.6312
180.0 5.0 2.5 16.25 6.240299999999998
180.0 7.5 2.5 16.25 8721.2265
180.0 -5.0 5.0 16.25 1.1771
180.0 -2.5 5.0 16.25 -6.1663
180.0 0.0 5.0 16.25 726437.7939
180.0 2.5 5.0 16.25 267545.9111
180.0 5.0 5.0 16.25 182.3026
180.0 7.5 5.0 16.25 2753174.583
180.0 10.0 5.0 16.25 -54.40789999999999
240.0 -5.0 -10.0 3.75 5.199199999999999
240.0 -2.5 -10.0 3.75 9.7602
240.0 0.0 -10.0 3.75 10.576600000000001
240.0 2.5 -10.0 3.75 743.9002
240.0 5.0 -10.0 3.75 914161576.686
240.0 7.5 -10.0 3.75 9999999953.760601
240.0 10.0 -10.0 3.75 1532696067.5396998
240.0 -5.0 -7.5 3.75 9.0993
240.0 -2.5 -7.5 3.75 11.751000000000001
240.0 0.0 -7.5 3.75 472.4374
240.0 2.5 -7.5 3.75 86490323.2164
240.0 5.0 -7.5 3.75 10000000027.163
240.0 7.5 -7.5 3.75 10000000074.260101
240.0 10.0 -7.5 3.75 10000000202.8544
240.0 -5.0 -5.0 3.75 16.8369
240.0 -2.5 -5.0 3.75 15.4594
240.0 0.0 -5.0 3.75 179494216.4458
240.0 2.5 -5.0 3.75 586718429.9176
240.0 5.0 -5.0 3.75 10000000002.151201
240.0 7.5 -5.0 3.75 9999999952.612202
240.0 10.0 -5.0 3.75 10000000214.6882
240.0 -5.0 -2.5 3.75 28.1037
240.0 -2.5 -2.5 3.75 32.586000000000006
240.0 0.0 -2.5 3.75 24101647.7518
240.0 2.5 -2.5 3.75 10000000023.811
240.0 5.0 -2.5 3.75 10000000052.265202
240.0 7.5 -2.5 3.75 10000000139.696901
240.0 10.0 -2.5 3.75 10000000260.004702
240.0 -5.0 0.0 3.75 30.6184
240.0 -2.5 0.0 3.75 226.60490000000001
240.0 0.0 0.0 3.75 15674.7024
240.0 2.5 0.0 3.75 7853943509.318399
240.0 5.0 0.0 3.75 1368248853.4136
240.0 7.5 0.0 3.75 4075477830.2235003
240.0 10.0 0.0 3.75 10000000010.073101
240.0 -5.0 2.5 3.75 146.6107
240.0 -2.5 2.5 3.75 119287281.57839999
240.0 0.0 2.5 3.75 2803449.8037
240.0 2.5 2.5 3.75 9999999986.9367
240.0 5.0 2.5 3.75 9999999998.080801
240.0 7.5 2.5 3.75 10000000095.6046
240.0 10.0 2.5 3.75 9999999805.259602
240.0 -5.0 5.0 3.75 76.6926
240.0 -2.5 5.0 3.75 139482494.3232
240.0 0.0 5.0 3.75 2629682.841
240.0 2.5 5.0 3.75 2264216981.6173
240.0 5.0 5.0 3.75 9999999924.0723
240.0 7.5 5.0 3.75 10000000046.623402
240.0 10.0 5.0 3.75 10000000121.801601
240.0 0.0 0.0 5.0 48479.609500000006
240.0 -2.5 2.5 5.0 33088764.004199997
240.0 -2.5 5.0 5.0 9999999886.155201
240.0 0.0 0.0 6.25 295243.4356
240.0 -2.5 2.5 6.25 1656378728.6092
240.0 0.0 2.5 6.25 10000000219.944
240.0 -5.0 5.0 6.25 25918.3727
240.0 -2.5 5.0 6.25 816999.5282000001
240.0 2.5 -10.0 7.5 31.8654
240.0 -2.5 -7.5 7.5 11.8198
240.0 0.0 -5.0 7.5 3217.4091
240.0 0.0 0.0 7.5 132941526.3265
240.0 -2.5 2.5 7.5 4680862.8675
240.0 0.0 2.5 7.5 266292248.8522
240.0 -5.0 5.0 7.5 35517.8511
240.0 -2.5 5.0 7.5 9999999993.456501
240.0 0.0 5.0 7.5 9999999879.4468
240.0 0.0 -10.0 8.75 6.667999999999999
240.0 2.5 -10.0 8.75 4.661999999999999
240.0 5.0 -10.0 8.75 524.9512
240.0 -2.5 -7.5 8.75 10.136399999999998
240.0 0.0 -7.5 8.75 12.6772
240.0 2.5 -7.5 8.75 8241.2717
240.0 -2.5 -5.0 8.75 16.972199999999997
240.0 0.0 -5.0 8.75 122.5714
240.0 0.0 -2.5 8.75 99.0962
240.0 2.5 -2.5 8.75 2173318.4727000003
240.0 -2.5 0.0 8.75 278924389.991
240.0 0.0 0.0 8.75 76419.8469
240.0 -2.5 2.5 8.75 82556459.081
240.0 0.0 2.5 8.75 6675386299.8441
240.0 2.5 2.5 8.75 10000000037.996101
240.0 -5.0 5.0 8.75 4426703.0656
240.0 -2.5 5.0 8.75 132580593.517
240.0 0.0 5.0 8.75 9999999969.801601
240.0 0.0 -10.0 10.0 5.3072
240.0 2.5 -10.0 10.0 3.4833000000000003
240.0 5.0 -10.0 10.0 5.6472
240.0 -2.5 -7.5 10.0 7.5429
240.0 0.0 -7.5 10.0 9.345699999999999
240.0 2.5 -7.5 10.0 23.612000000000002
240.0 -2.5 -5.0 10.0 13.463799999999999
240.0 0.0 -5.0 10.0 12.8353
240.0 -5.0 -2.5 10.0 12.5391
240.0 -2.5 -2.5 10.0 21.9895
240.0 0.0 -2.5 10.0 36.3245
240.0 2.5 -2.5 10.0 1028.915
240.0 -2.5 0.0 10.0 204610548.85750002
240.0 0.0 0.0 10.0 3802546.6636
240.0 2.5 0.0 10.0 264096679.8809
240.0 -5.0 2.5 10.0 593391797.5825
240.0 -2.5 2.5 10.0 793962065.5115
240.0 0.0 2.5 10.0 145365517.7981
240.0 2.5 2.5 10.0 98787653.39189999
240.0 -5.0 5.0 10.0 43914.731199999995
240.0 -2.5 5.0 10.0 75045174.151
240.0 0.0 5.0 10.0 9999999979.792702
240.0 2.5 5.0 10.0 9999999888.377201
240.0 7.5 5.0 10.0 2275778535.3692
240.0 -2.5 -10.0 11.25 2.3202000000000003
240.0 0.0 -10.0 11.25 4.1471
240.0 2.5 -10.0 11.25 3.1501
240.0 5.0 -10.0 11.25 -2.5348
240.0 7.5 -10.0 11.25 86.2684
240.0 10.0 -10.0 11.25 243.6177
240.0 -5.0 -7.5 11.25 3.6304000000000003
240.0 -2.5 -7.5 11.25 5.5895
240.0 0.0 -7.5 11.25 6.8656
240.0 2.5 -7.5 11.25 0.5659999999999998
240.0 -2.5 -5.0 11.25 9.9056
240.0 0.0 -5.0 11.25 10.0477
240.0 2.5 -5.0 11.25 2.2095000000000002
240.0 -5.0 -2.5 11.25 10.110999999999999
240.0 -2.5 -2.5 11.25 13.7334
240.0 0.0 -2.5 11.25 13.4878
240.0 2.5 -2.5 11.25 20.4141
240.0 -5.0 0.0 11.25 68471.47690000001
240.0 -2.5 0.0 11.25 3004717671.4695997
240.0 0.0 0.0 11.25 129741159.5253
240.0 2.5 0.0 11.25 4209618.2123
240.0 -2.5 2.5 11.25 178936522.5817
240.0 0.0 2.5 11.25 7178990555.1235
240.0 2.5 2.5 11.25 9999999980.3717
240.0 5.0 2.5 11.25 10000000175.583601
240.0 7.5 2.5 11.25 9999999910.277601
240.0 -5.0 5.0 11.25 2011171.7499000002
240.0 -2.5 5.0 11.25 13303528.4468
240.0 0.0 5.0 11.25 10000000018.6403
240.0 2.5 5.0 11.25 10000000226.324501
240.0 7.5 5.0 11.25 9999999966.566801
240.0 -2.5 -10.0 12.5 1.5066
240.0 0.0 -10.0 12.5 2.7874
240.0 2.5 -10.0 12.5 2.7556
240.0 5.0 -10.0 12.5 -2.1244
240.0 7.5 -10.0 12.5 -13.374199999999998
240.0 10.0 -10.0 12.5 -19.2006
240.0 -5.0 -7.5 12.5 2.1384000000000003
240.0 -2.5 -7.5 12.5 3.6999
240.0 0.0 -7.5 12.5 4.2577
240.0 2.5 -7.5 12.5 0.04630000000000001
240.0 5.0 -7.5 12.5 -16.5208
240.0 -5.0 -5.0 12.5 5.1594
240.0 -2.5 -5.0 12.5 7.4300999999999995
240.0 0.0 -5.0 12.5 7.0661000000000005
240.0 2.5 -5.0 12.5 -0.8009999999999997
240.0 5.0 -5.0 12.5 354.6279
240.0 -5.0 -2.5 12.5 8.139
240.0 -2.5 -2.5 12.5 9.927999999999999
240.0 0.0 -2.5 12.5 6.7302
240.0 2.5 -2.5 12.5 5.6674999999999995
240.0 -5.0 0.0 12.5 584.4592
240.0 -2.5 0.0 12.5 4615389.8509
240.0 0.0 0.0 12.5 1065340.8827999998
240.0 2.5 0.0 12.5 341893987.7632
240.0 5.0 0.0 12.5 2491311.8036
240.0 -5.0 2.5 12.5 490294.1968
240.0 -2.5 2.5 12.5 207213451.3707
240.0 0.0 2.5 12.5 70575596.20619999
240.0 2.5 2.5 12.5 312326225.02709997
240.0 5.0 2.5 12.5 9999999909.187
240.0 7.5 2.5 12.5 10000000145.135801
240.0 -5.0 5.0 12.5 70173.9924
240.0 -2.5 5.0 12.5 3220819.419
240.0 0.0 5.0 12.5 30696891.6913
240.0 2.5 5.0 12.5 9999999987.9258
240.0 5.0 5.0 12.5 1924875694.6202
240.0 7.5 5.0 12.5 9999999955.835402
240.0 -2.5 -10.0 13.75 0.7735000000000001
240.0 0.0 -10.0 13.75 1.8364
240.0 2.5 -10.0 13.75 1.8389000000000002
240.0 5.0 -10.0 13.75 -1.2877
240.0 7.5 -10.0 13.75 -7.6617
240.0 10.0 -10.0 13.75 -11.297600000000001
240.0 -5.0 -7.5 13.75 0.8807
240.0 -2.5 -7.5 13.75 2.0074
240.0 0.0 -7.5 13.75 2.6503
240.0 2.5 -7.5 13.75 -0.6933
240.0 5.0 -7.5 13.75 -13.5474
240.0 7.5 -7.5 13.75 2.3699999999999974
240.0 10.0 -7.5 13.75 470.027
240.0 -5.0 -5.0 13.75 2.9445
240.0 -2.5 -5.0 13.75 4.8273
240.0 0.0 -5.0 13.75 3.6809
240.0 2.5 -5.0 13.75 -3.1264000000000003
240.0 5.0 -5.0 13.75 22.742500000000003
240.0 -5.0 -2.5 13.75 5.6766
240.0 -2.5 -2.5 13.75 5.4887
240.0 0.0 -2.5 13.75 2.0804
240.0 2.5 -2.5 13.75 -3.2453
240.0 -5.0 0.0 13.75 10.2206
240.0 -2.5 0.0 13.75 2774.6059999999998
240.0 0.0 0.0 13.75 58573.3481
240.0 2.5 0.0 13.75 212927.83630000002
240.0 5.0 0.0 13.75 122049.0481
240.0 -5.0 2.5 13.75 111.84140000000001
240.0 -2.5 2.5 13.75 8573.5813
240.0 0.0 2.5 13.75 52933.5922
240.0 2.5 2.5 13.75 3293523.6243
240.0 5.0 2.5 13.75 9999999929.764101
240.0 7.5 2.5 13.75 9999999900.842201
240.0 10.0 2.5 13.75 10908148.7874
240.0 -5.0 5.0 13.75 2.5504000000000002
240.0 -2.5 5.0 13.75 176.5774
240.0 0.0 5.0 13.75 10000000031.594702
240.0 2.5 5.0 13.75 173512059.9252
240.0 5.0 5.0 13.75 191933.43
240.0 7.5 5.0 13.75 5117600157.3669
240.0 10.0 5.0 13.75 10986183.0553
240.0 -5.0 -10.0 15.0 -0.08489999999999999
240.0 -2.5 -10.0 15.0 0.4165
240.0 0.0 -10.0 15.0 0.5731
240.0 2.5 -10.0 15.0 0.6818000000000001
240.0 5.0 -10.0 15.0 -1.0274
240.0 7.5 -10.0 15.0 -4.6259
240.0 10.0 -10.0 15.0 -6.5982
240.0 -5.0 -7.5 15.0 0.18580000000000002
240.0 -2.5 -7.5 15.0 0.7293
240.0 0.0 -7.5 15.0 1.3125
240.0 2.5 -7.5 15.0 -1.3054999999999999
240.0 5.0 -7.5 15.0 -10.0937
240.0 7.5 -7.5 15.0 -19.793499999999998
240.0 10.0 -7.5 15.0 -13.3002
240.0 -5.0 -5.0 15.0 1.1504
240.0 -2.5 -5.0 15.0 2.2001999999999997
240.0 0.0 -5.0 15.0 1.6156
240.0 2.5 -5.0 15.0 -4.4272
240.0 5.0 -5.0 15.0 -19.4757
240.0 10.0 -5.0 15.0 3.374900000000004
240.0 -5.0 -2.5 15.0 3.3076
240.0 -2.5 -2.5 15.0 2.2121000000000004
240.0 0.0 -2.5 15.0 -2.0351
240.0 2.5 -2.5 15.0 -8.6507
240.0 5.0 -2.5 15.0 -19.454500000000003
240.0 7.5 -2.5 15.0 1.4802999999999997
240.0 -5.0 0.0 15.0 2.7314
240.0 -2.5 0.0 15.0 49.3374
240.0 0.0 0.0 15.0 615.999
240.0 2.5 0.0 15.0 20639.231499999998
240.0 5.0 0.0 15.0 295.9087
240.0 7.5 0.0 15.0 823.6975
240.0 -5.0 2.5 15.0 3.0414999999999996
240.0 -2.5 2.5 15.0 144.02519999999998
240.0 0.0 2.5 15.0 680045.7455999999
240.0 2.5 2.5 15.0 5987286440.224199
240.0 5.0 2.5 15.0 9999999856.949202
240.0 7.5 2.5 15.0 14040684.4615
240.0 10.0 2.5 15.0 8696.3633
240.0 -5.0 5.0 15.0 3.2716999999999996
240.0 -2.5 5.0 15.0 635.3637
240.0 0.0 5.0 15.0 9999999950.948301
240.0 2.5 5.0 15.0 5500385844.0716
240.0 5.0 5.0 15.0 17247960.1955
240.0 7.5 5.0 15.0 1223881.6519
240.0 10.0 5.0 15.0 37393.5794
240.0 -5.0 -10.0 16.25 -0.06470000000000001
240.0 -2.5 -10.0 16.25 0.2408
240.0 0.0 -10.0 16.25 0.3304
240.0 2.5 -10.0 16.25 0.04780000000000001
240.0 5.0 -10.0 16.25 -1.2929
240.0 7.5 -10.0 16.25 -3.7923999999999998
240.0 10.0 -10.0 16.25 -4.1205
240.0 -5.0 -7.5 16.25 -0.078
240.0 -2.5 -7.5 16.25 0.1989
240.0 0.0 -7.5 16.25 0.1261
240.0 2.5 -7.5 16.25 -1.3122
240.0 5.0 -7.5 16.25 -7.175599999999999
240.0 7.5 -7.5 16.25 -13.929200000000002
240.0 10.0 -7.5 16.25 -14.0362
240.0 -5.0 -5.0 16.25 0.2049
240.0 -2.5 -5.0 16.25 0.41700000000000004
240.0 0.0 -5.0 16.25 -0.6718999999999999
240.0 2.5 -5.0 16.25 -5.0837
240.0 5.0 -5.0 16.25 -16.0277
240.0 7.5 -5.0 16.25 -30.1725
240.0 10.0 -5.0 16.25 -31.563
240.0 -5.0 -2.5 16.25 1.2690000000000001
240.0 -2.5 -2.5 16.25 -0.005099999999999993
240.0 0.0 -2.5 16.25 -5.208
240.0 2.5 -2.5 16.25 -12.359100000000002
240.0 5.0 -2.5 16.25 -27.071299999999997
240.0 7.5 -2.5 16.25 -39.2398
240.0 10.0 -2.5 16.25 -42.5668
240.0 -5.0 0.0 16.25 1.6701000000000001
240.0 -2.5 0.0 16.25 -2.1042
240.0 0.0 0.0 16.25 -19.3833
240.0 2.5 0.0 16.25 53.254900000000006
240.0 5.0 0.0 16.25 -49.9769
240.0 7.5 0.0 16.25 -53.5968
240.0 -5.0 2.5 16.25 3.0857
240.0 -2.5 2.5 16.25 1.9141
240.0 0.0 2.5 16.25 894098.8801
240.0 2.5 2.5 16.25 10000000037.5405
240.0 5.0 2.5 16.25 9999999851.3013
240.0 7.5 2.5 16.25 2639.5609
240.0 10.0 2.5 16.25 26.626100000000008
240.0 -5.0 5.0 16.25 4.8615
240.0 -2.5 5.0 16.25 1177.1915000000001
240.0 0.0 5.0 16.25 40978181.663
240.0 2.5 5.0 16.25 592652.7014
240.0 5.0 5.0 16.25 16017.324200000001
240.0 7.5 5.0 16.25 -9.705300000000001
240.0 10.0 5.0 16.25 73.1042
300.0 -5.0 -10.0 3.75 0.185
300.0 -2.5 -10.0 3.75 0.2091
300.0 0.0 -10.0 3.75 -1.3589
300.0 2.5 -10.0 3.75 -3.8545000000000003
300.0 5.0 -10.0 3.75 455.3484
300.0 7.5 -10.0 3.75 2162665760.2264004
300.0 10.0 -10.0 3.75 565131539.4628
300.0 -5.0 -7.5 3.75 2.8352000000000004
300.0 -2.5 -7.5 3.75 4.4837
300.0 0.0 -7.5 3.75 2.5686
300.0 2.5 -7.5 3.75 304.329
300.0 5.0 -7.5 3.75 5366037542.562201
300.0 7.5 -7.5 3.75 9999999991.6082
300.0 10.0 -7.5 3.75 9999999986.912102
300.0 -5.0 -5.0 3.75 3.3981
300.0 -2.5 -5.0 3.75 10.7166
300.0 0.0 -5.0 3.75 12.313499999999998
300.0 2.5 -5.0 3.75 485487.8801
300.0 5.0 -5.0 3.75 9999999995.5002
300.0 7.5 -5.0 3.75 5076087643.5706005
300.0 10.0 -5.0 3.75 10000000030.595701
300.0 -5.0 -2.5 3.75 -0.4744
300.0 -2.5 -2.5 3.75 9.094
300.0 0.0 -2.5 3.75 17775.3567
300.0 2.5 -2.5 3.75 770386800.6635
300.0 5.0 -2.5 3.75 9999999884.282701
300.0 7.5 -2.5 3.75 10000000242.682001
300.0 10.0 -2.5 3.75 10000000064.2991
300.0 -5.0 0.0 3.75 -8.1825
300.0 -2.5 0.0 3.75 3245.5822000000003
300.0 0.0 0.0 3.75 495.942
300.0 2.5 0.0 3.75 139446.61000000002
300.0 5.0 0.0 3.75 10000000007.4771
300.0 7.5 0.0 3.75 9999999950.296902
300.0 10.0 0.0 3.75 9999999968.5662
300.0 -5.0 2.5 3.75 -21.359199999999998
300.0 -2.5 2.5 3.75 822.0869
300.0 0.0 2.5 3.75 1300231851.2223
300.0 2.5 2.5 3.75 9999999965.1158
300.0 5.0 2.5 3.75 9999999961.5063
300.0 7.5 2.5 3.75 10000000106.310202
300.0 10.0 2.5 3.75 9999999913.346401
300.0 -5.0 5.0 3.75 -34.8742
300.0 -2.5 5.0 3.75 1244931.9659000002
300.0 0.0 5.0 3.75 9999999876.163502
300.0 2.5 5.0 3.75 9999999893.984901
300.0 5.0 5.0 3.75 9999999906.1422
300.0 7.5 5.0 3.75 9999999838.7956
300.0 10.0 5.0 3.75 9999999983.0972
300.0 -2.5 -2.5 6.25 19.581500000000002
300.0 0.0 -2.5 6.25 78.2344
300.0 2.5 -2.5 6.25 6372445.932399999
300.0 2.5 -5.0 7.5 92.4992
300.0 -2.5 -2.5 7.5 15.011099999999999
300.0 0.0 -2.5 7.5 235.34140000000002
300.0 0.0 0.0 7.5 7057.7173
300.0 0.0 2.5 7.5 2116620248.9801
300.0 5.0 -10.0 8.75 4.6305
300.0 2.5 -7.5 8.75 9.3187
300.0 5.0 -7.5 8.75 199.2158
300.0 0.0 -5.0 8.75 17.6404
300.0 2.5 -5.0 8.75 542.2014
300.0 5.0 -5.0 8.75 2619670.8202000004
300.0 -5.0 -2.5 8.75 5.2597
300.0 -2.5 -2.5 8.75 9.9285
300.0 0.0 -2.5 8.75 1545.1778000000002
300.0 2.5 -2.5 8.75 428760177.2295
300.0 -5.0 0.0 8.75 2.6538000000000004
300.0 0.0 0.0 8.75 24670231.5519
300.0 0.0 2.5 8.75 188285211.98000002
300.0 0.0 5.0 8.75 259066492.141
300.0 0.0 -10.0 10.0 4.1993
300.0 2.5 -10.0 10.0 6.7889
300.0 5.0 -10.0 10.0 6.6436
300.0 7.5 -10.0 10.0 265.661
300.0 10.0 -10.0 10.0 2124.8021
300.0 2.5 -7.5 10.0 11.424
300.0 5.0 -7.5 10.0 7.8445
300.0 -5.0 -5.0 10.0 4.834899999999999
300.0 0.0 -5.0 10.0 15.459499999999998
300.0 2.5 -5.0 10.0 1837.9154
300.0 5.0 -5.0 10.0 438487.28620000003
300.0 -5.0 -2.5 10.0 4.1004000000000005
300.0 -2.5 -2.5 10.0 5.7663
300.0 0.0 -2.5 10.0 37244.7348
300.0 2.5 -2.5 10.0 707112676.6031001
300.0 -5.0 0.0 10.0 2.9379
300.0 -2.5 0.0 10.0 842.6464
300.0 0.0 0.0 10.0 6066942.295000001
300.0 2.5 0.0 10.0 15154004.0647
300.0 0.0 2.5 10.0 5539442615.622801
300.0 0.0 5.0 10.0 17380143.8369
300.0 2.5 5.0 10.0 2900733872.5317
300.0 0.0 -10.0 11.25 4.144299999999999
300.0 2.5 -10.0 11.25 6.4077
300.0 5.0 -10.0 11.25 7.3008999999999995
300.0 7.5 -10.0 11.25 4.353200000000001
300.0 10.0 -10.0 11.25 28.3896
300.0 -2.5 -7.5 11.25 4.457
300.0 0.0 -7.5 11.25 7.3355999999999995
300.0 2.5 -7.5 11.25 10.529
300.0 5.0 -7.5 11.25 6.271600000000001
300.0 7.5 -7.5 11.25 11.544699999999999
300.0 -5.0 -5.0 11.25 3.1536999999999997
300.0 -2.5 -5.0 11.25 5.5908999999999995
300.0 0.0 -5.0 11.25 14.256
300.0 2.5 -5.0 11.25 3471.6068
300.0 5.0 -5.0 11.25 233.26
300.0 -5.0 -2.5 11.25 3.1197000000000004
300.0 -2.5 -2.5 11.25 2.1332999999999998
300.0 0.0 -2.5 11.25 1874.0953
300.0 2.5 -2.5 11.25 353876699.9837
300.0 -5.0 0.0 11.25 2.5768999999999997
300.0 -2.5 0.0 11.25 1839.6386
300.0 0.0 0.0 11.25 140814598.4229
300.0 2.5 0.0 11.25 576928349.8520999
300.0 -5.0 2.5 11.25 5.730700000000001
300.0 -2.5 2.5 11.25 7349.3627
300.0 0.0 2.5 11.25 18977182.397299998
300.0 2.5 2.5 11.25 36420150.7989
300.0 5.0 2.5 11.25 9999999978.992
300.0 0.0 5.0 11.25 2022147.5885
300.0 2.5 5.0 11.25 1307264561.9724
300.0 5.0 5.0 11.25 9999999970.8309
300.0 7.5 5.0 11.25 10000000174.2886
300.0 -2.5 -10.0 12.5 0.766
300.0 0.0 -10.0 12.5 2.5246999999999997
300.0 2.5 -10.0 12.5 5.3964
300.0 5.0 -10.0 12.5 6.3108
300.0 7.5 -10.0 12.5 3.3492
300.0 10.0 -10.0 12.5 1.7671999999999999
300.0 -2.5 -7.5 12.5 2.8035
300.0 0.0 -7.5 12.5 5.8845
300.0 2.5 -7.5 12.5 8.123
300.0 5.0 -7.5 12.5 4.266500000000001
300.0 7.5 -7.5 12.5 4.3009
300.0 -5.0 -5.0 12.5 1.5129
300.0 -2.5 -5.0 12.5 2.864
300.0 0.0 -5.0 12.5 7.664000000000001
300.0 2.5 -5.0 12.5 640.2245
300.0 5.0 -5.0 12.5 22.056
300.0 -5.0 -2.5 12.5 1.8312
300.0 -2.5 -2.5 12.5 0.39460000000000006
300.0 0.0 -2.5 12.5 93.6261
300.0 2.5 -2.5 12.5 9999999859.6107
300.0 5.0 -2.5 12.5 193956.52029999997
300.0 -5.0 0.0 12.5 2.2914
300.0 -2.5 0.0 12.5 9.2285
300.0 0.0 0.0 12.5 139256165.0735
300.0 2.5 0.0 12.5 425638.3265
300.0 5.0 0.0 12.5 9999999974.528502
300.0 7.5 0.0 12.5 2696756.424
300.0 -5.0 2.5 12.5 6.170299999999999
300.0 -2.5 2.5 12.5 1273.8533
300.0 0.0 2.5 12.5 436450.538
300.0 2.5 2.5 12.5 19579730.3192
300.0 5.0 2.5 12.5 969153125.0802
300.0 7.5 2.5 12.5 193791434.0386
300.0 -5.0 5.0 12.5 12.1509
300.0 -2.5 5.0 12.5 161.6721
300.0 0.0 5.0 12.5 176285153.202
300.0 2.5 5.0 12.5 933648156.1897
300.0 5.0 5.0 12.5 2228894219.3275
300.0 7.5 5.0 12.5 7058170192.6407995
300.0 -2.5 -10.0 13.75 0.1799
300.0 0.0 -10.0 13.75 1.2396
300.0 2.5 -10.0 13.75 3.4522
300.0 5.0 -10.0 13.75 4.2866
300.0 7.5 -10.0 13.75 0.42280000000000006
300.0 10.0 -10.0 13.75 -2.7706
300.0 -5.0 -7.5 13.75 0.1573
300.0 -2.5 -7.5 13.75 1.1007
300.0 0.0 -7.5 13.75 3.4929
300.0 2.5 -7.5 13.75 5.1445
300.0 5.0 -7.5 13.75 1.6388999999999998
300.0 7.5 -7.5 13.75 -9.4789
300.0 -5.0 -5.0 13.75 0.3449
300.0 -2.5 -5.0 13.75 0.9192
300.0 0.0 -5.0 13.75 2.0763
300.0 2.5 -5.0 13.75 9.896799999999999
300.0 5.0 -5.0 13.75 -4.7281
300.0 -5.0 -2.5 13.75 0.6601
300.0 -2.5 -2.5 13.75 -0.11760000000000004
300.0 0.0 -2.5 13.75 52.4709
300.0 2.5 -2.5 13.75 30896.7203
300.0 5.0 -2.5 13.75 8057.5175
300.0 7.5 -2.5 13.75 926.9224
300.0 -5.0 0.0 13.75 1.4106
300.0 -2.5 0.0 13.75 1.0734999999999997
300.0 0.0 0.0 13.75 117.1493
300.0 2.5 0.0 13.75 21459.0752
300.0 5.0 0.0 13.75 191808.2056
300.0 7.5 0.0 13.75 108505.7605
300.0 -5.0 2.5 13.75 5.2959000000000005
300.0 -2.5 2.5 13.75 14.1094
300.0 0.0 2.5 13.75 107.30969999999999
300.0 2.5 2.5 13.75 21585217.349
300.0 5.0 2.5 13.75 172022270.6627
300.0 7.5 2.5 13.75 19264029.3548
300.0 10.0 2.5 13.75 10000000035.8502
300.0 -5.0 5.0 13.75 11.3485
300.0 -2.5 5.0 13.75 37.103899999999996
300.0 0.0 5.0 13.75 6225580.3783
300.0 2.5 5.0 13.75 156695757.6148
300.0 5.0 5.0 13.75 199137016.6587
300.0 7.5 5.0 13.75 1791972066.2403998
300.0 10.0 5.0 13.75 3016096577.2359
300.0 -2.5 -10.0 15.0 0.045200000000000004
300.0 0.0 -10.0 15.0 0.1213
300.0 2.5 -10.0 15.0 1.5048
300.0 5.0 -10.0 15.0 2.0145
300.0 7.5 -10.0 15.0 -1.0430000000000001
300.0 10.0 -10.0 15.0 -5.7979
300.0 -5.0 -7.5 15.0 -0.1746
300.0 -2.5 -7.5 15.0 0.0515
300.0 0.0 -7.5 15.0 1.1761
300.0 2.5 -7.5 15.0 2.083
300.0 5.0 -7.5 15.0 -0.9295
300.0 7.5 -7.5 15.0 -11.0399
300.0 10.0 -7.5 15.0 36.732499999999995
300.0 -5.0 -5.0 15.0 -0.2361
300.0 -2.5 -5.0 15.0 -0.2566
300.0 0.0 -5.0 15.0 -0.2636
300.0 2.5 -5.0 15.0 -1.5239
300.0 5.0 -5.0 15.0 -8.6333
300.0 7.5 -5.0 15.0 -13.6548
300.0 -5.0 -2.5 15.0 0.08619999999999998
300.0 -2.5 -2.5 15.0 -0.6184000000000001
300.0 0.0 -2.5 15.0 -3.5553999999999997
300.0 2.5 -2.5 15.0 -1.9451999999999998
300.0 5.0 -2.5 15.0 96.8966
300.0 7.5 -2.5 15.0 -45.3377
300.0 10.0 -2.5 15.0 18.976
300.0 -5.0 0.0 15.0 0.8629
300.0 -2.5 0.0 15.0 0.8174999999999999
300.0 0.0 0.0 15.0 -3.9085
300.0 2.5 0.0 15.0 1759.1715000000002
300.0 5.0 0.0 15.0 1116798.5194
300.0 7.5 0.0 15.0 5518.8072
300.0 10.0 0.0 15.0 10000000100.129002
300.0 -5.0 2.5 15.0 4.1443
300.0 -2.5 2.5 15.0 6.869
300.0 0.0 2.5 15.0 135.5627
300.0 2.5 2.5 15.0 10000000004.295
300.0 5.0 2.5 15.0 46795701.316199996
300.0 7.5 2.5 15.0 2925318.6227
300.0 10.0 2.5 15.0 591419552.9625001
300.0 -5.0 5.0 15.0 9.395900000000001
300.0 -2.5 5.0 15.0 18.6567
300.0 0.0 5.0 15.0 12864534.501899999
300.0 2.5 5.0 15.0 32733502.9894
300.0 5.0 5.0 15.0 6921311162.968901
300.0 7.5 5.0 15.0 272183.0695
300.0 10.0 5.0 15.0 156038291.1759
300.0 -5.0 -10.0 16.25 -0.0477
300.0 -2.5 -10.0 16.25 0.0068
300.0 0.0 -10.0 16.25 0.06040000000000001
300.0 2.5 -10.0 16.25 0.1733
300.0 5.0 -10.0 16.25 0.31179999999999997
300.0 7.5 -10.0 16.25 -2.3395
300.0 10.0 -10.0 16.25 -5.743399999999999
300.0 -5.0 -7.5 16.25 -0.30379999999999996
300.0 -2.5 -7.5 16.25 -0.12919999999999998
300.0 0.0 -7.5 16.25 -0.2235
300.0 2.5 -7.5 16.25 -0.21989999999999998
300.0 5.0 -7.5 16.25 -3.0633
300.0 7.5 -7.5 16.25 -10.2382
300.0 10.0 -7.5 16.25 -20.8268
300.0 -5.0 -5.0 16.25 -0.4232
300.0 -2.5 -5.0 16.25 -0.4948
300.0 0.0 -5.0 16.25 -1.7456999999999998
300.0 2.5 -5.0 16.25 -4.3666
300.0 5.0 -5.0 16.25 -10.8017
300.0 7.5 -5.0 16.25 -22.285800000000002
300.0 10.0 -5.0 16.25 -34.1612
300.0 -5.0 -2.5 16.25 -0.1115
300.0 -2.5 -2.5 16.25 -0.6146
300.0 0.0 -2.5 16.25 -4.0473
300.0 2.5 -2.5 16.25 -13.9938
300.0 5.0 -2.5 16.25 -25.4895
300.0 7.5 -2.5 16.25 -46.3565
300.0 10.0 -2.5 16.25 -64.1123
300.0 -5.0 0.0 16.25 0.8973
300.0 -2.5 0.0 16.25 0.9479000000000001
300.0 0.0 0.0 16.25 -3.324
300.0 2.5 0.0 16.25 991.1297999999999
300.0 5.0 0.0 16.25 27164.0549
300.0 7.5 0.0 16.25 -65.8782
300.0 10.0 0.0 16.25 2130274.2983
300.0 -5.0 2.5 16.25 3.311
300.0 -2.5 2.5 16.25 6.3537
300.0 0.0 2.5 16.25 101.884
300.0 2.5 2.5 16.25 13999161.1098
300.0 5.0 2.5 16.25 174194372.7696
300.0 7.5 2.5 16.25 777804.5889
300.0 10.0 2.5 16.25 118.44840000000002
300.0 -5.0 5.0 16.25 7.313000000000001
300.0 -2.5 5.0 16.25 12.3966
300.0 0.0 5.0 16.25 2372.6157000000003
300.0 2.5 5.0 16.25 18762.3629
300.0 5.0 5.0 16.25 2340855798.2957997
300.0 7.5 5.0 16.25 1179.0073
300.0 10.0 5.0 16.25 1598.8942
