0.0 0.0 2.5 5.0 1319002.4223
0.0 2.5 2.5 5.0 198798.5683
0.0 0.0 5.0 5.0 -2.9315999999999995
0.0 2.5 0.0 6.25 10000000042.8614
0.0 0.0 2.5 6.25 15822.074700000001
0.0 0.0 5.0 6.25 0.8002
0.0 0.0 0.0 7.5 83768388.1374
0.0 2.5 0.0 7.5 6761468561.5884
0.0 0.0 2.5 7.5 11100667.5912
0.0 0.0 5.0 7.5 1324.7968999999998
0.0 0.0 -5.0 8.75 9999999939.6567
0.0 5.0 -5.0 8.75 10000000243.4902
0.0 -2.5 -2.5 8.75 7330672018.718
0.0 0.0 -2.5 8.75 10000000108.9976
0.0 -2.5 0.0 8.75 9999999939.564701
0.0 0.0 0.0 8.75 6919464168.128901
0.0 2.5 0.0 8.75 1877250717.3928
0.0 0.0 2.5 8.75 9999999951.132502
0.0 2.5 2.5 8.75 10000000215.4036
0.0 0.0 5.0 8.75 11910.675000000001
0.0 2.5 5.0 8.75 8496.7945
0.0 5.0 -7.5 10.0 9999999661.6551
0.0 7.5 -7.5 10.0 4928051829.8947
0.0 -2.5 -5.0 10.0 9999999748.545801
0.0 0.0 -5.0 10.0 10000000067.1832
0.0 2.5 -5.0 10.0 9999999899.4631
0.0 5.0 -5.0 10.0 9999999777.4526
0.0 7.5 -5.0 10.0 10000000282.850601
0.0 -2.5 -2.5 10.0 9999999654.5911
0.0 0.0 -2.5 10.0 10000000102.2213
0.0 2.5 -2.5 10.0 9999999804.616001
0.0 5.0 -2.5 10.0 1241646707.7297
0.0 -2.5 0.0 10.0 7877439018.693399
0.0 0.0 0.0 10.0 9999999941.4997
0.0 2.5 0.0 10.0 10000000064.412401
0.0 0.0 2.5 10.0 10000000025.316
0.0 2.5 2.5 10.0 9999999801.748001
0.0 0.0 5.0 10.0 1495.982
0.0 2.5 5.0 10.0 13737.3228
0.0 2.5 -10.0 11.25 9999999723.4561
0.0 5.0 -10.0 11.25 9999999955.556702
0.0 10.0 -10.0 11.25 3580122.0833
0.0 2.5 -7.5 11.25 10000000001.735802
0.0 5.0 -7.5 11.25 9999999801.900702
0.0 7.5 -7.5 11.25 354030023.3402
0.0 0.0 -5.0 11.25 9999999989.1825
0.0 2.5 -5.0 11.25 9999999806.6748
0.0 5.0 -5.0 11.25 10000000187.3938
0.0 -5.0 -2.5 11.25 9999999712.319
0.0 -2.5 -2.5 11.25 822480284.8612
0.0 0.0 -2.5 11.25 6225049780.967999
0.0 2.5 -2.5 11.25 9999999834.137201
0.0 5.0 -2.5 11.25 9999999916.9164
0.0 -5.0 0.0 11.25 245540669.3086
0.0 -2.5 0.0 11.25 629214.2594
0.0 0.0 0.0 11.25 10000000248.049002
0.0 2.5 0.0 11.25 10000000114.600801
0.0 0.0 2.5 11.25 4561242.9514
0.0 2.5 2.5 11.25 10000000181.805801
0.0 0.0 5.0 11.25 100.3876
0.0 2.5 5.0 11.25 169.96259999999998
0.0 -2.5 -10.0 12.5 9999999984.781301
0.0 2.5 -10.0 12.5 184600188.2616
0.0 5.0 -10.0 12.5 9999999601.1625
0.0 7.5 -10.0 12.5 1474157091.2747998
0.0 10.0 -10.0 12.5 91224.3895
0.0 -5.0 -7.5 12.5 10000000096.158
0.0 0.0 -7.5 12.5 10000000320.4213
0.0 2.5 -7.5 12.5 10000000130.573
0.0 5.0 -7.5 12.5 9999999910.842701
0.0 7.5 -7.5 12.5 9999999993.060001
0.0 10.0 -7.5 12.5 470156.71089999995
0.0 -2.5 -5.0 12.5 10000000097.3439
0.0 0.0 -5.0 12.5 10000000162.062302
0.0 2.5 -5.0 12.5 10000000082.528101
0.0 5.0 -5.0 12.5 9999999838.542702
0.0 -2.5 -2.5 12.5 74701182.50140001
0.0 0.0 -2.5 12.5 4448433278.4088
0.0 2.5 -2.5 12.5 2961491487.0328
0.0 5.0 -2.5 12.5 9999999886.1595
0.0 -5.0 0.0 12.5 2771371.9458999997
0.0 -2.5 0.0 12.5 6515.4756
0.0 0.0 0.0 12.5 10000000186.0487
0.0 2.5 0.0 12.5 2148810622.7783
0.0 5.0 0.0 12.5 214186366.2011
0.0 -2.5 2.5 12.5 10.1247
0.0 0.0 2.5 12.5 9674203.801299999
0.0 2.5 2.5 12.5 3756458.2052999996
0.0 7.5 2.5 12.5 67574460.7371
0.0 0.0 5.0 12.5 1.1158000000000001
0.0 2.5 5.0 12.5 14.187899999999999
0.0 5.0 5.0 12.5 41.530300000000004
0.0 -2.5 -10.0 13.75 10000000018.446901
0.0 0.0 -10.0 13.75 10000000038.1319
0.0 2.5 -10.0 13.75 3139662920.9444
0.0 5.0 -10.0 13.75 9999999850.256102
0.0 7.5 -10.0 13.75 3880307091.5202
0.0 10.0 -10.0 13.75 2874.9838
0.0 -5.0 -7.5 13.75 7188313099.7405
0.0 -2.5 -7.5 13.75 10000000110.4918
0.0 0.0 -7.5 13.75 10000000268.4384
0.0 2.5 -7.5 13.75 10000000154.2814
0.0 5.0 -7.5 13.75 9999999968.2984
0.0 7.5 -7.5 13.75 9999999921.6657
0.0 10.0 -7.5 13.75 73951062.4354
0.0 -2.5 -5.0 13.75 9999999976.3873
0.0 0.0 -5.0 13.75 10000000528.429201
0.0 2.5 -5.0 13.75 10000000008.771101
0.0 5.0 -5.0 13.75 9999999875.2395
0.0 7.5 -5.0 13.75 10000000090.134
0.0 -5.0 -2.5 13.75 9999999994.8113
0.0 -2.5 -2.5 13.75 9999999996.0345
0.0 0.0 -2.5 13.75 573771060.6373
0.0 2.5 -2.5 13.75 167596034.31939998
0.0 5.0 -2.5 13.75 9999999880.253302
0.0 7.5 -2.5 13.75 64562750.6985
0.0 -5.0 0.0 13.75 511117467.611
0.0 -2.5 0.0 13.75 2241800.8387
0.0 0.0 0.0 13.75 43705830.789299995
0.0 2.5 0.0 13.75 1459562378.8365998
0.0 5.0 0.0 13.75 5384294071.2593
0.0 7.5 0.0 13.75 27945314.8553
0.0 10.0 0.0 13.75 707293.4651
0.0 -5.0 2.5 13.75 55.007200000000005
0.0 -2.5 2.5 13.75 28.008
0.0 0.0 2.5 13.75 4024.5786
0.0 2.5 2.5 13.75 99125.07519999999
0.0 5.0 2.5 13.75 10459.7078
0.0 7.5 2.5 13.75 161752.2205
0.0 -2.5 5.0 13.75 0.9468999999999999
0.0 0.0 5.0 13.75 2.2497999999999996
0.0 2.5 5.0 13.75 -0.03310000000000013
0.0 5.0 5.0 13.75 5.3879
0.0 7.5 5.0 13.75 34.8483
0.0 10.0 5.0 13.75 58.5536
0.0 -5.0 -10.0 15.0 10000000031.892101
0.0 -2.5 -10.0 15.0 305484252.2805
0.0 0.0 -10.0 15.0 9999999872.5006
0.0 2.5 -10.0 15.0 4310234479.2436
0.0 5.0 -10.0 15.0 10000000055.4603
0.0 7.5 -10.0 15.0 39812617.42600001
0.0 10.0 -10.0 15.0 498.0803
0.0 -5.0 -7.5 15.0 417141881.3287
0.0 -2.5 -7.5 15.0 10000000060.831501
0.0 0.0 -7.5 15.0 10000000127.271301
0.0 2.5 -7.5 15.0 10000000083.4719
0.0 5.0 -7.5 15.0 10000000019.172602
0.0 7.5 -7.5 15.0 9999999980.371101
0.0 10.0 -7.5 15.0 1809164.8989
0.0 -5.0 -5.0 15.0 3787356288.0383
0.0 -2.5 -5.0 15.0 1687086207.8153
0.0 0.0 -5.0 15.0 10000000121.4843
0.0 2.5 -5.0 15.0 6261684925.3697
0.0 5.0 -5.0 15.0 9999999889.9192
0.0 7.5 -5.0 15.0 8433650262.2675
0.0 10.0 -5.0 15.0 171463002.8778
0.0 -5.0 -2.5 15.0 10000000109.8146
0.0 -2.5 -2.5 15.0 10000000063.534601
0.0 0.0 -2.5 15.0 241283834.78509998
0.0 2.5 -2.5 15.0 10000000202.877401
0.0 5.0 -2.5 15.0 159281289.0942
0.0 7.5 -2.5 15.0 625243.1238
0.0 10.0 -2.5 15.0 4732018.1168
0.0 -5.0 0.0 15.0 816777.4400000001
0.0 -2.5 0.0 15.0 131329159.4196
0.0 0.0 0.0 15.0 2052927086.9462998
0.0 2.5 0.0 15.0 10000000038.084301
0.0 5.0 0.0 15.0 10000000049.130901
0.0 7.5 0.0 15.0 278804797.3015
0.0 10.0 0.0 15.0 2507.1445
0.0 -5.0 2.5 15.0 -0.9439999999999997
0.0 -2.5 2.5 15.0 22.0155
0.0 0.0 2.5 15.0 101947.6613
0.0 2.5 2.5 15.0 137937.43920000002
0.0 5.0 2.5 15.0 51081501.0256
0.0 7.5 2.5 15.0 6218558.0748
0.0 10.0 2.5 15.0 166.5061
0.0 -5.0 5.0 15.0 -1.6381000000000001
0.0 -2.5 5.0 15.0 1.2210999999999999
0.0 0.0 5.0 15.0 0.7185999999999999
0.0 2.5 5.0 15.0 13.060300000000002
0.0 5.0 5.0 15.0 9.3769
0.0 7.5 5.0 15.0 68.0434
0.0 10.0 5.0 15.0 48.7046
0.0 -5.0 -10.0 16.25 48801739.7316
0.0 -2.5 -10.0 16.25 518895235.1875
0.0 0.0 -10.0 16.25 428106011.6228
0.0 2.5 -10.0 16.25 10000000011.794
0.0 5.0 -10.0 16.25 10000000024.7012
0.0 7.5 -10.0 16.25 40421114.1217
0.0 10.0 -10.0 16.25 111.86280000000001
0.0 -5.0 -7.5 16.25 10000000014.5573
0.0 -2.5 -7.5 16.25 10000000069.9873
0.0 0.0 -7.5 16.25 234945776.2948
0.0 2.5 -7.5 16.25 9999999923.289501
0.0 5.0 -7.5 16.25 10000000007.4445
0.0 7.5 -7.5 16.25 1528684035.5516999
0.0 10.0 -7.5 16.25 800283254.2720001
0.0 -5.0 -5.0 16.25 3392790866.6141
0.0 -2.5 -5.0 16.25 227404691.96469998
0.0 0.0 -5.0 16.25 10000000184.0104
0.0 2.5 -5.0 16.25 10000000067.8391
0.0 5.0 -5.0 16.25 399395548.8191
0.0 7.5 -5.0 16.25 164269599.6548
0.0 10.0 -5.0 16.25 594385057.3874999
0.0 -5.0 -2.5 16.25 10000000096.3216
0.0 -2.5 -2.5 16.25 149060958.9339
0.0 0.0 -2.5 16.25 10000000173.2618
0.0 2.5 -2.5 16.25 42256715.973900005
0.0 5.0 -2.5 16.25 626112497.6723
0.0 7.5 -2.5 16.25 1642406.0497
0.0 10.0 -2.5 16.25 1058717830.635
0.0 -5.0 0.0 16.25 405526.48
0.0 -2.5 0.0 16.25 9999999673.619202
0.0 0.0 0.0 16.25 157364581.7089
0.0 2.5 0.0 16.25 10000000100.618801
0.0 5.0 0.0 16.25 9999999595.565802
0.0 7.5 0.0 16.25 9999999945.988901
0.0 10.0 0.0 16.25 464.18870000000004
0.0 -5.0 2.5 16.25 7.9649
0.0 -2.5 2.5 16.25 766.2203999999999
0.0 0.0 2.5 16.25 3552.2716
0.0 2.5 2.5 16.25 750595100.087
0.0 5.0 2.5 16.25 6580.1097
0.0 7.5 2.5 16.25 3115061.6081000003
0.0 10.0 2.5 16.25 48.6875
0.0 -5.0 5.0 16.25 -0.6122000000000001
0.0 -2.5 5.0 16.25 1.2861000000000002
0.0 0.0 5.0 16.25 -0.8573
0.0 2.5 5.0 16.25 158.3862
0.0 5.0 5.0 16.25 21.3374
0.0 7.5 5.0 16.25 1971.0762
0.0 10.0 5.0 16.25 34.6758
60.0 -5.0 -10.0 3.75 10000000113.5946
60.0 -2.5 -10.0 3.75 9999999923.860601
60.0 0.0 -10.0 3.75 10000000029.5118
60.0 2.5 -10.0 3.75 9515675537.892101
60.0 5.0 -10.0 3.75 9999999735.485
60.0 7.5 -10.0 3.75 515079912.7553
60.0 10.0 -10.0 3.75 10000000012.2345
60.0 -5.0 -7.5 3.75 9999999993.5403
60.0 -2.5 -7.5 3.75 10000000021.893501
60.0 0.0 -7.5 3.75 10000000296.7206
60.0 2.5 -7.5 3.75 10000000033.981602
60.0 5.0 -7.5 3.75 9999999995.465801
60.0 7.5 -7.5 3.75 9999999886.6009
60.0 10.0 -7.5 3.75 9999999968.446701
60.0 -5.0 -5.0 3.75 9999999910.906801
60.0 -2.5 -5.0 3.75 9999999976.111801
60.0 0.0 -5.0 3.75 9999999951.189402
60.0 2.5 -5.0 3.75 9999999917.9073
60.0 5.0 -5.0 3.75 9999999930.3066
60.0 7.5 -5.0 3.75 10000000083.728401
60.0 10.0 -5.0 3.75 10000000525.878101
60.0 -5.0 -2.5 3.75 9999999681.664701
60.0 -2.5 -2.5 3.75 5739687744.3325
60.0 0.0 -2.5 3.75 7556266921.1166
60.0 2.5 -2.5 3.75 10000000003.1338
60.0 5.0 -2.5 3.75 10000000057.0125
60.0 7.5 -2.5 3.75 10000000081.852701
60.0 10.0 -2.5 3.75 9999999980.883001
60.0 -5.0 0.0 3.75 6021990556.4126
60.0 -2.5 0.0 3.75 10000000013.739302
60.0 0.0 0.0 3.75 3160104880.263
60.0 2.5 0.0 3.75 9999999777.709702
60.0 5.0 0.0 3.75 9999999968.181002
60.0 7.5 0.0 3.75 152969078.09710002
60.0 10.0 0.0 3.75 2782522497.9069
60.0 -5.0 2.5 3.75 25743.9918
60.0 -2.5 2.5 3.75 263198490.4458
60.0 0.0 2.5 3.75 9999999921.926102
60.0 2.5 2.5 3.75 713375.6845
60.0 5.0 2.5 3.75 125740744.5678
60.0 7.5 2.5 3.75 10000000054.0154
60.0 10.0 2.5 3.75 58492.1832
60.0 -5.0 5.0 3.75 28.9289
60.0 -2.5 5.0 3.75 5703329039.2727
60.0 0.0 5.0 3.75 977342923.2991
60.0 2.5 5.0 3.75 2068.1176
60.0 5.0 5.0 3.75 426825.111
60.0 7.5 5.0 3.75 200.4125
60.0 10.0 5.0 3.75 -16.0402
60.0 0.0 -2.5 6.25 4076051579.0386
60.0 0.0 2.5 6.25 2931882496.6588
60.0 5.0 -7.5 7.5 5090777383.634
60.0 0.0 -5.0 7.5 9999999806.423601
60.0 0.0 -2.5 7.5 9999999984.355501
60.0 -2.5 0.0 7.5 9999999961.4745
60.0 0.0 0.0 7.5 1999859740.6179
60.0 -2.5 2.5 7.5 10000000197.629301
60.0 0.0 2.5 7.5 6766400.0098
60.0 0.0 -7.5 8.75 9999999738.839
60.0 0.0 -5.0 8.75 2243275180.8425
60.0 2.5 -5.0 8.75 9999999962.039902
60.0 0.0 -2.5 8.75 10000000098.091301
60.0 -2.5 0.0 8.75 169141341.26950002
60.0 0.0 0.0 8.75 9999999829.6439
60.0 -2.5 2.5 8.75 9999999987.356602
60.0 0.0 2.5 8.75 212914469.9362
60.0 2.5 2.5 8.75 8377897.119200001
60.0 -5.0 5.0 8.75 11.793399999999998
60.0 -2.5 5.0 8.75 28.8786
60.0 0.0 5.0 8.75 1632.4334999999999
60.0 0.0 -10.0 10.0 10000000083.567701
60.0 0.0 -7.5 10.0 9999999837.8918
60.0 2.5 -7.5 10.0 9999999572.3474
60.0 5.0 -7.5 10.0 9999999830.017302
60.0 0.0 -5.0 10.0 9999999885.3085
60.0 2.5 -5.0 10.0 9999999944.4431
60.0 0.0 -2.5 10.0 9999999844.7507
60.0 -2.5 0.0 10.0 6555455651.579499
60.0 0.0 0.0 10.0 10000000220.508202
60.0 -5.0 2.5 10.0 418139198.73579997
60.0 -2.5 2.5 10.0 30667344.2545
60.0 0.0 2.5 10.0 3520754570.3086
60.0 2.5 2.5 10.0 102054395.3804
60.0 -2.5 5.0 10.0 41.6408
60.0 0.0 5.0 10.0 51.600300000000004
60.0 2.5 5.0 10.0 888.0889999999999
60.0 0.0 -10.0 11.25 9999999956.282501
60.0 7.5 -10.0 11.25 5120852242.1414995
60.0 10.0 -10.0 11.25 73203840.94
60.0 -2.5 -7.5 11.25 10000000053.3486
60.0 0.0 -7.5 11.25 10000000073.944
60.0 2.5 -7.5 11.25 9999999951.4199
60.0 5.0 -7.5 11.25 9999999932.750801
60.0 7.5 -7.5 11.25 9999999921.262701
60.0 10.0 -7.5 11.25 9999999867.1126
60.0 0.0 -5.0 11.25 10000000011.900301
60.0 2.5 -5.0 11.25 9999999629.681501
60.0 0.0 -2.5 11.25 9999999874.3903
60.0 -2.5 0.0 11.25 11383193.7673
60.0 0.0 0.0 11.25 115951698.4866
60.0 2.5 0.0 11.25 10000000092.4657
60.0 -5.0 2.5 11.25 1569943.4092
60.0 -2.5 2.5 11.25 421408915.8165
60.0 0.0 2.5 11.25 492072652.2764
60.0 2.5 2.5 11.25 45882257.7041
60.0 -5.0 5.0 11.25 28.999700000000004
60.0 -2.5 5.0 11.25 42.5059
60.0 0.0 5.0 11.25 45.724900000000005
60.0 2.5 5.0 11.25 8408.8142
60.0 5.0 5.0 11.25 167303882.4218
60.0 0.0 -10.0 12.5 10000000031.3976
60.0 2.5 -10.0 12.5 426786499.4533
60.0 5.0 -10.0 12.5 10000000032.754301
60.0 7.5 -10.0 12.5 10000000025.8637
60.0 10.0 -10.0 12.5 125314.1902
60.0 -2.5 -7.5 12.5 9999999930.7989
60.0 0.0 -7.5 12.5 10000000031.743301
60.0 2.5 -7.5 12.5 9999999998.7966
60.0 5.0 -7.5 12.5 10000000101.8588
60.0 7.5 -7.5 12.5 9026362343.0422
60.0 10.0 -7.5 12.5 32109463.342800003
60.0 -5.0 -5.0 12.5 9999999869.202301
60.0 -2.5 -5.0 12.5 10000000075.339602
60.0 0.0 -5.0 12.5 10000000005.150301
60.0 2.5 -5.0 12.5 10000000226.2021
60.0 -2.5 -2.5 12.5 9999999918.4969
60.0 0.0 -2.5 12.5 10000000044.3918
60.0 5.0 -2.5 12.5 968731331.5737
60.0 -5.0 0.0 12.5 8270221.0693
60.0 -2.5 0.0 12.5 4089719386.1431
60.0 0.0 0.0 12.5 10000000108.058102
60.0 2.5 0.0 12.5 1227235288.7886
60.0 -5.0 2.5 12.5 4200320008.967
60.0 -2.5 2.5 12.5 478694.76879999996
60.0 0.0 2.5 12.5 535254.6258
60.0 2.5 2.5 12.5 11285332.899600001
60.0 -5.0 5.0 12.5 38.303
60.0 -2.5 5.0 12.5 36.9081
60.0 0.0 5.0 12.5 48.1644
60.0 2.5 5.0 12.5 182.2276
60.0 5.0 5.0 12.5 10000000459.699902
60.0 -2.5 -10.0 13.75 9999999929.1011
60.0 0.0 -10.0 13.75 10000000087.4582
60.0 2.5 -10.0 13.75 10000000173.4044
60.0 5.0 -10.0 13.75 1465741222.0903
60.0 7.5 -10.0 13.75 445372675.7542
60.0 10.0 -10.0 13.75 2608.8588
60.0 -2.5 -7.5 13.75 9999999943.4458
60.0 0.0 -7.5 13.75 9999999993.7404
60.0 2.5 -7.5 13.75 9999999915.159101
60.0 5.0 -7.5 13.75 126648203.3751
60.0 7.5 -7.5 13.75 10000000077.158602
60.0 10.0 -7.5 13.75 16064.630500000001
60.0 -5.0 -5.0 13.75 9999999903.083801
60.0 -2.5 -5.0 13.75 10000000024.459501
60.0 0.0 -5.0 13.75 9999999803.067202
60.0 2.5 -5.0 13.75 10000000038.0622
60.0 5.0 -5.0 13.75 3003432499.4154997
60.0 7.5 -5.0 13.75 9999999999.082401
60.0 10.0 -5.0 13.75 352089.6845
60.0 -5.0 -2.5 13.75 10000000064.963202
60.0 -2.5 -2.5 13.75 10000000070.543001
60.0 0.0 -2.5 13.75 10000000077.962301
60.0 2.5 -2.5 13.75 1666070946.2749
60.0 5.0 -2.5 13.75 2618364451.4712
60.0 7.5 -2.5 13.75 256012869.1232
60.0 -5.0 0.0 13.75 38088441.0972
60.0 -2.5 0.0 13.75 1271233865.8869
60.0 0.0 0.0 13.75 10000000286.9808
60.0 2.5 0.0 13.75 593574501.9767
60.0 5.0 0.0 13.75 127308397.60550001
60.0 -5.0 2.5 13.75 1351495.5135
60.0 -2.5 2.5 13.75 5031.107
60.0 0.0 2.5 13.75 2249.3055
60.0 2.5 2.5 13.75 5878.397
60.0 -5.0 5.0 13.75 31.4435
60.0 -2.5 5.0 13.75 31.1264
60.0 0.0 5.0 13.75 44.876999999999995
60.0 2.5 5.0 13.75 136.6259
60.0 5.0 5.0 13.75 107540.7898
60.0 -5.0 -10.0 15.0 10000000048.1795
60.0 -2.5 -10.0 15.0 10000000080.0347
60.0 0.0 -10.0 15.0 3083327413.6788
60.0 2.5 -10.0 15.0 10000000091.7021
60.0 5.0 -10.0 15.0 2739179869.8898997
60.0 7.5 -10.0 15.0 33646.2452
60.0 10.0 -10.0 15.0 72.86410000000001
60.0 -5.0 -7.5 15.0 7836796819.5282
60.0 -2.5 -7.5 15.0 9999999976.9605
60.0 0.0 -7.5 15.0 9999999994.854301
60.0 2.5 -7.5 15.0 10000000137.7898
60.0 5.0 -7.5 15.0 1338620813.8159
60.0 7.5 -7.5 15.0 9999999975.732601
60.0 10.0 -7.5 15.0 1938.795
60.0 -5.0 -5.0 15.0 10000000018.9312
60.0 -2.5 -5.0 15.0 10000000146.758501
60.0 0.0 -5.0 15.0 9999999981.213501
60.0 2.5 -5.0 15.0 10000000134.300201
60.0 5.0 -5.0 15.0 4933823193.2536
60.0 7.5 -5.0 15.0 78888097.84210001
60.0 10.0 -5.0 15.0 332550.3968
60.0 -5.0 -2.5 15.0 9999999964.965
60.0 -2.5 -2.5 15.0 10000000047.3728
60.0 0.0 -2.5 15.0 10000000035.226301
60.0 2.5 -2.5 15.0 10000000060.8071
60.0 5.0 -2.5 15.0 9999999895.394402
60.0 7.5 -2.5 15.0 21733214.379
60.0 10.0 -2.5 15.0 881767.502
60.0 -5.0 0.0 15.0 9999999939.8509
60.0 -2.5 0.0 15.0 43063677.381500006
60.0 0.0 0.0 15.0 4121632092.1756
60.0 2.5 0.0 15.0 9999999743.978802
60.0 5.0 0.0 15.0 406820865.9001
60.0 7.5 0.0 15.0 41219512.0968
60.0 10.0 0.0 15.0 65941707.4771
60.0 -5.0 2.5 15.0 55.7329
60.0 -2.5 2.5 15.0 3759.7069
60.0 0.0 2.5 15.0 3978.5071
60.0 2.5 2.5 15.0 463.8531
60.0 5.0 2.5 15.0 3160444.0959
60.0 7.5 2.5 15.0 231295672.59170002
60.0 10.0 2.5 15.0 2097923.4011999997
60.0 -5.0 5.0 15.0 18.704500000000003
60.0 -2.5 5.0 15.0 24.7057
60.0 0.0 5.0 15.0 40.873400000000004
60.0 2.5 5.0 15.0 81.4988
60.0 5.0 5.0 15.0 187.8932
60.0 -5.0 -10.0 16.25 10000000078.4957
60.0 -2.5 -10.0 16.25 686184478.4247999
60.0 0.0 -10.0 16.25 10000000069.7872
60.0 2.5 -10.0 16.25 159964399.0905
60.0 5.0 -10.0 16.25 436980988.57259995
60.0 7.5 -10.0 16.25 265.656
60.0 10.0 -10.0 16.25 0.9905999999999997
60.0 -5.0 -7.5 16.25 9999999928.9715
60.0 -2.5 -7.5 16.25 10000000014.9456
60.0 0.0 -7.5 16.25 8544215772.2928
60.0 2.5 -7.5 16.25 453805861.85690004
60.0 5.0 -7.5 16.25 1088222740.7653
60.0 7.5 -7.5 16.25 107611021.54419999
60.0 10.0 -7.5 16.25 -7.325400000000001
60.0 -5.0 -5.0 16.25 3229247056.1195
60.0 -2.5 -5.0 16.25 9999999765.386301
60.0 0.0 -5.0 16.25 9999999649.7611
60.0 2.5 -5.0 16.25 7043984244.4287
60.0 5.0 -5.0 16.25 10000000119.670101
60.0 7.5 -5.0 16.25 3274580176.0270996
60.0 10.0 -5.0 16.25 428534.05720000004
60.0 -5.0 -2.5 16.25 9999999805.0804
60.0 -2.5 -2.5 16.25 361735634.76129997
60.0 0.0 -2.5 16.25 10000000013.5039
60.0 2.5 -2.5 16.25 9999999677.252602
60.0 5.0 -2.5 16.25 10000000416.314001
60.0 7.5 -2.5 16.25 9999999961.998901
60.0 10.0 -2.5 16.25 795464.2885
60.0 -5.0 0.0 16.25 218838.5067
60.0 -2.5 0.0 16.25 15500772.547500001
60.0 0.0 0.0 16.25 24014366.599600002
60.0 2.5 0.0 16.25 9999999947.0046
60.0 5.0 0.0 16.25 9999999921.249102
60.0 7.5 0.0 16.25 20108241.301
60.0 10.0 0.0 16.25 657032.7052
60.0 -5.0 2.5 16.25 -2.3948
60.0 -2.5 2.5 16.25 73.2637
60.0 0.0 2.5 16.25 12631187.9274
60.0 2.5 2.5 16.25 1027031.9607
60.0 5.0 2.5 16.25 20754.8464
60.0 7.5 2.5 16.25 3890096755.0147
60.0 10.0 2.5 16.25 397951.6343
60.0 -5.0 5.0 16.25 11.004999999999999
60.0 -2.5 5.0 16.25 17.091
60.0 0.0 5.0 16.25 31.8195
60.0 2.5 5.0 16.25 51.3347
60.0 5.0 5.0 16.25 53.6459
60.0 7.5 5.0 16.25 297.1743
60.0 10.0 5.0 16.25 9820157.6793
120.0 -5.0 -10.0 3.75 328793789.9853
120.0 -2.5 -10.0 3.75 9999999997.7166
120.0 0.0 -10.0 3.75 9999999916.6714
120.0 2.5 -10.0 3.75 10000000237.7486
120.0 5.0 -10.0 3.75 10000000258.225101
120.0 7.5 -10.0 3.75 10000000167.6984
120.0 10.0 -10.0 3.75 3158868093.1834
120.0 -5.0 -7.5 3.75 3076962016.2819
120.0 -2.5 -7.5 3.75 10000000385.1291
120.0 0.0 -7.5 3.75 10000000080.7353
120.0 2.5 -7.5 3.75 10000000115.357801
120.0 5.0 -7.5 3.75 9999999684.759401
120.0 7.5 -7.5 3.75 183144871.06120002
120.0 10.0 -7.5 3.75 40026635.677700005
120.0 -5.0 -5.0 3.75 10000000197.775501
120.0 -2.5 -5.0 3.75 9999999778.973501
120.0 0.0 -5.0 3.75 10000000054.613
120.0 2.5 -5.0 3.75 10000000016.857101
120.0 5.0 -5.0 3.75 10000000269.8889
120.0 7.5 -5.0 3.75 9999999911.9834
120.0 10.0 -5.0 3.75 27201721.885900002
120.0 -5.0 -2.5 3.75 9999999878.9682
120.0 -2.5 -2.5 3.75 10000000361.385801
120.0 0.0 -2.5 3.75 10000000086.2171
120.0 2.5 -2.5 3.75 9999999966.986301
120.0 5.0 -2.5 3.75 6604717967.8971
120.0 7.5 -2.5 3.75 9999999734.162102
120.0 10.0 -2.5 3.75 361041622.8614
120.0 -5.0 0.0 3.75 5214204126.731799
120.0 -2.5 0.0 3.75 10000000152.937302
120.0 0.0 0.0 3.75 10000000061.470001
120.0 2.5 0.0 3.75 10000000109.907501
120.0 5.0 0.0 3.75 7745697457.1146
120.0 7.5 0.0 3.75 9999999945.1588
120.0 10.0 0.0 3.75 8413441824.667
120.0 -5.0 2.5 3.75 10000000041.9845
120.0 -2.5 2.5 3.75 174597.9255
120.0 0.0 2.5 3.75 8965354058.7188
120.0 2.5 2.5 3.75 1380769.8872
120.0 5.0 2.5 3.75 10000000168.087502
120.0 7.5 2.5 3.75 10000000040.651201
120.0 10.0 2.5 3.75 1292553.9753999999
120.0 -5.0 5.0 3.75 -4.896
120.0 -2.5 5.0 3.75 7866.2995
120.0 0.0 5.0 3.75 319539955.5704
120.0 2.5 5.0 3.75 20492657.9833
120.0 5.0 5.0 3.75 305591943.9086
120.0 7.5 5.0 3.75 2513299958.224
120.0 10.0 5.0 3.75 38.1272
120.0 -2.5 0.0 5.0 9999999981.9269
120.0 -2.5 2.5 5.0 18555309.8135
120.0 0.0 -2.5 6.25 10000000130.695002
120.0 -2.5 0.0 6.25 10000000217.5403
120.0 -2.5 2.5 6.25 113307593.0088
120.0 -2.5 5.0 6.25 51259.1494
120.0 0.0 -7.5 7.5 9999999925.8437
120.0 -2.5 -5.0 7.5 9999999995.3274
120.0 0.0 -5.0 7.5 9999999898.507
120.0 -2.5 -2.5 7.5 10000000262.0926
120.0 0.0 -2.5 7.5 4713153782.0281
120.0 -2.5 0.0 7.5 2702912254.9705
120.0 -2.5 2.5 7.5 6243490665.561899
120.0 0.0 2.5 7.5 9999999774.503101
120.0 -2.5 5.0 7.5 498298.0755
120.0 0.0 -7.5 8.75 936569859.814
120.0 -2.5 -5.0 8.75 9999999697.489101
120.0 0.0 -5.0 8.75 9999999863.443602
120.0 2.5 -5.0 8.75 5163950808.7031
120.0 -2.5 -2.5 8.75 10000000195.8533
120.0 0.0 -2.5 8.75 10000000237.570501
120.0 -2.5 0.0 8.75 9999999962.8903
120.0 0.0 0.0 8.75 9999999986.619701
120.0 -2.5 2.5 8.75 10000000019.1814
120.0 0.0 2.5 8.75 781512440.0461
120.0 -5.0 5.0 8.75 304207.5903
120.0 -2.5 5.0 8.75 1726406127.7569
120.0 0.0 -7.5 10.0 10000000107.3953
120.0 2.5 -7.5 10.0 10000000286.426401
120.0 -2.5 -5.0 10.0 10000000276.8374
120.0 0.0 -5.0 10.0 9999999978.04
120.0 2.5 -5.0 10.0 10000000014.422901
120.0 -2.5 -2.5 10.0 10000000182.564901
120.0 0.0 -2.5 10.0 10000000110.2224
120.0 -2.5 0.0 10.0 10000000126.982101
120.0 0.0 0.0 10.0 10000000070.8045
120.0 -2.5 2.5 10.0 69947327.29200001
120.0 0.0 2.5 10.0 17968243.5642
120.0 2.5 2.5 10.0 10000000033.7155
120.0 -5.0 5.0 10.0 215.82889999999998
120.0 -2.5 5.0 10.0 18459.704800000003
120.0 0.0 5.0 10.0 7564364.7061
120.0 0.0 -10.0 11.25 10000000011.390001
120.0 2.5 -10.0 11.25 9999999988.6233
120.0 5.0 -10.0 11.25 10000000057.2271
120.0 7.5 -10.0 11.25 885978094.2458
120.0 0.0 -7.5 11.25 9999999935.178202
120.0 2.5 -7.5 11.25 10000000107.7063
120.0 5.0 -7.5 11.25 10000000002.7808
120.0 -2.5 -5.0 11.25 9999999792.212502
120.0 0.0 -5.0 11.25 10000000007.3022
120.0 2.5 -5.0 11.25 10000000043.248001
120.0 -5.0 -2.5 11.25 10000000376.275002
120.0 -2.5 -2.5 11.25 9999999830.7563
120.0 0.0 -2.5 11.25 9999999781.9396
120.0 -5.0 0.0 11.25 36649476.7268
120.0 -2.5 0.0 11.25 27703385.601999998
120.0 0.0 0.0 11.25 577158270.5169001
120.0 2.5 0.0 11.25 10000000170.6502
120.0 5.0 0.0 11.25 9999999988.5098
120.0 -5.0 2.5 11.25 8113.475100000001
120.0 -2.5 2.5 11.25 9999999956.4916
120.0 0.0 2.5 11.25 23568283.065500002
120.0 2.5 2.5 11.25 10000000074.7924
120.0 -5.0 5.0 11.25 35.2048
120.0 -2.5 5.0 11.25 318.81710000000004
120.0 0.0 5.0 11.25 4604.5206
120.0 2.5 5.0 11.25 2476.5771
120.0 -5.0 -10.0 12.5 10000000048.854301
120.0 0.0 -10.0 12.5 9999999910.2511
120.0 2.5 -10.0 12.5 10000000076.925901
120.0 5.0 -10.0 12.5 725879789.6147001
120.0 7.5 -10.0 12.5 10000000503.014301
120.0 10.0 -10.0 12.5 6964155651.6971
120.0 -2.5 -7.5 12.5 10000000022.783901
120.0 0.0 -7.5 12.5 9999999922.4881
120.0 2.5 -7.5 12.5 10000000029.4887
120.0 5.0 -7.5 12.5 9999999744.0501
120.0 -2.5 -5.0 12.5 10000000060.8258
120.0 0.0 -5.0 12.5 10000000074.8707
120.0 2.5 -5.0 12.5 4388947818.3852
120.0 -5.0 -2.5 12.5 10000000135.423302
120.0 -2.5 -2.5 12.5 10000000008.260101
120.0 0.0 -2.5 12.5 10000000019.966002
120.0 -5.0 0.0 12.5 380100116.74120003
120.0 -2.5 0.0 12.5 848100123.9905001
120.0 0.0 0.0 12.5 9999999891.5086
120.0 2.5 0.0 12.5 10000000193.073502
120.0 5.0 0.0 12.5 130499038.516
120.0 -5.0 2.5 12.5 86563.9711
120.0 -2.5 2.5 12.5 281622.13180000003
120.0 0.0 2.5 12.5 9999999869.3068
120.0 2.5 2.5 12.5 516872.7247
120.0 5.0 2.5 12.5 94356.485
120.0 -5.0 5.0 12.5 36.3277
120.0 -2.5 5.0 12.5 58.1691
120.0 0.0 5.0 12.5 53.5255
120.0 2.5 5.0 12.5 69.8068
120.0 5.0 5.0 12.5 2783.3565
120.0 7.5 5.0 12.5 7392223.3279
120.0 -5.0 -10.0 13.75 10000000065.302502
120.0 -2.5 -10.0 13.75 9999999841.401901
120.0 0.0 -10.0 13.75 9999999759.2798
120.0 2.5 -10.0 13.75 10000000047.1476
120.0 5.0 -10.0 13.75 185385018.3358
120.0 7.5 -10.0 13.75 10000000071.270102
120.0 10.0 -10.0 13.75 4177295.1322999997
120.0 -2.5 -7.5 13.75 9999999967.953402
120.0 0.0 -7.5 13.75 800028853.4712
120.0 2.5 -7.5 13.75 10000000406.0618
120.0 5.0 -7.5 13.75 10000000006.4825
120.0 7.5 -7.5 13.75 1814907404.1652
120.0 10.0 -7.5 13.75 10906245.059500001
120.0 -5.0 -5.0 13.75 10000000182.106201
120.0 -2.5 -5.0 13.75 10000000015.890902
120.0 0.0 -5.0 13.75 10000000095.352402
120.0 2.5 -5.0 13.75 10000000106.7047
120.0 -5.0 -2.5 13.75 4575979846.0472
120.0 -2.5 -2.5 13.75 10000000025.174702
120.0 0.0 -2.5 13.75 10000000132.240301
120.0 2.5 -2.5 13.75 8766926572.188099
120.0 -5.0 0.0 13.75 10000000031.2418
120.0 -2.5 0.0 13.75 3856846100.7237997
120.0 0.0 0.0 13.75 10000000064.7049
120.0 2.5 0.0 13.75 784471177.5625
120.0 -5.0 2.5 13.75 25618.160099999997
120.0 -2.5 2.5 13.75 5459.271699999999
120.0 0.0 2.5 13.75 1590197.351
120.0 2.5 2.5 13.75 2832810938.1447
120.0 5.0 2.5 13.75 10000000027.374102
120.0 7.5 2.5 13.75 11734.6291
120.0 -5.0 5.0 13.75 34.6242
120.0 -2.5 5.0 13.75 43.462199999999996
120.0 0.0 5.0 13.75 49.3925
120.0 2.5 5.0 13.75 117.5656
120.0 5.0 5.0 13.75 340.4728
120.0 7.5 5.0 13.75 633.1370999999999
120.0 -5.0 -10.0 15.0 9999999978.9589
120.0 -2.5 -10.0 15.0 10000000078.1018
120.0 0.0 -10.0 15.0 9999999944.532902
120.0 2.5 -10.0 15.0 622535658.7238
120.0 5.0 -10.0 15.0 100884344.5457
120.0 7.5 -10.0 15.0 41242105.020100005
120.0 10.0 -10.0 15.0 1828.1237999999998
120.0 -5.0 -7.5 15.0 5720949953.2045
120.0 -2.5 -7.5 15.0 9999999859.2593
120.0 0.0 -7.5 15.0 9999999943.375301
120.0 2.5 -7.5 15.0 10000000035.128
120.0 5.0 -7.5 15.0 9999999625.2381
120.0 7.5 -7.5 15.0 54674.624299999996
120.0 10.0 -7.5 15.0 1095172.4906000001
120.0 -5.0 -5.0 15.0 9318604646.406101
120.0 -2.5 -5.0 15.0 10000000009.9908
120.0 0.0 -5.0 15.0 9999999925.192701
120.0 2.5 -5.0 15.0 9999999913.808601
120.0 5.0 -5.0 15.0 69815549.8902
120.0 7.5 -5.0 15.0 170456.8837
120.0 10.0 -5.0 15.0 181.4427
120.0 -5.0 -2.5 15.0 182835781.7037
120.0 -2.5 -2.5 15.0 10000000089.537
120.0 0.0 -2.5 15.0 8733573533.0101
120.0 2.5 -2.5 15.0 10000000211.405401
120.0 5.0 -2.5 15.0 9999999755.4832
120.0 7.5 -2.5 15.0 44431063.9719
120.0 10.0 -2.5 15.0 317.27849999999995
120.0 -5.0 0.0 15.0 117330594.9172
120.0 -2.5 0.0 15.0 19064667.219800003
120.0 0.0 0.0 15.0 112441987.5968
120.0 2.5 0.0 15.0 971172146.4401001
120.0 5.0 0.0 15.0 10000000088.119501
120.0 10.0 0.0 15.0 255.41690000000003
120.0 -5.0 2.5 15.0 181.00349999999997
120.0 -2.5 2.5 15.0 3484.7428
120.0 0.0 2.5 15.0 40979061.706
120.0 2.5 2.5 15.0 1441031677.405
120.0 5.0 2.5 15.0 2309762.5397
120.0 7.5 2.5 15.0 7426202.6126
120.0 10.0 2.5 15.0 -38.473299999999995
120.0 -5.0 5.0 15.0 28.48
120.0 -2.5 5.0 15.0 38.403
120.0 0.0 5.0 15.0 47.3975
120.0 2.5 5.0 15.0 17980.507700000002
120.0 5.0 5.0 15.0 515.5658
120.0 7.5 5.0 15.0 -5.2212
120.0 10.0 5.0 15.0 -25.5042
120.0 -5.0 -10.0 16.25 59404094.4483
120.0 -2.5 -10.0 16.25 9999999913.1856
120.0 0.0 -10.0 16.25 9999999616.722801
120.0 2.5 -10.0 16.25 20348475.3833
120.0 5.0 -10.0 16.25 452725.3074
120.0 7.5 -10.0 16.25 5064.618
120.0 10.0 -10.0 16.25 338.1396
120.0 -5.0 -7.5 16.25 9999999892.406801
120.0 -2.5 -7.5 16.25 9999999611.2653
120.0 0.0 -7.5 16.25 246100883.9147
120.0 2.5 -7.5 16.25 9999999992.8106
120.0 5.0 -7.5 16.25 10000000084.2112
120.0 7.5 -7.5 16.25 509.93499999999995
120.0 10.0 -7.5 16.25 644.3662
120.0 -5.0 -5.0 16.25 10000000036.148602
120.0 -2.5 -5.0 16.25 5230936918.3774
120.0 0.0 -5.0 16.25 2178802591.4555
120.0 2.5 -5.0 16.25 9999999896.426
120.0 5.0 -5.0 16.25 4274875042.39
120.0 7.5 -5.0 16.25 2331.3307
120.0 10.0 -5.0 16.25 68.5015
120.0 -5.0 -2.5 16.25 8068041581.028
120.0 -2.5 -2.5 16.25 10000000054.1343
120.0 0.0 -2.5 16.25 2012751521.3927
120.0 2.5 -2.5 16.25 390549572.71870005
120.0 5.0 -2.5 16.25 10000000264.2485
120.0 7.5 -2.5 16.25 265593025.6943
120.0 10.0 -2.5 16.25 2354.9254
120.0 -5.0 0.0 16.25 171626153.5542
120.0 -2.5 0.0 16.25 81725957.83330001
120.0 0.0 0.0 16.25 19994468.562400002
120.0 2.5 0.0 16.25 145013.48239999998
120.0 5.0 0.0 16.25 9999999933.964901
120.0 7.5 0.0 16.25 10000000002.3052
120.0 10.0 0.0 16.25 235.97719999999998
120.0 -5.0 2.5 16.25 366.5696
120.0 -2.5 2.5 16.25 92.6965
120.0 0.0 2.5 16.25 2694.8379
120.0 2.5 2.5 16.25 9999999931.0421
120.0 5.0 2.5 16.25 19560978.9408
120.0 7.5 2.5 16.25 2336.9699
120.0 10.0 2.5 16.25 -26.2906
120.0 -5.0 5.0 16.25 20.0461
120.0 -2.5 5.0 16.25 26.8294
120.0 0.0 5.0 16.25 31.7408
120.0 2.5 5.0 16.25 44310857.8486
120.0 5.0 5.0 16.25 545.3375
120.0 7.5 5.0 16.25 -5.6219
120.0 10.0 5.0 16.25 -17.570700000000002
180.0 -5.0 -10.0 3.75 9999999938.5237
180.0 -2.5 -10.0 3.75 10000000040.624102
180.0 0.0 -10.0 3.75 10000000269.7437
180.0 2.5 -10.0 3.75 10000000307.9554
180.0 5.0 -10.0 3.75 10000000314.186401
180.0 7.5 -10.0 3.75 9999999827.3507
180.0 10.0 -10.0 3.75 10000000119.3509
180.0 -5.0 -7.5 3.75 10000000054.673601
180.0 -2.5 -7.5 3.75 9999999830.4234
180.0 0.0 -7.5 3.75 9999999601.6688
180.0 2.5 -7.5 3.75 10000000244.205
180.0 5.0 -7.5 3.75 10000000078.4013
180.0 7.5 -7.5 3.75 9999999946.1877
180.0 10.0 -7.5 3.75 3385783207.7158003
180.0 -5.0 -5.0 3.75 10000000359.4465
180.0 -2.5 -5.0 3.75 10000000202.1061
180.0 0.0 -5.0 3.75 10000000224.6634
180.0 2.5 -5.0 3.75 10000000404.6051
180.0 5.0 -5.0 3.75 10000000078.0263
180.0 7.5 -5.0 3.75 4957022690.5036
180.0 10.0 -5.0 3.75 2123478850.2661
180.0 -5.0 -2.5 3.75 9999999768.1546
180.0 -2.5 -2.5 3.75 10000000068.264101
180.0 0.0 -2.5 3.75 10000000180.0562
180.0 2.5 -2.5 3.75 10000000050.4887
180.0 5.0 -2.5 3.75 9999999725.3796
180.0 7.5 -2.5 3.75 10000000003.4603
180.0 10.0 -2.5 3.75 719024944.8307
180.0 -5.0 0.0 3.75 3113769596.996
180.0 -2.5 0.0 3.75 6832125652.432899
180.0 0.0 0.0 3.75 9999999982.772001
180.0 2.5 0.0 3.75 9999999965.194302
180.0 5.0 0.0 3.75 8067156552.2217
180.0 7.5 0.0 3.75 9999999881.7789
180.0 10.0 0.0 3.75 1569439.5891
180.0 -5.0 2.5 3.75 245607839.7129
180.0 -2.5 2.5 3.75 19312226.6179
180.0 0.0 2.5 3.75 553552353.0173
180.0 2.5 2.5 3.75 21801707.934
180.0 5.0 2.5 3.75 24086450.1155
180.0 7.5 2.5 3.75 407348.5619
180.0 10.0 2.5 3.75 36.220200000000006
180.0 -5.0 5.0 3.75 13125938.3511
180.0 -2.5 5.0 3.75 2674764.8133
180.0 0.0 5.0 3.75 934732.3442
180.0 2.5 5.0 3.75 14153593.371299999
180.0 5.0 5.0 3.75 39339832.598400004
180.0 7.5 5.0 3.75 12572.9637
180.0 10.0 5.0 3.75 3.1794
180.0 -2.5 2.5 5.0 9999999912.343801
180.0 -2.5 -2.5 6.25 9999999933.3913
180.0 -2.5 0.0 6.25 175307017.5466
180.0 -2.5 -2.5 7.5 9999999933.852901
180.0 -2.5 0.0 7.5 10000000125.6191
180.0 -2.5 2.5 7.5 578020.5837000001
180.0 0.0 2.5 7.5 163152.0417
180.0 2.5 2.5 7.5 357222161.3357
180.0 2.5 -10.0 8.75 9999999980.927301
180.0 -2.5 -7.5 8.75 10000000042.9274
180.0 2.5 -7.5 8.75 10000000141.809301
180.0 5.0 -7.5 8.75 10000000016.289202
180.0 -5.0 -5.0 8.75 10000000020.013601
180.0 -2.5 -5.0 8.75 10000000003.799501
180.0 -5.0 -2.5 8.75 10000000042.127602
180.0 -2.5 -2.5 8.75 10000000114.7744
180.0 0.0 -2.5 8.75 9999999765.3005
180.0 -5.0 0.0 8.75 281009657.6662
180.0 -2.5 0.0 8.75 10000000220.152102
180.0 0.0 0.0 8.75 9999999991.2982
180.0 -5.0 2.5 8.75 7002.217699999999
180.0 -2.5 2.5 8.75 2173989854.4424005
180.0 0.0 2.5 8.75 9999999848.8351
180.0 2.5 2.5 8.75 1857065027.0436
180.0 0.0 5.0 8.75 -42.50619999999999
180.0 2.5 5.0 8.75 9.364900000000006
180.0 2.5 -10.0 10.0 10000000073.132
180.0 -2.5 -7.5 10.0 10000000124.250101
180.0 0.0 -7.5 10.0 10000000058.437101
180.0 2.5 -7.5 10.0 10000000207.508902
180.0 5.0 -7.5 10.0 523690084.7141
180.0 -5.0 -5.0 10.0 2411448594.5626
180.0 -2.5 -5.0 10.0 10000000132.9475
180.0 0.0 -5.0 10.0 10000000202.6669
180.0 -5.0 -2.5 10.0 10000000101.861502
180.0 -2.5 -2.5 10.0 10000000028.8152
180.0 0.0 -2.5 10.0 10000000004.8393
180.0 -5.0 0.0 10.0 5690503264.8729
180.0 -2.5 0.0 10.0 9999999986.9309
180.0 0.0 0.0 10.0 9999999989.7971
180.0 -5.0 2.5 10.0 1485.6111999999998
180.0 -2.5 2.5 10.0 17956213.5918
180.0 0.0 2.5 10.0 6489451350.2301
180.0 2.5 2.5 10.0 8788968156.672499
180.0 -2.5 5.0 10.0 -38.5847
180.0 0.0 5.0 10.0 59794.5949
180.0 2.5 5.0 10.0 -52.73620000000001
180.0 5.0 5.0 10.0 44720.217599999996
180.0 -2.5 -10.0 11.25 10000000067.5382
180.0 2.5 -10.0 11.25 10000000101.036402
180.0 5.0 -10.0 11.25 9999999854.329802
180.0 -2.5 -7.5 11.25 10000000025.3005
180.0 0.0 -7.5 11.25 10000000236.2212
180.0 2.5 -7.5 11.25 10000000053.161402
180.0 5.0 -7.5 11.25 9999999831.0643
180.0 -5.0 -5.0 11.25 9254518659.1376
180.0 -2.5 -5.0 11.25 631539169.329
180.0 0.0 -5.0 11.25 10000000562.750801
180.0 -5.0 -2.5 11.25 9999999887.3218
180.0 -2.5 -2.5 11.25 9999999854.681002
180.0 0.0 -2.5 11.25 10000000104.227901
180.0 -5.0 0.0 11.25 695910416.5301
180.0 -2.5 0.0 11.25 10000000012.078201
180.0 0.0 0.0 11.25 67971529.4867
180.0 -5.0 2.5 11.25 224.2572
180.0 -2.5 2.5 11.25 311121.2439
180.0 0.0 2.5 11.25 731637709.3973999
180.0 2.5 2.5 11.25 38166.469300000004
180.0 -5.0 5.0 11.25 -32.8014
180.0 -2.5 5.0 11.25 -41.2863
180.0 0.0 5.0 11.25 321628.3183
180.0 2.5 5.0 11.25 -46.7638
180.0 5.0 5.0 11.25 18270.203999999998
180.0 7.5 5.0 11.25 284395.3121
180.0 -2.5 -10.0 12.5 10000000064.554
180.0 0.0 -10.0 12.5 9427247381.8675
180.0 2.5 -10.0 12.5 9999999878.6588
180.0 5.0 -10.0 12.5 9999999872.1205
180.0 7.5 -10.0 12.5 9999999935.5126
180.0 -2.5 -7.5 12.5 10000000222.365501
180.0 0.0 -7.5 12.5 9999999634.4582
180.0 2.5 -7.5 12.5 9999999895.6329
180.0 5.0 -7.5 12.5 9999999951.062
180.0 -5.0 -5.0 12.5 1176095008.358
180.0 -2.5 -5.0 12.5 10000000247.535301
180.0 0.0 -5.0 12.5 10000000271.114
180.0 2.5 -5.0 12.5 9999999948.186
180.0 5.0 -5.0 12.5 698068116.2965
180.0 -5.0 -2.5 12.5 9999999970.002901
180.0 -2.5 -2.5 12.5 9999999728.651001
180.0 0.0 -2.5 12.5 7432284403.931999
180.0 2.5 -2.5 12.5 10000000058.2343
180.0 5.0 -2.5 12.5 568298522.6629
180.0 -5.0 0.0 12.5 26179356.8343
180.0 -2.5 0.0 12.5 10000000062.0142
180.0 0.0 0.0 12.5 10000000096.8087
180.0 2.5 0.0 12.5 466002.9555
180.0 -5.0 2.5 12.5 104.2377
180.0 -2.5 2.5 12.5 12323.627199999999
180.0 0.0 2.5 12.5 234719738.0146
180.0 2.5 2.5 12.5 1631.8806
180.0 5.0 2.5 12.5 9999999976.962502
180.0 -5.0 5.0 12.5 -23.4429
180.0 -2.5 5.0 12.5 -37.824
180.0 0.0 5.0 12.5 505.987
180.0 2.5 5.0 12.5 -64.9561
180.0 5.0 5.0 12.5 1565.7062
180.0 7.5 5.0 12.5 157.82160000000002
180.0 10.0 5.0 12.5 -30.3894
180.0 -5.0 -10.0 13.75 9999999789.136501
180.0 -2.5 -10.0 13.75 4439454579.3019
180.0 0.0 -10.0 13.75 10000000093.0258
180.0 2.5 -10.0 13.75 9999999532.118801
180.0 5.0 -10.0 13.75 9999999961.469501
180.0 7.5 -10.0 13.75 4507460575.163
180.0 -5.0 -7.5 13.75 10000000059.949701
180.0 -2.5 -7.5 13.75 9999999995.9486
180.0 0.0 -7.5 13.75 10000000200.421001
180.0 2.5 -7.5 13.75 9999999887.803701
180.0 5.0 -7.5 13.75 9999999976.206001
180.0 10.0 -7.5 13.75 918747.6511
180.0 -5.0 -5.0 13.75 10000000164.815
180.0 -2.5 -5.0 13.75 10000000001.9568
180.0 0.0 -5.0 13.75 170124626.53509998
180.0 2.5 -5.0 13.75 3355745733.1547003
180.0 5.0 -5.0 13.75 2566620524.2444
180.0 -5.0 -2.5 13.75 33742426.3837
180.0 -2.5 -2.5 13.75 10000000049.060202
180.0 0.0 -2.5 13.75 3760795341.4664
180.0 2.5 -2.5 13.75 10000000110.956902
180.0 5.0 -2.5 13.75 6607255.8356
180.0 -5.0 0.0 13.75 22450723.150200002
180.0 -2.5 0.0 13.75 873918536.799
180.0 0.0 0.0 13.75 372251.22010000004
180.0 2.5 0.0 13.75 208469369.55400002
180.0 5.0 0.0 13.75 74027381.8747
180.0 7.5 0.0 13.75 18004.1798
180.0 -5.0 2.5 13.75 -7.2568
180.0 -2.5 2.5 13.75 11.295
180.0 0.0 2.5 13.75 849.3375
180.0 2.5 2.5 13.75 26.8641
180.0 5.0 2.5 13.75 19825074.1308
180.0 7.5 2.5 13.75 924.8984
180.0 10.0 2.5 13.75 70.1593
180.0 -5.0 5.0 13.75 -13.9093
180.0 -2.5 5.0 13.75 -23.600299999999997
180.0 0.0 5.0 13.75 -38.0964
180.0 2.5 5.0 13.75 -48.6175
180.0 5.0 5.0 13.75 -72.99499999999999
180.0 7.5 5.0 13.75 -55.17529999999999
180.0 -5.0 -10.0 15.0 2049674273.7833998
180.0 -2.5 -10.0 15.0 1188536980.6618001
180.0 0.0 -10.0 15.0 10000000068.651701
180.0 2.5 -10.0 15.0 10000000355.8724
180.0 5.0 -10.0 15.0 10000000018.968
180.0 7.5 -10.0 15.0 9999999971.320301
180.0 10.0 -10.0 15.0 3982501806.2464004
180.0 -5.0 -7.5 15.0 10000000074.3875
180.0 -2.5 -7.5 15.0 10000000052.6308
180.0 0.0 -7.5 15.0 10000000240.321001
180.0 2.5 -7.5 15.0 4554634307.8929
180.0 5.0 -7.5 15.0 9395303219.5755
180.0 7.5 -7.5 15.0 408127117.1719
180.0 10.0 -7.5 15.0 972082726.5279001
180.0 -5.0 -5.0 15.0 10000000192.6459
180.0 -2.5 -5.0 15.0 10000000100.6896
180.0 0.0 -5.0 15.0 10000000137.4064
180.0 2.5 -5.0 15.0 587663228.0532
180.0 5.0 -5.0 15.0 853919419.7529
180.0 7.5 -5.0 15.0 10666301.5011
180.0 -5.0 -2.5 15.0 30310875.2846
180.0 -2.5 -2.5 15.0 383098937.76659995
180.0 0.0 -2.5 15.0 139864463.1484
180.0 2.5 -2.5 15.0 9999999970.736101
180.0 5.0 -2.5 15.0 10000000291.912
180.0 7.5 -2.5 15.0 11996704.3845
180.0 -5.0 0.0 15.0 3452.8478
180.0 -2.5 0.0 15.0 6703.4646
180.0 0.0 0.0 15.0 359342.0132
180.0 2.5 0.0 15.0 9370799916.123001
180.0 5.0 0.0 15.0 11297226.7012
180.0 7.5 0.0 15.0 126.9409
180.0 -5.0 2.5 15.0 -3.8247
180.0 -2.5 2.5 15.0 -1.0310000000000006
180.0 0.0 2.5 15.0 -12.498
180.0 2.5 2.5 15.0 270.35089999999997
180.0 5.0 2.5 15.0 39.4083
180.0 7.5 2.5 15.0 -9.339
180.0 10.0 2.5 15.0 55.130199999999995
180.0 -5.0 5.0 15.0 -7.5176
180.0 -2.5 5.0 15.0 -14.1912
180.0 0.0 5.0 15.0 -23.1618
180.0 2.5 5.0 15.0 -31.8807
180.0 5.0 5.0 15.0 -43.0554
180.0 7.5 5.0 15.0 -28.243299999999998
180.0 10.0 5.0 15.0 6.894699999999999
180.0 -5.0 -10.0 16.25 10000000123.9158
180.0 -2.5 -10.0 16.25 18425860.4282
180.0 0.0 -10.0 16.25 9999999985.0527
180.0 2.5 -10.0 16.25 560947498.6005
180.0 5.0 -10.0 16.25 9999999973.974201
180.0 7.5 -10.0 16.25 9999999923.619001
180.0 10.0 -10.0 16.25 30520.6885
180.0 -5.0 -7.5 16.25 10000000073.192202
180.0 -2.5 -7.5 16.25 2402970013.3763
180.0 0.0 -7.5 16.25 2588533620.9491
180.0 2.5 -7.5 16.25 10000000001.501701
180.0 5.0 -7.5 16.25 602416997.2727001
180.0 7.5 -7.5 16.25 2168423714.8313
180.0 10.0 -7.5 16.25 18662431.0931
180.0 -5.0 -5.0 16.25 692949249.9281
180.0 -2.5 -5.0 16.25 9999999962.159101
180.0 0.0 -5.0 16.25 126263401.6662
180.0 2.5 -5.0 16.25 3930098670.5246
180.0 5.0 -5.0 16.25 10000000235.2143
180.0 7.5 -5.0 16.25 719093981.8822999
180.0 10.0 -5.0 16.25 37429182.9768
180.0 -5.0 -2.5 16.25 9999999947.1564
180.0 -2.5 -2.5 16.25 4080830.5727
180.0 0.0 -2.5 16.25 682032755.851
180.0 2.5 -2.5 16.25 9999999912.3712
180.0 5.0 -2.5 16.25 9999999816.7689
180.0 7.5 -2.5 16.25 95909.102
180.0 10.0 -2.5 16.25 588.0971999999999
180.0 -5.0 0.0 16.25 634.8093
180.0 -2.5 0.0 16.25 62.629400000000004
180.0 0.0 0.0 16.25 36192.5126
180.0 2.5 0.0 16.25 205622449.6642
180.0 5.0 0.0 16.25 9999999970.289701
180.0 7.5 0.0 16.25 2885.0458000000003
180.0 10.0 0.0 16.25 208.2502
180.0 -5.0 2.5 16.25 -0.9735999999999998
180.0 -2.5 2.5 16.25 0.6844999999999999
180.0 0.0 2.5 16.25 -4.8779
180.0 2.5 2.5 16.25 12.1373
180.0 5.0 2.5 16.25 9289.392199999998
180.0 7.5 2.5 16.25 6.2059
180.0 10.0 2.5 16.25 50.6312
180.0 -5.0 5.0 16.25 -3.2822
180.0 -2.5 5.0 16.25 -7.0283
180.0 0.0 5.0 16.25 -13.9081
180.0 2.5 5.0 16.25 -21.3246
180.0 5.0 5.0 16.25 -24.8231
180.0 7.5 5.0 16.25 -11.4956
180.0 10.0 5.0 16.25 14.288599999999999
240.0 -5.0 -10.0 3.75 9999999939.075401
240.0 -2.5 -10.0 3.75 10000000081.780602
240.0 0.0 -10.0 3.75 9999999839.908201
240.0 2.5 -10.0 3.75 10000000201.9155
240.0 5.0 -10.0 3.75 10000000151.468801
240.0 7.5 -10.0 3.75 10000000133.9747
240.0 10.0 -10.0 3.75 9999999897.377401
240.0 -5.0 -7.5 3.75 9999999987.075401
240.0 -2.5 -7.5 3.75 9999999679.030401
240.0 0.0 -7.5 3.75 9999999840.2558
240.0 2.5 -7.5 3.75 9999999884.6849
240.0 5.0 -7.5 3.75 9999999771.225801
240.0 7.5 -7.5 3.75 10000000279.4029
240.0 10.0 -7.5 3.75 10000000009.3549
240.0 -5.0 -5.0 3.75 10000000012.737202
240.0 -2.5 -5.0 3.75 9999999616.564701
240.0 0.0 -5.0 3.75 10000000121.201801
240.0 2.5 -5.0 3.75 9999999989.2812
240.0 5.0 -5.0 3.75 9999999886.9328
240.0 7.5 -5.0 3.75 3204297999.7112
240.0 10.0 -5.0 3.75 9999999873.776201
240.0 -5.0 -2.5 3.75 775121503.0667001
240.0 -2.5 -2.5 3.75 9999999825.564402
240.0 0.0 -2.5 3.75 10000000294.2546
240.0 2.5 -2.5 3.75 9999999991.944302
240.0 5.0 -2.5 3.75 9999999969.5583
240.0 7.5 -2.5 3.75 9981007851.769201
240.0 10.0 -2.5 3.75 438452845.6834
240.0 -5.0 0.0 3.75 9999999991.151901
240.0 -2.5 0.0 3.75 9999999952.9925
240.0 0.0 0.0 3.75 5074147875.0751
240.0 2.5 0.0 3.75 9999999860.476501
240.0 5.0 0.0 3.75 243157213.75489998
240.0 7.5 0.0 3.75 10000000180.163502
240.0 10.0 0.0 3.75 9999999935.4297
240.0 -5.0 2.5 3.75 2239015.1552
240.0 -2.5 2.5 3.75 1227184591.5723002
240.0 0.0 2.5 3.75 385022022.0446
240.0 2.5 2.5 3.75 37688020.994600005
240.0 5.0 2.5 3.75 10000000414.088501
240.0 7.5 2.5 3.75 3084417540.1441
240.0 10.0 2.5 3.75 260996253.6765
240.0 -5.0 5.0 3.75 14.053799999999999
240.0 -2.5 5.0 3.75 11399.9233
240.0 0.0 5.0 3.75 39291559.958
240.0 2.5 5.0 3.75 829399584.8975999
240.0 5.0 5.0 3.75 991.9094
240.0 7.5 5.0 3.75 8688.4928
240.0 10.0 5.0 3.75 1039.8758
240.0 0.0 5.0 5.0 9999999377.8686
240.0 2.5 -7.5 6.25 10000000128.5883
240.0 0.0 -2.5 6.25 9999999873.6639
240.0 0.0 0.0 6.25 9999999938.810701
240.0 -2.5 2.5 6.25 248762.3907
240.0 0.0 2.5 6.25 9999999974.6128
240.0 0.0 5.0 6.25 54258249.7929
240.0 2.5 -7.5 7.5 9999999839.4683
240.0 0.0 -5.0 7.5 9999999724.087101
240.0 2.5 -5.0 7.5 10000000028.1639
240.0 0.0 -2.5 7.5 10000000205.691801
240.0 2.5 -2.5 7.5 9999999776.9643
240.0 0.0 0.0 7.5 9999999941.676802
240.0 2.5 0.0 7.5 9999999979.8731
240.0 0.0 2.5 7.5 9999999715.070702
240.0 -2.5 5.0 7.5 1425.599
240.0 0.0 5.0 7.5 240079732.5518
240.0 2.5 -10.0 8.75 10000000019.209702
240.0 2.5 -7.5 8.75 10000000078.3251
240.0 0.0 -5.0 8.75 9999999515.779501
240.0 2.5 -5.0 8.75 9999999648.972502
240.0 -2.5 -2.5 8.75 9999999954.6399
240.0 0.0 -2.5 8.75 9999999958.366701
240.0 2.5 -2.5 8.75 9999999760.106401
240.0 -5.0 0.0 8.75 164845859.2124
240.0 -2.5 0.0 8.75 9999999749.300402
240.0 0.0 0.0 8.75 8677589655.5141
240.0 2.5 0.0 8.75 10000000116.0561
240.0 -2.5 2.5 8.75 5102.2897
240.0 0.0 2.5 8.75 722229166.2166
240.0 2.5 2.5 8.75 317998.4705
240.0 -2.5 5.0 8.75 -36.082
240.0 0.0 5.0 8.75 35603.5841
240.0 2.5 5.0 8.75 -0.8342000000000027
240.0 2.5 -10.0 10.0 10000000139.383902
240.0 5.0 -10.0 10.0 10000000019.7852
240.0 2.5 -7.5 10.0 9999999942.882502
240.0 -5.0 -5.0 10.0 857770193.3074
240.0 0.0 -5.0 10.0 9999999815.544802
240.0 2.5 -5.0 10.0 9999999917.9617
240.0 -5.0 -2.5 10.0 9999999985.667301
240.0 -2.5 -2.5 10.0 9999999947.3281
240.0 0.0 -2.5 10.0 1767942114.2102
240.0 2.5 -2.5 10.0 9999999927.716501
240.0 -5.0 0.0 10.0 6230559956.7911005
240.0 -2.5 0.0 10.0 7220029947.6433
240.0 0.0 0.0 10.0 9999999785.974401
240.0 2.5 0.0 10.0 9999999884.0398
240.0 -2.5 2.5 10.0 81222350.6376
240.0 0.0 2.5 10.0 9999999994.870401
240.0 2.5 2.5 10.0 2609163.8685999997
240.0 5.0 2.5 10.0 6115225073.0669
240.0 -2.5 5.0 10.0 -37.152899999999995
240.0 0.0 5.0 10.0 97.19890000000001
240.0 2.5 5.0 10.0 -48.8815
240.0 5.0 5.0 10.0 12357.1076
240.0 -2.5 -10.0 11.25 10000000067.875101
240.0 2.5 -10.0 11.25 10000000060.588501
240.0 5.0 -10.0 11.25 8154791840.1635
240.0 10.0 -10.0 11.25 66449324.820999995
240.0 2.5 -7.5 11.25 9999999838.279701
240.0 -5.0 -5.0 11.25 9999999957.6853
240.0 -2.5 -5.0 11.25 9999999763.610102
240.0 0.0 -5.0 11.25 9999999922.3901
240.0 2.5 -5.0 11.25 9999999461.999802
240.0 -5.0 -2.5 11.25 9999999960.1809
240.0 -2.5 -2.5 11.25 9999999946.669601
240.0 0.0 -2.5 11.25 9999999875.9225
240.0 2.5 -2.5 11.25 10000000071.251001
240.0 -5.0 0.0 11.25 465275732.351
240.0 -2.5 0.0 11.25 9999999745.444101
240.0 0.0 0.0 11.25 9999999890.488201
240.0 2.5 0.0 11.25 23558588.0262
240.0 -2.5 2.5 11.25 4178947.3219
240.0 0.0 2.5 11.25 3284139249.6421
240.0 2.5 2.5 11.25 52643201.4274
240.0 5.0 2.5 11.25 18301683.943600003
240.0 -2.5 5.0 11.25 -25.491100000000003
240.0 0.0 5.0 11.25 1674.0401
240.0 2.5 5.0 11.25 12.391899999999996
240.0 5.0 5.0 11.25 5178.6
240.0 7.5 5.0 11.25 43185.9903
240.0 -2.5 -10.0 12.5 694703590.8184999
240.0 0.0 -10.0 12.5 10000000118.3759
240.0 2.5 -10.0 12.5 9999999960.3353
240.0 5.0 -10.0 12.5 10000000142.884602
240.0 7.5 -10.0 12.5 324153871.3393
240.0 10.0 -10.0 12.5 2388667.2153
240.0 -5.0 -7.5 12.5 9999999988.982302
240.0 0.0 -7.5 12.5 9999999864.367
240.0 2.5 -7.5 12.5 10000000017.069302
240.0 5.0 -7.5 12.5 486594228.55569994
240.0 7.5 -7.5 12.5 10000000047.6874
240.0 10.0 -7.5 12.5 37852263.9485
240.0 -5.0 -5.0 12.5 3484087481.2715
240.0 -2.5 -5.0 12.5 10000000084.9559
240.0 0.0 -5.0 12.5 9999999992.7427
240.0 2.5 -5.0 12.5 10000000207.5337
240.0 5.0 -5.0 12.5 9999999991.884401
240.0 -5.0 -2.5 12.5 544700352.3157
240.0 -2.5 -2.5 12.5 137986707.836
240.0 0.0 -2.5 12.5 4651193553.8814
240.0 2.5 -2.5 12.5 10000000218.325901
240.0 -5.0 0.0 12.5 321809355.423
240.0 -2.5 0.0 12.5 12069337.6281
240.0 0.0 0.0 12.5 4059825648.5698
240.0 2.5 0.0 12.5 10000000037.369501
240.0 -2.5 2.5 12.5 9999999915.5814
240.0 0.0 2.5 12.5 6386.327
240.0 2.5 2.5 12.5 9634581.6902
240.0 5.0 2.5 12.5 603545379.4336
240.0 -2.5 5.0 12.5 -5.654300000000001
240.0 0.0 5.0 12.5 23.7795
240.0 2.5 5.0 12.5 89.03659999999999
240.0 5.0 5.0 12.5 258868412.3522
240.0 7.5 5.0 12.5 43118613.2947
240.0 10.0 5.0 12.5 333.1218
240.0 -5.0 -10.0 13.75 10000000037.7672
240.0 -2.5 -10.0 13.75 10000000110.3418
240.0 0.0 -10.0 13.75 10000000071.12
240.0 2.5 -10.0 13.75 10000000051.5955
240.0 5.0 -10.0 13.75 10000000072.1982
240.0 7.5 -10.0 13.75 271143.7833
240.0 10.0 -10.0 13.75 20728.218399999998
240.0 -5.0 -7.5 13.75 10000000110.439001
240.0 -2.5 -7.5 13.75 9999999839.527401
240.0 0.0 -7.5 13.75 10000000056.852402
240.0 2.5 -7.5 13.75 10000000038.504501
240.0 5.0 -7.5 13.75 10000000104.4937
240.0 7.5 -7.5 13.75 10000000129.501001
240.0 10.0 -7.5 13.75 19633654.8805
240.0 -5.0 -5.0 13.75 9999999908.577301
240.0 -2.5 -5.0 13.75 10000000010.5928
240.0 0.0 -5.0 13.75 9999999877.764101
240.0 2.5 -5.0 13.75 2414148685.5659003
240.0 5.0 -5.0 13.75 10000000167.718102
240.0 7.5 -5.0 13.75 10000000042.283201
240.0 -5.0 -2.5 13.75 34887782.9015
240.0 -2.5 -2.5 13.75 60957312.537
240.0 0.0 -2.5 13.75 9999999817.779701
240.0 2.5 -2.5 13.75 10000000061.1996
240.0 5.0 -2.5 13.75 177999013.51839998
240.0 -5.0 0.0 13.75 18125.299
240.0 -2.5 0.0 13.75 59303014.8902
240.0 0.0 0.0 13.75 9999999929.506802
240.0 2.5 0.0 13.75 151188015.1592
240.0 5.0 0.0 13.75 17436094.1002
240.0 -5.0 2.5 13.75 26465.4725
240.0 -2.5 2.5 13.75 9999999518.720402
240.0 0.0 2.5 13.75 94562.2586
240.0 2.5 2.5 13.75 70913.4091
240.0 5.0 2.5 13.75 331027956.56780005
240.0 7.5 2.5 13.75 10000000158.279202
240.0 -2.5 5.0 13.75 333.21750000000003
240.0 0.0 5.0 13.75 0.35670000000000024
240.0 2.5 5.0 13.75 24.6111
240.0 5.0 5.0 13.75 318349.60240000003
240.0 7.5 5.0 13.75 6655326589.3568
240.0 10.0 5.0 13.75 114.2546
240.0 -5.0 -10.0 15.0 1607945996.9587
240.0 -2.5 -10.0 15.0 10000000015.0513
240.0 0.0 -10.0 15.0 2985858497.0357
240.0 2.5 -10.0 15.0 9999999928.325201
240.0 5.0 -10.0 15.0 153015487.63050002
240.0 7.5 -10.0 15.0 1298265.7582999999
240.0 10.0 -10.0 15.0 144.5261
240.0 -5.0 -7.5 15.0 9999999852.3738
240.0 -2.5 -7.5 15.0 10000000293.9808
240.0 0.0 -7.5 15.0 10000000096.8574
240.0 2.5 -7.5 15.0 9999999899.0925
240.0 5.0 -7.5 15.0 10000000072.110102
240.0 7.5 -7.5 15.0 1658079449.4889
240.0 10.0 -7.5 15.0 1422138336.6818
240.0 -5.0 -5.0 15.0 9999999965.303902
240.0 -2.5 -5.0 15.0 3892715918.7049003
240.0 0.0 -5.0 15.0 10000000059.4426
240.0 2.5 -5.0 15.0 10000000034.121801
240.0 5.0 -5.0 15.0 4620433397.6479
240.0 7.5 -5.0 15.0 384248537.1771
240.0 10.0 -5.0 15.0 49986547.631299995
240.0 -5.0 -2.5 15.0 43088.0132
240.0 -2.5 -2.5 15.0 142804651.60390002
240.0 0.0 -2.5 15.0 884544376.342
240.0 2.5 -2.5 15.0 10000000222.7115
240.0 5.0 -2.5 15.0 1491848.5961
240.0 7.5 -2.5 15.0 13331801.5282
240.0 10.0 -2.5 15.0 9999999894.627602
240.0 -5.0 0.0 15.0 161.13760000000002
240.0 -2.5 0.0 15.0 11677046.162300002
240.0 0.0 0.0 15.0 366572980.0807
240.0 2.5 0.0 15.0 10000000068.5429
240.0 5.0 0.0 15.0 3373347.3894
240.0 10.0 0.0 15.0 1656996.3349
240.0 -5.0 2.5 15.0 450.1451
240.0 -2.5 2.5 15.0 101976.8906
240.0 0.0 2.5 15.0 1160355.8731
240.0 2.5 2.5 15.0 65086.6048
240.0 5.0 2.5 15.0 245722.0235
240.0 7.5 2.5 15.0 44095.225399999996
240.0 -5.0 5.0 15.0 -1.2726
240.0 -2.5 5.0 15.0 366.5429
240.0 0.0 5.0 15.0 12.9142
240.0 2.5 5.0 15.0 35.6639
240.0 5.0 5.0 15.0 2665.1551
240.0 7.5 5.0 15.0 34518749.4181
240.0 10.0 5.0 15.0 72.8886
240.0 -5.0 -10.0 16.25 9999999968.926802
240.0 -2.5 -10.0 16.25 9999999960.224201
240.0 0.0 -10.0 16.25 10000000222.9999
240.0 2.5 -10.0 16.25 5267532691.0917
240.0 5.0 -10.0 16.25 48460742.1751
240.0 7.5 -10.0 16.25 13642.8237
240.0 10.0 -10.0 16.25 34.7034
240.0 -5.0 -7.5 16.25 290323819.16
240.0 -2.5 -7.5 16.25 9999999770.441502
240.0 0.0 -7.5 16.25 9999999943.105202
240.0 2.5 -7.5 16.25 10000000264.4652
240.0 5.0 -7.5 16.25 4496352736.584
240.0 7.5 -7.5 16.25 1071496607.2748001
240.0 10.0 -7.5 16.25 1312260.5947
240.0 -5.0 -5.0 16.25 9999999986.4431
240.0 -2.5 -5.0 16.25 5858396065.3689
240.0 0.0 -5.0 16.25 10000000325.341702
240.0 2.5 -5.0 16.25 9999999820.259201
240.0 5.0 -5.0 16.25 10000000069.1966
240.0 7.5 -5.0 16.25 1353669464.932
240.0 10.0 -5.0 16.25 9419627537.0596
240.0 -5.0 -2.5 16.25 33178.2171
240.0 -2.5 -2.5 16.25 129261.0223
240.0 0.0 -2.5 16.25 10000000005.034801
240.0 2.5 -2.5 16.25 748722137.7992
240.0 5.0 -2.5 16.25 24333988.813199997
240.0 7.5 -2.5 16.25 52375978.419599995
240.0 10.0 -2.5 16.25 96333432.7323
240.0 -5.0 0.0 16.25 887.7518
240.0 -2.5 0.0 16.25 496902674.54510003
240.0 0.0 0.0 16.25 13621701.2401
240.0 2.5 0.0 16.25 64024.796
240.0 5.0 0.0 16.25 1041.6513
240.0 7.5 0.0 16.25 4799.9341
240.0 10.0 0.0 16.25 27621587.3487
240.0 -5.0 2.5 16.25 -12.3873
240.0 -2.5 2.5 16.25 1395.1861000000001
240.0 0.0 2.5 16.25 270272503.2172
240.0 2.5 2.5 16.25 146237.6629
240.0 5.0 2.5 16.25 588.229
240.0 7.5 2.5 16.25 156.43310000000002
240.0 -5.0 5.0 16.25 1.058
240.0 -2.5 5.0 16.25 15.0656
240.0 0.0 5.0 16.25 15.179199999999998
240.0 2.5 5.0 16.25 43.011300000000006
240.0 5.0 5.0 16.25 146.575
240.0 7.5 5.0 16.25 70902.1949
240.0 10.0 5.0 16.25 64.4358
300.0 -5.0 -10.0 3.75 9999999682.873402
300.0 -2.5 -10.0 3.75 9999999731.151701
300.0 0.0 -10.0 3.75 10000000105.3451
300.0 2.5 -10.0 3.75 9999999924.9358
300.0 5.0 -10.0 3.75 10000000590.0716
300.0 7.5 -10.0 3.75 9999999937.1168
300.0 10.0 -10.0 3.75 9999999854.794102
300.0 -5.0 -7.5 3.75 10000000010.831001
300.0 -2.5 -7.5 3.75 10000000043.6952
300.0 0.0 -7.5 3.75 10000000032.1039
300.0 2.5 -7.5 3.75 10000000258.665
300.0 5.0 -7.5 3.75 10000000428.1671
300.0 7.5 -7.5 3.75 9999999994.124802
300.0 10.0 -7.5 3.75 6109262542.7823
300.0 -5.0 -5.0 3.75 10000000530.8815
300.0 -2.5 -5.0 3.75 10000000113.6103
300.0 0.0 -5.0 3.75 10000000189.784101
300.0 2.5 -5.0 3.75 10000000004.3673
300.0 5.0 -5.0 3.75 10000000162.391
300.0 7.5 -5.0 3.75 10000000357.270802
300.0 10.0 -5.0 3.75 9999999806.376701
300.0 -5.0 -2.5 3.75 10000000082.904501
300.0 -2.5 -2.5 3.75 10000000106.973202
300.0 0.0 -2.5 3.75 10000000201.7322
300.0 2.5 -2.5 3.75 10000000596.3446
300.0 5.0 -2.5 3.75 7313162865.929
300.0 7.5 -2.5 3.75 9999999888.4944
300.0 10.0 -2.5 3.75 530064698.8931
300.0 -5.0 0.0 3.75 3128565322.8521
300.0 -2.5 0.0 3.75 10000000220.4808
300.0 0.0 0.0 3.75 10000000006.403101
300.0 2.5 0.0 3.75 9999999820.119902
300.0 5.0 0.0 3.75 122618547.0315
300.0 7.5 0.0 3.75 10000000388.903101
300.0 10.0 0.0 3.75 24732.8289
300.0 -5.0 2.5 3.75 9999999863.1361
300.0 -2.5 2.5 3.75 10000000059.5184
300.0 0.0 2.5 3.75 2185772404.7776
300.0 2.5 2.5 3.75 10000000022.828001
300.0 5.0 2.5 3.75 10000000021.3847
300.0 7.5 2.5 3.75 197549081.9767
300.0 10.0 2.5 3.75 -12.1451
300.0 -5.0 5.0 3.75 214442.3078
300.0 -2.5 5.0 3.75 30451.964900000003
300.0 0.0 5.0 3.75 470701.0345
300.0 2.5 5.0 3.75 12572290.018
300.0 5.0 5.0 3.75 68659.2099
300.0 7.5 5.0 3.75 218689.49
300.0 10.0 5.0 3.75 0.25560000000000027
300.0 0.0 -2.5 5.0 2380502150.5726
300.0 0.0 0.0 5.0 9999999942.6555
300.0 5.0 -7.5 6.25 9999999983.602901
300.0 0.0 -5.0 6.25 9999999999.667301
300.0 0.0 -2.5 6.25 10000000060.391
300.0 0.0 0.0 6.25 2391251714.4490995
300.0 0.0 2.5 6.25 10000000073.538301
300.0 0.0 5.0 6.25 10521.3779
300.0 5.0 -7.5 7.5 10000000070.6781
300.0 2.5 -5.0 7.5 9999999947.001902
300.0 0.0 -2.5 7.5 10000000451.751202
300.0 2.5 -2.5 7.5 704315593.4537
300.0 0.0 0.0 7.5 10000000205.3535
300.0 -2.5 2.5 7.5 30624181.8833
300.0 0.0 2.5 7.5 9999999863.668701
300.0 -2.5 5.0 7.5 5330.637000000001
300.0 0.0 5.0 7.5 29746.3554
300.0 2.5 -10.0 8.75 10000000193.009
300.0 5.0 -7.5 8.75 9999999907.6277
300.0 0.0 -5.0 8.75 9999999771.890701
300.0 2.5 -5.0 8.75 3849148177.2872
300.0 5.0 -5.0 8.75 9999999765.7112
300.0 0.0 -2.5 8.75 9999999965.968401
300.0 2.5 -2.5 8.75 7314846045.693299
300.0 0.0 0.0 8.75 10000000047.6947
300.0 2.5 0.0 8.75 10000000150.9018
300.0 0.0 2.5 8.75 9999999824.379002
300.0 2.5 2.5 8.75 2478522017.3197002
300.0 -2.5 5.0 8.75 2000.3722
300.0 0.0 5.0 8.75 10766.073600000002
300.0 2.5 5.0 8.75 215750.8829
300.0 2.5 -10.0 10.0 9999999889.756601
300.0 2.5 -7.5 10.0 549576107.3384
300.0 5.0 -7.5 10.0 10000000061.584301
300.0 7.5 -7.5 10.0 9999999831.0941
300.0 0.0 -5.0 10.0 10000000003.589201
300.0 2.5 -5.0 10.0 9999999915.324202
300.0 5.0 -5.0 10.0 10000000447.957602
300.0 0.0 -2.5 10.0 10000000026.949701
300.0 2.5 -2.5 10.0 10000000034.761301
300.0 -5.0 0.0 10.0 10000000005.195002
300.0 -2.5 0.0 10.0 588200287.9005
300.0 0.0 0.0 10.0 10000000006.364801
300.0 2.5 0.0 10.0 9999999988.436
300.0 5.0 0.0 10.0 9999999934.01
300.0 -2.5 2.5 10.0 66418.015
300.0 0.0 2.5 10.0 6797264.0595
300.0 2.5 2.5 10.0 338876599.44439995
300.0 5.0 2.5 10.0 339152467.673
300.0 -2.5 5.0 10.0 -16.043400000000002
300.0 0.0 5.0 10.0 478.41769999999997
300.0 2.5 5.0 10.0 3499.2178
300.0 2.5 -10.0 11.25 10000000026.7992
300.0 5.0 -10.0 11.25 9999999741.334702
300.0 7.5 -10.0 11.25 10000000013.248402
300.0 10.0 -10.0 11.25 3833231301.0275
300.0 2.5 -7.5 11.25 10000000194.131
300.0 5.0 -7.5 11.25 10000000268.0154
300.0 0.0 -5.0 11.25 1753513455.2977
300.0 2.5 -5.0 11.25 10000000050.844002
300.0 5.0 -5.0 11.25 9999999962.2078
300.0 -2.5 -2.5 11.25 9999999956.234402
300.0 0.0 -2.5 11.25 9999999767.251001
300.0 2.5 -2.5 11.25 10000000077.038
300.0 -5.0 0.0 11.25 9999999736.8211
300.0 -2.5 0.0 11.25 5844676035.373099
300.0 0.0 0.0 11.25 293171857.0839
300.0 2.5 0.0 11.25 3513639776.1147003
300.0 -2.5 2.5 11.25 7224.3017
300.0 0.0 2.5 11.25 45799256.3808
300.0 2.5 2.5 11.25 16986998.280800004
300.0 5.0 2.5 11.25 1344392534.2905002
300.0 -2.5 5.0 11.25 -8.9947
300.0 0.0 5.0 11.25 6.9396
300.0 2.5 5.0 11.25 117.5144
300.0 7.5 5.0 11.25 2788.5742
300.0 -5.0 -10.0 12.5 10000000036.607801
300.0 2.5 -10.0 12.5 9999999974.3794
300.0 5.0 -10.0 12.5 10000000164.7872
300.0 7.5 -10.0 12.5 114288458.529
300.0 10.0 -10.0 12.5 210557736.06849998
300.0 2.5 -7.5 12.5 6153767016.1724
300.0 5.0 -7.5 12.5 10000000000.7852
300.0 7.5 -7.5 12.5 10000000087.797201
300.0 -5.0 -5.0 12.5 9999999983.448301
300.0 -2.5 -5.0 12.5 597802121.9727
300.0 0.0 -5.0 12.5 9999999956.297901
300.0 2.5 -5.0 12.5 10000000099.4342
300.0 5.0 -5.0 12.5 9222378296.1346
300.0 -5.0 -2.5 12.5 9999999914.4719
300.0 -2.5 -2.5 12.5 10000000087.797
300.0 0.0 -2.5 12.5 10000000118.155401
300.0 2.5 -2.5 12.5 10000000093.7296
300.0 -5.0 0.0 12.5 3612710.3362000003
300.0 -2.5 0.0 12.5 98001910.1619
300.0 0.0 0.0 12.5 10000000010.9978
300.0 2.5 0.0 12.5 2700326102.5626
300.0 5.0 0.0 12.5 10000000106.9909
300.0 -2.5 2.5 12.5 9999999936.4974
300.0 0.0 2.5 12.5 2961761593.6015
300.0 2.5 2.5 12.5 3541745.4741
300.0 5.0 2.5 12.5 230186789.6841
300.0 7.5 2.5 12.5 3303329.9793
300.0 10.0 2.5 12.5 40.2765
300.0 -2.5 5.0 12.5 15.459700000000002
300.0 0.0 5.0 12.5 98.1864
300.0 2.5 5.0 12.5 255.33270000000002
300.0 5.0 5.0 12.5 414.9995
300.0 7.5 5.0 12.5 25.461000000000002
300.0 10.0 5.0 12.5 -11.4286
300.0 0.0 -10.0 13.75 9999999962.9423
300.0 2.5 -10.0 13.75 9999999889.8593
300.0 5.0 -10.0 13.75 122662960.9736
300.0 7.5 -10.0 13.75 45172817.2811
300.0 10.0 -10.0 13.75 282049.5703
300.0 -5.0 -7.5 13.75 6338740110.12
300.0 -2.5 -7.5 13.75 476553086.8907
300.0 2.5 -7.5 13.75 10000000089.087101
300.0 5.0 -7.5 13.75 10000000282.020601
300.0 7.5 -7.5 13.75 10000000160.632502
300.0 10.0 -7.5 13.75 10000000035.660501
300.0 -5.0 -5.0 13.75 9999999941.8582
300.0 -2.5 -5.0 13.75 3160276165.9249997
300.0 0.0 -5.0 13.75 10000000005.776402
300.0 2.5 -5.0 13.75 10000000171.7887
300.0 5.0 -5.0 13.75 10000000041.187
300.0 -5.0 -2.5 13.75 9999999977.144402
300.0 -2.5 -2.5 13.75 9999999731.786701
300.0 0.0 -2.5 13.75 10000000129.2036
300.0 2.5 -2.5 13.75 8677830917.423899
300.0 5.0 -2.5 13.75 456109869.0225
300.0 -5.0 0.0 13.75 25559697.9223
300.0 -2.5 0.0 13.75 180123291.8992
300.0 0.0 0.0 13.75 338688049.23639995
300.0 2.5 0.0 13.75 18128686.6036
300.0 5.0 0.0 13.75 280545511.4218
300.0 7.5 0.0 13.75 1067805648.3956001
300.0 -2.5 2.5 13.75 5751.521
300.0 0.0 2.5 13.75 334498304.3858
300.0 2.5 2.5 13.75 1179075.5132000002
300.0 5.0 2.5 13.75 467021.9118
300.0 7.5 2.5 13.75 9296897.499699999
300.0 10.0 2.5 13.75 272.8113
300.0 -2.5 5.0 13.75 40.7282
300.0 0.0 5.0 13.75 10361.5059
300.0 2.5 5.0 13.75 107.8221
300.0 5.0 5.0 13.75 22.7849
300.0 7.5 5.0 13.75 0.6855
300.0 10.0 5.0 13.75 -11.5782
300.0 -5.0 -10.0 15.0 9999999922.254301
300.0 -2.5 -10.0 15.0 10000000105.2663
300.0 0.0 -10.0 15.0 10000000054.031
300.0 2.5 -10.0 15.0 155394767.5658
300.0 5.0 -10.0 15.0 10000000001.2061
300.0 7.5 -10.0 15.0 508959759.4345
300.0 10.0 -10.0 15.0 14102683.3209
300.0 -5.0 -7.5 15.0 10000000034.431002
300.0 -2.5 -7.5 15.0 9999999933.7647
300.0 0.0 -7.5 15.0 9999999886.822
300.0 2.5 -7.5 15.0 10000000036.3897
300.0 5.0 -7.5 15.0 9999999982.8582
300.0 7.5 -7.5 15.0 9999999943.825201
300.0 10.0 -7.5 15.0 1412241.0041
300.0 -5.0 -5.0 15.0 2336078885.5557
300.0 -2.5 -5.0 15.0 10000000163.648401
300.0 0.0 -5.0 15.0 10000000026.383701
300.0 2.5 -5.0 15.0 9999999609.4354
300.0 5.0 -5.0 15.0 10000000114.895401
300.0 7.5 -5.0 15.0 10000000070.926802
300.0 10.0 -5.0 15.0 71317000.79529999
300.0 -5.0 -2.5 15.0 10000000019.156101
300.0 -2.5 -2.5 15.0 9999999962.3505
300.0 0.0 -2.5 15.0 10000000405.402802
300.0 2.5 -2.5 15.0 1273360231.7393
300.0 5.0 -2.5 15.0 330323236.47730005
300.0 10.0 -2.5 15.0 563097254.6977999
300.0 -5.0 0.0 15.0 50871879.5126
300.0 -2.5 0.0 15.0 10000000261.6786
300.0 0.0 0.0 15.0 11124653.9544
300.0 2.5 0.0 15.0 46190267.12
300.0 5.0 0.0 15.0 9259384855.1964
300.0 7.5 0.0 15.0 10000000028.054201
300.0 -5.0 2.5 15.0 40.3911
300.0 -2.5 2.5 15.0 234.7745
300.0 0.0 2.5 15.0 17602745.0033
300.0 2.5 2.5 15.0 1259.9895
300.0 5.0 2.5 15.0 106145.4125
300.0 7.5 2.5 15.0 2096323752.4207
300.0 10.0 2.5 15.0 882.7404
300.0 -2.5 5.0 15.0 55.203199999999995
300.0 0.0 5.0 15.0 2782.6484
300.0 2.5 5.0 15.0 55.0297
300.0 5.0 5.0 15.0 24.233999999999998
300.0 7.5 5.0 15.0 208.5487
300.0 10.0 5.0 15.0 3.484399999999999
300.0 -5.0 -10.0 16.25 18910127.2601
300.0 -2.5 -10.0 16.25 9999999914.065601
300.0 0.0 -10.0 16.25 10000000115.1277
300.0 2.5 -10.0 16.25 9999999925.7872
300.0 5.0 -10.0 16.25 433418481.91069996
300.0 7.5 -10.0 16.25 6864913.249899999
300.0 10.0 -10.0 16.25 105543.4017
300.0 -5.0 -7.5 16.25 1254144836.7318
300.0 -2.5 -7.5 16.25 10000000045.101501
300.0 0.0 -7.5 16.25 7734506323.9955
300.0 2.5 -7.5 16.25 9999999961.6881
300.0 5.0 -7.5 16.25 9999999974.7164
300.0 7.5 -7.5 16.25 10000000114.630901
300.0 10.0 -7.5 16.25 2708513647.4103003
300.0 -5.0 -5.0 16.25 7008750960.5638
300.0 -2.5 -5.0 16.25 9999999854.678501
300.0 0.0 -5.0 16.25 9999999893.652802
300.0 2.5 -5.0 16.25 9999999839.537
300.0 5.0 -5.0 16.25 10000000006.813501
300.0 7.5 -5.0 16.25 834170795.4377
300.0 10.0 -5.0 16.25 690593.8256999999
300.0 -5.0 -2.5 16.25 4273512.5391999995
300.0 -2.5 -2.5 16.25 10000000262.193
300.0 0.0 -2.5 16.25 3292327909.5286
300.0 2.5 -2.5 16.25 9528351703.9053
300.0 5.0 -2.5 16.25 10000000106.612501
300.0 7.5 -2.5 16.25 257693519.0503
300.0 10.0 -2.5 16.25 9999999958.299501
300.0 -5.0 0.0 16.25 164923.6442
300.0 -2.5 0.0 16.25 10000000015.905
300.0 0.0 0.0 16.25 10000000062.294802
300.0 2.5 0.0 16.25 10000000029.615002
300.0 5.0 0.0 16.25 82982878.72530001
300.0 7.5 0.0 16.25 1094246190.7692
300.0 -5.0 2.5 16.25 44.014
300.0 -2.5 2.5 16.25 878.5425
300.0 0.0 2.5 16.25 60372.610799999995
300.0 2.5 2.5 16.25 63.8368
300.0 5.0 2.5 16.25 59273.3274
300.0 7.5 2.5 16.25 9999999922.0513
300.0 10.0 2.5 16.25 1271252.8138
300.0 -5.0 5.0 16.25 35.0545
300.0 -2.5 5.0 16.25 56.7159
300.0 0.0 5.0 16.25 85.891
300.0 2.5 5.0 16.25 51.597699999999996
300.0 5.0 5.0 16.25 23.7346
300.0 7.5 5.0 16.25 6870.1649
300.0 10.0 5.0 16.25 120.7741
