0.0 5.0 -7.5 6.25 3070338509.6952
0.0 -2.5 5.0 6.25 785308474.0009
0.0 0.0 2.5 7.5 9999999915.131102
0.0 -2.5 5.0 7.5 9999999902.6534
0.0 0.0 5.0 7.5 9999999785.0275
0.0 2.5 -10.0 8.75 10000000030.517101
0.0 5.0 -10.0 8.75 2118779225.8518
0.0 7.5 -10.0 8.75 6284156222.6863
0.0 0.0 -7.5 8.75 10000000253.392
0.0 5.0 -7.5 8.75 9999999959.635801
0.0 0.0 0.0 8.75 9999999818.2409
0.0 0.0 2.5 8.75 10000000037.104
0.0 -2.5 5.0 8.75 372904758.0725
0.0 0.0 5.0 8.75 9999999923.1972
0.0 2.5 5.0 8.75 9999999785.850101
0.0 5.0 5.0 8.75 9999999947.4232
0.0 5.0 -10.0 10.0 9999999926.1194
0.0 7.5 -10.0 10.0 165622633.40739998
0.0 0.0 -7.5 10.0 3632674507.9402
0.0 2.5 -7.5 10.0 10000000079.3192
0.0 5.0 -7.5 10.0 653656306.9833001
0.0 -2.5 -5.0 10.0 2456161431.6795
0.0 2.5 -5.0 10.0 10000000096.1835
0.0 -2.5 -2.5 10.0 9999999774.6532
0.0 0.0 -2.5 10.0 10000000047.639101
0.0 -2.5 0.0 10.0 9999999583.6592
0.0 0.0 0.0 10.0 9999999868.4972
0.0 2.5 0.0 10.0 9999999790.246801
0.0 0.0 2.5 10.0 9999999919.059301
0.0 2.5 2.5 10.0 10000000175.113901
0.0 7.5 2.5 10.0 161954444.8901
0.0 -2.5 5.0 10.0 9999999942.5499
0.0 0.0 5.0 10.0 1803890476.3288
0.0 2.5 5.0 10.0 10000000003.316
0.0 5.0 5.0 10.0 39928707.0927
0.0 2.5 -10.0 11.25 10000000042.5991
0.0 5.0 -10.0 11.25 10000000333.521
0.0 7.5 -10.0 11.25 67972452.3725
0.0 10.0 -10.0 11.25 1183.1735
0.0 0.0 -7.5 11.25 5552508950.9688
0.0 2.5 -7.5 11.25 9999999695.6023
0.0 5.0 -7.5 11.25 10000000021.4297
0.0 7.5 -7.5 11.25 27614440.7087
0.0 -2.5 -5.0 11.25 9999999862.5338
0.0 0.0 -5.0 11.25 9999999821.380201
0.0 2.5 -5.0 11.25 9999999969.415401
0.0 5.0 -5.0 11.25 1814864168.66
0.0 -5.0 -2.5 11.25 9999999954.541101
0.0 -2.5 -2.5 11.25 9999999750.9027
0.0 0.0 -2.5 11.25 10000000210.717001
0.0 7.5 -2.5 11.25 305161540.25500005
0.0 -2.5 0.0 11.25 9999999982.919401
0.0 0.0 0.0 11.25 986463025.4834001
0.0 2.5 0.0 11.25 9999999759.010302
0.0 -2.5 2.5 11.25 175519043.4807
0.0 0.0 2.5 11.25 10000000126.9925
0.0 2.5 2.5 11.25 10000000041.112202
0.0 5.0 2.5 11.25 9999999987.8082
0.0 7.5 2.5 11.25 4919098.7486
0.0 -5.0 5.0 11.25 94486817.94929999
0.0 -2.5 5.0 11.25 58799634.2406
0.0 0.0 5.0 11.25 166481662.736
0.0 2.5 5.0 11.25 10000000021.7241
0.0 5.0 5.0 11.25 2290825126.6024
0.0 7.5 5.0 11.25 59872753.518
0.0 0.0 -10.0 12.5 4795456495.125
0.0 2.5 -10.0 12.5 4475566588.856701
0.0 5.0 -10.0 12.5 10000000278.823301
0.0 7.5 -10.0 12.5 1527591.6309
0.0 10.0 -10.0 12.5 -5.3486
0.0 -2.5 -7.5 12.5 9999999993.4685
0.0 0.0 -7.5 12.5 749807890.6076
0.0 2.5 -7.5 12.5 1389340862.0086
0.0 5.0 -7.5 12.5 10000000016.133701
0.0 7.5 -7.5 12.5 9999999972.2591
0.0 10.0 -7.5 12.5 52403.051
0.0 -5.0 -5.0 12.5 5603121287.8739
0.0 -2.5 -5.0 12.5 9999999902.956001
0.0 0.0 -5.0 12.5 10000000035.0839
0.0 2.5 -5.0 12.5 9999999941.253302
0.0 5.0 -5.0 12.5 9999999904.637901
0.0 7.5 -5.0 12.5 529630005.211
0.0 10.0 -5.0 12.5 1882423.8682000001
0.0 -5.0 -2.5 12.5 9999999867.5893
0.0 -2.5 -2.5 12.5 5320922149.0072
0.0 0.0 -2.5 12.5 9999999892.298801
0.0 2.5 -2.5 12.5 159642251.8145
0.0 5.0 -2.5 12.5 7749785123.7804
0.0 7.5 -2.5 12.5 1871212647.3789
0.0 -5.0 0.0 12.5 9999999847.611301
0.0 -2.5 0.0 12.5 3320094125.9152
0.0 0.0 0.0 12.5 10000000050.5603
0.0 2.5 0.0 12.5 10000000134.7457
0.0 5.0 0.0 12.5 10000000259.984901
0.0 -2.5 2.5 12.5 9999999875.273201
0.0 0.0 2.5 12.5 10000000145.7402
0.0 2.5 2.5 12.5 9999999971.381601
0.0 5.0 2.5 12.5 61328736.9816
0.0 7.5 2.5 12.5 1411337.6324999998
0.0 10.0 2.5 12.5 -21.000799999999998
0.0 -5.0 5.0 12.5 52217275.58620001
0.0 -2.5 5.0 12.5 10000000126.5699
0.0 0.0 5.0 12.5 9999999973.845901
0.0 2.5 5.0 12.5 9999999996.307402
0.0 5.0 5.0 12.5 9999999952.788301
0.0 7.5 5.0 12.5 5946044.0677
0.0 10.0 5.0 12.5 -15.799299999999999
0.0 0.0 -10.0 13.75 321846930.8541
0.0 2.5 -10.0 13.75 2700020.1575
0.0 5.0 -10.0 13.75 344991379.7013
0.0 7.5 -10.0 13.75 6185739075.3789
0.0 10.0 -10.0 13.75 -5.9594000000000005
0.0 -2.5 -7.5 13.75 10000000013.938301
0.0 0.0 -7.5 13.75 9999999923.8686
0.0 2.5 -7.5 13.75 7161673511.3325
0.0 5.0 -7.5 13.75 9999999954.121101
0.0 7.5 -7.5 13.75 10000000033.945501
0.0 10.0 -7.5 13.75 186470.5833
0.0 -5.0 -5.0 13.75 65152978.6006
0.0 -2.5 -5.0 13.75 263799151.7967
0.0 0.0 -5.0 13.75 10000000023.3222
0.0 2.5 -5.0 13.75 9999999908.718401
0.0 5.0 -5.0 13.75 10000000042.2698
0.0 7.5 -5.0 13.75 56286424.3396
0.0 10.0 -5.0 13.75 890.9816999999999
0.0 -5.0 -2.5 13.75 9999999663.823301
0.0 -2.5 -2.5 13.75 9999999805.6532
0.0 0.0 -2.5 13.75 10000000250.6655
0.0 2.5 -2.5 13.75 1541026579.4334
0.0 5.0 -2.5 13.75 9999999955.6102
0.0 7.5 -2.5 13.75 715164.6549
0.0 -5.0 0.0 13.75 9999999934.8742
0.0 -2.5 0.0 13.75 3090456393.7245
0.0 0.0 0.0 13.75 9999999922.547201
0.0 2.5 0.0 13.75 9999999934.769901
0.0 5.0 0.0 13.75 4518717327.784801
0.0 7.5 0.0 13.75 1035009.3567
0.0 -5.0 2.5 13.75 55494.5464
0.0 -2.5 2.5 13.75 9999999976.787601
0.0 0.0 2.5 13.75 9999999792.450602
0.0 2.5 2.5 13.75 10000000052.158201
0.0 5.0 2.5 13.75 1862714649.9186
0.0 7.5 2.5 13.75 7646384.689900001
0.0 10.0 2.5 13.75 -20.7887
0.0 -5.0 5.0 13.75 3851943903.0333
0.0 -2.5 5.0 13.75 10000000062.8567
0.0 0.0 5.0 13.75 50995995.6297
0.0 2.5 5.0 13.75 9999999988.583302
0.0 5.0 5.0 13.75 422807170.214
0.0 7.5 5.0 13.75 1845193.7174
0.0 10.0 5.0 13.75 -18.5106
0.0 -5.0 -10.0 15.0 9999999994.9846
0.0 -2.5 -10.0 15.0 227374031.80569997
0.0 0.0 -10.0 15.0 10000000060.057201
0.0 2.5 -10.0 15.0 60993744.908
0.0 5.0 -10.0 15.0 534806620.47419995
0.0 7.5 -10.0 15.0 93011.93179999999
0.0 10.0 -10.0 15.0 3.7421
0.0 -5.0 -7.5 15.0 10000000028.087502
0.0 -2.5 -7.5 15.0 9999999884.6853
0.0 0.0 -7.5 15.0 9999999912.9687
0.0 2.5 -7.5 15.0 9999999837.6002
0.0 5.0 -7.5 15.0 10000000015.1053
0.0 7.5 -7.5 15.0 309495820.3125
0.0 10.0 -7.5 15.0 8289.290799999999
0.0 -5.0 -5.0 15.0 9999999954.5589
0.0 -2.5 -5.0 15.0 9999999653.8311
0.0 0.0 -5.0 15.0 10000000127.3999
0.0 2.5 -5.0 15.0 10000000071.765001
0.0 5.0 -5.0 15.0 128635109.499
0.0 7.5 -5.0 15.0 1785972158.4025998
0.0 10.0 -5.0 15.0 856.7927999999999
0.0 -5.0 -2.5 15.0 8611077.3375
0.0 -2.5 -2.5 15.0 2340457706.2851
0.0 0.0 -2.5 15.0 1165807003.6741
0.0 2.5 -2.5 15.0 10000000009.878
0.0 5.0 -2.5 15.0 439570225.3794
0.0 7.5 -2.5 15.0 2454666.7456
0.0 10.0 -2.5 15.0 -22.675
0.0 -5.0 0.0 15.0 11488.0355
0.0 -2.5 0.0 15.0 2249947947.7314
0.0 0.0 0.0 15.0 10000000104.3918
0.0 2.5 0.0 15.0 3074054267.0713997
0.0 5.0 0.0 15.0 23628692.9449
0.0 7.5 0.0 15.0 4922.6059000000005
0.0 10.0 0.0 15.0 -17.7014
0.0 -5.0 2.5 15.0 4081.3730000000005
0.0 -2.5 2.5 15.0 46472291.982
0.0 0.0 2.5 15.0 4255815909.2564
0.0 2.5 2.5 15.0 1490437214.4093
0.0 5.0 2.5 15.0 70086806.0115
0.0 7.5 2.5 15.0 7854656.3545
0.0 10.0 2.5 15.0 -20.430300000000003
0.0 -5.0 5.0 15.0 533.0299
0.0 -2.5 5.0 15.0 1245922.3001
0.0 0.0 5.0 15.0 331568122.6707
0.0 2.5 5.0 15.0 10000000094.232
0.0 5.0 5.0 15.0 399891726.0215
0.0 7.5 5.0 15.0 5002.3241
0.0 10.0 5.0 15.0 -14.8224
0.0 -5.0 -10.0 16.25 4601481.3121
0.0 -2.5 -10.0 16.25 575519.7768
0.0 0.0 -10.0 16.25 9999999973.0681
0.0 2.5 -10.0 16.25 10000000003.841501
0.0 5.0 -10.0 16.25 674295.1014
0.0 7.5 -10.0 16.25 4818523.822699999
0.0 10.0 -10.0 16.25 6.8637
0.0 -5.0 -7.5 16.25 10000000002.221102
0.0 -2.5 -7.5 16.25 9999999994.130402
0.0 0.0 -7.5 16.25 9999999981.5088
0.0 2.5 -7.5 16.25 10000000009.606901
0.0 5.0 -7.5 16.25 10000000048.0666
0.0 7.5 -7.5 16.25 361515698.6767
0.0 10.0 -7.5 16.25 122.67899999999999
0.0 -5.0 -5.0 16.25 601516640.3899
0.0 -2.5 -5.0 16.25 9999999988.1853
0.0 0.0 -5.0 16.25 3441926666.6401
0.0 2.5 -5.0 16.25 10000000289.8369
0.0 5.0 -5.0 16.25 11635302.592600001
0.0 7.5 -5.0 16.25 2264476.3068
0.0 10.0 -5.0 16.25 297.59979999999996
0.0 -5.0 -2.5 16.25 33372812.8363
0.0 -2.5 -2.5 16.25 18504119.966799997
0.0 0.0 -2.5 16.25 3977877558.4112
0.0 2.5 -2.5 16.25 9999999955.158401
0.0 5.0 -2.5 16.25 9722334.0699
0.0 7.5 -2.5 16.25 24088253.4649
0.0 10.0 -2.5 16.25 -20.1157
0.0 -5.0 0.0 16.25 930.6745999999999
0.0 -2.5 0.0 16.25 47764338.9098
0.0 0.0 0.0 16.25 10000000042.9057
0.0 2.5 0.0 16.25 10000000045.9321
0.0 5.0 0.0 16.25 9999999984.081202
0.0 7.5 0.0 16.25 351.4785
0.0 10.0 0.0 16.25 -13.464500000000001
0.0 -5.0 2.5 16.25 -41.106500000000004
0.0 -2.5 2.5 16.25 1362081.2404999998
0.0 0.0 2.5 16.25 3088278200.2783
0.0 2.5 2.5 16.25 2897975829.3806
0.0 5.0 2.5 16.25 10451653.984000001
0.0 7.5 2.5 16.25 1223368.6007
0.0 10.0 2.5 16.25 -14.097000000000001
0.0 -5.0 5.0 16.25 -17.6068
0.0 -2.5 5.0 16.25 911.471
0.0 0.0 5.0 16.25 188249675.3421
0.0 2.5 5.0 16.25 19784340.2089
0.0 5.0 5.0 16.25 13130830.997200001
0.0 7.5 5.0 16.25 56.9975
0.0 10.0 5.0 16.25 -9.3965
60.0 -5.0 -10.0 3.75 10000000120.0951
60.0 -2.5 -10.0 3.75 5490244958.395499
60.0 0.0 -10.0 3.75 721872716.4381
60.0 2.5 -10.0 3.75 9999999698.1354
60.0 5.0 -10.0 3.75 9999999967.838902
60.0 7.5 -10.0 3.75 10000000054.596102
60.0 10.0 -10.0 3.75 84761.0376
60.0 -5.0 -7.5 3.75 544958969.3672
60.0 -2.5 -7.5 3.75 10000000038.4169
60.0 0.0 -7.5 3.75 9999999837.2411
60.0 2.5 -7.5 3.75 10000000098.169
60.0 5.0 -7.5 3.75 9999999878.796701
60.0 7.5 -7.5 3.75 10000000147.999802
60.0 10.0 -7.5 3.75 1268203113.3012002
60.0 -5.0 -5.0 3.75 9999999953.8595
60.0 -2.5 -5.0 3.75 9999999884.5617
60.0 0.0 -5.0 3.75 9999999866.604
60.0 2.5 -5.0 3.75 10000000097.142302
60.0 5.0 -5.0 3.75 9999999980.0708
60.0 7.5 -5.0 3.75 9999999641.026901
60.0 10.0 -5.0 3.75 1861744126.3011
60.0 -5.0 -2.5 3.75 9999999777.785301
60.0 -2.5 -2.5 3.75 1257788603.0027
60.0 0.0 -2.5 3.75 10000000139.7548
60.0 2.5 -2.5 3.75 9999999780.27
60.0 5.0 -2.5 3.75 10000000052.7227
60.0 7.5 -2.5 3.75 145780988.7088
60.0 10.0 -2.5 3.75 53265487.198400006
60.0 -5.0 0.0 3.75 10000000040.6121
60.0 -2.5 0.0 3.75 10000000003.7087
60.0 0.0 0.0 3.75 10000000173.5361
60.0 2.5 0.0 3.75 10000000014.4813
60.0 5.0 0.0 3.75 10000000081.554401
60.0 7.5 0.0 3.75 10000000056.513401
60.0 10.0 0.0 3.75 201022927.1135
60.0 -5.0 2.5 3.75 9999999903.5823
60.0 -2.5 2.5 3.75 9999999925.75
60.0 0.0 2.5 3.75 9999999908.0435
60.0 2.5 2.5 3.75 138819695.69509998
60.0 5.0 2.5 3.75 315476217.6393
60.0 7.5 2.5 3.75 3846229197.3364
60.0 10.0 2.5 3.75 1815224.5195000002
60.0 -5.0 5.0 3.75 10000000036.029202
60.0 -2.5 5.0 3.75 3563339381.2471004
60.0 0.0 5.0 3.75 112582084.3057
60.0 2.5 5.0 3.75 9999999871.818901
60.0 5.0 5.0 3.75 9999999930.0566
60.0 7.5 5.0 3.75 238659.7452
60.0 10.0 5.0 3.75 110.76389999999999
60.0 2.5 -2.5 5.0 3197346723.4139
60.0 0.0 0.0 5.0 10000000134.9265
60.0 0.0 2.5 5.0 10000000123.905901
60.0 2.5 -2.5 6.25 5980314863.7124
60.0 0.0 0.0 6.25 10000000188.0944
60.0 0.0 2.5 6.25 9999999970.9438
60.0 0.0 5.0 6.25 9999999966.4992
60.0 2.5 -5.0 7.5 10000000173.5251
60.0 2.5 -2.5 7.5 4353091427.4072
60.0 5.0 -2.5 7.5 10000000058.073801
60.0 -2.5 0.0 7.5 10000000154.4838
60.0 0.0 0.0 7.5 9999999990.6065
60.0 2.5 0.0 7.5 9999999985.4136
60.0 0.0 2.5 7.5 9999999915.228
60.0 0.0 5.0 7.5 9999999971.9771
60.0 2.5 -7.5 8.75 9999999908.7646
60.0 2.5 -5.0 8.75 10000000095.4281
60.0 5.0 -5.0 8.75 10000000047.7658
60.0 0.0 -2.5 8.75 9999999839.734402
60.0 2.5 -2.5 8.75 9999999946.6434
60.0 -2.5 0.0 8.75 9999999933.406101
60.0 0.0 0.0 8.75 10000000047.040201
60.0 2.5 0.0 8.75 9999999955.3833
60.0 -2.5 2.5 8.75 9999999985.043901
60.0 0.0 2.5 8.75 10000000013.223902
60.0 0.0 5.0 8.75 10000000010.8188
60.0 5.0 -10.0 10.0 107780767.9464
60.0 2.5 -7.5 10.0 9999999974.3234
60.0 5.0 -7.5 10.0 781370928.1291
60.0 7.5 -7.5 10.0 84401230.3071
60.0 0.0 -5.0 10.0 9999999977.446201
60.0 2.5 -5.0 10.0 9999999584.576601
60.0 5.0 -5.0 10.0 10000000049.975
60.0 -2.5 -2.5 10.0 9999999947.7763
60.0 0.0 -2.5 10.0 9999999918.277802
60.0 2.5 -2.5 10.0 9999999950.414001
60.0 5.0 -2.5 10.0 10000000092.737902
60.0 7.5 -2.5 10.0 9999999971.757101
60.0 -2.5 0.0 10.0 9999999566.8903
60.0 0.0 0.0 10.0 10000000098.363201
60.0 2.5 0.0 10.0 9999999896.266602
60.0 -2.5 2.5 10.0 9999999904.607601
60.0 0.0 2.5 10.0 9999999602.7998
60.0 2.5 2.5 10.0 1603103871.4747
60.0 -2.5 5.0 10.0 6461170025.6086
60.0 0.0 5.0 10.0 10000000002.693
60.0 2.5 5.0 10.0 3995995313.1744003
60.0 2.5 -10.0 11.25 248249071.5422
60.0 5.0 -10.0 11.25 1487237.585
60.0 10.0 -10.0 11.25 -0.2988000000000004
60.0 0.0 -7.5 11.25 10000000289.732101
60.0 2.5 -7.5 11.25 9999999976.5559
60.0 5.0 -7.5 11.25 5908090.0928
60.0 7.5 -7.5 11.25 200286.524
60.0 0.0 -5.0 11.25 9999999873.0708
60.0 2.5 -5.0 11.25 9999999883.554401
60.0 5.0 -5.0 11.25 9999999912.303202
60.0 -2.5 -2.5 11.25 10000000126.178001
60.0 0.0 -2.5 11.25 9999999947.7731
60.0 2.5 -2.5 11.25 10000000002.790401
60.0 5.0 -2.5 11.25 10000000025.343601
60.0 7.5 -2.5 11.25 2115299404.5293
60.0 -5.0 0.0 11.25 9999999823.9095
60.0 -2.5 0.0 11.25 1535685597.969
60.0 0.0 0.0 11.25 9999999867.619902
60.0 2.5 0.0 11.25 9999999899.801601
60.0 5.0 0.0 11.25 10000000037.7872
60.0 -5.0 2.5 11.25 2257736114.5408
60.0 -2.5 2.5 11.25 9999999848.1138
60.0 0.0 2.5 11.25 9999999893.203701
60.0 2.5 2.5 11.25 9999999949.647902
60.0 5.0 2.5 11.25 8232959961.7534
60.0 -2.5 5.0 11.25 10000000020.732801
60.0 0.0 5.0 11.25 10000000026.458601
60.0 2.5 5.0 11.25 185945549.1128
60.0 5.0 5.0 11.25 160294069.03329998
60.0 7.5 5.0 11.25 9999999789.6126
60.0 -2.5 -10.0 12.5 9999999983.8735
60.0 0.0 -10.0 12.5 2002850897.6853
60.0 2.5 -10.0 12.5 10000000271.5294
60.0 5.0 -10.0 12.5 21802.435100000002
60.0 7.5 -10.0 12.5 10.6885
60.0 10.0 -10.0 12.5 1.8519
60.0 0.0 -7.5 12.5 10000000247.6802
60.0 2.5 -7.5 12.5 83964201.0787
60.0 5.0 -7.5 12.5 20667313.5558
60.0 7.5 -7.5 12.5 135.7858
60.0 10.0 -7.5 12.5 -7.5798000000000005
60.0 -2.5 -5.0 12.5 5129257280.7968
60.0 0.0 -5.0 12.5 9999999953.178701
60.0 2.5 -5.0 12.5 8397152504.799
60.0 5.0 -5.0 12.5 10000000021.191801
60.0 7.5 -5.0 12.5 456708552.55289996
60.0 -5.0 -2.5 12.5 1967135674.5063999
60.0 -2.5 -2.5 12.5 9999999810.416101
60.0 0.0 -2.5 12.5 3337493086.9175
60.0 2.5 -2.5 12.5 2536488605.6299996
60.0 5.0 -2.5 12.5 9999999853.5308
60.0 7.5 -2.5 12.5 106427040.7307
60.0 -5.0 0.0 12.5 24206299.4453
60.0 -2.5 0.0 12.5 1450023112.4904
60.0 0.0 0.0 12.5 2149357964.5154
60.0 2.5 0.0 12.5 9999999926.6671
60.0 5.0 0.0 12.5 9999999983.2966
60.0 -5.0 2.5 12.5 10000000134.6037
60.0 -2.5 2.5 12.5 9999999985.8778
60.0 0.0 2.5 12.5 10000000000.197
60.0 2.5 2.5 12.5 10000000005.1432
60.0 5.0 2.5 12.5 2808769448.5311003
60.0 7.5 2.5 12.5 9999999792.090302
60.0 -5.0 5.0 12.5 270612136.8484
60.0 -2.5 5.0 12.5 2510289037.6306
60.0 0.0 5.0 12.5 9999999961.1856
60.0 2.5 5.0 12.5 9999999902.8257
60.0 5.0 5.0 12.5 100151123.2028
60.0 7.5 5.0 12.5 3865957.4745
60.0 10.0 5.0 12.5 184.76510000000002
60.0 -2.5 -10.0 13.75 9999999877.9838
60.0 0.0 -10.0 13.75 509861108.51409996
60.0 2.5 -10.0 13.75 2309332.0953
60.0 5.0 -10.0 13.75 561.7813000000001
60.0 7.5 -10.0 13.75 10.463999999999999
60.0 10.0 -10.0 13.75 4.3238
60.0 0.0 -7.5 13.75 10000000072.7269
60.0 2.5 -7.5 13.75 10000000100.899
60.0 5.0 -7.5 13.75 169899543.2706
60.0 7.5 -7.5 13.75 23.2061
60.0 10.0 -7.5 13.75 -2.0345000000000004
60.0 -2.5 -5.0 13.75 713514085.9988
60.0 0.0 -5.0 13.75 10000000009.327002
60.0 2.5 -5.0 13.75 1258512974.4608
60.0 5.0 -5.0 13.75 9999999950.7542
60.0 7.5 -5.0 13.75 110701.602
60.0 10.0 -5.0 13.75 -6.7478
60.0 -5.0 -2.5 13.75 102554027.5627
60.0 -2.5 -2.5 13.75 778112075.5637
60.0 0.0 -2.5 13.75 9999999817.7334
60.0 2.5 -2.5 13.75 1238501825.0116
60.0 5.0 -2.5 13.75 9999999973.2943
60.0 7.5 -2.5 13.75 20897278.4785
60.0 -5.0 0.0 13.75 8228908937.6137
60.0 -2.5 0.0 13.75 9999999889.7084
60.0 0.0 0.0 13.75 10000000063.1686
60.0 2.5 0.0 13.75 9999999942.765501
60.0 5.0 0.0 13.75 1050204702.2055
60.0 -5.0 2.5 13.75 9999999996.400702
60.0 -2.5 2.5 13.75 9995356725.148699
60.0 0.0 2.5 13.75 1848970748.5832999
60.0 2.5 2.5 13.75 1856476866.488
60.0 5.0 2.5 13.75 9999999712.7451
60.0 7.5 2.5 13.75 146013116.7089
60.0 -5.0 5.0 13.75 2381778623.4225
60.0 -2.5 5.0 13.75 9999999806.027601
60.0 0.0 5.0 13.75 9999999890.201601
60.0 2.5 5.0 13.75 37665077.183299996
60.0 5.0 5.0 13.75 648116960.8923
60.0 7.5 5.0 13.75 16364.7171
60.0 10.0 5.0 13.75 4.1715
60.0 -5.0 -10.0 15.0 9999999984.5272
60.0 -2.5 -10.0 15.0 2304984068.6410003
60.0 0.0 -10.0 15.0 10000000044.8174
60.0 2.5 -10.0 15.0 23492.7379
60.0 5.0 -10.0 15.0 228.61159999999998
60.0 7.5 -10.0 15.0 10.2494
60.0 10.0 -10.0 15.0 5.7732
60.0 -5.0 -7.5 15.0 56950801.935499996
60.0 -2.5 -7.5 15.0 10000000035.741701
60.0 0.0 -7.5 15.0 98364260.176
60.0 2.5 -7.5 15.0 78605889.5011
60.0 5.0 -7.5 15.0 808369.4622000001
60.0 7.5 -7.5 15.0 59.1182
60.0 10.0 -7.5 15.0 1.6037999999999997
60.0 -5.0 -5.0 15.0 12850.4967
60.0 -2.5 -5.0 15.0 1815595586.7055
60.0 0.0 -5.0 15.0 9999999841.252901
60.0 2.5 -5.0 15.0 10000000019.208601
60.0 5.0 -5.0 15.0 9999999979.02
60.0 7.5 -5.0 15.0 617844.4406
60.0 10.0 -5.0 15.0 -2.6431000000000004
60.0 -5.0 -2.5 15.0 9999999929.2886
60.0 -2.5 -2.5 15.0 10000000038.2348
60.0 0.0 -2.5 15.0 10000000147.395102
60.0 2.5 -2.5 15.0 1649934919.7159998
60.0 5.0 -2.5 15.0 9999999994.9309
60.0 7.5 -2.5 15.0 209587305.9694
60.0 10.0 -2.5 15.0 -1.1187
60.0 -5.0 0.0 15.0 690370342.9699
60.0 -2.5 0.0 15.0 392168540.25149995
60.0 0.0 0.0 15.0 10000000256.034101
60.0 2.5 0.0 15.0 7868893.3974
60.0 5.0 0.0 15.0 253934918.8856
60.0 7.5 0.0 15.0 9867478981.277
60.0 -5.0 2.5 15.0 1038665612.8925999
60.0 -2.5 2.5 15.0 405402348.4444
60.0 0.0 2.5 15.0 10000000063.310202
60.0 2.5 2.5 15.0 10000000022.4486
60.0 5.0 2.5 15.0 10000000040.7905
60.0 7.5 2.5 15.0 21860212.532
60.0 10.0 2.5 15.0 1416.8898
60.0 -5.0 5.0 15.0 1349897174.6698
60.0 -2.5 5.0 15.0 26164113.0244
60.0 0.0 5.0 15.0 59408144.051400006
60.0 2.5 5.0 15.0 521494439.1128
60.0 5.0 5.0 15.0 49306.6222
60.0 7.5 5.0 15.0 188.30419999999998
60.0 10.0 5.0 15.0 -4.3433
60.0 -5.0 -10.0 16.25 10000000042.403101
60.0 -2.5 -10.0 16.25 9999999950.5979
60.0 0.0 -10.0 16.25 46274404.7289
60.0 2.5 -10.0 16.25 848789491.3457999
60.0 5.0 -10.0 16.25 107022949.11050001
60.0 7.5 -10.0 16.25 9.664100000000001
60.0 10.0 -10.0 16.25 5.3706000000000005
60.0 -5.0 -7.5 16.25 10678979.5641
60.0 -2.5 -7.5 16.25 47224536.1876
60.0 0.0 -7.5 16.25 10000000030.600801
60.0 2.5 -7.5 16.25 108163850.7465
60.0 5.0 -7.5 16.25 5246497.7801
60.0 7.5 -7.5 16.25 272.1028
60.0 10.0 -7.5 16.25 2.446
60.0 -5.0 -5.0 16.25 4558599.8641
60.0 -2.5 -5.0 16.25 789547132.99
60.0 0.0 -5.0 16.25 10000000082.7085
60.0 2.5 -5.0 16.25 9999999815.0109
60.0 5.0 -5.0 16.25 10000000091.5454
60.0 7.5 -5.0 16.25 1108.1354
60.0 10.0 -5.0 16.25 -2.0141000000000004
60.0 -5.0 -2.5 16.25 10000000079.2154
60.0 -2.5 -2.5 16.25 235434651.776
60.0 0.0 -2.5 16.25 638209895.8580999
60.0 2.5 -2.5 16.25 9999999981.7341
60.0 5.0 -2.5 16.25 3430115321.3031
60.0 7.5 -2.5 16.25 100431.3606
60.0 10.0 -2.5 16.25 20.235999999999997
60.0 -5.0 0.0 16.25 9999999833.6646
60.0 -2.5 0.0 16.25 1139425107.7161
60.0 0.0 0.0 16.25 9999999694.268702
60.0 2.5 0.0 16.25 1970940125.3664
60.0 5.0 0.0 16.25 1789183746.6183
60.0 7.5 0.0 16.25 2343664285.3528
60.0 10.0 0.0 16.25 24275.6647
60.0 -5.0 2.5 16.25 3001336748.5353003
60.0 -2.5 2.5 16.25 135466712.9528
60.0 0.0 2.5 16.25 9999999964.6291
60.0 2.5 2.5 16.25 25045756.722999997
60.0 5.0 2.5 16.25 3737474.4381999997
60.0 7.5 2.5 16.25 442953.4272
60.0 10.0 2.5 16.25 27.0189
60.0 -5.0 5.0 16.25 31593340.027599998
60.0 -2.5 5.0 16.25 9999999994.158901
60.0 0.0 5.0 16.25 26588385.1787
60.0 2.5 5.0 16.25 266342404.6402
60.0 5.0 5.0 16.25 97732755.1661
60.0 7.5 5.0 16.25 -1.2508
60.0 10.0 5.0 16.25 -1.6078999999999999
120.0 -5.0 -10.0 3.75 94148747.6001
120.0 -2.5 -10.0 3.75 3974315738.2828
120.0 0.0 -10.0 3.75 9999999878.2703
120.0 2.5 -10.0 3.75 10000000026.6165
120.0 5.0 -10.0 3.75 9999999986.098902
120.0 7.5 -10.0 3.75 10000000062.532001
120.0 10.0 -10.0 3.75 26079752.1825
120.0 -5.0 -7.5 3.75 14011678.4536
120.0 -2.5 -7.5 3.75 3713671830.6288
120.0 0.0 -7.5 3.75 9999999814.1065
120.0 2.5 -7.5 3.75 10000000079.4451
120.0 5.0 -7.5 3.75 9999999947.8328
120.0 7.5 -7.5 3.75 3637598164.4774
120.0 10.0 -7.5 3.75 9999999960.2663
120.0 -5.0 -5.0 3.75 10000000065.983301
120.0 -2.5 -5.0 3.75 10000000258.405602
120.0 0.0 -5.0 3.75 10000000114.479
120.0 2.5 -5.0 3.75 9999999963.611101
120.0 5.0 -5.0 3.75 10000000222.8924
120.0 7.5 -5.0 3.75 10000000090.2544
120.0 10.0 -5.0 3.75 154952840.3652
120.0 -5.0 -2.5 3.75 3034613169.3004003
120.0 -2.5 -2.5 3.75 9999999836.060902
120.0 0.0 -2.5 3.75 7394112187.068
120.0 2.5 -2.5 3.75 9999999951.855902
120.0 5.0 -2.5 3.75 9999999967.7968
120.0 7.5 -2.5 3.75 34088378.24299999
120.0 10.0 -2.5 3.75 45186.2117
120.0 -5.0 0.0 3.75 9999999828.6711
120.0 -2.5 0.0 3.75 10000000006.3225
120.0 0.0 0.0 3.75 9999999990.9587
120.0 2.5 0.0 3.75 10000000115.809
120.0 5.0 0.0 3.75 9999999990.286402
120.0 7.5 0.0 3.75 10000000003.280401
120.0 10.0 0.0 3.75 198284.5666
120.0 -5.0 2.5 3.75 1506236736.9621
120.0 -2.5 2.5 3.75 4513079885.6123
120.0 0.0 2.5 3.75 9999999943.2324
120.0 2.5 2.5 3.75 2407075139.4496
120.0 5.0 2.5 3.75 10000000047.578201
120.0 7.5 2.5 3.75 44918009.9665
120.0 10.0 2.5 3.75 300013.5405
120.0 -5.0 5.0 3.75 26728127.2567
120.0 -2.5 5.0 3.75 14226229.1667
120.0 0.0 5.0 3.75 9999999972.686602
120.0 2.5 5.0 3.75 2453719291.3972
120.0 5.0 5.0 3.75 1518147092.0065
120.0 7.5 5.0 3.75 36.6979
120.0 10.0 5.0 3.75 1.4114
120.0 -2.5 5.0 5.0 418927900.1637
120.0 -2.5 2.5 6.25 5438703231.358601
120.0 -2.5 5.0 6.25 9999999840.037401
120.0 2.5 -7.5 7.5 1361097962.7319
120.0 0.0 -5.0 7.5 10000000559.9507
120.0 -2.5 0.0 7.5 10000000053.597801
120.0 -2.5 2.5 7.5 9999999906.0638
120.0 0.0 2.5 7.5 9999999785.139301
120.0 -2.5 5.0 7.5 10000000355.680302
120.0 0.0 5.0 7.5 909552470.0395
120.0 2.5 -7.5 8.75 10000000173.1516
120.0 5.0 -7.5 8.75 10000000118.226702
120.0 0.0 -5.0 8.75 10000000259.909302
120.0 0.0 0.0 8.75 2795800583.6951
120.0 -2.5 2.5 8.75 9999999426.1667
120.0 0.0 2.5 8.75 1229663687.1266
120.0 -5.0 5.0 8.75 10000000119.7064
120.0 -2.5 5.0 8.75 10000000059.6382
120.0 0.0 5.0 8.75 10000000026.931702
120.0 2.5 5.0 8.75 10000000014.907202
120.0 2.5 -10.0 10.0 34426473.6404
120.0 2.5 -7.5 10.0 10000000236.8652
120.0 5.0 -7.5 10.0 9999999833.123402
120.0 7.5 -7.5 10.0 10000000042.655201
120.0 -2.5 -5.0 10.0 10000000206.895
120.0 0.0 -5.0 10.0 10000000083.025002
120.0 2.5 -5.0 10.0 9999999992.7458
120.0 0.0 -2.5 10.0 9999999867.2928
120.0 0.0 0.0 10.0 9999999963.2133
120.0 2.5 0.0 10.0 9999999944.6632
120.0 -5.0 2.5 10.0 3520056581.6756
120.0 -2.5 2.5 10.0 9999999816.158201
120.0 0.0 2.5 10.0 9999999933.5781
120.0 2.5 2.5 10.0 9999999941.560001
120.0 -5.0 5.0 10.0 9999999900.314001
120.0 -2.5 5.0 10.0 9999999863.6718
120.0 0.0 5.0 10.0 10000000002.0566
120.0 2.5 5.0 10.0 9999999833.368502
120.0 5.0 5.0 10.0 2163308233.6366
120.0 2.5 -10.0 11.25 44641014.988199994
120.0 5.0 -10.0 11.25 10000000009.6889
120.0 10.0 -10.0 11.25 87724.37830000001
120.0 -2.5 -7.5 11.25 3097250718.6036
120.0 0.0 -7.5 11.25 3676326536.3346
120.0 2.5 -7.5 11.25 10000000089.9465
120.0 5.0 -7.5 11.25 78170453.8644
120.0 7.5 -7.5 11.25 257893066.85489997
120.0 -2.5 -5.0 11.25 10000000237.0876
120.0 0.0 -5.0 11.25 10000000052.9288
120.0 2.5 -5.0 11.25 10000000071.009901
120.0 5.0 -5.0 11.25 10000000168.525301
120.0 7.5 -5.0 11.25 1210979.1798999999
120.0 0.0 -2.5 11.25 5578216091.9949
120.0 2.5 -2.5 11.25 10000000197.527601
120.0 -5.0 0.0 11.25 9999999791.6025
120.0 -2.5 0.0 11.25 9999999932.817902
120.0 0.0 0.0 11.25 9999999924.3624
120.0 2.5 0.0 11.25 10000000061.3553
120.0 -5.0 2.5 11.25 8227251090.684099
120.0 -2.5 2.5 11.25 9999999921.9013
120.0 0.0 2.5 11.25 9999999806.8442
120.0 2.5 2.5 11.25 10000000071.284801
120.0 -5.0 5.0 11.25 2492885662.1198
120.0 -2.5 5.0 11.25 9999999872.493
120.0 0.0 5.0 11.25 9999999685.348501
120.0 2.5 5.0 11.25 9999999973.863602
120.0 5.0 5.0 11.25 784743065.3074
120.0 7.5 5.0 11.25 558.1766
120.0 -5.0 -10.0 12.5 437271.2139
120.0 -2.5 -10.0 12.5 61387.6574
120.0 0.0 -10.0 12.5 5151351142.1811
120.0 2.5 -10.0 12.5 402554485.5719
120.0 5.0 -10.0 12.5 1742516647.0051
120.0 7.5 -10.0 12.5 68066.922
120.0 10.0 -10.0 12.5 1812.5725
120.0 -2.5 -7.5 12.5 10000000056.3239
120.0 0.0 -7.5 12.5 10000000135.522902
120.0 2.5 -7.5 12.5 9999999830.4162
120.0 5.0 -7.5 12.5 10000000202.5919
120.0 7.5 -7.5 12.5 9999999959.982601
120.0 10.0 -7.5 12.5 7374370732.4924
120.0 -2.5 -5.0 12.5 10000000282.3218
120.0 0.0 -5.0 12.5 10000000290.2842
120.0 2.5 -5.0 12.5 1869947293.9848
120.0 5.0 -5.0 12.5 9999999943.980001
120.0 -5.0 -2.5 12.5 9999999973.068401
120.0 -2.5 -2.5 12.5 10000000136.177301
120.0 0.0 -2.5 12.5 9999999985.863401
120.0 2.5 -2.5 12.5 10000000023.0352
120.0 5.0 -2.5 12.5 9999999997.7626
120.0 -5.0 0.0 12.5 4572738073.9045
120.0 -2.5 0.0 12.5 338103084.5973
120.0 0.0 0.0 12.5 9999999781.8843
120.0 2.5 0.0 12.5 781112020.6788
120.0 5.0 0.0 12.5 687338663.295
120.0 -5.0 2.5 12.5 9999999937.3143
120.0 -2.5 2.5 12.5 265791945.9405
120.0 0.0 2.5 12.5 9999999981.3794
120.0 2.5 2.5 12.5 1533898908.4457998
120.0 5.0 2.5 12.5 9999999875.868301
120.0 -5.0 5.0 12.5 3927960426.2305
120.0 -2.5 5.0 12.5 10000000040.2115
120.0 0.0 5.0 12.5 9152337919.054901
120.0 2.5 5.0 12.5 615940500.2488999
120.0 5.0 5.0 12.5 1220333.0189
120.0 7.5 5.0 12.5 87.313
120.0 -5.0 -10.0 13.75 192625.0672
120.0 -2.5 -10.0 13.75 18756.9698
120.0 0.0 -10.0 13.75 1149418800.1085
120.0 2.5 -10.0 13.75 10000000031.718801
120.0 5.0 -10.0 13.75 142493876.6939
120.0 7.5 -10.0 13.75 2898801.418
120.0 10.0 -10.0 13.75 629138.1965
120.0 -2.5 -7.5 13.75 8945395.4798
120.0 0.0 -7.5 13.75 10000000251.3204
120.0 2.5 -7.5 13.75 10000000133.6737
120.0 5.0 -7.5 13.75 70396398.1916
120.0 7.5 -7.5 13.75 22871985.1306
120.0 10.0 -7.5 13.75 238018.4174
120.0 -2.5 -5.0 13.75 7046660477.877899
120.0 0.0 -5.0 13.75 10000000069.725101
120.0 2.5 -5.0 13.75 9999999964.633701
120.0 5.0 -5.0 13.75 9999999845.073101
120.0 7.5 -5.0 13.75 41092719.421900004
120.0 10.0 -5.0 13.75 781.1894000000001
120.0 -5.0 -2.5 13.75 9999999734.4535
120.0 -2.5 -2.5 13.75 9999999989.364601
120.0 0.0 -2.5 13.75 9999999961.197102
120.0 2.5 -2.5 13.75 1160558081.5013
120.0 5.0 -2.5 13.75 3446410575.9891
120.0 -5.0 0.0 13.75 9999999566.938501
120.0 -2.5 0.0 13.75 9999999957.279202
120.0 0.0 0.0 13.75 9056114619.2179
120.0 2.5 0.0 13.75 10000000074.5636
120.0 5.0 0.0 13.75 263532832.1135
120.0 -5.0 2.5 13.75 9999999899.5541
120.0 -2.5 2.5 13.75 2783641164.4547997
120.0 0.0 2.5 13.75 9999999752.1763
120.0 2.5 2.5 13.75 335334718.5132
120.0 5.0 2.5 13.75 869602.2751
120.0 -5.0 5.0 13.75 319049.1121
120.0 -2.5 5.0 13.75 74246751.09200001
120.0 0.0 5.0 13.75 269325228.94310004
120.0 2.5 5.0 13.75 25240678.4289
120.0 5.0 5.0 13.75 2514.2396
120.0 7.5 5.0 13.75 -14.197600000000001
120.0 -5.0 -10.0 15.0 37596.1599
120.0 -2.5 -10.0 15.0 19813858.8806
120.0 0.0 -10.0 15.0 804689324.4853
120.0 2.5 -10.0 15.0 179110675.754
120.0 5.0 -10.0 15.0 9522399585.209099
120.0 7.5 -10.0 15.0 10000000207.492
120.0 10.0 -10.0 15.0 389.0501
120.0 -5.0 -7.5 15.0 141524533.8346
120.0 -2.5 -7.5 15.0 10000000047.137901
120.0 0.0 -7.5 15.0 10000000046.368101
120.0 2.5 -7.5 15.0 10000000031.5536
120.0 5.0 -7.5 15.0 755479155.6794
120.0 7.5 -7.5 15.0 11676924.8763
120.0 10.0 -7.5 15.0 12836.035
120.0 -5.0 -5.0 15.0 2163788449.6182003
120.0 -2.5 -5.0 15.0 10000000025.1769
120.0 0.0 -5.0 15.0 10000000092.287
120.0 2.5 -5.0 15.0 526546498.5649
120.0 5.0 -5.0 15.0 18437300.139
120.0 7.5 -5.0 15.0 86184.54389999999
120.0 10.0 -5.0 15.0 812.484
120.0 -5.0 -2.5 15.0 10000000204.9521
120.0 -2.5 -2.5 15.0 9999999724.150702
120.0 0.0 -2.5 15.0 9999999932.202301
120.0 2.5 -2.5 15.0 10000000098.549002
120.0 5.0 -2.5 15.0 1900331972.9001
120.0 7.5 -2.5 15.0 15.3875
120.0 10.0 -2.5 15.0 -7.8156
120.0 -5.0 0.0 15.0 9999999878.6758
120.0 -2.5 0.0 15.0 9999999957.9818
120.0 0.0 0.0 15.0 2617497240.1214
120.0 2.5 0.0 15.0 9999999947.076801
120.0 5.0 0.0 15.0 278045832.1997
120.0 10.0 0.0 15.0 -12.7955
120.0 -5.0 2.5 15.0 2744893457.4833
120.0 -2.5 2.5 15.0 9999999855.5137
120.0 0.0 2.5 15.0 2283322413.1333
120.0 2.5 2.5 15.0 49989456.0923
120.0 5.0 2.5 15.0 107265.1602
120.0 7.5 2.5 15.0 -5.2844999999999995
120.0 -5.0 5.0 15.0 48664599.0697
120.0 -2.5 5.0 15.0 4864119451.233
120.0 0.0 5.0 15.0 1380613527.1843
120.0 2.5 5.0 15.0 752407518.2945
120.0 5.0 5.0 15.0 115.32820000000001
120.0 7.5 5.0 15.0 -5.9207
120.0 10.0 5.0 15.0 -4.2335
120.0 -5.0 -10.0 16.25 1611172836.2906
120.0 -2.5 -10.0 16.25 3648147.5024
120.0 0.0 -10.0 16.25 10000000028.987202
120.0 2.5 -10.0 16.25 686717264.8869
120.0 5.0 -10.0 16.25 9999999736.2723
120.0 7.5 -10.0 16.25 4300419.948100001
120.0 10.0 -10.0 16.25 22175.288699999997
120.0 -5.0 -7.5 16.25 314226780.40320003
120.0 -2.5 -7.5 16.25 3058889897.203
120.0 0.0 -7.5 16.25 10000000027.096601
120.0 2.5 -7.5 16.25 3145187641.8226
120.0 5.0 -7.5 16.25 1015587.2748
120.0 7.5 -7.5 16.25 309511099.3355
120.0 10.0 -7.5 16.25 12011.4791
120.0 -5.0 -5.0 16.25 9999999949.256102
120.0 -2.5 -5.0 16.25 9999999954.8589
120.0 0.0 -5.0 16.25 1190709064.2212
120.0 2.5 -5.0 16.25 3098655801.0815997
120.0 5.0 -5.0 16.25 414016105.31310004
120.0 7.5 -5.0 16.25 402.1067
120.0 10.0 -5.0 16.25 19.4324
120.0 -5.0 -2.5 16.25 9999999841.192902
120.0 -2.5 -2.5 16.25 9999999659.0254
120.0 0.0 -2.5 16.25 1145869004.9004
120.0 2.5 -2.5 16.25 1076914071.1354
120.0 5.0 -2.5 16.25 985095272.0811
120.0 7.5 -2.5 16.25 -14.9026
120.0 10.0 -2.5 16.25 -5.4068000000000005
120.0 -5.0 0.0 16.25 12007621.1392
120.0 -2.5 0.0 16.25 9999999910.9643
120.0 0.0 0.0 16.25 10000000032.036402
120.0 2.5 0.0 16.25 647878158.0625
120.0 5.0 0.0 16.25 465720523.2487
120.0 7.5 0.0 16.25 24.113300000000002
120.0 10.0 0.0 16.25 -8.0219
120.0 -5.0 2.5 16.25 72545.97649999999
120.0 -2.5 2.5 16.25 9999999954.7798
120.0 0.0 2.5 16.25 7966090371.1407995
120.0 2.5 2.5 16.25 6185685.4348
120.0 5.0 2.5 16.25 74215.87060000001
120.0 7.5 2.5 16.25 -13.9378
120.0 10.0 2.5 16.25 -6.5481
120.0 -5.0 5.0 16.25 4984.6158
120.0 -2.5 5.0 16.25 9999999838.4524
120.0 0.0 5.0 16.25 10000000118.651402
120.0 2.5 5.0 16.25 269400090.22139996
120.0 5.0 5.0 16.25 6.721
120.0 7.5 5.0 16.25 -1.3432000000000002
120.0 10.0 5.0 16.25 -2.219
180.0 -5.0 -10.0 3.75 10000000062.4521
180.0 -2.5 -10.0 3.75 10000000033.6
180.0 0.0 -10.0 3.75 8893098432.473
180.0 2.5 -10.0 3.75 9999999755.7106
180.0 5.0 -10.0 3.75 5379988840.566
180.0 7.5 -10.0 3.75 10000000181.126701
180.0 10.0 -10.0 3.75 10000000163.317001
180.0 -5.0 -7.5 3.75 10000000444.0389
180.0 -2.5 -7.5 3.75 10000000104.664501
180.0 0.0 -7.5 3.75 9999999830.4974
180.0 2.5 -7.5 3.75 10000000132.554201
180.0 5.0 -7.5 3.75 392826158.10690004
180.0 7.5 -7.5 3.75 10000000210.859201
180.0 10.0 -7.5 3.75 58397416.5422
180.0 -5.0 -5.0 3.75 2116656290.0214
180.0 -2.5 -5.0 3.75 9999999999.738201
180.0 0.0 -5.0 3.75 10000000040.8068
180.0 2.5 -5.0 3.75 9999999589.6287
180.0 5.0 -5.0 3.75 8569536545.5971
180.0 7.5 -5.0 3.75 9999999877.496
180.0 10.0 -5.0 3.75 10000000089.5877
180.0 -5.0 -2.5 3.75 9999999906.0603
180.0 -2.5 -2.5 3.75 10000000066.497702
180.0 0.0 -2.5 3.75 10000000104.7688
180.0 2.5 -2.5 3.75 9999999711.882301
180.0 5.0 -2.5 3.75 9999999580.879002
180.0 7.5 -2.5 3.75 10000000032.075201
180.0 10.0 -2.5 3.75 10000000006.594501
180.0 -5.0 0.0 3.75 9999999952.826801
180.0 -2.5 0.0 3.75 10000000006.9827
180.0 0.0 0.0 3.75 9999999910.341501
180.0 2.5 0.0 3.75 9999999914.5561
180.0 5.0 0.0 3.75 9999999994.5193
180.0 7.5 0.0 3.75 9999999828.485401
180.0 10.0 0.0 3.75 10000000109.4216
180.0 -5.0 2.5 3.75 9999999793.9472
180.0 -2.5 2.5 3.75 811154410.2453
180.0 0.0 2.5 3.75 10000000056.858301
180.0 2.5 2.5 3.75 859745629.508
180.0 5.0 2.5 3.75 9999999931.6753
180.0 7.5 2.5 3.75 11264187.056400001
180.0 10.0 2.5 3.75 1548654.5412
180.0 -5.0 5.0 3.75 11085205.1006
180.0 -2.5 5.0 3.75 614118654.8398
180.0 0.0 5.0 3.75 8866120.0834
180.0 2.5 5.0 3.75 9999999967.287
180.0 5.0 5.0 3.75 6206049170.83
180.0 7.5 5.0 3.75 5555837.218
180.0 10.0 5.0 3.75 10874.9318
180.0 -2.5 -2.5 7.5 8417456504.4445
180.0 0.0 2.5 7.5 10000000189.987501
180.0 0.0 5.0 7.5 10000000003.526001
180.0 -5.0 -2.5 8.75 9999999968.917002
180.0 -2.5 -2.5 8.75 10000000087.937
180.0 2.5 -2.5 8.75 157024673.80940002
180.0 -5.0 0.0 8.75 10000000055.5853
180.0 0.0 0.0 8.75 6033099098.9752
180.0 0.0 2.5 8.75 4051735502.9364004
180.0 0.0 -10.0 10.0 1295557430.8991
180.0 2.5 -10.0 10.0 275005.27139999997
180.0 0.0 -7.5 10.0 10000000116.323101
180.0 2.5 -7.5 10.0 548450732.0527
180.0 5.0 -7.5 10.0 8193510.5062
180.0 -2.5 -5.0 10.0 10000000048.083101
180.0 0.0 -5.0 10.0 10000000054.175701
180.0 2.5 -5.0 10.0 9999999900.849602
180.0 5.0 -5.0 10.0 9999999728.2343
180.0 -5.0 -2.5 10.0 4713329692.0483
180.0 -2.5 -2.5 10.0 9999999790.883501
180.0 0.0 -2.5 10.0 9999999926.904902
180.0 2.5 -2.5 10.0 3524020245.0306
180.0 -5.0 0.0 10.0 9999999929.3202
180.0 -2.5 0.0 10.0 9999999775.394701
180.0 0.0 0.0 10.0 9999999955.5133
180.0 -5.0 2.5 10.0 10000000119.5522
180.0 0.0 2.5 10.0 9999999951.8167
180.0 2.5 2.5 10.0 134923310.504
180.0 0.0 5.0 10.0 295684485.4756
180.0 2.5 5.0 10.0 464042869.95140004
180.0 0.0 -10.0 11.25 20512290.7119
180.0 2.5 -10.0 11.25 1845.5278
180.0 5.0 -10.0 11.25 67.3477
180.0 0.0 -7.5 11.25 7325762695.6203
180.0 2.5 -7.5 11.25 10000000137.272202
180.0 5.0 -7.5 11.25 31697693.54
180.0 7.5 -7.5 11.25 10875588.3603
180.0 -2.5 -5.0 11.25 9999999924.4218
180.0 0.0 -5.0 11.25 10000000033.0365
180.0 2.5 -5.0 11.25 9999999911.724201
180.0 5.0 -5.0 11.25 3342237173.5409
180.0 -5.0 -2.5 11.25 9999999983.818201
180.0 -2.5 -2.5 11.25 9999999911.256
180.0 0.0 -2.5 11.25 9999999783.852201
180.0 2.5 -2.5 11.25 2242247734.3861
180.0 -5.0 0.0 11.25 9999999702.901901
180.0 -2.5 0.0 11.25 9999999973.722101
180.0 0.0 0.0 11.25 10000000000.808601
180.0 -5.0 2.5 11.25 9999999840.332
180.0 -2.5 2.5 11.25 9999999961.5816
180.0 0.0 2.5 11.25 10000000052.5477
180.0 2.5 2.5 11.25 10000000305.2595
180.0 -5.0 5.0 11.25 190850327.0536
180.0 0.0 5.0 11.25 112381686.7385
180.0 2.5 5.0 11.25 2507426858.1541996
180.0 -5.0 -10.0 12.5 1853721010.5624
180.0 -2.5 -10.0 12.5 174907505.9324
180.0 0.0 -10.0 12.5 550047558.3316
180.0 2.5 -10.0 12.5 557.2036
180.0 5.0 -10.0 12.5 15.676300000000001
180.0 7.5 -10.0 12.5 35.6533
180.0 10.0 -10.0 12.5 2.4187000000000003
180.0 -2.5 -7.5 12.5 9999999985.0545
180.0 0.0 -7.5 12.5 10000000049.309801
180.0 2.5 -7.5 12.5 1126625613.1418998
180.0 5.0 -7.5 12.5 45285755.525800005
180.0 7.5 -7.5 12.5 5178728.9097
180.0 -5.0 -5.0 12.5 9999999964.6727
180.0 -2.5 -5.0 12.5 4610729553.2989
180.0 0.0 -5.0 12.5 10000000021.617802
180.0 2.5 -5.0 12.5 9999999986.5072
180.0 5.0 -5.0 12.5 10000000109.4027
180.0 -5.0 -2.5 12.5 9999999873.3229
180.0 -2.5 -2.5 12.5 9999999972.1814
180.0 0.0 -2.5 12.5 1060967682.8259001
180.0 2.5 -2.5 12.5 10000000031.085701
180.0 5.0 -2.5 12.5 331940617.6163
180.0 -5.0 0.0 12.5 9999999909.0119
180.0 -2.5 0.0 12.5 9999999863.7339
180.0 0.0 0.0 12.5 2512096791.0988
180.0 2.5 0.0 12.5 1490753797.2275
180.0 -5.0 2.5 12.5 10000000000.480202
180.0 -2.5 2.5 12.5 3537610950.9311
180.0 0.0 2.5 12.5 10000000060.603601
180.0 2.5 2.5 12.5 4232147980.2532
180.0 -5.0 5.0 12.5 9999999698.881
180.0 -2.5 5.0 12.5 1921477217.7774
180.0 0.0 5.0 12.5 9999999978.610601
180.0 2.5 5.0 12.5 90102092.3601
180.0 5.0 5.0 12.5 582983017.8356
180.0 7.5 5.0 12.5 10000000358.166101
180.0 10.0 5.0 12.5 4506418.5091
180.0 -5.0 -10.0 13.75 9999999997.333
180.0 -2.5 -10.0 13.75 3199989551.8001
180.0 0.0 -10.0 13.75 50437385.3278
180.0 2.5 -10.0 13.75 822.1386
180.0 5.0 -10.0 13.75 30.8091
180.0 7.5 -10.0 13.75 5.6098
180.0 10.0 -10.0 13.75 -6.7833000000000006
180.0 -5.0 -7.5 13.75 10000000162.0163
180.0 -2.5 -7.5 13.75 9999999909.6734
180.0 0.0 -7.5 13.75 3490756842.5809
180.0 2.5 -7.5 13.75 382510035.25799996
180.0 5.0 -7.5 13.75 4283780.668199999
180.0 7.5 -7.5 13.75 1618276.6371
180.0 10.0 -7.5 13.75 187.92669999999998
180.0 -5.0 -5.0 13.75 9999999891.070702
180.0 -2.5 -5.0 13.75 9999999840.7865
180.0 0.0 -5.0 13.75 486077507.6256
180.0 2.5 -5.0 13.75 10000000059.7717
180.0 5.0 -5.0 13.75 150877211.9438
180.0 -5.0 -2.5 13.75 9999999946.531
180.0 -2.5 -2.5 13.75 10000000183.745401
180.0 0.0 -2.5 13.75 2122757974.808
180.0 2.5 -2.5 13.75 9999999998.782001
180.0 5.0 -2.5 13.75 10000000115.957901
180.0 -5.0 0.0 13.75 9999999920.644402
180.0 -2.5 0.0 13.75 9999999912.1404
180.0 0.0 0.0 13.75 9999999738.8547
180.0 2.5 0.0 13.75 2017461745.7338
180.0 -5.0 2.5 13.75 10000000010.253
180.0 -2.5 2.5 13.75 10000000033.661201
180.0 0.0 2.5 13.75 10000000014.428902
180.0 2.5 2.5 13.75 10000000022.2929
180.0 5.0 2.5 13.75 54880869.0078
180.0 -5.0 5.0 13.75 1679636275.4453
180.0 -2.5 5.0 13.75 132452015.9423
180.0 0.0 5.0 13.75 36711289.6578
180.0 2.5 5.0 13.75 90201712.38260001
180.0 5.0 5.0 13.75 40758900.4755
180.0 7.5 5.0 13.75 463770.9228
180.0 10.0 5.0 13.75 40577.401600000005
180.0 -5.0 -10.0 15.0 2439297432.7324
180.0 -2.5 -10.0 15.0 102203592.8416
180.0 0.0 -10.0 15.0 5934386.5413999995
180.0 2.5 -10.0 15.0 354.7026
180.0 5.0 -10.0 15.0 19.328
180.0 7.5 -10.0 15.0 3.6869000000000005
180.0 10.0 -10.0 15.0 -6.8646
180.0 -5.0 -7.5 15.0 249505138.4072
180.0 -2.5 -7.5 15.0 9999999940.6453
180.0 0.0 -7.5 15.0 6330883261.2552
180.0 2.5 -7.5 15.0 74514053.06639999
180.0 5.0 -7.5 15.0 202875.4776
180.0 7.5 -7.5 15.0 4224332.3942
180.0 10.0 -7.5 15.0 12.057999999999996
180.0 -5.0 -5.0 15.0 9999999916.932701
180.0 -2.5 -5.0 15.0 9999999920.802
180.0 0.0 -5.0 15.0 10000000296.632801
180.0 2.5 -5.0 15.0 156694848.6168
180.0 5.0 -5.0 15.0 9999999964.494902
180.0 7.5 -5.0 15.0 262595128.3009
180.0 10.0 -5.0 15.0 63724.024900000004
180.0 -5.0 -2.5 15.0 10000000087.603802
180.0 -2.5 -2.5 15.0 1919780333.218
180.0 0.0 -2.5 15.0 9999999999.7912
180.0 2.5 -2.5 15.0 94631194.4233
180.0 5.0 -2.5 15.0 1610639515.1857
180.0 10.0 -2.5 15.0 1276818.3699999999
180.0 -5.0 0.0 15.0 280964809.2177
180.0 -2.5 0.0 15.0 2905597274.9186
180.0 0.0 0.0 15.0 9999999882.013401
180.0 2.5 0.0 15.0 9999999925.153801
180.0 5.0 0.0 15.0 39602359.6345
180.0 -5.0 2.5 15.0 10000000206.5338
180.0 -2.5 2.5 15.0 2776296277.9637
180.0 0.0 2.5 15.0 575339495.0840001
180.0 2.5 2.5 15.0 6163455.6816
180.0 5.0 2.5 15.0 12616.416599999999
180.0 7.5 2.5 15.0 1443126041.6244001
180.0 -5.0 5.0 15.0 2526423.9078
180.0 -2.5 5.0 15.0 5997528244.5844
180.0 0.0 5.0 15.0 186626174.3634
180.0 2.5 5.0 15.0 3503664.0623
180.0 5.0 5.0 15.0 8729.0323
180.0 7.5 5.0 15.0 357.4045
180.0 10.0 5.0 15.0 32.3298
180.0 -5.0 -10.0 16.25 5035475097.625999
180.0 -2.5 -10.0 16.25 1495405051.138
180.0 0.0 -10.0 16.25 64384968.8043
180.0 2.5 -10.0 16.25 1425.3009
180.0 5.0 -10.0 16.25 21.014599999999998
180.0 7.5 -10.0 16.25 13.3627
180.0 10.0 -10.0 16.25 -4.7576
180.0 -5.0 -7.5 16.25 27055372.2404
180.0 -2.5 -7.5 16.25 9999999892.6695
180.0 0.0 -7.5 16.25 3433722296.2727
180.0 2.5 -7.5 16.25 59947062.0895
180.0 5.0 -7.5 16.25 169009123.3304
180.0 7.5 -7.5 16.25 10551316.2346
180.0 10.0 -7.5 16.25 43.6316
180.0 -5.0 -5.0 16.25 1006894957.2324001
180.0 -2.5 -5.0 16.25 3377534770.5696
180.0 0.0 -5.0 16.25 9999999940.161402
180.0 2.5 -5.0 16.25 324622539.0235
180.0 5.0 -5.0 16.25 10000000061.630201
180.0 7.5 -5.0 16.25 577071171.7758
180.0 10.0 -5.0 16.25 15725.9548
180.0 -5.0 -2.5 16.25 7587685457.8287
180.0 -2.5 -2.5 16.25 608597241.7312
180.0 0.0 -2.5 16.25 9999999999.362501
180.0 2.5 -2.5 16.25 10000000027.8397
180.0 5.0 -2.5 16.25 7206492.4966
180.0 7.5 -2.5 16.25 410312806.46140003
180.0 10.0 -2.5 16.25 839743.7557999999
180.0 -5.0 0.0 16.25 1439864861.0626
180.0 -2.5 0.0 16.25 10000000001.812
180.0 0.0 0.0 16.25 5522727266.1682
180.0 2.5 0.0 16.25 10418694.1637
180.0 5.0 0.0 16.25 71870259.0659
180.0 7.5 0.0 16.25 4943554526.594
180.0 -5.0 2.5 16.25 64414998.7788
180.0 -2.5 2.5 16.25 854524998.3827
180.0 0.0 2.5 16.25 87105558.6983
180.0 2.5 2.5 16.25 21266541.2574
180.0 5.0 2.5 16.25 339.30740000000003
180.0 7.5 2.5 16.25 495948.3412
180.0 -5.0 5.0 16.25 12419.2295
180.0 -2.5 5.0 16.25 1621136362.3
180.0 0.0 5.0 16.25 32837930.9297
180.0 2.5 5.0 16.25 348.2517
180.0 5.0 5.0 16.25 -5.329400000000001
180.0 7.5 5.0 16.25 -4.840000000000001
180.0 10.0 5.0 16.25 -2.1869
240.0 -5.0 -10.0 3.75 9999999843.789902
240.0 -2.5 -10.0 3.75 633592619.5507001
240.0 0.0 -10.0 3.75 9999999647.7908
240.0 2.5 -10.0 3.75 762951997.806
240.0 5.0 -10.0 3.75 9999999889.493801
240.0 7.5 -10.0 3.75 9999999510.712502
240.0 10.0 -10.0 3.75 1149426.8865
240.0 -5.0 -7.5 3.75 10000000004.1159
240.0 -2.5 -7.5 3.75 9999999916.012001
240.0 0.0 -7.5 3.75 9999999918.574701
240.0 2.5 -7.5 3.75 10000000000.6103
240.0 5.0 -7.5 3.75 10000000035.7563
240.0 7.5 -7.5 3.75 37286915.627000004
240.0 10.0 -7.5 3.75 1261203.279
240.0 -5.0 -5.0 3.75 10000000177.9922
240.0 -2.5 -5.0 3.75 1598495406.2047
240.0 0.0 -5.0 3.75 8144816743.9458
240.0 2.5 -5.0 3.75 9999999896.518002
240.0 5.0 -5.0 3.75 4869886683.4952
240.0 7.5 -5.0 3.75 9999999843.5685
240.0 10.0 -5.0 3.75 11117.9132
240.0 -5.0 -2.5 3.75 9999999992.384401
240.0 -2.5 -2.5 3.75 6949019433.554
240.0 0.0 -2.5 3.75 9999999977.3078
240.0 2.5 -2.5 3.75 9999999976.3131
240.0 5.0 -2.5 3.75 655302227.4496
240.0 7.5 -2.5 3.75 974612.6547
240.0 10.0 -2.5 3.75 1799.6423
240.0 -5.0 0.0 3.75 322850789.99439996
240.0 -2.5 0.0 3.75 9999999805.9519
240.0 0.0 0.0 3.75 9999999875.6608
240.0 2.5 0.0 3.75 9999999868.359402
240.0 5.0 0.0 3.75 10000000208.0503
240.0 7.5 0.0 3.75 1628043822.2797
240.0 10.0 0.0 3.75 1079043.3184
240.0 -5.0 2.5 3.75 9999999832.138802
240.0 -2.5 2.5 3.75 9999999945.2567
240.0 0.0 2.5 3.75 740616198.8464999
240.0 2.5 2.5 3.75 10000000019.563702
240.0 5.0 2.5 3.75 10000000005.1429
240.0 7.5 2.5 3.75 17302351.1959
240.0 10.0 2.5 3.75 59655.2279
240.0 -5.0 5.0 3.75 4302677.6157
240.0 -2.5 5.0 3.75 9999999890.9491
240.0 0.0 5.0 3.75 1076791943.7529001
240.0 2.5 5.0 3.75 2315792317.6467
240.0 5.0 5.0 3.75 1448001657.4572
240.0 7.5 5.0 3.75 387487838.8793
240.0 10.0 5.0 3.75 45168.5309
240.0 0.0 0.0 5.0 9999999896.021801
240.0 -2.5 2.5 5.0 9999999987.352402
240.0 -2.5 5.0 5.0 9999999801.4895
240.0 0.0 0.0 6.25 9999999904.057402
240.0 -2.5 2.5 6.25 10000000003.320501
240.0 0.0 2.5 6.25 9999999866.9976
240.0 -5.0 5.0 6.25 1292392685.5196
240.0 -2.5 5.0 6.25 9999999937.700401
240.0 2.5 -10.0 7.5 9999999998.837
240.0 -2.5 -7.5 7.5 10000000094.109001
240.0 0.0 -5.0 7.5 10000000117.9267
240.0 0.0 0.0 7.5 9999999811.1879
240.0 -2.5 2.5 7.5 596263403.7538999
240.0 0.0 2.5 7.5 10000000028.161201
240.0 -5.0 5.0 7.5 744103713.9012
240.0 -2.5 5.0 7.5 5202390956.6052
240.0 0.0 5.0 7.5 9999999961.3397
240.0 0.0 -10.0 8.75 5114109596.494201
240.0 2.5 -10.0 8.75 9999999966.846102
240.0 5.0 -10.0 8.75 370623260.3707
240.0 -2.5 -7.5 8.75 8081891236.1548
240.0 0.0 -7.5 8.75 10000000082.9986
240.0 2.5 -7.5 8.75 3283891579.4934
240.0 -2.5 -5.0 8.75 9999999904.3337
240.0 0.0 -5.0 8.75 10000000081.701
240.0 0.0 -2.5 8.75 10000000191.789501
240.0 2.5 -2.5 8.75 8732986615.9683
240.0 -2.5 0.0 8.75 9999999972.756
240.0 0.0 0.0 8.75 10000000000.2527
240.0 -2.5 2.5 8.75 9999999860.864101
240.0 0.0 2.5 8.75 9999999700.3973
240.0 2.5 2.5 8.75 9999999650.078901
240.0 -5.0 5.0 8.75 722346224.6682999
240.0 -2.5 5.0 8.75 10000000250.2395
240.0 0.0 5.0 8.75 9999999939.263
240.0 0.0 -10.0 10.0 5977020395.7998
240.0 2.5 -10.0 10.0 396597347.9927
240.0 5.0 -10.0 10.0 10000000043.068602
240.0 -2.5 -7.5 10.0 9999999941.7768
240.0 0.0 -7.5 10.0 10000000067.0914
240.0 2.5 -7.5 10.0 10000000096.035301
240.0 -2.5 -5.0 10.0 9999999979.4608
240.0 0.0 -5.0 10.0 10000000110.164202
240.0 -5.0 -2.5 10.0 9999999886.1424
240.0 -2.5 -2.5 10.0 9999999952.5503
240.0 0.0 -2.5 10.0 8995476897.5874
240.0 2.5 -2.5 10.0 10000000000.8257
240.0 -2.5 0.0 10.0 10000000092.5638
240.0 0.0 0.0 10.0 9999999968.776701
240.0 2.5 0.0 10.0 9999999903.1835
240.0 -5.0 2.5 10.0 9999999878.6594
240.0 -2.5 2.5 10.0 10000000023.493502
240.0 0.0 2.5 10.0 9999999821.6678
240.0 2.5 2.5 10.0 9999999685.641201
240.0 -5.0 5.0 10.0 245210001.4877
240.0 -2.5 5.0 10.0 9999999991.116402
240.0 0.0 5.0 10.0 3393820978.6076
240.0 2.5 5.0 10.0 1745960737.004
240.0 7.5 5.0 10.0 4397833.265699999
240.0 -2.5 -10.0 11.25 3730479544.8145
240.0 0.0 -10.0 11.25 9999999947.875502
240.0 2.5 -10.0 11.25 488938099.1114
240.0 5.0 -10.0 11.25 9999999874.790401
240.0 7.5 -10.0 11.25 30245.9363
240.0 10.0 -10.0 11.25 -26.7711
240.0 -5.0 -7.5 11.25 1470195491.9228
240.0 -2.5 -7.5 11.25 10000000014.0725
240.0 0.0 -7.5 11.25 10000000322.887001
240.0 2.5 -7.5 11.25 9585703840.8382
240.0 -2.5 -5.0 11.25 10000000050.9706
240.0 0.0 -5.0 11.25 551532400.6204
240.0 2.5 -5.0 11.25 10000000012.8097
240.0 -5.0 -2.5 11.25 9999999746.2113
240.0 -2.5 -2.5 11.25 10000000027.950201
240.0 0.0 -2.5 11.25 10000000072.182201
240.0 2.5 -2.5 11.25 10000000027.839602
240.0 -5.0 0.0 11.25 10000000192.984001
240.0 -2.5 0.0 11.25 9999999951.6032
240.0 0.0 0.0 11.25 7112542222.8992
240.0 2.5 0.0 11.25 10000000127.139
240.0 -2.5 2.5 11.25 2348318446.1438
240.0 0.0 2.5 11.25 9999999887.540401
240.0 2.5 2.5 11.25 9999999939.8183
240.0 5.0 2.5 11.25 10000000034.021801
240.0 7.5 2.5 11.25 1056.4693
240.0 -5.0 5.0 11.25 4203434143.3009
240.0 -2.5 5.0 11.25 3412628824.1632
240.0 0.0 5.0 11.25 9999999730.0799
240.0 2.5 5.0 11.25 9999999993.955
240.0 7.5 5.0 11.25 1665560771.2353
240.0 -2.5 -10.0 12.5 44750659.173
240.0 0.0 -10.0 12.5 141121939.3689
240.0 2.5 -10.0 12.5 1982791260.0619001
240.0 5.0 -10.0 12.5 4609662484.5034
240.0 7.5 -10.0 12.5 1441.2014000000001
240.0 10.0 -10.0 12.5 -19.762999999999998
240.0 -5.0 -7.5 12.5 3036194996.6986
240.0 -2.5 -7.5 12.5 10000000105.264502
240.0 0.0 -7.5 12.5 9999999948.5139
240.0 2.5 -7.5 12.5 1860256379.9249
240.0 5.0 -7.5 12.5 10000000020.6812
240.0 -5.0 -5.0 12.5 3856133262.1759
240.0 -2.5 -5.0 12.5 9999999977.496302
240.0 0.0 -5.0 12.5 9999999938.0771
240.0 2.5 -5.0 12.5 3678180786.1173
240.0 5.0 -5.0 12.5 10000000265.5622
240.0 -5.0 -2.5 12.5 10000000083.830502
240.0 -2.5 -2.5 12.5 9999999893.8791
240.0 0.0 -2.5 12.5 10000000098.263401
240.0 2.5 -2.5 12.5 10000000111.432001
240.0 -5.0 0.0 12.5 9999999945.7798
240.0 -2.5 0.0 12.5 10000000463.067202
240.0 0.0 0.0 12.5 9829699291.216799
240.0 2.5 0.0 12.5 9999999865.1658
240.0 5.0 0.0 12.5 509595517.7873
240.0 -5.0 2.5 12.5 9999999907.914001
240.0 -2.5 2.5 12.5 10000000068.9591
240.0 0.0 2.5 12.5 10000000061.4235
240.0 2.5 2.5 12.5 9999999688.0287
240.0 5.0 2.5 12.5 560157.9585999999
240.0 7.5 2.5 12.5 2014.4064999999998
240.0 -5.0 5.0 12.5 892487208.8299
240.0 -2.5 5.0 12.5 6530642538.6989
240.0 0.0 5.0 12.5 10000000572.6149
240.0 2.5 5.0 12.5 403158521.1359
240.0 5.0 5.0 12.5 36975002.2888
240.0 7.5 5.0 12.5 153974.2425
240.0 -2.5 -10.0 13.75 2100172811.2795
240.0 0.0 -10.0 13.75 1275854279.6892
240.0 2.5 -10.0 13.75 256671737.6791
240.0 5.0 -10.0 13.75 68740615.6427
240.0 7.5 -10.0 13.75 1287.5625
240.0 10.0 -10.0 13.75 -13.3908
240.0 -5.0 -7.5 13.75 7058042448.6805
240.0 -2.5 -7.5 13.75 9999999917.345701
240.0 0.0 -7.5 13.75 10000000032.62
240.0 2.5 -7.5 13.75 131046956.69960001
240.0 5.0 -7.5 13.75 10000000153.5946
240.0 7.5 -7.5 13.75 12436.185300000001
240.0 10.0 -7.5 13.75 -9.7166
240.0 -5.0 -5.0 13.75 10000000086.707602
240.0 -2.5 -5.0 13.75 9999999970.0114
240.0 0.0 -5.0 13.75 3410092650.4487
240.0 2.5 -5.0 13.75 5259411141.5224
240.0 5.0 -5.0 13.75 3944528784.7512
240.0 -5.0 -2.5 13.75 9999999955.9643
240.0 -2.5 -2.5 13.75 9999999900.6786
240.0 0.0 -2.5 13.75 10000000060.8106
240.0 2.5 -2.5 13.75 4220583003.9242997
240.0 -5.0 0.0 13.75 9999999896.1683
240.0 -2.5 0.0 13.75 9999999965.075602
240.0 0.0 0.0 13.75 9999999923.566101
240.0 2.5 0.0 13.75 2098309814.5539
240.0 5.0 0.0 13.75 2232626.7869
240.0 -5.0 2.5 13.75 1593863.3283000002
240.0 -2.5 2.5 13.75 14755814.783400001
240.0 0.0 2.5 13.75 1474508900.4176002
240.0 2.5 2.5 13.75 10000000031.166601
240.0 5.0 2.5 13.75 9999999843.6516
240.0 7.5 2.5 13.75 148.3546
240.0 10.0 2.5 13.75 -16.090600000000002
240.0 -5.0 5.0 13.75 24622933.9364
240.0 -2.5 5.0 13.75 9999999968.0638
240.0 0.0 5.0 13.75 10000000080.274302
240.0 2.5 5.0 13.75 864249489.2789
240.0 5.0 5.0 13.75 10000000039.5102
240.0 7.5 5.0 13.75 904.6542000000001
240.0 10.0 5.0 13.75 -15.8251
240.0 -5.0 -10.0 15.0 578774674.4252999
240.0 -2.5 -10.0 15.0 9999999976.6573
240.0 0.0 -10.0 15.0 10000000023.989
240.0 2.5 -10.0 15.0 1137159873.0575
240.0 5.0 -10.0 15.0 3164136.4195999997
240.0 7.5 -10.0 15.0 84.5572
240.0 10.0 -10.0 15.0 -7.2345
240.0 -5.0 -7.5 15.0 1271942984.8591
240.0 -2.5 -7.5 15.0 10000000174.413101
240.0 0.0 -7.5 15.0 9999999962.263
240.0 2.5 -7.5 15.0 9999999980.141201
240.0 5.0 -7.5 15.0 36776815.3558
240.0 7.5 -7.5 15.0 131465.529
240.0 10.0 -7.5 15.0 -0.9601999999999999
240.0 -5.0 -5.0 15.0 9999999944.9941
240.0 -2.5 -5.0 15.0 3623036916.1457
240.0 0.0 -5.0 15.0 56337814.4476
240.0 2.5 -5.0 15.0 7192664564.325
240.0 5.0 -5.0 15.0 345129556.7911
240.0 10.0 -5.0 15.0 4.5098
240.0 -5.0 -2.5 15.0 9999999986.3124
240.0 -2.5 -2.5 15.0 9999999941.4592
240.0 0.0 -2.5 15.0 9999999999.286901
240.0 2.5 -2.5 15.0 9556395.4169
240.0 5.0 -2.5 15.0 584714.9573
240.0 7.5 -2.5 15.0 4150.6895
240.0 -5.0 0.0 15.0 29709242.5506
240.0 -2.5 0.0 15.0 10000000011.9094
240.0 0.0 0.0 15.0 9999999884.372702
240.0 2.5 0.0 15.0 238869124.7911
240.0 5.0 0.0 15.0 28280.4279
240.0 7.5 0.0 15.0 -17.1223
240.0 -5.0 2.5 15.0 13693.24
240.0 -2.5 2.5 15.0 10000000025.3724
240.0 0.0 2.5 15.0 10000000275.259201
240.0 2.5 2.5 15.0 2285416052.9487
240.0 5.0 2.5 15.0 10000000035.4323
240.0 7.5 2.5 15.0 743.2217
240.0 10.0 2.5 15.0 -13.9679
240.0 -5.0 5.0 15.0 10000000018.196201
240.0 -2.5 5.0 15.0 9999999987.4235
240.0 0.0 5.0 15.0 189505836.61200002
240.0 2.5 5.0 15.0 10000000040.0175
240.0 5.0 5.0 15.0 1666946.5184
240.0 7.5 5.0 15.0 44867.2469
240.0 10.0 5.0 15.0 -14.2439
240.0 -5.0 -10.0 16.25 9999999980.4321
240.0 -2.5 -10.0 16.25 10000000005.2908
240.0 0.0 -10.0 16.25 10000000003.952002
240.0 2.5 -10.0 16.25 2729424391.7591004
240.0 5.0 -10.0 16.25 205601267.94509998
240.0 7.5 -10.0 16.25 126.9388
240.0 10.0 -10.0 16.25 -2.2669
240.0 -5.0 -7.5 16.25 9999999944.791302
240.0 -2.5 -7.5 16.25 9804050843.1867
240.0 0.0 -7.5 16.25 9999999720.8537
240.0 2.5 -7.5 16.25 9999999938.2124
240.0 5.0 -7.5 16.25 118457911.68270001
240.0 7.5 -7.5 16.25 50607.035800000005
240.0 10.0 -7.5 16.25 4.7527
240.0 -5.0 -5.0 16.25 4939970255.27
240.0 -2.5 -5.0 16.25 123003171.3167
240.0 0.0 -5.0 16.25 9999999878.792002
240.0 2.5 -5.0 16.25 37967916.2785
240.0 5.0 -5.0 16.25 1314822490.0734
240.0 7.5 -5.0 16.25 162071.6364
240.0 10.0 -5.0 16.25 8.876100000000001
240.0 -5.0 -2.5 16.25 9999999981.5323
240.0 -2.5 -2.5 16.25 9999999902.662601
240.0 0.0 -2.5 16.25 4341556360.5651
240.0 2.5 -2.5 16.25 9999999950.1338
240.0 5.0 -2.5 16.25 380.93179999999995
240.0 7.5 -2.5 16.25 138.6379
240.0 10.0 -2.5 16.25 2.5526
240.0 -5.0 0.0 16.25 9999999996.643702
240.0 -2.5 0.0 16.25 9999999920.742102
240.0 0.0 0.0 16.25 9999999970.2415
240.0 2.5 0.0 16.25 995937790.2804999
240.0 5.0 0.0 16.25 55754.0177
240.0 7.5 0.0 16.25 -11.6448
240.0 -5.0 2.5 16.25 669.4146000000001
240.0 -2.5 2.5 16.25 618661010.944
240.0 0.0 2.5 16.25 9999999989.952702
240.0 2.5 2.5 16.25 1333200718.2944
240.0 5.0 2.5 16.25 10000000032.0058
240.0 7.5 2.5 16.25 38.7542
240.0 10.0 2.5 16.25 -10.514499999999998
240.0 -5.0 5.0 16.25 9999999948.505001
240.0 -2.5 5.0 16.25 960500.0105
240.0 0.0 5.0 16.25 3487115815.7272997
240.0 2.5 5.0 16.25 42049498.386700004
240.0 5.0 5.0 16.25 246991.9118
240.0 7.5 5.0 16.25 119.9369
240.0 10.0 5.0 16.25 -11.0572
300.0 -5.0 -10.0 3.75 1812609780.3082998
300.0 -2.5 -10.0 3.75 10000000306.788301
300.0 0.0 -10.0 3.75 10000000074.961401
300.0 2.5 -10.0 3.75 9999999778.083101
300.0 5.0 -10.0 3.75 10000000368.168001
300.0 7.5 -10.0 3.75 299442256.4799
300.0 10.0 -10.0 3.75 637442.1047
300.0 -5.0 -7.5 3.75 9999999878.5807
300.0 -2.5 -7.5 3.75 9999999891.480001
300.0 0.0 -7.5 3.75 9999999794.8787
300.0 2.5 -7.5 3.75 9999999762.372702
300.0 5.0 -7.5 3.75 9999999821.800201
300.0 7.5 -7.5 3.75 10000000112.3148
300.0 10.0 -7.5 3.75 318817105.01559997
300.0 -5.0 -5.0 3.75 9999999868.1266
300.0 -2.5 -5.0 3.75 10000000283.908401
300.0 0.0 -5.0 3.75 9999999837.040201
300.0 2.5 -5.0 3.75 9999999646.7789
300.0 5.0 -5.0 3.75 9999999859.0578
300.0 7.5 -5.0 3.75 10000000642.6054
300.0 10.0 -5.0 3.75 9999999893.728401
300.0 -5.0 -2.5 3.75 10000000118.749601
300.0 -2.5 -2.5 3.75 10000000073.7327
300.0 0.0 -2.5 3.75 9999999748.171902
300.0 2.5 -2.5 3.75 9999999790.3635
300.0 5.0 -2.5 3.75 9999999768.325602
300.0 7.5 -2.5 3.75 9999999809.3647
300.0 10.0 -2.5 3.75 9999999942.756102
300.0 -5.0 0.0 3.75 10000000059.992
300.0 -2.5 0.0 3.75 4985576041.7048
300.0 0.0 0.0 3.75 10000000390.0188
300.0 2.5 0.0 3.75 160262791.7913
300.0 5.0 0.0 3.75 1519504046.3437998
300.0 7.5 0.0 3.75 38912548.3175
300.0 10.0 0.0 3.75 3082024.4532
300.0 -5.0 2.5 3.75 10000000050.3342
300.0 -2.5 2.5 3.75 3313818423.0436
300.0 0.0 2.5 3.75 75766658.6755
300.0 2.5 2.5 3.75 9999999975.6711
300.0 5.0 2.5 3.75 456672987.43810004
300.0 7.5 2.5 3.75 1074835853.1104
300.0 10.0 2.5 3.75 13973365.5961
300.0 -5.0 5.0 3.75 10000000046.4326
300.0 -2.5 5.0 3.75 435328816.1629
300.0 0.0 5.0 3.75 27086852.7379
300.0 2.5 5.0 3.75 73005.0444
300.0 5.0 5.0 3.75 92279451.3998
300.0 7.5 5.0 3.75 161072.7364
300.0 10.0 5.0 3.75 690708.9763
300.0 -2.5 -2.5 6.25 9999999916.393002
300.0 0.0 -2.5 6.25 9999999868.936
300.0 2.5 -2.5 6.25 9999999978.131
300.0 2.5 -5.0 7.5 10000000087.956902
300.0 -2.5 -2.5 7.5 9999999789.746302
300.0 0.0 -2.5 7.5 10000000469.2092
300.0 0.0 0.0 7.5 10000000228.314201
300.0 0.0 2.5 7.5 9999999996.0104
300.0 5.0 -10.0 8.75 9999999547.4995
300.0 2.5 -7.5 8.75 1321639280.6348
300.0 5.0 -7.5 8.75 9409572312.2338
300.0 0.0 -5.0 8.75 9999999890.016201
300.0 2.5 -5.0 8.75 848378837.9253
300.0 5.0 -5.0 8.75 9999999577.242102
300.0 -5.0 -2.5 8.75 10000000076.7366
300.0 -2.5 -2.5 8.75 9999999932.4538
300.0 0.0 -2.5 8.75 9999999917.3834
300.0 2.5 -2.5 8.75 10000000025.0666
300.0 -5.0 0.0 8.75 10000000088.894402
300.0 0.0 0.0 8.75 10000000221.338902
300.0 0.0 2.5 8.75 10000000105.974
300.0 0.0 5.0 8.75 10000000165.1527
300.0 0.0 -10.0 10.0 10000000028.7161
300.0 2.5 -10.0 10.0 9999999864.9983
300.0 5.0 -10.0 10.0 360478643.97360003
300.0 7.5 -10.0 10.0 108878.82830000001
300.0 10.0 -10.0 10.0 1874363.9015
300.0 2.5 -7.5 10.0 9999999915.4337
300.0 5.0 -7.5 10.0 9999999850.7194
300.0 -5.0 -5.0 10.0 9999999845.148901
300.0 0.0 -5.0 10.0 9999999971.3356
300.0 2.5 -5.0 10.0 9999999706.3159
300.0 5.0 -5.0 10.0 9999999872.198801
300.0 -5.0 -2.5 10.0 9999999721.6427
300.0 -2.5 -2.5 10.0 10000000183.283602
300.0 0.0 -2.5 10.0 10000000417.721102
300.0 2.5 -2.5 10.0 9999999951.391
300.0 -5.0 0.0 10.0 10000000070.435902
300.0 -2.5 0.0 10.0 10000000218.498201
300.0 0.0 0.0 10.0 10000000219.999601
300.0 2.5 0.0 10.0 9999999971.0517
300.0 0.0 2.5 10.0 9999999970.843401
300.0 0.0 5.0 10.0 1069174838.3602
300.0 2.5 5.0 10.0 10000000010.348701
300.0 0.0 -10.0 11.25 10000000146.204401
300.0 2.5 -10.0 11.25 9999999951.206902
300.0 5.0 -10.0 11.25 5265259.4933
300.0 7.5 -10.0 11.25 420472.23589999997
300.0 10.0 -10.0 11.25 773.1367
300.0 -2.5 -7.5 11.25 212967244.21510002
300.0 0.0 -7.5 11.25 9999999852.825602
300.0 2.5 -7.5 11.25 9999999977.191301
300.0 5.0 -7.5 11.25 988779447.8668001
300.0 7.5 -7.5 11.25 697606037.344
300.0 -5.0 -5.0 11.25 9999999631.6881
300.0 -2.5 -5.0 11.25 9999999993.8948
300.0 0.0 -5.0 11.25 10000000400.6212
300.0 2.5 -5.0 11.25 10000000068.0477
300.0 5.0 -5.0 11.25 9999999865.5639
300.0 -5.0 -2.5 11.25 9999999898.2915
300.0 -2.5 -2.5 11.25 9999999979.7315
300.0 0.0 -2.5 11.25 9999999835.8299
300.0 2.5 -2.5 11.25 1645742130.0488
300.0 -5.0 0.0 11.25 9999999913.291801
300.0 -2.5 0.0 11.25 9999999825.810001
300.0 0.0 0.0 11.25 10000000135.9778
300.0 2.5 0.0 11.25 10000000023.585001
300.0 -5.0 2.5 11.25 9999999879.049702
300.0 -2.5 2.5 11.25 5799420032.1165
300.0 0.0 2.5 11.25 5890931937.609
300.0 2.5 2.5 11.25 3413170803.5583997
300.0 5.0 2.5 11.25 1373951183.386
300.0 0.0 5.0 11.25 10000000008.982601
300.0 2.5 5.0 11.25 953783074.7976
300.0 5.0 5.0 11.25 44578881.75830001
300.0 7.5 5.0 11.25 50328264.0823
300.0 -2.5 -10.0 12.5 3913945381.6966
300.0 0.0 -10.0 12.5 9334201952.7724
300.0 2.5 -10.0 12.5 10000000028.6047
300.0 5.0 -10.0 12.5 10000000017.3439
300.0 7.5 -10.0 12.5 2750.2169
300.0 10.0 -10.0 12.5 -22.846600000000002
300.0 -2.5 -7.5 12.5 10000000301.3994
300.0 0.0 -7.5 12.5 9999999898.325901
300.0 2.5 -7.5 12.5 156898905.9909
300.0 5.0 -7.5 12.5 9999999902.207401
300.0 7.5 -7.5 12.5 2126628321.2177
300.0 -5.0 -5.0 12.5 9999999876.109901
300.0 -2.5 -5.0 12.5 10000000002.3638
300.0 0.0 -5.0 12.5 9999999861.829401
300.0 2.5 -5.0 12.5 5718360449.3047
300.0 5.0 -5.0 12.5 9999999922.009901
300.0 -5.0 -2.5 12.5 89519301.2066
300.0 -2.5 -2.5 12.5 7124849542.650499
300.0 0.0 -2.5 12.5 9839131469.691
300.0 2.5 -2.5 12.5 9999999929.3644
300.0 5.0 -2.5 12.5 9999999979.2651
300.0 -5.0 0.0 12.5 10000000195.431501
300.0 -2.5 0.0 12.5 9999999977.2043
300.0 0.0 0.0 12.5 2002783782.3816
300.0 2.5 0.0 12.5 9999999821.0233
300.0 5.0 0.0 12.5 9999999998.3199
300.0 7.5 0.0 12.5 9999999854.714901
300.0 -5.0 2.5 12.5 4481776736.7139
300.0 -2.5 2.5 12.5 9999999982.636702
300.0 0.0 2.5 12.5 9999999891.6987
300.0 2.5 2.5 12.5 10000000099.1765
300.0 5.0 2.5 12.5 868021799.436
300.0 7.5 2.5 12.5 10000000100.195501
300.0 -5.0 5.0 12.5 10000000153.907001
300.0 -2.5 5.0 12.5 9999999937.3514
300.0 0.0 5.0 12.5 1288572491.1233
300.0 2.5 5.0 12.5 6285720.8246
300.0 5.0 5.0 12.5 14537145.6788
300.0 7.5 5.0 12.5 1044998.6571999999
300.0 -2.5 -10.0 13.75 9999999608.1562
300.0 0.0 -10.0 13.75 9999999686.1921
300.0 2.5 -10.0 13.75 828202604.1189001
300.0 5.0 -10.0 13.75 95646.8983
300.0 7.5 -10.0 13.75 147.8042
300.0 10.0 -10.0 13.75 -21.4064
300.0 -5.0 -7.5 13.75 6023287450.8649
300.0 -2.5 -7.5 13.75 9999999914.054602
300.0 0.0 -7.5 13.75 3612479390.6808
300.0 2.5 -7.5 13.75 9999999821.9272
300.0 5.0 -7.5 13.75 12876206.9687
300.0 7.5 -7.5 13.75 39086091.4138
300.0 -5.0 -5.0 13.75 1768741217.534
300.0 -2.5 -5.0 13.75 9999999967.856
300.0 0.0 -5.0 13.75 9999999990.738201
300.0 2.5 -5.0 13.75 9999999882.802101
300.0 5.0 -5.0 13.75 10000000164.602402
300.0 -5.0 -2.5 13.75 9999999850.6471
300.0 -2.5 -2.5 13.75 9999999824.348001
300.0 0.0 -2.5 13.75 9999999834.9116
300.0 2.5 -2.5 13.75 9999999751.6019
300.0 5.0 -2.5 13.75 10000000068.2879
300.0 7.5 -2.5 13.75 2935884542.4252
300.0 -5.0 0.0 13.75 52084334.585200004
300.0 -2.5 0.0 13.75 10000000072.7668
300.0 0.0 0.0 13.75 34369269.6215
300.0 2.5 0.0 13.75 6192354394.6842
300.0 5.0 0.0 13.75 138255702.355
300.0 7.5 0.0 13.75 9999999960.981401
300.0 -5.0 2.5 13.75 9999999924.4479
300.0 -2.5 2.5 13.75 10000000006.737902
300.0 0.0 2.5 13.75 9999999941.343401
300.0 2.5 2.5 13.75 111536267.1
300.0 5.0 2.5 13.75 1073403191.9541
300.0 7.5 2.5 13.75 1212293736.1912
300.0 10.0 2.5 13.75 22.3104
300.0 -5.0 5.0 13.75 10000000047.915
300.0 -2.5 5.0 13.75 30968936.6301
300.0 0.0 5.0 13.75 9999999955.424301
300.0 2.5 5.0 13.75 262792706.9002
300.0 5.0 5.0 13.75 609099.0297
300.0 7.5 5.0 13.75 5377.9753
300.0 10.0 5.0 13.75 42.7231
300.0 -2.5 -10.0 15.0 5554951.5033
300.0 0.0 -10.0 15.0 10000000069.6903
300.0 2.5 -10.0 15.0 10000000093.6648
300.0 5.0 -10.0 15.0 194.57139999999998
300.0 7.5 -10.0 15.0 5991.035699999999
300.0 10.0 -10.0 15.0 -15.938699999999999
300.0 -5.0 -7.5 15.0 9999999872.5519
300.0 -2.5 -7.5 15.0 27113064.7516
300.0 0.0 -7.5 15.0 10000000158.853802
300.0 2.5 -7.5 15.0 10000000118.189001
300.0 5.0 -7.5 15.0 16359710.592500001
300.0 7.5 -7.5 15.0 9695393.6668
300.0 10.0 -7.5 15.0 2980290.6697
300.0 -5.0 -5.0 15.0 10000000017.9461
300.0 -2.5 -5.0 15.0 10000000224.1135
300.0 0.0 -5.0 15.0 334071172.4754
300.0 2.5 -5.0 15.0 9999999974.0006
300.0 5.0 -5.0 15.0 2271418938.4457
300.0 7.5 -5.0 15.0 10000000038.4255
300.0 -5.0 -2.5 15.0 3146354761.9737
300.0 -2.5 -2.5 15.0 9999999955.092201
300.0 0.0 -2.5 15.0 365188673.0024
300.0 2.5 -2.5 15.0 4987185293.049299
300.0 5.0 -2.5 15.0 31896057.973
300.0 7.5 -2.5 15.0 9999999985.8027
300.0 10.0 -2.5 15.0 316567.2496
300.0 -5.0 0.0 15.0 1455787114.4906
300.0 -2.5 0.0 15.0 9999999959.4832
300.0 0.0 0.0 15.0 9999999916.0977
300.0 2.5 0.0 15.0 325576563.5439
300.0 5.0 0.0 15.0 10000000172.407202
300.0 7.5 0.0 15.0 10000000044.5286
300.0 10.0 0.0 15.0 45668.7465
300.0 -5.0 2.5 15.0 425344238.7228
300.0 -2.5 2.5 15.0 9999999878.855902
300.0 0.0 2.5 15.0 31772967.7708
300.0 2.5 2.5 15.0 10000000071.968401
300.0 5.0 2.5 15.0 144894737.92339998
300.0 7.5 2.5 15.0 1323.8916000000002
300.0 10.0 2.5 15.0 7.349200000000001
300.0 -5.0 5.0 15.0 3144702.2156
300.0 -2.5 5.0 15.0 473137813.5812
300.0 0.0 5.0 15.0 59158107.8396
300.0 2.5 5.0 15.0 3837120.9195
300.0 5.0 5.0 15.0 367.1449
300.0 7.5 5.0 15.0 5.0076
300.0 10.0 5.0 15.0 5.978399999999999
300.0 -5.0 -10.0 16.25 9999999943.133202
300.0 -2.5 -10.0 16.25 388198314.0139
300.0 0.0 -10.0 16.25 5774849071.2283
300.0 2.5 -10.0 16.25 1482754166.6366
300.0 5.0 -10.0 16.25 1406.4725
300.0 7.5 -10.0 16.25 48124.6043
300.0 10.0 -10.0 16.25 -9.4294
300.0 -5.0 -7.5 16.25 701034289.6007
300.0 -2.5 -7.5 16.25 2671485945.3333
300.0 0.0 -7.5 16.25 9999999853.4109
300.0 2.5 -7.5 16.25 10000000033.144402
300.0 5.0 -7.5 16.25 56807.9955
300.0 7.5 -7.5 16.25 9514321165.798801
300.0 10.0 -7.5 16.25 11805.33
300.0 -5.0 -5.0 16.25 1611199936.6119
300.0 -2.5 -5.0 16.25 10000000020.853802
300.0 0.0 -5.0 16.25 8150848909.109401
300.0 2.5 -5.0 16.25 9999999734.8924
300.0 5.0 -5.0 16.25 7806394.1819
300.0 7.5 -5.0 16.25 10000000021.7945
300.0 10.0 -5.0 16.25 1331260011.2326
300.0 -5.0 -2.5 16.25 9999999967.4456
300.0 -2.5 -2.5 16.25 10000000061.0624
300.0 0.0 -2.5 16.25 2251008250.8652
300.0 2.5 -2.5 16.25 1200867903.9402
300.0 5.0 -2.5 16.25 9999999804.897001
300.0 7.5 -2.5 16.25 3139893.8181
300.0 10.0 -2.5 16.25 9999999948.743
300.0 -5.0 0.0 16.25 2923070830.4547
300.0 -2.5 0.0 16.25 10000000064.9286
300.0 0.0 0.0 16.25 9999999953.012201
300.0 2.5 0.0 16.25 81360322.9507
300.0 5.0 0.0 16.25 146610670.07750002
300.0 7.5 0.0 16.25 63673.2382
300.0 10.0 0.0 16.25 153.6279
300.0 -5.0 2.5 16.25 1686665544.9349
300.0 -2.5 2.5 16.25 9999999974.470901
300.0 0.0 2.5 16.25 2848793.0253000003
300.0 2.5 2.5 16.25 29473392.1577
300.0 5.0 2.5 16.25 5898.0395
300.0 7.5 2.5 16.25 42.9472
300.0 10.0 2.5 16.25 8.881799999999998
300.0 -5.0 5.0 16.25 936473148.5175999
300.0 -2.5 5.0 16.25 20837.0085
300.0 0.0 5.0 16.25 817425.1527
300.0 2.5 5.0 16.25 40886.428100000005
300.0 5.0 5.0 16.25 85.125
300.0 7.5 5.0 16.25 5.0203999999999995
300.0 10.0 5.0 16.25 6.7424
