0.0 5.0 -7.5 6.25 932291.6496
0.0 -2.5 5.0 6.25 753162575.8624
0.0 0.0 2.5 7.5 10000000102.951
0.0 -2.5 5.0 7.5 10000000017.382301
0.0 0.0 5.0 7.5 10000000100.0809
0.0 2.5 -10.0 8.75 -13.538499999999999
0.0 5.0 -10.0 8.75 -9.826799999999999
0.0 7.5 -10.0 8.75 -5.0105
0.0 0.0 -7.5 8.75 -19.0441
0.0 5.0 -7.5 8.75 11.501700000000003
0.0 0.0 0.0 8.75 9999999828.286402
0.0 0.0 2.5 8.75 9999999993.1226
0.0 -2.5 5.0 8.75 10000000097.4386
0.0 0.0 5.0 8.75 1277334294.6736
0.0 2.5 5.0 8.75 1512041728.787
0.0 5.0 5.0 8.75 10000000035.3339
0.0 5.0 -10.0 10.0 -12.0464
0.0 7.5 -10.0 10.0 -9.8631
0.0 0.0 -7.5 10.0 -20.665399999999998
0.0 2.5 -7.5 10.0 -27.619899999999998
0.0 5.0 -7.5 10.0 -37.8821
0.0 -2.5 -5.0 10.0 36.335800000000006
0.0 2.5 -5.0 10.0 748.1578
0.0 -2.5 -2.5 10.0 3786.1659
0.0 0.0 -2.5 10.0 6680771.043099999
0.0 -2.5 0.0 10.0 11473.286
0.0 0.0 0.0 10.0 25309561.0596
0.0 2.5 0.0 10.0 1144679.3455
0.0 0.0 2.5 10.0 1970498101.3121
0.0 2.5 2.5 10.0 1498669.2322999998
0.0 7.5 2.5 10.0 1439333034.6595
0.0 -2.5 5.0 10.0 14316188.622299999
0.0 0.0 5.0 10.0 10000000099.6742
0.0 2.5 5.0 10.0 10000000142.044401
0.0 5.0 5.0 10.0 5730665658.4683
0.0 2.5 -10.0 11.25 -12.1094
0.0 5.0 -10.0 11.25 -12.1349
0.0 7.5 -10.0 11.25 -8.6809
0.0 10.0 -10.0 11.25 -2.4168000000000003
0.0 0.0 -7.5 11.25 -18.354
0.0 2.5 -7.5 11.25 -26.0999
0.0 5.0 -7.5 11.25 -34.966
0.0 7.5 -7.5 11.25 -33.1252
0.0 -2.5 -5.0 11.25 -22.392200000000003
0.0 0.0 -5.0 11.25 -0.06949999999999967
0.0 2.5 -5.0 11.25 553.4490999999999
0.0 5.0 -5.0 11.25 2382.0362
0.0 -5.0 -2.5 11.25 -14.1319
0.0 -2.5 -2.5 11.25 8498.4149
0.0 0.0 -2.5 11.25 10000000625.690102
0.0 7.5 -2.5 11.25 9999999819.2668
0.0 -2.5 0.0 11.25 30332.7686
0.0 0.0 0.0 11.25 5506104519.5748
0.0 2.5 0.0 11.25 196617.79249999998
0.0 -2.5 2.5 11.25 47873.9118
0.0 0.0 2.5 11.25 11144722.7457
0.0 2.5 2.5 11.25 2549925.6583000002
0.0 5.0 2.5 11.25 126963121.92320001
0.0 7.5 2.5 11.25 4562378.2435
0.0 -5.0 5.0 11.25 994393.833
0.0 -2.5 5.0 11.25 3441852.4304
0.0 0.0 5.0 11.25 1589000.9449999998
0.0 2.5 5.0 11.25 10000000079.428902
0.0 5.0 5.0 11.25 10000000045.337101
0.0 7.5 5.0 11.25 10000000127.6627
0.0 0.0 -10.0 12.5 -6.5719
0.0 2.5 -10.0 12.5 -9.0356
0.0 5.0 -10.0 12.5 -9.764299999999999
0.0 7.5 -10.0 12.5 -6.4620999999999995
0.0 10.0 -10.0 12.5 0.16170000000000018
0.0 -2.5 -7.5 12.5 -10.5772
0.0 0.0 -7.5 12.5 -15.5878
0.0 2.5 -7.5 12.5 -22.1594
0.0 5.0 -7.5 12.5 -26.9336
0.0 7.5 -7.5 12.5 -22.653499999999998
0.0 10.0 -7.5 12.5 -10.4688
0.0 -5.0 -5.0 12.5 -11.335
0.0 -2.5 -5.0 12.5 -18.1417
0.0 0.0 -5.0 12.5 -18.4278
0.0 2.5 -5.0 12.5 -14.9691
0.0 5.0 -5.0 12.5 -18.6928
0.0 7.5 -5.0 12.5 97.658
0.0 10.0 -5.0 12.5 110.9453
0.0 -5.0 -2.5 12.5 -13.480799999999999
0.0 -2.5 -2.5 12.5 575.6270999999999
0.0 0.0 -2.5 12.5 472720.8611
0.0 2.5 -2.5 12.5 1493.4707
0.0 5.0 -2.5 12.5 188753.3995
0.0 7.5 -2.5 12.5 10000000013.0554
0.0 -5.0 0.0 12.5 -8.7588
0.0 -2.5 0.0 12.5 1006.8819000000001
0.0 0.0 0.0 12.5 133279.69950000002
0.0 2.5 0.0 12.5 180575.0929
0.0 5.0 0.0 12.5 271517622.8125
0.0 -2.5 2.5 12.5 478.33230000000003
0.0 0.0 2.5 12.5 215512.55120000002
0.0 2.5 2.5 12.5 1139.2235
0.0 5.0 2.5 12.5 45515.446800000005
0.0 7.5 2.5 12.5 4044440.6004000003
0.0 10.0 2.5 12.5 10000000096.2472
0.0 -5.0 5.0 12.5 3613.4392
0.0 -2.5 5.0 12.5 4190981.1763999998
0.0 0.0 5.0 12.5 2172468.6106000002
0.0 2.5 5.0 12.5 14422147.8562
0.0 5.0 5.0 12.5 1022340388.0031
0.0 7.5 5.0 12.5 9999999953.664501
0.0 10.0 5.0 12.5 9999999942.3181
0.0 0.0 -10.0 13.75 -4.4579
0.0 2.5 -10.0 13.75 -6.1423
0.0 5.0 -10.0 13.75 -6.4912
0.0 7.5 -10.0 13.75 -4.1321
0.0 10.0 -10.0 13.75 2.1426
0.0 -2.5 -7.5 13.75 -8.092600000000001
0.0 0.0 -7.5 13.75 -12.709900000000001
0.0 2.5 -7.5 13.75 -17.505
0.0 5.0 -7.5 13.75 -19.011499999999998
0.0 7.5 -7.5 13.75 -14.1803
0.0 10.0 -7.5 13.75 -2.0585
0.0 -5.0 -5.0 13.75 -8.0066
0.0 -2.5 -5.0 13.75 -15.4093
0.0 0.0 -5.0 13.75 -21.0555
0.0 2.5 -5.0 13.75 -31.0928
0.0 5.0 -5.0 13.75 -36.1507
0.0 7.5 -5.0 13.75 -13.9352
0.0 10.0 -5.0 13.75 -0.8381999999999996
0.0 -5.0 -2.5 13.75 -11.0537
0.0 -2.5 -2.5 13.75 -23.899199999999997
0.0 0.0 -2.5 13.75 -24.5282
0.0 2.5 -2.5 13.75 -47.770199999999996
0.0 5.0 -2.5 13.75 119.98740000000001
0.0 7.5 -2.5 13.75 161749.6253
0.0 -5.0 0.0 13.75 -7.4658
0.0 -2.5 0.0 13.75 -14.9894
0.0 0.0 0.0 13.75 -13.3793
0.0 2.5 0.0 13.75 299.9836
0.0 5.0 0.0 13.75 1734804.8584999999
0.0 7.5 0.0 13.75 2858390.4327
0.0 -5.0 2.5 13.75 8.4525
0.0 -2.5 2.5 13.75 32.992999999999995
0.0 0.0 2.5 13.75 399.1465
0.0 2.5 2.5 13.75 148.81609999999998
0.0 5.0 2.5 13.75 274.1151
0.0 7.5 2.5 13.75 120140.8137
0.0 10.0 2.5 13.75 282950609.2582
0.0 -5.0 5.0 13.75 28.192300000000003
0.0 -2.5 5.0 13.75 2077.4159999999997
0.0 0.0 5.0 13.75 1098.4096
0.0 2.5 5.0 13.75 38385.3741
0.0 5.0 5.0 13.75 7755216.5720999995
0.0 7.5 5.0 13.75 460209146.4296
0.0 10.0 5.0 13.75 7860462037.8411
0.0 -5.0 -10.0 15.0 -1.8299
0.0 -2.5 -10.0 15.0 -1.6761
0.0 0.0 -10.0 15.0 -2.0678
0.0 2.5 -10.0 15.0 -2.7902
0.0 5.0 -10.0 15.0 -3.1799999999999997
0.0 7.5 -10.0 15.0 -1.5189
0.0 10.0 -10.0 15.0 2.9086
0.0 -5.0 -7.5 15.0 -3.4667
0.0 -2.5 -7.5 15.0 -5.2911
0.0 0.0 -7.5 15.0 -8.7667
0.0 2.5 -7.5 15.0 -11.6708
0.0 5.0 -7.5 15.0 -11.4689
0.0 7.5 -7.5 15.0 -7.548500000000001
0.0 10.0 -7.5 15.0 1.5277999999999998
0.0 -5.0 -5.0 15.0 -5.637700000000001
0.0 -2.5 -5.0 15.0 -11.859300000000001
0.0 0.0 -5.0 15.0 -18.5179
0.0 2.5 -5.0 15.0 -23.9458
0.0 5.0 -5.0 15.0 -21.7646
0.0 7.5 -5.0 15.0 -11.031500000000001
0.0 10.0 -5.0 15.0 3.176
0.0 -5.0 -2.5 15.0 -7.9036
0.0 -2.5 -2.5 15.0 -18.0896
0.0 0.0 -2.5 15.0 -26.290000000000003
0.0 2.5 -2.5 15.0 -32.5796
0.0 5.0 -2.5 15.0 -23.665599999999998
0.0 7.5 -2.5 15.0 44.696
0.0 10.0 -2.5 15.0 88.7886
0.0 -5.0 0.0 15.0 -5.4535
0.0 -2.5 0.0 15.0 -12.6055
0.0 0.0 0.0 15.0 -17.6071
0.0 2.5 0.0 15.0 -19.4542
0.0 5.0 0.0 15.0 6962.7107
0.0 7.5 0.0 15.0 2111.9871
0.0 10.0 0.0 15.0 108629102.8303
0.0 -5.0 2.5 15.0 5.8298000000000005
0.0 -2.5 2.5 15.0 9.6113
0.0 0.0 2.5 15.0 6.202800000000001
0.0 2.5 2.5 15.0 3.2077999999999998
0.0 5.0 2.5 15.0 9.182
0.0 7.5 2.5 15.0 81947.1415
0.0 10.0 2.5 15.0 1048713907.9734
0.0 -5.0 5.0 15.0 21.3764
0.0 -2.5 5.0 15.0 32.8361
0.0 0.0 5.0 15.0 28.1299
0.0 2.5 5.0 15.0 80.5419
0.0 5.0 5.0 15.0 34030.1011
0.0 7.5 5.0 15.0 662642.6719
0.0 10.0 5.0 15.0 91164921.3479
0.0 -5.0 -10.0 16.25 -1.145
0.0 -2.5 -10.0 16.25 -0.6914
0.0 0.0 -10.0 16.25 -0.3241
0.0 2.5 -10.0 16.25 -0.6398
0.0 5.0 -10.0 16.25 -0.7088
0.0 7.5 -10.0 16.25 0.4566
0.0 10.0 -10.0 16.25 3.4335999999999998
0.0 -5.0 -7.5 16.25 -2.4776
0.0 -2.5 -7.5 16.25 -2.967
0.0 0.0 -7.5 16.25 -4.681
0.0 2.5 -7.5 16.25 -6.3363
0.0 5.0 -7.5 16.25 -6.1235
0.0 7.5 -7.5 16.25 -3.1012
0.0 10.0 -7.5 16.25 3.3515
0.0 -5.0 -5.0 16.25 -3.9541
0.0 -2.5 -5.0 16.25 -7.7331
0.0 0.0 -5.0 16.25 -12.665600000000001
0.0 2.5 -5.0 16.25 -15.5816
0.0 5.0 -5.0 16.25 -12.7808
0.0 7.5 -5.0 16.25 -4.630800000000001
0.0 10.0 -5.0 16.25 5.9406
0.0 -5.0 -2.5 16.25 -4.8589
0.0 -2.5 -2.5 16.25 -11.6752
0.0 0.0 -2.5 16.25 -17.1816
0.0 2.5 -2.5 16.25 -20.4492
0.0 5.0 -2.5 16.25 -14.6706
0.0 7.5 -2.5 16.25 -1.0564999999999998
0.0 10.0 -2.5 16.25 26.4782
0.0 -5.0 0.0 16.25 -3.0981
0.0 -2.5 0.0 16.25 -7.661
0.0 0.0 0.0 16.25 -11.465200000000001
0.0 2.5 0.0 16.25 -13.426499999999999
0.0 5.0 0.0 16.25 -3.1649000000000003
0.0 7.5 0.0 16.25 1114.625
0.0 10.0 0.0 16.25 742768746.5755999
0.0 -5.0 2.5 16.25 3.7655
0.0 -2.5 2.5 16.25 4.7378
0.0 0.0 2.5 16.25 2.12
0.0 2.5 2.5 16.25 0.4206000000000003
0.0 5.0 2.5 16.25 1.9386999999999999
0.0 7.5 2.5 16.25 1271.2984000000001
0.0 10.0 2.5 16.25 29921590.872500002
0.0 -5.0 5.0 16.25 14.520299999999999
0.0 -2.5 5.0 16.25 18.537399999999998
0.0 0.0 5.0 16.25 16.015300000000003
0.0 2.5 5.0 16.25 9.9333
0.0 5.0 5.0 16.25 174.4553
0.0 7.5 5.0 16.25 73772.6009
0.0 10.0 5.0 16.25 6751183.533
60.0 -5.0 -10.0 3.75 -6.893400000000001
60.0 -2.5 -10.0 3.75 -20.7289
60.0 0.0 -10.0 3.75 4227.5638
60.0 2.5 -10.0 3.75 1004295.4878
60.0 5.0 -10.0 3.75 91870922.2304
60.0 7.5 -10.0 3.75 1153926621.5516
60.0 10.0 -10.0 3.75 2837302439.205
60.0 -5.0 -7.5 3.75 -7.5768
60.0 -2.5 -7.5 3.75 6254.3533
60.0 0.0 -7.5 3.75 3149224602.0779
60.0 2.5 -7.5 3.75 60674477.4327
60.0 5.0 -7.5 3.75 778928464.084
60.0 7.5 -7.5 3.75 10000000109.1378
60.0 10.0 -7.5 3.75 9999999961.085901
60.0 -5.0 -5.0 3.75 -6.6695
60.0 -2.5 -5.0 3.75 -19.6117
60.0 0.0 -5.0 3.75 243848.6131
60.0 2.5 -5.0 3.75 10000000162.1518
60.0 5.0 -5.0 3.75 9999999843.7924
60.0 7.5 -5.0 3.75 3021921675.0021
60.0 10.0 -5.0 3.75 10000000081.7369
60.0 -5.0 -2.5 3.75 -8.1634
60.0 -2.5 -2.5 3.75 -23.434600000000003
60.0 0.0 -2.5 3.75 625.5606
60.0 2.5 -2.5 3.75 1991871.5790000001
60.0 5.0 -2.5 3.75 1404767504.6123002
60.0 7.5 -2.5 3.75 10000000065.3027
60.0 10.0 -2.5 3.75 10000000057.9332
60.0 -5.0 0.0 3.75 -6.1074
60.0 -2.5 0.0 3.75 65.1356
60.0 0.0 0.0 3.75 5804437507.6206
60.0 2.5 0.0 3.75 706117502.998
60.0 5.0 0.0 3.75 9999999960.5086
60.0 7.5 0.0 3.75 9999999813.6509
60.0 10.0 0.0 3.75 10000000383.1856
60.0 -5.0 2.5 3.75 12.862300000000001
60.0 -2.5 2.5 3.75 259487007.5502
60.0 0.0 2.5 3.75 124196403.3088
60.0 2.5 2.5 3.75 9999999908.167501
60.0 5.0 2.5 3.75 10000000297.7823
60.0 7.5 2.5 3.75 10000000017.109402
60.0 10.0 2.5 3.75 9999999402.893702
60.0 -5.0 5.0 3.75 109465.3119
60.0 -2.5 5.0 3.75 9999999966.370602
60.0 0.0 5.0 3.75 9999999924.6587
60.0 2.5 5.0 3.75 1005037578.7031
60.0 5.0 5.0 3.75 10000000214.6093
60.0 7.5 5.0 3.75 10000000125.0634
60.0 10.0 5.0 3.75 9999999805.456701
60.0 2.5 -2.5 5.0 10000000029.9799
60.0 0.0 0.0 5.0 9833812.5728
60.0 0.0 2.5 5.0 10000000048.3365
60.0 2.5 -2.5 6.25 23789577.8555
60.0 0.0 0.0 6.25 18271901.2732
60.0 0.0 2.5 6.25 1304472244.3553
60.0 0.0 5.0 6.25 550374630.4595
60.0 2.5 -5.0 7.5 725162798.2723
60.0 2.5 -2.5 7.5 82193149.06469999
60.0 5.0 -2.5 7.5 4649157572.9997
60.0 -2.5 0.0 7.5 3059.3788
60.0 0.0 0.0 7.5 35536670.639299996
60.0 2.5 0.0 7.5 9999999975.7653
60.0 0.0 2.5 7.5 158803916.05719998
60.0 0.0 5.0 7.5 4189134.4907
60.0 2.5 -7.5 8.75 282.0923
60.0 2.5 -5.0 8.75 480604511.72789997
60.0 5.0 -5.0 8.75 6358137978.0583
60.0 0.0 -2.5 8.75 -0.8510999999999997
60.0 2.5 -2.5 8.75 115410475.8034
60.0 -2.5 0.0 8.75 315.14410000000004
60.0 0.0 0.0 8.75 12608263.562
60.0 2.5 0.0 8.75 9999999986.060001
60.0 -2.5 2.5 8.75 1217.3452000000002
60.0 0.0 2.5 8.75 12811.8643
60.0 0.0 5.0 8.75 7933.5521
60.0 5.0 -10.0 10.0 71.4228
60.0 2.5 -7.5 10.0 54.790099999999995
60.0 5.0 -7.5 10.0 19065.0293
60.0 7.5 -7.5 10.0 142983756.9319
60.0 0.0 -5.0 10.0 36.5113
60.0 2.5 -5.0 10.0 2632602461.3839
60.0 5.0 -5.0 10.0 42302304.373
60.0 -2.5 -2.5 10.0 -3.4293
60.0 0.0 -2.5 10.0 -0.6664999999999992
60.0 2.5 -2.5 10.0 1580516.9775999999
60.0 5.0 -2.5 10.0 8248552.2562
60.0 7.5 -2.5 10.0 10000000090.2198
60.0 -2.5 0.0 10.0 -26.6598
60.0 0.0 0.0 10.0 291761.8884
60.0 2.5 0.0 10.0 3887864977.5445
60.0 -2.5 2.5 10.0 -49.1875
60.0 0.0 2.5 10.0 7794.0759
60.0 2.5 2.5 10.0 392365.19080000004
60.0 -2.5 5.0 10.0 -83.3072
60.0 0.0 5.0 10.0 3669.9269999999997
60.0 2.5 5.0 10.0 9999999899.256802
60.0 2.5 -10.0 11.25 -7.8619
60.0 5.0 -10.0 11.25 10.634400000000001
60.0 10.0 -10.0 11.25 1569177.1457
60.0 0.0 -7.5 11.25 7.838
60.0 2.5 -7.5 11.25 -3.4290000000000003
60.0 5.0 -7.5 11.25 7608121.4075
60.0 7.5 -7.5 11.25 37244551.5274
60.0 0.0 -5.0 11.25 18.4775
60.0 2.5 -5.0 11.25 724501.8866
60.0 5.0 -5.0 11.25 744531029.6186999
60.0 -2.5 -2.5 11.25 -1.8097
60.0 0.0 -2.5 11.25 2.2439999999999998
60.0 2.5 -2.5 11.25 40109.294
60.0 5.0 -2.5 11.25 10000000002.2056
60.0 7.5 -2.5 11.25 8742693178.8456
60.0 -5.0 0.0 11.25 -9.7116
60.0 -2.5 0.0 11.25 -18.0933
60.0 0.0 0.0 11.25 231.30939999999998
60.0 2.5 0.0 11.25 9999999971.920101
60.0 5.0 0.0 11.25 9999999915.257502
60.0 -5.0 2.5 11.25 -19.764599999999998
60.0 -2.5 2.5 11.25 -35.7829
60.0 0.0 2.5 11.25 131.0862
60.0 2.5 2.5 11.25 18957.4702
60.0 5.0 2.5 11.25 2721698.924
60.0 -2.5 5.0 11.25 -57.479099999999995
60.0 0.0 5.0 11.25 114.6729
60.0 2.5 5.0 11.25 4251098232.9014
60.0 5.0 5.0 11.25 1728523748.8365
60.0 7.5 5.0 11.25 10000000050.835701
60.0 -2.5 -10.0 12.5 1.6771
60.0 0.0 -10.0 12.5 0.27230000000000004
60.0 2.5 -10.0 12.5 -5.0568
60.0 5.0 -10.0 12.5 -6.3662
60.0 7.5 -10.0 12.5 740.8212000000001
60.0 10.0 -10.0 12.5 351.93449999999996
60.0 0.0 -7.5 12.5 4.7753000000000005
60.0 2.5 -7.5 12.5 -2.0416
60.0 5.0 -7.5 12.5 23064.314000000002
60.0 7.5 -7.5 12.5 2934.9634
60.0 10.0 -7.5 12.5 1358.8906
60.0 -2.5 -5.0 12.5 3.3131
60.0 0.0 -5.0 12.5 11.169400000000001
60.0 2.5 -5.0 12.5 44.306799999999996
60.0 5.0 -5.0 12.5 355231.6597
60.0 7.5 -5.0 12.5 991.9805
60.0 -5.0 -2.5 12.5 -1.5996
60.0 -2.5 -2.5 12.5 -0.32709999999999995
60.0 0.0 -2.5 12.5 5.224400000000001
60.0 2.5 -2.5 12.5 815.5894
60.0 5.0 -2.5 12.5 2990161.6837999998
60.0 7.5 -2.5 12.5 9999999949.6509
60.0 -5.0 0.0 12.5 -7.609800000000001
60.0 -2.5 0.0 12.5 -11.0904
60.0 0.0 0.0 12.5 -12.8334
60.0 2.5 0.0 12.5 6062.4929999999995
60.0 5.0 0.0 12.5 59107383.385800004
60.0 -5.0 2.5 12.5 -15.5907
60.0 -2.5 2.5 12.5 -23.8049
60.0 0.0 2.5 12.5 -22.8176
60.0 2.5 2.5 12.5 589.8701
60.0 5.0 2.5 12.5 93010.0873
60.0 7.5 2.5 12.5 6285517677.1696
60.0 -5.0 5.0 12.5 -24.2768
60.0 -2.5 5.0 12.5 -38.231500000000004
60.0 0.0 5.0 12.5 -14.5011
60.0 2.5 5.0 12.5 31556947.0726
60.0 5.0 5.0 12.5 126030673.9842
60.0 7.5 5.0 12.5 9999999911.348501
60.0 10.0 5.0 12.5 10000000044.3647
60.0 -2.5 -10.0 13.75 0.626
60.0 0.0 -10.0 13.75 -0.7374
60.0 2.5 -10.0 13.75 -4.013
60.0 5.0 -10.0 13.75 -8.8752
60.0 7.5 -10.0 13.75 -8.0496
60.0 10.0 -10.0 13.75 -24.8768
60.0 0.0 -7.5 13.75 2.4966
60.0 2.5 -7.5 13.75 0.3171999999999999
60.0 5.0 -7.5 13.75 -2.9573
60.0 7.5 -7.5 13.75 -9.3328
60.0 10.0 -7.5 13.75 -24.552400000000002
60.0 -2.5 -5.0 13.75 1.7898
60.0 0.0 -5.0 13.75 7.259099999999999
60.0 2.5 -5.0 13.75 14.3738
60.0 5.0 -5.0 13.75 22.968700000000002
60.0 7.5 -5.0 13.75 4.136900000000001
60.0 10.0 -5.0 13.75 -6.5649
60.0 -5.0 -2.5 13.75 -1.1653
60.0 -2.5 -2.5 13.75 0.3698000000000001
60.0 0.0 -2.5 13.75 6.301500000000001
60.0 2.5 -2.5 13.75 16.5207
60.0 5.0 -2.5 13.75 1981.2988
60.0 7.5 -2.5 13.75 159887.3736
60.0 -5.0 0.0 13.75 -5.6855
60.0 -2.5 0.0 13.75 -5.6013
60.0 0.0 0.0 13.75 -3.3362000000000003
60.0 2.5 0.0 13.75 11.4801
60.0 5.0 0.0 13.75 4593.0434
60.0 -5.0 2.5 13.75 -11.3958
60.0 -2.5 2.5 13.75 -15.1913
60.0 0.0 2.5 13.75 -11.4062
60.0 2.5 2.5 13.75 7.453799999999999
60.0 5.0 2.5 13.75 2904.3327999999997
60.0 7.5 2.5 13.75 101811213.53920001
60.0 -5.0 5.0 13.75 -17.1759
60.0 -2.5 5.0 13.75 -23.5905
60.0 0.0 5.0 13.75 -17.0955
60.0 2.5 5.0 13.75 723.5852
60.0 5.0 5.0 13.75 6311.713199999999
60.0 7.5 5.0 13.75 10000000020.011002
60.0 10.0 5.0 13.75 326209669.74189997
60.0 -5.0 -10.0 15.0 1.0707
60.0 -2.5 -10.0 15.0 0.1541
60.0 0.0 -10.0 15.0 -1.4758
60.0 2.5 -10.0 15.0 -3.5987
60.0 5.0 -10.0 15.0 -6.9612
60.0 7.5 -10.0 15.0 -10.1997
60.0 10.0 -10.0 15.0 -18.4619
60.0 -5.0 -7.5 15.0 1.5812000000000002
60.0 -2.5 -7.5 15.0 1.1196
60.0 0.0 -7.5 15.0 1.2792999999999999
60.0 2.5 -7.5 15.0 0.43600000000000005
60.0 5.0 -7.5 15.0 -5.9463
60.0 7.5 -7.5 15.0 -10.421800000000001
60.0 10.0 -7.5 15.0 -18.4593
60.0 -5.0 -5.0 15.0 0.9923
60.0 -2.5 -5.0 15.0 1.3081
60.0 0.0 -5.0 15.0 4.2852
60.0 2.5 -5.0 15.0 9.1636
60.0 5.0 -5.0 15.0 8.072000000000001
60.0 7.5 -5.0 15.0 0.0625
60.0 10.0 -5.0 15.0 -6.4087
60.0 -5.0 -2.5 15.0 -0.6556
60.0 -2.5 -2.5 15.0 0.7265999999999999
60.0 0.0 -2.5 15.0 5.59
60.0 2.5 -2.5 15.0 14.5099
60.0 5.0 -2.5 15.0 25.3199
60.0 7.5 -2.5 15.0 31.821799999999996
60.0 10.0 -2.5 15.0 442.06910000000005
60.0 -5.0 0.0 15.0 -3.6103
60.0 -2.5 0.0 15.0 -2.3174
60.0 0.0 0.0 15.0 2.8272000000000004
60.0 2.5 0.0 15.0 10.9695
60.0 5.0 0.0 15.0 26.4464
60.0 7.5 0.0 15.0 21644.8533
60.0 -5.0 2.5 15.0 -7.706
60.0 -2.5 2.5 15.0 -8.1096
60.0 0.0 2.5 15.0 -2.8661000000000003
60.0 2.5 2.5 15.0 7.333000000000001
60.0 5.0 2.5 15.0 761.7666
60.0 7.5 2.5 15.0 11091904.2082
60.0 10.0 2.5 15.0 10000000110.435501
60.0 -5.0 5.0 15.0 -11.2524
60.0 -2.5 5.0 15.0 -12.952300000000001
60.0 0.0 5.0 15.0 -6.5756
60.0 2.5 5.0 15.0 3.2337000000000007
60.0 5.0 5.0 15.0 80722.4974
60.0 7.5 5.0 15.0 9999999960.2696
60.0 10.0 5.0 15.0 37529.23
60.0 -5.0 -10.0 16.25 0.7659
60.0 -2.5 -10.0 16.25 -0.1257
60.0 0.0 -10.0 16.25 -1.6458
60.0 2.5 -10.0 16.25 -2.9958
60.0 5.0 -10.0 16.25 -5.2999
60.0 7.5 -10.0 16.25 -8.153
60.0 10.0 -10.0 16.25 -11.8089
60.0 -5.0 -7.5 16.25 1.1893
60.0 -2.5 -7.5 16.25 0.7039
60.0 0.0 -7.5 16.25 0.2511
60.0 2.5 -7.5 16.25 0.1391
60.0 5.0 -7.5 16.25 -2.7201
60.0 7.5 -7.5 16.25 -6.6598
60.0 10.0 -7.5 16.25 -11.7287
60.0 -5.0 -5.0 16.25 0.7291
60.0 -2.5 -5.0 16.25 0.6915
60.0 0.0 -5.0 16.25 2.8819
60.0 2.5 -5.0 16.25 6.2341999999999995
60.0 5.0 -5.0 16.25 6.2524999999999995
60.0 7.5 -5.0 16.25 1.9512
60.0 10.0 -5.0 16.25 -3.2969
60.0 -5.0 -2.5 16.25 -0.42719999999999997
60.0 -2.5 -2.5 16.25 0.5435
60.0 0.0 -2.5 16.25 4.4906999999999995
60.0 2.5 -2.5 16.25 11.2346
60.0 5.0 -2.5 16.25 15.6095
60.0 7.5 -2.5 16.25 11.6539
60.0 10.0 -2.5 16.25 7.650600000000001
60.0 -5.0 0.0 16.25 -1.7736
60.0 -2.5 0.0 16.25 -0.5317000000000001
60.0 0.0 0.0 16.25 5.1843
60.0 2.5 0.0 16.25 12.59
60.0 5.0 0.0 16.25 18.742800000000003
60.0 7.5 0.0 16.25 29.0499
60.0 10.0 0.0 16.25 558.5122
60.0 -5.0 2.5 16.25 -4.1311
60.0 -2.5 2.5 16.25 -2.8461999999999996
60.0 0.0 2.5 16.25 2.7989
60.0 2.5 2.5 16.25 9.8933
60.0 5.0 2.5 16.25 90.0604
60.0 7.5 2.5 16.25 1985.8944
60.0 10.0 2.5 16.25 11605428.1713
60.0 -5.0 5.0 16.25 -6.3051
60.0 -2.5 5.0 16.25 -5.9234
60.0 0.0 5.0 16.25 0.66
60.0 2.5 5.0 16.25 8.4742
60.0 5.0 5.0 16.25 359.285
60.0 7.5 5.0 16.25 3594753.5706
60.0 10.0 5.0 16.25 23668.4784
120.0 -5.0 -10.0 3.75 -1.5455
120.0 -2.5 -10.0 3.75 -0.2826000000000001
120.0 0.0 -10.0 3.75 -1.839
120.0 2.5 -10.0 3.75 585.1552
120.0 5.0 -10.0 3.75 2849081554.6446
120.0 7.5 -10.0 3.75 6965068887.7923
120.0 10.0 -10.0 3.75 10000000090.3526
120.0 -5.0 -7.5 3.75 -2.903
120.0 -2.5 -7.5 3.75 2.2424
120.0 0.0 -7.5 3.75 2170.2446999999997
120.0 2.5 -7.5 3.75 8554473001.5748005
120.0 5.0 -7.5 3.75 10000000035.9102
120.0 7.5 -7.5 3.75 9999999938.817501
120.0 10.0 -7.5 3.75 10000000155.4811
120.0 -5.0 -5.0 3.75 -9.121
120.0 -2.5 -5.0 3.75 127.7627
120.0 0.0 -5.0 3.75 4046979.8744
120.0 2.5 -5.0 3.75 8705456005.370201
120.0 5.0 -5.0 3.75 9999999928.3169
120.0 7.5 -5.0 3.75 3090055116.7141
120.0 10.0 -5.0 3.75 9999999950.6172
120.0 -5.0 -2.5 3.75 45210.8573
120.0 -2.5 -2.5 3.75 924372.159
120.0 0.0 -2.5 3.75 3050617602.1178
120.0 2.5 -2.5 3.75 10000000049.423101
120.0 5.0 -2.5 3.75 1954011235.6287
120.0 7.5 -2.5 3.75 9999999955.0948
120.0 10.0 -2.5 3.75 1054749294.043
120.0 -5.0 0.0 3.75 1689459423.4506
120.0 -2.5 0.0 3.75 37732849.5524
120.0 0.0 0.0 3.75 10000000073.349201
120.0 2.5 0.0 3.75 10000000169.3838
120.0 5.0 0.0 3.75 10000000182.1165
120.0 7.5 0.0 3.75 10000000196.245201
120.0 10.0 0.0 3.75 10000000023.6839
120.0 -5.0 2.5 3.75 22494.5455
120.0 -2.5 2.5 3.75 88750.8612
120.0 0.0 2.5 3.75 10000000116.104801
120.0 2.5 2.5 3.75 44517683.6135
120.0 5.0 2.5 3.75 10000000159.031801
120.0 7.5 2.5 3.75 10000000252.0102
120.0 10.0 2.5 3.75 10000000028.256601
120.0 -5.0 5.0 3.75 72.50039999999998
120.0 -2.5 5.0 3.75 1593609921.0634
120.0 0.0 5.0 3.75 10000000109.558
120.0 2.5 5.0 3.75 10000000251.306002
120.0 5.0 5.0 3.75 9999999986.134901
120.0 7.5 5.0 3.75 10000000146.079102
120.0 10.0 5.0 3.75 9999999889.0277
120.0 -2.5 5.0 5.0 9999999989.3022
120.0 -2.5 2.5 6.25 41258135.125599995
120.0 -2.5 5.0 6.25 73373241.0473
120.0 2.5 -7.5 7.5 -0.4714999999999998
120.0 0.0 -5.0 7.5 21427137.2918
120.0 -2.5 0.0 7.5 8661.6567
120.0 -2.5 2.5 7.5 527243.3652
120.0 0.0 2.5 7.5 10000000060.2996
120.0 -2.5 5.0 7.5 12514638.5317
120.0 0.0 5.0 7.5 69554930.707
120.0 2.5 -7.5 8.75 -4.6605
120.0 5.0 -7.5 8.75 -12.1017
120.0 0.0 -5.0 8.75 30543.1013
120.0 0.0 0.0 8.75 1953941551.8468
120.0 -2.5 2.5 8.75 68560848.58440001
120.0 0.0 2.5 8.75 10000000212.6972
120.0 -5.0 5.0 8.75 14.2609
120.0 -2.5 5.0 8.75 1028494722.4582001
120.0 0.0 5.0 8.75 207556617.0694
120.0 2.5 5.0 8.75 10000000159.8794
120.0 2.5 -10.0 10.0 1.5771000000000002
120.0 2.5 -7.5 10.0 -4.6132
120.0 5.0 -7.5 10.0 -8.171700000000001
120.0 7.5 -7.5 10.0 -11.0107
120.0 -2.5 -5.0 10.0 -7.9254
120.0 0.0 -5.0 10.0 205.0489
120.0 2.5 -5.0 10.0 3.0289
120.0 0.0 -2.5 10.0 255.4289
120.0 0.0 0.0 10.0 169498995.4591
120.0 2.5 0.0 10.0 10000000025.230501
120.0 -5.0 2.5 10.0 14.106900000000001
120.0 -2.5 2.5 10.0 3183840.8632
120.0 0.0 2.5 10.0 37389501.7988
120.0 2.5 2.5 10.0 10000000016.2073
120.0 -5.0 5.0 10.0 13.3076
120.0 -2.5 5.0 10.0 178648.3623
120.0 0.0 5.0 10.0 285984132.8696
120.0 2.5 5.0 10.0 322724757.2016
120.0 5.0 5.0 10.0 528009009.94269997
120.0 2.5 -10.0 11.25 1.6545
120.0 5.0 -10.0 11.25 1.0034
120.0 10.0 -10.0 11.25 -0.30500000000000016
120.0 -2.5 -7.5 11.25 -3.3045999999999998
120.0 0.0 -7.5 11.25 -3.8721
120.0 2.5 -7.5 11.25 -4.2472
120.0 5.0 -7.5 11.25 -5.755599999999999
120.0 7.5 -7.5 11.25 -9.4617
120.0 -2.5 -5.0 11.25 -6.8835
120.0 0.0 -5.0 11.25 -13.440900000000001
120.0 2.5 -5.0 11.25 -13.1623
120.0 5.0 -5.0 11.25 -9.1838
120.0 7.5 -5.0 11.25 55.3981
120.0 0.0 -2.5 11.25 351.36109999999996
120.0 2.5 -2.5 11.25 76116.7322
120.0 -5.0 0.0 11.25 5.7825
120.0 -2.5 0.0 11.25 10.2494
120.0 0.0 0.0 11.25 21362468.802100003
120.0 2.5 0.0 11.25 378719812.632
120.0 -5.0 2.5 11.25 10.4173
120.0 -2.5 2.5 11.25 933.7135
120.0 0.0 2.5 11.25 264557835.0968
120.0 2.5 2.5 11.25 2268140946.5104
120.0 -5.0 5.0 11.25 13.0063
120.0 -2.5 5.0 11.25 10164.8661
120.0 0.0 5.0 11.25 330290419.5463
120.0 2.5 5.0 11.25 335282437.7455
120.0 5.0 5.0 11.25 9999999899.0298
120.0 7.5 5.0 11.25 9999999899.139
120.0 -5.0 -10.0 12.5 -0.953
120.0 -2.5 -10.0 12.5 -1.6866
120.0 0.0 -10.0 12.5 -0.6329
120.0 2.5 -10.0 12.5 1.24
120.0 5.0 -10.0 12.5 1.4058
120.0 7.5 -10.0 12.5 0.5768
120.0 10.0 -10.0 12.5 1.4543
120.0 -2.5 -7.5 12.5 -3.5273
120.0 0.0 -7.5 12.5 -3.6778
120.0 2.5 -7.5 12.5 -3.2220999999999997
120.0 5.0 -7.5 12.5 -4.5156
120.0 7.5 -7.5 12.5 -6.4855
120.0 10.0 -7.5 12.5 -1.9406999999999996
120.0 -2.5 -5.0 12.5 -5.2871
120.0 0.0 -5.0 12.5 -9.6617
120.0 2.5 -5.0 12.5 -10.0376
120.0 5.0 -5.0 12.5 -8.693200000000001
120.0 -5.0 -2.5 12.5 0.041200000000000014
120.0 -2.5 -2.5 12.5 -2.8629
120.0 0.0 -2.5 12.5 -6.0946
120.0 2.5 -2.5 12.5 3835.6167
120.0 5.0 -2.5 12.5 683327.9811
120.0 -5.0 0.0 12.5 3.3110999999999997
120.0 -2.5 0.0 12.5 4.274100000000001
120.0 0.0 0.0 12.5 46473.0841
120.0 2.5 0.0 12.5 489891.1049
120.0 5.0 0.0 12.5 2494898.0023
120.0 -5.0 2.5 12.5 7.4916
120.0 -2.5 2.5 12.5 40.7629
120.0 0.0 2.5 12.5 8888.3788
120.0 2.5 2.5 12.5 4584779.539
120.0 5.0 2.5 12.5 6068801188.0668
120.0 -5.0 5.0 12.5 12.2586
120.0 -2.5 5.0 12.5 88.4656
120.0 0.0 5.0 12.5 4707824.279
120.0 2.5 5.0 12.5 66959092.411400005
120.0 5.0 5.0 12.5 2403958746.1076
120.0 7.5 5.0 12.5 791294274.8241
120.0 -5.0 -10.0 13.75 -0.8871
120.0 -2.5 -10.0 13.75 -1.4274
120.0 0.0 -10.0 13.75 -0.6272
120.0 2.5 -10.0 13.75 1.3498999999999999
120.0 5.0 -10.0 13.75 1.6115
120.0 7.5 -10.0 13.75 1.46
120.0 10.0 -10.0 13.75 3.4717999999999996
120.0 -2.5 -7.5 13.75 -3.0647
120.0 0.0 -7.5 13.75 -2.936
120.0 2.5 -7.5 13.75 -2.0991
120.0 5.0 -7.5 13.75 -3.1254999999999997
120.0 7.5 -7.5 13.75 -3.9510000000000005
120.0 10.0 -7.5 13.75 2.6839000000000004
120.0 -2.5 -5.0 13.75 -4.4896
120.0 0.0 -5.0 13.75 -7.489199999999999
120.0 2.5 -5.0 13.75 -8.5897
120.0 5.0 -5.0 13.75 -9.596499999999999
120.0 7.5 -5.0 13.75 -20.386
120.0 10.0 -5.0 13.75 -10.068
120.0 -5.0 -2.5 13.75 -1.0946
120.0 -2.5 -2.5 13.75 -3.4046000000000003
120.0 0.0 -2.5 13.75 -9.3424
120.0 2.5 -2.5 13.75 0.7728000000000002
120.0 5.0 -2.5 13.75 18.953300000000002
120.0 -5.0 0.0 13.75 1.6185999999999998
120.0 -2.5 0.0 13.75 1.384
120.0 0.0 0.0 13.75 59.3059
120.0 2.5 0.0 13.75 181.2868
120.0 5.0 0.0 13.75 3228.6709
120.0 -5.0 2.5 13.75 5.0394000000000005
120.0 -2.5 2.5 13.75 11.9104
120.0 0.0 2.5 13.75 21.9876
120.0 2.5 2.5 13.75 274.2598
120.0 5.0 2.5 13.75 2871767.9841
120.0 -5.0 5.0 13.75 9.4047
120.0 -2.5 5.0 13.75 23.8818
120.0 0.0 5.0 13.75 362.33340000000004
120.0 2.5 5.0 13.75 340129.103
120.0 5.0 5.0 13.75 37884.9471
120.0 7.5 5.0 13.75 5194258005.2578
120.0 -5.0 -10.0 15.0 -0.5705
120.0 -2.5 -10.0 15.0 -1.2364
120.0 0.0 -10.0 15.0 -0.7246
120.0 2.5 -10.0 15.0 1.0099
120.0 5.0 -10.0 15.0 1.7849
120.0 7.5 -10.0 15.0 2.0964
120.0 10.0 -10.0 15.0 3.3948
120.0 -5.0 -7.5 15.0 -1.242
120.0 -2.5 -7.5 15.0 -2.2840000000000003
120.0 0.0 -7.5 15.0 -2.1878
120.0 2.5 -7.5 15.0 -1.0635
120.0 5.0 -7.5 15.0 -1.3473
120.0 7.5 -7.5 15.0 -2.032
120.0 10.0 -7.5 15.0 2.605
120.0 -5.0 -5.0 15.0 -1.8461
120.0 -2.5 -5.0 15.0 -3.5279999999999996
120.0 0.0 -5.0 15.0 -5.2913
120.0 2.5 -5.0 15.0 -6.7774
120.0 5.0 -5.0 15.0 -8.3999
120.0 7.5 -5.0 15.0 -12.6196
120.0 10.0 -5.0 15.0 -6.3606
120.0 -5.0 -2.5 15.0 -1.3084
120.0 -2.5 -2.5 15.0 -3.1926
120.0 0.0 -2.5 15.0 -7.0203
120.0 2.5 -2.5 15.0 -13.7609
120.0 5.0 -2.5 15.0 -16.3084
120.0 7.5 -2.5 15.0 -26.397100000000002
120.0 10.0 -2.5 15.0 -19.0
120.0 -5.0 0.0 15.0 0.7544000000000001
120.0 -2.5 0.0 15.0 0.2259
120.0 0.0 0.0 15.0 -0.44840000000000035
120.0 2.5 0.0 15.0 -7.8681
120.0 5.0 0.0 15.0 386.02430000000004
120.0 10.0 0.0 15.0 1955987.8435
120.0 -5.0 2.5 15.0 3.3273
120.0 -2.5 2.5 15.0 8.1401
120.0 0.0 2.5 15.0 14.115299999999998
120.0 2.5 2.5 15.0 27.8017
120.0 5.0 2.5 15.0 277500891.9229
120.0 7.5 2.5 15.0 10000000074.928001
120.0 -5.0 5.0 15.0 6.8392
120.0 -2.5 5.0 15.0 17.363400000000002
120.0 0.0 5.0 15.0 27.6603
120.0 2.5 5.0 15.0 67.3219
120.0 5.0 5.0 15.0 66870962.4556
120.0 7.5 5.0 15.0 37870691.660299994
120.0 10.0 5.0 15.0 26525027.778
120.0 -5.0 -10.0 16.25 -0.35340000000000005
120.0 -2.5 -10.0 16.25 -0.5884
120.0 0.0 -10.0 16.25 -0.4162
120.0 2.5 -10.0 16.25 0.8315
120.0 5.0 -10.0 16.25 1.8228
120.0 7.5 -10.0 16.25 1.8301
120.0 10.0 -10.0 16.25 3.5054999999999996
120.0 -5.0 -7.5 16.25 -0.7689
120.0 -2.5 -7.5 16.25 -1.3908
120.0 0.0 -7.5 16.25 -1.0887
120.0 2.5 -7.5 16.25 -0.1355
120.0 5.0 -7.5 16.25 -0.31620000000000004
120.0 7.5 -7.5 16.25 -0.6443
120.0 10.0 -7.5 16.25 2.1649000000000003
120.0 -5.0 -5.0 16.25 -1.084
120.0 -2.5 -5.0 16.25 -2.3578
120.0 0.0 -5.0 16.25 -2.9532
120.0 2.5 -5.0 16.25 -3.8175
120.0 5.0 -5.0 16.25 -6.1219
120.0 7.5 -5.0 16.25 -7.9116
120.0 10.0 -5.0 16.25 -2.9333
120.0 -5.0 -2.5 16.25 -1.0526
120.0 -2.5 -2.5 16.25 -2.3792999999999997
120.0 0.0 -2.5 16.25 -3.9417
120.0 2.5 -2.5 16.25 -6.6441
120.0 5.0 -2.5 16.25 -9.6831
120.0 7.5 -2.5 16.25 -14.183
120.0 10.0 -2.5 16.25 -8.109
120.0 -5.0 0.0 16.25 0.4285
120.0 -2.5 0.0 16.25 -0.4132
120.0 0.0 0.0 16.25 1.2188
120.0 2.5 0.0 16.25 -1.2878999999999998
120.0 5.0 0.0 16.25 6.059900000000001
120.0 7.5 0.0 16.25 623.0361
120.0 10.0 0.0 16.25 241.5135
120.0 -5.0 2.5 16.25 2.1257
120.0 -2.5 2.5 16.25 4.7157
120.0 0.0 2.5 16.25 10.511700000000001
120.0 2.5 2.5 16.25 13.2055
120.0 5.0 2.5 16.25 30192.664699999998
120.0 7.5 2.5 16.25 9999999968.2597
120.0 10.0 2.5 16.25 841578.2646
120.0 -5.0 5.0 16.25 4.198
120.0 -2.5 5.0 16.25 12.011899999999999
120.0 0.0 5.0 16.25 18.7449
120.0 2.5 5.0 16.25 18.4239
120.0 5.0 5.0 16.25 4191.4473
120.0 7.5 5.0 16.25 190203998.8369
120.0 10.0 5.0 16.25 59651.6357
180.0 -5.0 -10.0 3.75 -0.6161000000000001
180.0 -2.5 -10.0 3.75 1531.2772
180.0 0.0 -10.0 3.75 30551.397200000003
180.0 2.5 -10.0 3.75 78316.35519999999
180.0 5.0 -10.0 3.75 1105035.047
180.0 7.5 -10.0 3.75 19359678.9034
180.0 10.0 -10.0 3.75 396319245.6664
180.0 -5.0 -7.5 3.75 52.2622
180.0 -2.5 -7.5 3.75 24903972.3382
180.0 0.0 -7.5 3.75 9999999947.4197
180.0 2.5 -7.5 3.75 6125513509.0128
180.0 5.0 -7.5 3.75 1540560165.791
180.0 7.5 -7.5 3.75 10000000203.1739
180.0 10.0 -7.5 3.75 1655523145.5667
180.0 -5.0 -5.0 3.75 1.2536
180.0 -2.5 -5.0 3.75 -3.1558
180.0 0.0 -5.0 3.75 6455.5572
180.0 2.5 -5.0 3.75 10000000224.4573
180.0 5.0 -5.0 3.75 1058185580.7069
180.0 7.5 -5.0 3.75 10000000148.163
180.0 10.0 -5.0 3.75 9999999973.2045
180.0 -5.0 -2.5 3.75 7.0283999999999995
180.0 -2.5 -2.5 3.75 11.1631
180.0 0.0 -2.5 3.75 1806279.6107
180.0 2.5 -2.5 3.75 7441969470.2019005
180.0 5.0 -2.5 3.75 9999999947.8339
180.0 7.5 -2.5 3.75 10000000054.9734
180.0 10.0 -2.5 3.75 9999999849.1664
180.0 -5.0 0.0 3.75 15.168600000000001
180.0 -2.5 0.0 3.75 7556.6326
180.0 0.0 0.0 3.75 100971903.02219999
180.0 2.5 0.0 3.75 10000000030.9845
180.0 5.0 0.0 3.75 10000000114.655401
180.0 7.5 0.0 3.75 9999999807.998201
180.0 10.0 0.0 3.75 10000000067.9929
180.0 -5.0 2.5 3.75 27840461.3968
180.0 -2.5 2.5 3.75 64023205.421
180.0 0.0 2.5 3.75 10000000041.081701
180.0 2.5 2.5 3.75 10000000003.6487
180.0 5.0 2.5 3.75 9999999997.883902
180.0 7.5 2.5 3.75 9999999918.014
180.0 10.0 2.5 3.75 9999999891.6294
180.0 -5.0 5.0 3.75 10000000074.573502
180.0 -2.5 5.0 3.75 9999999954.672602
180.0 0.0 5.0 3.75 9999999966.3822
180.0 2.5 5.0 3.75 9999999764.605701
180.0 5.0 5.0 3.75 9999999591.929
180.0 7.5 5.0 3.75 8681547459.6696
180.0 10.0 5.0 3.75 10000000001.6042
180.0 -2.5 -2.5 7.5 282.42560000000003
180.0 0.0 2.5 7.5 134685573.4987
180.0 0.0 5.0 7.5 102782854.3811
180.0 -5.0 -2.5 8.75 15.9912
180.0 -2.5 -2.5 8.75 10731.945
180.0 2.5 -2.5 8.75 10000000099.7754
180.0 -5.0 0.0 8.75 22.183
180.0 0.0 0.0 8.75 564195619.4697
180.0 0.0 2.5 8.75 5091659.8289
180.0 0.0 -10.0 10.0 12.0825
180.0 2.5 -10.0 10.0 16.7832
180.0 0.0 -7.5 10.0 22.4454
180.0 2.5 -7.5 10.0 571.7491
180.0 5.0 -7.5 10.0 4502.456700000001
180.0 -2.5 -5.0 10.0 19.1633
180.0 0.0 -5.0 10.0 2010.6824000000001
180.0 2.5 -5.0 10.0 196551210.1413
180.0 5.0 -5.0 10.0 10000000043.1376
180.0 -5.0 -2.5 10.0 12.347100000000001
180.0 -2.5 -2.5 10.0 376.0569
180.0 0.0 -2.5 10.0 38838.853500000005
180.0 2.5 -2.5 10.0 9999999947.873701
180.0 -5.0 0.0 10.0 8.7207
180.0 -2.5 0.0 10.0 601.3609
180.0 0.0 0.0 10.0 298796.99059999996
180.0 -5.0 2.5 10.0 -6.1943
180.0 0.0 2.5 10.0 4765.1511
180.0 2.5 2.5 10.0 68946559.78029999
180.0 0.0 5.0 10.0 66750931.9973
180.0 2.5 5.0 10.0 608841771.3910999
180.0 0.0 -10.0 11.25 8.824399999999999
180.0 2.5 -10.0 11.25 12.741299999999999
180.0 5.0 -10.0 11.25 17.8609
180.0 0.0 -7.5 11.25 16.5303
180.0 2.5 -7.5 11.25 22.2909
180.0 5.0 -7.5 11.25 252072.5728
180.0 7.5 -7.5 11.25 775324.6780000001
180.0 -2.5 -5.0 11.25 14.735899999999999
180.0 0.0 -5.0 11.25 37.155300000000004
180.0 2.5 -5.0 11.25 256919.7421
180.0 5.0 -5.0 11.25 302255394.7472
180.0 -5.0 -2.5 11.25 8.6561
180.0 -2.5 -2.5 11.25 6.444700000000001
180.0 0.0 -2.5 11.25 113225.4963
180.0 2.5 -2.5 11.25 3447910945.5426
180.0 -5.0 0.0 11.25 4.0858
180.0 -2.5 0.0 11.25 -10.6327
180.0 0.0 0.0 11.25 289754.5893
180.0 -5.0 2.5 11.25 -8.7855
180.0 -2.5 2.5 11.25 -29.5046
180.0 0.0 2.5 11.25 162748.8437
180.0 2.5 2.5 11.25 11356856.838
180.0 -5.0 5.0 11.25 -26.1647
180.0 0.0 5.0 11.25 8761196.0636
180.0 2.5 5.0 11.25 10000000002.3717
180.0 -5.0 -10.0 12.5 2.9726
180.0 -2.5 -10.0 12.5 3.6763
180.0 0.0 -10.0 12.5 5.538
180.0 2.5 -10.0 12.5 9.8131
180.0 5.0 -10.0 12.5 14.639299999999999
180.0 7.5 -10.0 12.5 17.3309
180.0 10.0 -10.0 12.5 16.4042
180.0 -2.5 -7.5 12.5 7.5605
180.0 0.0 -7.5 12.5 12.6361
180.0 2.5 -7.5 12.5 16.5746
180.0 5.0 -7.5 12.5 64.49340000000001
180.0 7.5 -7.5 12.5 84.8168
180.0 -5.0 -5.0 12.5 5.4892
180.0 -2.5 -5.0 12.5 10.2444
180.0 0.0 -5.0 12.5 18.8359
180.0 2.5 -5.0 12.5 422.2259
180.0 5.0 -5.0 12.5 4883061.0874
180.0 -5.0 -2.5 12.5 5.7786
180.0 -2.5 -2.5 12.5 5.3491
180.0 0.0 -2.5 12.5 743.1509
180.0 2.5 -2.5 12.5 389590.4832
180.0 5.0 -2.5 12.5 35768314.199700005
180.0 -5.0 0.0 12.5 1.7709000000000001
180.0 -2.5 0.0 12.5 -6.2721
180.0 0.0 0.0 12.5 46118.3629
180.0 2.5 0.0 12.5 29381991.0988
180.0 -5.0 2.5 12.5 -8.6124
180.0 -2.5 2.5 12.5 -20.8756
180.0 0.0 2.5 12.5 485.8368
180.0 2.5 2.5 12.5 26128309.493499998
180.0 -5.0 5.0 12.5 -20.7757
180.0 -2.5 5.0 12.5 -36.9861
180.0 0.0 5.0 12.5 1054.0891
180.0 2.5 5.0 12.5 7141886052.9181
180.0 5.0 5.0 12.5 10000000317.0125
180.0 7.5 5.0 12.5 10000000133.218401
180.0 10.0 5.0 12.5 10000000095.353
180.0 -5.0 -10.0 13.75 2.2547
180.0 -2.5 -10.0 13.75 2.4331
180.0 0.0 -10.0 13.75 2.7988
180.0 2.5 -10.0 13.75 6.0818
180.0 5.0 -10.0 13.75 10.7511
180.0 7.5 -10.0 13.75 14.5613
180.0 10.0 -10.0 13.75 14.238500000000002
180.0 -5.0 -7.5 13.75 3.5218000000000003
180.0 -2.5 -7.5 13.75 4.9084
180.0 0.0 -7.5 13.75 7.761299999999999
180.0 2.5 -7.5 13.75 13.3122
180.0 5.0 -7.5 13.75 17.821
180.0 7.5 -7.5 13.75 21.305500000000002
180.0 10.0 -7.5 13.75 21.715600000000002
180.0 -5.0 -5.0 13.75 3.9495
180.0 -2.5 -5.0 13.75 6.775
180.0 0.0 -5.0 13.75 12.0298
180.0 2.5 -5.0 13.75 19.326600000000003
180.0 5.0 -5.0 13.75 256.1594
180.0 -5.0 -2.5 13.75 3.6191
180.0 -2.5 -2.5 13.75 4.5104
180.0 0.0 -2.5 13.75 18.404600000000002
180.0 2.5 -2.5 13.75 598.1705
180.0 5.0 -2.5 13.75 300.1104
180.0 -5.0 0.0 13.75 0.6961999999999999
180.0 -2.5 0.0 13.75 -1.3555000000000001
180.0 0.0 0.0 13.75 66.3137
180.0 2.5 0.0 13.75 40786.8016
180.0 -5.0 2.5 13.75 -6.8770999999999995
180.0 -2.5 2.5 13.75 -11.8062
180.0 0.0 2.5 13.75 12.189499999999999
180.0 2.5 2.5 13.75 57368.737400000005
180.0 5.0 2.5 13.75 3072752.2599
180.0 -5.0 5.0 13.75 -15.1792
180.0 -2.5 5.0 13.75 -22.6624
180.0 0.0 5.0 13.75 10.8615
180.0 2.5 5.0 13.75 726419.5255
180.0 5.0 5.0 13.75 2694637.9494
180.0 7.5 5.0 13.75 368510498.28529996
180.0 10.0 5.0 13.75 102991.7047
180.0 -5.0 -10.0 15.0 1.359
180.0 -2.5 -10.0 15.0 1.4669999999999999
180.0 0.0 -10.0 15.0 1.0949
180.0 2.5 -10.0 15.0 2.4758999999999998
180.0 5.0 -10.0 15.0 7.3404
180.0 7.5 -10.0 15.0 11.3553
180.0 10.0 -10.0 15.0 11.4579
180.0 -5.0 -7.5 15.0 2.4288
180.0 -2.5 -7.5 15.0 3.2712
180.0 0.0 -7.5 15.0 4.3068
180.0 2.5 -7.5 15.0 8.6123
180.0 5.0 -7.5 15.0 13.1
180.0 7.5 -7.5 15.0 14.8843
180.0 10.0 -7.5 15.0 13.3872
180.0 -5.0 -5.0 15.0 2.4635000000000002
180.0 -2.5 -5.0 15.0 4.330299999999999
180.0 0.0 -5.0 15.0 7.4599
180.0 2.5 -5.0 15.0 12.7836
180.0 5.0 -5.0 15.0 16.0522
180.0 7.5 -5.0 15.0 13.4439
180.0 10.0 -5.0 15.0 12.384
180.0 -5.0 -2.5 15.0 2.3114999999999997
180.0 -2.5 -2.5 15.0 4.0624
180.0 0.0 -2.5 15.0 8.4591
180.0 2.5 -2.5 15.0 18.6177
180.0 5.0 -2.5 15.0 25.585
180.0 10.0 -2.5 15.0 17374.1832
180.0 -5.0 0.0 15.0 0.6748999999999999
180.0 -2.5 0.0 15.0 1.3044000000000002
180.0 0.0 0.0 15.0 12.6843
180.0 2.5 0.0 15.0 34.080600000000004
180.0 5.0 0.0 15.0 37371.602699999996
180.0 -5.0 2.5 15.0 -4.2517000000000005
180.0 -2.5 2.5 15.0 -5.6949
180.0 0.0 2.5 15.0 2.7359999999999998
180.0 2.5 2.5 15.0 67.4688
180.0 5.0 2.5 15.0 873199284.2965
180.0 7.5 2.5 15.0 10000000077.1672
180.0 -5.0 5.0 15.0 -9.8122
180.0 -2.5 5.0 15.0 -12.8559
180.0 0.0 5.0 15.0 -3.3082000000000003
180.0 2.5 5.0 15.0 726.9754
180.0 5.0 5.0 15.0 3421387.9302999997
180.0 7.5 5.0 15.0 27868.3697
180.0 10.0 5.0 15.0 49509806.7949
180.0 -5.0 -10.0 16.25 0.6616000000000001
180.0 -2.5 -10.0 16.25 0.6666
180.0 0.0 -10.0 16.25 0.2467
180.0 2.5 -10.0 16.25 0.8246
180.0 5.0 -10.0 16.25 4.5949
180.0 7.5 -10.0 16.25 7.6856
180.0 10.0 -10.0 16.25 8.4811
180.0 -5.0 -7.5 16.25 1.356
180.0 -2.5 -7.5 16.25 2.0284999999999997
180.0 0.0 -7.5 16.25 2.3493999999999997
180.0 2.5 -7.5 16.25 4.481
180.0 5.0 -7.5 16.25 9.1444
180.0 7.5 -7.5 16.25 11.0793
180.0 10.0 -7.5 16.25 8.8659
180.0 -5.0 -5.0 16.25 1.7803
180.0 -2.5 -5.0 16.25 2.8082
180.0 0.0 -5.0 16.25 4.0091
180.0 2.5 -5.0 16.25 8.018699999999999
180.0 5.0 -5.0 16.25 12.2201
180.0 7.5 -5.0 16.25 12.074200000000001
180.0 10.0 -5.0 16.25 9.917499999999999
180.0 -5.0 -2.5 16.25 1.5836999999999999
180.0 -2.5 -2.5 16.25 3.1925999999999997
180.0 0.0 -2.5 16.25 6.2859
180.0 2.5 -2.5 16.25 11.9873
180.0 5.0 -2.5 16.25 17.871000000000002
180.0 7.5 -2.5 16.25 69.11240000000001
180.0 10.0 -2.5 16.25 30.8795
180.0 -5.0 0.0 16.25 1.2064
180.0 -2.5 0.0 16.25 2.5791999999999997
180.0 0.0 0.0 16.25 8.529
180.0 2.5 0.0 16.25 16.6327
180.0 5.0 0.0 16.25 1420.0016
180.0 7.5 0.0 16.25 4465464273.9817
180.0 -5.0 2.5 16.25 -1.2141000000000002
180.0 -2.5 2.5 16.25 -0.8406
180.0 0.0 2.5 16.25 6.9211
180.0 2.5 2.5 16.25 24.8617
180.0 5.0 2.5 16.25 261635.544
180.0 7.5 2.5 16.25 96156.1081
180.0 -5.0 5.0 16.25 -4.4702
180.0 -2.5 5.0 16.25 -5.6634
180.0 0.0 5.0 16.25 4.1741
180.0 2.5 5.0 16.25 78.1589
180.0 5.0 5.0 16.25 2345464.3738
180.0 7.5 5.0 16.25 37293.4443
180.0 10.0 5.0 16.25 7574810.5784
240.0 -5.0 -10.0 3.75 3.7691000000000003
240.0 -2.5 -10.0 3.75 4.993499999999999
240.0 0.0 -10.0 3.75 30.9104
240.0 2.5 -10.0 3.75 747101.3197
240.0 5.0 -10.0 3.75 9999999962.1016
240.0 7.5 -10.0 3.75 6423969240.8509
240.0 10.0 -10.0 3.75 10000000163.2807
240.0 -5.0 -7.5 3.75 4.058400000000001
240.0 -2.5 -7.5 3.75 169.18619999999999
240.0 0.0 -7.5 3.75 12512.7909
240.0 2.5 -7.5 3.75 2356833898.4265003
240.0 5.0 -7.5 3.75 79828831.9898
240.0 7.5 -7.5 3.75 9999999946.981401
240.0 10.0 -7.5 3.75 10000000024.1522
240.0 -5.0 -5.0 3.75 893.7782000000001
240.0 -2.5 -5.0 3.75 9999999975.8801
240.0 0.0 -5.0 3.75 173470234.2274
240.0 2.5 -5.0 3.75 10000000013.3367
240.0 5.0 -5.0 3.75 4565223629.277699
240.0 7.5 -5.0 3.75 10000000034.481401
240.0 10.0 -5.0 3.75 9999999981.5494
240.0 -5.0 -2.5 3.75 222.6736
240.0 -2.5 -2.5 3.75 4355.6509
240.0 0.0 -2.5 3.75 9999999749.2605
240.0 2.5 -2.5 3.75 1154369969.3372
240.0 5.0 -2.5 3.75 9999999861.2583
240.0 7.5 -2.5 3.75 8608117016.5617
240.0 10.0 -2.5 3.75 8248937468.3855
240.0 -5.0 0.0 3.75 27.0839
240.0 -2.5 0.0 3.75 129767.89039999999
240.0 0.0 0.0 3.75 650018816.3267
240.0 2.5 0.0 3.75 1175406784.1474001
240.0 5.0 0.0 3.75 2809559125.6613
240.0 7.5 0.0 3.75 10000000113.668201
240.0 10.0 0.0 3.75 9999999927.365702
240.0 -5.0 2.5 3.75 58.461
240.0 -2.5 2.5 3.75 6059046.9357
240.0 0.0 2.5 3.75 9999999996.7322
240.0 2.5 2.5 3.75 10000000030.237701
240.0 5.0 2.5 3.75 9999999893.3227
240.0 7.5 2.5 3.75 9999999811.6448
240.0 10.0 2.5 3.75 9999999965.784601
240.0 -5.0 5.0 3.75 5341.3196
240.0 -2.5 5.0 3.75 10000000078.193
240.0 0.0 5.0 3.75 11820249.627700001
240.0 2.5 5.0 3.75 9999999962.270802
240.0 5.0 5.0 3.75 10000000007.4983
240.0 7.5 5.0 3.75 9999999959.173801
240.0 10.0 5.0 3.75 9999999937.8568
240.0 0.0 0.0 5.0 66680383.0763
240.0 -2.5 2.5 5.0 658451.0039
240.0 -2.5 5.0 5.0 203625906.9211
240.0 0.0 0.0 6.25 5462867781.5649
240.0 -2.5 2.5 6.25 14902648.5024
240.0 0.0 2.5 6.25 7758160.4234
240.0 -5.0 5.0 6.25 107.37400000000001
240.0 -2.5 5.0 6.25 6774180.8478
240.0 2.5 -10.0 7.5 9.158
240.0 -2.5 -7.5 7.5 85.5761
240.0 0.0 -5.0 7.5 10000000009.6671
240.0 0.0 0.0 7.5 864168.615
240.0 -2.5 2.5 7.5 10000000004.1515
240.0 0.0 2.5 7.5 9999999984.7856
240.0 -5.0 5.0 7.5 49.6285
240.0 -2.5 5.0 7.5 51684.6292
240.0 0.0 5.0 7.5 152599113.30130002
240.0 0.0 -10.0 8.75 7.4912
240.0 2.5 -10.0 8.75 11.1001
240.0 5.0 -10.0 8.75 19.4572
240.0 -2.5 -7.5 8.75 8.0375
240.0 0.0 -7.5 8.75 86.893
240.0 2.5 -7.5 8.75 476.4274
240.0 -2.5 -5.0 8.75 30458.6915
240.0 0.0 -5.0 8.75 3152489903.7847
240.0 0.0 -2.5 8.75 6072091.0427
240.0 2.5 -2.5 8.75 10000000028.115702
240.0 -2.5 0.0 8.75 18.8074
240.0 0.0 0.0 8.75 140442.2745
240.0 -2.5 2.5 8.75 561465792.4371
240.0 0.0 2.5 8.75 159063077.76430002
240.0 2.5 2.5 8.75 9999999948.3397
240.0 -5.0 5.0 8.75 122.4117
240.0 -2.5 5.0 8.75 17969554.326300003
240.0 0.0 5.0 8.75 5547908.218099999
240.0 0.0 -10.0 10.0 6.3697
240.0 2.5 -10.0 10.0 10.5471
240.0 5.0 -10.0 10.0 18.3655
240.0 -2.5 -7.5 10.0 3.1243
240.0 0.0 -7.5 10.0 9.458300000000001
240.0 2.5 -7.5 10.0 21.9857
240.0 -2.5 -5.0 10.0 33.015299999999996
240.0 0.0 -5.0 10.0 1519.4184
240.0 -5.0 -2.5 10.0 3.2401000000000004
240.0 -2.5 -2.5 10.0 3.6586
240.0 0.0 -2.5 10.0 500672788.2385
240.0 2.5 -2.5 10.0 961491177.6206
240.0 -2.5 0.0 10.0 1.2536999999999994
240.0 0.0 0.0 10.0 2136620.5187999997
240.0 2.5 0.0 10.0 57799.5294
240.0 -5.0 2.5 10.0 5.0718
240.0 -2.5 2.5 10.0 16398.4253
240.0 0.0 2.5 10.0 327072598.3309
240.0 2.5 2.5 10.0 10000000005.444302
240.0 -5.0 5.0 10.0 13.5093
240.0 -2.5 5.0 10.0 114350135.0159
240.0 0.0 5.0 10.0 2914564.8591
240.0 2.5 5.0 10.0 9999999989.3756
240.0 7.5 5.0 10.0 10000000045.9708
240.0 -2.5 -10.0 11.25 2.0065
240.0 0.0 -10.0 11.25 5.0865
240.0 2.5 -10.0 11.25 9.5333
240.0 5.0 -10.0 11.25 16.447300000000002
240.0 7.5 -10.0 11.25 28.2059
240.0 10.0 -10.0 11.25 367.9599
240.0 -5.0 -7.5 11.25 1.7603000000000002
240.0 -2.5 -7.5 11.25 2.3361
240.0 0.0 -7.5 11.25 3.4534
240.0 2.5 -7.5 11.25 2.4054
240.0 -2.5 -5.0 11.25 -1.6254
240.0 0.0 -5.0 11.25 7.5446
240.0 2.5 -5.0 11.25 15236.0356
240.0 -5.0 -2.5 11.25 1.2457
240.0 -2.5 -2.5 11.25 -7.436
240.0 0.0 -2.5 11.25 747300177.2147
240.0 2.5 -2.5 11.25 2096768628.1426
240.0 -5.0 0.0 11.25 1.0272000000000001
240.0 -2.5 0.0 11.25 -3.657000000000001
240.0 0.0 0.0 11.25 69396522.1918
240.0 2.5 0.0 11.25 297885.40369999997
240.0 -2.5 2.5 11.25 248.17690000000002
240.0 0.0 2.5 11.25 272497.87179999996
240.0 2.5 2.5 11.25 51966314.0249
240.0 5.0 2.5 11.25 8011033.4619
240.0 7.5 2.5 11.25 9999999918.4584
240.0 -5.0 5.0 11.25 9.6143
240.0 -2.5 5.0 11.25 5610294.8183
240.0 0.0 5.0 11.25 10000000166.3348
240.0 2.5 5.0 11.25 10000000005.3791
240.0 7.5 5.0 11.25 67584293.66720001
240.0 -2.5 -10.0 12.5 1.5143
240.0 0.0 -10.0 12.5 4.1504
240.0 2.5 -10.0 12.5 8.0562
240.0 5.0 -10.0 12.5 13.421800000000001
240.0 7.5 -10.0 12.5 23.822499999999998
240.0 10.0 -10.0 12.5 42.9577
240.0 -5.0 -7.5 12.5 1.0964
240.0 -2.5 -7.5 12.5 1.9801000000000002
240.0 0.0 -7.5 12.5 3.5632
240.0 2.5 -7.5 12.5 5.7539
240.0 5.0 -7.5 12.5 15.030100000000001
240.0 -5.0 -5.0 12.5 1.1758
240.0 -2.5 -5.0 12.5 0.3699999999999999
240.0 0.0 -5.0 12.5 8.451
240.0 2.5 -5.0 12.5 129.87619999999998
240.0 5.0 -5.0 12.5 34637.769199999995
240.0 -5.0 -2.5 12.5 0.3991
240.0 -2.5 -2.5 12.5 -5.0015
240.0 0.0 -2.5 12.5 6701981.2411
240.0 2.5 -2.5 12.5 222989679.8683
240.0 -5.0 0.0 12.5 -0.35519999999999996
240.0 -2.5 0.0 12.5 -8.5006
240.0 0.0 0.0 12.5 32661.8316
240.0 2.5 0.0 12.5 53325833.682399996
240.0 5.0 0.0 12.5 11390580.7163
240.0 -5.0 2.5 12.5 0.7026000000000001
240.0 -2.5 2.5 12.5 -1.1579000000000002
240.0 0.0 2.5 12.5 5182.7464
240.0 2.5 2.5 12.5 9999999968.0149
240.0 5.0 2.5 12.5 215495968.6463
240.0 7.5 2.5 12.5 9999999948.6299
240.0 -5.0 5.0 12.5 7.486799999999999
240.0 -2.5 5.0 12.5 1239.7589
240.0 0.0 5.0 12.5 7392519.0178000005
240.0 2.5 5.0 12.5 71519785.8328
240.0 5.0 5.0 12.5 3073223442.489
240.0 7.5 5.0 12.5 9999999828.0806
240.0 -2.5 -10.0 13.75 1.1166
240.0 0.0 -10.0 13.75 3.224
240.0 2.5 -10.0 13.75 7.2097
240.0 5.0 -10.0 13.75 10.834
240.0 7.5 -10.0 13.75 19.067
240.0 10.0 -10.0 13.75 28.625799999999998
240.0 -5.0 -7.5 13.75 0.5593
240.0 -2.5 -7.5 13.75 1.7361999999999997
240.0 0.0 -7.5 13.75 4.0583
240.0 2.5 -7.5 13.75 7.5554
240.0 5.0 -7.5 13.75 14.209999999999997
240.0 7.5 -7.5 13.75 27.7583
240.0 10.0 -7.5 13.75 33.6224
240.0 -5.0 -5.0 13.75 0.7834
240.0 -2.5 -5.0 13.75 2.0628
240.0 0.0 -5.0 13.75 7.7188
240.0 2.5 -5.0 13.75 14.6159
240.0 5.0 -5.0 13.75 107.7154
240.0 -5.0 -2.5 13.75 0.309
240.0 -2.5 -2.5 13.75 -0.13119999999999998
240.0 0.0 -2.5 13.75 283.15160000000003
240.0 2.5 -2.5 13.75 137776.3085
240.0 -5.0 0.0 13.75 -0.3272
240.0 -2.5 0.0 13.75 -3.1959
240.0 0.0 0.0 13.75 17.3527
240.0 2.5 0.0 13.75 13029.012
240.0 5.0 0.0 13.75 10000000069.2726
240.0 -5.0 2.5 13.75 0.6068999999999999
240.0 -2.5 2.5 13.75 -1.1056
240.0 0.0 2.5 13.75 63.6505
240.0 2.5 2.5 13.75 333773.50499999995
240.0 5.0 2.5 13.75 190086.697
240.0 7.5 2.5 13.75 315953.218
240.0 10.0 2.5 13.75 32197.572799999998
240.0 -5.0 5.0 13.75 6.8624
240.0 -2.5 5.0 13.75 6.4026
240.0 0.0 5.0 13.75 49790.0776
240.0 2.5 5.0 13.75 69582289.0592
240.0 5.0 5.0 13.75 9665710502.8269
240.0 7.5 5.0 13.75 9999999894.608702
240.0 10.0 5.0 13.75 9999999904.965302
240.0 -5.0 -10.0 15.0 0.2225
240.0 -2.5 -10.0 15.0 0.7384
240.0 0.0 -10.0 15.0 2.3074999999999997
240.0 2.5 -10.0 15.0 5.9185
240.0 5.0 -10.0 15.0 9.0839
240.0 7.5 -10.0 15.0 13.088
240.0 10.0 -10.0 15.0 19.3017
240.0 -5.0 -7.5 15.0 0.3144
240.0 -2.5 -7.5 15.0 1.6145999999999998
240.0 0.0 -7.5 15.0 3.6170999999999998
240.0 2.5 -7.5 15.0 7.1697
240.0 5.0 -7.5 15.0 12.6405
240.0 7.5 -7.5 15.0 21.2175
240.0 10.0 -7.5 15.0 27.6791
240.0 -5.0 -5.0 15.0 0.6925
240.0 -2.5 -5.0 15.0 2.349
240.0 0.0 -5.0 15.0 7.9704
240.0 2.5 -5.0 15.0 11.018
240.0 5.0 -5.0 15.0 14.9695
240.0 10.0 -5.0 15.0 37.893899999999995
240.0 -5.0 -2.5 15.0 0.7090000000000001
240.0 -2.5 -2.5 15.0 2.3622
240.0 0.0 -2.5 15.0 15.524099999999999
240.0 2.5 -2.5 15.0 28.8245
240.0 5.0 -2.5 15.0 109.4744
240.0 7.5 -2.5 15.0 77207.1393
240.0 -5.0 0.0 15.0 0.5055000000000001
240.0 -2.5 0.0 15.0 1.2693
240.0 0.0 0.0 15.0 5.1593
240.0 2.5 0.0 15.0 66.3567
240.0 5.0 0.0 15.0 9999999926.621601
240.0 7.5 0.0 15.0 9999999913.7303
240.0 -5.0 2.5 15.0 1.4628
240.0 -2.5 2.5 15.0 1.8757000000000001
240.0 0.0 2.5 15.0 -1.7412999999999998
240.0 2.5 2.5 15.0 205.3409
240.0 5.0 2.5 15.0 108908.3118
240.0 7.5 2.5 15.0 20311.7854
240.0 10.0 2.5 15.0 6178.3065
240.0 -5.0 5.0 15.0 5.164300000000001
240.0 -2.5 5.0 15.0 3.3716
240.0 0.0 5.0 15.0 37.394999999999996
240.0 2.5 5.0 15.0 9999999919.636301
240.0 5.0 5.0 15.0 3033462392.0383
240.0 7.5 5.0 15.0 7785664089.1083
240.0 10.0 5.0 15.0 16143.7091
240.0 -5.0 -10.0 16.25 0.33599999999999997
240.0 -2.5 -10.0 16.25 0.7949
240.0 0.0 -10.0 16.25 1.4243999999999999
240.0 2.5 -10.0 16.25 4.0307
240.0 5.0 -10.0 16.25 6.892799999999999
240.0 7.5 -10.0 16.25 8.923599999999999
240.0 10.0 -10.0 16.25 12.2676
240.0 -5.0 -7.5 16.25 0.421
240.0 -2.5 -7.5 16.25 1.5444
240.0 0.0 -7.5 16.25 3.0206000000000004
240.0 2.5 -7.5 16.25 5.6827
240.0 5.0 -7.5 16.25 9.7683
240.0 7.5 -7.5 16.25 15.455400000000001
240.0 10.0 -7.5 16.25 20.93
240.0 -5.0 -5.0 16.25 0.7122
240.0 -2.5 -5.0 16.25 2.53
240.0 0.0 -5.0 16.25 6.3339
240.0 2.5 -5.0 16.25 10.1638
240.0 5.0 -5.0 16.25 13.2602
240.0 7.5 -5.0 16.25 24.5231
240.0 10.0 -5.0 16.25 33.918299999999995
240.0 -5.0 -2.5 16.25 1.1371
240.0 -2.5 -2.5 16.25 3.1138999999999997
240.0 0.0 -2.5 16.25 10.2799
240.0 2.5 -2.5 16.25 15.177700000000002
240.0 5.0 -2.5 16.25 26.5259
240.0 7.5 -2.5 16.25 329.0856
240.0 10.0 -2.5 16.25 605.3393000000001
240.0 -5.0 0.0 16.25 1.2903
240.0 -2.5 0.0 16.25 3.2089
240.0 0.0 0.0 16.25 9.034600000000001
240.0 2.5 0.0 16.25 103.3894
240.0 5.0 0.0 16.25 2847878.1231
240.0 7.5 0.0 16.25 269288027.52750003
240.0 -5.0 2.5 16.25 2.1649000000000003
240.0 -2.5 2.5 16.25 3.6734999999999998
240.0 0.0 2.5 16.25 4.8262
240.0 2.5 2.5 16.25 20.904500000000002
240.0 5.0 2.5 16.25 6432.350399999999
240.0 7.5 2.5 16.25 569.4579000000001
240.0 10.0 2.5 16.25 511.84810000000004
240.0 -5.0 5.0 16.25 3.869
240.0 -2.5 5.0 16.25 2.9049
240.0 0.0 5.0 16.25 -2.959
240.0 2.5 5.0 16.25 10006.6899
240.0 5.0 5.0 16.25 24815714.417
240.0 7.5 5.0 16.25 1433682.0413000002
240.0 10.0 5.0 16.25 1219221.9588000001
300.0 -5.0 -10.0 3.75 1.5247000000000002
300.0 -2.5 -10.0 3.75 4.7562
300.0 0.0 -10.0 3.75 8.4886
300.0 2.5 -10.0 3.75 70304.7357
300.0 5.0 -10.0 3.75 32499218.190700002
300.0 7.5 -10.0 3.75 10000000023.175201
300.0 10.0 -10.0 3.75 10000000043.230501
300.0 -5.0 -7.5 3.75 3.5437000000000003
300.0 -2.5 -7.5 3.75 6.4687
300.0 0.0 -7.5 3.75 28.396500000000003
300.0 2.5 -7.5 3.75 109339.14069999999
300.0 5.0 -7.5 3.75 23179400.9209
300.0 7.5 -7.5 3.75 436916723.0058
300.0 10.0 -7.5 3.75 10000000039.2642
300.0 -5.0 -5.0 3.75 3.1750999999999996
300.0 -2.5 -5.0 3.75 297.2339
300.0 0.0 -5.0 3.75 17922420.8644
300.0 2.5 -5.0 3.75 10000000006.725101
300.0 5.0 -5.0 3.75 9534804970.4284
300.0 7.5 -5.0 3.75 9999999914.494001
300.0 10.0 -5.0 3.75 10000000001.011501
300.0 -5.0 -2.5 3.75 0.09850000000000003
300.0 -2.5 -2.5 3.75 52.3514
300.0 0.0 -2.5 3.75 669801121.9011
300.0 2.5 -2.5 3.75 246442452.73340002
300.0 5.0 -2.5 3.75 10000000032.2593
300.0 7.5 -2.5 3.75 914286650.8528
300.0 10.0 -2.5 3.75 731915046.4425
300.0 -5.0 0.0 3.75 -4.4219
300.0 -2.5 0.0 3.75 3428.625
300.0 0.0 0.0 3.75 4877472674.7013
300.0 2.5 0.0 3.75 9999999956.2315
300.0 5.0 0.0 3.75 10000000039.366901
300.0 7.5 0.0 3.75 9999999928.3626
300.0 10.0 0.0 3.75 9999999947.3159
300.0 -5.0 2.5 3.75 32.486200000000004
300.0 -2.5 2.5 3.75 42592.9271
300.0 0.0 2.5 3.75 149857494.1434
300.0 2.5 2.5 3.75 9999999973.0606
300.0 5.0 2.5 3.75 10000000244.144201
300.0 7.5 2.5 3.75 10000000222.973701
300.0 10.0 2.5 3.75 10000000438.984201
300.0 -5.0 5.0 3.75 468.8793
300.0 -2.5 5.0 3.75 6078939.6313
300.0 0.0 5.0 3.75 9999999988.9505
300.0 2.5 5.0 3.75 10000000013.2985
300.0 5.0 5.0 3.75 955701959.533
300.0 7.5 5.0 3.75 10000000084.7136
300.0 10.0 5.0 3.75 10000000119.4426
300.0 -2.5 -2.5 6.25 2409.7362
300.0 0.0 -2.5 6.25 2224564844.9925
300.0 2.5 -2.5 6.25 13935318.205500001
300.0 2.5 -5.0 7.5 61116942.4419
300.0 -2.5 -2.5 7.5 750.8755
300.0 0.0 -2.5 7.5 7608.0082
300.0 0.0 0.0 7.5 370809.4921
300.0 0.0 2.5 7.5 11040226.2468
300.0 5.0 -10.0 8.75 999.885
300.0 2.5 -7.5 8.75 2215.0492
300.0 5.0 -7.5 8.75 47428083.685100004
300.0 0.0 -5.0 8.75 42.1616
300.0 2.5 -5.0 8.75 3249542.8924
300.0 5.0 -5.0 8.75 22690028.4349
300.0 -5.0 -2.5 8.75 3.2099
300.0 -2.5 -2.5 8.75 6.4185
300.0 0.0 -2.5 8.75 2911.1036000000004
300.0 2.5 -2.5 8.75 13475167.506900001
300.0 -5.0 0.0 8.75 -2.7352
300.0 0.0 0.0 8.75 437456.0343
300.0 0.0 2.5 8.75 258756.2303
300.0 0.0 5.0 8.75 2841028.9664000003
300.0 0.0 -10.0 10.0 -0.11109999999999998
300.0 2.5 -10.0 10.0 -4.9117999999999995
300.0 5.0 -10.0 10.0 -3.5315
300.0 7.5 -10.0 10.0 1.0805000000000007
300.0 10.0 -10.0 10.0 122.2192
300.0 2.5 -7.5 10.0 5.404000000000001
300.0 5.0 -7.5 10.0 946.8597
300.0 -5.0 -5.0 10.0 3.6032
300.0 0.0 -5.0 10.0 -7.8
300.0 2.5 -5.0 10.0 1277.968
300.0 5.0 -5.0 10.0 1241922.4442999999
300.0 -5.0 -2.5 10.0 1.9260000000000002
300.0 -2.5 -2.5 10.0 2.1460999999999997
300.0 0.0 -2.5 10.0 306.6248
300.0 2.5 -2.5 10.0 310529.9792
300.0 -5.0 0.0 10.0 -2.9964999999999997
300.0 -2.5 0.0 10.0 -3.3094
300.0 0.0 0.0 10.0 79893.712
300.0 2.5 0.0 10.0 2552573.0259
300.0 0.0 2.5 10.0 8015.965
300.0 0.0 5.0 10.0 861174.0662
300.0 2.5 5.0 10.0 909258230.7285
300.0 0.0 -10.0 11.25 0.2309
300.0 2.5 -10.0 11.25 -2.2922000000000002
300.0 5.0 -10.0 11.25 -2.7442
300.0 7.5 -10.0 11.25 4.2214
300.0 10.0 -10.0 11.25 3.5263999999999998
300.0 -2.5 -7.5 11.25 1.2088
300.0 0.0 -7.5 11.25 -2.3542
300.0 2.5 -7.5 11.25 -10.8563
300.0 5.0 -7.5 11.25 86.3681
300.0 7.5 -7.5 11.25 100696.6692
300.0 -5.0 -5.0 11.25 1.8875
300.0 -2.5 -5.0 11.25 0.7124
300.0 0.0 -5.0 11.25 -10.6914
300.0 2.5 -5.0 11.25 644295.6631
300.0 5.0 -5.0 11.25 19072404.0633
300.0 -5.0 -2.5 11.25 0.479
300.0 -2.5 -2.5 11.25 0.3095999999999999
300.0 0.0 -2.5 11.25 -6.1789000000000005
300.0 2.5 -2.5 11.25 9999999957.3682
300.0 -5.0 0.0 11.25 -2.2654
300.0 -2.5 0.0 11.25 -1.9699
300.0 0.0 0.0 11.25 188.477
300.0 2.5 0.0 11.25 13344183.7903
300.0 -5.0 2.5 11.25 -5.3957999999999995
300.0 -2.5 2.5 11.25 -6.2778
300.0 0.0 2.5 11.25 -2.3104
300.0 2.5 2.5 11.25 17922.0295
300.0 5.0 2.5 11.25 223163555.16840002
300.0 0.0 5.0 11.25 17201.330400000003
300.0 2.5 5.0 11.25 23374547.1782
300.0 5.0 5.0 11.25 9999999876.124102
300.0 7.5 5.0 11.25 9999999959.234201
300.0 -2.5 -10.0 12.5 0.07289999999999999
300.0 0.0 -10.0 12.5 -0.3437
300.0 2.5 -10.0 12.5 -0.499
300.0 5.0 -10.0 12.5 -0.7403
300.0 7.5 -10.0 12.5 4.5903
300.0 10.0 -10.0 12.5 8.869800000000001
300.0 -2.5 -7.5 12.5 0.5334
300.0 0.0 -7.5 12.5 -1.0572
300.0 2.5 -7.5 12.5 -4.2831
300.0 5.0 -7.5 12.5 -4.2598
300.0 7.5 -7.5 12.5 119.178
300.0 -5.0 -5.0 12.5 0.7854
300.0 -2.5 -5.0 12.5 0.19679999999999997
300.0 0.0 -5.0 12.5 -4.7583
300.0 2.5 -5.0 12.5 77635.6946
300.0 5.0 -5.0 12.5 15825454.5054
300.0 -5.0 -2.5 12.5 -0.2373
300.0 -2.5 -2.5 12.5 0.15790000000000004
300.0 0.0 -2.5 12.5 -5.3698
300.0 2.5 -2.5 12.5 4057305.9017
300.0 5.0 -2.5 12.5 9999999929.721802
300.0 -5.0 0.0 12.5 -1.4932
300.0 -2.5 0.0 12.5 0.0132000000000001
300.0 0.0 0.0 12.5 -3.9782999999999995
300.0 2.5 0.0 12.5 369.2719
300.0 5.0 0.0 12.5 72651.50319999999
300.0 7.5 0.0 12.5 2939926377.0823
300.0 -5.0 2.5 12.5 -1.8052
300.0 -2.5 2.5 12.5 -1.4293
300.0 0.0 2.5 12.5 -4.2097
300.0 2.5 2.5 12.5 3123.6428
300.0 5.0 2.5 12.5 70863957.7853
300.0 7.5 2.5 12.5 911343186.1208999
300.0 -5.0 5.0 12.5 1.5059
300.0 -2.5 5.0 12.5 -1.6442
300.0 0.0 5.0 12.5 293.2578
300.0 2.5 5.0 12.5 56418.6902
300.0 5.0 5.0 12.5 9999999941.836401
300.0 7.5 5.0 12.5 9999999922.5079
300.0 -2.5 -10.0 13.75 -0.22920000000000001
300.0 0.0 -10.0 13.75 -0.1411
300.0 2.5 -10.0 13.75 0.4498
300.0 5.0 -10.0 13.75 1.2534999999999998
300.0 7.5 -10.0 13.75 4.171
300.0 10.0 -10.0 13.75 10.207899999999999
300.0 -5.0 -7.5 13.75 0.2833
300.0 -2.5 -7.5 13.75 0.2333
300.0 0.0 -7.5 13.75 0.19789999999999996
300.0 2.5 -7.5 13.75 1.122
300.0 5.0 -7.5 13.75 0.6147
300.0 7.5 -7.5 13.75 5.061400000000001
300.0 -5.0 -5.0 13.75 0.022599999999999995
300.0 -2.5 -5.0 13.75 0.4899
300.0 0.0 -5.0 13.75 0.9333
300.0 2.5 -5.0 13.75 70.8982
300.0 5.0 -5.0 13.75 46755.019199999995
300.0 -5.0 -2.5 13.75 -0.6384
300.0 -2.5 -2.5 13.75 0.45539999999999997
300.0 0.0 -2.5 13.75 0.7658
300.0 2.5 -2.5 13.75 8.0743
300.0 5.0 -2.5 13.75 11219.042500000001
300.0 7.5 -2.5 13.75 26796597.6818
300.0 -5.0 0.0 13.75 -1.4106
300.0 -2.5 0.0 13.75 1.5412
300.0 0.0 0.0 13.75 0.6859000000000002
300.0 2.5 0.0 13.75 -4.0082
300.0 5.0 0.0 13.75 3177.0126999999998
300.0 7.5 0.0 13.75 1352221573.6513
300.0 -5.0 2.5 13.75 -0.636
300.0 -2.5 2.5 13.75 1.6751999999999998
300.0 0.0 2.5 13.75 -1.9706
300.0 2.5 2.5 13.75 1069.6905
300.0 5.0 2.5 13.75 1070163023.6603
300.0 7.5 2.5 13.75 4454605192.752501
300.0 10.0 2.5 13.75 9905195.2404
300.0 -5.0 5.0 13.75 2.7737
300.0 -2.5 5.0 13.75 0.07769999999999988
300.0 0.0 5.0 13.75 -12.405100000000001
300.0 2.5 5.0 13.75 353.63669999999996
300.0 5.0 5.0 13.75 8112196076.3392
300.0 7.5 5.0 13.75 9999999893.1075
300.0 10.0 5.0 13.75 7342369992.3812
300.0 -2.5 -10.0 15.0 -0.2604
300.0 0.0 -10.0 15.0 0.1454
300.0 2.5 -10.0 15.0 1.0536
300.0 5.0 -10.0 15.0 2.2190000000000003
300.0 7.5 -10.0 15.0 5.0723
300.0 10.0 -10.0 15.0 9.3572
300.0 -5.0 -7.5 15.0 0.1185
300.0 -2.5 -7.5 15.0 0.24390000000000003
300.0 0.0 -7.5 15.0 1.5894
300.0 2.5 -7.5 15.0 3.6237
300.0 5.0 -7.5 15.0 4.846
300.0 7.5 -7.5 15.0 9.0662
300.0 10.0 -7.5 15.0 17.723
300.0 -5.0 -5.0 15.0 0.2084
300.0 -2.5 -5.0 15.0 0.5908
300.0 0.0 -5.0 15.0 3.5032
300.0 2.5 -5.0 15.0 13.687199999999999
300.0 5.0 -5.0 15.0 23.5476
300.0 7.5 -5.0 15.0 15.743
300.0 -5.0 -2.5 15.0 -0.6693
300.0 -2.5 -2.5 15.0 1.101
300.0 0.0 -2.5 15.0 4.0608
300.0 2.5 -2.5 15.0 9.7992
300.0 5.0 -2.5 15.0 21.403399999999998
300.0 7.5 -2.5 15.0 3171851.8381000003
300.0 10.0 -2.5 15.0 90464.8959
300.0 -5.0 0.0 15.0 -1.4735
300.0 -2.5 0.0 15.0 1.5655999999999999
300.0 0.0 0.0 15.0 3.5996
300.0 2.5 0.0 15.0 3.5446999999999997
300.0 5.0 0.0 15.0 63.0495
300.0 7.5 0.0 15.0 9999999991.6464
300.0 10.0 0.0 15.0 9999999991.5006
300.0 -5.0 2.5 15.0 -0.4763
300.0 -2.5 2.5 15.0 2.3615000000000004
300.0 0.0 2.5 15.0 0.030899999999999928
300.0 2.5 2.5 15.0 -1.3942999999999999
300.0 5.0 2.5 15.0 3052606.5934
300.0 7.5 2.5 15.0 211579.22019999998
300.0 10.0 2.5 15.0 9999999999.0506
300.0 -5.0 5.0 15.0 2.5027999999999997
300.0 -2.5 5.0 15.0 0.8052999999999999
300.0 0.0 5.0 15.0 -11.0058
300.0 2.5 5.0 15.0 -13.764800000000001
300.0 5.0 5.0 15.0 9656221.9153
300.0 7.5 5.0 15.0 218506560.1902
300.0 10.0 5.0 15.0 11229019.4015
300.0 -5.0 -10.0 16.25 0.20129999999999998
300.0 -2.5 -10.0 16.25 0.2707
300.0 0.0 -10.0 16.25 0.465
300.0 2.5 -10.0 16.25 1.5322
300.0 5.0 -10.0 16.25 2.4263
300.0 7.5 -10.0 16.25 4.5112
300.0 10.0 -10.0 16.25 8.618799999999998
300.0 -5.0 -7.5 16.25 0.3038
300.0 -2.5 -7.5 16.25 0.5017
300.0 0.0 -7.5 16.25 1.6527
300.0 2.5 -7.5 16.25 4.141400000000001
300.0 5.0 -7.5 16.25 6.0129
300.0 7.5 -7.5 16.25 10.1404
300.0 10.0 -7.5 16.25 17.5032
300.0 -5.0 -5.0 16.25 0.29259999999999997
300.0 -2.5 -5.0 16.25 1.3499
300.0 0.0 -5.0 16.25 3.8427
300.0 2.5 -5.0 16.25 9.979899999999999
300.0 5.0 -5.0 16.25 14.310199999999998
300.0 7.5 -5.0 16.25 13.8381
300.0 10.0 -5.0 16.25 24.6007
300.0 -5.0 -2.5 16.25 -0.0845
300.0 -2.5 -2.5 16.25 1.6074
300.0 0.0 -2.5 16.25 5.2810999999999995
300.0 2.5 -2.5 16.25 12.238
300.0 5.0 -2.5 16.25 25.844900000000003
300.0 7.5 -2.5 16.25 22935.449099999998
300.0 10.0 -2.5 16.25 106047.1697
300.0 -5.0 0.0 16.25 -0.8368
300.0 -2.5 0.0 16.25 2.003
300.0 0.0 0.0 16.25 5.0707
300.0 2.5 0.0 16.25 8.4489
300.0 5.0 0.0 16.25 50.2741
300.0 7.5 0.0 16.25 10000000102.101501
300.0 10.0 0.0 16.25 215001984.9717
300.0 -5.0 2.5 16.25 -0.5004
300.0 -2.5 2.5 16.25 1.8770000000000002
300.0 0.0 2.5 16.25 1.5415999999999999
300.0 2.5 2.5 16.25 -5.466
300.0 5.0 2.5 16.25 189.86970000000002
300.0 7.5 2.5 16.25 1596.246
300.0 10.0 2.5 16.25 76033.7223
300.0 -5.0 5.0 16.25 1.0925
300.0 -2.5 5.0 16.25 0.6966000000000001
300.0 0.0 5.0 16.25 -8.4251
300.0 2.5 5.0 16.25 -19.3376
300.0 5.0 5.0 16.25 703027265.131
300.0 7.5 5.0 16.25 18182352.3247
300.0 10.0 5.0 16.25 1944420.6684
