0.0 -2.5 -7.5 10.0 31.0936
0.0 -2.5 -5.0 10.0 8444.4994
0.0 -2.5 -2.5 10.0 2046763.8403
0.0 0.0 0.0 10.0 3233142094.1453
0.0 -2.5 2.5 10.0 164294964.0104
0.0 -5.0 5.0 10.0 10000000014.772902
0.0 -2.5 -7.5 11.25 7.5797
0.0 0.0 -7.5 11.25 7.649899999999999
0.0 -5.0 -5.0 11.25 62.6441
0.0 -2.5 -5.0 11.25 32.1887
0.0 0.0 -5.0 11.25 11.6409
0.0 -2.5 -2.5 11.25 546.7864
0.0 2.5 -2.5 11.25 -11.1974
0.0 5.0 -2.5 11.25 -28.447000000000003
0.0 -2.5 0.0 11.25 2408690.6706
0.0 0.0 0.0 11.25 344190.2098
0.0 -5.0 2.5 11.25 560290382.621
0.0 -2.5 2.5 11.25 9861462874.2721
0.0 0.0 2.5 11.25 5149816.9212
0.0 -5.0 5.0 11.25 10000000012.2816
0.0 -2.5 5.0 11.25 10000000140.098701
0.0 0.0 -10.0 12.5 2.5862
0.0 2.5 -10.0 12.5 1.8218
0.0 -2.5 -7.5 12.5 6.926500000000001
0.0 0.0 -7.5 12.5 6.2671
0.0 -5.0 -5.0 12.5 13.087400000000002
0.0 -2.5 -5.0 12.5 14.9143
0.0 0.0 -5.0 12.5 9.9908
0.0 2.5 -5.0 12.5 -1.0448
0.0 -2.5 -2.5 12.5 66.37299999999999
0.0 0.0 -2.5 12.5 8.3172
0.0 2.5 -2.5 12.5 -9.5464
0.0 5.0 -2.5 12.5 -19.2943
0.0 -2.5 0.0 12.5 446.0431
0.0 0.0 0.0 12.5 88.5267
0.0 -5.0 2.5 12.5 843890.6007
0.0 -2.5 2.5 12.5 19139.3373
0.0 0.0 2.5 12.5 2473.1203
0.0 -5.0 5.0 12.5 157150206.4868
0.0 -2.5 5.0 12.5 74603385.9827
0.0 0.0 5.0 12.5 542267.1659
0.0 0.0 -10.0 13.75 1.4719000000000002
0.0 2.5 -10.0 13.75 1.6098
0.0 -5.0 -7.5 13.75 1.8934000000000002
0.0 -2.5 -7.5 13.75 4.6124
0.0 0.0 -7.5 13.75 4.370699999999999
0.0 5.0 -7.5 13.75 -0.7817999999999999
0.0 -5.0 -5.0 13.75 10.7332
0.0 -2.5 -5.0 13.75 12.225100000000001
0.0 0.0 -5.0 13.75 7.9456999999999995
0.0 2.5 -5.0 13.75 0.12630000000000008
0.0 -5.0 -2.5 13.75 23.360999999999997
0.0 -2.5 -2.5 13.75 20.921599999999998
0.0 0.0 -2.5 13.75 8.238
0.0 2.5 -2.5 13.75 -5.763199999999999
0.0 5.0 -2.5 13.75 -12.9914
0.0 7.5 -2.5 13.75 -10.603200000000001
0.0 -5.0 0.0 13.75 42.667699999999996
0.0 -2.5 0.0 13.75 26.1463
0.0 0.0 0.0 13.75 6.909500000000001
0.0 2.5 0.0 13.75 -16.9931
0.0 10.0 0.0 13.75 -5.684
0.0 -5.0 2.5 13.75 208.241
0.0 -2.5 2.5 13.75 149.0371
0.0 0.0 2.5 13.75 18.408199999999997
0.0 -5.0 5.0 13.75 564.1177
0.0 -2.5 5.0 13.75 9768.854700000002
0.0 0.0 5.0 13.75 527.5704
0.0 -5.0 -10.0 15.0 -1.8516000000000001
0.0 -2.5 -10.0 15.0 -0.17959999999999998
0.0 0.0 -10.0 15.0 1.0555999999999999
0.0 2.5 -10.0 15.0 0.9783
0.0 5.0 -10.0 15.0 0.6956
0.0 7.5 -10.0 15.0 -0.0040999999999999995
0.0 10.0 -10.0 15.0 -0.0668
0.0 -5.0 -7.5 15.0 1.5234
0.0 -2.5 -7.5 15.0 2.9998
0.0 0.0 -7.5 15.0 3.0467999999999997
0.0 2.5 -7.5 15.0 1.5564
0.0 5.0 -7.5 15.0 -0.1953
0.0 10.0 -7.5 15.0 -0.5964
0.0 -5.0 -5.0 15.0 7.9431
0.0 -2.5 -5.0 15.0 9.2635
0.0 0.0 -5.0 15.0 5.9619
0.0 2.5 -5.0 15.0 0.7038
0.0 5.0 -5.0 15.0 -2.7533000000000003
0.0 7.5 -5.0 15.0 -3.3083
0.0 -5.0 -2.5 15.0 17.1914
0.0 -2.5 -2.5 15.0 16.541999999999998
0.0 0.0 -2.5 15.0 7.615100000000001
0.0 2.5 -2.5 15.0 -2.5302
0.0 5.0 -2.5 15.0 -7.886299999999999
0.0 7.5 -2.5 15.0 -7.271599999999999
0.0 10.0 -2.5 15.0 -3.426
0.0 -5.0 0.0 15.0 24.7842
0.0 -2.5 0.0 15.0 18.8094
0.0 0.0 0.0 15.0 5.2574000000000005
0.0 2.5 0.0 15.0 -10.5712
0.0 5.0 0.0 15.0 -15.3441
0.0 7.5 0.0 15.0 -10.6434
0.0 10.0 0.0 15.0 -4.4178
0.0 -5.0 2.5 15.0 24.9995
0.0 -2.5 2.5 15.0 17.2694
0.0 0.0 2.5 15.0 -5.708600000000001
0.0 2.5 2.5 15.0 -21.128100000000003
0.0 5.0 2.5 15.0 -21.2558
0.0 7.5 2.5 15.0 -11.7484
0.0 -5.0 5.0 15.0 18.6327
0.0 -2.5 5.0 15.0 30.3693
0.0 0.0 5.0 15.0 -10.3669
0.0 2.5 5.0 15.0 -28.3995
0.0 10.0 5.0 15.0 -2.7204
0.0 -5.0 -10.0 16.25 -0.558
0.0 -2.5 -10.0 16.25 -0.30770000000000003
0.0 0.0 -10.0 16.25 0.4033
0.0 2.5 -10.0 16.25 0.5909
0.0 5.0 -10.0 16.25 0.2348
0.0 7.5 -10.0 16.25 0.0426
0.0 10.0 -10.0 16.25 0.0057
0.0 -5.0 -7.5 16.25 0.9530000000000001
0.0 -2.5 -7.5 16.25 1.9049
0.0 0.0 -7.5 16.25 1.917
0.0 2.5 -7.5 16.25 1.0634000000000001
0.0 5.0 -7.5 16.25 -0.1115
0.0 7.5 -7.5 16.25 -0.33940000000000003
0.0 10.0 -7.5 16.25 -0.1587
0.0 -5.0 -5.0 16.25 5.2925
0.0 -2.5 -5.0 16.25 6.0463
0.0 0.0 -5.0 16.25 4.040100000000001
0.0 2.5 -5.0 16.25 0.6743
0.0 5.0 -5.0 16.25 -1.4895999999999998
0.0 7.5 -5.0 16.25 -1.9248999999999998
0.0 10.0 -5.0 16.25 -0.8204999999999999
0.0 -5.0 -2.5 16.25 12.8381
0.0 -2.5 -2.5 16.25 11.4283
0.0 0.0 -2.5 16.25 5.5169999999999995
0.0 2.5 -2.5 16.25 -1.6002
0.0 5.0 -2.5 16.25 -5.4577
0.0 7.5 -2.5 16.25 -4.2539
0.0 10.0 -2.5 16.25 -1.7789
0.0 -5.0 0.0 16.25 18.2637
0.0 -2.5 0.0 16.25 15.279200000000001
0.0 0.0 0.0 16.25 4.5571
0.0 2.5 0.0 16.25 -5.8891
0.0 5.0 0.0 16.25 -9.4835
0.0 7.5 0.0 16.25 -6.7152
0.0 10.0 0.0 16.25 -2.6554
0.0 -5.0 2.5 16.25 19.4315
0.0 -2.5 2.5 16.25 13.2292
0.0 0.0 2.5 16.25 -0.8923
0.0 2.5 2.5 16.25 -11.993599999999999
0.0 5.0 2.5 16.25 -13.4211
0.0 7.5 2.5 16.25 -8.0452
0.0 10.0 2.5 16.25 -2.8207
0.0 -5.0 5.0 16.25 11.8456
0.0 -2.5 5.0 16.25 7.1695
0.0 0.0 5.0 16.25 -6.5778
0.0 2.5 5.0 16.25 -15.6749
0.0 5.0 5.0 16.25 -14.2348
0.0 7.5 5.0 16.25 -7.330500000000001
0.0 10.0 5.0 16.25 -1.9046999999999998
60.0 -5.0 -10.0 3.75 345119.9372
60.0 -2.5 -10.0 3.75 -4.1267000000000005
60.0 0.0 -10.0 3.75 359938824.8071
60.0 2.5 -10.0 3.75 363.3887
60.0 5.0 -10.0 3.75 18.9115
60.0 7.5 -10.0 3.75 15.9938
60.0 10.0 -10.0 3.75 9.3633
60.0 -5.0 -7.5 3.75 156643.0822
60.0 -2.5 -7.5 3.75 217.0589
60.0 0.0 -7.5 3.75 10000000020.967201
60.0 2.5 -7.5 3.75 10676.9046
60.0 5.0 -7.5 3.75 622828.3757
60.0 7.5 -7.5 3.75 30.733999999999998
60.0 10.0 -7.5 3.75 16.9082
60.0 -5.0 -5.0 3.75 113553.7235
60.0 -2.5 -5.0 3.75 108468.176
60.0 0.0 -5.0 3.75 327049131.5522
60.0 2.5 -5.0 3.75 48486068.9487
60.0 5.0 -5.0 3.75 1288277261.8704
60.0 7.5 -5.0 3.75 25026.4382
60.0 10.0 -5.0 3.75 20.2928
60.0 -5.0 -2.5 3.75 9999999911.7418
60.0 -2.5 -2.5 3.75 1706985811.9029
60.0 0.0 -2.5 3.75 3641163356.9066
60.0 2.5 -2.5 3.75 9999999989.367802
60.0 5.0 -2.5 3.75 10000000095.0128
60.0 7.5 -2.5 3.75 7078134.9388
60.0 10.0 -2.5 3.75 3902.0514
60.0 -5.0 0.0 3.75 10000000098.5184
60.0 -2.5 0.0 3.75 4455674430.7314005
60.0 0.0 0.0 3.75 9999999954.339
60.0 2.5 0.0 3.75 1549822012.6372
60.0 5.0 0.0 3.75 10000000032.6951
60.0 7.5 0.0 3.75 10000000099.9025
60.0 10.0 0.0 3.75 2841448.7922
60.0 -5.0 2.5 3.75 9999999673.099201
60.0 -2.5 2.5 3.75 9999999977.732
60.0 0.0 2.5 3.75 10000000011.220201
60.0 2.5 2.5 3.75 10000000081.974
60.0 5.0 2.5 3.75 10000000013.2558
60.0 7.5 2.5 3.75 9999999931.8283
60.0 10.0 2.5 3.75 23711146.861399997
60.0 -5.0 5.0 3.75 10000000300.4675
60.0 -2.5 5.0 3.75 9999999949.061
60.0 0.0 5.0 3.75 10000000049.6105
60.0 2.5 5.0 3.75 9999999362.328201
60.0 5.0 5.0 3.75 9999999962.1679
60.0 7.5 5.0 3.75 9999999936.6436
60.0 10.0 5.0 3.75 10000000010.432901
60.0 2.5 5.0 10.0 9999999909.393301
60.0 2.5 -10.0 11.25 0.03079999999999994
60.0 7.5 -10.0 11.25 0.37010000000000004
60.0 5.0 -7.5 11.25 6.811
60.0 -2.5 2.5 11.25 2810353251.2073
60.0 0.0 2.5 11.25 947606.3245999999
60.0 2.5 2.5 11.25 5281405158.6039
60.0 5.0 2.5 11.25 130330602.0499
60.0 7.5 2.5 11.25 16904.0348
60.0 -2.5 5.0 11.25 9999999910.8152
60.0 0.0 5.0 11.25 169692.4041
60.0 2.5 5.0 11.25 10000000165.2527
60.0 5.0 5.0 11.25 9999999848.8328
60.0 0.0 -10.0 12.5 -1.2359
60.0 2.5 -10.0 12.5 -0.45799999999999996
60.0 5.0 -10.0 12.5 -0.01949999999999999
60.0 7.5 -10.0 12.5 0.09820000000000001
60.0 0.0 -5.0 12.5 6.694799999999999
60.0 0.0 2.5 12.5 2764.1615
60.0 2.5 2.5 12.5 10708409.353699999
60.0 5.0 2.5 12.5 54342.5637
60.0 7.5 2.5 12.5 56.037699999999994
60.0 10.0 2.5 12.5 -3.1975
60.0 0.0 5.0 12.5 4552.4667
60.0 2.5 5.0 12.5 25939523.6222
60.0 5.0 5.0 12.5 2401903.3905999996
60.0 7.5 5.0 12.5 86.69
60.0 10.0 5.0 12.5 -13.0741
60.0 0.0 -10.0 13.75 -0.8812
60.0 2.5 -10.0 13.75 -0.47740000000000005
60.0 5.0 -10.0 13.75 0.014899999999999997
60.0 7.5 -10.0 13.75 0.21030000000000001
60.0 10.0 -10.0 13.75 -0.0349
60.0 -5.0 -7.5 13.75 -4.9691
60.0 2.5 -7.5 13.75 4.1914
60.0 5.0 -7.5 13.75 3.8693999999999997
60.0 7.5 -7.5 13.75 1.6172
60.0 10.0 -7.5 13.75 0.6077999999999999
60.0 -2.5 -5.0 13.75 -4.1559
60.0 0.0 -5.0 13.75 6.745899999999999
60.0 5.0 -5.0 13.75 11.6519
60.0 10.0 -5.0 13.75 2.9116
60.0 -5.0 -2.5 13.75 -20.4016
60.0 -2.5 -2.5 13.75 -5.5107
60.0 0.0 -2.5 13.75 11.4773
60.0 0.0 0.0 13.75 32.3231
60.0 2.5 0.0 13.75 51.141000000000005
60.0 -2.5 2.5 13.75 320.6224
60.0 0.0 2.5 13.75 15.861899999999999
60.0 2.5 2.5 13.75 1514.2953
60.0 5.0 2.5 13.75 184.9657
60.0 7.5 2.5 13.75 5.291899999999999
60.0 10.0 2.5 13.75 0.6280000000000001
60.0 0.0 5.0 13.75 824.9609
60.0 2.5 5.0 13.75 32165.968500000003
60.0 5.0 5.0 13.75 1430.1502
60.0 7.5 5.0 13.75 -13.458200000000001
60.0 10.0 5.0 13.75 -8.6187
60.0 -5.0 -10.0 15.0 -1.103
60.0 -2.5 -10.0 15.0 -1.5974
60.0 0.0 -10.0 15.0 -1.1378
60.0 2.5 -10.0 15.0 -0.1152
60.0 5.0 -10.0 15.0 0.3091
60.0 7.5 -10.0 15.0 0.25649999999999995
60.0 10.0 -10.0 15.0 0.0654
60.0 -5.0 -7.5 15.0 -3.2618
60.0 -2.5 -7.5 15.0 -1.5684
60.0 0.0 -7.5 15.0 1.3687
60.0 2.5 -7.5 15.0 3.2029
60.0 5.0 -7.5 15.0 2.7881
60.0 7.5 -7.5 15.0 1.4866
60.0 10.0 -7.5 15.0 0.3659
60.0 -5.0 -5.0 15.0 -6.8988
60.0 -2.5 -5.0 15.0 -2.4744
60.0 0.0 -5.0 15.0 4.9054
60.0 2.5 -5.0 15.0 8.908000000000001
60.0 5.0 -5.0 15.0 8.5072
60.0 7.5 -5.0 15.0 5.3712
60.0 10.0 -5.0 15.0 1.8277999999999999
60.0 -5.0 -2.5 15.0 -12.8335
60.0 -2.5 -2.5 15.0 -2.5481
60.0 0.0 -2.5 15.0 9.3563
60.0 2.5 -2.5 15.0 17.5462
60.0 10.0 -2.5 15.0 4.678
60.0 -2.5 0.0 15.0 -3.6001000000000003
60.0 0.0 0.0 15.0 12.553600000000001
60.0 2.5 0.0 15.0 24.5784
60.0 7.5 0.0 15.0 12.6676
60.0 -5.0 2.5 15.0 -20.1399
60.0 -2.5 2.5 15.0 -5.9285
60.0 0.0 2.5 15.0 10.9219
60.0 2.5 2.5 15.0 23.127299999999998
60.0 5.0 2.5 15.0 18.372
60.0 7.5 2.5 15.0 6.8334
60.0 10.0 2.5 15.0 2.5962
60.0 -2.5 5.0 15.0 -7.4857
60.0 0.0 5.0 15.0 12.1886
60.0 2.5 5.0 15.0 44.3294
60.0 5.0 5.0 15.0 0.5548000000000002
60.0 7.5 5.0 15.0 -5.7465
60.0 10.0 5.0 15.0 -4.218999999999999
60.0 -5.0 -10.0 16.25 -0.8191999999999999
60.0 -2.5 -10.0 16.25 -1.1953
60.0 0.0 -10.0 16.25 -0.9943
60.0 2.5 -10.0 16.25 -0.2122
60.0 5.0 -10.0 16.25 0.187
60.0 7.5 -10.0 16.25 0.18209999999999998
60.0 10.0 -10.0 16.25 -0.026
60.0 -5.0 -7.5 16.25 -1.8769
60.0 -2.5 -7.5 16.25 -1.6531
60.0 0.0 -7.5 16.25 0.7311
60.0 2.5 -7.5 16.25 2.2142
60.0 5.0 -7.5 16.25 2.1718
60.0 7.5 -7.5 16.25 1.0791
60.0 10.0 -7.5 16.25 0.1512
60.0 -5.0 -5.0 16.25 -4.7537
60.0 -2.5 -5.0 16.25 -1.0745
60.0 0.0 -5.0 16.25 3.6492999999999998
60.0 2.5 -5.0 16.25 7.2341999999999995
60.0 5.0 -5.0 16.25 6.7025
60.0 7.5 -5.0 16.25 3.3124
60.0 10.0 -5.0 16.25 0.9869999999999999
60.0 -5.0 -2.5 16.25 -7.3113
60.0 -2.5 -2.5 16.25 -1.536
60.0 0.0 -2.5 16.25 8.1316
60.0 2.5 -2.5 16.25 13.2255
60.0 5.0 -2.5 16.25 12.3537
60.0 7.5 -2.5 16.25 7.0025
60.0 10.0 -2.5 16.25 2.2934
60.0 -5.0 0.0 16.25 -10.5677
60.0 -2.5 0.0 16.25 -2.0688
60.0 0.0 0.0 16.25 10.3271
60.0 2.5 0.0 16.25 18.1285
60.0 5.0 0.0 16.25 16.0965
60.0 7.5 0.0 16.25 9.496699999999999
60.0 10.0 0.0 16.25 3.7876
60.0 -5.0 2.5 16.25 -13.7179
60.0 -2.5 2.5 16.25 -2.0135
60.0 0.0 2.5 16.25 9.695300000000001
60.0 2.5 2.5 16.25 16.3188
60.0 5.0 2.5 16.25 14.0535
60.0 7.5 2.5 16.25 7.3927000000000005
60.0 10.0 2.5 16.25 2.9196999999999997
60.0 -5.0 5.0 16.25 -13.5024
60.0 -2.5 5.0 16.25 -3.8766
60.0 0.0 5.0 16.25 6.434
60.0 2.5 5.0 16.25 8.2448
60.0 5.0 5.0 16.25 3.5707999999999998
60.0 7.5 5.0 16.25 -0.7291
60.0 10.0 5.0 16.25 -1.8937
120.0 -5.0 -10.0 3.75 25931278.9943
120.0 -2.5 -10.0 3.75 125537741.9352
120.0 0.0 -10.0 3.75 9999999958.9951
120.0 2.5 -10.0 3.75 15257708.258000001
120.0 5.0 -10.0 3.75 1646.7262
120.0 7.5 -10.0 3.75 -20.2559
120.0 10.0 -10.0 3.75 -11.5435
120.0 -5.0 -7.5 3.75 10000000070.653502
120.0 -2.5 -7.5 3.75 9999999973.8654
120.0 0.0 -7.5 3.75 1544151870.6446
120.0 2.5 -7.5 3.75 919559546.2236999
120.0 5.0 -7.5 3.75 5328706727.2606
120.0 7.5 -7.5 3.75 -30.594
120.0 10.0 -7.5 3.75 -13.835
120.0 -5.0 -5.0 3.75 10000000079.7831
120.0 -2.5 -5.0 3.75 2230031527.5257
120.0 0.0 -5.0 3.75 2164151365.3634
120.0 2.5 -5.0 3.75 9999999793.532001
120.0 5.0 -5.0 3.75 12802728.543399999
120.0 7.5 -5.0 3.75 12613.5114
120.0 10.0 -5.0 3.75 -12.7637
120.0 -5.0 -2.5 3.75 9999999838.8264
120.0 -2.5 -2.5 3.75 10000000035.0282
120.0 0.0 -2.5 3.75 9999999947.835201
120.0 2.5 -2.5 3.75 9999999787.2273
120.0 5.0 -2.5 3.75 3915012160.8094
120.0 7.5 -2.5 3.75 1143214413.0097
120.0 10.0 -2.5 3.75 80.7466
120.0 -5.0 0.0 3.75 9999999938.994701
120.0 -2.5 0.0 3.75 9999999996.453201
120.0 0.0 0.0 3.75 9999999913.4911
120.0 2.5 0.0 3.75 9999999830.128
120.0 5.0 0.0 3.75 122292815.4031
120.0 7.5 0.0 3.75 1970563.9158
120.0 10.0 0.0 3.75 13266.107600000001
120.0 -5.0 2.5 3.75 9999999914.286701
120.0 -2.5 2.5 3.75 9999999807.479
120.0 0.0 2.5 3.75 10000000010.019901
120.0 2.5 2.5 3.75 9999999970.2884
120.0 5.0 2.5 3.75 10000000064.467402
120.0 7.5 2.5 3.75 60786317.882199995
120.0 10.0 2.5 3.75 10000000286.460001
120.0 -5.0 5.0 3.75 9999999851.756601
120.0 -2.5 5.0 3.75 10000000041.9634
120.0 0.0 5.0 3.75 10000000058.0095
120.0 2.5 5.0 3.75 10000000051.017101
120.0 5.0 5.0 3.75 10000000028.399801
120.0 7.5 5.0 3.75 7626988050.497601
120.0 10.0 5.0 3.75 1156957010.1265001
120.0 2.5 2.5 7.5 10000000121.772001
120.0 2.5 5.0 7.5 10000000163.374401
120.0 2.5 -2.5 8.75 6103.9138
120.0 0.0 2.5 8.75 9999999926.7448
120.0 2.5 2.5 8.75 9999999947.724401
120.0 2.5 5.0 8.75 10000000075.739601
120.0 2.5 -2.5 10.0 -25.275800000000004
120.0 0.0 0.0 10.0 9999999685.7872
120.0 2.5 0.0 10.0 83528.2886
120.0 5.0 0.0 10.0 9246.9794
120.0 0.0 2.5 10.0 9999999989.2236
120.0 2.5 2.5 10.0 10000000037.717201
120.0 5.0 2.5 10.0 48781.4098
120.0 0.0 5.0 10.0 9203234537.9724
120.0 2.5 5.0 10.0 116940174.9019
120.0 2.5 -5.0 11.25 -24.5324
120.0 5.0 -5.0 11.25 -25.5719
120.0 2.5 -2.5 11.25 -40.567899999999995
120.0 5.0 -2.5 11.25 -39.4927
120.0 7.5 -2.5 11.25 -22.221799999999998
120.0 0.0 0.0 11.25 44360.1223
120.0 2.5 0.0 11.25 -32.263400000000004
120.0 5.0 0.0 11.25 -34.8897
120.0 7.5 0.0 11.25 -11.4114
120.0 0.0 2.5 11.25 1361795183.0019
120.0 2.5 2.5 11.25 289277624.6355
120.0 5.0 2.5 11.25 15.599
120.0 0.0 5.0 11.25 5383858.1218
120.0 2.5 5.0 11.25 228988733.3748
120.0 2.5 -10.0 12.5 -0.7173
120.0 2.5 -5.0 12.5 -19.1658
120.0 5.0 -5.0 12.5 -18.5658
120.0 -2.5 -2.5 12.5 50.4873
120.0 0.0 -2.5 12.5 202.2237
120.0 2.5 -2.5 12.5 -30.1046
120.0 5.0 -2.5 12.5 -26.2894
120.0 7.5 -2.5 12.5 -13.5725
120.0 0.0 0.0 12.5 2346.8634
120.0 2.5 0.0 12.5 -35.3364
120.0 5.0 0.0 12.5 -25.014999999999997
120.0 7.5 0.0 12.5 -5.7216000000000005
120.0 0.0 2.5 12.5 72128.6036
120.0 2.5 2.5 12.5 55.2689
120.0 5.0 2.5 12.5 -13.254999999999999
120.0 7.5 2.5 12.5 10.2177
120.0 0.0 5.0 12.5 2604499.9625
120.0 2.5 5.0 12.5 861.206
120.0 5.0 5.0 12.5 54.7586
120.0 -2.5 -10.0 13.75 1.8559999999999999
120.0 0.0 -10.0 13.75 1.0675
120.0 5.0 -10.0 13.75 -0.5574
120.0 10.0 -10.0 13.75 -0.5802
120.0 2.5 -7.5 13.75 -5.7632
120.0 5.0 -7.5 13.75 -5.2893
120.0 7.5 -7.5 13.75 -4.0432
120.0 -2.5 -5.0 13.75 -5.5325999999999995
120.0 0.0 -5.0 13.75 -12.0856
120.0 2.5 -5.0 13.75 -14.621099999999998
120.0 5.0 -5.0 13.75 -13.007
120.0 -5.0 -2.5 13.75 -5.678599999999999
120.0 -2.5 -2.5 13.75 -20.1303
120.0 0.0 -2.5 13.75 -25.851499999999998
120.0 2.5 -2.5 13.75 -22.6843
120.0 5.0 -2.5 13.75 -17.3277
120.0 7.5 -2.5 13.75 -9.8651
120.0 10.0 -2.5 13.75 -3.1228
120.0 -5.0 0.0 13.75 -13.3522
120.0 0.0 0.0 13.75 -20.63
120.0 2.5 0.0 13.75 -24.149
120.0 5.0 0.0 13.75 -14.881200000000002
120.0 7.5 0.0 13.75 -3.931
120.0 0.0 2.5 13.75 266.1935
120.0 2.5 2.5 13.75 -18.392500000000002
120.0 5.0 2.5 13.75 -4.6504
120.0 7.5 2.5 13.75 8.0564
120.0 0.0 5.0 13.75 46.6894
120.0 2.5 5.0 13.75 -5.0654
120.0 5.0 5.0 13.75 11.558200000000003
120.0 7.5 5.0 13.75 23.936300000000003
120.0 -5.0 -10.0 15.0 1.1387
120.0 -2.5 -10.0 15.0 1.1021999999999998
120.0 0.0 -10.0 15.0 0.6663
120.0 2.5 -10.0 15.0 0.2984
120.0 5.0 -10.0 15.0 -0.0581
120.0 10.0 -10.0 15.0 -0.2113
120.0 -5.0 -7.5 15.0 0.7461
120.0 -2.5 -7.5 15.0 -0.6881
120.0 0.0 -7.5 15.0 -2.237
120.0 2.5 -7.5 15.0 -2.9912
120.0 5.0 -7.5 15.0 -2.9926000000000004
120.0 7.5 -7.5 15.0 -2.5242999999999998
120.0 -5.0 -5.0 15.0 -1.1825999999999999
120.0 -2.5 -5.0 15.0 -5.9611
120.0 0.0 -5.0 15.0 -9.7706
120.0 2.5 -5.0 15.0 -10.421999999999999
120.0 5.0 -5.0 15.0 -8.99
120.0 7.5 -5.0 15.0 -6.2394
120.0 10.0 -5.0 15.0 -3.081
120.0 -5.0 -2.5 15.0 -6.7088
120.0 -2.5 -2.5 15.0 -15.5352
120.0 0.0 -2.5 15.0 -18.3763
120.0 2.5 -2.5 15.0 -16.6194
120.0 5.0 -2.5 15.0 -12.4427
120.0 7.5 -2.5 15.0 -7.4021
120.0 10.0 -2.5 15.0 -2.9006999999999996
120.0 -5.0 0.0 15.0 -15.970699999999999
120.0 -2.5 0.0 15.0 -24.5916
120.0 0.0 0.0 15.0 -22.7493
120.0 2.5 0.0 15.0 -15.8497
120.0 5.0 0.0 15.0 -9.8164
120.0 7.5 0.0 15.0 -3.2491000000000003
120.0 10.0 0.0 15.0 1.2551
120.0 0.0 2.5 15.0 -22.7539
120.0 2.5 2.5 15.0 -11.7879
120.0 5.0 2.5 15.0 -1.6002
120.0 7.5 2.5 15.0 6.347099999999999
120.0 10.0 2.5 15.0 9.5535
120.0 0.0 5.0 15.0 -12.654399999999999
120.0 2.5 5.0 15.0 -2.0099
120.0 5.0 5.0 15.0 10.4659
120.0 7.5 5.0 15.0 17.5334
120.0 10.0 5.0 15.0 17.6602
120.0 -5.0 -10.0 16.25 0.9298
120.0 -2.5 -10.0 16.25 0.6137999999999999
120.0 0.0 -10.0 16.25 0.4973
120.0 2.5 -10.0 16.25 0.364
120.0 5.0 -10.0 16.25 0.0063999999999999994
120.0 7.5 -10.0 16.25 -0.0793
120.0 10.0 -10.0 16.25 -0.0326
120.0 -5.0 -7.5 16.25 0.0768
120.0 -2.5 -7.5 16.25 -0.9494
120.0 0.0 -7.5 16.25 -1.2526000000000002
120.0 2.5 -7.5 16.25 -0.9331
120.0 5.0 -7.5 16.25 -1.55
120.0 7.5 -7.5 16.25 -1.1613
120.0 10.0 -7.5 16.25 -0.6482
120.0 -5.0 -5.0 16.25 -2.4762
120.0 -2.5 -5.0 16.25 -5.3186
120.0 0.0 -5.0 16.25 -6.1981
120.0 2.5 -5.0 16.25 -6.0275
120.0 5.0 -5.0 16.25 -4.946199999999999
120.0 7.5 -5.0 16.25 -3.6551
120.0 10.0 -5.0 16.25 -1.6606
120.0 -5.0 -2.5 16.25 -6.687200000000001
120.0 -2.5 -2.5 16.25 -11.3939
120.0 0.0 -2.5 16.25 -12.731
120.0 2.5 -2.5 16.25 -10.8093
120.0 5.0 -2.5 16.25 -8.8477
120.0 7.5 -2.5 16.25 -5.4399
120.0 10.0 -2.5 16.25 -1.7277
120.0 -5.0 0.0 16.25 -11.7474
120.0 -2.5 0.0 16.25 -16.2362
120.0 0.0 0.0 16.25 -15.2742
120.0 2.5 0.0 16.25 -12.041
120.0 5.0 0.0 16.25 -6.7677000000000005
120.0 7.5 0.0 16.25 -2.5075
120.0 10.0 0.0 16.25 0.9592999999999999
120.0 -5.0 2.5 16.25 -13.900200000000002
120.0 -2.5 2.5 16.25 -17.7045
120.0 0.0 2.5 16.25 -14.4969
120.0 2.5 2.5 16.25 -7.0451
120.0 5.0 2.5 16.25 0.09660000000000002
120.0 7.5 2.5 16.25 5.2909999999999995
120.0 10.0 2.5 16.25 6.840999999999999
120.0 -2.5 5.0 16.25 -12.723199999999999
120.0 0.0 5.0 16.25 -8.512699999999999
120.0 2.5 5.0 16.25 -0.40870000000000006
120.0 5.0 5.0 16.25 7.9216
120.0 7.5 5.0 16.25 13.0511
120.0 10.0 5.0 16.25 12.444600000000001
180.0 -5.0 -10.0 3.75 2.9096
180.0 -2.5 -10.0 3.75 -4.6794
180.0 0.0 -10.0 3.75 60.7077
180.0 2.5 -10.0 3.75 217170995.4957
180.0 5.0 -10.0 3.75 11.8976
180.0 7.5 -10.0 3.75 3.0075000000000003
180.0 10.0 -10.0 3.75 4.856400000000001
180.0 -5.0 -7.5 3.75 57.3005
180.0 -2.5 -7.5 3.75 25.2031
180.0 0.0 -7.5 3.75 10000000014.4561
180.0 2.5 -7.5 3.75 1280080.4801999999
180.0 5.0 -7.5 3.75 1726590.6888
180.0 7.5 -7.5 3.75 420.6037
180.0 10.0 -7.5 3.75 74788.3749
180.0 -5.0 -5.0 3.75 8643267.107099999
180.0 -2.5 -5.0 3.75 9999999965.582401
180.0 0.0 -5.0 3.75 1632739.0473
180.0 2.5 -5.0 3.75 641608014.6559
180.0 5.0 -5.0 3.75 9999999960.1252
180.0 7.5 -5.0 3.75 56974.2869
180.0 10.0 -5.0 3.75 373058886.6807
180.0 -5.0 -2.5 3.75 397474294.0207
180.0 -2.5 -2.5 3.75 9999999951.3841
180.0 0.0 -2.5 3.75 9742946.013700001
180.0 2.5 -2.5 3.75 10000000046.2031
180.0 5.0 -2.5 3.75 55832471.4606
180.0 7.5 -2.5 3.75 285745807.76600003
180.0 10.0 -2.5 3.75 10000000092.9916
180.0 -5.0 0.0 3.75 9999999955.423302
180.0 -2.5 0.0 3.75 214334548.8872
180.0 0.0 0.0 3.75 10000000116.997702
180.0 2.5 0.0 3.75 9999999941.0058
180.0 5.0 0.0 3.75 10000000116.154701
180.0 7.5 0.0 3.75 9999999768.777102
180.0 10.0 0.0 3.75 9999999725.3903
180.0 -5.0 2.5 3.75 1064267841.1175
180.0 -2.5 2.5 3.75 10000000054.8479
180.0 0.0 2.5 3.75 10000000003.6229
180.0 2.5 2.5 3.75 10000000100.203701
180.0 5.0 2.5 3.75 9999999860.7439
180.0 7.5 2.5 3.75 9999999855.1383
180.0 10.0 2.5 3.75 9999999500.3019
180.0 -5.0 5.0 3.75 177570969.1283
180.0 -2.5 5.0 3.75 9999999837.0266
180.0 0.0 5.0 3.75 10000000030.290401
180.0 2.5 5.0 3.75 9999999978.1683
180.0 5.0 5.0 3.75 9999999968.731
180.0 7.5 5.0 3.75 10000000133.445501
180.0 10.0 5.0 3.75 399047634.7682
180.0 5.0 -2.5 8.75 12105.0556
180.0 5.0 -2.5 10.0 213.4058
180.0 2.5 2.5 10.0 88808450.7737
180.0 5.0 -10.0 11.25 1.2596
180.0 7.5 -10.0 11.25 1.4762
180.0 -2.5 -7.5 11.25 1.4306999999999999
180.0 5.0 -7.5 11.25 5.2566
180.0 2.5 -5.0 11.25 25.8536
180.0 5.0 -5.0 11.25 10.1241
180.0 7.5 -5.0 11.25 6.5594
180.0 10.0 -5.0 11.25 5.0095
180.0 5.0 -2.5 11.25 9.4905
180.0 0.0 0.0 11.25 28808135.0255
180.0 -2.5 2.5 11.25 398570.6181
180.0 2.5 2.5 11.25 10000000400.2766
180.0 -5.0 5.0 11.25 26.411700000000003
180.0 5.0 5.0 11.25 10000000403.259201
180.0 0.0 -10.0 12.5 0.605
180.0 2.5 -10.0 12.5 1.348
180.0 5.0 -10.0 12.5 1.3465
180.0 7.5 -10.0 12.5 1.1768
180.0 10.0 -10.0 12.5 1.2321
180.0 -2.5 -7.5 12.5 1.5068
180.0 0.0 -7.5 12.5 2.1389
180.0 2.5 -7.5 12.5 2.9781
180.0 5.0 -7.5 12.5 3.5842
180.0 7.5 -7.5 12.5 3.0522
180.0 10.0 -7.5 12.5 2.2042
180.0 2.5 -5.0 12.5 3.9974
180.0 5.0 -5.0 12.5 3.0444
180.0 7.5 -5.0 12.5 4.0853
180.0 10.0 -5.0 12.5 3.5472
180.0 2.5 -2.5 12.5 -2.2479
180.0 5.0 -2.5 12.5 -4.065799999999999
180.0 0.0 0.0 12.5 10166.0675
180.0 2.5 0.0 12.5 -11.674800000000001
180.0 5.0 0.0 12.5 118.30810000000001
180.0 -2.5 2.5 12.5 15.065000000000001
180.0 0.0 2.5 12.5 757.8387
180.0 2.5 2.5 12.5 57596257.6131
180.0 -5.0 5.0 12.5 -23.3618
180.0 2.5 5.0 12.5 980.2293
180.0 5.0 5.0 12.5 6145332.2820999995
180.0 -5.0 -10.0 13.75 0.2037
180.0 -2.5 -10.0 13.75 -0.025599999999999998
180.0 0.0 -10.0 13.75 0.5291
180.0 2.5 -10.0 13.75 1.2107999999999999
180.0 5.0 -10.0 13.75 1.3404
180.0 7.5 -10.0 13.75 1.318
180.0 10.0 -10.0 13.75 0.698
180.0 -2.5 -7.5 13.75 1.0153
180.0 0.0 -7.5 13.75 1.3397000000000001
180.0 2.5 -7.5 13.75 2.3809
180.0 5.0 -7.5 13.75 2.2403
180.0 7.5 -7.5 13.75 1.9199000000000002
180.0 10.0 -7.5 13.75 0.9759000000000001
180.0 -2.5 -5.0 13.75 1.2241
180.0 0.0 -5.0 13.75 1.5293
180.0 2.5 -5.0 13.75 2.1581
180.0 5.0 -5.0 13.75 1.7795
180.0 7.5 -5.0 13.75 2.172
180.0 10.0 -5.0 13.75 1.9554000000000002
180.0 2.5 -2.5 13.75 -2.7762000000000002
180.0 5.0 -2.5 13.75 -4.152
180.0 7.5 -2.5 13.75 -0.7559
180.0 -2.5 0.0 13.75 -4.1863
180.0 0.0 0.0 13.75 -8.0071
180.0 2.5 0.0 13.75 -15.1338
180.0 5.0 0.0 13.75 -21.269199999999998
180.0 -5.0 2.5 13.75 -7.463900000000001
180.0 -2.5 2.5 13.75 -9.8153
180.0 0.0 2.5 13.75 -15.4649
180.0 2.5 2.5 13.75 -5.856500000000004
180.0 -5.0 5.0 13.75 -15.8496
180.0 -2.5 5.0 13.75 -17.5688
180.0 0.0 5.0 13.75 -16.6706
180.0 2.5 5.0 13.75 -22.0243
180.0 5.0 5.0 13.75 167.6238
180.0 -5.0 -10.0 15.0 0.29679999999999995
180.0 -2.5 -10.0 15.0 0.43989999999999996
180.0 0.0 -10.0 15.0 0.4006
180.0 2.5 -10.0 15.0 0.8583000000000001
180.0 5.0 -10.0 15.0 1.0991
180.0 7.5 -10.0 15.0 0.7723
180.0 10.0 -10.0 15.0 0.2784
180.0 -5.0 -7.5 15.0 0.5568000000000001
180.0 -2.5 -7.5 15.0 0.378
180.0 0.0 -7.5 15.0 1.1948999999999999
180.0 2.5 -7.5 15.0 1.4882
180.0 5.0 -7.5 15.0 1.5801
180.0 7.5 -7.5 15.0 1.0266000000000002
180.0 10.0 -7.5 15.0 0.4066
180.0 -2.5 -5.0 15.0 0.871
180.0 0.0 -5.0 15.0 1.121
180.0 2.5 -5.0 15.0 0.6119
180.0 5.0 -5.0 15.0 0.4448000000000001
180.0 7.5 -5.0 15.0 0.3085
180.0 10.0 -5.0 15.0 -0.1136
180.0 -2.5 -2.5 15.0 -0.06140000000000001
180.0 0.0 -2.5 15.0 -2.0542
180.0 2.5 -2.5 15.0 -3.6759999999999997
180.0 5.0 -2.5 15.0 -5.116
180.0 7.5 -2.5 15.0 -2.8089
180.0 10.0 -2.5 15.0 -0.8591
180.0 -2.5 0.0 15.0 -3.299
180.0 0.0 0.0 15.0 -6.8548
180.0 2.5 0.0 15.0 -12.2943
180.0 5.0 0.0 15.0 -14.043199999999999
180.0 7.5 0.0 15.0 -9.671399999999998
180.0 10.0 0.0 15.0 -4.045999999999999
180.0 -5.0 2.5 15.0 -4.1661
180.0 -2.5 2.5 15.0 -6.2452000000000005
180.0 0.0 2.5 15.0 -12.5281
180.0 2.5 2.5 15.0 -24.043599999999998
180.0 5.0 2.5 15.0 -24.181099999999997
180.0 7.5 2.5 15.0 -15.619499999999999
180.0 10.0 2.5 15.0 -8.079
180.0 -5.0 5.0 15.0 -9.4847
180.0 -2.5 5.0 15.0 -10.844000000000001
180.0 0.0 5.0 15.0 -12.6405
180.0 2.5 5.0 15.0 -21.9268
180.0 5.0 5.0 15.0 -29.4683
180.0 7.5 5.0 15.0 -20.4881
180.0 10.0 5.0 15.0 -11.247499999999999
180.0 -5.0 -10.0 16.25 0.22540000000000002
180.0 -2.5 -10.0 16.25 0.4884
180.0 0.0 -10.0 16.25 0.6890999999999999
180.0 2.5 -10.0 16.25 0.6027
180.0 5.0 -10.0 16.25 0.48469999999999996
180.0 7.5 -10.0 16.25 0.3257
180.0 10.0 -10.0 16.25 0.1293
180.0 -5.0 -7.5 16.25 0.4446
180.0 -2.5 -7.5 16.25 0.6542
180.0 0.0 -7.5 16.25 0.7266
180.0 2.5 -7.5 16.25 1.0768
180.0 5.0 -7.5 16.25 0.8824000000000001
180.0 7.5 -7.5 16.25 0.3796
180.0 10.0 -7.5 16.25 0.0723
180.0 -5.0 -5.0 16.25 0.8743
180.0 -2.5 -5.0 16.25 0.9064
180.0 0.0 -5.0 16.25 0.5473
180.0 2.5 -5.0 16.25 -0.0782
180.0 5.0 -5.0 16.25 -0.4132
180.0 7.5 -5.0 16.25 -0.5222
180.0 10.0 -5.0 16.25 -0.5064
180.0 -5.0 -2.5 16.25 1.3765
180.0 -2.5 -2.5 16.25 0.2731
180.0 0.0 -2.5 16.25 -1.4683
180.0 2.5 -2.5 16.25 -3.5427
180.0 5.0 -2.5 16.25 -4.2301
180.0 7.5 -2.5 16.25 -3.4132
180.0 10.0 -2.5 16.25 -1.9339000000000002
180.0 -2.5 0.0 16.25 -1.5347
180.0 0.0 0.0 16.25 -5.3037
180.0 2.5 0.0 16.25 -9.1553
180.0 5.0 0.0 16.25 -10.2929
180.0 7.5 0.0 16.25 -7.8756
180.0 10.0 0.0 16.25 -3.9386
180.0 -5.0 2.5 16.25 -1.878
180.0 -2.5 2.5 16.25 -3.9193000000000002
180.0 0.0 2.5 16.25 -7.9298
180.0 2.5 2.5 16.25 -14.8954
180.0 5.0 2.5 16.25 -16.1516
180.0 7.5 2.5 16.25 -11.665700000000001
180.0 10.0 2.5 16.25 -6.1815
180.0 -5.0 5.0 16.25 -5.099600000000001
180.0 -2.5 5.0 16.25 -6.452400000000001
180.0 0.0 5.0 16.25 -8.1115
180.0 2.5 5.0 16.25 -13.9775
180.0 5.0 5.0 16.25 -17.6637
180.0 7.5 5.0 16.25 -13.6788
180.0 10.0 5.0 16.25 -8.2592
240.0 -5.0 -10.0 3.75 -0.3113
240.0 -2.5 -10.0 3.75 -2.7277
240.0 0.0 -10.0 3.75 -5.0706
240.0 2.5 -10.0 3.75 -6.924300000000001
240.0 5.0 -10.0 3.75 -5.805999999999999
240.0 7.5 -10.0 3.75 -2.9266
240.0 10.0 -10.0 3.75 -0.38430000000000003
240.0 -5.0 -7.5 3.75 -5.7658000000000005
240.0 -2.5 -7.5 3.75 -4.9126
240.0 0.0 -7.5 3.75 1132.8764999999999
240.0 2.5 -7.5 3.75 -18.391
240.0 5.0 -7.5 3.75 -10.1915
240.0 7.5 -7.5 3.75 -6.1291
240.0 10.0 -7.5 3.75 -0.09489999999999998
240.0 -5.0 -5.0 3.75 -2.851
240.0 -2.5 -5.0 3.75 8642243183.0154
240.0 0.0 -5.0 3.75 104826299.9563
240.0 2.5 -5.0 3.75 -18.269
240.0 5.0 -5.0 3.75 95.38340000000001
240.0 7.5 -5.0 3.75 -9.6358
240.0 10.0 -5.0 3.75 0.7038000000000002
240.0 -5.0 -2.5 3.75 13830388.273
240.0 -2.5 -2.5 3.75 2239890230.3305
240.0 0.0 -2.5 3.75 693376.3807999999
240.0 2.5 -2.5 3.75 35512.227
240.0 5.0 -2.5 3.75 -22.6368
240.0 7.5 -2.5 3.75 8351.5472
240.0 10.0 -2.5 3.75 761.0569
240.0 -5.0 0.0 3.75 267266778.9599
240.0 -2.5 0.0 3.75 752974790.7951
240.0 0.0 0.0 3.75 30867043.2589
240.0 2.5 0.0 3.75 39551473.2071
240.0 5.0 0.0 3.75 184288.8507
240.0 7.5 0.0 3.75 6374697.3678
240.0 10.0 0.0 3.75 6543.4384
240.0 -5.0 2.5 3.75 9999999938.3512
240.0 -2.5 2.5 3.75 450847585.2059
240.0 0.0 2.5 3.75 1843406176.3877
240.0 2.5 2.5 3.75 1700057195.0925999
240.0 5.0 2.5 3.75 10000000029.7668
240.0 7.5 2.5 3.75 10000000247.679602
240.0 10.0 2.5 3.75 50201.0916
240.0 -5.0 5.0 3.75 10000000035.5585
240.0 -2.5 5.0 3.75 9999999724.0988
240.0 0.0 5.0 3.75 10000000059.034601
240.0 2.5 5.0 3.75 10000000041.2884
240.0 5.0 5.0 3.75 10000000064.9857
240.0 7.5 5.0 3.75 9999999995.6954
240.0 10.0 5.0 3.75 3441932559.5138
240.0 -2.5 -10.0 11.25 1.4015
240.0 5.0 -10.0 11.25 0.2762
240.0 10.0 -10.0 11.25 0.0747
240.0 5.0 -7.5 11.25 -0.022699999999999998
240.0 -2.5 -2.5 11.25 -9.816199999999998
240.0 -5.0 0.0 11.25 12.5842
240.0 -2.5 0.0 11.25 -20.7174
240.0 0.0 0.0 11.25 -20.6143
240.0 -5.0 2.5 11.25 -2.9253
240.0 0.0 2.5 11.25 7.5516000000000005
240.0 0.0 5.0 11.25 51.7229
240.0 -5.0 -10.0 12.5 0.7094
240.0 -2.5 -10.0 12.5 0.7646000000000001
240.0 0.0 -10.0 12.5 0.5523
240.0 5.0 -10.0 12.5 0.16620000000000001
240.0 7.5 -10.0 12.5 0.0989
240.0 10.0 -10.0 12.5 0.0388
240.0 5.0 -7.5 12.5 0.038400000000000004
240.0 7.5 -7.5 12.5 0.0782
240.0 10.0 -7.5 12.5 0.056
240.0 2.5 -5.0 12.5 -1.3339999999999999
240.0 -5.0 -2.5 12.5 -3.71
240.0 -2.5 -2.5 12.5 -6.0953
240.0 0.0 -2.5 12.5 -7.2013
240.0 -5.0 0.0 12.5 -12.6743
240.0 -2.5 0.0 12.5 -14.8423
240.0 0.0 0.0 12.5 -13.8544
240.0 2.5 0.0 12.5 -11.0944
240.0 -5.0 2.5 12.5 -26.7794
240.0 0.0 2.5 12.5 -18.8112
240.0 0.0 5.0 12.5 -16.8107
240.0 -2.5 -10.0 13.75 0.26980000000000004
240.0 0.0 -10.0 13.75 0.1856
240.0 2.5 -10.0 13.75 0.0754
240.0 5.0 -10.0 13.75 0.0511
240.0 7.5 -10.0 13.75 0.0474
240.0 10.0 -10.0 13.75 0.0089
240.0 -5.0 -7.5 13.75 1.1733
240.0 2.5 -7.5 13.75 0.1717
240.0 5.0 -7.5 13.75 0.2109
240.0 7.5 -7.5 13.75 0.2434
240.0 10.0 -7.5 13.75 0.14300000000000002
240.0 -5.0 -5.0 13.75 1.1678
240.0 -2.5 -5.0 13.75 0.44509999999999994
240.0 2.5 -5.0 13.75 -0.2831
240.0 10.0 -5.0 13.75 0.1696
240.0 -5.0 -2.5 13.75 -2.0998
240.0 -2.5 -2.5 13.75 -3.4944
240.0 0.0 -2.5 13.75 -3.849
240.0 2.5 -2.5 13.75 -3.257
240.0 -5.0 0.0 13.75 -8.7805
240.0 -2.5 0.0 13.75 -10.312299999999999
240.0 0.0 0.0 13.75 -9.4497
240.0 2.5 0.0 13.75 -7.2688
240.0 -5.0 2.5 13.75 -19.5093
240.0 0.0 2.5 13.75 -12.755600000000001
240.0 2.5 2.5 13.75 -9.7205
240.0 -5.0 5.0 13.75 -33.3198
240.0 0.0 5.0 13.75 -13.8628
240.0 2.5 5.0 13.75 -11.4931
240.0 -5.0 -10.0 15.0 0.11810000000000001
240.0 -2.5 -10.0 15.0 0.0911
240.0 0.0 -10.0 15.0 0.0227
240.0 2.5 -10.0 15.0 0.0001
240.0 5.0 -10.0 15.0 0.0108
240.0 7.5 -10.0 15.0 0.0085
240.0 10.0 -10.0 15.0 0.0
240.0 -5.0 -7.5 15.0 0.5381
240.0 -2.5 -7.5 15.0 0.4163
240.0 0.0 -7.5 15.0 0.2324
240.0 2.5 -7.5 15.0 0.15280000000000002
240.0 5.0 -7.5 15.0 0.2107
240.0 7.5 -7.5 15.0 0.1955
240.0 10.0 -7.5 15.0 0.0948
240.0 -5.0 -5.0 15.0 1.0112
240.0 -2.5 -5.0 15.0 0.4193
240.0 0.0 -5.0 15.0 0.1523
240.0 2.5 -5.0 15.0 0.25620000000000004
240.0 5.0 -5.0 15.0 0.41609999999999997
240.0 7.5 -5.0 15.0 0.48569999999999997
240.0 10.0 -5.0 15.0 0.2733
240.0 -5.0 -2.5 15.0 -0.7105
240.0 -2.5 -2.5 15.0 -1.4771
240.0 0.0 -2.5 15.0 -1.5822
240.0 2.5 -2.5 15.0 -1.0449000000000002
240.0 5.0 -2.5 15.0 -0.1661
240.0 7.5 -2.5 15.0 0.1487
240.0 10.0 -2.5 15.0 0.19
240.0 -5.0 0.0 15.0 -6.0282
240.0 -2.5 0.0 15.0 -6.5435
240.0 0.0 0.0 15.0 -5.5287
240.0 2.5 0.0 15.0 -3.8319
240.0 5.0 0.0 15.0 -2.6235
240.0 10.0 0.0 15.0 -0.147
240.0 -5.0 2.5 15.0 -13.738999999999999
240.0 -2.5 2.5 15.0 -12.2956
240.0 0.0 2.5 15.0 -8.8063
240.0 2.5 2.5 15.0 -6.5919
240.0 5.0 2.5 15.0 -5.278700000000001
240.0 10.0 2.5 15.0 -1.6671999999999998
240.0 -5.0 5.0 15.0 -20.158
240.0 0.0 5.0 15.0 -9.3428
240.0 2.5 5.0 15.0 -8.7212
240.0 5.0 5.0 15.0 -9.7633
240.0 -5.0 -10.0 16.25 0.0405
240.0 -2.5 -10.0 16.25 0.0141
240.0 0.0 -10.0 16.25 0.001
240.0 2.5 -10.0 16.25 0.0
240.0 5.0 -10.0 16.25 0.0
240.0 7.5 -10.0 16.25 0.0
240.0 10.0 -10.0 16.25 0.0
240.0 -5.0 -7.5 16.25 0.2546
240.0 -2.5 -7.5 16.25 0.19149999999999998
240.0 0.0 -7.5 16.25 0.0682
240.0 2.5 -7.5 16.25 0.0693
240.0 5.0 -7.5 16.25 0.1154
240.0 7.5 -7.5 16.25 0.0988
240.0 10.0 -7.5 16.25 0.0346
240.0 -5.0 -5.0 16.25 0.6077
240.0 -2.5 -5.0 16.25 0.37789999999999996
240.0 0.0 -5.0 16.25 0.2896
240.0 2.5 -5.0 16.25 0.3167
240.0 5.0 -5.0 16.25 0.4505
240.0 7.5 -5.0 16.25 0.3488
240.0 10.0 -5.0 16.25 0.1877
240.0 -5.0 -2.5 16.25 -0.23770000000000002
240.0 -2.5 -2.5 16.25 -0.5009
240.0 0.0 -2.5 16.25 -0.1572
240.0 2.5 -2.5 16.25 0.3235
240.0 5.0 -2.5 16.25 0.5721
240.0 7.5 -2.5 16.25 0.4514
240.0 10.0 -2.5 16.25 0.1686
240.0 -5.0 0.0 16.25 -3.6265
240.0 -2.5 0.0 16.25 -3.3625
240.0 0.0 0.0 16.25 -2.2151
240.0 2.5 0.0 16.25 -1.354
240.0 5.0 0.0 16.25 -0.6971
240.0 7.5 0.0 16.25 -0.404
240.0 10.0 0.0 16.25 -0.2661
240.0 -5.0 2.5 16.25 -8.991200000000001
240.0 -2.5 2.5 16.25 -7.4127
240.0 0.0 2.5 16.25 -4.8668
240.0 2.5 2.5 16.25 -3.3087
240.0 5.0 2.5 16.25 -3.0467
240.0 7.5 2.5 16.25 -2.6642
240.0 10.0 2.5 16.25 -1.4469999999999998
240.0 -5.0 5.0 16.25 -13.2081
240.0 -2.5 5.0 16.25 -8.865599999999999
240.0 0.0 5.0 16.25 -5.521
240.0 2.5 5.0 16.25 -5.3478
240.0 5.0 5.0 16.25 -6.9385
240.0 7.5 5.0 16.25 -6.587000000000001
240.0 10.0 5.0 16.25 -3.6376
300.0 -5.0 -10.0 3.75 -14.4527
300.0 -2.5 -10.0 3.75 -15.5084
300.0 0.0 -10.0 3.75 -12.6905
300.0 2.5 -10.0 3.75 -7.0538
300.0 5.0 -10.0 3.75 -2.2317
300.0 7.5 -10.0 3.75 -0.0377
300.0 10.0 -10.0 3.75 0.5781999999999999
300.0 -5.0 -7.5 3.75 7193.0154
300.0 -2.5 -7.5 3.75 100344.8446
300.0 0.0 -7.5 3.75 -23.6102
300.0 2.5 -7.5 3.75 -13.473
300.0 5.0 -7.5 3.75 -6.2806
300.0 7.5 -7.5 3.75 -2.4671
300.0 10.0 -7.5 3.75 -0.3257
300.0 -5.0 -5.0 3.75 3759472.5406
300.0 -2.5 -5.0 3.75 2965194.3657
300.0 0.0 -5.0 3.75 1260.2575
300.0 2.5 -5.0 3.75 -10.4698
300.0 5.0 -5.0 3.75 -11.6497
300.0 7.5 -5.0 3.75 -9.1721
300.0 10.0 -5.0 3.75 -6.4460999999999995
300.0 -5.0 -2.5 3.75 7918055446.3
300.0 -2.5 -2.5 3.75 10000000055.800901
300.0 0.0 -2.5 3.75 13670311.8217
300.0 2.5 -2.5 3.75 55448.599899999994
300.0 5.0 -2.5 3.75 2393.4467
300.0 7.5 -2.5 3.75 -23.162399999999998
300.0 10.0 -2.5 3.75 -15.802399999999999
300.0 -5.0 0.0 3.75 9999999982.696201
300.0 -2.5 0.0 3.75 10000000043.5671
300.0 0.0 0.0 3.75 10000000061.245901
300.0 2.5 0.0 3.75 10000000083.474401
300.0 5.0 0.0 3.75 429822.8164
300.0 7.5 0.0 3.75 -38.5674
300.0 10.0 0.0 3.75 -25.1452
300.0 -5.0 2.5 3.75 10000000042.4066
300.0 -2.5 2.5 3.75 10000000257.9498
300.0 0.0 2.5 3.75 969918785.7926
300.0 2.5 2.5 3.75 10000000015.1741
300.0 5.0 2.5 3.75 1258522900.5622
300.0 7.5 2.5 3.75 4660919.556799999
300.0 10.0 2.5 3.75 -23.576900000000002
300.0 -5.0 5.0 3.75 9817931516.5227
300.0 -2.5 5.0 3.75 9999999911.5435
300.0 0.0 5.0 3.75 10000000534.3432
300.0 2.5 5.0 3.75 160933168.6632
300.0 5.0 5.0 3.75 295707480.30189997
300.0 7.5 5.0 3.75 32525054.4489
300.0 10.0 5.0 3.75 5.4569
300.0 -2.5 -5.0 8.75 9650510.508699998
300.0 -5.0 5.0 8.75 2694912177.59
300.0 -2.5 -10.0 10.0 -1.0015
300.0 -2.5 -7.5 10.0 -7.2042
300.0 -2.5 -5.0 10.0 537.1673000000001
300.0 -5.0 -2.5 10.0 1285.4911
300.0 -2.5 2.5 10.0 907843.332
300.0 -5.0 5.0 10.0 10000000303.4669
300.0 -2.5 5.0 10.0 4942356181.8509
300.0 0.0 5.0 10.0 1264580833.4457002
300.0 -2.5 -10.0 11.25 0.05099999999999999
300.0 0.0 -10.0 11.25 0.22449999999999998
300.0 2.5 -10.0 11.25 0.4407
300.0 -2.5 -7.5 11.25 -5.0893
300.0 0.0 -7.5 11.25 -3.1911
300.0 -2.5 -5.0 11.25 -15.1465
300.0 -2.5 0.0 11.25 21493.545299999998
300.0 -5.0 2.5 11.25 85111.1743
300.0 -2.5 2.5 11.25 211839.6214
300.0 -5.0 5.0 11.25 8359606.3817
300.0 -2.5 5.0 11.25 21874976.4501
300.0 0.0 5.0 11.25 10000000008.0569
300.0 5.0 5.0 11.25 -18.0889
300.0 -2.5 -10.0 12.5 0.46309999999999996
300.0 0.0 -10.0 12.5 0.3766
300.0 2.5 -10.0 12.5 0.46090000000000003
300.0 5.0 -10.0 12.5 0.19749999999999998
300.0 7.5 -10.0 12.5 0.0057
300.0 -5.0 -7.5 12.5 -3.4972
300.0 -2.5 -7.5 12.5 -2.9152
300.0 0.0 -7.5 12.5 -1.8993
300.0 2.5 -7.5 12.5 -0.6085
300.0 -5.0 -5.0 12.5 -10.5831
300.0 -2.5 -5.0 12.5 -10.8423
300.0 0.0 -5.0 12.5 -7.2018
300.0 -5.0 -2.5 12.5 -18.6668
300.0 -2.5 0.0 12.5 1.0936000000000021
300.0 -5.0 2.5 12.5 976.6800000000001
300.0 -2.5 2.5 12.5 2359.047
300.0 0.0 2.5 12.5 41464.4664
300.0 -5.0 5.0 12.5 39681728.0655
300.0 -2.5 5.0 12.5 9999999923.286402
300.0 0.0 5.0 12.5 724477597.0133001
300.0 5.0 5.0 12.5 -13.0169
300.0 7.5 5.0 12.5 -9.1912
300.0 -5.0 -10.0 13.75 0.6793
300.0 -2.5 -10.0 13.75 0.5287
300.0 0.0 -10.0 13.75 0.48070000000000007
300.0 2.5 -10.0 13.75 0.2629
300.0 5.0 -10.0 13.75 0.07919999999999999
300.0 7.5 -10.0 13.75 0.0001
300.0 10.0 -10.0 13.75 0.0
300.0 -5.0 -7.5 13.75 -1.7702
300.0 -2.5 -7.5 13.75 -1.6800000000000002
300.0 0.0 -7.5 13.75 -0.9151
300.0 2.5 -7.5 13.75 -0.1321
300.0 5.0 -7.5 13.75 0.0627
300.0 -5.0 -5.0 13.75 -7.5493
300.0 -2.5 -5.0 13.75 -7.899500000000001
300.0 0.0 -5.0 13.75 -5.142
300.0 2.5 -2.5 13.75 -5.2997
300.0 -5.0 0.0 13.75 -19.2307
300.0 -2.5 0.0 13.75 -25.525999999999996
300.0 -5.0 2.5 13.75 -15.5242
300.0 -2.5 2.5 13.75 -23.494999999999997
300.0 0.0 2.5 13.75 -23.0001
300.0 10.0 2.5 13.75 -2.3600999999999996
300.0 -5.0 5.0 13.75 504.0285
300.0 -2.5 5.0 13.75 4933.7587
300.0 0.0 5.0 13.75 83.0817
300.0 2.5 5.0 13.75 -15.350200000000001
300.0 7.5 5.0 13.75 -6.3396
300.0 10.0 5.0 13.75 -3.3449999999999998
300.0 -5.0 -10.0 15.0 0.666
300.0 -2.5 -10.0 15.0 0.5022
300.0 0.0 -10.0 15.0 0.3386
300.0 2.5 -10.0 15.0 0.1822
300.0 5.0 -10.0 15.0 0.0246
300.0 7.5 -10.0 15.0 0.0
300.0 10.0 -10.0 15.0 0.0
300.0 -5.0 -7.5 15.0 -0.9744
300.0 -2.5 -7.5 15.0 -0.7294
300.0 0.0 -7.5 15.0 -0.4208
300.0 2.5 -7.5 15.0 -0.0822
300.0 5.0 -7.5 15.0 0.0014999999999999998
300.0 7.5 -7.5 15.0 0.0016
300.0 10.0 -7.5 15.0 0.0
300.0 -5.0 -5.0 15.0 -4.8841
300.0 -2.5 -5.0 15.0 -4.9086
300.0 0.0 -5.0 15.0 -3.2254
300.0 2.5 -5.0 15.0 -1.4111
300.0 5.0 -5.0 15.0 -0.3453
300.0 7.5 -5.0 15.0 -0.0124
300.0 -5.0 -2.5 15.0 -9.7218
300.0 -2.5 -2.5 15.0 -11.379900000000001
300.0 0.0 -2.5 15.0 -8.2051
300.0 2.5 -2.5 15.0 -3.8856
300.0 7.5 -2.5 15.0 -0.3584
300.0 -5.0 0.0 15.0 -12.7704
300.0 -2.5 0.0 15.0 -17.3904
300.0 0.0 0.0 15.0 -14.077200000000001
300.0 2.5 0.0 15.0 -7.2791
300.0 5.0 0.0 15.0 -2.8137
300.0 -5.0 2.5 15.0 -10.9664
300.0 -2.5 2.5 15.0 -20.0492
300.0 0.0 2.5 15.0 -17.1242
300.0 2.5 2.5 15.0 -9.643799999999999
300.0 5.0 2.5 15.0 -4.7006
300.0 7.5 2.5 15.0 -2.0642
300.0 10.0 2.5 15.0 -0.8652
300.0 -5.0 5.0 15.0 -0.08300000000000018
300.0 -2.5 5.0 15.0 -18.186799999999998
300.0 0.0 5.0 15.0 -18.2253
300.0 2.5 5.0 15.0 -11.0037
300.0 5.0 5.0 15.0 -6.0012
300.0 7.5 5.0 15.0 -3.4038999999999997
300.0 10.0 5.0 15.0 -1.6640000000000001
300.0 -5.0 -10.0 16.25 0.5789000000000001
300.0 -2.5 -10.0 16.25 0.418
300.0 0.0 -10.0 16.25 0.25780000000000003
300.0 2.5 -10.0 16.25 0.1049
300.0 5.0 -10.0 16.25 0.0004
300.0 7.5 -10.0 16.25 0.0
300.0 10.0 -10.0 16.25 0.0
300.0 -5.0 -7.5 16.25 -0.0364
300.0 -2.5 -7.5 16.25 -0.2076
300.0 0.0 -7.5 16.25 -0.1085
300.0 2.5 -7.5 16.25 -0.1122
300.0 5.0 -7.5 16.25 0.0117
300.0 7.5 -7.5 16.25 0.0
300.0 10.0 -7.5 16.25 0.0
300.0 -5.0 -5.0 16.25 -2.6501
300.0 -2.5 -5.0 16.25 -2.7474
300.0 0.0 -5.0 16.25 -1.8173
300.0 2.5 -5.0 16.25 -0.8385999999999999
300.0 5.0 -5.0 16.25 -0.2554
300.0 7.5 -5.0 16.25 -0.0044
300.0 10.0 -5.0 16.25 0.0
300.0 -5.0 -2.5 16.25 -6.4460999999999995
300.0 -2.5 -2.5 16.25 -7.304
300.0 0.0 -2.5 16.25 -5.5479
300.0 2.5 -2.5 16.25 -2.5507
300.0 5.0 -2.5 16.25 -0.802
300.0 7.5 -2.5 16.25 -0.1142
300.0 10.0 -2.5 16.25 -0.0015
300.0 -5.0 0.0 16.25 -8.1973
300.0 -2.5 0.0 16.25 -11.3272
300.0 0.0 0.0 16.25 -9.707
300.0 2.5 0.0 16.25 -4.823
300.0 5.0 0.0 16.25 -1.5902
300.0 10.0 0.0 16.25 -0.0753
300.0 -5.0 2.5 16.25 -6.678599999999999
300.0 -2.5 2.5 16.25 -12.778699999999999
300.0 0.0 2.5 16.25 -11.0688
300.0 2.5 2.5 16.25 -6.3896
300.0 5.0 2.5 16.25 -2.3782
300.0 7.5 2.5 16.25 -0.8767
300.0 10.0 2.5 16.25 -0.2117
300.0 -5.0 5.0 16.25 0.5403999999999998
300.0 -2.5 5.0 16.25 -9.7678
300.0 0.0 5.0 16.25 -10.938600000000001
300.0 2.5 5.0 16.25 -6.3335
300.0 5.0 5.0 16.25 -3.1318
300.0 7.5 5.0 16.25 -1.3681
300.0 10.0 5.0 16.25 -0.4804
