0.0 5.0 -7.5 6.25 9999999899.4824
0.0 -2.5 5.0 6.25 13187293.364899999
0.0 0.0 2.5 7.5 10000000011.288101
0.0 -2.5 5.0 7.5 54246.9473
0.0 0.0 5.0 7.5 9999999866.2497
0.0 2.5 -10.0 8.75 6846366475.8124
0.0 5.0 -10.0 8.75 9999999969.9165
0.0 7.5 -10.0 8.75 3144300401.8161
0.0 0.0 -7.5 8.75 1278920305.1055999
0.0 5.0 -7.5 8.75 9999999961.2061
0.0 0.0 0.0 8.75 10000000034.9351
0.0 0.0 2.5 8.75 10000000018.5597
0.0 -2.5 5.0 8.75 549.0916
0.0 0.0 5.0 8.75 223803110.3865
0.0 2.5 5.0 8.75 593246.9628999999
0.0 5.0 5.0 8.75 679.0446
0.0 5.0 -10.0 10.0 26616173.5205
0.0 7.5 -10.0 10.0 2885590758.3296
0.0 0.0 -7.5 10.0 276181914.419
0.0 2.5 -7.5 10.0 1670380608.1471999
0.0 5.0 -7.5 10.0 10000000031.9015
0.0 -2.5 -5.0 10.0 10492032.3529
0.0 2.5 -5.0 10.0 10000000020.5063
0.0 -2.5 -2.5 10.0 431573.89119999995
0.0 0.0 -2.5 10.0 10000000003.375301
0.0 -2.5 0.0 10.0 82970.9874
0.0 0.0 0.0 10.0 10000000016.6637
0.0 2.5 0.0 10.0 10000000025.5776
0.0 0.0 2.5 10.0 151387740.1569
0.0 2.5 2.5 10.0 9267224606.5233
0.0 7.5 2.5 10.0 89.5981
0.0 -2.5 5.0 10.0 12.930499999999999
0.0 0.0 5.0 10.0 14421.8861
0.0 2.5 5.0 10.0 3666.8390000000004
0.0 5.0 5.0 10.0 -2.2555000000000005
0.0 2.5 -10.0 11.25 2512223.1049
0.0 5.0 -10.0 11.25 1886320.3439
0.0 7.5 -10.0 11.25 183780.8762
0.0 10.0 -10.0 11.25 23.020500000000002
0.0 0.0 -7.5 11.25 10000000018.0697
0.0 2.5 -7.5 11.25 10000000027.7169
0.0 5.0 -7.5 11.25 80336190.226
0.0 7.5 -7.5 11.25 9999999976.213701
0.0 -2.5 -5.0 11.25 51880.8793
0.0 0.0 -5.0 11.25 10000000026.5653
0.0 2.5 -5.0 11.25 7907453475.816501
0.0 5.0 -5.0 11.25 9999999965.6243
0.0 -5.0 -2.5 11.25 87.84509999999999
0.0 -2.5 -2.5 11.25 22365.2231
0.0 0.0 -2.5 11.25 9999999980.543901
0.0 7.5 -2.5 11.25 -15.4632
0.0 -2.5 0.0 11.25 668.312
0.0 0.0 0.0 11.25 422361101.8169
0.0 2.5 0.0 11.25 9999999984.475101
0.0 -2.5 2.5 11.25 -11.204799999999999
0.0 0.0 2.5 11.25 43871.1455
0.0 2.5 2.5 11.25 9999999989.3038
0.0 5.0 2.5 11.25 153.1544
0.0 7.5 2.5 11.25 10.0679
0.0 -5.0 5.0 11.25 -0.13250000000000006
0.0 -2.5 5.0 11.25 -2.0505
0.0 0.0 5.0 11.25 125.80409999999999
0.0 2.5 5.0 11.25 6385.0062
0.0 5.0 5.0 11.25 -1.3175
0.0 7.5 5.0 11.25 0.9117999999999999
0.0 0.0 -10.0 12.5 37423.928700000004
0.0 2.5 -10.0 12.5 19237364.7671
0.0 5.0 -10.0 12.5 3884.3698
0.0 7.5 -10.0 12.5 44.885
0.0 10.0 -10.0 12.5 -11.973199999999999
0.0 -2.5 -7.5 12.5 72352731.4801
0.0 0.0 -7.5 12.5 64197732.433000006
0.0 2.5 -7.5 12.5 9999999984.0863
0.0 5.0 -7.5 12.5 59418174.4523
0.0 7.5 -7.5 12.5 31830.917699999998
0.0 10.0 -7.5 12.5 3.3221000000000007
0.0 -5.0 -5.0 12.5 -4.2861
0.0 -2.5 -5.0 12.5 366.0816
0.0 0.0 -5.0 12.5 10000000017.412401
0.0 2.5 -5.0 12.5 141027936.37879997
0.0 5.0 -5.0 12.5 10117114.9002
0.0 7.5 -5.0 12.5 16853509.2938
0.0 10.0 -5.0 12.5 -8.8243
0.0 -5.0 -2.5 12.5 -8.6683
0.0 -2.5 -2.5 12.5 -5.482
0.0 0.0 -2.5 12.5 827517.6048999999
0.0 2.5 -2.5 12.5 10000000012.0932
0.0 5.0 -2.5 12.5 1050.0527000000002
0.0 7.5 -2.5 12.5 -9.3871
0.0 -5.0 0.0 12.5 -8.3244
0.0 -2.5 0.0 12.5 -6.7414
0.0 0.0 0.0 12.5 54411.0073
0.0 2.5 0.0 12.5 71875407.3899
0.0 5.0 0.0 12.5 78.5144
0.0 -2.5 2.5 12.5 -9.2932
0.0 0.0 2.5 12.5 229.77370000000002
0.0 2.5 2.5 12.5 551911.9551
0.0 5.0 2.5 12.5 -0.6297000000000001
0.0 7.5 2.5 12.5 -0.15839999999999987
0.0 10.0 2.5 12.5 2.7946
0.0 -5.0 5.0 12.5 -0.5044
0.0 -2.5 5.0 12.5 -2.175
0.0 0.0 5.0 12.5 -4.8733
0.0 2.5 5.0 12.5 -0.06499999999999997
0.0 5.0 5.0 12.5 -0.28590000000000004
0.0 7.5 5.0 12.5 1.9916
0.0 10.0 5.0 12.5 3.9146999999999994
0.0 0.0 -10.0 13.75 284.9798
0.0 2.5 -10.0 13.75 11179.4268
0.0 5.0 -10.0 13.75 596.1748
0.0 7.5 -10.0 13.75 -12.3781
0.0 10.0 -10.0 13.75 -7.1991000000000005
0.0 -2.5 -7.5 13.75 8581.899099999999
0.0 0.0 -7.5 13.75 8251159742.5961
0.0 2.5 -7.5 13.75 5051865132.5349
0.0 5.0 -7.5 13.75 5142894.2478
0.0 7.5 -7.5 13.75 11.7164
0.0 10.0 -7.5 13.75 -5.7369
0.0 -5.0 -5.0 13.75 -2.0107
0.0 -2.5 -5.0 13.75 7359.8545
0.0 0.0 -5.0 13.75 2573766360.2869
0.0 2.5 -5.0 13.75 856324635.3756001
0.0 5.0 -5.0 13.75 13078162.2107
0.0 7.5 -5.0 13.75 99.4245
0.0 10.0 -5.0 13.75 -4.4296999999999995
0.0 -5.0 -2.5 13.75 -4.178
0.0 -2.5 -2.5 13.75 -9.6996
0.0 0.0 -2.5 13.75 115.2291
0.0 2.5 -2.5 13.75 126536.04119999999
0.0 5.0 -2.5 13.75 16.6233
0.0 7.5 -2.5 13.75 -3.7756999999999996
0.0 -5.0 0.0 13.75 -5.1752
0.0 -2.5 0.0 13.75 -11.161
0.0 0.0 0.0 13.75 21.838700000000003
0.0 2.5 0.0 13.75 64470.5268
0.0 5.0 0.0 13.75 -0.026499999999999524
0.0 7.5 0.0 13.75 0.0403
0.0 -5.0 2.5 13.75 -3.1149
0.0 -2.5 2.5 13.75 -6.246499999999999
0.0 0.0 2.5 13.75 -7.3854
0.0 2.5 2.5 13.75 6.1792
0.0 5.0 2.5 13.75 -0.7800000000000002
0.0 7.5 2.5 13.75 1.4614000000000003
0.0 10.0 2.5 13.75 3.1896999999999998
0.0 -5.0 5.0 13.75 -0.4953
0.0 -2.5 5.0 13.75 -1.8659999999999999
0.0 0.0 5.0 13.75 -3.4584
0.0 2.5 5.0 13.75 -2.0983
0.0 5.0 5.0 13.75 0.7218
0.0 7.5 5.0 13.75 2.3419
0.0 10.0 5.0 13.75 3.3861
0.0 -5.0 -10.0 15.0 1.239
0.0 -2.5 -10.0 15.0 6.353700000000001
0.0 0.0 -10.0 15.0 57.274
0.0 2.5 -10.0 15.0 1554.7976999999998
0.0 5.0 -10.0 15.0 91.14359999999999
0.0 7.5 -10.0 15.0 -6.473800000000001
0.0 10.0 -10.0 15.0 -3.3871
0.0 -5.0 -7.5 15.0 0.8104
0.0 -2.5 -7.5 15.0 199.4282
0.0 0.0 -7.5 15.0 54914.6952
0.0 2.5 -7.5 15.0 19786814.6148
0.0 5.0 -7.5 15.0 9999999958.898201
0.0 7.5 -7.5 15.0 -1.0562
0.0 10.0 -7.5 15.0 -2.4804
0.0 -5.0 -5.0 15.0 -0.2076
0.0 -2.5 -5.0 15.0 3.9265
0.0 0.0 -5.0 15.0 10000000014.0846
0.0 2.5 -5.0 15.0 7501347.2302
0.0 5.0 -5.0 15.0 996360.6590999999
0.0 7.5 -5.0 15.0 -3.7642999999999995
0.0 10.0 -5.0 15.0 -1.3507
0.0 -5.0 -2.5 15.0 -2.1361
0.0 -2.5 -2.5 15.0 -4.7600999999999996
0.0 0.0 -2.5 15.0 11.669699999999999
0.0 2.5 -2.5 15.0 81.90530000000001
0.0 5.0 -2.5 15.0 4.0969
0.0 7.5 -2.5 15.0 -0.6071000000000001
0.0 10.0 -2.5 15.0 0.6827999999999999
0.0 -5.0 0.0 15.0 -2.8865
0.0 -2.5 0.0 15.0 -5.8027999999999995
0.0 0.0 0.0 15.0 -8.864
0.0 2.5 0.0 15.0 1.5050999999999999
0.0 5.0 0.0 15.0 1.7730000000000001
0.0 7.5 0.0 15.0 1.4405000000000001
0.0 10.0 0.0 15.0 2.3582
0.0 -5.0 2.5 15.0 -2.3026999999999997
0.0 -2.5 2.5 15.0 -4.008
0.0 0.0 2.5 15.0 -5.1649
0.0 2.5 2.5 15.0 -2.678
0.0 5.0 2.5 15.0 0.9926999999999999
0.0 7.5 2.5 15.0 2.359
0.0 10.0 2.5 15.0 2.9329
0.0 -5.0 5.0 15.0 -0.6618999999999999
0.0 -2.5 5.0 15.0 -1.8261
0.0 0.0 5.0 15.0 -2.5358
0.0 2.5 5.0 15.0 -0.8286
0.0 5.0 5.0 15.0 0.9002999999999999
0.0 7.5 5.0 15.0 2.5376
0.0 10.0 5.0 15.0 2.9938
0.0 -5.0 -10.0 16.25 1.5067
0.0 -2.5 -10.0 16.25 4.4104
0.0 0.0 -10.0 16.25 5.2051
0.0 2.5 -10.0 16.25 35.706
0.0 5.0 -10.0 16.25 0.2994999999999999
0.0 7.5 -10.0 16.25 -2.4851
0.0 10.0 -10.0 16.25 -1.0423
0.0 -5.0 -7.5 16.25 1.1354000000000002
0.0 -2.5 -7.5 16.25 3.468
0.0 0.0 -7.5 16.25 2618.806
0.0 2.5 -7.5 16.25 19066650.8599
0.0 5.0 -7.5 16.25 696002458.7888
0.0 7.5 -7.5 16.25 0.2910999999999999
0.0 10.0 -7.5 16.25 -0.1008
0.0 -5.0 -5.0 16.25 0.049800000000000066
0.0 -2.5 -5.0 16.25 0.5626
0.0 0.0 -5.0 16.25 706.9891
0.0 2.5 -5.0 16.25 981486.4441000001
0.0 5.0 -5.0 16.25 22179.0596
0.0 7.5 -5.0 16.25 -0.10180000000000011
0.0 10.0 -5.0 16.25 0.8298000000000001
0.0 -5.0 -2.5 16.25 -1.1124
0.0 -2.5 -2.5 16.25 -2.0009
0.0 0.0 -2.5 16.25 -2.012
0.0 2.5 -2.5 16.25 0.24450000000000038
0.0 5.0 -2.5 16.25 1.9732000000000003
0.0 7.5 -2.5 16.25 1.3194000000000004
0.0 10.0 -2.5 16.25 1.6957
0.0 -5.0 0.0 16.25 -1.8253
0.0 -2.5 0.0 16.25 -3.0344
0.0 0.0 0.0 16.25 -3.9901
0.0 2.5 0.0 16.25 -0.9692
0.0 5.0 0.0 16.25 2.3356
0.0 7.5 0.0 16.25 2.522
0.0 10.0 0.0 16.25 2.4474
0.0 -5.0 2.5 16.25 -1.5699999999999998
0.0 -2.5 2.5 16.25 -2.592
0.0 0.0 2.5 16.25 -2.8245999999999998
0.0 2.5 2.5 16.25 -0.598
0.0 5.0 2.5 16.25 1.6302
0.0 7.5 2.5 16.25 2.6075
0.0 10.0 2.5 16.25 2.5225
0.0 -5.0 5.0 16.25 -0.5704
0.0 -2.5 5.0 16.25 -1.5304
0.0 0.0 5.0 16.25 -1.5896000000000001
0.0 2.5 5.0 16.25 -0.532
0.0 5.0 5.0 16.25 1.281
0.0 7.5 5.0 16.25 2.4953
0.0 10.0 5.0 16.25 1.9359
60.0 -5.0 -10.0 3.75 1319395254.3715
60.0 -2.5 -10.0 3.75 10000000035.709301
60.0 0.0 -10.0 3.75 426123022.39239997
60.0 2.5 -10.0 3.75 10000000026.653301
60.0 5.0 -10.0 3.75 473221149.756
60.0 7.5 -10.0 3.75 457764831.2195
60.0 10.0 -10.0 3.75 79529815.6206
60.0 -5.0 -7.5 3.75 9999999916.322102
60.0 -2.5 -7.5 3.75 10000000023.322601
60.0 0.0 -7.5 3.75 10000000126.013802
60.0 2.5 -7.5 3.75 10000000059.131601
60.0 5.0 -7.5 3.75 10000000004.204401
60.0 7.5 -7.5 3.75 9999999996.9589
60.0 10.0 -7.5 3.75 81070881.3922
60.0 -5.0 -5.0 3.75 1269202243.4172
60.0 -2.5 -5.0 3.75 10000000030.3509
60.0 0.0 -5.0 3.75 10000000049.4957
60.0 2.5 -5.0 3.75 9999999914.513601
60.0 5.0 -5.0 3.75 10000000132.140701
60.0 7.5 -5.0 3.75 34246161.0395
60.0 10.0 -5.0 3.75 2008949.1377
60.0 -5.0 -2.5 3.75 1013249904.2601
60.0 -2.5 -2.5 3.75 10000000090.8386
60.0 0.0 -2.5 3.75 1368502887.2022
60.0 2.5 -2.5 3.75 10000000251.736
60.0 5.0 -2.5 3.75 9999999906.573801
60.0 7.5 -2.5 3.75 9999999998.0671
60.0 10.0 -2.5 3.75 20965221.0869
60.0 -5.0 0.0 3.75 555142082.9846
60.0 -2.5 0.0 3.75 10000000019.1231
60.0 0.0 0.0 3.75 10000000067.200401
60.0 2.5 0.0 3.75 6193313990.3691
60.0 5.0 0.0 3.75 10000000047.944601
60.0 7.5 0.0 3.75 324327165.99300003
60.0 10.0 0.0 3.75 4037633223.1143
60.0 -5.0 2.5 3.75 1580485358.267
60.0 -2.5 2.5 3.75 7103702.3283
60.0 0.0 2.5 3.75 49361048.7893
60.0 2.5 2.5 3.75 796187021.3018
60.0 5.0 2.5 3.75 1450096675.5288
60.0 7.5 2.5 3.75 206156.7094
60.0 10.0 2.5 3.75 1.2784
60.0 -5.0 5.0 3.75 1246855709.1361
60.0 -2.5 5.0 3.75 1202102991.5285
60.0 0.0 5.0 3.75 1322449.7617000001
60.0 2.5 5.0 3.75 30916666.7842
60.0 5.0 5.0 3.75 13023444.6105
60.0 7.5 5.0 3.75 1583684.5015
60.0 10.0 5.0 3.75 -3.9961
60.0 2.5 -2.5 5.0 6950729665.6887
60.0 0.0 0.0 5.0 4308626351.5998
60.0 0.0 2.5 5.0 2137657.8812
60.0 2.5 -2.5 6.25 9999999858.5482
60.0 0.0 0.0 6.25 9999999991.589
60.0 0.0 2.5 6.25 3660848284.2141
60.0 0.0 5.0 6.25 3653155215.0053
60.0 2.5 -5.0 7.5 10000000073.8164
60.0 2.5 -2.5 7.5 2612871996.7620997
60.0 5.0 -2.5 7.5 9999999960.0324
60.0 -2.5 0.0 7.5 7476916195.258599
60.0 0.0 0.0 7.5 10000000040.9836
60.0 2.5 0.0 7.5 9999999919.659801
60.0 0.0 2.5 7.5 2792641679.8979
60.0 0.0 5.0 7.5 120925495.4138
60.0 2.5 -7.5 8.75 2206578559.4016
60.0 2.5 -5.0 8.75 1367099206.5805
60.0 5.0 -5.0 8.75 9999999936.558802
60.0 0.0 -2.5 8.75 10000000025.574701
60.0 2.5 -2.5 8.75 9999999968.401901
60.0 -2.5 0.0 8.75 2649576322.5804
60.0 0.0 0.0 8.75 111180522.29910001
60.0 2.5 0.0 8.75 1691723.117
60.0 -2.5 2.5 8.75 9999999931.8272
60.0 0.0 2.5 8.75 10000000002.1592
60.0 0.0 5.0 8.75 9999999988.5639
60.0 5.0 -10.0 10.0 37281273.820499994
60.0 2.5 -7.5 10.0 9999999998.6107
60.0 5.0 -7.5 10.0 352547076.5499
60.0 7.5 -7.5 10.0 526498.8513
60.0 0.0 -5.0 10.0 9999999998.539202
60.0 2.5 -5.0 10.0 10000000015.8619
60.0 5.0 -5.0 10.0 10000000039.220402
60.0 -2.5 -2.5 10.0 5045297622.3208
60.0 0.0 -2.5 10.0 317918119.363
60.0 2.5 -2.5 10.0 10000000044.840601
60.0 5.0 -2.5 10.0 9999999965.302101
60.0 7.5 -2.5 10.0 9999999978.5007
60.0 -2.5 0.0 10.0 9999999989.8448
60.0 0.0 0.0 10.0 444066538.9892
60.0 2.5 0.0 10.0 4331381.0971
60.0 -2.5 2.5 10.0 247465349.87600002
60.0 0.0 2.5 10.0 43813073.0964
60.0 2.5 2.5 10.0 1769160.4976
60.0 -2.5 5.0 10.0 23983.207599999998
60.0 0.0 5.0 10.0 16947847.090099998
60.0 2.5 5.0 10.0 41805788.6489
60.0 2.5 -10.0 11.25 635903.5267
60.0 5.0 -10.0 11.25 1085.2359
60.0 10.0 -10.0 11.25 -3.6234
60.0 0.0 -7.5 11.25 67194971.23040001
60.0 2.5 -7.5 11.25 1612414.127
60.0 5.0 -7.5 11.25 24769.710600000002
60.0 7.5 -7.5 11.25 91.6994
60.0 0.0 -5.0 11.25 10000000014.9192
60.0 2.5 -5.0 11.25 258348391.6236
60.0 5.0 -5.0 11.25 21128441.326300003
60.0 -2.5 -2.5 11.25 9999999959.3903
60.0 0.0 -2.5 11.25 9999999912.648602
60.0 2.5 -2.5 11.25 2199511196.4578004
60.0 5.0 -2.5 11.25 9999999988.499802
60.0 7.5 -2.5 11.25 1209059.0533
60.0 -5.0 0.0 11.25 194887.3815
60.0 -2.5 0.0 11.25 1596060.7075
60.0 0.0 0.0 11.25 3131529296.3127003
60.0 2.5 0.0 11.25 8291404.4752
60.0 5.0 0.0 11.25 353.6827
60.0 -5.0 2.5 11.25 126.6832
60.0 -2.5 2.5 11.25 38073.5882
60.0 0.0 2.5 11.25 1930104092.1858
60.0 2.5 2.5 11.25 102422381.5419
60.0 5.0 2.5 11.25 91.8674
60.0 -2.5 5.0 11.25 159.9369
60.0 0.0 5.0 11.25 43553.4964
60.0 2.5 5.0 11.25 2256.7448
60.0 5.0 5.0 11.25 18.9525
60.0 7.5 5.0 11.25 0.007200000000000095
60.0 -2.5 -10.0 12.5 3695.9964
60.0 0.0 -10.0 12.5 4199913.5449
60.0 2.5 -10.0 12.5 1395488.1065999998
60.0 5.0 -10.0 12.5 579.0621
60.0 7.5 -10.0 12.5 -12.1396
60.0 10.0 -10.0 12.5 -4.8084
60.0 0.0 -7.5 12.5 78498.9804
60.0 2.5 -7.5 12.5 1564709.5319
60.0 5.0 -7.5 12.5 7158.714099999999
60.0 7.5 -7.5 12.5 -23.3661
60.0 10.0 -7.5 12.5 -10.566
60.0 -2.5 -5.0 12.5 235428294.804
60.0 0.0 -5.0 12.5 3797674945.7365
60.0 2.5 -5.0 12.5 5660373832.5331
60.0 5.0 -5.0 12.5 1494497482.9884002
60.0 7.5 -5.0 12.5 487.3954
60.0 -5.0 -2.5 12.5 572.2895000000001
60.0 -2.5 -2.5 12.5 109196.6457
60.0 0.0 -2.5 12.5 11042462.1244
60.0 2.5 -2.5 12.5 1381809.3491
60.0 5.0 -2.5 12.5 2308238.6527
60.0 7.5 -2.5 12.5 16465.117899999997
60.0 -5.0 0.0 12.5 4804.5664
60.0 -2.5 0.0 12.5 10180.336500000001
60.0 0.0 0.0 12.5 163050312.86470002
60.0 2.5 0.0 12.5 10000000000.441301
60.0 5.0 0.0 12.5 175.09820000000002
60.0 -5.0 2.5 12.5 -2.4554
60.0 -2.5 2.5 12.5 292.6706
60.0 0.0 2.5 12.5 5464951.5550999995
60.0 2.5 2.5 12.5 40988.816399999996
60.0 5.0 2.5 12.5 31.0514
60.0 7.5 2.5 12.5 -2.0211
60.0 -5.0 5.0 12.5 -1.8538999999999999
60.0 -2.5 5.0 12.5 -3.7921
60.0 0.0 5.0 12.5 1683.9469
60.0 2.5 5.0 12.5 104.2213
60.0 5.0 5.0 12.5 6.6876
60.0 7.5 5.0 12.5 1.1942999999999997
60.0 10.0 5.0 12.5 0.15249999999999997
60.0 -2.5 -10.0 13.75 72.5481
60.0 0.0 -10.0 13.75 836.9167
60.0 2.5 -10.0 13.75 640.2123
60.0 5.0 -10.0 13.75 -9.197299999999998
60.0 7.5 -10.0 13.75 -10.1383
60.0 10.0 -10.0 13.75 -3.5311000000000003
60.0 0.0 -7.5 13.75 58060.5212
60.0 2.5 -7.5 13.75 5345.5929
60.0 5.0 -7.5 13.75 21.794200000000004
60.0 7.5 -7.5 13.75 -13.7466
60.0 10.0 -7.5 13.75 -6.665
60.0 -2.5 -5.0 13.75 4801287.289100001
60.0 0.0 -5.0 13.75 1895625615.5689
60.0 2.5 -5.0 13.75 9999999973.4629
60.0 5.0 -5.0 13.75 76642644.5331
60.0 7.5 -5.0 13.75 29.592099999999995
60.0 10.0 -5.0 13.75 -6.5893
60.0 -5.0 -2.5 13.75 -2.629
60.0 -2.5 -2.5 13.75 73.2243
60.0 0.0 -2.5 13.75 10337.9108
60.0 2.5 -2.5 13.75 3158142.8592
60.0 5.0 -2.5 13.75 612.909
60.0 7.5 -2.5 13.75 -2.6296999999999997
60.0 -5.0 0.0 13.75 -1.0618
60.0 -2.5 0.0 13.75 -2.4651
60.0 0.0 0.0 13.75 3699043.0797
60.0 2.5 0.0 13.75 170539.42419999998
60.0 5.0 0.0 13.75 8.0634
60.0 -5.0 2.5 13.75 -2.0563
60.0 -2.5 2.5 13.75 -6.4772
60.0 0.0 2.5 13.75 4173.9734
60.0 2.5 2.5 13.75 134.48919999999998
60.0 5.0 2.5 13.75 9.3407
60.0 7.5 2.5 13.75 0.8941999999999999
60.0 -5.0 5.0 13.75 -1.3118
60.0 -2.5 5.0 13.75 -2.4939
60.0 0.0 5.0 13.75 -2.4654
60.0 2.5 5.0 13.75 -1.2504000000000002
60.0 5.0 5.0 13.75 3.1681999999999997
60.0 7.5 5.0 13.75 1.8508
60.0 10.0 5.0 13.75 0.6398
60.0 -5.0 -10.0 15.0 3.6887
60.0 -2.5 -10.0 15.0 4.1814
60.0 0.0 -10.0 15.0 3.6766
60.0 2.5 -10.0 15.0 -3.5073999999999996
60.0 5.0 -10.0 15.0 -7.7141
60.0 7.5 -10.0 15.0 -5.9736
60.0 10.0 -10.0 15.0 -2.0709
60.0 -5.0 -7.5 15.0 4.3798
60.0 -2.5 -7.5 15.0 7.626
60.0 0.0 -7.5 15.0 162.1633
60.0 2.5 -7.5 15.0 425.62910000000005
60.0 5.0 -7.5 15.0 -8.5723
60.0 7.5 -7.5 15.0 -7.2224
60.0 10.0 -7.5 15.0 -3.2443
60.0 -5.0 -5.0 15.0 1.855
60.0 -2.5 -5.0 15.0 798.0178999999999
60.0 0.0 -5.0 15.0 998621.3831
60.0 2.5 -5.0 15.0 72394248.71859999
60.0 5.0 -5.0 15.0 44203767.1025
60.0 7.5 -5.0 15.0 1.4039000000000001
60.0 10.0 -5.0 15.0 -2.5914
60.0 -5.0 -2.5 15.0 -0.637
60.0 -2.5 -2.5 15.0 30.4924
60.0 0.0 -2.5 15.0 3922.0683000000004
60.0 2.5 -2.5 15.0 2711.4348
60.0 5.0 -2.5 15.0 61.1915
60.0 7.5 -2.5 15.0 -2.2837
60.0 10.0 -2.5 15.0 -1.6222999999999999
60.0 -5.0 0.0 15.0 -0.9810000000000001
60.0 -2.5 0.0 15.0 -3.628
60.0 0.0 0.0 15.0 1.7274000000000003
60.0 2.5 0.0 15.0 -0.03400000000000003
60.0 5.0 0.0 15.0 1.0989999999999998
60.0 7.5 0.0 15.0 -0.03380000000000005
60.0 -5.0 2.5 15.0 -1.6354
60.0 -2.5 2.5 15.0 -3.5923
60.0 0.0 2.5 15.0 -4.5199
60.0 2.5 2.5 15.0 -1.7854
60.0 5.0 2.5 15.0 5.4672
60.0 7.5 2.5 15.0 1.9944000000000002
60.0 10.0 2.5 15.0 0.5847
60.0 -5.0 5.0 15.0 -0.9034
60.0 -2.5 5.0 15.0 -1.6814
60.0 0.0 5.0 15.0 -1.8877000000000002
60.0 2.5 5.0 15.0 0.6101000000000001
60.0 5.0 5.0 15.0 3.1473
60.0 7.5 5.0 15.0 1.9753999999999998
60.0 10.0 5.0 15.0 1.0288
60.0 -5.0 -10.0 16.25 1.9717999999999998
60.0 -2.5 -10.0 16.25 2.4088
60.0 0.0 -10.0 16.25 0.32899999999999996
60.0 2.5 -10.0 16.25 -3.0747
60.0 5.0 -10.0 16.25 -4.5915
60.0 7.5 -10.0 16.25 -3.3569999999999998
60.0 10.0 -10.0 16.25 -1.1323999999999999
60.0 -5.0 -7.5 16.25 2.7971
60.0 -2.5 -7.5 16.25 4.0519
60.0 0.0 -7.5 16.25 2.7504
60.0 2.5 -7.5 16.25 0.9984999999999999
60.0 5.0 -7.5 16.25 -6.1015
60.0 7.5 -7.5 16.25 -3.1105
60.0 10.0 -7.5 16.25 -1.1668
60.0 -5.0 -5.0 16.25 1.7821
60.0 -2.5 -5.0 16.25 12.7048
60.0 0.0 -5.0 16.25 4345.708199999999
60.0 2.5 -5.0 16.25 7830368.4646000005
60.0 5.0 -5.0 16.25 8873.1265
60.0 7.5 -5.0 16.25 1.1840000000000002
60.0 10.0 -5.0 16.25 -0.305
60.0 -5.0 -2.5 16.25 0.2478999999999999
60.0 -2.5 -2.5 16.25 1.6439000000000001
60.0 0.0 -2.5 16.25 126.7126
60.0 2.5 -2.5 16.25 99.2699
60.0 5.0 -2.5 16.25 6.0748
60.0 7.5 -2.5 16.25 1.1077000000000001
60.0 10.0 -2.5 16.25 0.48109999999999997
60.0 -5.0 0.0 16.25 -0.5933999999999999
60.0 -2.5 0.0 16.25 -1.0711
60.0 0.0 0.0 16.25 -1.815
60.0 2.5 0.0 16.25 0.0054000000000002935
60.0 5.0 0.0 16.25 2.6021
60.0 7.5 0.0 16.25 1.676
60.0 10.0 0.0 16.25 1.0134
60.0 -5.0 2.5 16.25 -0.9974
60.0 -2.5 2.5 16.25 -1.883
60.0 0.0 2.5 16.25 -2.1951
60.0 2.5 2.5 16.25 0.8318000000000001
60.0 5.0 2.5 16.25 3.7881
60.0 7.5 2.5 16.25 2.1444
60.0 10.0 2.5 16.25 1.3919000000000001
60.0 -5.0 5.0 16.25 -0.6428
60.0 -2.5 5.0 16.25 -0.9031
60.0 0.0 5.0 16.25 -0.47339999999999993
60.0 2.5 5.0 16.25 1.3906
60.0 5.0 5.0 16.25 2.4856000000000003
60.0 7.5 5.0 16.25 1.7944
60.0 10.0 5.0 16.25 1.4219
120.0 -5.0 -10.0 3.75 2197834061.276
120.0 -2.5 -10.0 3.75 38569982.6785
120.0 0.0 -10.0 3.75 10000000013.341002
120.0 2.5 -10.0 3.75 10000000070.457602
120.0 5.0 -10.0 3.75 9999999795.2296
120.0 7.5 -10.0 3.75 3327668.3327
120.0 10.0 -10.0 3.75 188463045.9707
120.0 -5.0 -7.5 3.75 10000000049.957201
120.0 -2.5 -7.5 3.75 1035830803.4566001
120.0 0.0 -7.5 3.75 10000000113.6555
120.0 2.5 -7.5 3.75 10000000061.0128
120.0 5.0 -7.5 3.75 10000000099.195301
120.0 7.5 -7.5 3.75 37699461.8539
120.0 10.0 -7.5 3.75 1112147.5234
120.0 -5.0 -5.0 3.75 10000000042.6345
120.0 -2.5 -5.0 3.75 10000000123.7754
120.0 0.0 -5.0 3.75 10000000102.1107
120.0 2.5 -5.0 3.75 10000000033.984901
120.0 5.0 -5.0 3.75 9999999901.118301
120.0 7.5 -5.0 3.75 9999999976.494001
120.0 10.0 -5.0 3.75 6.994999999999999
120.0 -5.0 -2.5 3.75 10000000152.4155
120.0 -2.5 -2.5 3.75 9999999967.670101
120.0 0.0 -2.5 3.75 3267594605.256
120.0 2.5 -2.5 3.75 9999999989.526001
120.0 5.0 -2.5 3.75 10000000044.6502
120.0 7.5 -2.5 3.75 636574.695
120.0 10.0 -2.5 3.75 -4.22
120.0 -5.0 0.0 3.75 10000000026.755701
120.0 -2.5 0.0 3.75 658880107.7745
120.0 0.0 0.0 3.75 9999999894.685902
120.0 2.5 0.0 3.75 9999999990.629702
120.0 5.0 0.0 3.75 10000000017.7366
120.0 7.5 0.0 3.75 132.7853
120.0 10.0 0.0 3.75 -4.2818000000000005
120.0 -5.0 2.5 3.75 5608457.968699999
120.0 -2.5 2.5 3.75 6135373991.1371
120.0 0.0 2.5 3.75 9999999979.2327
120.0 2.5 2.5 3.75 483649981.0855
120.0 5.0 2.5 3.75 60635.379700000005
120.0 7.5 2.5 3.75 -8.4251
120.0 10.0 2.5 3.75 -1.4277
120.0 -5.0 5.0 3.75 274934.749
120.0 -2.5 5.0 3.75 380786412.70900005
120.0 0.0 5.0 3.75 10000000007.7942
120.0 2.5 5.0 3.75 5619312621.3901
120.0 5.0 5.0 3.75 1988240.0533999999
120.0 7.5 5.0 3.75 -1.7569
120.0 10.0 5.0 3.75 0.21389999999999998
120.0 -2.5 5.0 5.0 540566089.3237001
120.0 -2.5 2.5 6.25 9999999981.816101
120.0 -2.5 5.0 6.25 9999999988.4113
120.0 2.5 -7.5 7.5 9999999866.2647
120.0 0.0 -5.0 7.5 10000000049.334501
120.0 -2.5 0.0 7.5 248448075.2215
120.0 -2.5 2.5 7.5 9999999966.467701
120.0 0.0 2.5 7.5 87953855.9522
120.0 -2.5 5.0 7.5 9999999977.9827
120.0 0.0 5.0 7.5 88329837.7651
120.0 2.5 -7.5 8.75 9999999987.3826
120.0 5.0 -7.5 8.75 9999999962.875801
120.0 0.0 -5.0 8.75 380933728.1701
120.0 0.0 0.0 8.75 152441092.3847
120.0 -2.5 2.5 8.75 9999999974.548601
120.0 0.0 2.5 8.75 9999999985.1821
120.0 -5.0 5.0 8.75 401.1886
120.0 -2.5 5.0 8.75 593042349.3877
120.0 0.0 5.0 8.75 14517262.941300001
120.0 2.5 5.0 8.75 4388.4627
120.0 2.5 -10.0 10.0 10000000000.358301
120.0 2.5 -7.5 10.0 3457036896.0425
120.0 5.0 -7.5 10.0 20830998.1028
120.0 7.5 -7.5 10.0 132.26149999999998
120.0 -2.5 -5.0 10.0 3374921913.2436
120.0 0.0 -5.0 10.0 1848396782.4139
120.0 2.5 -5.0 10.0 61936255.901200004
120.0 0.0 -2.5 10.0 9999999922.8271
120.0 0.0 0.0 10.0 10000000039.5711
120.0 2.5 0.0 10.0 75298236.9525
120.0 -5.0 2.5 10.0 1256.8654999999999
120.0 -2.5 2.5 10.0 3995777368.066
120.0 0.0 2.5 10.0 9999999999.505701
120.0 2.5 2.5 10.0 531119.0729
120.0 -5.0 5.0 10.0 8.6763
120.0 -2.5 5.0 10.0 634614305.2412001
120.0 0.0 5.0 10.0 23462069.6407
120.0 2.5 5.0 10.0 13.1098
120.0 5.0 5.0 10.0 -10.7167
120.0 2.5 -10.0 11.25 3231337.4799
120.0 5.0 -10.0 11.25 65287.0243
120.0 10.0 -10.0 11.25 337016.4867
120.0 -2.5 -7.5 11.25 3729260888.8142
120.0 0.0 -7.5 11.25 9999999996.8917
120.0 2.5 -7.5 11.25 9999999990.2269
120.0 5.0 -7.5 11.25 31518775.615
120.0 7.5 -7.5 11.25 49.85210000000001
120.0 -2.5 -5.0 11.25 10000000022.480501
120.0 0.0 -5.0 11.25 754602519.0657
120.0 2.5 -5.0 11.25 1761630.2251
120.0 5.0 -5.0 11.25 27692.9405
120.0 7.5 -5.0 11.25 10.601700000000001
120.0 0.0 -2.5 11.25 10000000079.793402
120.0 2.5 -2.5 11.25 170976862.921
120.0 -5.0 0.0 11.25 465.2127
120.0 -2.5 0.0 11.25 222419174.1845
120.0 0.0 0.0 11.25 2933310464.6819
120.0 2.5 0.0 11.25 1965356.1748
120.0 -5.0 2.5 11.25 14.2421
120.0 -2.5 2.5 11.25 3671610.7202
120.0 0.0 2.5 11.25 11060213.6177
120.0 2.5 2.5 11.25 508.17220000000003
120.0 -5.0 5.0 11.25 -6.713900000000001
120.0 -2.5 5.0 11.25 2484.9321
120.0 0.0 5.0 11.25 9999999988.9416
120.0 2.5 5.0 11.25 45.916799999999995
120.0 5.0 5.0 11.25 -7.1417
120.0 7.5 5.0 11.25 -2.7364
120.0 -5.0 -10.0 12.5 85768.52279999999
120.0 -2.5 -10.0 12.5 166.0402
120.0 0.0 -10.0 12.5 154.43030000000002
120.0 2.5 -10.0 12.5 85759.2551
120.0 5.0 -10.0 12.5 1982.9732
120.0 7.5 -10.0 12.5 984.5802
120.0 10.0 -10.0 12.5 2.8793999999999995
120.0 -2.5 -7.5 12.5 2325100.711
120.0 0.0 -7.5 12.5 680230.658
120.0 2.5 -7.5 12.5 25154035.346
120.0 5.0 -7.5 12.5 16793.828700000002
120.0 7.5 -7.5 12.5 -5.6409
120.0 10.0 -7.5 12.5 -5.1495
120.0 -2.5 -5.0 12.5 10000000026.890001
120.0 0.0 -5.0 12.5 10000000003.251202
120.0 2.5 -5.0 12.5 9999999980.6727
120.0 5.0 -5.0 12.5 1061812.7092
120.0 -5.0 -2.5 12.5 1010.7736
120.0 -2.5 -2.5 12.5 172187334.11270002
120.0 0.0 -2.5 12.5 1038261.8920999999
120.0 2.5 -2.5 12.5 606772191.1222
120.0 5.0 -2.5 12.5 68.69919999999999
120.0 -5.0 0.0 12.5 13.793
120.0 -2.5 0.0 12.5 325677733.8774
120.0 0.0 0.0 12.5 8269809.4817
120.0 2.5 0.0 12.5 34072.5436
120.0 5.0 0.0 12.5 -9.859
120.0 -5.0 2.5 12.5 -5.062900000000001
120.0 -2.5 2.5 12.5 27191.831
120.0 0.0 2.5 12.5 4994532093.317101
120.0 2.5 2.5 12.5 63.9122
120.0 5.0 2.5 12.5 -9.2029
120.0 -5.0 5.0 12.5 -4.9605
120.0 -2.5 5.0 12.5 -2.082600000000001
120.0 0.0 5.0 12.5 626914.8573
120.0 2.5 5.0 12.5 8.2147
120.0 5.0 5.0 12.5 -3.3811
120.0 7.5 5.0 12.5 -1.5866
120.0 -5.0 -10.0 13.75 2.7595
120.0 -2.5 -10.0 13.75 -3.1657
120.0 0.0 -10.0 13.75 -6.8864
120.0 2.5 -10.0 13.75 662.1531
120.0 5.0 -10.0 13.75 1.112
120.0 7.5 -10.0 13.75 -6.481
120.0 10.0 -10.0 13.75 -2.6155
120.0 -2.5 -7.5 13.75 11822006.1838
120.0 0.0 -7.5 13.75 639607.8871
120.0 2.5 -7.5 13.75 95157.53749999999
120.0 5.0 -7.5 13.75 710.7103999999999
120.0 7.5 -7.5 13.75 -7.7193000000000005
120.0 10.0 -7.5 13.75 -3.7796000000000003
120.0 -2.5 -5.0 13.75 4630442102.43
120.0 0.0 -5.0 13.75 9999999985.3659
120.0 2.5 -5.0 13.75 3209440297.2291
120.0 5.0 -5.0 13.75 235.1457
120.0 7.5 -5.0 13.75 -7.9462
120.0 10.0 -5.0 13.75 -4.1988
120.0 -5.0 -2.5 13.75 9.1171
120.0 -2.5 -2.5 13.75 977396.7109
120.0 0.0 -2.5 13.75 752823.9417
120.0 2.5 -2.5 13.75 5604455.6077000005
120.0 5.0 -2.5 13.75 -0.19220000000000015
120.0 -5.0 0.0 13.75 1.8071000000000002
120.0 -2.5 0.0 13.75 21307.0843
120.0 0.0 0.0 13.75 11386.6284
120.0 2.5 0.0 13.75 -3.9383
120.0 5.0 0.0 13.75 -6.7131
120.0 -5.0 2.5 13.75 -2.6899
120.0 -2.5 2.5 13.75 30.6242
120.0 0.0 2.5 13.75 1130995.9043
120.0 2.5 2.5 13.75 5.2311
120.0 5.0 2.5 13.75 -3.7439
120.0 -5.0 5.0 13.75 -2.7763
120.0 -2.5 5.0 13.75 -10.8329
120.0 0.0 5.0 13.75 13.0367
120.0 2.5 5.0 13.75 2.945
120.0 5.0 5.0 13.75 -0.328
120.0 7.5 5.0 13.75 -0.6638999999999999
120.0 -5.0 -10.0 15.0 -1.0228
120.0 -2.5 -10.0 15.0 -1.6454999999999997
120.0 0.0 -10.0 15.0 -4.2444
120.0 2.5 -10.0 15.0 -5.492
120.0 5.0 -10.0 15.0 -5.8124
120.0 7.5 -10.0 15.0 -3.4048000000000003
120.0 10.0 -10.0 15.0 -1.7584
120.0 -5.0 -7.5 15.0 5.6725
120.0 -2.5 -7.5 15.0 1130.8278
120.0 0.0 -7.5 15.0 1600.5337
120.0 2.5 -7.5 15.0 190.19490000000002
120.0 5.0 -7.5 15.0 -7.5328
120.0 7.5 -7.5 15.0 -4.7919
120.0 10.0 -7.5 15.0 -2.4513
120.0 -5.0 -5.0 15.0 27.862099999999998
120.0 -2.5 -5.0 15.0 19989821.0932
120.0 0.0 -5.0 15.0 9999999984.973202
120.0 2.5 -5.0 15.0 807417.5286000001
120.0 5.0 -5.0 15.0 -6.7659
120.0 7.5 -5.0 15.0 -4.775
120.0 10.0 -5.0 15.0 -3.0186
120.0 -5.0 -2.5 15.0 5.0501000000000005
120.0 -2.5 -2.5 15.0 461.82550000000003
120.0 0.0 -2.5 15.0 70356673.55790001
120.0 2.5 -2.5 15.0 9999999945.773401
120.0 5.0 -2.5 15.0 -0.8091
120.0 7.5 -2.5 15.0 -3.444
120.0 10.0 -2.5 15.0 -2.4668
120.0 -5.0 0.0 15.0 2.5462000000000002
120.0 -2.5 0.0 15.0 3.1812000000000005
120.0 0.0 0.0 15.0 2.0637999999999996
120.0 2.5 0.0 15.0 -2.0812999999999997
120.0 5.0 0.0 15.0 -1.9262000000000001
120.0 10.0 0.0 15.0 -1.184
120.0 -5.0 2.5 15.0 -0.6083999999999999
120.0 -2.5 2.5 15.0 -5.845000000000001
120.0 0.0 2.5 15.0 3.2367000000000004
120.0 2.5 2.5 15.0 2.7304
120.0 5.0 2.5 15.0 -0.1271
120.0 7.5 2.5 15.0 -0.1882
120.0 -5.0 5.0 15.0 -1.2066
120.0 -2.5 5.0 15.0 -4.3662
120.0 0.0 5.0 15.0 -0.7014
120.0 2.5 5.0 15.0 3.2063999999999995
120.0 5.0 5.0 15.0 1.0339999999999998
120.0 7.5 5.0 15.0 0.8684
120.0 10.0 5.0 15.0 0.8488
120.0 -5.0 -10.0 16.25 -0.4247000000000001
120.0 -2.5 -10.0 16.25 -0.9062
120.0 0.0 -10.0 16.25 -2.6874000000000002
120.0 2.5 -10.0 16.25 -3.6676
120.0 5.0 -10.0 16.25 -2.8909000000000002
120.0 7.5 -10.0 16.25 -1.6133
120.0 10.0 -10.0 16.25 -1.1256
120.0 -5.0 -7.5 16.25 1.5205
120.0 -2.5 -7.5 16.25 10.9797
120.0 0.0 -7.5 16.25 0.9181
120.0 2.5 -7.5 16.25 -6.1175999999999995
120.0 5.0 -7.5 16.25 -4.4239
120.0 7.5 -7.5 16.25 -2.6786999999999996
120.0 10.0 -7.5 16.25 -1.9079
120.0 -5.0 -5.0 16.25 4.4472000000000005
120.0 -2.5 -5.0 16.25 27793.453
120.0 0.0 -5.0 16.25 10815.6242
120.0 2.5 -5.0 16.25 35.8335
120.0 5.0 -5.0 16.25 -3.9294000000000002
120.0 7.5 -5.0 16.25 -2.6507
120.0 10.0 -5.0 16.25 -1.9908
120.0 -5.0 -2.5 16.25 4.5563
120.0 -2.5 -2.5 16.25 10.7628
120.0 0.0 -2.5 16.25 67687521.1792
120.0 2.5 -2.5 16.25 16240613.2343
120.0 5.0 -2.5 16.25 0.20789999999999997
120.0 7.5 -2.5 16.25 -1.5889
120.0 10.0 -2.5 16.25 -0.9718
120.0 -5.0 0.0 16.25 2.7186
120.0 -2.5 0.0 16.25 1.8786
120.0 0.0 0.0 16.25 1.4062000000000001
120.0 2.5 0.0 16.25 1.5034999999999998
120.0 5.0 0.0 16.25 0.8747999999999999
120.0 7.5 0.0 16.25 0.019799999999999984
120.0 10.0 0.0 16.25 0.34800000000000003
120.0 -5.0 2.5 16.25 0.517
120.0 -2.5 2.5 16.25 -0.9350999999999999
120.0 0.0 2.5 16.25 1.1594000000000002
120.0 2.5 2.5 16.25 3.1474
120.0 5.0 2.5 16.25 1.5684
120.0 7.5 2.5 16.25 1.4778
120.0 10.0 2.5 16.25 0.7827
120.0 -5.0 5.0 16.25 -0.5669
120.0 -2.5 5.0 16.25 -1.4274
120.0 0.0 5.0 16.25 0.8903
120.0 2.5 5.0 16.25 2.79
120.0 5.0 5.0 16.25 1.7887
120.0 7.5 5.0 16.25 1.6404
120.0 10.0 5.0 16.25 0.9409
180.0 -5.0 -10.0 3.75 9999999973.272701
180.0 -2.5 -10.0 3.75 9999999901.8061
180.0 0.0 -10.0 3.75 3588102046.2218
180.0 2.5 -10.0 3.75 9597475.5872
180.0 5.0 -10.0 3.75 649007515.5283
180.0 7.5 -10.0 3.75 9999999960.677
180.0 10.0 -10.0 3.75 873456652.1426
180.0 -5.0 -7.5 3.75 9999999930.1748
180.0 -2.5 -7.5 3.75 9999999829.7821
180.0 0.0 -7.5 3.75 5875032713.3038
180.0 2.5 -7.5 3.75 10000000055.921701
180.0 5.0 -7.5 3.75 280957771.1704
180.0 7.5 -7.5 3.75 10000000117.030901
180.0 10.0 -7.5 3.75 10000000088.5035
180.0 -5.0 -5.0 3.75 10000000027.6888
180.0 -2.5 -5.0 3.75 9999999835.0391
180.0 0.0 -5.0 3.75 10000000039.8313
180.0 2.5 -5.0 3.75 9999999882.2887
180.0 5.0 -5.0 3.75 9999999963.4871
180.0 7.5 -5.0 3.75 9243715.675
180.0 10.0 -5.0 3.75 10000000024.2066
180.0 -5.0 -2.5 3.75 1507745004.3026001
180.0 -2.5 -2.5 3.75 9999999915.263102
180.0 0.0 -2.5 3.75 10000000046.0466
180.0 2.5 -2.5 3.75 4399518244.5511
180.0 5.0 -2.5 3.75 10000000075.3584
180.0 7.5 -2.5 3.75 38060669.650599994
180.0 10.0 -2.5 3.75 10000000342.336601
180.0 -5.0 0.0 3.75 3398611236.1993
180.0 -2.5 0.0 3.75 2887824210.9564
180.0 0.0 0.0 3.75 191008149.2121
180.0 2.5 0.0 3.75 9999999998.402
180.0 5.0 0.0 3.75 10000000195.9894
180.0 7.5 0.0 3.75 1534077222.3853002
180.0 10.0 0.0 3.75 2015561.1714
180.0 -5.0 2.5 3.75 3178413944.3809
180.0 -2.5 2.5 3.75 10000000032.756401
180.0 0.0 2.5 3.75 1825710864.6076
180.0 2.5 2.5 3.75 10000000010.726301
180.0 5.0 2.5 3.75 141564192.2938
180.0 7.5 2.5 3.75 10000000009.4498
180.0 10.0 2.5 3.75 1783.5425
180.0 -5.0 5.0 3.75 42542295.421
180.0 -2.5 5.0 3.75 3373802977.8757
180.0 0.0 5.0 3.75 551372391.7699
180.0 2.5 5.0 3.75 437902.2234
180.0 5.0 5.0 3.75 222274.9587
180.0 7.5 5.0 3.75 1219842441.9027998
180.0 10.0 5.0 3.75 114.8393
180.0 -2.5 -2.5 7.5 9999999987.356602
180.0 0.0 2.5 7.5 61124567.20240001
180.0 0.0 5.0 7.5 5600763.7504
180.0 -5.0 -2.5 8.75 10000000195.5055
180.0 -2.5 -2.5 8.75 9999999965.2982
180.0 2.5 -2.5 8.75 3047779.692
180.0 -5.0 0.0 8.75 763414320.5268
180.0 0.0 0.0 8.75 2317122787.4112997
180.0 0.0 2.5 8.75 6644511217.142099
180.0 0.0 -10.0 10.0 3645382422.9295
180.0 2.5 -10.0 10.0 8197742.7104
180.0 0.0 -7.5 10.0 67257787.4035
180.0 2.5 -7.5 10.0 324341627.4928
180.0 5.0 -7.5 10.0 277879.818
180.0 -2.5 -5.0 10.0 1839875565.0493999
180.0 0.0 -5.0 10.0 3481812768.5025
180.0 2.5 -5.0 10.0 5752191546.0682
180.0 5.0 -5.0 10.0 73927867.79419999
180.0 -5.0 -2.5 10.0 90794682.3811
180.0 -2.5 -2.5 10.0 133041388.802
180.0 0.0 -2.5 10.0 117476578.1055
180.0 2.5 -2.5 10.0 2773026.688
180.0 -5.0 0.0 10.0 9999999996.5475
180.0 -2.5 0.0 10.0 64459463.8935
180.0 0.0 0.0 10.0 7472358955.275399
180.0 -5.0 2.5 10.0 2545708.8223
180.0 0.0 2.5 10.0 133992.3125
180.0 2.5 2.5 10.0 1370910.6543
180.0 0.0 5.0 10.0 74.4632
180.0 2.5 5.0 10.0 9320.225400000001
180.0 0.0 -10.0 11.25 115653088.3814
180.0 2.5 -10.0 11.25 745.4679
180.0 5.0 -10.0 11.25 -6.252
180.0 0.0 -7.5 11.25 1624274602.7603
180.0 2.5 -7.5 11.25 4823216.659899999
180.0 5.0 -7.5 11.25 47.2512
180.0 7.5 -7.5 11.25 515.6806
180.0 -2.5 -5.0 11.25 3494638.2395
180.0 0.0 -5.0 11.25 9999999974.927502
180.0 2.5 -5.0 11.25 9999999985.285702
180.0 5.0 -5.0 11.25 9999999994.4696
180.0 -5.0 -2.5 11.25 30033068.631899998
180.0 -2.5 -2.5 11.25 7884601319.053599
180.0 0.0 -2.5 11.25 20572709.3339
180.0 2.5 -2.5 11.25 129541.68789999999
180.0 -5.0 0.0 11.25 3900517.9525
180.0 -2.5 0.0 11.25 2476653874.9965997
180.0 0.0 0.0 11.25 39993.9405
180.0 -5.0 2.5 11.25 2370.0311
180.0 -2.5 2.5 11.25 34290933.57
180.0 0.0 2.5 11.25 11903.2622
180.0 2.5 2.5 11.25 1169.3209
180.0 -5.0 5.0 11.25 68.0087
180.0 0.0 5.0 11.25 33.6714
180.0 2.5 5.0 11.25 2.1803
180.0 -5.0 -10.0 12.5 37.3588
180.0 -2.5 -10.0 12.5 93020.2114
180.0 0.0 -10.0 12.5 5743.6142
180.0 2.5 -10.0 12.5 30.939799999999998
180.0 5.0 -10.0 12.5 -7.0184
180.0 7.5 -10.0 12.5 -1.3342
180.0 10.0 -10.0 12.5 0.3457
180.0 -2.5 -7.5 12.5 9901244997.1375
180.0 0.0 -7.5 12.5 1214588419.7782001
180.0 2.5 -7.5 12.5 10202931.1837
180.0 5.0 -7.5 12.5 -7.427199999999999
180.0 7.5 -7.5 12.5 -3.4477
180.0 -5.0 -5.0 12.5 99384.7304
180.0 -2.5 -5.0 12.5 378218555.4038
180.0 0.0 -5.0 12.5 9999999981.364601
180.0 2.5 -5.0 12.5 2101407793.4232001
180.0 5.0 -5.0 12.5 2072795.4878
180.0 -5.0 -2.5 12.5 6014.6846
180.0 -2.5 -2.5 12.5 9999999984.846601
180.0 0.0 -2.5 12.5 18065.0883
180.0 2.5 -2.5 12.5 430024.1107
180.0 5.0 -2.5 12.5 11056.5733
180.0 -5.0 0.0 12.5 3285.9732
180.0 -2.5 0.0 12.5 20010894.8768
180.0 0.0 0.0 12.5 12165.9337
180.0 2.5 0.0 12.5 -16.294
180.0 -5.0 2.5 12.5 40.6386
180.0 -2.5 2.5 12.5 16260855.1677
180.0 0.0 2.5 12.5 65.3327
180.0 2.5 2.5 12.5 -6.7121
180.0 -5.0 5.0 12.5 -7.571400000000001
180.0 -2.5 5.0 12.5 3116.5522
180.0 0.0 5.0 12.5 -0.5828
180.0 2.5 5.0 12.5 -1.7467
180.0 5.0 5.0 12.5 -0.2623
180.0 7.5 5.0 12.5 -0.8772
180.0 10.0 5.0 12.5 -2.0654
180.0 -5.0 -10.0 13.75 5.2344
180.0 -2.5 -10.0 13.75 12495.2947
180.0 0.0 -10.0 13.75 2316.9922
180.0 2.5 -10.0 13.75 -9.4789
180.0 5.0 -10.0 13.75 -5.751
180.0 7.5 -10.0 13.75 -0.7857
180.0 10.0 -10.0 13.75 0.7322
180.0 -5.0 -7.5 13.75 6798726.0648
180.0 -2.5 -7.5 13.75 910664083.3208
180.0 0.0 -7.5 13.75 8409694512.1728
180.0 2.5 -7.5 13.75 204622.8393
180.0 5.0 -7.5 13.75 -10.0606
180.0 7.5 -7.5 13.75 -2.2698
180.0 10.0 -7.5 13.75 1.5334
180.0 -5.0 -5.0 13.75 27625277.8796
180.0 -2.5 -5.0 13.75 9288419.828300001
180.0 0.0 -5.0 13.75 9999999983.3575
180.0 2.5 -5.0 13.75 30466.4156
180.0 5.0 -5.0 13.75 268.8271
180.0 -5.0 -2.5 13.75 41.8213
180.0 -2.5 -2.5 13.75 74196.87150000001
180.0 0.0 -2.5 13.75 172.6136
180.0 2.5 -2.5 13.75 1283.5591
180.0 5.0 -2.5 13.75 3.795
180.0 -5.0 0.0 13.75 24.7235
180.0 -2.5 0.0 13.75 11030.7561
180.0 0.0 0.0 13.75 13.371399999999998
180.0 2.5 0.0 13.75 -9.9161
180.0 -5.0 2.5 13.75 -11.907
180.0 -2.5 2.5 13.75 859.6557
180.0 0.0 2.5 13.75 -0.22599999999999998
180.0 2.5 2.5 13.75 -3.9219999999999997
180.0 5.0 2.5 13.75 -2.5932
180.0 -5.0 5.0 13.75 -5.0524000000000004
180.0 -2.5 5.0 13.75 1.9075000000000002
180.0 0.0 5.0 13.75 0.43710000000000004
180.0 2.5 5.0 13.75 -0.1782999999999999
180.0 5.0 5.0 13.75 0.21100000000000002
180.0 7.5 5.0 13.75 -0.7065
180.0 10.0 5.0 13.75 -1.7234
180.0 -5.0 -10.0 15.0 2.8768
180.0 -2.5 -10.0 15.0 16.944999999999997
180.0 0.0 -10.0 15.0 45.6503
180.0 2.5 -10.0 15.0 -7.7364999999999995
180.0 5.0 -10.0 15.0 -3.9685
180.0 7.5 -10.0 15.0 -0.38739999999999997
180.0 10.0 -10.0 15.0 0.8644999999999999
180.0 -5.0 -7.5 15.0 755.5522000000001
180.0 -2.5 -7.5 15.0 9327142.2235
180.0 0.0 -7.5 15.0 10000000001.7719
180.0 2.5 -7.5 15.0 197799.08930000002
180.0 5.0 -7.5 15.0 -5.8396
180.0 7.5 -7.5 15.0 -1.3168000000000002
180.0 10.0 -7.5 15.0 1.5473
180.0 -5.0 -5.0 15.0 128727.0639
180.0 -2.5 -5.0 15.0 1006767683.1213
180.0 0.0 -5.0 15.0 3545234.3052999997
180.0 2.5 -5.0 15.0 4012.0623
180.0 5.0 -5.0 15.0 -6.1434999999999995
180.0 7.5 -5.0 15.0 -2.6184
180.0 10.0 -5.0 15.0 0.5658000000000001
180.0 -5.0 -2.5 15.0 5.8063
180.0 -2.5 -2.5 15.0 735.2660999999999
180.0 0.0 -2.5 15.0 2477.6757
180.0 2.5 -2.5 15.0 -5.7332
180.0 5.0 -2.5 15.0 -5.9863
180.0 10.0 -2.5 15.0 -1.6939
180.0 -5.0 0.0 15.0 -2.0162
180.0 -2.5 0.0 15.0 4.1968
180.0 0.0 0.0 15.0 -3.011
180.0 2.5 0.0 15.0 -4.1335
180.0 5.0 0.0 15.0 -3.5883000000000003
180.0 -5.0 2.5 15.0 -5.5383
180.0 -2.5 2.5 15.0 3.6975000000000002
180.0 0.0 2.5 15.0 1.9214000000000002
180.0 2.5 2.5 15.0 -0.8091
180.0 5.0 2.5 15.0 -1.009
180.0 7.5 2.5 15.0 -1.1581000000000001
180.0 -5.0 5.0 15.0 -2.6206
180.0 -2.5 5.0 15.0 0.3393999999999999
180.0 0.0 5.0 15.0 1.6346000000000003
180.0 2.5 5.0 15.0 1.1446
180.0 5.0 5.0 15.0 0.4555
180.0 7.5 5.0 15.0 -0.6982999999999999
180.0 10.0 5.0 15.0 -1.9006
180.0 -5.0 -10.0 16.25 1.8804
180.0 -2.5 -10.0 16.25 -2.2129
180.0 0.0 -10.0 16.25 -4.9455
180.0 2.5 -10.0 16.25 -4.7441
180.0 5.0 -10.0 16.25 -2.2658
180.0 7.5 -10.0 16.25 -0.2985
180.0 10.0 -10.0 16.25 0.3605
180.0 -5.0 -7.5 16.25 5.0999
180.0 -2.5 -7.5 16.25 83181.912
180.0 0.0 -7.5 16.25 2765.7202
180.0 2.5 -7.5 16.25 -3.1454
180.0 5.0 -7.5 16.25 -2.8938
180.0 7.5 -7.5 16.25 -0.03260000000000002
180.0 10.0 -7.5 16.25 1.1705
180.0 -5.0 -5.0 16.25 24.5923
180.0 -2.5 -5.0 16.25 778431.8668999999
180.0 0.0 -5.0 16.25 1793.4841
180.0 2.5 -5.0 16.25 -0.014000000000000012
180.0 5.0 -5.0 16.25 -2.6451000000000002
180.0 7.5 -5.0 16.25 -0.4999
180.0 10.0 -5.0 16.25 0.8206
180.0 -5.0 -2.5 16.25 5.2917000000000005
180.0 -2.5 -2.5 16.25 85.09219999999999
180.0 0.0 -2.5 16.25 21.4081
180.0 2.5 -2.5 16.25 -2.4123
180.0 5.0 -2.5 16.25 -1.8894
180.0 7.5 -2.5 16.25 -0.7922
180.0 10.0 -2.5 16.25 -0.562
180.0 -5.0 0.0 16.25 0.7917000000000001
180.0 -2.5 0.0 16.25 1.29
180.0 0.0 0.0 16.25 0.7871999999999999
180.0 2.5 0.0 16.25 -0.7190000000000001
180.0 5.0 0.0 16.25 -0.6832
180.0 7.5 0.0 16.25 -0.6641
180.0 -5.0 2.5 16.25 -1.424
180.0 -2.5 2.5 16.25 1.6995999999999998
180.0 0.0 2.5 16.25 2.226
180.0 2.5 2.5 16.25 0.7082
180.0 5.0 2.5 16.25 0.2464
180.0 7.5 2.5 16.25 -0.8050999999999999
180.0 -5.0 5.0 16.25 -1.2016
180.0 -2.5 5.0 16.25 0.7669000000000001
180.0 0.0 5.0 16.25 1.9202000000000001
180.0 2.5 5.0 16.25 1.5466000000000002
180.0 5.0 5.0 16.25 0.5044
180.0 7.5 5.0 16.25 -0.7939
180.0 10.0 5.0 16.25 -1.8611
240.0 -5.0 -10.0 3.75 370967556.76460004
240.0 -2.5 -10.0 3.75 10000000091.7282
240.0 0.0 -10.0 3.75 10000000004.483301
240.0 2.5 -10.0 3.75 9999999824.030901
240.0 5.0 -10.0 3.75 9999999807.685501
240.0 7.5 -10.0 3.75 151776698.8942
240.0 10.0 -10.0 3.75 110.5485
240.0 -5.0 -7.5 3.75 10000000059.1548
240.0 -2.5 -7.5 3.75 9999999875.730001
240.0 0.0 -7.5 3.75 9999999751.993301
240.0 2.5 -7.5 3.75 9999999829.0186
240.0 5.0 -7.5 3.75 10000000078.3414
240.0 7.5 -7.5 3.75 8761095.9297
240.0 10.0 -7.5 3.75 76.23769999999999
240.0 -5.0 -5.0 3.75 902768171.3256
240.0 -2.5 -5.0 3.75 10000000059.425901
240.0 0.0 -5.0 3.75 80313117.75950001
240.0 2.5 -5.0 3.75 10000000048.5674
240.0 5.0 -5.0 3.75 9999999953.764301
240.0 7.5 -5.0 3.75 1269274.5495
240.0 10.0 -5.0 3.75 381973084.82070005
240.0 -5.0 -2.5 3.75 9999999958.821901
240.0 -2.5 -2.5 3.75 9999999903.346401
240.0 0.0 -2.5 3.75 4966139864.1628
240.0 2.5 -2.5 3.75 10000000041.607801
240.0 5.0 -2.5 3.75 1085071111.5739
240.0 7.5 -2.5 3.75 150992897.472
240.0 10.0 -2.5 3.75 1638.9109
240.0 -5.0 0.0 3.75 4338186732.2138
240.0 -2.5 0.0 3.75 5151525631.491
240.0 0.0 0.0 3.75 10000000069.127602
240.0 2.5 0.0 3.75 9042821.585600002
240.0 5.0 0.0 3.75 10000000136.049702
240.0 7.5 0.0 3.75 36443952.8178
240.0 10.0 0.0 3.75 -3.4757999999999996
240.0 -5.0 2.5 3.75 9999999999.248001
240.0 -2.5 2.5 3.75 9473822018.9647
240.0 0.0 2.5 3.75 3578157291.8547
240.0 2.5 2.5 3.75 5691206625.4086
240.0 5.0 2.5 3.75 10000000145.1863
240.0 7.5 2.5 3.75 31461.698999999997
240.0 10.0 2.5 3.75 -11.8514
240.0 -5.0 5.0 3.75 1528795867.281
240.0 -2.5 5.0 3.75 116390594.2317
240.0 0.0 5.0 3.75 10000000018.730701
240.0 2.5 5.0 3.75 9999999991.0865
240.0 5.0 5.0 3.75 6760.4954
240.0 7.5 5.0 3.75 22.7165
240.0 10.0 5.0 3.75 -8.8772
240.0 0.0 0.0 5.0 550661609.5462
240.0 -2.5 2.5 5.0 519781371.3976
240.0 -2.5 5.0 5.0 4604602.279499999
240.0 0.0 0.0 6.25 9999999984.7471
240.0 -2.5 2.5 6.25 59224837.597399995
240.0 0.0 2.5 6.25 10000000118.5762
240.0 -5.0 5.0 6.25 74418.6217
240.0 -2.5 5.0 6.25 24070200.0091
240.0 2.5 -10.0 7.5 9999999928.373402
240.0 -2.5 -7.5 7.5 10000000053.3439
240.0 0.0 -5.0 7.5 9999999924.604101
240.0 0.0 0.0 7.5 407754955.2868
240.0 -2.5 2.5 7.5 9999999966.3507
240.0 0.0 2.5 7.5 10000000023.6112
240.0 -5.0 5.0 7.5 114.4971
240.0 -2.5 5.0 7.5 68958119.1776
240.0 0.0 5.0 7.5 4189475791.8311
240.0 0.0 -10.0 8.75 9999999914.302502
240.0 2.5 -10.0 8.75 43930114.7397
240.0 5.0 -10.0 8.75 3963769697.2377
240.0 -2.5 -7.5 8.75 10000000000.2183
240.0 0.0 -7.5 8.75 1515694757.6890001
240.0 2.5 -7.5 8.75 9999999934.9937
240.0 -2.5 -5.0 8.75 9999999946.1611
240.0 0.0 -5.0 8.75 9999999920.339901
240.0 0.0 -2.5 8.75 9999999950.538801
240.0 2.5 -2.5 8.75 44974628.076000005
240.0 -2.5 0.0 8.75 3773889209.052
240.0 0.0 0.0 8.75 9999999995.3258
240.0 -2.5 2.5 8.75 9999999994.78
240.0 0.0 2.5 8.75 10000000054.5263
240.0 2.5 2.5 8.75 37916560.5647
240.0 -5.0 5.0 8.75 -13.7867
240.0 -2.5 5.0 8.75 4870246.614
240.0 0.0 5.0 8.75 3563476.522
240.0 0.0 -10.0 10.0 4017535768.3034997
240.0 2.5 -10.0 10.0 9999999943.4983
240.0 5.0 -10.0 10.0 21914395.435000002
240.0 -2.5 -7.5 10.0 36671953.3133
240.0 0.0 -7.5 10.0 672582925.7132
240.0 2.5 -7.5 10.0 9999999950.461102
240.0 -2.5 -5.0 10.0 10000000078.5344
240.0 0.0 -5.0 10.0 9999999927.807201
240.0 -5.0 -2.5 10.0 7464530.1245
240.0 -2.5 -2.5 10.0 8395511314.5996
240.0 0.0 -2.5 10.0 4526127769.0684
240.0 2.5 -2.5 10.0 5424823277.6123
240.0 -2.5 0.0 10.0 97474641.3911
240.0 0.0 0.0 10.0 600250867.9319
240.0 2.5 0.0 10.0 567963.3851
240.0 -5.0 2.5 10.0 491.908
240.0 -2.5 2.5 10.0 15545083.762
240.0 0.0 2.5 10.0 10000000026.026201
240.0 2.5 2.5 10.0 9999999964.175701
240.0 -5.0 5.0 10.0 -9.8469
240.0 -2.5 5.0 10.0 137.966
240.0 0.0 5.0 10.0 18984731.9714
240.0 2.5 5.0 10.0 5872.5556
240.0 7.5 5.0 10.0 1.3169999999999997
240.0 -2.5 -10.0 11.25 297748578.0503
240.0 0.0 -10.0 11.25 10000000003.560202
240.0 2.5 -10.0 11.25 9999999920.9377
240.0 5.0 -10.0 11.25 153224559.4053
240.0 7.5 -10.0 11.25 1385.4201
240.0 10.0 -10.0 11.25 0.08299999999999996
240.0 -5.0 -7.5 11.25 846427.5048
240.0 -2.5 -7.5 11.25 6249778603.4492
240.0 0.0 -7.5 11.25 9999999989.4764
240.0 2.5 -7.5 11.25 6471324626.6245
240.0 -2.5 -5.0 11.25 9999999978.562
240.0 0.0 -5.0 11.25 1561677771.5608
240.0 2.5 -5.0 11.25 433600.0141
240.0 -5.0 -2.5 11.25 94038552.9172
240.0 -2.5 -2.5 11.25 9999999958.0895
240.0 0.0 -2.5 11.25 183236968.87649998
240.0 2.5 -2.5 11.25 9999999994.8603
240.0 -5.0 0.0 11.25 1536.8590000000002
240.0 -2.5 0.0 11.25 63925213.0968
240.0 0.0 0.0 11.25 9999999985.771101
240.0 2.5 0.0 11.25 89882.591
240.0 -2.5 2.5 11.25 2357.4954000000002
240.0 0.0 2.5 11.25 9999999901.1165
240.0 2.5 2.5 11.25 547218.1097
240.0 5.0 2.5 11.25 3120.2637
240.0 7.5 2.5 11.25 1.7523999999999997
240.0 -5.0 5.0 11.25 -7.1239
240.0 -2.5 5.0 11.25 -10.1067
240.0 0.0 5.0 11.25 33.3817
240.0 2.5 5.0 11.25 808.3803
240.0 7.5 5.0 11.25 0.23509999999999986
240.0 -2.5 -10.0 12.5 1593153.4127
240.0 0.0 -10.0 12.5 2292758.5145
240.0 2.5 -10.0 12.5 11409851.715300001
240.0 5.0 -10.0 12.5 602.0929
240.0 7.5 -10.0 12.5 12.295
240.0 10.0 -10.0 12.5 0.26290000000000013
240.0 -5.0 -7.5 12.5 3735.5904
240.0 -2.5 -7.5 12.5 500778587.8096
240.0 0.0 -7.5 12.5 9999999953.539701
240.0 2.5 -7.5 12.5 107201640.3488
240.0 5.0 -7.5 12.5 7489.8488
240.0 -5.0 -5.0 12.5 106077.322
240.0 -2.5 -5.0 12.5 2113119.207
240.0 0.0 -5.0 12.5 463977.9731
240.0 2.5 -5.0 12.5 319.9908
240.0 5.0 -5.0 12.5 -13.0259
240.0 -5.0 -2.5 12.5 4249.346
240.0 -2.5 -2.5 12.5 32662134.1579
240.0 0.0 -2.5 12.5 541423992.6001
240.0 2.5 -2.5 12.5 16645390.8256
240.0 -5.0 0.0 12.5 25.5341
240.0 -2.5 0.0 12.5 32962.280699999996
240.0 0.0 0.0 12.5 130011052.8387
240.0 2.5 0.0 12.5 60.0069
240.0 5.0 0.0 12.5 0.5278000000000005
240.0 -5.0 2.5 12.5 -11.3183
240.0 -2.5 2.5 12.5 37.2106
240.0 0.0 2.5 12.5 1552.4048
240.0 2.5 2.5 12.5 115.8523
240.0 5.0 2.5 12.5 2.7369000000000003
240.0 7.5 2.5 12.5 0.7664
240.0 -5.0 5.0 12.5 -4.839
240.0 -2.5 5.0 12.5 -6.8535
240.0 0.0 5.0 12.5 -7.5464
240.0 2.5 5.0 12.5 10.8015
240.0 5.0 5.0 12.5 -2.2672
240.0 7.5 5.0 12.5 -0.24980000000000002
240.0 -2.5 -10.0 13.75 2627408.4193
240.0 0.0 -10.0 13.75 154219.2736
240.0 2.5 -10.0 13.75 1151.196
240.0 5.0 -10.0 13.75 -6.226699999999999
240.0 7.5 -10.0 13.75 -2.5222
240.0 10.0 -10.0 13.75 -0.2198
240.0 -5.0 -7.5 13.75 2377780.0023000003
240.0 -2.5 -7.5 13.75 334431860.9408
240.0 0.0 -7.5 13.75 9999999998.5646
240.0 2.5 -7.5 13.75 533179128.54429996
240.0 5.0 -7.5 13.75 100.4995
240.0 7.5 -7.5 13.75 -6.186299999999999
240.0 10.0 -7.5 13.75 -2.4101999999999997
240.0 -5.0 -5.0 13.75 4.8979
240.0 -2.5 -5.0 13.75 2405.1528
240.0 0.0 -5.0 13.75 45730.566
240.0 2.5 -5.0 13.75 46.9632
240.0 5.0 -5.0 13.75 -8.1264
240.0 -5.0 -2.5 13.75 37.182300000000005
240.0 -2.5 -2.5 13.75 21391.0431
240.0 0.0 -2.5 13.75 290102.8383
240.0 2.5 -2.5 13.75 164.43449999999999
240.0 -5.0 0.0 13.75 -13.865
240.0 -2.5 0.0 13.75 43.6391
240.0 0.0 0.0 13.75 13.5512
240.0 2.5 0.0 13.75 -2.1864
240.0 5.0 0.0 13.75 -0.4046000000000003
240.0 -5.0 2.5 13.75 -6.5443
240.0 -2.5 2.5 13.75 -5.5149
240.0 0.0 2.5 13.75 -5.5396
240.0 2.5 2.5 13.75 -3.1012999999999997
240.0 5.0 2.5 13.75 -0.10949999999999993
240.0 7.5 2.5 13.75 0.376
240.0 10.0 2.5 13.75 0.022699999999999998
240.0 -5.0 5.0 13.75 -3.069
240.0 -2.5 5.0 13.75 -3.4008000000000003
240.0 0.0 5.0 13.75 -4.7226
240.0 2.5 5.0 13.75 -3.9959
240.0 5.0 5.0 13.75 -1.7696
240.0 7.5 5.0 13.75 -0.5388999999999999
240.0 10.0 5.0 13.75 0.35319999999999996
240.0 -5.0 -10.0 15.0 42.815
240.0 -2.5 -10.0 15.0 1143.1727999999998
240.0 0.0 -10.0 15.0 2256.5217000000002
240.0 2.5 -10.0 15.0 88.0366
240.0 5.0 -10.0 15.0 -4.6027000000000005
240.0 7.5 -10.0 15.0 -1.1720000000000002
240.0 10.0 -10.0 15.0 -0.2141
240.0 -5.0 -7.5 15.0 17047.884499999996
240.0 -2.5 -7.5 15.0 9999999994.672602
240.0 0.0 -7.5 15.0 18674158.5293
240.0 2.5 -7.5 15.0 220826.6067
240.0 5.0 -7.5 15.0 19.788
240.0 7.5 -7.5 15.0 -3.442
240.0 10.0 -7.5 15.0 -1.6521
240.0 -5.0 -5.0 15.0 1.4415999999999998
240.0 -2.5 -5.0 15.0 63.8749
240.0 0.0 -5.0 15.0 619.7907
240.0 2.5 -5.0 15.0 2.338
240.0 5.0 -5.0 15.0 -4.227
240.0 10.0 -5.0 15.0 -2.0579
240.0 -5.0 -2.5 15.0 -4.7864
240.0 -2.5 -2.5 15.0 4.6398
240.0 0.0 -2.5 15.0 10.6203
240.0 2.5 -2.5 15.0 -2.0779
240.0 5.0 -2.5 15.0 -1.6808999999999998
240.0 7.5 -2.5 15.0 -1.4763000000000002
240.0 -5.0 0.0 15.0 -6.2731
240.0 -2.5 0.0 15.0 -0.2016
240.0 0.0 0.0 15.0 0.04349999999999987
240.0 2.5 0.0 15.0 -0.5260999999999998
240.0 5.0 0.0 15.0 0.7126
240.0 7.5 0.0 15.0 -0.2426
240.0 -5.0 2.5 15.0 -3.7755
240.0 -2.5 2.5 15.0 -2.5854
240.0 0.0 2.5 15.0 -1.7795999999999998
240.0 2.5 2.5 15.0 -0.8915
240.0 5.0 2.5 15.0 0.2118
240.0 7.5 2.5 15.0 0.2373
240.0 10.0 2.5 15.0 0.018500000000000003
240.0 -5.0 5.0 15.0 -2.0218000000000003
240.0 -2.5 5.0 15.0 -1.8712
240.0 0.0 5.0 15.0 -2.2603
240.0 2.5 5.0 15.0 -1.8555000000000001
240.0 5.0 5.0 15.0 -1.0287
240.0 7.5 5.0 15.0 -0.4807
240.0 10.0 5.0 15.0 0.5081
240.0 -5.0 -10.0 16.25 5.2614
240.0 -2.5 -10.0 16.25 6.9843
240.0 0.0 -10.0 16.25 88.72099999999999
240.0 2.5 -10.0 16.25 -1.6533
240.0 5.0 -10.0 16.25 -2.1714
240.0 7.5 -10.0 16.25 -0.4986
240.0 10.0 -10.0 16.25 -0.3106
240.0 -5.0 -7.5 16.25 38.0034
240.0 -2.5 -7.5 16.25 10007558.0388
240.0 0.0 -7.5 16.25 57109.6703
240.0 2.5 -7.5 16.25 3183.292
240.0 5.0 -7.5 16.25 -2.6432
240.0 7.5 -7.5 16.25 -1.4817
240.0 10.0 -7.5 16.25 -1.1855
240.0 -5.0 -5.0 16.25 3.4154
240.0 -2.5 -5.0 16.25 9.8272
240.0 0.0 -5.0 16.25 2.9325
240.0 2.5 -5.0 16.25 -2.1079
240.0 5.0 -5.0 16.25 -1.7683
240.0 7.5 -5.0 16.25 -1.2614
240.0 10.0 -5.0 16.25 -1.3436000000000001
240.0 -5.0 -2.5 16.25 -0.8230999999999999
240.0 -2.5 -2.5 16.25 1.2092
240.0 0.0 -2.5 16.25 0.9209
240.0 2.5 -2.5 16.25 -0.04520000000000013
240.0 5.0 -2.5 16.25 -0.038900000000000046
240.0 7.5 -2.5 16.25 -0.8018
240.0 10.0 -2.5 16.25 -1.0812
240.0 -5.0 0.0 16.25 -2.1340000000000003
240.0 -2.5 0.0 16.25 0.7880000000000003
240.0 0.0 0.0 16.25 1.6523999999999999
240.0 2.5 0.0 16.25 1.3134000000000001
240.0 5.0 0.0 16.25 1.1137
240.0 7.5 0.0 16.25 -0.194
240.0 -5.0 2.5 16.25 -1.8308
240.0 -2.5 2.5 16.25 -0.7165
240.0 0.0 2.5 16.25 -0.060900000000000065
240.0 2.5 2.5 16.25 0.46299999999999997
240.0 5.0 2.5 16.25 0.6488
240.0 7.5 2.5 16.25 0.3481
240.0 10.0 2.5 16.25 0.16699999999999998
240.0 -5.0 5.0 16.25 -0.9564999999999999
240.0 -2.5 5.0 16.25 -0.9307000000000001
240.0 0.0 5.0 16.25 -0.5345
240.0 2.5 5.0 16.25 -0.575
240.0 5.0 5.0 16.25 -0.247
240.0 7.5 5.0 16.25 -0.1762
240.0 10.0 5.0 16.25 0.5131
300.0 -5.0 -10.0 3.75 9999999805.370602
300.0 -2.5 -10.0 3.75 10000000009.2534
300.0 0.0 -10.0 3.75 10000000032.599
300.0 2.5 -10.0 3.75 9999999784.7563
300.0 5.0 -10.0 3.75 989133306.7568
300.0 7.5 -10.0 3.75 10964092.0967
300.0 10.0 -10.0 3.75 9999999995.1597
300.0 -5.0 -7.5 3.75 9999999924.4515
300.0 -2.5 -7.5 3.75 10000000048.1285
300.0 0.0 -7.5 3.75 9999999765.5951
300.0 2.5 -7.5 3.75 5255244571.9525
300.0 5.0 -7.5 3.75 10000000090.9566
300.0 7.5 -7.5 3.75 10000000121.5941
300.0 10.0 -7.5 3.75 9999999922.505201
300.0 -5.0 -5.0 3.75 10000000025.279701
300.0 -2.5 -5.0 3.75 10000000043.816
300.0 0.0 -5.0 3.75 9999999825.705801
300.0 2.5 -5.0 3.75 9999999846.190102
300.0 5.0 -5.0 3.75 9999999818.1877
300.0 7.5 -5.0 3.75 10000000045.838202
300.0 10.0 -5.0 3.75 9999999962.9178
300.0 -5.0 -2.5 3.75 9999999883.043402
300.0 -2.5 -2.5 3.75 9999999911.355001
300.0 0.0 -2.5 3.75 9999999872.2115
300.0 2.5 -2.5 3.75 70005372.5149
300.0 5.0 -2.5 3.75 10000000010.3005
300.0 7.5 -2.5 3.75 10000000032.169401
300.0 10.0 -2.5 3.75 498575.9165
300.0 -5.0 0.0 3.75 10000000126.364601
300.0 -2.5 0.0 3.75 9999999950.5659
300.0 0.0 0.0 3.75 2506163769.9853
300.0 2.5 0.0 3.75 87454831.0987
300.0 5.0 0.0 3.75 1482106049.4757
300.0 7.5 0.0 3.75 59424017.722399995
300.0 10.0 0.0 3.75 122207.83350000001
300.0 -5.0 2.5 3.75 9999999942.388102
300.0 -2.5 2.5 3.75 10000000080.626701
300.0 0.0 2.5 3.75 15068.6083
300.0 2.5 2.5 3.75 9999999985.126701
300.0 5.0 2.5 3.75 1737942215.7647998
300.0 7.5 2.5 3.75 184518566.9458
300.0 10.0 2.5 3.75 16175.4856
300.0 -5.0 5.0 3.75 8171690664.585
300.0 -2.5 5.0 3.75 45197117.9973
300.0 0.0 5.0 3.75 132.4801
300.0 2.5 5.0 3.75 568835407.7162
300.0 5.0 5.0 3.75 621335.8099999999
300.0 7.5 5.0 3.75 1652.1380000000001
300.0 10.0 5.0 3.75 5.025
300.0 -2.5 -2.5 6.25 10000000213.964602
300.0 0.0 -2.5 6.25 6690994651.8129
300.0 2.5 -2.5 6.25 10000000124.0902
300.0 2.5 -5.0 7.5 64858815.9935
300.0 -2.5 -2.5 7.5 10000000019.009901
300.0 0.0 -2.5 7.5 1683481687.7470999
300.0 0.0 0.0 7.5 208365676.2462
300.0 0.0 2.5 7.5 2712897.3207
300.0 5.0 -10.0 8.75 10000000005.1571
300.0 2.5 -7.5 8.75 9999999899.133202
300.0 5.0 -7.5 8.75 7802853.8977
300.0 0.0 -5.0 8.75 9999999959.5228
300.0 2.5 -5.0 8.75 6863730629.9856
300.0 5.0 -5.0 8.75 405148225.9306
300.0 -5.0 -2.5 8.75 312117369.13
300.0 -2.5 -2.5 8.75 83144240.4362
300.0 0.0 -2.5 8.75 346242391.1171
300.0 2.5 -2.5 8.75 9999999936.574202
300.0 -5.0 0.0 8.75 10000000008.6201
300.0 0.0 0.0 8.75 10000000002.8694
300.0 0.0 2.5 8.75 68940572.53490001
300.0 0.0 5.0 8.75 328.80609999999996
300.0 0.0 -10.0 10.0 568478374.8734
300.0 2.5 -10.0 10.0 9999999939.2548
300.0 5.0 -10.0 10.0 10000000041.1492
300.0 7.5 -10.0 10.0 1229.7075
300.0 10.0 -10.0 10.0 -2.1163999999999996
300.0 2.5 -7.5 10.0 157483295.9926
300.0 5.0 -7.5 10.0 9999999979.6891
300.0 -5.0 -5.0 10.0 1778044.2654
300.0 0.0 -5.0 10.0 9999999950.6438
300.0 2.5 -5.0 10.0 10157589.47
300.0 5.0 -5.0 10.0 598883913.2468
300.0 -5.0 -2.5 10.0 735273.5571999999
300.0 -2.5 -2.5 10.0 4631395288.0154
300.0 0.0 -2.5 10.0 1106365308.8555
300.0 2.5 -2.5 10.0 330620.6102
300.0 -5.0 0.0 10.0 93878031.2324
300.0 -2.5 0.0 10.0 2231105936.1703
300.0 0.0 0.0 10.0 9999999972.2511
300.0 2.5 0.0 10.0 526478767.3524
300.0 0.0 2.5 10.0 182146.2898
300.0 0.0 5.0 10.0 8.1877
300.0 2.5 5.0 10.0 2.3573999999999997
300.0 0.0 -10.0 11.25 60800692.7412
300.0 2.5 -10.0 11.25 9999999989.627401
300.0 5.0 -10.0 11.25 763815038.5139
300.0 7.5 -10.0 11.25 -7.352399999999999
300.0 10.0 -10.0 11.25 -4.2084
300.0 -2.5 -7.5 11.25 1281330274.9295
300.0 0.0 -7.5 11.25 20344702.2598
300.0 2.5 -7.5 11.25 9999999992.5948
300.0 5.0 -7.5 11.25 9999999968.119902
300.0 7.5 -7.5 11.25 65616.85029999999
300.0 -5.0 -5.0 11.25 179895.4236
300.0 -2.5 -5.0 11.25 1420361502.314
300.0 0.0 -5.0 11.25 9999999933.343601
300.0 2.5 -5.0 11.25 1390718.8983999998
300.0 5.0 -5.0 11.25 20044417.579
300.0 -5.0 -2.5 11.25 11102.8144
300.0 -2.5 -2.5 11.25 26957654.4198
300.0 0.0 -2.5 11.25 9999999870.3696
300.0 2.5 -2.5 11.25 9999999949.437801
300.0 -5.0 0.0 11.25 936744126.3523
300.0 -2.5 0.0 11.25 9818897.5489
300.0 0.0 0.0 11.25 8815765.4636
300.0 2.5 0.0 11.25 206575170.6565
300.0 -5.0 2.5 11.25 3.9536000000000002
300.0 -2.5 2.5 11.25 801.0795
300.0 0.0 2.5 11.25 1597.3919
300.0 2.5 2.5 11.25 274795.35390000005
300.0 5.0 2.5 11.25 -4.8969
300.0 0.0 5.0 11.25 0.1402000000000001
300.0 2.5 5.0 11.25 1.0247000000000002
300.0 5.0 5.0 11.25 -2.4741
300.0 7.5 5.0 11.25 -3.0162
300.0 -2.5 -10.0 12.5 4234.9495
300.0 0.0 -10.0 12.5 284145862.124
300.0 2.5 -10.0 12.5 530930731.0466
300.0 5.0 -10.0 12.5 54000476.5489
300.0 7.5 -10.0 12.5 -7.6554
300.0 10.0 -10.0 12.5 -1.3399
300.0 -2.5 -7.5 12.5 351052.0267
300.0 0.0 -7.5 12.5 4089817.8075
300.0 2.5 -7.5 12.5 10000000007.6413
300.0 5.0 -7.5 12.5 4845620.6733
300.0 7.5 -7.5 12.5 5.734
300.0 -5.0 -5.0 12.5 198.2902
300.0 -2.5 -5.0 12.5 255370245.9746
300.0 0.0 -5.0 12.5 44766532.8792
300.0 2.5 -5.0 12.5 790000.5025
300.0 5.0 -5.0 12.5 21877.9726
300.0 -5.0 -2.5 12.5 28.611100000000004
300.0 -2.5 -2.5 12.5 96368.2729
300.0 0.0 -2.5 12.5 4325087.4876
300.0 2.5 -2.5 12.5 2720989.3928
300.0 5.0 -2.5 12.5 291914.7785
300.0 -5.0 0.0 12.5 6782.2761
300.0 -2.5 0.0 12.5 19.067700000000002
300.0 0.0 0.0 12.5 2980.2320999999997
300.0 2.5 0.0 12.5 96855.5634
300.0 5.0 0.0 12.5 -6.4268
300.0 7.5 0.0 12.5 -3.6748000000000003
300.0 -5.0 2.5 12.5 -4.3417
300.0 -2.5 2.5 12.5 -4.5873
300.0 0.0 2.5 12.5 -0.11670000000000003
300.0 2.5 2.5 12.5 25.3676
300.0 5.0 2.5 12.5 -3.6923
300.0 7.5 2.5 12.5 -2.4863999999999997
300.0 -5.0 5.0 12.5 -1.4764
300.0 -2.5 5.0 12.5 0.13849999999999985
300.0 0.0 5.0 12.5 0.7610999999999999
300.0 2.5 5.0 12.5 1.2123
300.0 5.0 5.0 12.5 -0.6375
300.0 7.5 5.0 12.5 -2.2182
300.0 -2.5 -10.0 13.75 21069697.1476
300.0 0.0 -10.0 13.75 3553501.4966
300.0 2.5 -10.0 13.75 801889.5482
300.0 5.0 -10.0 13.75 165.6548
300.0 7.5 -10.0 13.75 -5.2308
300.0 10.0 -10.0 13.75 -0.09650000000000003
300.0 -5.0 -7.5 13.75 10.9878
300.0 -2.5 -7.5 13.75 7222834.197199999
300.0 0.0 -7.5 13.75 10034053.815200001
300.0 2.5 -7.5 13.75 1323024918.8772
300.0 5.0 -7.5 13.75 500681.9321
300.0 7.5 -7.5 13.75 -3.3546
300.0 -5.0 -5.0 13.75 2.4581
300.0 -2.5 -5.0 13.75 419771.8794
300.0 0.0 -5.0 13.75 4289954.3593
300.0 2.5 -5.0 13.75 30414840.6277
300.0 5.0 -5.0 13.75 17034.748
300.0 -5.0 -2.5 13.75 -9.0409
300.0 -2.5 -2.5 13.75 9698.917000000001
300.0 0.0 -2.5 13.75 1128.9834
300.0 2.5 -2.5 13.75 2205.1787
300.0 5.0 -2.5 13.75 -1.2340999999999998
300.0 7.5 -2.5 13.75 -3.4113999999999995
300.0 -5.0 0.0 13.75 -7.686400000000001
300.0 -2.5 0.0 13.75 -11.286000000000001
300.0 0.0 0.0 13.75 0.0383
300.0 2.5 0.0 13.75 13.9339
300.0 5.0 0.0 13.75 -4.723599999999999
300.0 7.5 0.0 13.75 -2.0696
300.0 -5.0 2.5 13.75 -3.2244
300.0 -2.5 2.5 13.75 -3.0195
300.0 0.0 2.5 13.75 -2.2801
300.0 2.5 2.5 13.75 -1.5595000000000003
300.0 5.0 2.5 13.75 -1.7276
300.0 7.5 2.5 13.75 -1.7405
300.0 10.0 2.5 13.75 -1.272
300.0 -5.0 5.0 13.75 -1.1844999999999999
300.0 -2.5 5.0 13.75 -0.061899999999999955
300.0 0.0 5.0 13.75 0.5902999999999999
300.0 2.5 5.0 13.75 0.8826999999999999
300.0 5.0 5.0 13.75 -0.19850000000000004
300.0 7.5 5.0 13.75 -1.6331
300.0 10.0 5.0 13.75 -1.5818
300.0 -2.5 -10.0 15.0 112002.6421
300.0 0.0 -10.0 15.0 7645592589.591599
300.0 2.5 -10.0 15.0 1741222.9494
300.0 5.0 -10.0 15.0 -3.0305
300.0 7.5 -10.0 15.0 -2.013
300.0 10.0 -10.0 15.0 0.5626
300.0 -5.0 -7.5 15.0 5.7277000000000005
300.0 -2.5 -7.5 15.0 279.0222
300.0 0.0 -7.5 15.0 78605170.9592
300.0 2.5 -7.5 15.0 9697892.9151
300.0 5.0 -7.5 15.0 8255.0533
300.0 7.5 -7.5 15.0 -0.8095000000000001
300.0 10.0 -7.5 15.0 1.6812
300.0 -5.0 -5.0 15.0 -0.5433999999999999
300.0 -2.5 -5.0 15.0 1397.9882
300.0 0.0 -5.0 15.0 693.6958999999999
300.0 2.5 -5.0 15.0 7001.3821
300.0 5.0 -5.0 15.0 1476.4727
300.0 7.5 -5.0 15.0 0.07929999999999993
300.0 -5.0 -2.5 15.0 -4.8205
300.0 -2.5 -2.5 15.0 -7.8687000000000005
300.0 0.0 -2.5 15.0 -0.7576
300.0 2.5 -2.5 15.0 0.09410000000000007
300.0 5.0 -2.5 15.0 -2.968
300.0 7.5 -2.5 15.0 -0.8285
300.0 10.0 -2.5 15.0 0.7742
300.0 -5.0 0.0 15.0 -4.439
300.0 -2.5 0.0 15.0 -5.815300000000001
300.0 0.0 0.0 15.0 -3.9734999999999996
300.0 2.5 0.0 15.0 -2.2415
300.0 5.0 0.0 15.0 -1.9691999999999998
300.0 7.5 0.0 15.0 -1.4578
300.0 10.0 0.0 15.0 -0.6146
300.0 -5.0 2.5 15.0 -2.5771
300.0 -2.5 2.5 15.0 -1.9634
300.0 0.0 2.5 15.0 -1.2203
300.0 2.5 2.5 15.0 -0.2823
300.0 5.0 2.5 15.0 -0.7947
300.0 7.5 2.5 15.0 -0.9275
300.0 10.0 2.5 15.0 -1.2449000000000001
300.0 -5.0 5.0 15.0 -1.1393
300.0 -2.5 5.0 15.0 -0.303
300.0 0.0 5.0 15.0 0.6507
300.0 2.5 5.0 15.0 1.186
300.0 5.0 5.0 15.0 -0.2936
300.0 7.5 5.0 15.0 -1.3676
300.0 10.0 5.0 15.0 -1.1249
300.0 -5.0 -10.0 16.25 6.8514
300.0 -2.5 -10.0 16.25 24.6702
300.0 0.0 -10.0 16.25 983910.7702
300.0 2.5 -10.0 16.25 906.9964
300.0 5.0 -10.0 16.25 -1.7621999999999998
300.0 7.5 -10.0 16.25 -0.12309999999999999
300.0 10.0 -10.0 16.25 0.9561999999999999
300.0 -5.0 -7.5 16.25 4.353
300.0 -2.5 -7.5 16.25 5.1567
300.0 0.0 -7.5 16.25 8092.7145
300.0 2.5 -7.5 16.25 32597.3859
300.0 5.0 -7.5 16.25 492.1637
300.0 7.5 -7.5 16.25 1.0093
300.0 10.0 -7.5 16.25 1.6166
300.0 -5.0 -5.0 16.25 0.8904000000000001
300.0 -2.5 -5.0 16.25 -0.7529999999999999
300.0 0.0 -5.0 16.25 9.6555
300.0 2.5 -5.0 16.25 27.0989
300.0 5.0 -5.0 16.25 1.1463999999999999
300.0 7.5 -5.0 16.25 1.473
300.0 10.0 -5.0 16.25 1.5998999999999999
300.0 -5.0 -2.5 16.25 -1.8241
300.0 -2.5 -2.5 16.25 -3.201
300.0 0.0 -2.5 16.25 -0.9524999999999999
300.0 2.5 -2.5 16.25 0.20440000000000014
300.0 5.0 -2.5 16.25 -0.3568
300.0 7.5 -2.5 16.25 0.4159
300.0 10.0 -2.5 16.25 0.5981000000000001
300.0 -5.0 0.0 16.25 -2.7020999999999997
300.0 -2.5 0.0 16.25 -2.5604
300.0 0.0 0.0 16.25 -1.2731999999999999
300.0 2.5 0.0 16.25 -0.3145
300.0 5.0 0.0 16.25 -0.3745
300.0 7.5 0.0 16.25 -0.3394
300.0 10.0 0.0 16.25 -0.4115
300.0 -5.0 2.5 16.25 -1.8272000000000002
300.0 -2.5 2.5 16.25 -1.2884
300.0 0.0 2.5 16.25 -0.2482
300.0 2.5 2.5 16.25 0.19060000000000005
300.0 5.0 2.5 16.25 -0.06890000000000002
300.0 7.5 2.5 16.25 -0.6561
300.0 10.0 2.5 16.25 -0.8865
300.0 -5.0 5.0 16.25 -0.89
300.0 -2.5 5.0 16.25 0.0169
300.0 0.0 5.0 16.25 0.9857999999999999
300.0 2.5 5.0 16.25 0.9957000000000001
300.0 5.0 5.0 16.25 -0.1353
300.0 7.5 5.0 16.25 -0.8645999999999999
300.0 10.0 5.0 16.25 -0.804
