0.0 0.0 2.5 5.0 9999999893.9867
0.0 2.5 2.5 5.0 10000000067.251902
0.0 0.0 5.0 5.0 10000000001.404202
0.0 2.5 0.0 6.25 10000000085.740002
0.0 0.0 2.5 6.25 10000000278.2084
0.0 0.0 5.0 6.25 9999999921.103802
0.0 0.0 0.0 7.5 10000000159.9143
0.0 2.5 0.0 7.5 10000000087.275702
0.0 0.0 2.5 7.5 9999999895.1681
0.0 0.0 5.0 7.5 10000000148.545101
0.0 0.0 -5.0 8.75 9999999854.647001
0.0 5.0 -5.0 8.75 9439723898.0361
0.0 -2.5 -2.5 8.75 648727782.9452
0.0 0.0 -2.5 8.75 9999999930.9193
0.0 -2.5 0.0 8.75 10000000158.322
0.0 0.0 0.0 8.75 9999999990.427801
0.0 2.5 0.0 8.75 10000000076.639502
0.0 0.0 2.5 8.75 10000000040.799002
0.0 2.5 2.5 8.75 10000000029.0524
0.0 0.0 5.0 8.75 10000000107.7226
0.0 2.5 5.0 8.75 9999999988.7626
0.0 5.0 -7.5 10.0 68436.4099
0.0 7.5 -7.5 10.0 726.1383
0.0 -2.5 -5.0 10.0 9999999781.795
0.0 0.0 -5.0 10.0 9999999937.94
0.0 2.5 -5.0 10.0 5082885253.2864
0.0 5.0 -5.0 10.0 1544977314.7948
0.0 7.5 -5.0 10.0 307286120.3004
0.0 -2.5 -2.5 10.0 9999999993.9016
0.0 0.0 -2.5 10.0 9999999832.6872
0.0 2.5 -2.5 10.0 10000000208.6494
0.0 5.0 -2.5 10.0 312041446.3024
0.0 -2.5 0.0 10.0 9999999902.7212
0.0 0.0 0.0 10.0 10000000119.549002
0.0 2.5 0.0 10.0 9999999910.7726
0.0 0.0 2.5 10.0 10000000228.5438
0.0 2.5 2.5 10.0 9999999853.4503
0.0 0.0 5.0 10.0 9999999975.8349
0.0 2.5 5.0 10.0 9999999942.645102
0.0 2.5 -10.0 11.25 377968.3276
0.0 5.0 -10.0 11.25 61142292.9939
0.0 10.0 -10.0 11.25 -15.7882
0.0 2.5 -7.5 11.25 2361957.6283000004
0.0 5.0 -7.5 11.25 364224.54860000004
0.0 7.5 -7.5 11.25 -44.1468
0.0 0.0 -5.0 11.25 10000000062.425701
0.0 2.5 -5.0 11.25 1028860470.5014
0.0 5.0 -5.0 11.25 9999999964.992601
0.0 -5.0 -2.5 11.25 10000000032.6853
0.0 -2.5 -2.5 11.25 9999999955.9915
0.0 0.0 -2.5 11.25 10000000081.3334
0.0 2.5 -2.5 11.25 9999999746.4221
0.0 5.0 -2.5 11.25 38974712.6439
0.0 -5.0 0.0 11.25 5896959571.2337
0.0 -2.5 0.0 11.25 1624032908.4241998
0.0 0.0 0.0 11.25 9999999966.1637
0.0 2.5 0.0 11.25 9999999969.7227
0.0 0.0 2.5 11.25 10000000034.158602
0.0 2.5 2.5 11.25 9999999946.439001
0.0 0.0 5.0 11.25 10000000147.140202
0.0 2.5 5.0 11.25 10000000180.1126
0.0 -2.5 -10.0 12.5 2559830.2513
0.0 2.5 -10.0 12.5 182.30720000000002
0.0 5.0 -10.0 12.5 163309.4785
0.0 7.5 -10.0 12.5 0.7218000000000001
0.0 10.0 -10.0 12.5 -10.855699999999999
0.0 -5.0 -7.5 12.5 347996.08890000003
0.0 0.0 -7.5 12.5 2204034.0280999998
0.0 2.5 -7.5 12.5 398495.0771
0.0 5.0 -7.5 12.5 461699.97599999997
0.0 7.5 -7.5 12.5 -30.179299999999998
0.0 10.0 -7.5 12.5 -18.3452
0.0 -2.5 -5.0 12.5 2375374.1988999997
0.0 0.0 -5.0 12.5 9999999880.818401
0.0 2.5 -5.0 12.5 9999999950.586401
0.0 5.0 -5.0 12.5 168967752.2945
0.0 -2.5 -2.5 12.5 12935114.421999998
0.0 0.0 -2.5 12.5 9999999893.492802
0.0 2.5 -2.5 12.5 209914543.2097
0.0 5.0 -2.5 12.5 968393937.832
0.0 -5.0 0.0 12.5 9999999981.6121
0.0 -2.5 0.0 12.5 10000000042.448101
0.0 0.0 0.0 12.5 9999999888.1418
0.0 2.5 0.0 12.5 751717136.0728999
0.0 5.0 0.0 12.5 76352721.4484
0.0 -2.5 2.5 12.5 10000000063.410501
0.0 0.0 2.5 12.5 10000000087.983702
0.0 2.5 2.5 12.5 10000000200.1254
0.0 7.5 2.5 12.5 5106578.823100001
0.0 0.0 5.0 12.5 10000000057.0739
0.0 2.5 5.0 12.5 9999999990.3479
0.0 5.0 5.0 12.5 10000000040.7075
0.0 -2.5 -10.0 13.75 13569.753999999999
0.0 0.0 -10.0 13.75 211630503.5182
0.0 2.5 -10.0 13.75 21.6352
0.0 5.0 -10.0 13.75 22.4566
0.0 7.5 -10.0 13.75 -5.2363
0.0 10.0 -10.0 13.75 -7.0513
0.0 -5.0 -7.5 13.75 155320.66689999998
0.0 -2.5 -7.5 13.75 36215.2913
0.0 0.0 -7.5 13.75 413422.0335
0.0 2.5 -7.5 13.75 210426.3049
0.0 5.0 -7.5 13.75 -2.7451
0.0 7.5 -7.5 13.75 -18.5555
0.0 10.0 -7.5 13.75 -12.7553
0.0 -2.5 -5.0 13.75 1173253.078
0.0 0.0 -5.0 13.75 456851169.6669
0.0 2.5 -5.0 13.75 1800845.6
0.0 5.0 -5.0 13.75 6671.841899999999
0.0 7.5 -5.0 13.75 -16.8176
0.0 -5.0 -2.5 13.75 165126.19530000002
0.0 -2.5 -2.5 13.75 282296116.7656
0.0 0.0 -2.5 13.75 9999999931.4925
0.0 2.5 -2.5 13.75 9999999939.821901
0.0 5.0 -2.5 13.75 8398957984.0421
0.0 7.5 -2.5 13.75 6163676.5038
0.0 -5.0 0.0 13.75 10000000021.3547
0.0 -2.5 0.0 13.75 9999999942.1229
0.0 0.0 0.0 13.75 8710851238.188599
0.0 2.5 0.0 13.75 9999999939.7353
0.0 5.0 0.0 13.75 7565644937.4785
0.0 7.5 0.0 13.75 79217.4658
0.0 10.0 0.0 13.75 -7.9961
0.0 -5.0 2.5 13.75 10000000022.657701
0.0 -2.5 2.5 13.75 10000000006.163301
0.0 0.0 2.5 13.75 9683859186.1771
0.0 2.5 2.5 13.75 7308691056.501699
0.0 5.0 2.5 13.75 201405897.109
0.0 7.5 2.5 13.75 10237570.2953
0.0 -2.5 5.0 13.75 754166401.0609001
0.0 0.0 5.0 13.75 194397772.6467
0.0 2.5 5.0 13.75 9999999973.807001
0.0 5.0 5.0 13.75 505172689.5986
0.0 7.5 5.0 13.75 724805779.755
0.0 10.0 5.0 13.75 11.8369
0.0 -5.0 -10.0 15.0 -12.5837
0.0 -2.5 -10.0 15.0 7.8962
0.0 0.0 -10.0 15.0 145.365
0.0 2.5 -10.0 15.0 18.4745
0.0 5.0 -10.0 15.0 6.9945
0.0 7.5 -10.0 15.0 -0.6958
0.0 10.0 -10.0 15.0 -3.7091
0.0 -5.0 -7.5 15.0 88.7033
0.0 -2.5 -7.5 15.0 13439.9877
0.0 0.0 -7.5 15.0 17759.124799999998
0.0 2.5 -7.5 15.0 38.0843
0.0 5.0 -7.5 15.0 -3.7026999999999997
0.0 7.5 -7.5 15.0 -8.5088
0.0 10.0 -7.5 15.0 -8.5308
0.0 -5.0 -5.0 15.0 28747.3848
0.0 -2.5 -5.0 15.0 446941059.8168
0.0 0.0 -5.0 15.0 23587785.443099998
0.0 2.5 -5.0 15.0 122201.0918
0.0 5.0 -5.0 15.0 348.7291
0.0 7.5 -5.0 15.0 -17.8559
0.0 10.0 -5.0 15.0 -12.0413
0.0 -5.0 -2.5 15.0 808457914.4634
0.0 -2.5 -2.5 15.0 9999999995.366901
0.0 0.0 -2.5 15.0 14762288.121499998
0.0 2.5 -2.5 15.0 4189658478.5924
0.0 5.0 -2.5 15.0 572115.1196999999
0.0 7.5 -2.5 15.0 28.829600000000003
0.0 10.0 -2.5 15.0 -9.5434
0.0 -5.0 0.0 15.0 7626120801.2992
0.0 -2.5 0.0 15.0 10000000009.3773
0.0 0.0 0.0 15.0 9999999925.0673
0.0 2.5 0.0 15.0 10000000035.928202
0.0 5.0 0.0 15.0 6272.8565
0.0 7.5 0.0 15.0 19.8303
0.0 10.0 0.0 15.0 -6.0255
0.0 -5.0 2.5 15.0 116430326.1619
0.0 -2.5 2.5 15.0 6755679052.9641
0.0 0.0 2.5 15.0 9999999955.1137
0.0 2.5 2.5 15.0 461889869.39479995
0.0 5.0 2.5 15.0 45222688.9215
0.0 7.5 2.5 15.0 34970.996699999996
0.0 10.0 2.5 15.0 10.4916
0.0 -5.0 5.0 15.0 9999999922.584301
0.0 -2.5 5.0 15.0 10000000033.6254
0.0 0.0 5.0 15.0 9999999989.0007
0.0 2.5 5.0 15.0 10000000014.106
0.0 5.0 5.0 15.0 9999999975.8113
0.0 7.5 5.0 15.0 34436977.3413
0.0 10.0 5.0 15.0 14.176699999999999
0.0 -5.0 -10.0 16.25 -8.149
0.0 -2.5 -10.0 16.25 2.8309
0.0 0.0 -10.0 16.25 15.0486
0.0 2.5 -10.0 16.25 15.0275
0.0 5.0 -10.0 16.25 7.865000000000001
0.0 7.5 -10.0 16.25 1.1653
0.0 10.0 -10.0 16.25 -0.7928
0.0 -5.0 -7.5 16.25 -8.846499999999999
0.0 -2.5 -7.5 16.25 1328.008
0.0 0.0 -7.5 16.25 2408.6135999999997
0.0 2.5 -7.5 16.25 10.872400000000003
0.0 5.0 -7.5 16.25 2.4594
0.0 7.5 -7.5 16.25 -2.8324999999999996
0.0 10.0 -7.5 16.25 -3.8851
0.0 -5.0 -5.0 16.25 3568522.1015
0.0 -2.5 -5.0 16.25 2414845823.0448003
0.0 0.0 -5.0 16.25 12241129.0116
0.0 2.5 -5.0 16.25 136.2788
0.0 5.0 -5.0 16.25 8.7849
0.0 7.5 -5.0 16.25 -7.2947
0.0 10.0 -5.0 16.25 -5.7269000000000005
0.0 -5.0 -2.5 16.25 3013779.1376
0.0 -2.5 -2.5 16.25 10000000004.493101
0.0 0.0 -2.5 16.25 182067.0582
0.0 2.5 -2.5 16.25 33879.781200000005
0.0 5.0 -2.5 16.25 194.8226
0.0 7.5 -2.5 16.25 -6.4231
0.0 10.0 -2.5 16.25 -4.5825
0.0 -5.0 0.0 16.25 21505388.1478
0.0 -2.5 0.0 16.25 9999999972.502
0.0 0.0 0.0 16.25 12540664.5919
0.0 2.5 0.0 16.25 9984269.6617
0.0 5.0 0.0 16.25 377.3366
0.0 7.5 0.0 16.25 -6.527100000000001
0.0 10.0 0.0 16.25 -2.9505999999999997
0.0 -5.0 2.5 16.25 1000512148.4555
0.0 -2.5 2.5 16.25 2881880570.3395996
0.0 0.0 2.5 16.25 167446805.19349998
0.0 2.5 2.5 16.25 9999999988.0608
0.0 5.0 2.5 16.25 2216824.6535
0.0 7.5 2.5 16.25 4730.0832
0.0 10.0 2.5 16.25 0.2273
0.0 -5.0 5.0 16.25 1685491.7408999999
0.0 -2.5 5.0 16.25 31198543.187700003
0.0 0.0 5.0 16.25 856590948.9467
0.0 2.5 5.0 16.25 91115.8639
0.0 5.0 5.0 16.25 104178.3626
0.0 7.5 5.0 16.25 55913.8228
0.0 10.0 5.0 16.25 1.6584
60.0 -5.0 -10.0 3.75 10000000046.5969
60.0 -2.5 -10.0 3.75 219693689.4703
60.0 0.0 -10.0 3.75 10000000011.292301
60.0 2.5 -10.0 3.75 10000000033.890701
60.0 5.0 -10.0 3.75 40281401.14
60.0 7.5 -10.0 3.75 3504245253.9656
60.0 10.0 -10.0 3.75 1205.8527
60.0 -5.0 -7.5 3.75 10000000255.4715
60.0 -2.5 -7.5 3.75 10000000327.575
60.0 0.0 -7.5 3.75 9999999900.257502
60.0 2.5 -7.5 3.75 2865297088.3888
60.0 5.0 -7.5 3.75 10000000113.742102
60.0 7.5 -7.5 3.75 9999999850.033
60.0 10.0 -7.5 3.75 4975.591299999999
60.0 -5.0 -5.0 3.75 9999999974.6574
60.0 -2.5 -5.0 3.75 10000000109.576
60.0 0.0 -5.0 3.75 5105542288.1159
60.0 2.5 -5.0 3.75 9999999843.1226
60.0 5.0 -5.0 3.75 9999999988.7455
60.0 7.5 -5.0 3.75 10000000070.4141
60.0 10.0 -5.0 3.75 2268.5864
60.0 -5.0 -2.5 3.75 3818553289.6509
60.0 -2.5 -2.5 3.75 9999999577.5715
60.0 0.0 -2.5 3.75 9999999957.3192
60.0 2.5 -2.5 3.75 9999999867.047602
60.0 5.0 -2.5 3.75 10000000531.566
60.0 7.5 -2.5 3.75 7941897658.7773
60.0 10.0 -2.5 3.75 860559609.5144
60.0 -5.0 0.0 3.75 9999999897.492
60.0 -2.5 0.0 3.75 10000000144.9727
60.0 0.0 0.0 3.75 10000000133.133501
60.0 2.5 0.0 3.75 10000000119.720402
60.0 5.0 0.0 3.75 10000000061.347801
60.0 7.5 0.0 3.75 10000000042.737902
60.0 10.0 0.0 3.75 304303.0048
60.0 -5.0 2.5 3.75 10000000024.2803
60.0 -2.5 2.5 3.75 3607803333.8995
60.0 0.0 2.5 3.75 10000000194.8707
60.0 2.5 2.5 3.75 9999999966.359001
60.0 5.0 2.5 3.75 9999999710.9428
60.0 7.5 2.5 3.75 10000000069.847101
60.0 10.0 2.5 3.75 5267768.1066
60.0 -5.0 5.0 3.75 10000000041.0126
60.0 -2.5 5.0 3.75 10000000085.154701
60.0 0.0 5.0 3.75 9999999852.8467
60.0 2.5 5.0 3.75 9999999740.2528
60.0 5.0 5.0 3.75 10000000091.3773
60.0 7.5 5.0 3.75 9999999970.4029
60.0 10.0 5.0 3.75 10000000209.9461
60.0 0.0 -2.5 6.25 9999999715.209702
60.0 0.0 2.5 6.25 9999999835.0629
60.0 5.0 -7.5 7.5 1133392990.7606
60.0 0.0 -5.0 7.5 9999999782.428001
60.0 0.0 -2.5 7.5 9999999614.240002
60.0 -2.5 0.0 7.5 10000000097.6291
60.0 0.0 0.0 7.5 9999999956.504501
60.0 -2.5 2.5 7.5 10000000179.889502
60.0 0.0 2.5 7.5 10000000215.868301
60.0 0.0 -7.5 8.75 17198307.2775
60.0 0.0 -5.0 8.75 10000000075.2126
60.0 2.5 -5.0 8.75 10000000089.3703
60.0 0.0 -2.5 8.75 9999999978.239
60.0 -2.5 0.0 8.75 9999999931.3544
60.0 0.0 0.0 8.75 10000000037.521502
60.0 -2.5 2.5 8.75 10000000006.244001
60.0 0.0 2.5 8.75 10000000024.159601
60.0 2.5 2.5 8.75 10000000048.9818
60.0 -5.0 5.0 8.75 10000000015.7234
60.0 -2.5 5.0 8.75 9999999836.934301
60.0 0.0 5.0 8.75 877271016.361
60.0 0.0 -10.0 10.0 9999999977.6683
60.0 0.0 -7.5 10.0 474237268.228
60.0 2.5 -7.5 10.0 2145735.6180999996
60.0 5.0 -7.5 10.0 507734.6151
60.0 0.0 -5.0 10.0 9999999956.036201
60.0 2.5 -5.0 10.0 9999999914.636501
60.0 0.0 -2.5 10.0 9999999838.074202
60.0 -2.5 0.0 10.0 9999999905.107101
60.0 0.0 0.0 10.0 10000000100.1917
60.0 -5.0 2.5 10.0 10000000050.8202
60.0 -2.5 2.5 10.0 9999999988.4683
60.0 0.0 2.5 10.0 9999999943.7744
60.0 2.5 2.5 10.0 1063822760.4214
60.0 -2.5 5.0 10.0 9999999985.8857
60.0 0.0 5.0 10.0 6622868202.5113
60.0 2.5 5.0 10.0 9999999992.282501
60.0 0.0 -10.0 11.25 9999999969.9036
60.0 7.5 -10.0 11.25 -1.1294
60.0 10.0 -10.0 11.25 1.4809
60.0 -2.5 -7.5 11.25 2581326702.9245005
60.0 0.0 -7.5 11.25 74003.61180000001
60.0 2.5 -7.5 11.25 60031.4282
60.0 5.0 -7.5 11.25 287.3036
60.0 7.5 -7.5 11.25 -14.6087
60.0 10.0 -7.5 11.25 -3.4119
60.0 0.0 -5.0 11.25 498213143.33640003
60.0 2.5 -5.0 11.25 17252189.6944
60.0 0.0 -2.5 11.25 1171480114.9452
60.0 -2.5 0.0 11.25 9999999946.8812
60.0 0.0 0.0 11.25 9999999922.474901
60.0 2.5 0.0 11.25 380894415.8248
60.0 -5.0 2.5 11.25 9999999956.446901
60.0 -2.5 2.5 11.25 9999999817.153502
60.0 0.0 2.5 11.25 10000000085.379301
60.0 2.5 2.5 11.25 10000000024.499601
60.0 -5.0 5.0 11.25 10000000096.357601
60.0 -2.5 5.0 11.25 9999999997.0573
60.0 0.0 5.0 11.25 1083553371.9029999
60.0 2.5 5.0 11.25 9999999909.795301
60.0 5.0 5.0 11.25 66033622.7849
60.0 0.0 -10.0 12.5 650454475.6833999
60.0 2.5 -10.0 12.5 374614126.89750004
60.0 5.0 -10.0 12.5 -1.1361999999999997
60.0 7.5 -10.0 12.5 0.035499999999999865
60.0 10.0 -10.0 12.5 0.33519999999999994
60.0 -2.5 -7.5 12.5 21444.6545
60.0 0.0 -7.5 12.5 313.4746
60.0 2.5 -7.5 12.5 84.57809999999999
60.0 5.0 -7.5 12.5 188.9531
60.0 7.5 -7.5 12.5 -10.7368
60.0 10.0 -7.5 12.5 -2.3869
60.0 -5.0 -5.0 12.5 10000000066.9414
60.0 -2.5 -5.0 12.5 61715576.1581
60.0 0.0 -5.0 12.5 42826591.5635
60.0 2.5 -5.0 12.5 9999999947.578201
60.0 -2.5 -2.5 12.5 3857444724.8106
60.0 0.0 -2.5 12.5 9999999834.7805
60.0 5.0 -2.5 12.5 4570217.9139
60.0 -5.0 0.0 12.5 9999999725.463701
60.0 -2.5 0.0 12.5 10000000162.675901
60.0 0.0 0.0 12.5 9999999703.2728
60.0 2.5 0.0 12.5 5647399040.8796
60.0 -5.0 2.5 12.5 200504196.9411
60.0 -2.5 2.5 12.5 10000000024.673801
60.0 0.0 2.5 12.5 468732390.3083
60.0 2.5 2.5 12.5 10000000036.263
60.0 -5.0 5.0 12.5 9999999921.305801
60.0 -2.5 5.0 12.5 9999999894.4307
60.0 0.0 5.0 12.5 10000000077.5832
60.0 2.5 5.0 12.5 9999999869.1639
60.0 5.0 5.0 12.5 7291474.6612
60.0 -2.5 -10.0 13.75 1934.3551
60.0 0.0 -10.0 13.75 6755541.5528
60.0 2.5 -10.0 13.75 1369.1663
60.0 5.0 -10.0 13.75 1.1264000000000003
60.0 7.5 -10.0 13.75 0.021499999999999853
60.0 10.0 -10.0 13.75 0.12539999999999996
60.0 -2.5 -7.5 13.75 620.0372
60.0 0.0 -7.5 13.75 116.8601
60.0 2.5 -7.5 13.75 -6.9395999999999995
60.0 5.0 -7.5 13.75 4.3014
60.0 7.5 -7.5 13.75 -6.9501
60.0 10.0 -7.5 13.75 -2.3078
60.0 -5.0 -5.0 13.75 16527423.4928
60.0 -2.5 -5.0 13.75 9656803860.2749
60.0 0.0 -5.0 13.75 29080986.594
60.0 2.5 -5.0 13.75 45172417.761599995
60.0 5.0 -5.0 13.75 248413.4071
60.0 7.5 -5.0 13.75 -12.975
60.0 10.0 -5.0 13.75 -4.2216
60.0 -5.0 -2.5 13.75 10000000038.935701
60.0 -2.5 -2.5 13.75 9999999970.7539
60.0 0.0 -2.5 13.75 10000000274.0561
60.0 2.5 -2.5 13.75 6370275433.0513
60.0 5.0 -2.5 13.75 222737023.52850002
60.0 7.5 -2.5 13.75 -16.3086
60.0 -5.0 0.0 13.75 10000000116.0133
60.0 -2.5 0.0 13.75 9999999887.7647
60.0 0.0 0.0 13.75 9999999950.9972
60.0 2.5 0.0 13.75 9999999868.5972
60.0 5.0 0.0 13.75 117415.4859
60.0 -5.0 2.5 13.75 9999999966.075401
60.0 -2.5 2.5 13.75 10000000017.6856
60.0 0.0 2.5 13.75 4956052038.0334
60.0 2.5 2.5 13.75 541409673.2033
60.0 -5.0 5.0 13.75 10000000087.644701
60.0 -2.5 5.0 13.75 5604594488.7453
60.0 0.0 5.0 13.75 5545874461.7545
60.0 2.5 5.0 13.75 158101734.75829998
60.0 5.0 5.0 13.75 2638897.4203
60.0 -5.0 -10.0 15.0 6.6583000000000006
60.0 -2.5 -10.0 15.0 6.0623
60.0 0.0 -10.0 15.0 131.0806
60.0 2.5 -10.0 15.0 7.5768
60.0 5.0 -10.0 15.0 2.0757
60.0 7.5 -10.0 15.0 -0.024499999999999966
60.0 10.0 -10.0 15.0 0.01369999999999999
60.0 -5.0 -7.5 15.0 403.3156
60.0 -2.5 -7.5 15.0 24.4608
60.0 0.0 -7.5 15.0 15.293099999999999
60.0 2.5 -7.5 15.0 -0.22560000000000002
60.0 5.0 -7.5 15.0 -4.4472000000000005
60.0 7.5 -7.5 15.0 -3.2806
60.0 10.0 -7.5 15.0 -1.4688999999999999
60.0 -5.0 -5.0 15.0 4038462816.4220996
60.0 -2.5 -5.0 15.0 166471.477
60.0 0.0 -5.0 15.0 17425163.3069
60.0 2.5 -5.0 15.0 82221.39140000001
60.0 5.0 -5.0 15.0 29.765
60.0 7.5 -5.0 15.0 -7.3672
60.0 10.0 -5.0 15.0 -2.3705
60.0 -5.0 -2.5 15.0 804392935.2806
60.0 -2.5 -2.5 15.0 108041522.9681
60.0 0.0 -2.5 15.0 9999999922.1436
60.0 2.5 -2.5 15.0 9999999964.6581
60.0 5.0 -2.5 15.0 119.64689999999999
60.0 7.5 -2.5 15.0 -9.4602
60.0 10.0 -2.5 15.0 -3.3115
60.0 -5.0 0.0 15.0 9999999918.7928
60.0 -2.5 0.0 15.0 820840161.5184
60.0 0.0 0.0 15.0 9999999966.263
60.0 2.5 0.0 15.0 3256948377.9386
60.0 5.0 0.0 15.0 5714.9893
60.0 7.5 0.0 15.0 -9.337
60.0 10.0 0.0 15.0 -4.2178
60.0 -5.0 2.5 15.0 10000000026.853401
60.0 -2.5 2.5 15.0 9999999812.2808
60.0 0.0 2.5 15.0 10000000027.4244
60.0 2.5 2.5 15.0 2399327884.3423
60.0 5.0 2.5 15.0 992887.9476
60.0 7.5 2.5 15.0 -7.896599999999999
60.0 10.0 2.5 15.0 -3.7093
60.0 -5.0 5.0 15.0 10000000202.6327
60.0 -2.5 5.0 15.0 1426186775.1460001
60.0 0.0 5.0 15.0 10000000021.049301
60.0 2.5 5.0 15.0 9999999943.58
60.0 5.0 5.0 15.0 17609.2525
60.0 -5.0 -10.0 16.25 4.694599999999999
60.0 -2.5 -10.0 16.25 4.363
60.0 0.0 -10.0 16.25 6.2715000000000005
60.0 2.5 -10.0 16.25 3.9162
60.0 5.0 -10.0 16.25 1.6166999999999998
60.0 7.5 -10.0 16.25 0.16049999999999998
60.0 10.0 -10.0 16.25 -0.2338
60.0 -5.0 -7.5 16.25 2.2927
60.0 -2.5 -7.5 16.25 6.2994
60.0 0.0 -7.5 16.25 11.5867
60.0 2.5 -7.5 16.25 2.9312
60.0 5.0 -7.5 16.25 -0.12390000000000012
60.0 7.5 -7.5 16.25 -1.5476
60.0 10.0 -7.5 16.25 -0.5684
60.0 -5.0 -5.0 16.25 2233260.4097
60.0 -2.5 -5.0 16.25 221473.01330000002
60.0 0.0 -5.0 16.25 64783226.3762
60.0 2.5 -5.0 16.25 16173.991300000002
60.0 5.0 -5.0 16.25 -4.0177
60.0 7.5 -5.0 16.25 -3.6018
60.0 10.0 -5.0 16.25 -1.8176
60.0 -5.0 -2.5 16.25 1112479.6418
60.0 -2.5 -2.5 16.25 1098505039.8813002
60.0 0.0 -2.5 16.25 240460410.33069998
60.0 2.5 -2.5 16.25 21505.6329
60.0 5.0 -2.5 16.25 -2.4011
60.0 7.5 -2.5 16.25 -3.5998
60.0 10.0 -2.5 16.25 -2.1553999999999998
60.0 -5.0 0.0 16.25 10000000042.6011
60.0 -2.5 0.0 16.25 336401356.5144
60.0 0.0 0.0 16.25 389499017.3356
60.0 2.5 0.0 16.25 239678.50149999998
60.0 5.0 0.0 16.25 0.8452
60.0 7.5 0.0 16.25 -3.6767000000000003
60.0 10.0 0.0 16.25 -2.9871
60.0 -5.0 2.5 16.25 6405952731.5353
60.0 -2.5 2.5 16.25 52876121.5067
60.0 0.0 2.5 16.25 247212526.3048
60.0 2.5 2.5 16.25 10000000009.698801
60.0 5.0 2.5 16.25 730403.7681
60.0 7.5 2.5 16.25 -4.2462
60.0 10.0 2.5 16.25 -2.4431
60.0 -5.0 5.0 16.25 9999999521.5179
60.0 -2.5 5.0 16.25 9999999832.7535
60.0 0.0 5.0 16.25 95952556.7176
60.0 2.5 5.0 16.25 4297380.3095
60.0 5.0 5.0 16.25 23554.1621
60.0 7.5 5.0 16.25 -3.714
60.0 10.0 5.0 16.25 -1.2227999999999999
120.0 -5.0 -10.0 3.75 627762869.0617
120.0 -2.5 -10.0 3.75 9999999863.230902
120.0 0.0 -10.0 3.75 10000000115.706902
120.0 2.5 -10.0 3.75 9999999960.389101
120.0 5.0 -10.0 3.75 10000000133.356602
120.0 7.5 -10.0 3.75 1170029.1249
120.0 10.0 -10.0 3.75 38485.708399999996
120.0 -5.0 -7.5 3.75 7405384226.3917
120.0 -2.5 -7.5 3.75 10000000109.2483
120.0 0.0 -7.5 3.75 10000000265.019402
120.0 2.5 -7.5 3.75 10000000128.1863
120.0 5.0 -7.5 3.75 10000000076.1783
120.0 7.5 -7.5 3.75 505524630.6108
120.0 10.0 -7.5 3.75 375040.9156
120.0 -5.0 -5.0 3.75 10000000020.5736
120.0 -2.5 -5.0 3.75 10000000136.300001
120.0 0.0 -5.0 3.75 9999999922.246801
120.0 2.5 -5.0 3.75 9999999981.995201
120.0 5.0 -5.0 3.75 10000000090.9759
120.0 7.5 -5.0 3.75 122979911.1506
120.0 10.0 -5.0 3.75 197943871.0294
120.0 -5.0 -2.5 3.75 9999999996.1285
120.0 -2.5 -2.5 3.75 10000000042.399601
120.0 0.0 -2.5 3.75 10000000120.775702
120.0 2.5 -2.5 3.75 10000000048.2492
120.0 5.0 -2.5 3.75 10000000142.428501
120.0 7.5 -2.5 3.75 5159698090.7073
120.0 10.0 -2.5 3.75 50044.8815
120.0 -5.0 0.0 3.75 6055631895.1719
120.0 -2.5 0.0 3.75 9999999979.967001
120.0 0.0 0.0 3.75 9999999927.638802
120.0 2.5 0.0 3.75 9999999850.049002
120.0 5.0 0.0 3.75 9999999980.1972
120.0 7.5 0.0 3.75 10000000042.876701
120.0 10.0 0.0 3.75 6615.3039
120.0 -5.0 2.5 3.75 10000000166.634602
120.0 -2.5 2.5 3.75 10000000044.2262
120.0 0.0 2.5 3.75 9999999981.4211
120.0 2.5 2.5 3.75 10000000098.748001
120.0 5.0 2.5 3.75 9999999964.330301
120.0 7.5 2.5 3.75 135569882.6089
120.0 10.0 2.5 3.75 208157.15639999998
120.0 -5.0 5.0 3.75 9999999976.3108
120.0 -2.5 5.0 3.75 9999999693.127901
120.0 0.0 5.0 3.75 9999999808.1895
120.0 2.5 5.0 3.75 9999999880.9172
120.0 5.0 5.0 3.75 2170731477.9207997
120.0 7.5 5.0 3.75 213307.3321
120.0 10.0 5.0 3.75 5037.2627999999995
120.0 -2.5 0.0 5.0 10000000181.257301
120.0 -2.5 2.5 5.0 9999999845.295801
120.0 0.0 -2.5 6.25 10000000153.1152
120.0 -2.5 0.0 6.25 9999999935.875
120.0 -2.5 2.5 6.25 9999999815.278
120.0 -2.5 5.0 6.25 9999999705.549301
120.0 0.0 -7.5 7.5 9999999940.6278
120.0 -2.5 -5.0 7.5 10000000096.677502
120.0 0.0 -5.0 7.5 9999999979.319601
120.0 -2.5 -2.5 7.5 9999999792.3673
120.0 0.0 -2.5 7.5 9999999950.107101
120.0 -2.5 0.0 7.5 10000000336.7252
120.0 -2.5 2.5 7.5 9999999987.0832
120.0 0.0 2.5 7.5 10000000157.7192
120.0 -2.5 5.0 7.5 1090483283.9795
120.0 0.0 -7.5 8.75 10000000106.913
120.0 -2.5 -5.0 8.75 9999999714.9473
120.0 0.0 -5.0 8.75 9999999995.575401
120.0 2.5 -5.0 8.75 10000000017.226501
120.0 -2.5 -2.5 8.75 9999999811.243301
120.0 0.0 -2.5 8.75 9070810755.3662
120.0 -2.5 0.0 8.75 9999999896.508202
120.0 0.0 0.0 8.75 10000000131.2273
120.0 -2.5 2.5 8.75 9999999869.927101
120.0 0.0 2.5 8.75 9999999877.869501
120.0 -5.0 5.0 8.75 1595642919.815
120.0 -2.5 5.0 8.75 9999999689.672
120.0 0.0 -7.5 10.0 10000000006.0711
120.0 2.5 -7.5 10.0 2472603880.4226
120.0 -2.5 -5.0 10.0 9999999985.4419
120.0 0.0 -5.0 10.0 10000000026.822
120.0 2.5 -5.0 10.0 589923273.7444999
120.0 -2.5 -2.5 10.0 10000000099.551601
120.0 0.0 -2.5 10.0 9999999564.9953
120.0 -2.5 0.0 10.0 10000000050.4887
120.0 0.0 0.0 10.0 10000000201.834501
120.0 -2.5 2.5 10.0 10000000298.054401
120.0 0.0 2.5 10.0 10000000028.1315
120.0 2.5 2.5 10.0 2300426218.2247
120.0 -5.0 5.0 10.0 1295700444.2900999
120.0 -2.5 5.0 10.0 2131058171.4603
120.0 0.0 5.0 10.0 1123120042.491
120.0 0.0 -10.0 11.25 186528975.6485
120.0 2.5 -10.0 11.25 223547.758
120.0 5.0 -10.0 11.25 4781.3613000000005
120.0 7.5 -10.0 11.25 10.122
120.0 0.0 -7.5 11.25 3631836352.0779
120.0 2.5 -7.5 11.25 10000000093.288301
120.0 5.0 -7.5 11.25 7024162.757900001
120.0 -2.5 -5.0 11.25 9999999661.7057
120.0 0.0 -5.0 11.25 10000000055.9936
120.0 2.5 -5.0 11.25 9999999898.1053
120.0 -5.0 -2.5 11.25 9999999953.9596
120.0 -2.5 -2.5 11.25 9999999943.566502
120.0 0.0 -2.5 11.25 10000000039.9391
120.0 -5.0 0.0 11.25 9999999952.705
120.0 -2.5 0.0 11.25 10000000137.336102
120.0 0.0 0.0 11.25 10000000404.9796
120.0 2.5 0.0 11.25 49404866.253299996
120.0 5.0 0.0 11.25 10000000011.694
120.0 -5.0 2.5 11.25 10000000283.1154
120.0 -2.5 2.5 11.25 9999999921.4004
120.0 0.0 2.5 11.25 9999999916.6874
120.0 2.5 2.5 11.25 29745600.3771
120.0 -5.0 5.0 11.25 10000000019.4934
120.0 -2.5 5.0 11.25 10000000076.5573
120.0 0.0 5.0 11.25 3995981303.5037
120.0 2.5 5.0 11.25 9999999900.7801
120.0 -5.0 -10.0 12.5 3944621.2068999996
120.0 0.0 -10.0 12.5 864865.6046999999
120.0 2.5 -10.0 12.5 107641.8854
120.0 5.0 -10.0 12.5 1578.2403
120.0 7.5 -10.0 12.5 -8.5311
120.0 10.0 -10.0 12.5 3.3103000000000002
120.0 -2.5 -7.5 12.5 643847762.9061
120.0 0.0 -7.5 12.5 10087575.1669
120.0 2.5 -7.5 12.5 43444943.193799995
120.0 5.0 -7.5 12.5 32773.8192
120.0 -2.5 -5.0 12.5 10000000074.745901
120.0 0.0 -5.0 12.5 9999999941.9526
120.0 2.5 -5.0 12.5 475057631.0325
120.0 -5.0 -2.5 12.5 156677085.80839998
120.0 -2.5 -2.5 12.5 9999999893.158602
120.0 0.0 -2.5 12.5 196078342.60090002
120.0 -5.0 0.0 12.5 176639320.767
120.0 -2.5 0.0 12.5 10000000086.682001
120.0 0.0 0.0 12.5 9999999844.297401
120.0 2.5 0.0 12.5 8781024638.9857
120.0 5.0 0.0 12.5 170085.0538
120.0 -5.0 2.5 12.5 10000000045.114302
120.0 -2.5 2.5 12.5 470671933.6806
120.0 0.0 2.5 12.5 900408273.8185
120.0 2.5 2.5 12.5 8264510078.932699
120.0 5.0 2.5 12.5 68008.5976
120.0 -5.0 5.0 12.5 9999999931.516201
120.0 -2.5 5.0 12.5 177354535.9109
120.0 0.0 5.0 12.5 10000000025.9381
120.0 2.5 5.0 12.5 4169220002.8018003
120.0 5.0 5.0 12.5 307.9973
120.0 7.5 5.0 12.5 -13.922
120.0 -5.0 -10.0 13.75 2761260.3669
120.0 -2.5 -10.0 13.75 3961.4573
120.0 0.0 -10.0 13.75 133938.7298
120.0 2.5 -10.0 13.75 133.23569999999998
120.0 5.0 -10.0 13.75 85.0148
120.0 7.5 -10.0 13.75 -10.915299999999998
120.0 10.0 -10.0 13.75 -2.5538
120.0 -2.5 -7.5 13.75 159633258.32369998
120.0 0.0 -7.5 13.75 67602829.4951
120.0 2.5 -7.5 13.75 1876.2444
120.0 5.0 -7.5 13.75 28.855999999999998
120.0 7.5 -7.5 13.75 -13.4587
120.0 10.0 -7.5 13.75 -5.0633
120.0 -5.0 -5.0 13.75 502452601.0424
120.0 -2.5 -5.0 13.75 251878762.32579997
120.0 0.0 -5.0 13.75 52718.144700000004
120.0 2.5 -5.0 13.75 9999999934.739601
120.0 -5.0 -2.5 13.75 10000000030.9454
120.0 -2.5 -2.5 13.75 7585927306.4574
120.0 0.0 -2.5 13.75 10000000098.7084
120.0 2.5 -2.5 13.75 28134575.1143
120.0 -5.0 0.0 13.75 10000000044.4533
120.0 -2.5 0.0 13.75 10000000075.034302
120.0 0.0 0.0 13.75 5588129956.269799
120.0 2.5 0.0 13.75 3109341131.0186
120.0 -5.0 2.5 13.75 9999999955.018702
120.0 -2.5 2.5 13.75 10000000104.052
120.0 0.0 2.5 13.75 10000000054.7208
120.0 2.5 2.5 13.75 125950435.6585
120.0 5.0 2.5 13.75 2249.587
120.0 7.5 2.5 13.75 16262.945
120.0 -5.0 5.0 13.75 352112299.7307
120.0 -2.5 5.0 13.75 9999999974.9274
120.0 0.0 5.0 13.75 1192060011.3073
120.0 2.5 5.0 13.75 9999999985.5501
120.0 5.0 5.0 13.75 268.971
120.0 7.5 5.0 13.75 -8.4428
120.0 -5.0 -10.0 15.0 50791.847799999996
120.0 -2.5 -10.0 15.0 142.2808
120.0 0.0 -10.0 15.0 65.91640000000001
120.0 2.5 -10.0 15.0 -1.5614
120.0 5.0 -10.0 15.0 -12.344299999999999
120.0 7.5 -10.0 15.0 -9.8826
120.0 10.0 -10.0 15.0 -4.2644
120.0 -5.0 -7.5 15.0 4913794106.8863
120.0 -2.5 -7.5 15.0 4065451.8362000003
120.0 0.0 -7.5 15.0 156.3514
120.0 2.5 -7.5 15.0 -2.4846000000000004
120.0 5.0 -7.5 15.0 -13.096900000000002
120.0 7.5 -7.5 15.0 -10.314499999999999
120.0 10.0 -7.5 15.0 -5.8271999999999995
120.0 -5.0 -5.0 15.0 9999999781.718401
120.0 -2.5 -5.0 15.0 8910490.4136
120.0 0.0 -5.0 15.0 99401.509
120.0 2.5 -5.0 15.0 468.0466
120.0 5.0 -5.0 15.0 3.1089
120.0 7.5 -5.0 15.0 -7.524100000000001
120.0 10.0 -5.0 15.0 -4.4597999999999995
120.0 -5.0 -2.5 15.0 3746852969.4790998
120.0 -2.5 -2.5 15.0 198148927.5662
120.0 0.0 -2.5 15.0 10000000006.7649
120.0 2.5 -2.5 15.0 745512.8032000001
120.0 5.0 -2.5 15.0 52.3525
120.0 7.5 -2.5 15.0 32.8818
120.0 10.0 -2.5 15.0 -0.7426999999999999
120.0 -5.0 0.0 15.0 4936023296.7145
120.0 -2.5 0.0 15.0 10000000088.549501
120.0 0.0 0.0 15.0 10000000008.6749
120.0 2.5 0.0 15.0 80553754.99710001
120.0 5.0 0.0 15.0 151.342
120.0 10.0 0.0 15.0 5.0352
120.0 -5.0 2.5 15.0 2223014041.1380997
120.0 -2.5 2.5 15.0 9999999903.8693
120.0 0.0 2.5 15.0 6979899178.4581995
120.0 2.5 2.5 15.0 41876309.5468
120.0 5.0 2.5 15.0 29.7932
120.0 7.5 2.5 15.0 25.7534
120.0 10.0 2.5 15.0 4.9223
120.0 -5.0 5.0 15.0 9999999944.810202
120.0 -2.5 5.0 15.0 10000000163.3967
120.0 0.0 5.0 15.0 3506260523.3224998
120.0 2.5 5.0 15.0 10000000022.122702
120.0 5.0 5.0 15.0 181.79340000000002
120.0 7.5 5.0 15.0 -3.7607999999999997
120.0 10.0 5.0 15.0 0.7662
120.0 -5.0 -10.0 16.25 133.4186
120.0 -2.5 -10.0 16.25 18.098999999999997
120.0 0.0 -10.0 16.25 6.130599999999999
120.0 2.5 -10.0 16.25 -1.8918
120.0 5.0 -10.0 16.25 -8.775500000000001
120.0 7.5 -10.0 16.25 -7.8077000000000005
120.0 10.0 -10.0 16.25 -4.4601999999999995
120.0 -5.0 -7.5 16.25 88406.19330000001
120.0 -2.5 -7.5 16.25 6301.3525
120.0 0.0 -7.5 16.25 5.870100000000001
120.0 2.5 -7.5 16.25 -3.7669
120.0 5.0 -7.5 16.25 -8.8186
120.0 7.5 -7.5 16.25 -8.392100000000001
120.0 10.0 -7.5 16.25 -5.165
120.0 -5.0 -5.0 16.25 5643566.3661
120.0 -2.5 -5.0 16.25 93779.9655
120.0 0.0 -5.0 16.25 159.4247
120.0 2.5 -5.0 16.25 -13.4405
120.0 5.0 -5.0 16.25 -9.6892
120.0 7.5 -5.0 16.25 -6.1094
120.0 10.0 -5.0 16.25 -4.1681
120.0 -5.0 -2.5 16.25 1440212603.5309
120.0 -2.5 -2.5 16.25 10000000088.098902
120.0 0.0 -2.5 16.25 10000000009.5114
120.0 2.5 -2.5 16.25 4890.089099999999
120.0 5.0 -2.5 16.25 -10.165099999999999
120.0 7.5 -2.5 16.25 -1.5623
120.0 10.0 -2.5 16.25 -0.2284
120.0 -5.0 0.0 16.25 10000000003.797602
120.0 -2.5 0.0 16.25 10000000026.8022
120.0 0.0 0.0 16.25 302470875.12509996
120.0 2.5 0.0 16.25 23620.1677
120.0 5.0 0.0 16.25 0.16590000000000016
120.0 7.5 0.0 16.25 7.0512
120.0 10.0 0.0 16.25 4.0671
120.0 -5.0 2.5 16.25 364742561.60480005
120.0 -2.5 2.5 16.25 111461830.0874
120.0 0.0 2.5 16.25 1814486647.7496002
120.0 2.5 2.5 16.25 854376.1575999999
120.0 5.0 2.5 16.25 6.2217
120.0 7.5 2.5 16.25 4.661200000000001
120.0 10.0 2.5 16.25 4.300199999999999
120.0 -5.0 5.0 16.25 15101308.371299999
120.0 -2.5 5.0 16.25 62130156.1667
120.0 0.0 5.0 16.25 3393198.886
120.0 2.5 5.0 16.25 10000000006.0403
120.0 5.0 5.0 16.25 281.27790000000005
120.0 7.5 5.0 16.25 -1.3699
120.0 10.0 5.0 16.25 0.5026999999999999
180.0 -5.0 -10.0 3.75 9368808375.6286
180.0 -2.5 -10.0 3.75 94919168.3935
180.0 0.0 -10.0 3.75 4115988820.0594997
180.0 2.5 -10.0 3.75 4920622907.5141
180.0 5.0 -10.0 3.75 2673361449.9151
180.0 7.5 -10.0 3.75 2857309369.3181996
180.0 10.0 -10.0 3.75 491984.561
180.0 -5.0 -7.5 3.75 10000000084.377
180.0 -2.5 -7.5 3.75 10000000602.6182
180.0 0.0 -7.5 3.75 10000000553.1469
180.0 2.5 -7.5 3.75 10000000089.0312
180.0 5.0 -7.5 3.75 10000000106.821701
180.0 7.5 -7.5 3.75 1317859.2130999998
180.0 10.0 -7.5 3.75 10000000140.827501
180.0 -5.0 -5.0 3.75 10000000259.4326
180.0 -2.5 -5.0 3.75 10000000138.376902
180.0 0.0 -5.0 3.75 10000000240.4598
180.0 2.5 -5.0 3.75 6301240242.535501
180.0 5.0 -5.0 3.75 9999999983.7049
180.0 7.5 -5.0 3.75 10000000055.7254
180.0 10.0 -5.0 3.75 9999999793.436602
180.0 -5.0 -2.5 3.75 9999999823.360102
180.0 -2.5 -2.5 3.75 9999999936.6042
180.0 0.0 -2.5 3.75 9999999730.5648
180.0 2.5 -2.5 3.75 10000000117.3969
180.0 5.0 -2.5 3.75 10000000352.6012
180.0 7.5 -2.5 3.75 10000000041.9566
180.0 10.0 -2.5 3.75 10000000033.497501
180.0 -5.0 0.0 3.75 9999999974.7675
180.0 -2.5 0.0 3.75 10000000173.435701
180.0 0.0 0.0 3.75 10000000044.151901
180.0 2.5 0.0 3.75 10000000114.7206
180.0 5.0 0.0 3.75 9999999982.960901
180.0 7.5 0.0 3.75 10000000041.5888
180.0 10.0 0.0 3.75 30977061.3195
180.0 -5.0 2.5 3.75 7204623758.2604
180.0 -2.5 2.5 3.75 9999999785.237501
180.0 0.0 2.5 3.75 9999999888.773901
180.0 2.5 2.5 3.75 9999999885.5596
180.0 5.0 2.5 3.75 9999999873.3528
180.0 7.5 2.5 3.75 1629895287.1209
180.0 10.0 2.5 3.75 1028813586.7948
180.0 -5.0 5.0 3.75 9999999899.2348
180.0 -2.5 5.0 3.75 9999999956.6032
180.0 0.0 5.0 3.75 10000000193.8295
180.0 2.5 5.0 3.75 9999999958.218102
180.0 5.0 5.0 3.75 394353169.04969996
180.0 7.5 5.0 3.75 7397041290.1279
180.0 10.0 5.0 3.75 167665.0414
180.0 -2.5 2.5 5.0 9999999777.5034
180.0 -2.5 -2.5 6.25 10000000059.8241
180.0 -2.5 0.0 6.25 10000000115.1392
180.0 -2.5 -2.5 7.5 10000000041.7247
180.0 -2.5 0.0 7.5 10000000159.047901
180.0 -2.5 2.5 7.5 9999999803.383902
180.0 0.0 2.5 7.5 9999999998.604301
180.0 2.5 2.5 7.5 10000000020.329601
180.0 2.5 -10.0 8.75 9999999963.771801
180.0 -2.5 -7.5 8.75 9999999900.9838
180.0 2.5 -7.5 8.75 628707159.3845
180.0 5.0 -7.5 8.75 9999999828.5492
180.0 -5.0 -5.0 8.75 10000000500.1114
180.0 -2.5 -5.0 8.75 10000000045.8085
180.0 -5.0 -2.5 8.75 10000000001.7549
180.0 -2.5 -2.5 8.75 9999999971.428501
180.0 0.0 -2.5 8.75 10000000027.6352
180.0 -5.0 0.0 8.75 10000000115.9608
180.0 -2.5 0.0 8.75 10000000056.860601
180.0 0.0 0.0 8.75 1561407165.9075
180.0 -5.0 2.5 8.75 9999999846.2506
180.0 -2.5 2.5 8.75 10000000043.228102
180.0 0.0 2.5 8.75 9999999975.7796
180.0 2.5 2.5 8.75 9999999997.0933
180.0 0.0 5.0 8.75 553695809.5095999
180.0 2.5 5.0 8.75 458611548.6965
180.0 2.5 -10.0 10.0 37107739.815900005
180.0 -2.5 -7.5 10.0 979993778.1784999
180.0 0.0 -7.5 10.0 428096519.89739996
180.0 2.5 -7.5 10.0 22115328.3976
180.0 5.0 -7.5 10.0 12072861.5669
180.0 -5.0 -5.0 10.0 9999999999.1322
180.0 -2.5 -5.0 10.0 10000000133.339602
180.0 0.0 -5.0 10.0 1580659008.0223
180.0 -5.0 -2.5 10.0 10000000095.956501
180.0 -2.5 -2.5 10.0 10000000183.5037
180.0 0.0 -2.5 10.0 4463004274.5345
180.0 -5.0 0.0 10.0 9999999775.1881
180.0 -2.5 0.0 10.0 9999999846.217402
180.0 0.0 0.0 10.0 9999999939.2618
180.0 -5.0 2.5 10.0 4574552806.4789
180.0 -2.5 2.5 10.0 9999999979.0492
180.0 0.0 2.5 10.0 10000000059.1403
180.0 2.5 2.5 10.0 10000000042.466501
180.0 -2.5 5.0 10.0 10000000141.951
180.0 0.0 5.0 10.0 2248552098.0246
180.0 2.5 5.0 10.0 3571856753.0801997
180.0 5.0 5.0 10.0 4757477397.5851
180.0 -2.5 -10.0 11.25 119995943.9963
180.0 2.5 -10.0 11.25 14132.309
180.0 5.0 -10.0 11.25 7175.8988
180.0 -2.5 -7.5 11.25 522351452.2721
180.0 0.0 -7.5 11.25 834436597.3911
180.0 2.5 -7.5 11.25 18466763.7577
180.0 5.0 -7.5 11.25 933927722.7659999
180.0 -5.0 -5.0 11.25 299795644.0954
180.0 -2.5 -5.0 11.25 21870572.2649
180.0 0.0 -5.0 11.25 371811729.67929995
180.0 -5.0 -2.5 11.25 10000000297.0527
180.0 -2.5 -2.5 11.25 10000000026.8824
180.0 0.0 -2.5 11.25 986292648.5613
180.0 -5.0 0.0 11.25 374221939.3523
180.0 -2.5 0.0 11.25 9999999966.016602
180.0 0.0 0.0 11.25 1592049461.9971
180.0 -5.0 2.5 11.25 5004268204.6029005
180.0 -2.5 2.5 11.25 10000000123.2217
180.0 0.0 2.5 11.25 10000000051.9372
180.0 2.5 2.5 11.25 10000000088.153
180.0 -5.0 5.0 11.25 10000000023.079601
180.0 -2.5 5.0 11.25 8423165009.425099
180.0 0.0 5.0 11.25 88823558.4358
180.0 2.5 5.0 11.25 9243312.882599998
180.0 5.0 5.0 11.25 2462310434.4787
180.0 7.5 5.0 11.25 1205869066.0687
180.0 -2.5 -10.0 12.5 41495157.2716
180.0 0.0 -10.0 12.5 2843678.9546999997
180.0 2.5 -10.0 12.5 413.1724
180.0 5.0 -10.0 12.5 9.241
180.0 7.5 -10.0 12.5 -25.837
180.0 -2.5 -7.5 12.5 2030254661.9895
180.0 0.0 -7.5 12.5 10000000005.726301
180.0 2.5 -7.5 12.5 9999999920.5858
180.0 5.0 -7.5 12.5 213013465.8791
180.0 -5.0 -5.0 12.5 181746460.4788
180.0 -2.5 -5.0 12.5 9999999988.549702
180.0 0.0 -5.0 12.5 9999999911.6608
180.0 2.5 -5.0 12.5 27907833.7907
180.0 5.0 -5.0 12.5 4038836.4509
180.0 -5.0 -2.5 12.5 10000000143.933401
180.0 -2.5 -2.5 12.5 881267472.2136999
180.0 0.0 -2.5 12.5 9999999968.2273
180.0 2.5 -2.5 12.5 9999999759.922901
180.0 5.0 -2.5 12.5 8271927.9873
180.0 -5.0 0.0 12.5 1355134235.1634998
180.0 -2.5 0.0 12.5 1087670639.3485
180.0 0.0 0.0 12.5 10000000061.925701
180.0 2.5 0.0 12.5 174981681.01810002
180.0 -5.0 2.5 12.5 10000000007.8505
180.0 -2.5 2.5 12.5 10000000018.746302
180.0 0.0 2.5 12.5 971109441.2879
180.0 2.5 2.5 12.5 605264601.8382
180.0 5.0 2.5 12.5 1688578.7333
180.0 -5.0 5.0 12.5 1154268603.193
180.0 -2.5 5.0 12.5 9999999918.7408
180.0 0.0 5.0 12.5 10000000009.426102
180.0 2.5 5.0 12.5 869137716.5174
180.0 5.0 5.0 12.5 1522067.5544
180.0 7.5 5.0 12.5 1471801.2544999998
180.0 10.0 5.0 12.5 441.97909999999996
180.0 -5.0 -10.0 13.75 179.64520000000002
180.0 -2.5 -10.0 13.75 35857650.4252
180.0 0.0 -10.0 13.75 23503.1001
180.0 2.5 -10.0 13.75 502.34520000000003
180.0 5.0 -10.0 13.75 -31.7405
180.0 7.5 -10.0 13.75 -23.284
180.0 -5.0 -7.5 13.75 885784.1664999999
180.0 -2.5 -7.5 13.75 9999999787.6193
180.0 0.0 -7.5 13.75 2428341064.9192004
180.0 2.5 -7.5 13.75 10000000065.6667
180.0 5.0 -7.5 13.75 1055553.595
180.0 10.0 -7.5 13.75 -10.4849
180.0 -5.0 -5.0 13.75 1982144359.8158
180.0 -2.5 -5.0 13.75 2961030013.7292004
180.0 0.0 -5.0 13.75 10000000025.0846
180.0 2.5 -5.0 13.75 1600375.1856
180.0 5.0 -5.0 13.75 338763.6042
180.0 -5.0 -2.5 13.75 10000000023.595402
180.0 -2.5 -2.5 13.75 10000000058.521101
180.0 0.0 -2.5 13.75 8670323378.6781
180.0 2.5 -2.5 13.75 201382037.2407
180.0 5.0 -2.5 13.75 2659346.3227000004
180.0 -5.0 0.0 13.75 6944859168.188601
180.0 -2.5 0.0 13.75 10000000079.5006
180.0 0.0 0.0 13.75 797664821.6075
180.0 2.5 0.0 13.75 3741727675.4070997
180.0 5.0 0.0 13.75 35605356.350600004
180.0 7.5 0.0 13.75 -19.2884
180.0 -5.0 2.5 13.75 9999999989.263401
180.0 -2.5 2.5 13.75 10000000016.5741
180.0 0.0 2.5 13.75 10000000017.667301
180.0 2.5 2.5 13.75 44949952.8892
180.0 5.0 2.5 13.75 1598972.345
180.0 7.5 2.5 13.75 17.1971
180.0 10.0 2.5 13.75 -8.1989
180.0 -5.0 5.0 13.75 9877882943.6087
180.0 -2.5 5.0 13.75 9999999813.4101
180.0 0.0 5.0 13.75 10000000069.1165
180.0 2.5 5.0 13.75 107447.5631
180.0 5.0 5.0 13.75 86656.98819999999
180.0 7.5 5.0 13.75 2585.0380999999998
180.0 -5.0 -10.0 15.0 73.2103
180.0 -2.5 -10.0 15.0 3993.7597
180.0 0.0 -10.0 15.0 120.30810000000001
180.0 2.5 -10.0 15.0 117.48679999999999
180.0 5.0 -10.0 15.0 -21.68
180.0 7.5 -10.0 15.0 -15.6162
180.0 10.0 -10.0 15.0 -8.349400000000001
180.0 -5.0 -7.5 15.0 10000000203.7241
180.0 -2.5 -7.5 15.0 10000000087.552
180.0 0.0 -7.5 15.0 1093867.4205999998
180.0 2.5 -7.5 15.0 215104860.7681
180.0 5.0 -7.5 15.0 -16.3538
180.0 7.5 -7.5 15.0 -16.9634
180.0 10.0 -7.5 15.0 -7.8194
180.0 -5.0 -5.0 15.0 55120321.3834
180.0 -2.5 -5.0 15.0 382476884.38600004
180.0 0.0 -5.0 15.0 10000000160.6623
180.0 2.5 -5.0 15.0 218151.5336
180.0 5.0 -5.0 15.0 260.9361
180.0 7.5 -5.0 15.0 -14.8809
180.0 -5.0 -2.5 15.0 10000000016.0272
180.0 -2.5 -2.5 15.0 10000000010.191301
180.0 0.0 -2.5 15.0 10000000263.522701
180.0 2.5 -2.5 15.0 55202.234
180.0 5.0 -2.5 15.0 573360.3853999999
180.0 7.5 -2.5 15.0 -16.9623
180.0 -5.0 0.0 15.0 102935792.0213
180.0 -2.5 0.0 15.0 9999999936.681002
180.0 0.0 0.0 15.0 1546462407.4004998
180.0 2.5 0.0 15.0 24238066.125299998
180.0 5.0 0.0 15.0 4397021.5653
180.0 7.5 0.0 15.0 -16.9364
180.0 -5.0 2.5 15.0 10000000042.4297
180.0 -2.5 2.5 15.0 9999999976.4993
180.0 0.0 2.5 15.0 2851444576.93
180.0 2.5 2.5 15.0 10000000073.6103
180.0 5.0 2.5 15.0 1238362.2692999998
180.0 7.5 2.5 15.0 -4.9097
180.0 10.0 2.5 15.0 -5.1406
180.0 -5.0 5.0 15.0 9999999931.0442
180.0 -2.5 5.0 15.0 48658550.236499995
180.0 0.0 5.0 15.0 3095180955.4454
180.0 2.5 5.0 15.0 3194600.7323999996
180.0 5.0 5.0 15.0 229.8408
180.0 7.5 5.0 15.0 1.9224
180.0 10.0 5.0 15.0 0.8392999999999999
180.0 -5.0 -10.0 16.25 48.9688
180.0 -2.5 -10.0 16.25 111.39710000000001
180.0 0.0 -10.0 16.25 -3.8031
180.0 2.5 -10.0 16.25 -7.8847000000000005
180.0 5.0 -10.0 16.25 -12.9977
180.0 7.5 -10.0 16.25 -9.2677
180.0 10.0 -10.0 16.25 -4.7546
180.0 -5.0 -7.5 16.25 626361.1217
180.0 -2.5 -7.5 16.25 11320267.3444
180.0 0.0 -7.5 16.25 19560.3776
180.0 2.5 -7.5 16.25 1770.7844
180.0 5.0 -7.5 16.25 -14.9479
180.0 7.5 -7.5 16.25 -10.8015
180.0 10.0 -7.5 16.25 -5.7200999999999995
180.0 -5.0 -5.0 16.25 10000000025.6902
180.0 -2.5 -5.0 16.25 758743.7761
180.0 0.0 -5.0 16.25 28238396.043300003
180.0 2.5 -5.0 16.25 252.2049
180.0 5.0 -5.0 16.25 -17.6033
180.0 7.5 -5.0 16.25 -10.8491
180.0 10.0 -5.0 16.25 -6.4181
180.0 -5.0 -2.5 16.25 9873547447.1417
180.0 -2.5 -2.5 16.25 9999999962.6657
180.0 0.0 -2.5 16.25 2964603.6966999997
180.0 2.5 -2.5 16.25 14784.383100000001
180.0 5.0 -2.5 16.25 1935.9442
180.0 7.5 -2.5 16.25 -12.089500000000001
180.0 10.0 -2.5 16.25 -7.5666
180.0 -5.0 0.0 16.25 9634327.3051
180.0 -2.5 0.0 16.25 9999999916.310001
180.0 0.0 0.0 16.25 647779637.2763
180.0 2.5 0.0 16.25 118924.3471
180.0 5.0 0.0 16.25 18737.4597
180.0 7.5 0.0 16.25 -11.2887
180.0 10.0 0.0 16.25 -6.9534
180.0 -5.0 2.5 16.25 4380224.8578
180.0 -2.5 2.5 16.25 162164118.1551
180.0 0.0 2.5 16.25 66228310.126200005
180.0 2.5 2.5 16.25 11353771.5791
180.0 5.0 2.5 16.25 36192.9202
180.0 7.5 2.5 16.25 -6.8377
180.0 10.0 2.5 16.25 -3.7454
180.0 -5.0 5.0 16.25 6496817109.664499
180.0 -2.5 5.0 16.25 9999999972.6394
180.0 0.0 5.0 16.25 169720446.814
180.0 2.5 5.0 16.25 448925.7355
180.0 5.0 5.0 16.25 12.280000000000001
180.0 7.5 5.0 16.25 -2.7403
180.0 10.0 5.0 16.25 -0.12330000000000008
240.0 -5.0 -10.0 3.75 872091071.1326
240.0 -2.5 -10.0 3.75 9999999966.851002
240.0 0.0 -10.0 3.75 8491907655.2379
240.0 2.5 -10.0 3.75 1095324778.1304998
240.0 5.0 -10.0 3.75 10000000011.6124
240.0 7.5 -10.0 3.75 10000000042.948801
240.0 10.0 -10.0 3.75 476216.5119
240.0 -5.0 -7.5 3.75 10000000022.9696
240.0 -2.5 -7.5 3.75 10000000205.890001
240.0 0.0 -7.5 3.75 10000000061.6105
240.0 2.5 -7.5 3.75 9999999649.702002
240.0 5.0 -7.5 3.75 10000000186.864801
240.0 7.5 -7.5 3.75 154943930.9898
240.0 10.0 -7.5 3.75 7224.075000000001
240.0 -5.0 -5.0 3.75 10000000150.478401
240.0 -2.5 -5.0 3.75 10000000133.442902
240.0 0.0 -5.0 3.75 9999999973.2436
240.0 2.5 -5.0 3.75 10000000145.765202
240.0 5.0 -5.0 3.75 10000000373.510302
240.0 7.5 -5.0 3.75 2066988497.8462
240.0 10.0 -5.0 3.75 328635548.9218
240.0 -5.0 -2.5 3.75 9999999993.1753
240.0 -2.5 -2.5 3.75 10000000013.339401
240.0 0.0 -2.5 3.75 10000000441.4999
240.0 2.5 -2.5 3.75 9999999979.6826
240.0 5.0 -2.5 3.75 10000000184.8705
240.0 7.5 -2.5 3.75 10000000027.8386
240.0 10.0 -2.5 3.75 1151.6515
240.0 -5.0 0.0 3.75 404734258.23080003
240.0 -2.5 0.0 3.75 9999999815.0828
240.0 0.0 0.0 3.75 10000000303.3813
240.0 2.5 0.0 3.75 10000000135.005001
240.0 5.0 0.0 3.75 10000000068.4195
240.0 7.5 0.0 3.75 1039041241.6431
240.0 10.0 0.0 3.75 6654012114.582001
240.0 -5.0 2.5 3.75 10000000041.6657
240.0 -2.5 2.5 3.75 9999999960.8707
240.0 0.0 2.5 3.75 10000000455.885302
240.0 2.5 2.5 3.75 10000000209.092001
240.0 5.0 2.5 3.75 10000000104.2404
240.0 7.5 2.5 3.75 4537775660.716499
240.0 10.0 2.5 3.75 1665482.0588
240.0 -5.0 5.0 3.75 10000000022.814701
240.0 -2.5 5.0 3.75 9999999901.9789
240.0 0.0 5.0 3.75 10000000011.8868
240.0 2.5 5.0 3.75 9999999972.243101
240.0 5.0 5.0 3.75 281652739.2245
240.0 7.5 5.0 3.75 253528004.6645
240.0 10.0 5.0 3.75 116.53139999999999
240.0 0.0 5.0 5.0 9999999979.3038
240.0 2.5 -7.5 6.25 9999999958.893301
240.0 0.0 -2.5 6.25 9999999963.3698
240.0 0.0 0.0 6.25 9999999926.688501
240.0 -2.5 2.5 6.25 3062946870.0077
240.0 0.0 2.5 6.25 10000000207.396502
240.0 0.0 5.0 6.25 10000000029.954102
240.0 2.5 -7.5 7.5 4479690415.167001
240.0 0.0 -5.0 7.5 9999999751.0181
240.0 2.5 -5.0 7.5 6048035017.2053
240.0 0.0 -2.5 7.5 9999999863.985601
240.0 2.5 -2.5 7.5 9999999960.492102
240.0 0.0 0.0 7.5 9999999930.217402
240.0 2.5 0.0 7.5 10000000018.5778
240.0 0.0 2.5 7.5 2486612181.5148
240.0 -2.5 5.0 7.5 10000000051.815401
240.0 0.0 5.0 7.5 10000000278.072401
240.0 2.5 -10.0 8.75 9999999835.6205
240.0 2.5 -7.5 8.75 10000000024.498001
240.0 0.0 -5.0 8.75 9999999940.9507
240.0 2.5 -5.0 8.75 9999999884.998402
240.0 -2.5 -2.5 8.75 9999999873.127401
240.0 0.0 -2.5 8.75 2354859814.7247
240.0 2.5 -2.5 8.75 10000000077.6919
240.0 -5.0 0.0 8.75 10000000059.282701
240.0 -2.5 0.0 8.75 10000000023.478401
240.0 0.0 0.0 8.75 9999999949.148
240.0 2.5 0.0 8.75 9999999882.2045
240.0 -2.5 2.5 8.75 9999999921.912401
240.0 0.0 2.5 8.75 9999999996.1877
240.0 2.5 2.5 8.75 10000000006.0119
240.0 -2.5 5.0 8.75 10000000038.5417
240.0 0.0 5.0 8.75 156794430.899
240.0 2.5 5.0 8.75 10000000184.8588
240.0 2.5 -10.0 10.0 1649369438.6644
240.0 5.0 -10.0 10.0 191319948.8549
240.0 2.5 -7.5 10.0 9999999777.5543
240.0 -5.0 -5.0 10.0 3833359452.8056
240.0 0.0 -5.0 10.0 255612054.9928
240.0 2.5 -5.0 10.0 3903955438.7965
240.0 -5.0 -2.5 10.0 9999999883.758001
240.0 -2.5 -2.5 10.0 7579499880.7631
240.0 0.0 -2.5 10.0 1053123361.1694
240.0 2.5 -2.5 10.0 834142712.0366
240.0 -5.0 0.0 10.0 10000000035.007502
240.0 -2.5 0.0 10.0 10000000059.153101
240.0 0.0 0.0 10.0 9999999746.8976
240.0 2.5 0.0 10.0 9999999892.257101
240.0 -2.5 2.5 10.0 10000000070.5771
240.0 0.0 2.5 10.0 10000000150.267
240.0 2.5 2.5 10.0 10000000361.216002
240.0 5.0 2.5 10.0 12425299.5703
240.0 -2.5 5.0 10.0 10000000076.6949
240.0 0.0 5.0 10.0 9999999937.036001
240.0 2.5 5.0 10.0 10000000029.9008
240.0 5.0 5.0 10.0 699815026.0134
240.0 -2.5 -10.0 11.25 10000000126.0783
240.0 2.5 -10.0 11.25 21369947.8661
240.0 5.0 -10.0 11.25 1128350764.5496
240.0 10.0 -10.0 11.25 -3.7973
240.0 2.5 -7.5 11.25 111500821.22880001
240.0 -5.0 -5.0 11.25 9999999865.998701
240.0 -2.5 -5.0 11.25 9999999831.221401
240.0 0.0 -5.0 11.25 3552419290.9453998
240.0 2.5 -5.0 11.25 481930200.6474
240.0 -5.0 -2.5 11.25 10000000031.9111
240.0 -2.5 -2.5 11.25 10000000046.7957
240.0 0.0 -2.5 11.25 9999999990.442701
240.0 2.5 -2.5 11.25 10000000027.9647
240.0 -5.0 0.0 11.25 9999999806.9335
240.0 -2.5 0.0 11.25 9999999947.651001
240.0 0.0 0.0 11.25 10000000012.2425
240.0 2.5 0.0 11.25 354332145.51820004
240.0 -2.5 2.5 11.25 9999999964.3803
240.0 0.0 2.5 11.25 9999999943.863901
240.0 2.5 2.5 11.25 9999999966.403
240.0 5.0 2.5 11.25 3016970779.1466002
240.0 -2.5 5.0 11.25 9999999812.9755
240.0 0.0 5.0 11.25 9999999994.5333
240.0 2.5 5.0 11.25 1596886119.0591
240.0 5.0 5.0 11.25 4234674664.0831
240.0 7.5 5.0 11.25 22688.0799
240.0 -2.5 -10.0 12.5 9999999980.810501
240.0 0.0 -10.0 12.5 264376070.57099998
240.0 2.5 -10.0 12.5 10561.7757
240.0 5.0 -10.0 12.5 439656777.6177
240.0 7.5 -10.0 12.5 -14.9361
240.0 10.0 -10.0 12.5 -4.3111999999999995
240.0 -5.0 -7.5 12.5 121200813.0451
240.0 0.0 -7.5 12.5 310431.49950000003
240.0 2.5 -7.5 12.5 582595.0656000001
240.0 5.0 -7.5 12.5 8435708.389999999
240.0 7.5 -7.5 12.5 178.9783
240.0 10.0 -7.5 12.5 -3.663
240.0 -5.0 -5.0 12.5 8132884733.9979
240.0 -2.5 -5.0 12.5 247653196.7485
240.0 0.0 -5.0 12.5 618175315.395
240.0 2.5 -5.0 12.5 7047732.261899999
240.0 5.0 -5.0 12.5 28859026.201899998
240.0 -5.0 -2.5 12.5 9999999857.572
240.0 -2.5 -2.5 12.5 10000000018.1681
240.0 0.0 -2.5 12.5 1232798703.6991
240.0 2.5 -2.5 12.5 10000000378.4969
240.0 -5.0 0.0 12.5 4705593.492000001
240.0 -2.5 0.0 12.5 10000000100.861
240.0 0.0 0.0 12.5 9999999885.776201
240.0 2.5 0.0 12.5 9999999994.334301
240.0 -2.5 2.5 12.5 2257904525.2791
240.0 0.0 2.5 12.5 10000000024.893501
240.0 2.5 2.5 12.5 548927686.7982
240.0 5.0 2.5 12.5 3088935.0913
240.0 -2.5 5.0 12.5 6510813328.557899
240.0 0.0 5.0 12.5 170567969.745
240.0 2.5 5.0 12.5 287580478.3084
240.0 5.0 5.0 12.5 10000000040.291302
240.0 7.5 5.0 12.5 33633.7711
240.0 10.0 5.0 12.5 -3.8363
240.0 -5.0 -10.0 13.75 38059944.850999996
240.0 -2.5 -10.0 13.75 100931932.89829999
240.0 0.0 -10.0 13.75 3777.0115
240.0 2.5 -10.0 13.75 -34.035599999999995
240.0 5.0 -10.0 13.75 2.191200000000002
240.0 7.5 -10.0 13.75 -15.4381
240.0 10.0 -10.0 13.75 -4.1482
240.0 -5.0 -7.5 13.75 297890319.2642
240.0 -2.5 -7.5 13.75 4030878291.3906
240.0 0.0 -7.5 13.75 5715121.103999999
240.0 2.5 -7.5 13.75 175721371.47739998
240.0 5.0 -7.5 13.75 112913.7273
240.0 7.5 -7.5 13.75 -5.686100000000001
240.0 10.0 -7.5 13.75 -2.6189999999999998
240.0 -5.0 -5.0 13.75 9999999962.5559
240.0 -2.5 -5.0 13.75 9999999780.4587
240.0 0.0 -5.0 13.75 28887979.6332
240.0 2.5 -5.0 13.75 2899678.3808
240.0 5.0 -5.0 13.75 90806088.78680001
240.0 7.5 -5.0 13.75 -9.843399999999999
240.0 -5.0 -2.5 13.75 9999999965.5923
240.0 -2.5 -2.5 13.75 10000000039.1175
240.0 0.0 -2.5 13.75 9999999862.2546
240.0 2.5 -2.5 13.75 9999999667.4724
240.0 5.0 -2.5 13.75 10000000110.297
240.0 -5.0 0.0 13.75 10000000012.875502
240.0 -2.5 0.0 13.75 10000000084.9249
240.0 0.0 0.0 13.75 5069322375.408
240.0 2.5 0.0 13.75 10000000072.766
240.0 5.0 0.0 13.75 43483329.4541
240.0 -5.0 2.5 13.75 27900855.825000003
240.0 -2.5 2.5 13.75 9999999982.309801
240.0 0.0 2.5 13.75 9999999779.597
240.0 2.5 2.5 13.75 10000000257.4419
240.0 5.0 2.5 13.75 706002.5456
240.0 7.5 2.5 13.75 282005.8327
240.0 -2.5 5.0 13.75 49880294.2796
240.0 0.0 5.0 13.75 141565856.64940003
240.0 2.5 5.0 13.75 1344693314.9823
240.0 5.0 5.0 13.75 9999999967.6713
240.0 7.5 5.0 13.75 22426457.110200003
240.0 10.0 5.0 13.75 -4.0108
240.0 -5.0 -10.0 15.0 420943838.8781
240.0 -2.5 -10.0 15.0 158.2919
240.0 0.0 -10.0 15.0 -6.3053
240.0 2.5 -10.0 15.0 -26.0178
240.0 5.0 -10.0 15.0 -18.9533
240.0 7.5 -10.0 15.0 -10.0627
240.0 10.0 -10.0 15.0 -3.5961
240.0 -5.0 -7.5 15.0 444913263.0535
240.0 -2.5 -7.5 15.0 504345.7243
240.0 0.0 -7.5 15.0 3880420.0141
240.0 2.5 -7.5 15.0 205758718.1207
240.0 5.0 -7.5 15.0 5948.594800000001
240.0 7.5 -7.5 15.0 -9.4445
240.0 10.0 -7.5 15.0 -2.1301
240.0 -5.0 -5.0 15.0 590186620.7358
240.0 -2.5 -5.0 15.0 10000000020.6963
240.0 0.0 -5.0 15.0 10000000143.8036
240.0 2.5 -5.0 15.0 17062.6483
240.0 5.0 -5.0 15.0 25325.4771
240.0 7.5 -5.0 15.0 -4.8586
240.0 10.0 -5.0 15.0 -0.0051000000000001044
240.0 -5.0 -2.5 15.0 10000000148.671701
240.0 -2.5 -2.5 15.0 1007292983.1462
240.0 0.0 -2.5 15.0 9999999734.825201
240.0 2.5 -2.5 15.0 1554659103.097
240.0 5.0 -2.5 15.0 562407186.6420001
240.0 7.5 -2.5 15.0 2.2580999999999998
240.0 10.0 -2.5 15.0 1.186
240.0 -5.0 0.0 15.0 9999999915.609001
240.0 -2.5 0.0 15.0 10000000039.548801
240.0 0.0 0.0 15.0 10000000097.4571
240.0 2.5 0.0 15.0 3716385234.1201
240.0 5.0 0.0 15.0 10000000027.2315
240.0 10.0 0.0 15.0 0.353
240.0 -5.0 2.5 15.0 2938290571.9287
240.0 -2.5 2.5 15.0 9999999981.935701
240.0 0.0 2.5 15.0 1289312789.8978
240.0 2.5 2.5 15.0 9999999872.112202
240.0 5.0 2.5 15.0 9129439369.010801
240.0 7.5 2.5 15.0 25298.4487
240.0 -5.0 5.0 15.0 2396.9204
240.0 -2.5 5.0 15.0 9999999949.0664
240.0 0.0 5.0 15.0 1433674182.6001
240.0 2.5 5.0 15.0 4805644.665200001
240.0 5.0 5.0 15.0 21032005.6239
240.0 7.5 5.0 15.0 937422.2616
240.0 10.0 5.0 15.0 -3.7560000000000002
240.0 -5.0 -10.0 16.25 264.3944
240.0 -2.5 -10.0 16.25 6.200100000000001
240.0 0.0 -10.0 16.25 -1.0535
240.0 2.5 -10.0 16.25 -9.8173
240.0 5.0 -10.0 16.25 -9.3787
240.0 7.5 -10.0 16.25 -5.5925
240.0 10.0 -10.0 16.25 -2.9525
240.0 -5.0 -7.5 16.25 31180.4528
240.0 -2.5 -7.5 16.25 44.3934
240.0 0.0 -7.5 16.25 1120243.9315999998
240.0 2.5 -7.5 16.25 151998.82
240.0 5.0 -7.5 16.25 -5.1085
240.0 7.5 -7.5 16.25 -4.7756
240.0 10.0 -7.5 16.25 -1.5853000000000002
240.0 -5.0 -5.0 16.25 3347534.1886
240.0 -2.5 -5.0 16.25 82433.4451
240.0 0.0 -5.0 16.25 251299637.74850002
240.0 2.5 -5.0 16.25 1288.2554
240.0 5.0 -5.0 16.25 37.7577
240.0 7.5 -5.0 16.25 -0.7066999999999999
240.0 10.0 -5.0 16.25 0.8860000000000001
240.0 -5.0 -2.5 16.25 1393788797.0549998
240.0 -2.5 -2.5 16.25 36730234.937699996
240.0 0.0 -2.5 16.25 6303901378.010099
240.0 2.5 -2.5 16.25 827842.0467000001
240.0 5.0 -2.5 16.25 8529.556799999998
240.0 7.5 -2.5 16.25 -0.6643000000000003
240.0 10.0 -2.5 16.25 1.1103999999999998
240.0 -5.0 0.0 16.25 688656971.4087
240.0 -2.5 0.0 16.25 15413537.2546
240.0 0.0 0.0 16.25 289644608.2334
240.0 2.5 0.0 16.25 4518664.129299999
240.0 5.0 0.0 16.25 6860880.173
240.0 7.5 0.0 16.25 -3.5355999999999996
240.0 10.0 0.0 16.25 0.256
240.0 -5.0 2.5 16.25 2452564414.5642004
240.0 -2.5 2.5 16.25 278635.2417
240.0 0.0 2.5 16.25 1150332035.4634
240.0 2.5 2.5 16.25 9999999983.581902
240.0 5.0 2.5 16.25 123018531.2333
240.0 7.5 2.5 16.25 998.3177999999999
240.0 -5.0 5.0 16.25 547.8666999999999
240.0 -2.5 5.0 16.25 218417118.5606
240.0 0.0 5.0 16.25 10000000050.139101
240.0 2.5 5.0 16.25 99805576.7467
240.0 5.0 5.0 16.25 12221.921999999999
240.0 7.5 5.0 16.25 5389.7433
240.0 10.0 5.0 16.25 -2.9933
300.0 -5.0 -10.0 3.75 7843377951.3602
300.0 -2.5 -10.0 3.75 4862816660.813701
300.0 0.0 -10.0 3.75 10000000057.0489
300.0 2.5 -10.0 3.75 9999999943.324001
300.0 5.0 -10.0 3.75 9999999905.7162
300.0 7.5 -10.0 3.75 6085198087.2006
300.0 10.0 -10.0 3.75 240620775.8457
300.0 -5.0 -7.5 3.75 9999999902.1739
300.0 -2.5 -7.5 3.75 5256663618.381
300.0 0.0 -7.5 3.75 10000000050.4479
300.0 2.5 -7.5 3.75 10000000303.644402
300.0 5.0 -7.5 3.75 9999999819.1172
300.0 7.5 -7.5 3.75 9999999556.5011
300.0 10.0 -7.5 3.75 50807.13419999999
300.0 -5.0 -5.0 3.75 10000000297.095701
300.0 -2.5 -5.0 3.75 10000000199.059101
300.0 0.0 -5.0 3.75 10000000032.3932
300.0 2.5 -5.0 3.75 10000000369.3537
300.0 5.0 -5.0 3.75 10000000090.5997
300.0 7.5 -5.0 3.75 9999999943.9382
300.0 10.0 -5.0 3.75 4829411310.6694
300.0 -5.0 -2.5 3.75 9999999992.138401
300.0 -2.5 -2.5 3.75 9999999716.0897
300.0 0.0 -2.5 3.75 10000000080.824501
300.0 2.5 -2.5 3.75 10000000273.094002
300.0 5.0 -2.5 3.75 10000000056.192001
300.0 7.5 -2.5 3.75 4704698922.7314005
300.0 10.0 -2.5 3.75 20485232.9673
300.0 -5.0 0.0 3.75 9999999975.6695
300.0 -2.5 0.0 3.75 10000000104.014301
300.0 0.0 0.0 3.75 9999999964.6305
300.0 2.5 0.0 3.75 10000000013.700901
300.0 5.0 0.0 3.75 9736454096.9284
300.0 7.5 0.0 3.75 10000000034.1828
300.0 10.0 0.0 3.75 5025298526.465
300.0 -5.0 2.5 3.75 10000000095.361801
300.0 -2.5 2.5 3.75 10000000075.1637
300.0 0.0 2.5 3.75 9999999955.9195
300.0 2.5 2.5 3.75 9999999984.337801
300.0 5.0 2.5 3.75 9999999987.078001
300.0 7.5 2.5 3.75 9999999964.456902
300.0 10.0 2.5 3.75 100138.8331
300.0 -5.0 5.0 3.75 10000000008.4141
300.0 -2.5 5.0 3.75 686691576.8842
300.0 0.0 5.0 3.75 10000000094.7296
300.0 2.5 5.0 3.75 146038554.46019998
300.0 5.0 5.0 3.75 10000000039.8526
300.0 7.5 5.0 3.75 10000000001.241001
300.0 10.0 5.0 3.75 10.0844
300.0 0.0 -2.5 5.0 9999999719.7889
300.0 0.0 0.0 5.0 10000000173.5233
300.0 5.0 -7.5 6.25 568985214.8702
300.0 0.0 -5.0 6.25 10000000274.668201
300.0 0.0 -2.5 6.25 10000000195.0592
300.0 0.0 0.0 6.25 10000000476.5643
300.0 0.0 2.5 6.25 9999999974.9971
300.0 0.0 5.0 6.25 10000000144.1138
300.0 5.0 -7.5 7.5 10000000253.371
300.0 2.5 -5.0 7.5 10000000102.3495
300.0 0.0 -2.5 7.5 9999999979.2024
300.0 2.5 -2.5 7.5 9999999881.3117
300.0 0.0 0.0 7.5 10000000174.035702
300.0 -2.5 2.5 7.5 9999999968.891401
300.0 0.0 2.5 7.5 10000000082.879702
300.0 -2.5 5.0 7.5 9999999914.3367
300.0 0.0 5.0 7.5 5452680918.6751
300.0 2.5 -10.0 8.75 10000000078.9207
300.0 5.0 -7.5 8.75 1097036.9102
300.0 0.0 -5.0 8.75 7047505022.199599
300.0 2.5 -5.0 8.75 10000000147.9862
300.0 5.0 -5.0 8.75 9999999896.574202
300.0 0.0 -2.5 8.75 9999999871.4347
300.0 2.5 -2.5 8.75 10000000194.2024
300.0 0.0 0.0 8.75 10000000109.9356
300.0 2.5 0.0 8.75 10000000249.049702
300.0 0.0 2.5 8.75 9999999974.983002
300.0 2.5 2.5 8.75 3944407336.5625
300.0 -2.5 5.0 8.75 9999999920.0998
300.0 0.0 5.0 8.75 9999999882.152102
300.0 2.5 5.0 8.75 1118840443.8978999
300.0 2.5 -10.0 10.0 9999999901.7534
300.0 2.5 -7.5 10.0 3994987726.8909
300.0 5.0 -7.5 10.0 9750310.5408
300.0 7.5 -7.5 10.0 256137.9205
300.0 0.0 -5.0 10.0 10000000001.474
300.0 2.5 -5.0 10.0 9999999995.1956
300.0 5.0 -5.0 10.0 10000000041.4664
300.0 0.0 -2.5 10.0 9999999963.121101
300.0 2.5 -2.5 10.0 9999999926.649101
300.0 -5.0 0.0 10.0 10000000031.1333
300.0 -2.5 0.0 10.0 10000000090.325401
300.0 0.0 0.0 10.0 9999999751.2289
300.0 2.5 0.0 10.0 3251617092.1847
300.0 5.0 0.0 10.0 44740312.8128
300.0 -2.5 2.5 10.0 9999999927.6009
300.0 0.0 2.5 10.0 10000000131.7234
300.0 2.5 2.5 10.0 7049436989.455299
300.0 5.0 2.5 10.0 204045073.78070003
300.0 -2.5 5.0 10.0 10000000396.286001
300.0 0.0 5.0 10.0 9999999962.5492
300.0 2.5 5.0 10.0 9999999876.0002
300.0 2.5 -10.0 11.25 2178248080.0112
300.0 5.0 -10.0 11.25 17779674.808
300.0 7.5 -10.0 11.25 346.2774
300.0 10.0 -10.0 11.25 -27.5487
300.0 2.5 -7.5 11.25 721482807.8759
300.0 5.0 -7.5 11.25 280884792.9008
300.0 0.0 -5.0 11.25 9999999943.9085
300.0 2.5 -5.0 11.25 10000000133.2691
300.0 5.0 -5.0 11.25 444104841.62920004
300.0 -2.5 -2.5 11.25 2001491693.7932
300.0 0.0 -2.5 11.25 10000000007.559801
300.0 2.5 -2.5 11.25 10000000022.179401
300.0 -5.0 0.0 11.25 713419097.8572
300.0 -2.5 0.0 11.25 1274070457.2461
300.0 0.0 0.0 11.25 9999999873.267801
300.0 2.5 0.0 11.25 9999999878.6096
300.0 -2.5 2.5 11.25 878219413.1401
300.0 0.0 2.5 11.25 10000000049.532202
300.0 2.5 2.5 11.25 9999999916.0366
300.0 5.0 2.5 11.25 84387585.7478
300.0 -2.5 5.0 11.25 9999999974.3419
300.0 0.0 5.0 11.25 9999999965.643501
300.0 2.5 5.0 11.25 207366566.5652
300.0 7.5 5.0 11.25 530.3419
300.0 -5.0 -10.0 12.5 3253.3605000000002
300.0 2.5 -10.0 12.5 347473.18200000003
300.0 5.0 -10.0 12.5 22561.792100000002
300.0 7.5 -10.0 12.5 -36.8666
300.0 10.0 -10.0 12.5 -22.1356
300.0 2.5 -7.5 12.5 847755960.0151
300.0 5.0 -7.5 12.5 1209305.5813000002
300.0 7.5 -7.5 12.5 -43.5228
300.0 -5.0 -5.0 12.5 148282422.4722
300.0 -2.5 -5.0 12.5 1649134997.674
300.0 0.0 -5.0 12.5 1372357725.4596
300.0 2.5 -5.0 12.5 9999999952.6996
300.0 5.0 -5.0 12.5 874153.2024
300.0 -5.0 -2.5 12.5 6749487.435500001
300.0 -2.5 -2.5 12.5 1179395986.934
300.0 0.0 -2.5 12.5 9999999956.2954
300.0 2.5 -2.5 12.5 9999999932.633202
300.0 -5.0 0.0 12.5 657180729.1571
300.0 -2.5 0.0 12.5 9999999933.5687
300.0 0.0 0.0 12.5 10000000077.9459
300.0 2.5 0.0 12.5 10000000237.209702
300.0 5.0 0.0 12.5 9999999829.2029
300.0 -2.5 2.5 12.5 10000000010.444601
300.0 0.0 2.5 12.5 9999999994.697802
300.0 2.5 2.5 12.5 9999999842.781301
300.0 5.0 2.5 12.5 4301096.8323
300.0 7.5 2.5 12.5 329816.4132
300.0 10.0 2.5 12.5 11.818000000000001
300.0 -2.5 5.0 12.5 9999999896.280201
300.0 0.0 5.0 12.5 34710389.2869
300.0 2.5 5.0 12.5 218084948.9621
300.0 5.0 5.0 12.5 10000000041.612001
300.0 7.5 5.0 12.5 554.7710000000001
300.0 10.0 5.0 12.5 -2.0479000000000003
300.0 0.0 -10.0 13.75 16118.2725
300.0 2.5 -10.0 13.75 988238.8127
300.0 5.0 -10.0 13.75 390.15720000000005
300.0 7.5 -10.0 13.75 -21.122600000000002
300.0 10.0 -10.0 13.75 -15.674199999999999
300.0 -5.0 -7.5 13.75 4416.4895
300.0 -2.5 -7.5 13.75 865905501.0334
300.0 2.5 -7.5 13.75 2061193135.7049
300.0 5.0 -7.5 13.75 726.9143
300.0 7.5 -7.5 13.75 -25.870399999999997
300.0 10.0 -7.5 13.75 -16.8419
300.0 -5.0 -5.0 13.75 167746148.87219998
300.0 -2.5 -5.0 13.75 9999999957.497002
300.0 0.0 -5.0 13.75 1634314362.2308002
300.0 2.5 -5.0 13.75 113089.43190000001
300.0 5.0 -5.0 13.75 14656.923400000001
300.0 -5.0 -2.5 13.75 4775282.9945
300.0 -2.5 -2.5 13.75 4933199624.9467
300.0 0.0 -2.5 13.75 2708595124.2482
300.0 2.5 -2.5 13.75 10000000052.8384
300.0 5.0 -2.5 13.75 1539830395.3036
300.0 -5.0 0.0 13.75 198929065.5578
300.0 -2.5 0.0 13.75 9999999975.580502
300.0 0.0 0.0 13.75 9999999821.237701
300.0 2.5 0.0 13.75 9999999902.7359
300.0 5.0 0.0 13.75 143945182.655
300.0 7.5 0.0 13.75 11678.0502
300.0 -2.5 2.5 13.75 3582822808.0221
300.0 0.0 2.5 13.75 4388366717.607201
300.0 2.5 2.5 13.75 9999999993.6126
300.0 5.0 2.5 13.75 12182355.8024
300.0 7.5 2.5 13.75 191.3682
300.0 10.0 2.5 13.75 1.2866999999999997
300.0 -2.5 5.0 13.75 10000000006.344301
300.0 0.0 5.0 13.75 10000000066.647701
300.0 2.5 5.0 13.75 4081413576.1442
300.0 5.0 5.0 13.75 14048231.3817
300.0 7.5 5.0 13.75 628.0228999999999
300.0 10.0 5.0 13.75 -0.27470000000000017
300.0 -5.0 -10.0 15.0 -0.18100000000000005
300.0 -2.5 -10.0 15.0 88.8139
300.0 0.0 -10.0 15.0 841.6168
300.0 2.5 -10.0 15.0 598400.3071
300.0 5.0 -10.0 15.0 6.0617
300.0 7.5 -10.0 15.0 -10.7352
300.0 10.0 -10.0 15.0 -10.1121
300.0 -5.0 -7.5 15.0 2309.1738
300.0 -2.5 -7.5 15.0 27496.0318
300.0 0.0 -7.5 15.0 15085863.380800001
300.0 2.5 -7.5 15.0 347222984.9751
300.0 5.0 -7.5 15.0 -6.0045
300.0 7.5 -7.5 15.0 -14.4276
300.0 10.0 -7.5 15.0 -11.14
300.0 -5.0 -5.0 15.0 38117093.1818
300.0 -2.5 -5.0 15.0 9999999903.738602
300.0 0.0 -5.0 15.0 9999999970.9333
300.0 2.5 -5.0 15.0 1043249.0854
300.0 5.0 -5.0 15.0 15.756200000000002
300.0 7.5 -5.0 15.0 -13.1628
300.0 10.0 -5.0 15.0 -9.5319
300.0 -5.0 -2.5 15.0 635050213.0483
300.0 -2.5 -2.5 15.0 9999999887.2814
300.0 0.0 -2.5 15.0 1604666352.5556002
300.0 2.5 -2.5 15.0 10000000000.186401
300.0 5.0 -2.5 15.0 9999999935.2446
300.0 10.0 -2.5 15.0 -5.2268
300.0 -5.0 0.0 15.0 9999999972.6634
300.0 -2.5 0.0 15.0 10000000012.538502
300.0 0.0 0.0 15.0 477010086.2859
300.0 2.5 0.0 15.0 84073343.4097
300.0 5.0 0.0 15.0 344700111.5557
300.0 7.5 0.0 15.0 99.4511
300.0 -5.0 2.5 15.0 23048.8892
300.0 -2.5 2.5 15.0 10000000022.6485
300.0 0.0 2.5 15.0 9999999741.6009
300.0 2.5 2.5 15.0 10000000213.900501
300.0 5.0 2.5 15.0 2629498.7419000003
300.0 7.5 2.5 15.0 34.2962
300.0 10.0 2.5 15.0 2.3106999999999998
300.0 -2.5 5.0 15.0 1882458246.2205
300.0 0.0 5.0 15.0 7143932272.458301
300.0 2.5 5.0 15.0 676439417.5241001
300.0 5.0 5.0 15.0 1869699964.2988
300.0 7.5 5.0 15.0 1066.5122
300.0 10.0 5.0 15.0 0.2519
300.0 -5.0 -10.0 16.25 -1.6420000000000001
300.0 -2.5 -10.0 16.25 1.8289999999999997
300.0 0.0 -10.0 16.25 21.0486
300.0 2.5 -10.0 16.25 93.6884
300.0 5.0 -10.0 16.25 2.4689
300.0 7.5 -10.0 16.25 -4.2189
300.0 10.0 -10.0 16.25 -5.4907
300.0 -5.0 -7.5 16.25 72.0435
300.0 -2.5 -7.5 16.25 1406.3854
300.0 0.0 -7.5 16.25 10475.338600000001
300.0 2.5 -7.5 16.25 118.5459
300.0 5.0 -7.5 16.25 -2.5845999999999996
300.0 7.5 -7.5 16.25 -6.8578
300.0 10.0 -7.5 16.25 -6.456
300.0 -5.0 -5.0 16.25 76712965.8045
300.0 -2.5 -5.0 16.25 527719952.1982
300.0 0.0 -5.0 16.25 865525.887
300.0 2.5 -5.0 16.25 32690.2941
300.0 5.0 -5.0 16.25 -6.1204
300.0 7.5 -5.0 16.25 -6.6322
300.0 10.0 -5.0 16.25 -4.9651000000000005
300.0 -5.0 -2.5 16.25 826348399.3026
300.0 -2.5 -2.5 16.25 9999999989.519201
300.0 0.0 -2.5 16.25 997075340.8289
300.0 2.5 -2.5 16.25 10000000027.7495
300.0 5.0 -2.5 16.25 94916.44309999999
300.0 7.5 -2.5 16.25 -3.0027
300.0 10.0 -2.5 16.25 -2.3350999999999997
300.0 -5.0 0.0 16.25 77362936.9891
300.0 -2.5 0.0 16.25 20411686.753000002
300.0 0.0 0.0 16.25 326300687.0242
300.0 2.5 0.0 16.25 638602911.699
300.0 5.0 0.0 16.25 18056909.8459
300.0 7.5 0.0 16.25 0.19809999999999994
300.0 -5.0 2.5 16.25 2197.0557
300.0 -2.5 2.5 16.25 40492451.622600004
300.0 0.0 2.5 16.25 1546064602.1286
300.0 2.5 2.5 16.25 9999999445.499
300.0 5.0 2.5 16.25 3569843.1376
300.0 7.5 2.5 16.25 24.1333
300.0 10.0 2.5 16.25 1.4241000000000001
300.0 -5.0 5.0 16.25 385.03139999999996
300.0 -2.5 5.0 16.25 1424188397.3773
300.0 0.0 5.0 16.25 10000000033.1467
300.0 2.5 5.0 16.25 98436188.94819999
300.0 5.0 5.0 16.25 23728834.374300003
300.0 7.5 5.0 16.25 559.0408
300.0 10.0 5.0 16.25 -0.15339999999999998
