0.0 5.0 -7.5 6.25 2.5905
0.0 -2.5 5.0 6.25 9999999888.8922
0.0 0.0 2.5 7.5 10000000085.93
0.0 -2.5 5.0 7.5 9999999933.662102
0.0 0.0 5.0 7.5 10000000236.631802
0.0 2.5 -10.0 8.75 0.36569999999999997
0.0 5.0 -10.0 8.75 0.7548
0.0 7.5 -10.0 8.75 1.6404
0.0 0.0 -7.5 8.75 6.5886
0.0 5.0 -7.5 8.75 -2.1736999999999997
0.0 0.0 0.0 8.75 155648222.97079998
0.0 0.0 2.5 8.75 9999999990.294601
0.0 -2.5 5.0 8.75 2282782615.8854003
0.0 0.0 5.0 8.75 9999999952.5681
0.0 2.5 5.0 8.75 9999999990.0086
0.0 5.0 5.0 8.75 300236626.0194
0.0 5.0 -10.0 10.0 -0.0768
0.0 7.5 -10.0 10.0 0.5953999999999999
0.0 0.0 -7.5 10.0 2.9093
0.0 2.5 -7.5 10.0 -2.3205
0.0 5.0 -7.5 10.0 -4.2744
0.0 -2.5 -5.0 10.0 22.188000000000002
0.0 2.5 -5.0 10.0 -12.8559
0.0 -2.5 -2.5 10.0 25.8485
0.0 0.0 -2.5 10.0 -1.8174
0.0 -2.5 0.0 10.0 40.2244
0.0 0.0 0.0 10.0 302669200.76119995
0.0 2.5 0.0 10.0 8124.604200000001
0.0 0.0 2.5 10.0 91653703.4511
0.0 2.5 2.5 10.0 521944.9991
0.0 7.5 2.5 10.0 26.570099999999996
0.0 -2.5 5.0 10.0 871223644.1068001
0.0 0.0 5.0 10.0 46152944.9727
0.0 2.5 5.0 10.0 1183715279.752
0.0 5.0 5.0 10.0 1143550490.8265
0.0 2.5 -10.0 11.25 -0.3762
0.0 5.0 -10.0 11.25 -0.6481
0.0 7.5 -10.0 11.25 -0.413
0.0 10.0 -10.0 11.25 0.24109999999999998
0.0 0.0 -7.5 11.25 -0.12480000000000001
0.0 2.5 -7.5 11.25 -4.2903
0.0 5.0 -7.5 11.25 -5.1094
0.0 7.5 -7.5 11.25 -3.5124999999999997
0.0 -2.5 -5.0 11.25 13.590200000000001
0.0 0.0 -5.0 11.25 -1.8328
0.0 2.5 -5.0 11.25 -15.3446
0.0 5.0 -5.0 11.25 -21.2803
0.0 -5.0 -2.5 11.25 31.809099999999997
0.0 -2.5 -2.5 11.25 16.4832
0.0 0.0 -2.5 11.25 -8.4998
0.0 7.5 -2.5 11.25 -44.7423
0.0 -2.5 0.0 11.25 8.571299999999999
0.0 0.0 0.0 11.25 2046.8461000000002
0.0 2.5 0.0 11.25 -71.0056
0.0 -2.5 2.5 11.25 2043.2224
0.0 0.0 2.5 11.25 1718.2891
0.0 2.5 2.5 11.25 18007241.51
0.0 5.0 2.5 11.25 73927.17719999999
0.0 7.5 2.5 11.25 -87.8019
0.0 -5.0 5.0 11.25 1319989638.1403
0.0 -2.5 5.0 11.25 2499956635.1938
0.0 0.0 5.0 11.25 574197002.8771
0.0 2.5 5.0 11.25 9999999994.1149
0.0 5.0 5.0 11.25 124419.1753
0.0 7.5 5.0 11.25 -56.052099999999996
0.0 0.0 -10.0 12.5 -0.0192
0.0 2.5 -10.0 12.5 -0.5246999999999999
0.0 5.0 -10.0 12.5 -1.0
0.0 7.5 -10.0 12.5 -0.7341
0.0 10.0 -10.0 12.5 0.0214
0.0 -2.5 -7.5 12.5 2.6082
0.0 0.0 -7.5 12.5 -1.062
0.0 2.5 -7.5 12.5 -4.6618
0.0 5.0 -7.5 12.5 -5.5479
0.0 7.5 -7.5 12.5 -4.3093
0.0 10.0 -7.5 12.5 -1.6983000000000001
0.0 -5.0 -5.0 12.5 14.0952
0.0 -2.5 -5.0 12.5 7.1297999999999995
0.0 0.0 -5.0 12.5 -5.0584999999999996
0.0 2.5 -5.0 12.5 -15.6798
0.0 5.0 -5.0 12.5 -19.5415
0.0 7.5 -5.0 12.5 -15.4089
0.0 10.0 -5.0 12.5 -8.3238
0.0 -5.0 -2.5 12.5 21.8267
0.0 -2.5 -2.5 12.5 9.0281
0.0 0.0 -2.5 12.5 -12.545
0.0 2.5 -2.5 12.5 -37.3437
0.0 5.0 -2.5 12.5 -49.5848
0.0 7.5 -2.5 12.5 -37.3688
0.0 -5.0 0.0 12.5 23.1144
0.0 -2.5 0.0 12.5 5.994199999999999
0.0 0.0 0.0 12.5 -23.311899999999998
0.0 2.5 0.0 12.5 -67.7183
0.0 5.0 0.0 12.5 -94.315
0.0 -2.5 2.5 12.5 11.892999999999997
0.0 0.0 2.5 12.5 -31.8143
0.0 2.5 2.5 12.5 1101.0456
0.0 5.0 2.5 12.5 -103.6767
0.0 7.5 2.5 12.5 -71.1755
0.0 10.0 2.5 12.5 -34.5413
0.0 -5.0 5.0 12.5 111093.78
0.0 -2.5 5.0 12.5 720167.1253
0.0 0.0 5.0 12.5 77469.2224
0.0 2.5 5.0 12.5 30653.6737
0.0 5.0 5.0 12.5 -12.400100000000002
0.0 7.5 5.0 12.5 -45.1534
0.0 10.0 5.0 12.5 -25.3823
0.0 0.0 -10.0 13.75 0.0322
0.0 2.5 -10.0 13.75 -0.35219999999999996
0.0 5.0 -10.0 13.75 -0.7487
0.0 7.5 -10.0 13.75 -0.5611
0.0 10.0 -10.0 13.75 -0.0757
0.0 -2.5 -7.5 13.75 0.9163
0.0 0.0 -7.5 13.75 -1.4538
0.0 2.5 -7.5 13.75 -3.75
0.0 5.0 -7.5 13.75 -4.9753
0.0 7.5 -7.5 13.75 -3.961
0.0 10.0 -7.5 13.75 -1.8618999999999999
0.0 -5.0 -5.0 13.75 7.6449
0.0 -2.5 -5.0 13.75 2.8192
0.0 0.0 -5.0 13.75 -5.9027
0.0 2.5 -5.0 13.75 -13.6157
0.0 5.0 -5.0 13.75 -16.4028
0.0 7.5 -5.0 13.75 -13.272400000000001
0.0 10.0 -5.0 13.75 -7.1791
0.0 -5.0 -2.5 13.75 14.122800000000002
0.0 -2.5 -2.5 13.75 3.2306
0.0 0.0 -2.5 13.75 -13.6484
0.0 2.5 -2.5 13.75 -31.029799999999998
0.0 5.0 -2.5 13.75 -37.269999999999996
0.0 7.5 -2.5 13.75 -29.405399999999997
0.0 -5.0 0.0 13.75 17.8895
0.0 -2.5 0.0 13.75 2.9416999999999995
0.0 0.0 0.0 13.75 -23.453400000000002
0.0 2.5 0.0 13.75 -51.7083
0.0 5.0 0.0 13.75 -63.284099999999995
0.0 7.5 0.0 13.75 -46.590799999999994
0.0 -5.0 2.5 13.75 24.021
0.0 -2.5 2.5 13.75 8.041
0.0 0.0 2.5 13.75 -34.3359
0.0 2.5 2.5 13.75 -69.8029
0.0 5.0 2.5 13.75 -71.48639999999999
0.0 7.5 2.5 13.75 -50.408300000000004
0.0 10.0 2.5 13.75 -25.7767
0.0 -5.0 5.0 13.75 15995.1917
0.0 -2.5 5.0 13.75 1298584.3672999998
0.0 0.0 5.0 13.75 23232.6028
0.0 2.5 5.0 13.75 3577.811
0.0 5.0 5.0 13.75 -44.2559
0.0 7.5 5.0 13.75 -33.7399
0.0 10.0 5.0 13.75 -18.3308
0.0 -5.0 -10.0 15.0 0.0
0.0 -2.5 -10.0 15.0 0.0356
0.0 0.0 -10.0 15.0 0.0623
0.0 2.5 -10.0 15.0 -0.1953
0.0 5.0 -10.0 15.0 -0.3466
0.0 7.5 -10.0 15.0 -0.1599
0.0 10.0 -10.0 15.0 0.0
0.0 -5.0 -7.5 15.0 0.5252
0.0 -2.5 -7.5 15.0 0.315
0.0 0.0 -7.5 15.0 -0.7209
0.0 2.5 -7.5 15.0 -2.4213
0.0 5.0 -7.5 15.0 -3.4127
0.0 7.5 -7.5 15.0 -2.9101
0.0 10.0 -7.5 15.0 -1.2159
0.0 -5.0 -5.0 15.0 3.5271999999999997
0.0 -2.5 -5.0 15.0 0.45489999999999997
0.0 0.0 -5.0 15.0 -4.7686
0.0 2.5 -5.0 15.0 -10.2927
0.0 5.0 -5.0 15.0 -12.6286
0.0 7.5 -5.0 15.0 -10.2347
0.0 10.0 -5.0 15.0 -5.5854
0.0 -5.0 -2.5 15.0 7.7767
0.0 -2.5 -2.5 15.0 0.38789999999999997
0.0 0.0 -2.5 15.0 -11.8473
0.0 2.5 -2.5 15.0 -22.4974
0.0 5.0 -2.5 15.0 -27.093799999999998
0.0 7.5 -2.5 15.0 -21.909999999999997
0.0 10.0 -2.5 15.0 -12.3368
0.0 -5.0 0.0 15.0 12.3386
0.0 -2.5 0.0 15.0 0.0625
0.0 0.0 0.0 15.0 -19.0197
0.0 2.5 0.0 15.0 -37.050900000000006
0.0 5.0 0.0 15.0 -42.325300000000006
0.0 7.5 0.0 15.0 -32.3542
0.0 10.0 0.0 15.0 -17.8858
0.0 -5.0 2.5 15.0 18.462
0.0 -2.5 2.5 15.0 4.6792
0.0 0.0 2.5 15.0 -25.5878
0.0 2.5 2.5 15.0 -47.167699999999996
0.0 5.0 2.5 15.0 -47.4347
0.0 7.5 2.5 15.0 -33.9428
0.0 10.0 2.5 15.0 -17.650199999999998
0.0 -5.0 5.0 15.0 715.8529
0.0 -2.5 5.0 15.0 222.41320000000002
0.0 0.0 5.0 15.0 31.737600000000004
0.0 2.5 5.0 15.0 -19.8241
0.0 5.0 5.0 15.0 -32.8713
0.0 7.5 5.0 15.0 -23.8029
0.0 10.0 5.0 15.0 -11.3511
0.0 -5.0 -10.0 16.25 0.0
0.0 -2.5 -10.0 16.25 0.0003
0.0 0.0 -10.0 16.25 0.0048
0.0 2.5 -10.0 16.25 -0.0215
0.0 5.0 -10.0 16.25 -0.0579
0.0 7.5 -10.0 16.25 -0.0051
0.0 10.0 -10.0 16.25 0.0
0.0 -5.0 -7.5 16.25 0.0976
0.0 -2.5 -7.5 16.25 0.2134
0.0 0.0 -7.5 16.25 -0.2767
0.0 2.5 -7.5 16.25 -1.1702
0.0 5.0 -7.5 16.25 -1.7853999999999999
0.0 7.5 -7.5 16.25 -1.3812
0.0 10.0 -7.5 16.25 -0.40349999999999997
0.0 -5.0 -5.0 16.25 1.2037
0.0 -2.5 -5.0 16.25 0.026299999999999997
0.0 0.0 -5.0 16.25 -3.2207
0.0 2.5 -5.0 16.25 -6.7315
0.0 5.0 -5.0 16.25 -8.235100000000001
0.0 7.5 -5.0 16.25 -6.7211
0.0 10.0 -5.0 16.25 -3.0837999999999997
0.0 -5.0 -2.5 16.25 3.7328
0.0 -2.5 -2.5 16.25 -0.7762
0.0 0.0 -2.5 16.25 -8.3089
0.0 2.5 -2.5 16.25 -15.809099999999999
0.0 5.0 -2.5 16.25 -18.4451
0.0 7.5 -2.5 16.25 -15.163699999999999
0.0 10.0 -2.5 16.25 -8.3164
0.0 -5.0 0.0 16.25 7.796999999999999
0.0 -2.5 0.0 16.25 0.09839999999999999
0.0 0.0 0.0 16.25 -13.3963
0.0 2.5 0.0 16.25 -24.2319
0.0 5.0 0.0 16.25 -27.5422
0.0 7.5 0.0 16.25 -21.7735
0.0 10.0 0.0 16.25 -12.4275
0.0 -5.0 2.5 16.25 15.1815
0.0 -2.5 2.5 16.25 4.2836
0.0 0.0 2.5 16.25 -15.5599
0.0 2.5 2.5 16.25 -29.8617
0.0 5.0 2.5 16.25 -29.9018
0.0 7.5 2.5 16.25 -21.7994
0.0 10.0 2.5 16.25 -11.845500000000001
0.0 -5.0 5.0 16.25 33.9382
0.0 -2.5 5.0 16.25 18.130200000000002
0.0 0.0 5.0 16.25 -12.995800000000001
0.0 2.5 5.0 16.25 -25.871
0.0 5.0 5.0 16.25 -22.426199999999998
0.0 7.5 5.0 16.25 -14.8795
0.0 10.0 5.0 16.25 -7.1011999999999995
60.0 -5.0 -10.0 3.75 72.9011
60.0 -2.5 -10.0 3.75 -16.274
60.0 0.0 -10.0 3.75 21.556199999999997
60.0 2.5 -10.0 3.75 41.8852
60.0 5.0 -10.0 3.75 36.402899999999995
60.0 7.5 -10.0 3.75 22.2936
60.0 10.0 -10.0 3.75 8.0526
60.0 -5.0 -7.5 3.75 20493980.623999998
60.0 -2.5 -7.5 3.75 7731183237.689699
60.0 0.0 -7.5 3.75 5542.169
60.0 2.5 -7.5 3.75 349.59889999999996
60.0 5.0 -7.5 3.75 62.0257
60.0 7.5 -7.5 3.75 34.078900000000004
60.0 10.0 -7.5 3.75 13.257
60.0 -5.0 -5.0 3.75 2545385116.5688
60.0 -2.5 -5.0 3.75 124355729.4063
60.0 0.0 -5.0 3.75 555875580.078
60.0 2.5 -5.0 3.75 56584.1149
60.0 5.0 -5.0 3.75 73.43520000000001
60.0 7.5 -5.0 3.75 34.8041
60.0 10.0 -5.0 3.75 13.2665
60.0 -5.0 -2.5 3.75 227784099.57549998
60.0 -2.5 -2.5 3.75 10000000061.0783
60.0 0.0 -2.5 3.75 806861206.5172
60.0 2.5 -2.5 3.75 9999999780.7612
60.0 5.0 -2.5 3.75 400.9604
60.0 7.5 -2.5 3.75 35.8795
60.0 10.0 -2.5 3.75 3.4763
60.0 -5.0 0.0 3.75 1806012092.1983001
60.0 -2.5 0.0 3.75 6101300244.9811
60.0 0.0 0.0 3.75 27464977.1906
60.0 2.5 0.0 3.75 361142843.8046
60.0 5.0 0.0 3.75 16069610.4728
60.0 7.5 0.0 3.75 31585831.0756
60.0 10.0 0.0 3.75 -1.7546
60.0 -5.0 2.5 3.75 10000000160.501202
60.0 -2.5 2.5 3.75 10000000115.6404
60.0 0.0 2.5 3.75 1370975065.3167
60.0 2.5 2.5 3.75 4085090882.2878
60.0 5.0 2.5 3.75 7169242854.5231
60.0 7.5 2.5 3.75 3855329356.9887
60.0 10.0 2.5 3.75 81.3707
60.0 -5.0 5.0 3.75 10000000030.343102
60.0 -2.5 5.0 3.75 10000000170.0632
60.0 0.0 5.0 3.75 10000000253.098001
60.0 2.5 5.0 3.75 158458966.4041
60.0 5.0 5.0 3.75 10000000014.888401
60.0 7.5 5.0 3.75 9999999975.782501
60.0 10.0 5.0 3.75 81397119.46
60.0 2.5 -2.5 5.0 5698.2685
60.0 0.0 0.0 5.0 10000000147.703201
60.0 0.0 2.5 5.0 10000000205.801401
60.0 2.5 -2.5 6.25 64402584.0695
60.0 0.0 0.0 6.25 2312004882.8636
60.0 0.0 2.5 6.25 10000000005.203402
60.0 0.0 5.0 6.25 10000000074.889801
60.0 2.5 -5.0 7.5 98.45349999999999
60.0 2.5 -2.5 7.5 663.7488000000001
60.0 5.0 -2.5 7.5 41.3459
60.0 -2.5 0.0 7.5 17397383.3079
60.0 0.0 0.0 7.5 93307677.0001
60.0 2.5 0.0 7.5 7019108.7884
60.0 0.0 2.5 7.5 10000000069.9188
60.0 0.0 5.0 7.5 9999999977.4808
60.0 2.5 -7.5 8.75 58.5537
60.0 2.5 -5.0 8.75 55.4458
60.0 5.0 -5.0 8.75 40.8628
60.0 0.0 -2.5 8.75 284.6289
60.0 2.5 -2.5 8.75 25.938200000000002
60.0 -2.5 0.0 8.75 142746.3412
60.0 0.0 0.0 8.75 1513.7084
60.0 2.5 0.0 8.75 263853.0373
60.0 -2.5 2.5 8.75 804606.2695
60.0 0.0 2.5 8.75 731770.6386
60.0 0.0 5.0 8.75 9335009698.1021
60.0 5.0 -10.0 10.0 22.6999
60.0 2.5 -7.5 10.0 40.9046
60.0 5.0 -7.5 10.0 31.7714
60.0 7.5 -7.5 10.0 16.4861
60.0 0.0 -5.0 10.0 29.6543
60.0 2.5 -5.0 10.0 37.2106
60.0 5.0 -5.0 10.0 27.4941
60.0 -2.5 -2.5 10.0 2817.3745
60.0 0.0 -2.5 10.0 22.8459
60.0 2.5 -2.5 10.0 11.9266
60.0 5.0 -2.5 10.0 1.7482999999999997
60.0 7.5 -2.5 10.0 -6.3596
60.0 -2.5 0.0 10.0 207.8197
60.0 0.0 0.0 10.0 4.6135
60.0 2.5 0.0 10.0 -19.7113
60.0 -2.5 2.5 10.0 563500.021
60.0 0.0 2.5 10.0 23178.9932
60.0 2.5 2.5 10.0 6683.6675
60.0 -2.5 5.0 10.0 10000000022.0849
60.0 0.0 5.0 10.0 233674406.3312
60.0 2.5 5.0 10.0 98465145.494
60.0 2.5 -10.0 11.25 20.8052
60.0 5.0 -10.0 11.25 14.8314
60.0 10.0 -10.0 11.25 1.1569
60.0 0.0 -7.5 11.25 23.6387
60.0 2.5 -7.5 11.25 27.8887
60.0 5.0 -7.5 11.25 21.1021
60.0 7.5 -7.5 11.25 9.6583
60.0 0.0 -5.0 11.25 20.948800000000002
60.0 2.5 -5.0 11.25 24.311
60.0 5.0 -5.0 11.25 17.0522
60.0 -2.5 -2.5 11.25 3.6936
60.0 0.0 -2.5 11.25 9.301599999999999
60.0 2.5 -2.5 11.25 4.028700000000001
60.0 5.0 -2.5 11.25 -4.7019
60.0 7.5 -2.5 11.25 -10.1512
60.0 -5.0 0.0 11.25 2512.3573
60.0 -2.5 0.0 11.25 -8.8095
60.0 0.0 0.0 11.25 -8.2455
60.0 2.5 0.0 11.25 -27.5981
60.0 5.0 0.0 11.25 -45.0062
60.0 -5.0 2.5 11.25 70.36630000000001
60.0 -2.5 2.5 11.25 6335.861199999999
60.0 0.0 2.5 11.25 56.3223
60.0 2.5 2.5 11.25 -43.1967
60.0 5.0 2.5 11.25 207.62219999999996
60.0 -2.5 5.0 11.25 801233.0615000001
60.0 0.0 5.0 11.25 6896816.302
60.0 2.5 5.0 11.25 11290.849
60.0 5.0 5.0 11.25 7739.489799999999
60.0 7.5 5.0 11.25 -91.87429999999999
60.0 -2.5 -10.0 12.5 6.8481000000000005
60.0 0.0 -10.0 12.5 12.5884
60.0 2.5 -10.0 12.5 12.9783
60.0 5.0 -10.0 12.5 8.4989
60.0 7.5 -10.0 12.5 3.1239
60.0 10.0 -10.0 12.5 0.1769
60.0 0.0 -7.5 12.5 16.3434
60.0 2.5 -7.5 12.5 18.535899999999998
60.0 5.0 -7.5 12.5 12.9376
60.0 7.5 -7.5 12.5 5.1175
60.0 10.0 -7.5 12.5 0.862
60.0 -2.5 -5.0 12.5 3.4212
60.0 0.0 -5.0 12.5 13.907399999999999
60.0 2.5 -5.0 12.5 15.558200000000001
60.0 5.0 -5.0 12.5 9.372900000000001
60.0 7.5 -5.0 12.5 1.9036
60.0 -5.0 -2.5 12.5 -22.4018
60.0 -2.5 -2.5 12.5 -4.2714
60.0 0.0 -2.5 12.5 3.3605
60.0 2.5 -2.5 12.5 -0.25630000000000003
60.0 5.0 -2.5 12.5 -7.2973
60.0 7.5 -2.5 12.5 -11.4024
60.0 -5.0 0.0 12.5 -26.8461
60.0 -2.5 0.0 12.5 -10.3667
60.0 0.0 0.0 12.5 -10.1094
60.0 2.5 0.0 12.5 -26.2956
60.0 5.0 0.0 12.5 -39.257099999999994
60.0 -5.0 2.5 12.5 -12.495999999999999
60.0 -2.5 2.5 12.5 -1.7656999999999998
60.0 0.0 2.5 12.5 -21.1452
60.0 2.5 2.5 12.5 -55.542500000000004
60.0 5.0 2.5 12.5 -84.54549999999999
60.0 7.5 2.5 12.5 -62.2376
60.0 -5.0 5.0 12.5 55475.2396
60.0 -2.5 5.0 12.5 188.5228
60.0 0.0 5.0 12.5 1533.4632000000001
60.0 2.5 5.0 12.5 -32.34609999999999
60.0 5.0 5.0 12.5 -107.3133
60.0 7.5 5.0 12.5 -76.6185
60.0 10.0 5.0 12.5 -35.0784
60.0 -2.5 -10.0 13.75 4.3658
60.0 0.0 -10.0 13.75 7.1718
60.0 2.5 -10.0 13.75 6.9987
60.0 5.0 -10.0 13.75 3.842
60.0 7.5 -10.0 13.75 0.9602
60.0 10.0 -10.0 13.75 0.0
60.0 0.0 -7.5 13.75 10.7253
60.0 2.5 -7.5 13.75 11.041
60.0 5.0 -7.5 13.75 6.8769
60.0 7.5 -7.5 13.75 2.0806
60.0 10.0 -7.5 13.75 0.0325
60.0 -2.5 -5.0 13.75 2.4558
60.0 0.0 -5.0 13.75 9.7176
60.0 2.5 -5.0 13.75 9.516100000000002
60.0 5.0 -5.0 13.75 4.0159
60.0 7.5 -5.0 13.75 -0.2775
60.0 10.0 -5.0 13.75 -1.1924000000000001
60.0 -5.0 -2.5 13.75 -15.0653
60.0 -2.5 -2.5 13.75 -3.8362
60.0 0.0 -2.5 13.75 0.8353000000000002
60.0 2.5 -2.5 13.75 -2.4524
60.0 5.0 -2.5 13.75 -8.5393
60.0 7.5 -2.5 13.75 -10.623099999999999
60.0 -5.0 0.0 13.75 -18.307299999999998
60.0 -2.5 0.0 13.75 -9.317799999999998
60.0 0.0 0.0 13.75 -10.5846
60.0 2.5 0.0 13.75 -22.2892
60.0 5.0 0.0 13.75 -31.5885
60.0 -5.0 2.5 13.75 -9.607700000000001
60.0 -2.5 2.5 13.75 -6.5549
60.0 0.0 2.5 13.75 -19.9541
60.0 2.5 2.5 13.75 -44.405
60.0 5.0 2.5 13.75 -58.7637
60.0 7.5 2.5 13.75 -46.1624
60.0 -5.0 5.0 13.75 65.5586
60.0 -2.5 5.0 13.75 4.308299999999999
60.0 0.0 5.0 13.75 -24.0741
60.0 2.5 5.0 13.75 -62.25
60.0 5.0 5.0 13.75 -72.9572
60.0 7.5 5.0 13.75 -53.062000000000005
60.0 10.0 5.0 13.75 -27.0447
60.0 -5.0 -10.0 15.0 0.45509999999999995
60.0 -2.5 -10.0 15.0 2.0043
60.0 0.0 -10.0 15.0 3.2616
60.0 2.5 -10.0 15.0 2.5619
60.0 5.0 -10.0 15.0 0.9437000000000001
60.0 7.5 -10.0 15.0 0.0108
60.0 10.0 -10.0 15.0 0.0
60.0 -5.0 -7.5 15.0 -0.0243
60.0 -2.5 -7.5 15.0 3.54
60.0 0.0 -7.5 15.0 6.037999999999999
60.0 2.5 -7.5 15.0 5.431100000000001
60.0 5.0 -7.5 15.0 2.5869
60.0 7.5 -7.5 15.0 0.2964
60.0 10.0 -7.5 15.0 -0.0003
60.0 -5.0 -5.0 15.0 -4.1984
60.0 -2.5 -5.0 15.0 1.9369000000000003
60.0 0.0 -5.0 15.0 5.7873
60.0 2.5 -5.0 15.0 4.489800000000001
60.0 5.0 -5.0 15.0 0.9624999999999999
60.0 7.5 -5.0 15.0 -1.2962
60.0 10.0 -5.0 15.0 -0.6740999999999999
60.0 -5.0 -2.5 15.0 -8.869
60.0 -2.5 -2.5 15.0 -2.0936
60.0 0.0 -2.5 15.0 0.05940000000000001
60.0 2.5 -2.5 15.0 -3.5235
60.0 5.0 -2.5 15.0 -8.006
60.0 7.5 -2.5 15.0 -7.875
60.0 10.0 -2.5 15.0 -4.2912
60.0 -5.0 0.0 15.0 -11.1137
60.0 -2.5 0.0 15.0 -5.9976
60.0 0.0 0.0 15.0 -8.7646
60.0 2.5 0.0 15.0 -17.7899
60.0 5.0 0.0 15.0 -23.5787
60.0 7.5 0.0 15.0 -20.1748
60.0 -5.0 2.5 15.0 -5.013400000000001
60.0 -2.5 2.5 15.0 -4.7995
60.0 0.0 2.5 15.0 -16.3266
60.0 2.5 2.5 15.0 -33.086099999999995
60.0 5.0 2.5 15.0 -39.9554
60.0 7.5 2.5 15.0 -32.8302
60.0 10.0 2.5 15.0 -19.194499999999998
60.0 -5.0 5.0 15.0 9.474499999999999
60.0 -2.5 5.0 15.0 3.8059
60.0 0.0 5.0 15.0 -19.3966
60.0 2.5 5.0 15.0 -42.7721
60.0 5.0 5.0 15.0 -47.7695
60.0 7.5 5.0 15.0 -35.9125
60.0 10.0 5.0 15.0 -20.207
60.0 -5.0 -10.0 16.25 0.2081
60.0 -2.5 -10.0 16.25 0.7396
60.0 0.0 -10.0 16.25 0.7189
60.0 2.5 -10.0 16.25 0.18330000000000002
60.0 5.0 -10.0 16.25 0.0
60.0 7.5 -10.0 16.25 0.0
60.0 10.0 -10.0 16.25 0.0
60.0 -5.0 -7.5 16.25 0.5919
60.0 -2.5 -7.5 16.25 2.0595
60.0 0.0 -7.5 16.25 2.3954000000000004
60.0 2.5 -7.5 16.25 1.7283
60.0 5.0 -7.5 16.25 0.0833
60.0 7.5 -7.5 16.25 -0.0016
60.0 10.0 -7.5 16.25 0.0
60.0 -5.0 -5.0 16.25 -1.0092
60.0 -2.5 -5.0 16.25 1.9303
60.0 0.0 -5.0 16.25 3.0290999999999997
60.0 2.5 -5.0 16.25 1.2951
60.0 5.0 -5.0 16.25 -0.49720000000000003
60.0 7.5 -5.0 16.25 -0.8563
60.0 10.0 -5.0 16.25 -0.1778
60.0 -5.0 -2.5 16.25 -4.3556
60.0 -2.5 -2.5 16.25 0.1093
60.0 0.0 -2.5 16.25 0.3124
60.0 2.5 -2.5 16.25 -3.3269
60.0 5.0 -2.5 16.25 -5.679399999999999
60.0 7.5 -2.5 16.25 -5.1000000000000005
60.0 10.0 -2.5 16.25 -2.1753
60.0 -5.0 0.0 16.25 -6.248600000000001
60.0 -2.5 0.0 16.25 -3.1269
60.0 0.0 0.0 16.25 -5.9731000000000005
60.0 2.5 0.0 16.25 -12.6715
60.0 5.0 0.0 16.25 -15.8922
60.0 7.5 0.0 16.25 -13.455
60.0 10.0 0.0 16.25 -6.9956
60.0 -5.0 2.5 16.25 -1.9711
60.0 -2.5 2.5 16.25 -2.9642999999999997
60.0 0.0 2.5 16.25 -11.917
60.0 2.5 2.5 16.25 -22.1611
60.0 5.0 2.5 16.25 -26.6918
60.0 7.5 2.5 16.25 -21.7116
60.0 10.0 2.5 16.25 -12.700199999999999
60.0 -5.0 5.0 16.25 8.873199999999999
60.0 -2.5 5.0 16.25 3.6437
60.0 0.0 5.0 16.25 -12.9062
60.0 2.5 5.0 16.25 -28.2058
60.0 5.0 5.0 16.25 -30.4793
60.0 7.5 5.0 16.25 -23.9775
60.0 10.0 5.0 16.25 -13.9797
120.0 -5.0 -10.0 3.75 3.4598999999999998
120.0 -2.5 -10.0 3.75 5.8926
120.0 0.0 -10.0 3.75 -1.7581000000000002
120.0 2.5 -10.0 3.75 -20.1667
120.0 5.0 -10.0 3.75 -38.649300000000004
120.0 7.5 -10.0 3.75 -35.4808
120.0 10.0 -10.0 3.75 -16.6437
120.0 -5.0 -7.5 3.75 11.191999999999998
120.0 -2.5 -7.5 3.75 13.9007
120.0 0.0 -7.5 3.75 20.9657
120.0 2.5 -7.5 3.75 -40.9816
120.0 5.0 -7.5 3.75 112.6154
120.0 7.5 -7.5 3.75 -80.9948
120.0 10.0 -7.5 3.75 -16.6178
120.0 -5.0 -5.0 3.75 31.222599999999996
120.0 -2.5 -5.0 3.75 41.826499999999996
120.0 0.0 -5.0 3.75 11129041.6401
120.0 2.5 -5.0 3.75 9999999976.316
120.0 5.0 -5.0 3.75 6559205863.732201
120.0 7.5 -5.0 3.75 8301618.7843
120.0 10.0 -5.0 3.75 610.6243000000001
120.0 -5.0 -2.5 3.75 5939188.842200001
120.0 -2.5 -2.5 3.75 28013.6718
120.0 0.0 -2.5 3.75 772733399.3226
120.0 2.5 -2.5 3.75 10000000122.866402
120.0 5.0 -2.5 3.75 164675207.7351
120.0 7.5 -2.5 3.75 181586426.6847
120.0 10.0 -2.5 3.75 21561.782199999998
120.0 -5.0 0.0 3.75 2568018134.0518
120.0 -2.5 0.0 3.75 10000000047.333601
120.0 0.0 0.0 3.75 10000000209.2879
120.0 2.5 0.0 3.75 336458707.843
120.0 5.0 0.0 3.75 895319724.9711
120.0 7.5 0.0 3.75 10000000062.7136
120.0 10.0 0.0 3.75 790495.9484
120.0 -5.0 2.5 3.75 9999999964.5788
120.0 -2.5 2.5 3.75 1137462739.2336
120.0 0.0 2.5 3.75 10000000282.256
120.0 2.5 2.5 3.75 10000000101.538
120.0 5.0 2.5 3.75 10000000445.7275
120.0 7.5 2.5 3.75 168460.9458
120.0 10.0 2.5 3.75 25691.3711
120.0 -5.0 5.0 3.75 10000000022.252401
120.0 -2.5 5.0 3.75 10000000014.355902
120.0 0.0 5.0 3.75 10000000079.7576
120.0 2.5 5.0 3.75 9999999996.6124
120.0 5.0 5.0 3.75 6262308248.7161
120.0 7.5 5.0 3.75 11406797.0121
120.0 10.0 5.0 3.75 2018.8166
120.0 -2.5 5.0 5.0 10000000134.457401
120.0 -2.5 2.5 6.25 10000000107.731201
120.0 -2.5 5.0 6.25 9999999974.761702
120.0 2.5 -7.5 7.5 -26.715
120.0 0.0 -5.0 7.5 13.356499999999999
120.0 -2.5 0.0 7.5 10000000172.844002
120.0 -2.5 2.5 7.5 1608191048.8137
120.0 0.0 2.5 7.5 9999999995.6657
120.0 -2.5 5.0 7.5 9999999938.5125
120.0 0.0 5.0 7.5 9999999825.6448
120.0 2.5 -7.5 8.75 -19.5551
120.0 5.0 -7.5 8.75 -26.3244
120.0 0.0 -5.0 8.75 9.3936
120.0 0.0 0.0 8.75 13028.9006
120.0 -2.5 2.5 8.75 310651.91089999996
120.0 0.0 2.5 8.75 10000000025.422201
120.0 -5.0 5.0 8.75 9999999947.207
120.0 -2.5 5.0 8.75 9999999949.279501
120.0 0.0 5.0 8.75 9999999857.866001
120.0 2.5 5.0 8.75 9999999961.587
120.0 2.5 -10.0 10.0 -9.098700000000001
120.0 2.5 -7.5 10.0 -14.2248
120.0 5.0 -7.5 10.0 -16.447599999999998
120.0 7.5 -7.5 10.0 -4.768000000000001
120.0 -2.5 -5.0 10.0 25.3813
120.0 0.0 -5.0 10.0 4.9265
120.0 2.5 -5.0 10.0 -15.014100000000001
120.0 0.0 -2.5 10.0 7.183400000000001
120.0 0.0 0.0 10.0 160.4051
120.0 2.5 0.0 10.0 843.0804
120.0 -5.0 2.5 10.0 78066.98680000001
120.0 -2.5 2.5 10.0 1769823.3653
120.0 0.0 2.5 10.0 302249937.36079997
120.0 2.5 2.5 10.0 18544422.9932
120.0 -5.0 5.0 10.0 34679036.4243
120.0 -2.5 5.0 10.0 833355506.8572
120.0 0.0 5.0 10.0 9999999909.278
120.0 2.5 5.0 10.0 2320842645.8508
120.0 5.0 5.0 10.0 -1.4926000000000101
120.0 2.5 -10.0 11.25 -6.0428
120.0 5.0 -10.0 11.25 -6.265899999999999
120.0 10.0 -10.0 11.25 1.979
120.0 -2.5 -7.5 11.25 5.6405
120.0 0.0 -7.5 11.25 -1.7707000000000002
120.0 2.5 -7.5 11.25 -9.824800000000002
120.0 5.0 -7.5 11.25 -10.131799999999998
120.0 7.5 -7.5 11.25 -1.5695000000000001
120.0 -2.5 -5.0 11.25 16.4656
120.0 0.0 -5.0 11.25 2.2771
120.0 2.5 -5.0 11.25 -11.3931
120.0 5.0 -5.0 11.25 -9.9184
120.0 7.5 -5.0 11.25 4.777299999999999
120.0 0.0 -2.5 11.25 2.3861000000000003
120.0 2.5 -2.5 11.25 -17.1467
120.0 -5.0 0.0 11.25 40.5735
120.0 -2.5 0.0 11.25 26.5197
120.0 0.0 0.0 11.25 -15.3828
120.0 2.5 0.0 11.25 -39.4614
120.0 -5.0 2.5 11.25 41.454299999999996
120.0 -2.5 2.5 11.25 1497.0511999999999
120.0 0.0 2.5 11.25 11724.5717
120.0 2.5 2.5 11.25 23123.5879
120.0 -5.0 5.0 11.25 2320251.6763
120.0 -2.5 5.0 11.25 82589.1247
120.0 0.0 5.0 11.25 6942.3279
120.0 2.5 5.0 11.25 25721.863699999998
120.0 5.0 5.0 11.25 -101.2875
120.0 7.5 5.0 11.25 -41.4687
120.0 -5.0 -10.0 12.5 0.6629999999999999
120.0 -2.5 -10.0 12.5 1.0014999999999998
120.0 0.0 -10.0 12.5 -0.8341
120.0 2.5 -10.0 12.5 -3.2113
120.0 5.0 -10.0 12.5 -3.4095000000000004
120.0 7.5 -10.0 12.5 -1.0121
120.0 10.0 -10.0 12.5 1.6003
120.0 -2.5 -7.5 12.5 2.8961
120.0 0.0 -7.5 12.5 -1.6884000000000001
120.0 2.5 -7.5 12.5 -6.8057
120.0 5.0 -7.5 12.5 -6.1118
120.0 7.5 -7.5 12.5 0.1124
120.0 10.0 -7.5 12.5 5.4938
120.0 -2.5 -5.0 12.5 9.330200000000001
120.0 0.0 -5.0 12.5 -0.554
120.0 2.5 -5.0 12.5 -8.7102
120.0 5.0 -5.0 12.5 -6.1216
120.0 -5.0 -2.5 12.5 21.4208
120.0 -2.5 -2.5 12.5 15.2345
120.0 0.0 -2.5 12.5 -1.6408
120.0 2.5 -2.5 12.5 -14.2917
120.0 5.0 -2.5 12.5 -8.0436
120.0 -5.0 0.0 12.5 25.351999999999997
120.0 -2.5 0.0 12.5 10.234300000000001
120.0 0.0 0.0 12.5 -18.5283
120.0 2.5 0.0 12.5 -33.5341
120.0 5.0 0.0 12.5 -19.6955
120.0 -5.0 2.5 12.5 13.8565
120.0 -2.5 2.5 12.5 -14.0724
120.0 0.0 2.5 12.5 -56.4112
120.0 2.5 2.5 12.5 -73.58120000000001
120.0 5.0 2.5 12.5 -47.8031
120.0 -5.0 5.0 12.5 287092.01649999997
120.0 -2.5 5.0 12.5 1840.5223999999998
120.0 0.0 5.0 12.5 -94.8276
120.0 2.5 5.0 12.5 -127.7016
120.0 5.0 5.0 12.5 -81.14049999999999
120.0 7.5 5.0 12.5 -35.7195
120.0 -5.0 -10.0 13.75 0.1778
120.0 -2.5 -10.0 13.75 0.3027
120.0 0.0 -10.0 13.75 -0.0732
120.0 2.5 -10.0 13.75 -1.0276999999999998
120.0 5.0 -10.0 13.75 -1.2518999999999998
120.0 7.5 -10.0 13.75 -0.3149
120.0 10.0 -10.0 13.75 0.6901999999999999
120.0 -2.5 -7.5 13.75 1.2368999999999999
120.0 0.0 -7.5 13.75 -1.3956
120.0 2.5 -7.5 13.75 -3.9856
120.0 5.0 -7.5 13.75 -3.2878
120.0 7.5 -7.5 13.75 0.2551
120.0 10.0 -7.5 13.75 3.4482999999999997
120.0 -2.5 -5.0 13.75 4.6838
120.0 0.0 -5.0 13.75 -1.5942
120.0 2.5 -5.0 13.75 -6.383
120.0 5.0 -5.0 13.75 -4.0966000000000005
120.0 7.5 -5.0 13.75 3.0951
120.0 10.0 -5.0 13.75 7.8607
120.0 -5.0 -2.5 13.75 12.570400000000001
120.0 -2.5 -2.5 13.75 7.4279
120.0 0.0 -2.5 13.75 -4.5484
120.0 2.5 -2.5 13.75 -11.9531
120.0 5.0 -2.5 13.75 -6.5523
120.0 -5.0 0.0 13.75 15.2971
120.0 -2.5 0.0 13.75 2.1592000000000002
120.0 0.0 0.0 13.75 -18.001800000000003
120.0 2.5 0.0 13.75 -27.839299999999998
120.0 5.0 0.0 13.75 -18.2837
120.0 -5.0 2.5 13.75 7.749700000000001
120.0 -2.5 2.5 13.75 -14.329600000000001
120.0 0.0 2.5 13.75 -44.6528
120.0 2.5 2.5 13.75 -56.0827
120.0 5.0 2.5 13.75 -39.1407
120.0 -5.0 5.0 13.75 -3.5353000000000003
120.0 -2.5 5.0 13.75 -29.279
120.0 0.0 5.0 13.75 -75.15490000000001
120.0 2.5 5.0 13.75 -86.72659999999999
120.0 5.0 5.0 13.75 -59.8751
120.0 7.5 5.0 13.75 -28.655900000000003
120.0 -5.0 -10.0 15.0 0.0266
120.0 -2.5 -10.0 15.0 0.0429
120.0 0.0 -10.0 15.0 0.04
120.0 2.5 -10.0 15.0 -0.0426
120.0 5.0 -10.0 15.0 -0.1692
120.0 7.5 -10.0 15.0 -0.0046
120.0 10.0 -10.0 15.0 0.199
120.0 -5.0 -7.5 15.0 0.46919999999999995
120.0 -2.5 -7.5 15.0 0.4643
120.0 0.0 -7.5 15.0 -0.7946
120.0 2.5 -7.5 15.0 -1.7908
120.0 5.0 -7.5 15.0 -1.193
120.0 7.5 -7.5 15.0 0.5142
120.0 10.0 -7.5 15.0 1.5681999999999998
120.0 -5.0 -5.0 15.0 2.9386
120.0 -2.5 -5.0 15.0 1.6934
120.0 0.0 -5.0 15.0 -1.9046
120.0 2.5 -5.0 15.0 -3.9266
120.0 5.0 -5.0 15.0 -2.141
120.0 7.5 -5.0 15.0 2.1163000000000003
120.0 10.0 -5.0 15.0 3.9392
120.0 -5.0 -2.5 15.0 7.4274
120.0 -2.5 -2.5 15.0 2.8885
120.0 0.0 -2.5 15.0 -4.7892
120.0 2.5 -2.5 15.0 -8.4028
120.0 5.0 -2.5 15.0 -4.6586
120.0 7.5 -2.5 15.0 2.7346999999999997
120.0 10.0 -2.5 15.0 6.1879
120.0 -5.0 0.0 15.0 8.1483
120.0 -2.5 0.0 15.0 -2.0799
120.0 0.0 0.0 15.0 -15.890699999999999
120.0 2.5 0.0 15.0 -20.875600000000002
120.0 5.0 0.0 15.0 -13.295
120.0 10.0 0.0 15.0 4.8968
120.0 -5.0 2.5 15.0 3.5283999999999995
120.0 -2.5 2.5 15.0 -13.594
120.0 0.0 2.5 15.0 -33.8576
120.0 2.5 2.5 15.0 -39.7314
120.0 5.0 2.5 15.0 -27.9263
120.0 7.5 2.5 15.0 -11.127500000000001
120.0 -5.0 5.0 15.0 -3.7015000000000002
120.0 -2.5 5.0 15.0 -27.202299999999997
120.0 0.0 5.0 15.0 -52.2847
120.0 2.5 5.0 15.0 -57.6582
120.0 5.0 5.0 15.0 -41.0672
120.0 7.5 5.0 15.0 -19.991400000000002
120.0 10.0 5.0 15.0 -6.3499
120.0 -5.0 -10.0 16.25 0.0
120.0 -2.5 -10.0 16.25 0.0
120.0 0.0 -10.0 16.25 0.0
120.0 2.5 -10.0 16.25 0.0
120.0 5.0 -10.0 16.25 0.0
120.0 7.5 -10.0 16.25 0.0
120.0 10.0 -10.0 16.25 0.0
120.0 -5.0 -7.5 16.25 0.2081
120.0 -2.5 -7.5 16.25 0.16269999999999998
120.0 0.0 -7.5 16.25 -0.21960000000000002
120.0 2.5 -7.5 16.25 -0.4699
120.0 5.0 -7.5 16.25 -0.1603
120.0 7.5 -7.5 16.25 0.19310000000000002
120.0 10.0 -7.5 16.25 0.1388
120.0 -5.0 -5.0 16.25 0.9213
120.0 -2.5 -5.0 16.25 0.2947
120.0 0.0 -5.0 16.25 -1.3154000000000001
120.0 2.5 -5.0 16.25 -1.9341
120.0 5.0 -5.0 16.25 -0.6202000000000001
120.0 7.5 -5.0 16.25 0.6798
120.0 10.0 -5.0 16.25 1.3827999999999998
120.0 -5.0 -2.5 16.25 3.2007
120.0 -2.5 -2.5 16.25 0.923
120.0 0.0 -2.5 16.25 -3.5712
120.0 2.5 -2.5 16.25 -4.9342
120.0 5.0 -2.5 16.25 -2.1356
120.0 7.5 -2.5 16.25 1.4849
120.0 10.0 -2.5 16.25 2.4360000000000004
120.0 -5.0 0.0 16.25 4.5966
120.0 -2.5 0.0 16.25 -2.4694000000000003
120.0 0.0 0.0 16.25 -10.9441
120.0 2.5 0.0 16.25 -13.525400000000001
120.0 5.0 0.0 16.25 -7.7822000000000005
120.0 7.5 0.0 16.25 -0.5723
120.0 10.0 0.0 16.25 2.1611
120.0 -5.0 2.5 16.25 1.6544000000000003
120.0 -2.5 2.5 16.25 -10.6054
120.0 0.0 2.5 16.25 -23.685299999999998
120.0 2.5 2.5 16.25 -26.857599999999998
120.0 5.0 2.5 16.25 -18.1235
120.0 7.5 2.5 16.25 -6.4332
120.0 10.0 2.5 16.25 -0.628
120.0 -5.0 5.0 16.25 -0.6888
120.0 -2.5 5.0 16.25 -17.972900000000003
120.0 0.0 5.0 16.25 -34.237899999999996
120.0 2.5 5.0 16.25 -37.1527
120.0 5.0 5.0 16.25 -25.9827
120.0 7.5 5.0 16.25 -12.5569
120.0 10.0 5.0 16.25 -3.8663
180.0 -5.0 -10.0 3.75 -24.741
180.0 -2.5 -10.0 3.75 -27.5686
180.0 0.0 -10.0 3.75 -17.4225
180.0 2.5 -10.0 3.75 -1.7621
180.0 5.0 -10.0 3.75 8.5651
180.0 7.5 -10.0 3.75 8.091600000000001
180.0 10.0 -10.0 3.75 3.2366
180.0 -5.0 -7.5 3.75 -52.6729
180.0 -2.5 -7.5 3.75 -4.126000000000005
180.0 0.0 -7.5 3.75 -33.9819
180.0 2.5 -7.5 3.75 8.930800000000001
180.0 5.0 -7.5 3.75 29.5959
180.0 7.5 -7.5 3.75 22.9487
180.0 10.0 -7.5 3.75 9.3064
180.0 -5.0 -5.0 3.75 34881917.1105
180.0 -2.5 -5.0 3.75 701707.181
180.0 0.0 -5.0 3.75 249985.75650000002
180.0 2.5 -5.0 3.75 482.26390000000004
180.0 5.0 -5.0 3.75 73.3491
180.0 7.5 -5.0 3.75 37.6081
180.0 10.0 -5.0 3.75 6.486999999999999
180.0 -5.0 -2.5 3.75 9999999828.880201
180.0 -2.5 -2.5 3.75 9999999887.0872
180.0 0.0 -2.5 3.75 519904067.9684
180.0 2.5 -2.5 3.75 55536244.6017
180.0 5.0 -2.5 3.75 172.6752
180.0 7.5 -2.5 3.75 39.6933
180.0 10.0 -2.5 3.75 -18.8369
180.0 -5.0 0.0 3.75 9999999860.5839
180.0 -2.5 0.0 3.75 8307641862.0956
180.0 0.0 0.0 3.75 10000000071.4496
180.0 2.5 0.0 3.75 322592554.3822
180.0 5.0 0.0 3.75 580.5258
180.0 7.5 0.0 3.75 16202.5216
180.0 10.0 0.0 3.75 33003609.3275
180.0 -5.0 2.5 3.75 9999999925.6289
180.0 -2.5 2.5 3.75 10000000072.341002
180.0 0.0 2.5 3.75 683778265.961
180.0 2.5 2.5 3.75 3673772.3946
180.0 5.0 2.5 3.75 694262633.3051
180.0 7.5 2.5 3.75 448673582.3835
180.0 10.0 2.5 3.75 9999999817.4794
180.0 -5.0 5.0 3.75 2151928712.8562
180.0 -2.5 5.0 3.75 9999999887.6968
180.0 0.0 5.0 3.75 10000000177.8649
180.0 2.5 5.0 3.75 10000000214.976501
180.0 5.0 5.0 3.75 10000000005.380402
180.0 7.5 5.0 3.75 1268185123.4533
180.0 10.0 5.0 3.75 60623545.0866
180.0 -2.5 -2.5 7.5 16543.7265
180.0 0.0 2.5 7.5 9999999960.172
180.0 0.0 5.0 7.5 9999999920.489801
180.0 -5.0 -2.5 8.75 -58.5967
180.0 -2.5 -2.5 8.75 8.027900000000002
180.0 2.5 -2.5 8.75 46.1476
180.0 -5.0 0.0 8.75 1318919.5381999998
180.0 0.0 0.0 8.75 325746.0837
180.0 0.0 2.5 8.75 9999999849.1474
180.0 0.0 -10.0 10.0 -0.5006
180.0 2.5 -10.0 10.0 4.4456
180.0 0.0 -7.5 10.0 2.2945
180.0 2.5 -7.5 10.0 14.041599999999999
180.0 5.0 -7.5 10.0 15.729899999999999
180.0 -2.5 -5.0 10.0 -16.2014
180.0 0.0 -5.0 10.0 5.0806000000000004
180.0 2.5 -5.0 10.0 26.202900000000003
180.0 5.0 -5.0 10.0 27.8924
180.0 -5.0 -2.5 10.0 -41.810100000000006
180.0 -2.5 -2.5 10.0 -28.1265
180.0 0.0 -2.5 10.0 1.6017000000000001
180.0 2.5 -2.5 10.0 26.4023
180.0 -5.0 0.0 10.0 3404.0746999999997
180.0 -2.5 0.0 10.0 465.39709999999997
180.0 0.0 0.0 10.0 2325.5002
180.0 -5.0 2.5 10.0 9999999939.026001
180.0 0.0 2.5 10.0 9999999987.0849
180.0 2.5 2.5 10.0 27001.247900000002
180.0 0.0 5.0 10.0 5930749.0163
180.0 2.5 5.0 10.0 321088.03979999997
180.0 0.0 -10.0 11.25 0.3512
180.0 2.5 -10.0 11.25 2.9612000000000003
180.0 5.0 -10.0 11.25 3.2494
180.0 0.0 -7.5 11.25 2.7066
180.0 2.5 -7.5 11.25 9.6267
180.0 5.0 -7.5 11.25 10.1959
180.0 7.5 -7.5 11.25 5.997
180.0 -2.5 -5.0 11.25 -9.7956
180.0 0.0 -5.0 11.25 4.4698
180.0 2.5 -5.0 11.25 16.2939
180.0 5.0 -5.0 11.25 17.4475
180.0 -5.0 -2.5 11.25 -28.7682
180.0 -2.5 -2.5 11.25 -19.9825
180.0 0.0 -2.5 11.25 -1.573
180.0 2.5 -2.5 11.25 13.569700000000001
180.0 -5.0 0.0 11.25 -42.737700000000004
180.0 -2.5 0.0 11.25 -39.044399999999996
180.0 0.0 0.0 11.25 34.585800000000006
180.0 -5.0 2.5 11.25 1698387.2251000002
180.0 -2.5 2.5 11.25 182.1519
180.0 0.0 2.5 11.25 6358.7835
180.0 2.5 2.5 11.25 -40.9297
180.0 -5.0 5.0 11.25 34744637.963099994
180.0 0.0 5.0 11.25 232038.6319
180.0 2.5 5.0 11.25 -55.108399999999996
180.0 -5.0 -10.0 12.5 -1.3573000000000002
180.0 -2.5 -10.0 12.5 -1.1252
180.0 0.0 -10.0 12.5 0.16349999999999998
180.0 2.5 -10.0 12.5 1.3742
180.0 5.0 -10.0 12.5 1.4869999999999999
180.0 7.5 -10.0 12.5 0.7841
180.0 10.0 -10.0 12.5 0.003
180.0 -2.5 -7.5 12.5 -2.5448
180.0 0.0 -7.5 12.5 2.0723000000000003
180.0 2.5 -7.5 12.5 5.3303
180.0 5.0 -7.5 12.5 5.4821
180.0 7.5 -7.5 12.5 3.0922
180.0 -5.0 -5.0 12.5 -9.5718
180.0 -2.5 -5.0 12.5 -5.9687
180.0 0.0 -5.0 12.5 2.234
180.0 2.5 -5.0 12.5 8.8559
180.0 5.0 -5.0 12.5 9.9825
180.0 -5.0 -2.5 12.5 -19.2534
180.0 -2.5 -2.5 12.5 -15.1528
180.0 0.0 -2.5 12.5 -4.3153
180.0 2.5 -2.5 12.5 5.3046
180.0 5.0 -2.5 12.5 7.0143
180.0 -5.0 0.0 12.5 -37.0404
180.0 -2.5 0.0 12.5 -36.2588
180.0 0.0 0.0 12.5 -25.8407
180.0 2.5 0.0 12.5 -14.171100000000001
180.0 -5.0 2.5 12.5 -23.790699999999998
180.0 -2.5 2.5 12.5 -69.2688
180.0 0.0 2.5 12.5 -68.6687
180.0 2.5 2.5 12.5 -43.9736
180.0 -5.0 5.0 12.5 126239.5925
180.0 -2.5 5.0 12.5 174902504.2519
180.0 0.0 5.0 12.5 36.468
180.0 2.5 5.0 12.5 -61.1851
180.0 5.0 5.0 12.5 -26.9186
180.0 7.5 5.0 12.5 -8.3622
180.0 10.0 5.0 12.5 5.0237
180.0 -5.0 -10.0 13.75 -0.3419
180.0 -2.5 -10.0 13.75 -0.6564
180.0 0.0 -10.0 13.75 -0.164
180.0 2.5 -10.0 13.75 0.4475
180.0 5.0 -10.0 13.75 0.6574
180.0 7.5 -10.0 13.75 0.1473
180.0 10.0 -10.0 13.75 0.0
180.0 -5.0 -7.5 13.75 -2.4449
180.0 -2.5 -7.5 13.75 -1.4587999999999999
180.0 0.0 -7.5 13.75 0.6939000000000001
180.0 2.5 -7.5 13.75 2.5079000000000002
180.0 5.0 -7.5 13.75 2.5131
180.0 7.5 -7.5 13.75 1.3128000000000002
180.0 10.0 -7.5 13.75 0.0638
180.0 -5.0 -5.0 13.75 -5.5081999999999995
180.0 -2.5 -5.0 13.75 -3.2697000000000003
180.0 0.0 -5.0 13.75 0.6908000000000001
180.0 2.5 -5.0 13.75 4.1691
180.0 5.0 -5.0 13.75 4.400799999999999
180.0 -5.0 -2.5 13.75 -11.9835
180.0 -2.5 -2.5 13.75 -10.8536
180.0 0.0 -2.5 13.75 -5.011100000000001
180.0 2.5 -2.5 13.75 -0.228
180.0 5.0 -2.5 13.75 1.9289
180.0 -5.0 0.0 13.75 -25.9893
180.0 -2.5 0.0 13.75 -27.8219
180.0 0.0 0.0 13.75 -21.936300000000003
180.0 2.5 0.0 13.75 -14.1781
180.0 -5.0 2.5 13.75 -43.9328
180.0 -2.5 2.5 13.75 -53.7736
180.0 0.0 2.5 13.75 -50.5358
180.0 2.5 2.5 13.75 -34.7953
180.0 5.0 2.5 13.75 -20.091
180.0 -5.0 5.0 13.75 64.2663
180.0 -2.5 5.0 13.75 941.4765
180.0 0.0 5.0 13.75 -68.7598
180.0 2.5 5.0 13.75 -44.6631
180.0 5.0 5.0 13.75 -22.740699999999997
180.0 7.5 5.0 13.75 -6.9872
180.0 10.0 5.0 13.75 2.8932
180.0 -5.0 -10.0 15.0 -0.0212
180.0 -2.5 -10.0 15.0 -0.159
180.0 0.0 -10.0 15.0 -0.13390000000000002
180.0 2.5 -10.0 15.0 0.1133
180.0 5.0 -10.0 15.0 0.079
180.0 7.5 -10.0 15.0 0.0
180.0 10.0 -10.0 15.0 0.0
180.0 -5.0 -7.5 15.0 -0.8762000000000001
180.0 -2.5 -7.5 15.0 -0.6792
180.0 0.0 -7.5 15.0 0.1582
180.0 2.5 -7.5 15.0 0.8234
180.0 5.0 -7.5 15.0 0.8036
180.0 7.5 -7.5 15.0 0.2586
180.0 10.0 -7.5 15.0 0.0
180.0 -5.0 -5.0 15.0 -2.3164000000000002
180.0 -2.5 -5.0 15.0 -1.9372
180.0 0.0 -5.0 15.0 -0.012799999999999999
180.0 2.5 -5.0 15.0 1.1641
180.0 5.0 -5.0 15.0 1.9143
180.0 7.5 -5.0 15.0 0.9115
180.0 10.0 -5.0 15.0 -0.005
180.0 -5.0 -2.5 15.0 -6.8578
180.0 -2.5 -2.5 15.0 -6.7145
180.0 0.0 -2.5 15.0 -5.1853
180.0 2.5 -2.5 15.0 -2.497
180.0 5.0 -2.5 15.0 -0.2874
180.0 10.0 -2.5 15.0 -0.5063
180.0 -5.0 0.0 15.0 -16.7353
180.0 -2.5 0.0 15.0 -20.2767
180.0 0.0 0.0 15.0 -18.0549
180.0 2.5 0.0 15.0 -12.782399999999999
180.0 5.0 0.0 15.0 -7.302300000000001
180.0 -5.0 2.5 15.0 -28.533299999999997
180.0 -2.5 2.5 15.0 -36.9136
180.0 0.0 2.5 15.0 -35.1203
180.0 2.5 2.5 15.0 -26.1322
180.0 5.0 2.5 15.0 -15.8583
180.0 7.5 2.5 15.0 -7.4614
180.0 -5.0 5.0 15.0 -35.8416
180.0 -2.5 5.0 15.0 -47.2134
180.0 0.0 5.0 15.0 -45.68
180.0 2.5 5.0 15.0 -31.214299999999998
180.0 5.0 5.0 15.0 -16.8879
180.0 7.5 5.0 15.0 -6.1246
180.0 10.0 5.0 15.0 0.9986
180.0 -5.0 -10.0 16.25 0.0025
180.0 -2.5 -10.0 16.25 -0.0011
180.0 0.0 -10.0 16.25 -0.01
180.0 2.5 -10.0 16.25 -0.0011
180.0 5.0 -10.0 16.25 0.0
180.0 7.5 -10.0 16.25 0.0
180.0 10.0 -10.0 16.25 0.0
180.0 -5.0 -7.5 16.25 -0.1539
180.0 -2.5 -7.5 16.25 -0.4009
180.0 0.0 -7.5 16.25 -0.2934
180.0 2.5 -7.5 16.25 -0.0273
180.0 5.0 -7.5 16.25 0.042699999999999995
180.0 7.5 -7.5 16.25 0.0
180.0 10.0 -7.5 16.25 0.0
180.0 -5.0 -5.0 16.25 -1.0792000000000002
180.0 -2.5 -5.0 16.25 -1.1814
180.0 0.0 -5.0 16.25 -0.8417
180.0 2.5 -5.0 16.25 0.3401
180.0 5.0 -5.0 16.25 0.4603
180.0 7.5 -5.0 16.25 -0.0687
180.0 10.0 -5.0 16.25 0.0
180.0 -5.0 -2.5 16.25 -3.2462
180.0 -2.5 -2.5 16.25 -4.5969999999999995
180.0 0.0 -2.5 16.25 -3.8884000000000003
180.0 2.5 -2.5 16.25 -2.2525999999999997
180.0 5.0 -2.5 16.25 -0.3969
180.0 7.5 -2.5 16.25 -0.352
180.0 10.0 -2.5 16.25 -0.0587
180.0 -5.0 0.0 16.25 -9.9988
180.0 -2.5 0.0 16.25 -13.460099999999999
180.0 0.0 0.0 16.25 -12.7326
180.0 2.5 0.0 16.25 -9.422600000000001
180.0 5.0 0.0 16.25 -5.0596
180.0 7.5 0.0 16.25 -2.1528
180.0 -5.0 2.5 16.25 -18.0395
180.0 -2.5 2.5 16.25 -24.0077
180.0 0.0 2.5 16.25 -23.4549
180.0 2.5 2.5 16.25 -17.5093
180.0 5.0 2.5 16.25 -10.868300000000001
180.0 7.5 2.5 16.25 -4.571
180.0 -5.0 5.0 16.25 -23.180699999999998
180.0 -2.5 5.0 16.25 -31.6316
180.0 0.0 5.0 16.25 -28.9335
180.0 2.5 5.0 16.25 -20.6667
180.0 5.0 5.0 16.25 -12.0048
180.0 7.5 5.0 16.25 -3.913
180.0 10.0 5.0 16.25 -0.3222
240.0 -5.0 -10.0 3.75 6.2711
240.0 -2.5 -10.0 3.75 1.0775
240.0 0.0 -10.0 3.75 -14.3561
240.0 2.5 -10.0 3.75 -41.086600000000004
240.0 5.0 -10.0 3.75 -58.390100000000004
240.0 7.5 -10.0 3.75 -45.504200000000004
240.0 10.0 -10.0 3.75 -25.8539
240.0 -5.0 -7.5 3.75 11.0248
240.0 -2.5 -7.5 3.75 -4.677300000000001
240.0 0.0 -7.5 3.75 686.5951
240.0 2.5 -7.5 3.75 36.714299999999994
240.0 5.0 -7.5 3.75 9995.1017
240.0 7.5 -7.5 3.75 614.0962999999999
240.0 10.0 -7.5 3.75 -39.5356
240.0 -5.0 -5.0 3.75 56.0835
240.0 -2.5 -5.0 3.75 -7.927999999999999
240.0 0.0 -5.0 3.75 200357.03699999998
240.0 2.5 -5.0 3.75 2192265.1336000003
240.0 5.0 -5.0 3.75 840115.7886000001
240.0 7.5 -5.0 3.75 1217044.153
240.0 10.0 -5.0 3.75 -32.7226
240.0 -5.0 -2.5 3.75 3227859304.9308996
240.0 -2.5 -2.5 3.75 77487560.1506
240.0 0.0 -2.5 3.75 9999999862.828201
240.0 2.5 -2.5 3.75 243368248.8051
240.0 5.0 -2.5 3.75 3080643029.6743
240.0 7.5 -2.5 3.75 1669924.5384
240.0 10.0 -2.5 3.75 10.5227
240.0 -5.0 0.0 3.75 9999999966.691801
240.0 -2.5 0.0 3.75 10000000011.2205
240.0 0.0 0.0 3.75 54961903.301800005
240.0 2.5 0.0 3.75 10000000102.336102
240.0 5.0 0.0 3.75 10000000051.0974
240.0 7.5 0.0 3.75 618888607.0169001
240.0 10.0 0.0 3.75 73.75150000000001
240.0 -5.0 2.5 3.75 10000000202.1126
240.0 -2.5 2.5 3.75 9999999930.281502
240.0 0.0 2.5 3.75 1281766875.606
240.0 2.5 2.5 3.75 10000000046.1898
240.0 5.0 2.5 3.75 10000000127.7612
240.0 7.5 2.5 3.75 3589183410.4147
240.0 10.0 2.5 3.75 94.4774
240.0 -5.0 5.0 3.75 8557873495.6561
240.0 -2.5 5.0 3.75 10000000080.6182
240.0 0.0 5.0 3.75 10000000046.291801
240.0 2.5 5.0 3.75 10000000253.200901
240.0 5.0 5.0 3.75 10000000312.513601
240.0 7.5 5.0 3.75 5071.968
240.0 10.0 5.0 3.75 29.481
240.0 0.0 0.0 5.0 9999999979.293201
240.0 -2.5 2.5 5.0 10000000192.513102
240.0 -2.5 5.0 5.0 9999999824.0718
240.0 0.0 0.0 6.25 9999999974.5189
240.0 -2.5 2.5 6.25 9999999822.322401
240.0 0.0 2.5 6.25 9999999943.1296
240.0 -5.0 5.0 6.25 10000000176.8101
240.0 -2.5 5.0 6.25 10000000081.462502
240.0 2.5 -10.0 7.5 -24.243199999999998
240.0 -2.5 -7.5 7.5 -3.6112
240.0 0.0 -5.0 7.5 -36.0582
240.0 0.0 0.0 7.5 2547039.6983000003
240.0 -2.5 2.5 7.5 10000000081.6114
240.0 0.0 2.5 7.5 9999999969.991701
240.0 -5.0 5.0 7.5 10000000185.476301
240.0 -2.5 5.0 7.5 9999999755.381
240.0 0.0 5.0 7.5 10000000226.597301
240.0 0.0 -10.0 8.75 -8.4858
240.0 2.5 -10.0 8.75 -17.1362
240.0 5.0 -10.0 8.75 -20.4543
240.0 -2.5 -7.5 8.75 -3.4327
240.0 0.0 -7.5 8.75 -19.0982
240.0 2.5 -7.5 8.75 -32.2933
240.0 -2.5 -5.0 8.75 -9.967600000000001
240.0 0.0 -5.0 8.75 -32.0988
240.0 0.0 -2.5 8.75 42.7478
240.0 2.5 -2.5 8.75 -52.1844
240.0 -2.5 0.0 8.75 124511464.9415
240.0 0.0 0.0 8.75 174353.03519999998
240.0 -2.5 2.5 8.75 10000000047.4293
240.0 0.0 2.5 8.75 9999999988.5543
240.0 2.5 2.5 8.75 239261678.5165
240.0 -5.0 5.0 8.75 10000000234.0072
240.0 -2.5 5.0 8.75 9999999917.7464
240.0 0.0 5.0 8.75 54336151.139
240.0 0.0 -10.0 10.0 -5.2709
240.0 2.5 -10.0 10.0 -11.09
240.0 5.0 -10.0 10.0 -12.993
240.0 -2.5 -7.5 10.0 -3.0932000000000004
240.0 0.0 -7.5 10.0 -14.5534
240.0 2.5 -7.5 10.0 -23.1417
240.0 -2.5 -5.0 10.0 -11.8485
240.0 0.0 -5.0 10.0 -29.2665
240.0 -5.0 -2.5 10.0 6.583
240.0 -2.5 -2.5 10.0 -33.9708
240.0 0.0 -2.5 10.0 -60.7592
240.0 2.5 -2.5 10.0 -51.443299999999994
240.0 -2.5 0.0 10.0 214613.9151
240.0 0.0 0.0 10.0 110848.318
240.0 2.5 0.0 10.0 121271.60029999999
240.0 -5.0 2.5 10.0 189598.2452
240.0 -2.5 2.5 10.0 124667528.9876
240.0 0.0 2.5 10.0 9999999925.602402
240.0 2.5 2.5 10.0 20016223.4207
240.0 -5.0 5.0 10.0 9999999974.635601
240.0 -2.5 5.0 10.0 6962921774.6381
240.0 0.0 5.0 10.0 620293977.5764
240.0 2.5 5.0 10.0 35646.6338
240.0 7.5 5.0 10.0 6.229499999999999
240.0 -2.5 -10.0 11.25 0.0728
240.0 0.0 -10.0 11.25 -3.1178999999999997
240.0 2.5 -10.0 11.25 -6.1675
240.0 5.0 -10.0 11.25 -7.074199999999999
240.0 7.5 -10.0 11.25 -5.4201
240.0 10.0 -10.0 11.25 -2.2988
240.0 -5.0 -7.5 11.25 1.9851
240.0 -2.5 -7.5 11.25 -2.9198000000000004
240.0 0.0 -7.5 11.25 -10.330200000000001
240.0 2.5 -7.5 11.25 -15.4442
240.0 -2.5 -5.0 11.25 -12.7581
240.0 0.0 -5.0 11.25 -25.7697
240.0 2.5 -5.0 11.25 -28.234
240.0 -5.0 -2.5 11.25 -0.7866000000000004
240.0 -2.5 -2.5 11.25 -33.614
240.0 0.0 -2.5 11.25 -54.3464
240.0 2.5 -2.5 11.25 -44.9511
240.0 -5.0 0.0 11.25 144.5601
240.0 -2.5 0.0 11.25 16980.477700000003
240.0 0.0 0.0 11.25 229.0969
240.0 2.5 0.0 11.25 1433.3546999999999
240.0 -2.5 2.5 11.25 983521.3191
240.0 0.0 2.5 11.25 1507164.8143
240.0 2.5 2.5 11.25 33779.3595
240.0 5.0 2.5 11.25 -13.7975
240.0 7.5 2.5 11.25 11.9094
240.0 -5.0 5.0 11.25 1203633482.8167
240.0 -2.5 5.0 11.25 890329819.7403
240.0 0.0 5.0 11.25 9999999957.2476
240.0 2.5 5.0 11.25 99798871.7043
240.0 7.5 5.0 11.25 3.5173999999999994
240.0 -2.5 -10.0 12.5 0.3492
240.0 0.0 -10.0 12.5 -1.3014999999999999
240.0 2.5 -10.0 12.5 -2.6897
240.0 5.0 -10.0 12.5 -3.2356000000000003
240.0 7.5 -10.0 12.5 -2.2954999999999997
240.0 10.0 -10.0 12.5 -0.7757
240.0 -5.0 -7.5 12.5 0.7342
240.0 -2.5 -7.5 12.5 -2.474
240.0 0.0 -7.5 12.5 -7.1947
240.0 2.5 -7.5 12.5 -9.719999999999999
240.0 5.0 -7.5 12.5 -8.310599999999999
240.0 -5.0 -5.0 12.5 -1.4257
240.0 -2.5 -5.0 12.5 -12.1424
240.0 0.0 -5.0 12.5 -21.0156
240.0 2.5 -5.0 12.5 -21.4446
240.0 5.0 -5.0 12.5 -14.5575
240.0 -5.0 -2.5 12.5 -5.3105
240.0 -2.5 -2.5 12.5 -30.1339
240.0 0.0 -2.5 12.5 -44.9455
240.0 2.5 -2.5 12.5 -36.999
240.0 -5.0 0.0 12.5 -13.9028
240.0 -2.5 0.0 12.5 -58.935199999999995
240.0 0.0 0.0 12.5 -86.129
240.0 2.5 0.0 12.5 -55.3366
240.0 5.0 0.0 12.5 -20.0698
240.0 -5.0 2.5 12.5 -3.896799999999999
240.0 -2.5 2.5 12.5 161.45010000000002
240.0 0.0 2.5 12.5 10634.995499999999
240.0 2.5 2.5 12.5 -61.3585
240.0 5.0 2.5 12.5 -17.008399999999998
240.0 7.5 2.5 12.5 4.389
240.0 -5.0 5.0 12.5 9999999909.2031
240.0 -2.5 5.0 12.5 9999999973.632
240.0 0.0 5.0 12.5 9999999877.220402
240.0 2.5 5.0 12.5 127.65560000000002
240.0 5.0 5.0 12.5 -12.025
240.0 7.5 5.0 12.5 0.6054
240.0 -2.5 -10.0 13.75 0.11120000000000001
240.0 0.0 -10.0 13.75 -0.26439999999999997
240.0 2.5 -10.0 13.75 -0.8785
240.0 5.0 -10.0 13.75 -1.1132
240.0 7.5 -10.0 13.75 -0.6117
240.0 10.0 -10.0 13.75 -0.1646
240.0 -5.0 -7.5 13.75 -0.057499999999999996
240.0 -2.5 -7.5 13.75 -1.9927
240.0 0.0 -7.5 13.75 -4.4259
240.0 2.5 -7.5 13.75 -5.2725
240.0 5.0 -7.5 13.75 -3.8909000000000002
240.0 7.5 -7.5 13.75 -2.1127
240.0 10.0 -7.5 13.75 -0.7504
240.0 -5.0 -5.0 13.75 -3.0370999999999997
240.0 -2.5 -5.0 13.75 -10.6183
240.0 0.0 -5.0 13.75 -16.2299
240.0 2.5 -5.0 13.75 -15.3413
240.0 5.0 -5.0 13.75 -9.087900000000001
240.0 -5.0 -2.5 13.75 -8.0337
240.0 -2.5 -2.5 13.75 -25.4972
240.0 0.0 -2.5 13.75 -35.3348
240.0 2.5 -2.5 13.75 -28.8827
240.0 -5.0 0.0 13.75 -15.866999999999999
240.0 -2.5 0.0 13.75 -45.1426
240.0 0.0 0.0 13.75 -58.577
240.0 2.5 0.0 13.75 -41.8515
240.0 5.0 0.0 13.75 -17.3528
240.0 -5.0 2.5 13.75 -32.8579
240.0 -2.5 2.5 13.75 -66.4083
240.0 0.0 2.5 13.75 -72.1808
240.0 2.5 2.5 13.75 -46.4069
240.0 5.0 2.5 13.75 -16.118
240.0 7.5 2.5 13.75 0.26130000000000003
240.0 10.0 2.5 13.75 4.8102
240.0 -5.0 5.0 13.75 294968.58369999996
240.0 -2.5 5.0 13.75 133376352.101
240.0 0.0 5.0 13.75 1604.5218
240.0 2.5 5.0 13.75 -36.4986
240.0 5.0 5.0 13.75 -11.8425
240.0 7.5 5.0 13.75 -0.7732
240.0 10.0 5.0 13.75 2.2662999999999998
240.0 -5.0 -10.0 15.0 0.0645
240.0 -2.5 -10.0 15.0 -0.0548
240.0 0.0 -10.0 15.0 -0.060500000000000005
240.0 2.5 -10.0 15.0 -0.0294
240.0 5.0 -10.0 15.0 -0.1159
240.0 7.5 -10.0 15.0 -0.0664
240.0 10.0 -10.0 15.0 -0.0112
240.0 -5.0 -7.5 15.0 -0.2717
240.0 -2.5 -7.5 15.0 -1.333
240.0 0.0 -7.5 15.0 -2.4379
240.0 2.5 -7.5 15.0 -2.5065
240.0 5.0 -7.5 15.0 -1.7502
240.0 7.5 -7.5 15.0 -0.9546
240.0 10.0 -7.5 15.0 -0.26099999999999995
240.0 -5.0 -5.0 15.0 -3.4386
240.0 -2.5 -5.0 15.0 -8.085099999999999
240.0 0.0 -5.0 15.0 -10.8014
240.0 2.5 -5.0 15.0 -9.663
240.0 5.0 -5.0 15.0 -5.4112
240.0 10.0 -5.0 15.0 -0.6028
240.0 -5.0 -2.5 15.0 -8.5924
240.0 -2.5 -2.5 15.0 -19.639499999999998
240.0 0.0 -2.5 15.0 -25.385399999999997
240.0 2.5 -2.5 15.0 -20.5865
240.0 5.0 -2.5 15.0 -10.780100000000001
240.0 7.5 -2.5 15.0 -2.3786
240.0 -5.0 0.0 15.0 -14.896700000000001
240.0 -2.5 0.0 15.0 -33.0807
240.0 0.0 0.0 15.0 -39.9871
240.0 2.5 0.0 15.0 -30.139499999999998
240.0 5.0 0.0 15.0 -14.3112
240.0 7.5 0.0 15.0 -2.5298999999999996
240.0 -5.0 2.5 15.0 -25.1402
240.0 -2.5 2.5 15.0 -46.0334
240.0 0.0 2.5 15.0 -48.1605
240.0 2.5 2.5 15.0 -31.9561
240.0 5.0 2.5 15.0 -13.5226
240.0 7.5 2.5 15.0 -1.885
240.0 10.0 2.5 15.0 2.2071
240.0 -5.0 5.0 15.0 172.7568
240.0 -2.5 5.0 15.0 1404.7892
240.0 0.0 5.0 15.0 -39.4879
240.0 2.5 5.0 15.0 -25.2701
240.0 5.0 5.0 15.0 -9.8368
240.0 7.5 5.0 15.0 -1.3991
240.0 10.0 5.0 15.0 1.1871
240.0 -5.0 -10.0 16.25 0.0
240.0 -2.5 -10.0 16.25 0.0004
240.0 0.0 -10.0 16.25 -0.0063
240.0 2.5 -10.0 16.25 -0.0083
240.0 5.0 -10.0 16.25 0.0
240.0 7.5 -10.0 16.25 0.0
240.0 10.0 -10.0 16.25 0.0
240.0 -5.0 -7.5 16.25 -0.2139
240.0 -2.5 -7.5 16.25 -0.7767000000000001
240.0 0.0 -7.5 16.25 -1.1288
240.0 2.5 -7.5 16.25 -0.9442999999999999
240.0 5.0 -7.5 16.25 -0.5292
240.0 7.5 -7.5 16.25 -0.16829999999999998
240.0 10.0 -7.5 16.25 -0.0094
240.0 -5.0 -5.0 16.25 -2.2142
240.0 -2.5 -5.0 16.25 -5.0872
240.0 0.0 -5.0 16.25 -6.3905
240.0 2.5 -5.0 16.25 -5.4824
240.0 5.0 -5.0 16.25 -3.1867
240.0 7.5 -5.0 16.25 -1.1794
240.0 10.0 -5.0 16.25 -0.2329
240.0 -5.0 -2.5 16.25 -7.226
240.0 -2.5 -2.5 16.25 -14.052399999999999
240.0 0.0 -2.5 16.25 -16.6614
240.0 2.5 -2.5 16.25 -13.370000000000001
240.0 5.0 -2.5 16.25 -6.5336
240.0 7.5 -2.5 16.25 -1.8102
240.0 10.0 -2.5 16.25 -0.4592
240.0 -5.0 0.0 16.25 -12.3897
240.0 -2.5 0.0 16.25 -23.3503
240.0 0.0 0.0 16.25 -26.18
240.0 2.5 0.0 16.25 -20.1748
240.0 5.0 0.0 16.25 -9.664000000000001
240.0 7.5 0.0 16.25 -1.9029
240.0 -5.0 2.5 16.25 -16.8293
240.0 -2.5 2.5 16.25 -30.4854
240.0 0.0 2.5 16.25 -30.2834
240.0 2.5 2.5 16.25 -21.3265
240.0 5.0 2.5 16.25 -9.631
240.0 7.5 2.5 16.25 -1.5146
240.0 10.0 2.5 16.25 0.7554
240.0 -5.0 5.0 16.25 -20.6992
240.0 -2.5 5.0 16.25 -30.648400000000002
240.0 0.0 5.0 16.25 -26.1785
240.0 2.5 5.0 16.25 -16.3566
240.0 5.0 5.0 16.25 -6.3647
240.0 7.5 5.0 16.25 -0.5355
240.0 10.0 5.0 16.25 0.5186999999999999
300.0 -5.0 -10.0 3.75 3.4353
300.0 -2.5 -10.0 3.75 9.764899999999999
300.0 0.0 -10.0 3.75 13.0182
300.0 2.5 -10.0 3.75 6.0988
300.0 5.0 -10.0 3.75 -0.6579999999999999
300.0 7.5 -10.0 3.75 -2.7742
300.0 10.0 -10.0 3.75 -3.6391
300.0 -5.0 -7.5 3.75 101.9157
300.0 -2.5 -7.5 3.75 1539.6566
300.0 0.0 -7.5 3.75 581.0758
300.0 2.5 -7.5 3.75 81413.769
300.0 5.0 -7.5 3.75 -14.3939
300.0 7.5 -7.5 3.75 -12.902899999999999
300.0 10.0 -7.5 3.75 -12.4474
300.0 -5.0 -5.0 3.75 609043.4307
300.0 -2.5 -5.0 3.75 266679622.0997
300.0 0.0 -5.0 3.75 933203486.9606
300.0 2.5 -5.0 3.75 379534064.7589
300.0 5.0 -5.0 3.75 186.47129999999999
300.0 7.5 -5.0 3.75 -34.7408
300.0 10.0 -5.0 3.75 -35.8519
300.0 -5.0 -2.5 3.75 6234453.8349
300.0 -2.5 -2.5 3.75 10000000027.095001
300.0 0.0 -2.5 3.75 5145267994.3709
300.0 2.5 -2.5 3.75 2476860.1252
300.0 5.0 -2.5 3.75 13253.794800000001
300.0 7.5 -2.5 3.75 -55.7416
300.0 10.0 -2.5 3.75 -80.8957
300.0 -5.0 0.0 3.75 10000000253.164701
300.0 -2.5 0.0 3.75 2619715808.6406
300.0 0.0 0.0 3.75 10000000060.308102
300.0 2.5 0.0 3.75 4068211666.7149997
300.0 5.0 0.0 3.75 488144.21550000005
300.0 7.5 0.0 3.75 784.2647
300.0 10.0 0.0 3.75 42898.2066
300.0 -5.0 2.5 3.75 9999999967.4218
300.0 -2.5 2.5 3.75 7216249368.585899
300.0 0.0 2.5 3.75 10000000436.7208
300.0 2.5 2.5 3.75 2801650939.8645
300.0 5.0 2.5 3.75 10000000081.5422
300.0 7.5 2.5 3.75 205009144.47529998
300.0 10.0 2.5 3.75 17018069.0954
300.0 -5.0 5.0 3.75 9999999946.103102
300.0 -2.5 5.0 3.75 2129818282.5635
300.0 0.0 5.0 3.75 9999999926.5168
300.0 2.5 5.0 3.75 6828764353.9258
300.0 5.0 5.0 3.75 10000000052.5995
300.0 7.5 5.0 3.75 10000000126.736301
300.0 10.0 5.0 3.75 157409970.368
300.0 -2.5 -2.5 6.25 10000000027.584702
300.0 0.0 -2.5 6.25 19175242.641799998
300.0 2.5 -2.5 6.25 121142510.21589999
300.0 2.5 -5.0 7.5 83.5017
300.0 -2.5 -2.5 7.5 152717435.417
300.0 0.0 -2.5 7.5 10225.7652
300.0 0.0 0.0 7.5 206120629.9822
300.0 0.0 2.5 7.5 2796823495.0896
300.0 5.0 -10.0 8.75 -1.6758000000000002
300.0 2.5 -7.5 8.75 -6.1747
300.0 5.0 -7.5 8.75 -11.0129
300.0 0.0 -5.0 8.75 -14.7501
300.0 2.5 -5.0 8.75 -35.9725
300.0 5.0 -5.0 8.75 -35.2421
300.0 -5.0 -2.5 8.75 119.0547
300.0 -2.5 -2.5 8.75 1512007.0226
300.0 0.0 -2.5 8.75 -20.760000000000005
300.0 2.5 -2.5 8.75 995.1391
300.0 -5.0 0.0 8.75 24303233.047799997
300.0 0.0 0.0 8.75 321716813.37780005
300.0 0.0 2.5 8.75 9999999919.940601
300.0 0.0 5.0 8.75 6555660369.76
300.0 0.0 -10.0 10.0 3.1389
300.0 2.5 -10.0 10.0 -0.2139
300.0 5.0 -10.0 10.0 -2.4306
300.0 7.5 -10.0 10.0 -2.2336
300.0 10.0 -10.0 10.0 -0.7636
300.0 2.5 -7.5 10.0 -10.1237
300.0 5.0 -7.5 10.0 -11.967699999999999
300.0 -5.0 -5.0 10.0 5.5868
300.0 0.0 -5.0 10.0 -24.4099
300.0 2.5 -5.0 10.0 -40.7095
300.0 5.0 -5.0 10.0 -34.536
300.0 -5.0 -2.5 10.0 0.6589999999999998
300.0 -2.5 -2.5 10.0 103.9825
300.0 0.0 -2.5 10.0 -57.707899999999995
300.0 2.5 -2.5 10.0 4468.7033
300.0 -5.0 0.0 10.0 45249.9498
300.0 -2.5 0.0 10.0 62880471.272300005
300.0 0.0 0.0 10.0 995620.8254000001
300.0 2.5 0.0 10.0 3101769.165
300.0 0.0 2.5 10.0 9999999751.2191
300.0 0.0 5.0 10.0 802046817.8181
300.0 2.5 5.0 10.0 141104504.2199
300.0 0.0 -10.0 11.25 1.1545
300.0 2.5 -10.0 11.25 -1.5319
300.0 5.0 -10.0 11.25 -2.6292
300.0 7.5 -10.0 11.25 -1.7148999999999999
300.0 10.0 -10.0 11.25 -0.2047
300.0 -2.5 -7.5 11.25 0.23339999999999994
300.0 0.0 -7.5 11.25 -6.611599999999999
300.0 2.5 -7.5 11.25 -11.686
300.0 5.0 -7.5 11.25 -11.758
300.0 7.5 -7.5 11.25 -7.0773
300.0 -5.0 -5.0 11.25 2.3739
300.0 -2.5 -5.0 11.25 -7.7191
300.0 0.0 -5.0 11.25 -27.4901
300.0 2.5 -5.0 11.25 -39.436299999999996
300.0 5.0 -5.0 11.25 -32.1565
300.0 -5.0 -2.5 11.25 -2.0171
300.0 -2.5 -2.5 11.25 -14.972800000000001
300.0 0.0 -2.5 11.25 -70.7909
300.0 2.5 -2.5 11.25 -49.7346
300.0 -5.0 0.0 11.25 89.80730000000001
300.0 -2.5 0.0 11.25 8617.2733
300.0 0.0 0.0 11.25 228.4896
300.0 2.5 0.0 11.25 1675.9278
300.0 -5.0 2.5 11.25 25888812.9902
300.0 -2.5 2.5 11.25 29307.9655
300.0 0.0 2.5 11.25 2981979167.2669997
300.0 2.5 2.5 11.25 4764.6077000000005
300.0 5.0 2.5 11.25 11903.025099999999
300.0 0.0 5.0 11.25 3179838726.198
300.0 2.5 5.0 11.25 101578900.3022
300.0 5.0 5.0 11.25 -8.3997
300.0 7.5 5.0 11.25 -3.0317
300.0 -2.5 -10.0 12.5 1.0565
300.0 0.0 -10.0 12.5 -0.19190000000000002
300.0 2.5 -10.0 12.5 -2.0393999999999997
300.0 5.0 -10.0 12.5 -2.4049
300.0 7.5 -10.0 12.5 -1.0544
300.0 10.0 -10.0 12.5 -0.11800000000000001
300.0 -2.5 -7.5 12.5 -2.1438
300.0 0.0 -7.5 12.5 -7.624099999999999
300.0 2.5 -7.5 12.5 -11.4199
300.0 5.0 -7.5 12.5 -10.1661
300.0 7.5 -7.5 12.5 -5.5562000000000005
300.0 -5.0 -5.0 12.5 -0.04400000000000004
300.0 -2.5 -5.0 12.5 -10.007
300.0 0.0 -5.0 12.5 -25.591099999999997
300.0 2.5 -5.0 12.5 -33.7855
300.0 5.0 -5.0 12.5 -26.8394
300.0 -5.0 -2.5 12.5 -3.3533999999999997
300.0 -2.5 -2.5 12.5 -22.671000000000003
300.0 0.0 -2.5 12.5 -56.5859
300.0 2.5 -2.5 12.5 -74.42970000000001
300.0 5.0 -2.5 12.5 -51.670700000000004
300.0 -5.0 0.0 12.5 -0.47219999999999995
300.0 -2.5 0.0 12.5 -37.073100000000004
300.0 0.0 0.0 12.5 -74.94590000000001
300.0 2.5 0.0 12.5 -101.05969999999999
300.0 5.0 0.0 12.5 -65.78059999999999
300.0 7.5 0.0 12.5 -35.031499999999994
300.0 -5.0 2.5 12.5 10336.6693
300.0 -2.5 2.5 12.5 1031.723
300.0 0.0 2.5 12.5 64989.837700000004
300.0 2.5 2.5 12.5 -16.4159
300.0 5.0 2.5 12.5 -45.285799999999995
300.0 7.5 2.5 12.5 -25.445
300.0 -5.0 5.0 12.5 10000000074.6315
300.0 -2.5 5.0 12.5 129381410.8754
300.0 0.0 5.0 12.5 962392331.5688
300.0 2.5 5.0 12.5 2258.5614
300.0 5.0 5.0 12.5 -11.6907
300.0 7.5 5.0 12.5 -4.8532
300.0 -2.5 -10.0 13.75 0.033299999999999996
300.0 0.0 -10.0 13.75 -1.033
300.0 2.5 -10.0 13.75 -2.0631999999999997
300.0 5.0 -10.0 13.75 -1.7801
300.0 7.5 -10.0 13.75 -0.6006
300.0 10.0 -10.0 13.75 -0.0363
300.0 -5.0 -7.5 13.75 0.2095
300.0 -2.5 -7.5 13.75 -3.0714
300.0 0.0 -7.5 13.75 -7.5139000000000005
300.0 2.5 -7.5 13.75 -9.7534
300.0 5.0 -7.5 13.75 -8.3876
300.0 7.5 -7.5 13.75 -4.1487
300.0 -5.0 -5.0 13.75 -1.5707
300.0 -2.5 -5.0 13.75 -10.3533
300.0 0.0 -5.0 13.75 -21.585
300.0 2.5 -5.0 13.75 -26.538
300.0 5.0 -5.0 13.75 -21.3798
300.0 -5.0 -2.5 13.75 -3.575
300.0 -2.5 -2.5 13.75 -20.6472
300.0 0.0 -2.5 13.75 -42.8278
300.0 2.5 -2.5 13.75 -51.9757
300.0 5.0 -2.5 13.75 -39.1401
300.0 7.5 -2.5 13.75 -21.551299999999998
300.0 -5.0 0.0 13.75 -0.26069999999999993
300.0 -2.5 0.0 13.75 -32.0526
300.0 0.0 0.0 13.75 -63.3927
300.0 2.5 0.0 13.75 -68.80560000000001
300.0 5.0 0.0 13.75 -48.9206
300.0 7.5 0.0 13.75 -27.3331
300.0 -5.0 2.5 13.75 642.8115
300.0 -2.5 2.5 13.75 851.2473
300.0 0.0 2.5 13.75 -51.3185
300.0 2.5 2.5 13.75 -52.5528
300.0 5.0 2.5 13.75 -36.6647
300.0 7.5 2.5 13.75 -20.993299999999998
300.0 10.0 2.5 13.75 -10.456199999999999
300.0 -5.0 5.0 13.75 91060966.454
300.0 -2.5 5.0 13.75 27190.912099999998
300.0 0.0 5.0 13.75 315590.70139999996
300.0 2.5 5.0 13.75 3.3414
300.0 5.0 5.0 13.75 -11.729399999999998
300.0 7.5 5.0 13.75 -5.901
300.0 10.0 5.0 13.75 -3.2571
300.0 -2.5 -10.0 15.0 -0.272
300.0 0.0 -10.0 15.0 -1.1606
300.0 2.5 -10.0 15.0 -1.6462
300.0 5.0 -10.0 15.0 -1.1574
300.0 7.5 -10.0 15.0 -0.2864
300.0 10.0 -10.0 15.0 0.0
300.0 -5.0 -7.5 15.0 0.2934
300.0 -2.5 -7.5 15.0 -2.7653000000000003
300.0 0.0 -7.5 15.0 -6.1663
300.0 2.5 -7.5 15.0 -7.8845
300.0 5.0 -7.5 15.0 -6.1690000000000005
300.0 7.5 -7.5 15.0 -2.3236
300.0 10.0 -7.5 15.0 -0.2969
300.0 -5.0 -5.0 15.0 -1.0856000000000001
300.0 -2.5 -5.0 15.0 -9.091
300.0 0.0 -5.0 15.0 -17.3002
300.0 2.5 -5.0 15.0 -20.2087
300.0 5.0 -5.0 15.0 -15.6393
300.0 7.5 -5.0 15.0 -7.5429
300.0 -5.0 -2.5 15.0 -2.8775000000000004
300.0 -2.5 -2.5 15.0 -16.889
300.0 0.0 -2.5 15.0 -31.395999999999997
300.0 2.5 -2.5 15.0 -36.0469
300.0 5.0 -2.5 15.0 -27.259600000000002
300.0 7.5 -2.5 15.0 -14.506599999999999
300.0 10.0 -2.5 15.0 -4.2389
300.0 -5.0 0.0 15.0 -0.6804999999999999
300.0 -2.5 0.0 15.0 -23.9451
300.0 0.0 0.0 15.0 -43.591
300.0 2.5 0.0 15.0 -46.197700000000005
300.0 5.0 0.0 15.0 -34.3992
300.0 7.5 0.0 15.0 -18.8585
300.0 10.0 0.0 15.0 -7.4287
300.0 -5.0 2.5 15.0 14.3268
300.0 -2.5 2.5 15.0 -20.751399999999997
300.0 0.0 2.5 15.0 -44.7065
300.0 2.5 2.5 15.0 -37.8432
300.0 5.0 2.5 15.0 -27.460800000000003
300.0 7.5 2.5 15.0 -15.6771
300.0 10.0 2.5 15.0 -6.8197
300.0 -5.0 5.0 15.0 74707.9069
300.0 -2.5 5.0 15.0 49.9869
300.0 0.0 5.0 15.0 336.3687
300.0 2.5 5.0 15.0 -15.2623
300.0 5.0 5.0 15.0 -10.6719
300.0 7.5 5.0 15.0 -6.1552
300.0 10.0 5.0 15.0 -3.2192
300.0 -5.0 -10.0 16.25 0.1087
300.0 -2.5 -10.0 16.25 0.0097
300.0 0.0 -10.0 16.25 -0.5699
300.0 2.5 -10.0 16.25 -0.8099
300.0 5.0 -10.0 16.25 -0.4226
300.0 7.5 -10.0 16.25 -0.0145
300.0 10.0 -10.0 16.25 0.0
300.0 -5.0 -7.5 16.25 0.4204
300.0 -2.5 -7.5 16.25 -1.5377
300.0 0.0 -7.5 16.25 -4.2581
300.0 2.5 -7.5 16.25 -5.1027000000000005
300.0 5.0 -7.5 16.25 -3.4521
300.0 7.5 -7.5 16.25 -1.2499
300.0 10.0 -7.5 16.25 -0.0458
300.0 -5.0 -5.0 16.25 -0.4662
300.0 -2.5 -5.0 16.25 -6.3125
300.0 0.0 -5.0 16.25 -12.3996
300.0 2.5 -5.0 16.25 -14.1323
300.0 5.0 -5.0 16.25 -10.1568
300.0 7.5 -5.0 16.25 -4.485399999999999
300.0 10.0 -5.0 16.25 -0.8853000000000001
300.0 -5.0 -2.5 16.25 -1.4548
300.0 -2.5 -2.5 16.25 -11.9889
300.0 0.0 -2.5 16.25 -22.050700000000003
300.0 2.5 -2.5 16.25 -23.5939
300.0 5.0 -2.5 16.25 -18.0905
300.0 7.5 -2.5 16.25 -8.6317
300.0 10.0 -2.5 16.25 -2.0401
300.0 -5.0 0.0 16.25 0.3648
300.0 -2.5 0.0 16.25 -16.1284
300.0 0.0 0.0 16.25 -28.8228
300.0 2.5 0.0 16.25 -30.3667
300.0 5.0 0.0 16.25 -22.0593
300.0 7.5 0.0 16.25 -11.7865
300.0 10.0 0.0 16.25 -3.5778999999999996
300.0 -5.0 2.5 16.25 7.4567000000000005
300.0 -2.5 2.5 16.25 -17.8352
300.0 0.0 2.5 16.25 -28.7742
300.0 2.5 2.5 16.25 -25.6444
300.0 5.0 2.5 16.25 -18.652
300.0 7.5 2.5 16.25 -10.120800000000001
300.0 10.0 2.5 16.25 -4.044300000000001
300.0 -5.0 5.0 16.25 121.0895
300.0 -2.5 5.0 16.25 -7.3799
300.0 0.0 5.0 16.25 -14.4947
300.0 2.5 5.0 16.25 -12.0593
300.0 5.0 5.0 16.25 -8.3434
300.0 7.5 5.0 16.25 -4.322900000000001
300.0 10.0 5.0 16.25 -2.0292
