0.0 0.0 2.5 5.0 10000000047.5095
0.0 2.5 2.5 5.0 10000000031.938702
0.0 0.0 5.0 5.0 9999999972.8533
0.0 2.5 0.0 6.25 10000000066.600101
0.0 0.0 2.5 6.25 7018258036.8146
0.0 0.0 5.0 6.25 10000000077.633902
0.0 0.0 0.0 7.5 9999999683.039202
0.0 2.5 0.0 7.5 2974672321.3605003
0.0 0.0 2.5 7.5 4180916449.0348
0.0 0.0 5.0 7.5 388510411.98319995
0.0 0.0 -5.0 8.75 1242870689.9246
0.0 5.0 -5.0 8.75 824176017.9599
0.0 -2.5 -2.5 8.75 9999999924.5988
0.0 0.0 -2.5 8.75 9999999857.5191
0.0 -2.5 0.0 8.75 9999999907.597502
0.0 0.0 0.0 8.75 9999999951.426802
0.0 2.5 0.0 8.75 10000000064.0184
0.0 0.0 2.5 8.75 146620021.7534
0.0 2.5 2.5 8.75 10000000173.989101
0.0 0.0 5.0 8.75 9999999605.377201
0.0 2.5 5.0 8.75 9693751299.1829
0.0 5.0 -7.5 10.0 336004241.6401
0.0 7.5 -7.5 10.0 477.8021
0.0 -2.5 -5.0 10.0 279620765.5299
0.0 0.0 -5.0 10.0 10000000083.092701
0.0 2.5 -5.0 10.0 10000000023.3321
0.0 5.0 -5.0 10.0 9999999857.4393
0.0 7.5 -5.0 10.0 396886.7205
0.0 -2.5 -2.5 10.0 48102163.2538
0.0 0.0 -2.5 10.0 376706672.9953
0.0 2.5 -2.5 10.0 10000000062.723202
0.0 5.0 -2.5 10.0 198356069.4413
0.0 -2.5 0.0 10.0 12280678.920799999
0.0 0.0 0.0 10.0 2887514957.4172997
0.0 2.5 0.0 10.0 10000000134.177801
0.0 0.0 2.5 10.0 30619578.6619
0.0 2.5 2.5 10.0 4202837225.1569
0.0 0.0 5.0 10.0 35025246.315799996
0.0 2.5 5.0 10.0 9999999951.710402
0.0 2.5 -10.0 11.25 3173.1986
0.0 5.0 -10.0 11.25 -24.880699999999997
0.0 10.0 -10.0 11.25 -14.2507
0.0 2.5 -7.5 11.25 10000000165.0081
0.0 5.0 -7.5 11.25 158639.9743
0.0 7.5 -7.5 11.25 -35.8083
0.0 0.0 -5.0 11.25 8160459989.6924
0.0 2.5 -5.0 11.25 33907139.454
0.0 5.0 -5.0 11.25 9999999955.788
0.0 -5.0 -2.5 11.25 4859935.364800001
0.0 -2.5 -2.5 11.25 9999999977.7012
0.0 0.0 -2.5 11.25 9999999928.8971
0.0 2.5 -2.5 11.25 1863797033.8902
0.0 5.0 -2.5 11.25 1228146475.1344
0.0 -5.0 0.0 11.25 12139695.2928
0.0 -2.5 0.0 11.25 613129486.3623
0.0 0.0 0.0 11.25 3258798826.462
0.0 2.5 0.0 11.25 9999999702.6282
0.0 0.0 2.5 11.25 8534232728.6973
0.0 2.5 2.5 11.25 1042218870.1216
0.0 0.0 5.0 11.25 13914809.205
0.0 2.5 5.0 11.25 1448162931.4513
0.0 -2.5 -10.0 12.5 10.3017
0.0 2.5 -10.0 12.5 -3.9398
0.0 5.0 -10.0 12.5 -17.3962
0.0 7.5 -10.0 12.5 -17.7967
0.0 10.0 -10.0 12.5 -11.6628
0.0 -5.0 -7.5 12.5 -4.517799999999999
0.0 0.0 -7.5 12.5 504050310.04150003
0.0 2.5 -7.5 12.5 825552692.7253
0.0 5.0 -7.5 12.5 16794.1011
0.0 7.5 -7.5 12.5 -29.9078
0.0 10.0 -7.5 12.5 -17.4452
0.0 -2.5 -5.0 12.5 1004686640.4756999
0.0 0.0 -5.0 12.5 10000000011.3421
0.0 2.5 -5.0 12.5 2931405.5729
0.0 5.0 -5.0 12.5 9999999974.014
0.0 -2.5 -2.5 12.5 9999999674.128101
0.0 0.0 -2.5 12.5 10000000204.8337
0.0 2.5 -2.5 12.5 9999999939.561602
0.0 5.0 -2.5 12.5 6507448821.8554
0.0 -5.0 0.0 12.5 47544732.0145
0.0 -2.5 0.0 12.5 9999999867.600601
0.0 0.0 0.0 12.5 10000000050.4057
0.0 2.5 0.0 12.5 1471726620.1336
0.0 5.0 0.0 12.5 9999999439.6809
0.0 -2.5 2.5 12.5 3702130352.3701
0.0 0.0 2.5 12.5 1209032159.9178
0.0 2.5 2.5 12.5 1205236359.141
0.0 7.5 2.5 12.5 55528.5152
0.0 0.0 5.0 12.5 1351805698.0908
0.0 2.5 5.0 12.5 27969245.4912
0.0 5.0 5.0 12.5 6221.1974
0.0 -2.5 -10.0 13.75 -3.1174999999999997
0.0 0.0 -10.0 13.75 716.1753
0.0 2.5 -10.0 13.75 -2.327
0.0 5.0 -10.0 13.75 -10.6323
0.0 7.5 -10.0 13.75 -11.3656
0.0 10.0 -10.0 13.75 -8.7744
0.0 -5.0 -7.5 13.75 -15.227899999999998
0.0 -2.5 -7.5 13.75 37158.978899999995
0.0 0.0 -7.5 13.75 2104707478.8102999
0.0 2.5 -7.5 13.75 8721.6248
0.0 5.0 -7.5 13.75 -5.2124999999999995
0.0 7.5 -7.5 13.75 -19.3287
0.0 10.0 -7.5 13.75 -11.3863
0.0 -2.5 -5.0 13.75 198069.23210000002
0.0 0.0 -5.0 13.75 1787434332.722
0.0 2.5 -5.0 13.75 22491.9765
0.0 5.0 -5.0 13.75 9999999904.1459
0.0 7.5 -5.0 13.75 457.1716
0.0 -5.0 -2.5 13.75 650.3634
0.0 -2.5 -2.5 13.75 14060337.9674
0.0 0.0 -2.5 13.75 9999999989.8483
0.0 2.5 -2.5 13.75 10000000071.3722
0.0 5.0 -2.5 13.75 1054996055.0988001
0.0 7.5 -2.5 13.75 5904.9237
0.0 -5.0 0.0 13.75 13822.7311
0.0 -2.5 0.0 13.75 52984008.9394
0.0 0.0 0.0 13.75 10000000032.183
0.0 2.5 0.0 13.75 17873003.5861
0.0 5.0 0.0 13.75 914393291.827
0.0 7.5 0.0 13.75 3559149.9816
0.0 10.0 0.0 13.75 -16.5611
0.0 -5.0 2.5 13.75 111212.30399999999
0.0 -2.5 2.5 13.75 213328199.99920002
0.0 0.0 2.5 13.75 17079438.9814
0.0 2.5 2.5 13.75 1575268.8135
0.0 5.0 2.5 13.75 667.7577
0.0 7.5 2.5 13.75 473.2543
0.0 -2.5 5.0 13.75 3526680.7638999997
0.0 0.0 5.0 13.75 248113.3869
0.0 2.5 5.0 13.75 173932132.63210002
0.0 5.0 5.0 13.75 462.0722
0.0 7.5 5.0 13.75 4085.9084
0.0 10.0 5.0 13.75 -0.6951999999999998
0.0 -5.0 -10.0 15.0 -6.7184
0.0 -2.5 -10.0 15.0 -3.7474
0.0 0.0 -10.0 15.0 6.1132
0.0 2.5 -10.0 15.0 -2.2774
0.0 5.0 -10.0 15.0 -5.5895
0.0 7.5 -10.0 15.0 -6.7077
0.0 10.0 -10.0 15.0 -5.1164
0.0 -5.0 -7.5 15.0 -14.395
0.0 -2.5 -7.5 15.0 1286.3485
0.0 0.0 -7.5 15.0 14966131.6765
0.0 2.5 -7.5 15.0 779.4428
0.0 5.0 -7.5 15.0 -8.762599999999999
0.0 7.5 -7.5 15.0 -9.7004
0.0 10.0 -7.5 15.0 -7.4871
0.0 -5.0 -5.0 15.0 -25.4145
0.0 -2.5 -5.0 15.0 1843.6063
0.0 0.0 -5.0 15.0 18620454.703
0.0 2.5 -5.0 15.0 112075.3792
0.0 5.0 -5.0 15.0 812.27
0.0 7.5 -5.0 15.0 -14.4123
0.0 10.0 -5.0 15.0 -9.701400000000001
0.0 -5.0 -2.5 15.0 -27.6759
0.0 -2.5 -2.5 15.0 93954.35530000001
0.0 0.0 -2.5 15.0 680578536.5562
0.0 2.5 -2.5 15.0 195407615.3767
0.0 5.0 -2.5 15.0 69115.4069
0.0 7.5 -2.5 15.0 1472.4275
0.0 10.0 -2.5 15.0 -13.780899999999999
0.0 -5.0 0.0 15.0 216.2814
0.0 -2.5 0.0 15.0 1660327.2947
0.0 0.0 0.0 15.0 14047523.9403
0.0 2.5 0.0 15.0 266406.96009999997
0.0 5.0 0.0 15.0 3200166.8207
0.0 7.5 0.0 15.0 78917824.7123
0.0 10.0 0.0 15.0 -14.803099999999999
0.0 -5.0 2.5 15.0 15826.9659
0.0 -2.5 2.5 15.0 50579954.4603
0.0 0.0 2.5 15.0 312444152.2837
0.0 2.5 2.5 15.0 10000000017.039701
0.0 5.0 2.5 15.0 14200.8565
0.0 7.5 2.5 15.0 50.1399
0.0 10.0 2.5 15.0 -16.705099999999998
0.0 -5.0 5.0 15.0 3223.4152
0.0 -2.5 5.0 15.0 673561152.6096001
0.0 0.0 5.0 15.0 332188.8346
0.0 2.5 5.0 15.0 1199893.6368000002
0.0 5.0 5.0 15.0 33.4077
0.0 7.5 5.0 15.0 -14.8902
0.0 10.0 5.0 15.0 -11.828700000000001
0.0 -5.0 -10.0 16.25 -5.9752
0.0 -2.5 -10.0 16.25 -4.140000000000001
0.0 0.0 -10.0 16.25 -0.676
0.0 2.5 -10.0 16.25 -0.8813
0.0 5.0 -10.0 16.25 -2.0419
0.0 7.5 -10.0 16.25 -3.1984999999999997
0.0 10.0 -10.0 16.25 -2.564
0.0 -5.0 -7.5 16.25 -11.2994
0.0 -2.5 -7.5 16.25 2.3415
0.0 0.0 -7.5 16.25 125448.224
0.0 2.5 -7.5 16.25 -3.332
0.0 5.0 -7.5 16.25 -4.0827
0.0 7.5 -7.5 16.25 -4.735
0.0 10.0 -7.5 16.25 -3.3179
0.0 -5.0 -5.0 16.25 -16.4513
0.0 -2.5 -5.0 16.25 32.798100000000005
0.0 0.0 -5.0 16.25 503264.3688
0.0 2.5 -5.0 16.25 29977.961900000002
0.0 5.0 -5.0 16.25 -9.8254
0.0 7.5 -5.0 16.25 -8.227500000000001
0.0 10.0 -5.0 16.25 -5.6728000000000005
0.0 -5.0 -2.5 16.25 -19.7212
0.0 -2.5 -2.5 16.25 519.0551
0.0 0.0 -2.5 16.25 10000000000.7208
0.0 2.5 -2.5 16.25 640576932.5758001
0.0 5.0 -2.5 16.25 6001.266
0.0 7.5 -2.5 16.25 20.2076
0.0 10.0 -2.5 16.25 -9.0132
0.0 -5.0 0.0 16.25 -9.452
0.0 -2.5 0.0 16.25 13188242.4552
0.0 0.0 0.0 16.25 80521826.623
0.0 2.5 0.0 16.25 1819.9374
0.0 5.0 0.0 16.25 406625.3029
0.0 7.5 0.0 16.25 2479.3642999999997
0.0 10.0 0.0 16.25 -10.1542
0.0 -5.0 2.5 16.25 804.5704
0.0 -2.5 2.5 16.25 129797575.8398
0.0 0.0 2.5 16.25 276339130.7853
0.0 2.5 2.5 16.25 384318928.11340004
0.0 5.0 2.5 16.25 29.718600000000002
0.0 7.5 2.5 16.25 -12.9701
0.0 10.0 2.5 16.25 -10.1586
0.0 -5.0 5.0 16.25 94.4379
0.0 -2.5 5.0 16.25 11067790.859900001
0.0 0.0 5.0 16.25 1535.1716999999999
0.0 2.5 5.0 16.25 1888575.3188
0.0 5.0 5.0 16.25 -15.504999999999999
0.0 7.5 5.0 16.25 -12.139899999999999
0.0 10.0 5.0 16.25 -8.1712
60.0 -5.0 -10.0 3.75 10000000609.787802
60.0 -2.5 -10.0 3.75 10000000035.429401
60.0 0.0 -10.0 3.75 9999999541.735102
60.0 2.5 -10.0 3.75 9999999950.3251
60.0 5.0 -10.0 3.75 5198521932.5352
60.0 7.5 -10.0 3.75 6179484236.8161
60.0 10.0 -10.0 3.75 16993.097599999997
60.0 -5.0 -7.5 3.75 5861603671.622999
60.0 -2.5 -7.5 3.75 10000000175.141
60.0 0.0 -7.5 3.75 9999999975.5195
60.0 2.5 -7.5 3.75 9999999771.965101
60.0 5.0 -7.5 3.75 9999999849.514101
60.0 7.5 -7.5 3.75 1725013190.7907999
60.0 10.0 -7.5 3.75 2567.4177999999997
60.0 -5.0 -5.0 3.75 10000000130.452501
60.0 -2.5 -5.0 3.75 9999999773.828402
60.0 0.0 -5.0 3.75 10000000178.4235
60.0 2.5 -5.0 3.75 9999999756.3815
60.0 5.0 -5.0 3.75 10000000131.827002
60.0 7.5 -5.0 3.75 127083505.64420001
60.0 10.0 -5.0 3.75 63490585.9351
60.0 -5.0 -2.5 3.75 10000000066.419
60.0 -2.5 -2.5 3.75 9999999817.511501
60.0 0.0 -2.5 3.75 10000000135.9395
60.0 2.5 -2.5 3.75 10000000034.4908
60.0 5.0 -2.5 3.75 3273235941.7726
60.0 7.5 -2.5 3.75 257310715.6168
60.0 10.0 -2.5 3.75 157517648.3152
60.0 -5.0 0.0 3.75 864964302.9472
60.0 -2.5 0.0 3.75 9999999720.8551
60.0 0.0 0.0 3.75 10000000290.7138
60.0 2.5 0.0 3.75 10000000193.337801
60.0 5.0 0.0 3.75 9999999894.049301
60.0 7.5 0.0 3.75 2768519427.3002
60.0 10.0 0.0 3.75 1268557.1142
60.0 -5.0 2.5 3.75 765189976.2272
60.0 -2.5 2.5 3.75 5889621346.3778
60.0 0.0 2.5 3.75 10000000227.959702
60.0 2.5 2.5 3.75 7058394936.0263
60.0 5.0 2.5 3.75 698172359.5346
60.0 7.5 2.5 3.75 10000000316.8036
60.0 10.0 2.5 3.75 497644140.50159997
60.0 -5.0 5.0 3.75 1018381592.7117
60.0 -2.5 5.0 3.75 18744802.9681
60.0 0.0 5.0 3.75 10000000056.252901
60.0 2.5 5.0 3.75 1525164012.0584
60.0 5.0 5.0 3.75 10000000003.4293
60.0 7.5 5.0 3.75 3893893644.2086
60.0 10.0 5.0 3.75 587675.9838
60.0 0.0 -2.5 6.25 10000000120.773901
60.0 0.0 2.5 6.25 10000000050.8281
60.0 5.0 -7.5 7.5 4822175061.1128
60.0 0.0 -5.0 7.5 9999999846.0265
60.0 0.0 -2.5 7.5 9999999871.274601
60.0 -2.5 0.0 7.5 9999999831.933601
60.0 0.0 0.0 7.5 10000000005.331501
60.0 -2.5 2.5 7.5 10000000092.9904
60.0 0.0 2.5 7.5 10000000194.625101
60.0 0.0 -7.5 8.75 344783448.6029
60.0 0.0 -5.0 8.75 1034784692.7408
60.0 2.5 -5.0 8.75 2087594974.5414999
60.0 0.0 -2.5 8.75 10000000092.8838
60.0 -2.5 0.0 8.75 2705460678.9755
60.0 0.0 0.0 8.75 10000000094.2907
60.0 -2.5 2.5 8.75 9999999981.5755
60.0 0.0 2.5 8.75 301383974.1469
60.0 2.5 2.5 8.75 1460091403.624
60.0 -5.0 5.0 8.75 826891561.4748
60.0 -2.5 5.0 8.75 143753769.885
60.0 0.0 5.0 8.75 932047856.175
60.0 0.0 -10.0 10.0 27805834.8453
60.0 0.0 -7.5 10.0 9999999988.8763
60.0 2.5 -7.5 10.0 63256.3932
60.0 5.0 -7.5 10.0 1443.9831000000001
60.0 0.0 -5.0 10.0 227349111.6599
60.0 2.5 -5.0 10.0 10000000002.918201
60.0 0.0 -2.5 10.0 841338218.5194
60.0 -2.5 0.0 10.0 1272981780.0691001
60.0 0.0 0.0 10.0 9999999911.6522
60.0 -5.0 2.5 10.0 2161182.1641
60.0 -2.5 2.5 10.0 91799501.0993
60.0 0.0 2.5 10.0 3463104690.1369
60.0 2.5 2.5 10.0 9999999856.623901
60.0 -2.5 5.0 10.0 398390802.0646
60.0 0.0 5.0 10.0 753809987.9317
60.0 2.5 5.0 10.0 1222916831.5356
60.0 0.0 -10.0 11.25 1446.6605
60.0 7.5 -10.0 11.25 1.5616999999999996
60.0 10.0 -10.0 11.25 4.1021
60.0 -2.5 -7.5 11.25 501224570.27190006
60.0 0.0 -7.5 11.25 10000000001.2586
60.0 2.5 -7.5 11.25 189231.0271
60.0 5.0 -7.5 11.25 6.1541
60.0 7.5 -7.5 11.25 2.1624999999999996
60.0 10.0 -7.5 11.25 4.6652
60.0 0.0 -5.0 11.25 9999999865.7681
60.0 2.5 -5.0 11.25 548177958.8465
60.0 0.0 -2.5 11.25 20292573.669800002
60.0 -2.5 0.0 11.25 9999999804.585201
60.0 0.0 0.0 11.25 3102523325.3466
60.0 2.5 0.0 11.25 9999999996.633501
60.0 -5.0 2.5 11.25 1624981964.2015
60.0 -2.5 2.5 11.25 10000000013.2956
60.0 0.0 2.5 11.25 4480845629.6498995
60.0 2.5 2.5 11.25 9999999924.488901
60.0 -5.0 5.0 11.25 1548473.7352
60.0 -2.5 5.0 11.25 57252211.4081
60.0 0.0 5.0 11.25 735775032.528
60.0 2.5 5.0 11.25 16696790.6982
60.0 5.0 5.0 11.25 33957975.936900005
60.0 0.0 -10.0 12.5 8087.2093
60.0 2.5 -10.0 12.5 -9.3264
60.0 5.0 -10.0 12.5 -3.6699
60.0 7.5 -10.0 12.5 1.8680999999999999
60.0 10.0 -10.0 12.5 2.661
60.0 -2.5 -7.5 12.5 2087113.5050000001
60.0 0.0 -7.5 12.5 448763.6146
60.0 2.5 -7.5 12.5 2603.6546000000003
60.0 5.0 -7.5 12.5 -4.0907
60.0 7.5 -7.5 12.5 2.6399
60.0 10.0 -7.5 12.5 3.6379999999999995
60.0 -5.0 -5.0 12.5 1356804095.0872
60.0 -2.5 -5.0 12.5 4582076324.716
60.0 0.0 -5.0 12.5 10000000169.292702
60.0 2.5 -5.0 12.5 10000000017.4974
60.0 -2.5 -2.5 12.5 5514634422.4245
60.0 0.0 -2.5 12.5 10000000147.9993
60.0 5.0 -2.5 12.5 12207547.8471
60.0 -5.0 0.0 12.5 9999999685.2672
60.0 -2.5 0.0 12.5 10000000172.1404
60.0 0.0 0.0 12.5 9999999969.685202
60.0 2.5 0.0 12.5 10000000084.8358
60.0 -5.0 2.5 12.5 10000000110.753801
60.0 -2.5 2.5 12.5 199011117.8898
60.0 0.0 2.5 12.5 353160715.6091
60.0 2.5 2.5 12.5 10000000120.1021
60.0 -5.0 5.0 12.5 1410.2377000000001
60.0 -2.5 5.0 12.5 161005022.47660002
60.0 0.0 5.0 12.5 145703279.0896
60.0 2.5 5.0 12.5 1834834910.8555999
60.0 5.0 5.0 12.5 352050432.8717
60.0 -2.5 -10.0 13.75 870.1452
60.0 0.0 -10.0 13.75 -7.461899999999998
60.0 2.5 -10.0 13.75 -11.479800000000001
60.0 5.0 -10.0 13.75 -3.7809999999999997
60.0 7.5 -10.0 13.75 0.48109999999999986
60.0 10.0 -10.0 13.75 1.9901999999999997
60.0 -2.5 -7.5 13.75 39329.064900000005
60.0 0.0 -7.5 13.75 22079.0318
60.0 2.5 -7.5 13.75 1907.7564
60.0 5.0 -7.5 13.75 -3.4379
60.0 7.5 -7.5 13.75 0.9529000000000001
60.0 10.0 -7.5 13.75 1.7851000000000001
60.0 -5.0 -5.0 13.75 4683.2323
60.0 -2.5 -5.0 13.75 52038.6931
60.0 0.0 -5.0 13.75 590788203.0766001
60.0 2.5 -5.0 13.75 3499433762.7209997
60.0 5.0 -5.0 13.75 12.1616
60.0 7.5 -5.0 13.75 -0.6804000000000001
60.0 10.0 -5.0 13.75 0.7507999999999999
60.0 -5.0 -2.5 13.75 57089010.94800001
60.0 -2.5 -2.5 13.75 16118426.351200001
60.0 0.0 -2.5 13.75 9999999977.1627
60.0 2.5 -2.5 13.75 1385091386.8003
60.0 5.0 -2.5 13.75 7488.6019
60.0 7.5 -2.5 13.75 25615.8885
60.0 -5.0 0.0 13.75 2049638.9821000001
60.0 -2.5 0.0 13.75 9999999981.267101
60.0 0.0 0.0 13.75 9999999980.4615
60.0 2.5 0.0 13.75 9999999926.1091
60.0 5.0 0.0 13.75 160803803.3597
60.0 -5.0 2.5 13.75 635333.1725
60.0 -2.5 2.5 13.75 5876230.1535
60.0 0.0 2.5 13.75 201209.42099999997
60.0 2.5 2.5 13.75 9999999975.3684
60.0 -5.0 5.0 13.75 191.2634
60.0 -2.5 5.0 13.75 10000000162.6814
60.0 0.0 5.0 13.75 75935.95969999999
60.0 2.5 5.0 13.75 1764425.4075
60.0 5.0 5.0 13.75 3109648.8968
60.0 -5.0 -10.0 15.0 -2.4097999999999997
60.0 -2.5 -10.0 15.0 -14.100200000000001
60.0 0.0 -10.0 15.0 -18.2207
60.0 2.5 -10.0 15.0 -10.753
60.0 5.0 -10.0 15.0 -3.6457
60.0 7.5 -10.0 15.0 0.0943
60.0 10.0 -10.0 15.0 1.2877
60.0 -5.0 -7.5 15.0 -1.0414999999999999
60.0 -2.5 -7.5 15.0 56.09779999999999
60.0 0.0 -7.5 15.0 1090.4464
60.0 2.5 -7.5 15.0 1310.3138000000001
60.0 5.0 -7.5 15.0 -3.5025
60.0 7.5 -7.5 15.0 1.2186
60.0 10.0 -7.5 15.0 2.0029000000000003
60.0 -5.0 -5.0 15.0 99.2518
60.0 -2.5 -5.0 15.0 524.0009
60.0 0.0 -5.0 15.0 146052474.1525
60.0 2.5 -5.0 15.0 53951.7678
60.0 5.0 -5.0 15.0 -3.5834
60.0 7.5 -5.0 15.0 -0.29710000000000014
60.0 10.0 -5.0 15.0 1.1665
60.0 -5.0 -2.5 15.0 12251323.9809
60.0 -2.5 -2.5 15.0 142321366.97070003
60.0 0.0 -2.5 15.0 2251573.9693
60.0 2.5 -2.5 15.0 770112.4439000001
60.0 5.0 -2.5 15.0 5499209.6139
60.0 7.5 -2.5 15.0 69.82809999999999
60.0 10.0 -2.5 15.0 -2.2417
60.0 -5.0 0.0 15.0 4339823125.3175
60.0 -2.5 0.0 15.0 9999999917.361301
60.0 0.0 0.0 15.0 119750137.1758
60.0 2.5 0.0 15.0 1012647261.5222
60.0 5.0 0.0 15.0 1071.412
60.0 7.5 0.0 15.0 -10.9885
60.0 10.0 0.0 15.0 -5.3267
60.0 -5.0 2.5 15.0 149970983.4311
60.0 -2.5 2.5 15.0 9999999988.3369
60.0 0.0 2.5 15.0 2290205.1675
60.0 2.5 2.5 15.0 368699019.5653
60.0 5.0 2.5 15.0 786.8893
60.0 7.5 2.5 15.0 -17.6993
60.0 10.0 2.5 15.0 -6.9355
60.0 -5.0 5.0 15.0 1999.04
60.0 -2.5 5.0 15.0 20258.283
60.0 0.0 5.0 15.0 704.3746
60.0 2.5 5.0 15.0 1898105735.6469
60.0 5.0 5.0 15.0 11056.834499999999
60.0 -5.0 -10.0 16.25 -4.446
60.0 -2.5 -10.0 16.25 -11.437000000000001
60.0 0.0 -10.0 16.25 -13.1994
60.0 2.5 -10.0 16.25 -8.5266
60.0 5.0 -10.0 16.25 -3.1302
60.0 7.5 -10.0 16.25 -0.2163
60.0 10.0 -10.0 16.25 0.6164
60.0 -5.0 -7.5 16.25 -5.2716
60.0 -2.5 -7.5 16.25 -16.025100000000002
60.0 0.0 -7.5 16.25 -3.3519000000000005
60.0 2.5 -7.5 16.25 85.0665
60.0 5.0 -7.5 16.25 -2.5795000000000003
60.0 7.5 -7.5 16.25 0.7113
60.0 10.0 -7.5 16.25 1.4595
60.0 -5.0 -5.0 16.25 -10.5613
60.0 -2.5 -5.0 16.25 -16.4592
60.0 0.0 -5.0 16.25 854.3111
60.0 2.5 -5.0 16.25 156.91359999999997
60.0 5.0 -5.0 16.25 -2.532
60.0 7.5 -5.0 16.25 0.5469999999999999
60.0 10.0 -5.0 16.25 1.1320000000000001
60.0 -5.0 -2.5 16.25 25145.336900000002
60.0 -2.5 -2.5 16.25 2880527.4866
60.0 0.0 -2.5 16.25 135414.4226
60.0 2.5 -2.5 16.25 9999999977.3416
60.0 5.0 -2.5 16.25 1332.4985000000001
60.0 7.5 -2.5 16.25 -2.3382
60.0 10.0 -2.5 16.25 -0.8516
60.0 -5.0 0.0 16.25 13170184.1648
60.0 -2.5 0.0 16.25 368475804.8804
60.0 0.0 0.0 16.25 5803624.3678
60.0 2.5 0.0 16.25 211735996.3678
60.0 5.0 0.0 16.25 900.1079000000001
60.0 7.5 0.0 16.25 -7.376799999999999
60.0 10.0 0.0 16.25 -3.1944000000000004
60.0 -5.0 2.5 16.25 1933.4937
60.0 -2.5 2.5 16.25 9999999975.7856
60.0 0.0 2.5 16.25 1395.3276
60.0 2.5 2.5 16.25 15079.4056
60.0 5.0 2.5 16.25 8.793600000000001
60.0 7.5 2.5 16.25 -10.137599999999999
60.0 10.0 2.5 16.25 -4.4005
60.0 -5.0 5.0 16.25 99.1536
60.0 -2.5 5.0 16.25 93455.7492
60.0 0.0 5.0 16.25 107.1396
60.0 2.5 5.0 16.25 4797765.8967
60.0 5.0 5.0 16.25 35.891400000000004
60.0 7.5 5.0 16.25 -10.1357
60.0 10.0 5.0 16.25 -3.9325
120.0 -5.0 -10.0 3.75 10000000096.4507
120.0 -2.5 -10.0 3.75 9999999967.7831
120.0 0.0 -10.0 3.75 10000000176.781502
120.0 2.5 -10.0 3.75 9999999740.1012
120.0 5.0 -10.0 3.75 10000000079.7556
120.0 7.5 -10.0 3.75 10000000064.1347
120.0 10.0 -10.0 3.75 46718.814900000005
120.0 -5.0 -7.5 3.75 8802141895.7033
120.0 -2.5 -7.5 3.75 10000000162.6935
120.0 0.0 -7.5 3.75 10000000451.1798
120.0 2.5 -7.5 3.75 10000000076.2374
120.0 5.0 -7.5 3.75 666993364.9129
120.0 7.5 -7.5 3.75 126731.0529
120.0 10.0 -7.5 3.75 307.1062
120.0 -5.0 -5.0 3.75 10000000287.034601
120.0 -2.5 -5.0 3.75 10000000313.8397
120.0 0.0 -5.0 3.75 10000000770.284
120.0 2.5 -5.0 3.75 10000000240.1938
120.0 5.0 -5.0 3.75 9999999751.2695
120.0 7.5 -5.0 3.75 9999999859.769701
120.0 10.0 -5.0 3.75 9999999848.0711
120.0 -5.0 -2.5 3.75 10000000285.452002
120.0 -2.5 -2.5 3.75 9999999813.1567
120.0 0.0 -2.5 3.75 10000000157.6497
120.0 2.5 -2.5 3.75 9999999957.7518
120.0 5.0 -2.5 3.75 10000000007.3834
120.0 7.5 -2.5 3.75 1015332848.7023
120.0 10.0 -2.5 3.75 9999999889.502401
120.0 -5.0 0.0 3.75 10000000271.489601
120.0 -2.5 0.0 3.75 9999999983.869701
120.0 0.0 0.0 3.75 9999999844.5575
120.0 2.5 0.0 3.75 9999999989.9841
120.0 5.0 0.0 3.75 9999999737.7912
120.0 7.5 0.0 3.75 9999999943.6874
120.0 10.0 0.0 3.75 74647295.2334
120.0 -5.0 2.5 3.75 9999999869.9927
120.0 -2.5 2.5 3.75 9999999963.233702
120.0 0.0 2.5 3.75 9999999984.653101
120.0 2.5 2.5 3.75 9999999949.111801
120.0 5.0 2.5 3.75 9999999977.1756
120.0 7.5 2.5 3.75 9999999954.3964
120.0 10.0 2.5 3.75 168473863.4082
120.0 -5.0 5.0 3.75 1845035211.1874
120.0 -2.5 5.0 3.75 7510842228.9964
120.0 0.0 5.0 3.75 2363412894.8734
120.0 2.5 5.0 3.75 6398653721.031301
120.0 5.0 5.0 3.75 151982164.0571
120.0 7.5 5.0 3.75 81773399.2739
120.0 10.0 5.0 3.75 87369.40209999999
120.0 -2.5 0.0 5.0 9999999980.259602
120.0 -2.5 2.5 5.0 10000000061.9691
120.0 0.0 -2.5 6.25 9999999878.992601
120.0 -2.5 0.0 6.25 10000000445.228601
120.0 -2.5 2.5 6.25 10000000068.0055
120.0 -2.5 5.0 6.25 9999999956.5072
120.0 0.0 -7.5 7.5 2235856233.3773
120.0 -2.5 -5.0 7.5 10000000033.0718
120.0 0.0 -5.0 7.5 10000000057.9859
120.0 -2.5 -2.5 7.5 9999999953.3243
120.0 0.0 -2.5 7.5 9999999943.5154
120.0 -2.5 0.0 7.5 9999999930.8624
120.0 -2.5 2.5 7.5 10000000071.725801
120.0 0.0 2.5 7.5 9999999889.0072
120.0 -2.5 5.0 7.5 4633004531.3622
120.0 0.0 -7.5 8.75 186595311.2074
120.0 -2.5 -5.0 8.75 115080955.1374
120.0 0.0 -5.0 8.75 68952787.0466
120.0 2.5 -5.0 8.75 6670436217.0619
120.0 -2.5 -2.5 8.75 9999999910.616201
120.0 0.0 -2.5 8.75 9999999684.0911
120.0 -2.5 0.0 8.75 10000000454.2213
120.0 0.0 0.0 8.75 3795226211.1979
120.0 -2.5 2.5 8.75 7780721469.6438
120.0 0.0 2.5 8.75 2029421880.1687
120.0 -5.0 5.0 8.75 1676792.8967
120.0 -2.5 5.0 8.75 127687848.3102
120.0 0.0 -7.5 10.0 1011052.8136
120.0 2.5 -7.5 10.0 890295.1258
120.0 -2.5 -5.0 10.0 67951594.1832
120.0 0.0 -5.0 10.0 10000000041.613901
120.0 2.5 -5.0 10.0 3738652928.0669
120.0 -2.5 -2.5 10.0 9999999722.325901
120.0 0.0 -2.5 10.0 10000000012.9015
120.0 -2.5 0.0 10.0 9999999751.416801
120.0 0.0 0.0 10.0 497036411.0742
120.0 -2.5 2.5 10.0 9999999863.4211
120.0 0.0 2.5 10.0 3381893166.6046
120.0 2.5 2.5 10.0 657000647.6837
120.0 -5.0 5.0 10.0 6746730218.7301
120.0 -2.5 5.0 10.0 217528244.6832
120.0 0.0 5.0 10.0 201872224.8274
120.0 0.0 -10.0 11.25 602107.831
120.0 2.5 -10.0 11.25 1.9484000000000004
120.0 5.0 -10.0 11.25 95783.0852
120.0 7.5 -10.0 11.25 9.0023
120.0 0.0 -7.5 11.25 46726725.9984
120.0 2.5 -7.5 11.25 16047.3754
120.0 5.0 -7.5 11.25 52498.2606
120.0 -2.5 -5.0 11.25 10000000148.5802
120.0 0.0 -5.0 11.25 10000000009.6769
120.0 2.5 -5.0 11.25 8286754.0529
120.0 -5.0 -2.5 11.25 9999999899.381401
120.0 -2.5 -2.5 11.25 398714890.801
120.0 0.0 -2.5 11.25 10000000048.52
120.0 -5.0 0.0 11.25 194419077.1091
120.0 -2.5 0.0 11.25 9702501419.6682
120.0 0.0 0.0 11.25 10000000047.3841
120.0 2.5 0.0 11.25 80969649.7915
120.0 5.0 0.0 11.25 281716905.3155
120.0 -5.0 2.5 11.25 91070504.1242
120.0 -2.5 2.5 11.25 9999999918.0783
120.0 0.0 2.5 11.25 7685562936.6698
120.0 2.5 2.5 11.25 9999999811.144201
120.0 -5.0 5.0 11.25 96659.5296
120.0 -2.5 5.0 11.25 51838736.781500004
120.0 0.0 5.0 11.25 10000000050.173302
120.0 2.5 5.0 11.25 420256962.80429995
120.0 -5.0 -10.0 12.5 120961.7332
120.0 0.0 -10.0 12.5 541147.6228
120.0 2.5 -10.0 12.5 -7.244599999999999
120.0 5.0 -10.0 12.5 16.2073
120.0 7.5 -10.0 12.5 -5.8038
120.0 10.0 -10.0 12.5 1.5038
120.0 -2.5 -7.5 12.5 1217460138.7021
120.0 0.0 -7.5 12.5 17405468.282300003
120.0 2.5 -7.5 12.5 30.932499999999997
120.0 5.0 -7.5 12.5 72903906.6541
120.0 -2.5 -5.0 12.5 9999999755.927801
120.0 0.0 -5.0 12.5 9999999923.8117
120.0 2.5 -5.0 12.5 15518453.1772
120.0 -5.0 -2.5 12.5 290607929.89779997
120.0 -2.5 -2.5 12.5 9999999950.5879
120.0 0.0 -2.5 12.5 10000000011.669601
120.0 -5.0 0.0 12.5 89123424.10759999
120.0 -2.5 0.0 12.5 9999999939.8834
120.0 0.0 0.0 12.5 10000000082.9311
120.0 2.5 0.0 12.5 48334549.075
120.0 5.0 0.0 12.5 7289658.8447
120.0 -5.0 2.5 12.5 160627.9535
120.0 -2.5 2.5 12.5 617565048.4878
120.0 0.0 2.5 12.5 5369703586.408799
120.0 2.5 2.5 12.5 500585472.2097
120.0 5.0 2.5 12.5 6327318.9335
120.0 -5.0 5.0 12.5 1317677.4503
120.0 -2.5 5.0 12.5 863422777.2479
120.0 0.0 5.0 12.5 32483.4489
120.0 2.5 5.0 12.5 9999999997.4109
120.0 5.0 5.0 12.5 24185.861500000003
120.0 7.5 5.0 12.5 91.7027
120.0 -5.0 -10.0 13.75 48.194
120.0 -2.5 -10.0 13.75 2030935291.4191
120.0 0.0 -10.0 13.75 131.2117
120.0 2.5 -10.0 13.75 -10.3787
120.0 5.0 -10.0 13.75 -9.6974
120.0 7.5 -10.0 13.75 -8.1931
120.0 10.0 -10.0 13.75 -3.6045999999999996
120.0 -2.5 -7.5 13.75 2207650507.6015
120.0 0.0 -7.5 13.75 1461256.7074
120.0 2.5 -7.5 13.75 -20.9257
120.0 5.0 -7.5 13.75 1614.8795
120.0 7.5 -7.5 13.75 17.312900000000003
120.0 10.0 -7.5 13.75 -3.0003
120.0 -5.0 -5.0 13.75 74705559.4129
120.0 -2.5 -5.0 13.75 2087810.1662
120.0 0.0 -5.0 13.75 18338038.3221
120.0 2.5 -5.0 13.75 7040810.2038
120.0 -5.0 -2.5 13.75 236652835.0744
120.0 -2.5 -2.5 13.75 1867431592.9313
120.0 0.0 -2.5 13.75 70716462.62889999
120.0 2.5 -2.5 13.75 108119879.1098
120.0 -5.0 0.0 13.75 9999999829.728102
120.0 -2.5 0.0 13.75 6335880.4622
120.0 0.0 0.0 13.75 365582369.6228
120.0 2.5 0.0 13.75 10000000001.8724
120.0 -5.0 2.5 13.75 2361.9914999999996
120.0 -2.5 2.5 13.75 20942188.6514
120.0 0.0 2.5 13.75 9999999925.8505
120.0 2.5 2.5 13.75 245127194.8894
120.0 5.0 2.5 13.75 27972.0961
120.0 7.5 2.5 13.75 351.4882
120.0 -5.0 5.0 13.75 53346.0273
120.0 -2.5 5.0 13.75 83938099.4552
120.0 0.0 5.0 13.75 50094.548299999995
120.0 2.5 5.0 13.75 8453.1504
120.0 5.0 5.0 13.75 71.0034
120.0 7.5 5.0 13.75 -1.6319000000000004
120.0 -5.0 -10.0 15.0 -4.3412
120.0 -2.5 -10.0 15.0 1052.1872
120.0 0.0 -10.0 15.0 -11.429499999999999
120.0 2.5 -10.0 15.0 -9.4239
120.0 5.0 -10.0 15.0 -10.3648
120.0 7.5 -10.0 15.0 -9.9202
120.0 10.0 -10.0 15.0 -5.3953999999999995
120.0 -5.0 -7.5 15.0 728.9731999999999
120.0 -2.5 -7.5 15.0 97516.5239
120.0 0.0 -7.5 15.0 2066.564
120.0 2.5 -7.5 15.0 -15.3932
120.0 5.0 -7.5 15.0 -16.819699999999997
120.0 7.5 -7.5 15.0 -16.1666
120.0 10.0 -7.5 15.0 -5.3231
120.0 -5.0 -5.0 15.0 59557571.4891
120.0 -2.5 -5.0 15.0 10000000100.182701
120.0 0.0 -5.0 15.0 78346715.91100001
120.0 2.5 -5.0 15.0 36581.5678
120.0 5.0 -5.0 15.0 -13.7547
120.0 7.5 -5.0 15.0 -19.9738
120.0 10.0 -5.0 15.0 -2.4433
120.0 -5.0 -2.5 15.0 233300148.5802
120.0 -2.5 -2.5 15.0 7101553626.942901
120.0 0.0 -2.5 15.0 31505342.7108
120.0 2.5 -2.5 15.0 3036.3202
120.0 5.0 -2.5 15.0 -12.8738
120.0 7.5 -2.5 15.0 -8.3977
120.0 10.0 -2.5 15.0 1.4385000000000001
120.0 -5.0 0.0 15.0 242236.66820000001
120.0 -2.5 0.0 15.0 69015809.56210001
120.0 0.0 0.0 15.0 9999999970.536201
120.0 2.5 0.0 15.0 1440705.5392
120.0 5.0 0.0 15.0 3220.8594000000003
120.0 10.0 0.0 15.0 2.107
120.0 -5.0 2.5 15.0 291296.1114
120.0 -2.5 2.5 15.0 179045.1454
120.0 0.0 2.5 15.0 399457.8103
120.0 2.5 2.5 15.0 11114057.187199999
120.0 5.0 2.5 15.0 498.5826
120.0 7.5 2.5 15.0 -2.8596
120.0 10.0 2.5 15.0 1.0297999999999998
120.0 -5.0 5.0 15.0 1358685.1985
120.0 -2.5 5.0 15.0 9999999947.5235
120.0 0.0 5.0 15.0 18003.0969
120.0 2.5 5.0 15.0 25.5908
120.0 5.0 5.0 15.0 -7.6996
120.0 7.5 5.0 15.0 -1.1084999999999998
120.0 10.0 5.0 15.0 0.789
120.0 -5.0 -10.0 16.25 -1.4646
120.0 -2.5 -10.0 16.25 -3.0412
120.0 0.0 -10.0 16.25 -6.8243
120.0 2.5 -10.0 16.25 -7.854299999999999
120.0 5.0 -10.0 16.25 -9.1314
120.0 7.5 -10.0 16.25 -8.4871
120.0 10.0 -10.0 16.25 -5.843999999999999
120.0 -5.0 -7.5 16.25 14.8412
120.0 -2.5 -7.5 16.25 6299.6923
120.0 0.0 -7.5 16.25 4.5125
120.0 2.5 -7.5 16.25 -10.0831
120.0 5.0 -7.5 16.25 -13.0152
120.0 7.5 -7.5 16.25 -11.9186
120.0 10.0 -7.5 16.25 -5.9796
120.0 -5.0 -5.0 16.25 719.1373000000001
120.0 -2.5 -5.0 16.25 1348659145.6199
120.0 0.0 -5.0 16.25 14455.748300000001
120.0 2.5 -5.0 16.25 195.27970000000002
120.0 5.0 -5.0 16.25 -13.1295
120.0 7.5 -5.0 16.25 -12.2219
120.0 10.0 -5.0 16.25 -4.0546999999999995
120.0 -5.0 -2.5 16.25 8991289.6477
120.0 -2.5 -2.5 16.25 10000000001.452301
120.0 0.0 -2.5 16.25 10000000388.639801
120.0 2.5 -2.5 16.25 408.0153
120.0 5.0 -2.5 16.25 -9.0229
120.0 7.5 -2.5 16.25 -5.772200000000001
120.0 10.0 -2.5 16.25 -1.0996000000000001
120.0 -5.0 0.0 16.25 1810939.4826999998
120.0 -2.5 0.0 16.25 4904584.1672
120.0 0.0 0.0 16.25 1703436683.2986
120.0 2.5 0.0 16.25 780677957.8985
120.0 5.0 0.0 16.25 23.3591
120.0 7.5 0.0 16.25 -2.8234
120.0 10.0 0.0 16.25 0.2587999999999999
120.0 -5.0 2.5 16.25 8.846399999999997
120.0 -2.5 2.5 16.25 538.8561
120.0 0.0 2.5 16.25 8099.631200000001
120.0 2.5 2.5 16.25 2423170563.8662
120.0 5.0 2.5 16.25 4.667199999999999
120.0 7.5 2.5 16.25 -2.2024
120.0 10.0 2.5 16.25 0.17769999999999997
120.0 -5.0 5.0 16.25 30.2249
120.0 -2.5 5.0 16.25 5395820058.829
120.0 0.0 5.0 16.25 101.0751
120.0 2.5 5.0 16.25 49.5349
120.0 5.0 5.0 16.25 -5.156700000000001
120.0 7.5 5.0 16.25 -1.224
120.0 10.0 5.0 16.25 0.5323
180.0 -5.0 -10.0 3.75 9999999892.342201
180.0 -2.5 -10.0 3.75 10000000033.6133
180.0 0.0 -10.0 3.75 941154036.7906
180.0 2.5 -10.0 3.75 10000000149.089901
180.0 5.0 -10.0 3.75 10000000146.074202
180.0 7.5 -10.0 3.75 7293202050.5209
180.0 10.0 -10.0 3.75 9512.4493
180.0 -5.0 -7.5 3.75 1029324981.3921
180.0 -2.5 -7.5 3.75 10000000222.734001
180.0 0.0 -7.5 3.75 9999999945.079601
180.0 2.5 -7.5 3.75 10000000276.308401
180.0 5.0 -7.5 3.75 63578055.341800004
180.0 7.5 -7.5 3.75 7355179.8619
180.0 10.0 -7.5 3.75 49029603.327199996
180.0 -5.0 -5.0 3.75 10000000311.0893
180.0 -2.5 -5.0 3.75 10000000039.573101
180.0 0.0 -5.0 3.75 9999999716.158401
180.0 2.5 -5.0 3.75 9999999534.528301
180.0 5.0 -5.0 3.75 9999999890.4207
180.0 7.5 -5.0 3.75 10511464.743
180.0 10.0 -5.0 3.75 9999999672.2483
180.0 -5.0 -2.5 3.75 9999999841.540401
180.0 -2.5 -2.5 3.75 10000000196.295101
180.0 0.0 -2.5 3.75 9999999997.7147
180.0 2.5 -2.5 3.75 9999999952.750101
180.0 5.0 -2.5 3.75 10000000025.181501
180.0 7.5 -2.5 3.75 10000000092.7185
180.0 10.0 -2.5 3.75 142772026.2682
180.0 -5.0 0.0 3.75 9999999880.774302
180.0 -2.5 0.0 3.75 9999999660.174702
180.0 0.0 0.0 3.75 10000000025.075602
180.0 2.5 0.0 3.75 2343938103.8928
180.0 5.0 0.0 3.75 9999999882.918001
180.0 7.5 0.0 3.75 7695963016.173201
180.0 10.0 0.0 3.75 9999999986.422
180.0 -5.0 2.5 3.75 1158371228.7481
180.0 -2.5 2.5 3.75 9999999921.791302
180.0 0.0 2.5 3.75 9999999898.3012
180.0 2.5 2.5 3.75 10000000109.086401
180.0 5.0 2.5 3.75 10000000011.027802
180.0 7.5 2.5 3.75 10000000008.2637
180.0 10.0 2.5 3.75 9999999958.2021
180.0 -5.0 5.0 3.75 3029611214.8301
180.0 -2.5 5.0 3.75 16392480.9546
180.0 0.0 5.0 3.75 1045607434.268
180.0 2.5 5.0 3.75 10000000042.8209
180.0 5.0 5.0 3.75 10000000026.852201
180.0 7.5 5.0 3.75 61670338.5133
180.0 10.0 5.0 3.75 5132.558099999999
180.0 -2.5 2.5 5.0 9999999897.1877
180.0 -2.5 -2.5 6.25 9999999701.7462
180.0 -2.5 0.0 6.25 10000000245.377
180.0 -2.5 -2.5 7.5 10000000036.373001
180.0 -2.5 0.0 7.5 10000000122.4414
180.0 -2.5 2.5 7.5 10000000034.559502
180.0 0.0 2.5 7.5 9999999947.4662
180.0 2.5 2.5 7.5 99415849.36680001
180.0 2.5 -10.0 8.75 9999999907.684
180.0 -2.5 -7.5 8.75 9999999887.772001
180.0 2.5 -7.5 8.75 9999999970.5739
180.0 5.0 -7.5 8.75 37720.5055
180.0 -5.0 -5.0 8.75 9999999803.9538
180.0 -2.5 -5.0 8.75 1255272069.5328002
180.0 -5.0 -2.5 8.75 10000000079.9869
180.0 -2.5 -2.5 8.75 6264252506.8877
180.0 0.0 -2.5 8.75 10000000111.3174
180.0 -5.0 0.0 8.75 10000000046.3817
180.0 -2.5 0.0 8.75 10000000351.2735
180.0 0.0 0.0 8.75 10000000055.1802
180.0 -5.0 2.5 8.75 774631319.5014999
180.0 -2.5 2.5 8.75 10000000001.3969
180.0 0.0 2.5 8.75 9999999911.847301
180.0 2.5 2.5 8.75 10000000053.277601
180.0 0.0 5.0 8.75 14226678.9704
180.0 2.5 5.0 8.75 46900760.5505
180.0 2.5 -10.0 10.0 1962574.2621000002
180.0 -2.5 -7.5 10.0 963023382.2240001
180.0 0.0 -7.5 10.0 200087517.09350002
180.0 2.5 -7.5 10.0 9999999901.309301
180.0 5.0 -7.5 10.0 31960.3718
180.0 -5.0 -5.0 10.0 4764574207.9627
180.0 -2.5 -5.0 10.0 4276378410.6098
180.0 0.0 -5.0 10.0 1980738944.9912
180.0 -5.0 -2.5 10.0 10000000042.337502
180.0 -2.5 -2.5 10.0 7034200337.0762005
180.0 0.0 -2.5 10.0 10000000368.861502
180.0 -5.0 0.0 10.0 7754166318.6007
180.0 -2.5 0.0 10.0 9999999445.170101
180.0 0.0 0.0 10.0 821415100.9114001
180.0 -5.0 2.5 10.0 158461984.28869998
180.0 -2.5 2.5 10.0 1231029388.9503
180.0 0.0 2.5 10.0 1395994217.5717
180.0 2.5 2.5 10.0 1728180143.4580998
180.0 -2.5 5.0 10.0 676323.0776
180.0 0.0 5.0 10.0 5376089902.4741
180.0 2.5 5.0 10.0 41403944.7105
180.0 5.0 5.0 10.0 1502165.8338
180.0 -2.5 -10.0 11.25 264536269.6925
180.0 2.5 -10.0 11.25 148946923.2212
180.0 5.0 -10.0 11.25 5549.4992
180.0 -2.5 -7.5 11.25 9999999661.332401
180.0 0.0 -7.5 11.25 2155230730.9892
180.0 2.5 -7.5 11.25 123754292.09799999
180.0 5.0 -7.5 11.25 20224.6467
180.0 -5.0 -5.0 11.25 17336837.3424
180.0 -2.5 -5.0 11.25 9999999935.565601
180.0 0.0 -5.0 11.25 457687025.2153
180.0 -5.0 -2.5 11.25 13986731.5499
180.0 -2.5 -2.5 11.25 2966803486.0064
180.0 0.0 -2.5 11.25 9999999736.2052
180.0 -5.0 0.0 11.25 9999999998.0172
180.0 -2.5 0.0 11.25 10000000047.0142
180.0 0.0 0.0 11.25 3270848504.2015
180.0 -5.0 2.5 11.25 38950348.6245
180.0 -2.5 2.5 11.25 9999999956.2912
180.0 0.0 2.5 11.25 9999999975.6338
180.0 2.5 2.5 11.25 5180436.6321
180.0 -5.0 5.0 11.25 3880.0871
180.0 -2.5 5.0 11.25 3766.8501
180.0 0.0 5.0 11.25 214459650.2366
180.0 2.5 5.0 11.25 674888582.8765
180.0 5.0 5.0 11.25 116869.3045
180.0 7.5 5.0 11.25 3383.7214000000004
180.0 -2.5 -10.0 12.5 9999999958.358501
180.0 0.0 -10.0 12.5 2575.9033
180.0 2.5 -10.0 12.5 5065468431.6881
180.0 5.0 -10.0 12.5 818.2477
180.0 7.5 -10.0 12.5 -0.23599999999999977
180.0 -2.5 -7.5 12.5 1303152073.8262
180.0 0.0 -7.5 12.5 10000000165.356901
180.0 2.5 -7.5 12.5 95194639.1701
180.0 5.0 -7.5 12.5 1036.1343
180.0 -5.0 -5.0 12.5 597473.6363
180.0 -2.5 -5.0 12.5 10000000046.748701
180.0 0.0 -5.0 12.5 9999999868.8034
180.0 2.5 -5.0 12.5 487670243.42870003
180.0 5.0 -5.0 12.5 187868452.0989
180.0 -5.0 -2.5 12.5 2200256.9091
180.0 -2.5 -2.5 12.5 82065351.7596
180.0 0.0 -2.5 12.5 9999999981.1597
180.0 2.5 -2.5 12.5 10000000058.1397
180.0 5.0 -2.5 12.5 9999999923.6986
180.0 -5.0 0.0 12.5 4334557859.843201
180.0 -2.5 0.0 12.5 4064221495.0911
180.0 0.0 0.0 12.5 9999999994.2359
180.0 2.5 0.0 12.5 92725687.04380001
180.0 -5.0 2.5 12.5 50487.538499999995
180.0 -2.5 2.5 12.5 11469933.9845
180.0 0.0 2.5 12.5 794917884.3443999
180.0 2.5 2.5 12.5 3457323.0238
180.0 5.0 2.5 12.5 113164955.01210001
180.0 -5.0 5.0 12.5 -8.422699999999999
180.0 -2.5 5.0 12.5 730.2479
180.0 0.0 5.0 12.5 193576822.838
180.0 2.5 5.0 12.5 1870962.1435
180.0 5.0 5.0 12.5 1248.6797
180.0 7.5 5.0 12.5 1542.0234
180.0 10.0 5.0 12.5 9.6375
180.0 -5.0 -10.0 13.75 26.866500000000002
180.0 -2.5 -10.0 13.75 11007450.1505
180.0 0.0 -10.0 13.75 343.0702
180.0 2.5 -10.0 13.75 32288862.717800003
180.0 5.0 -10.0 13.75 16.0459
180.0 7.5 -10.0 13.75 -2.0374
180.0 -5.0 -7.5 13.75 8885.9516
180.0 -2.5 -7.5 13.75 12422863.3765
180.0 0.0 -7.5 13.75 168469.6912
180.0 2.5 -7.5 13.75 823627283.064
180.0 5.0 -7.5 13.75 15686.7446
180.0 10.0 -7.5 13.75 -2.1776
180.0 -5.0 -5.0 13.75 18941.4924
180.0 -2.5 -5.0 13.75 337826174.75589997
180.0 0.0 -5.0 13.75 10000000368.9796
180.0 2.5 -5.0 13.75 184402923.01819998
180.0 5.0 -5.0 13.75 1167816.6736
180.0 -5.0 -2.5 13.75 26946039.540400002
180.0 -2.5 -2.5 13.75 398739441.84870005
180.0 0.0 -2.5 13.75 255201852.4442
180.0 2.5 -2.5 13.75 185201590.0333
180.0 5.0 -2.5 13.75 59229.230800000005
180.0 -5.0 0.0 13.75 9999999993.9008
180.0 -2.5 0.0 13.75 35316727.0092
180.0 0.0 0.0 13.75 2985592823.2005
180.0 2.5 0.0 13.75 8429895.6325
180.0 5.0 0.0 13.75 141868.3084
180.0 7.5 0.0 13.75 226.2137
180.0 -5.0 2.5 13.75 420010253.4847
180.0 -2.5 2.5 13.75 9999999882.7092
180.0 0.0 2.5 13.75 9999999929.9108
180.0 2.5 2.5 13.75 1474393.9912
180.0 5.0 2.5 13.75 730956.3532
180.0 7.5 2.5 13.75 54900.7287
180.0 10.0 2.5 13.75 1.650599999999999
180.0 -5.0 5.0 13.75 -7.3179
180.0 -2.5 5.0 13.75 301.5109
180.0 0.0 5.0 13.75 11359.1
180.0 2.5 5.0 13.75 42099.2746
180.0 5.0 5.0 13.75 12.7323
180.0 7.5 5.0 13.75 63.547200000000004
180.0 -5.0 -10.0 15.0 -14.6419
180.0 -2.5 -10.0 15.0 11078216.184500001
180.0 0.0 -10.0 15.0 21.9227
180.0 2.5 -10.0 15.0 625.3725
180.0 5.0 -10.0 15.0 -4.7356
180.0 7.5 -10.0 15.0 -1.9501
180.0 10.0 -10.0 15.0 -0.5771000000000001
180.0 -5.0 -7.5 15.0 -15.834900000000001
180.0 -2.5 -7.5 15.0 175977459.518
180.0 0.0 -7.5 15.0 153182.50340000002
180.0 2.5 -7.5 15.0 4136.3755
180.0 5.0 -7.5 15.0 458.068
180.0 7.5 -7.5 15.0 -5.6902
180.0 10.0 -7.5 15.0 -2.9015999999999997
180.0 -5.0 -5.0 15.0 32.5085
180.0 -2.5 -5.0 15.0 4290830161.2583003
180.0 0.0 -5.0 15.0 414431048.0244
180.0 2.5 -5.0 15.0 9999999967.2318
180.0 5.0 -5.0 15.0 386055.8845
180.0 7.5 -5.0 15.0 -11.2225
180.0 -5.0 -2.5 15.0 321532.8477
180.0 -2.5 -2.5 15.0 55633447.0227
180.0 0.0 -2.5 15.0 193912076.54320002
180.0 2.5 -2.5 15.0 9999999842.3421
180.0 5.0 -2.5 15.0 919027.927
180.0 7.5 -2.5 15.0 -15.007
180.0 -5.0 0.0 15.0 2542417673.4014997
180.0 -2.5 0.0 15.0 4787092268.6371
180.0 0.0 0.0 15.0 123545709.9989
180.0 2.5 0.0 15.0 5302.0703
180.0 5.0 0.0 15.0 -11.3595
180.0 7.5 0.0 15.0 -19.102
180.0 -5.0 2.5 15.0 73410.1121
180.0 -2.5 2.5 15.0 3993968.0388999996
180.0 0.0 2.5 15.0 53277833.7611
180.0 2.5 2.5 15.0 91298.0481
180.0 5.0 2.5 15.0 212.1929
180.0 7.5 2.5 15.0 -12.2973
180.0 10.0 2.5 15.0 -11.1291
180.0 -5.0 5.0 15.0 -5.9847
180.0 -2.5 5.0 15.0 5.4857
180.0 0.0 5.0 15.0 6655.186
180.0 2.5 5.0 15.0 1741.896
180.0 5.0 5.0 15.0 -6.034599999999999
180.0 7.5 5.0 15.0 -6.6134
180.0 10.0 5.0 15.0 -1.2511
180.0 -5.0 -10.0 16.25 -9.5512
180.0 -2.5 -10.0 16.25 664.7115
180.0 0.0 -10.0 16.25 -5.6684
180.0 2.5 -10.0 16.25 -6.457199999999999
180.0 5.0 -10.0 16.25 -3.0899
180.0 7.5 -10.0 16.25 -1.4859
180.0 10.0 -10.0 16.25 -0.7736000000000001
180.0 -5.0 -7.5 16.25 -15.377600000000001
180.0 -2.5 -7.5 16.25 384.2637
180.0 0.0 -7.5 16.25 119.47569999999999
180.0 2.5 -7.5 16.25 90.7119
180.0 5.0 -7.5 16.25 5.7947999999999995
180.0 7.5 -7.5 16.25 -4.6974
180.0 10.0 -7.5 16.25 -3.0142
180.0 -5.0 -5.0 16.25 -16.1206
180.0 -2.5 -5.0 16.25 4695732.0324
180.0 0.0 -5.0 16.25 94279.99500000001
180.0 2.5 -5.0 16.25 5685.517699999999
180.0 5.0 -5.0 16.25 532.8781
180.0 7.5 -5.0 16.25 -8.6561
180.0 10.0 -5.0 16.25 -5.4735
180.0 -5.0 -2.5 16.25 124.091
180.0 -2.5 -2.5 16.25 74516.31109999999
180.0 0.0 -2.5 16.25 7280233.8212
180.0 2.5 -2.5 16.25 98606157.9319
180.0 5.0 -2.5 16.25 258.36350000000004
180.0 7.5 -2.5 16.25 -11.8882
180.0 10.0 -2.5 16.25 -7.8064
180.0 -5.0 0.0 16.25 16865019.245500002
180.0 -2.5 0.0 16.25 5520.486199999999
180.0 0.0 0.0 16.25 9999999988.280901
180.0 2.5 0.0 16.25 19205.1427
180.0 5.0 0.0 16.25 -15.694299999999998
180.0 7.5 0.0 16.25 -14.1211
180.0 10.0 0.0 16.25 -8.5201
180.0 -5.0 2.5 16.25 21.0082
180.0 -2.5 2.5 16.25 250365.8979
180.0 0.0 2.5 16.25 270994486.94159997
180.0 2.5 2.5 16.25 3595.5467
180.0 5.0 2.5 16.25 -12.132100000000001
180.0 7.5 2.5 16.25 -13.996599999999999
180.0 10.0 2.5 16.25 -8.1374
180.0 -5.0 5.0 16.25 -3.7895
180.0 -2.5 5.0 16.25 17.172800000000002
180.0 0.0 5.0 16.25 5022.6595
180.0 2.5 5.0 16.25 -4.7286
180.0 5.0 5.0 16.25 -5.622
180.0 7.5 5.0 16.25 -6.0958
180.0 10.0 5.0 16.25 -2.9915000000000003
240.0 -5.0 -10.0 3.75 9999999825.4615
240.0 -2.5 -10.0 3.75 10000000354.078901
240.0 0.0 -10.0 3.75 9999999987.200401
240.0 2.5 -10.0 3.75 90189676.6767
240.0 5.0 -10.0 3.75 341921656.9817
240.0 7.5 -10.0 3.75 10000000032.191301
240.0 10.0 -10.0 3.75 77607.6872
240.0 -5.0 -7.5 3.75 9999999883.7071
240.0 -2.5 -7.5 3.75 9999999998.8698
240.0 0.0 -7.5 3.75 10000000050.403101
240.0 2.5 -7.5 3.75 5329295329.162
240.0 5.0 -7.5 3.75 10000000332.723501
240.0 7.5 -7.5 3.75 10000000001.3696
240.0 10.0 -7.5 3.75 31719.5568
240.0 -5.0 -5.0 3.75 9999999975.4594
240.0 -2.5 -5.0 3.75 9999999834.2325
240.0 0.0 -5.0 3.75 9999999991.308601
240.0 2.5 -5.0 3.75 9999999829.307901
240.0 5.0 -5.0 3.75 9999999526.7856
240.0 7.5 -5.0 3.75 10000000134.366402
240.0 10.0 -5.0 3.75 6950316475.148101
240.0 -5.0 -2.5 3.75 9999999823.5977
240.0 -2.5 -2.5 3.75 9999999578.485401
240.0 0.0 -2.5 3.75 9999999739.785301
240.0 2.5 -2.5 3.75 3704231517.9824004
240.0 5.0 -2.5 3.75 10000000115.039501
240.0 7.5 -2.5 3.75 4086985.2111
240.0 10.0 -2.5 3.75 344.73139999999995
240.0 -5.0 0.0 3.75 10000000007.926401
240.0 -2.5 0.0 3.75 10000000159.256601
240.0 0.0 0.0 3.75 9999999982.094501
240.0 2.5 0.0 3.75 10000000171.520102
240.0 5.0 0.0 3.75 963775798.4249
240.0 7.5 0.0 3.75 3836880515.6552
240.0 10.0 0.0 3.75 32375167.4644
240.0 -5.0 2.5 3.75 10000000136.709301
240.0 -2.5 2.5 3.75 10000000019.833302
240.0 0.0 2.5 3.75 10000000053.0289
240.0 2.5 2.5 3.75 9999999963.941801
240.0 5.0 2.5 3.75 10000000153.678202
240.0 7.5 2.5 3.75 9999999982.7359
240.0 10.0 2.5 3.75 40741535.167500004
240.0 -5.0 5.0 3.75 10000000096.451101
240.0 -2.5 5.0 3.75 4364680941.1886
240.0 0.0 5.0 3.75 219145435.75320002
240.0 2.5 5.0 3.75 9999999733.8127
240.0 5.0 5.0 3.75 10000000121.7833
240.0 7.5 5.0 3.75 9999999938.044102
240.0 10.0 5.0 3.75 1138560038.2588
240.0 0.0 5.0 5.0 253665905.2932
240.0 2.5 -7.5 6.25 379893728.1013
240.0 0.0 -2.5 6.25 9999999712.638601
240.0 0.0 0.0 6.25 1831696883.853
240.0 -2.5 2.5 6.25 3247513602.0873003
240.0 0.0 2.5 6.25 9999999962.3225
240.0 0.0 5.0 6.25 10000000090.3705
240.0 2.5 -7.5 7.5 10000000008.213701
240.0 0.0 -5.0 7.5 10000000095.621302
240.0 2.5 -5.0 7.5 10000000163.9752
240.0 0.0 -2.5 7.5 10000000206.123001
240.0 2.5 -2.5 7.5 10000000331.662
240.0 0.0 0.0 7.5 9999999995.763601
240.0 2.5 0.0 7.5 9999999935.0175
240.0 0.0 2.5 7.5 10000000089.579601
240.0 -2.5 5.0 7.5 2552392.7232999997
240.0 0.0 5.0 7.5 10000000093.985802
240.0 2.5 -10.0 8.75 3052277.5213
240.0 2.5 -7.5 8.75 1125314592.8708
240.0 0.0 -5.0 8.75 9999999876.778
240.0 2.5 -5.0 8.75 10000000051.556301
240.0 -2.5 -2.5 8.75 9999999971.588202
240.0 0.0 -2.5 8.75 840935196.5901
240.0 2.5 -2.5 8.75 9999999966.6742
240.0 -5.0 0.0 8.75 379043784.2016
240.0 -2.5 0.0 8.75 9999999907.6711
240.0 0.0 0.0 8.75 5237016698.6542
240.0 2.5 0.0 8.75 10000000184.5051
240.0 -2.5 2.5 8.75 39262321.450799994
240.0 0.0 2.5 8.75 10000000035.7318
240.0 2.5 2.5 8.75 2729875313.298
240.0 -2.5 5.0 8.75 36070.7433
240.0 0.0 5.0 8.75 2319152843.2159
240.0 2.5 5.0 8.75 2161461629.7969
240.0 2.5 -10.0 10.0 2549.4168999999997
240.0 5.0 -10.0 10.0 264.7319
240.0 2.5 -7.5 10.0 10000000006.685001
240.0 -5.0 -5.0 10.0 9999999924.743801
240.0 0.0 -5.0 10.0 5402045120.5055
240.0 2.5 -5.0 10.0 10000000145.9824
240.0 -5.0 -2.5 10.0 9999999902.248001
240.0 -2.5 -2.5 10.0 459669797.0826
240.0 0.0 -2.5 10.0 14150191.525999999
240.0 2.5 -2.5 10.0 10000000092.091301
240.0 -5.0 0.0 10.0 110626.58899999999
240.0 -2.5 0.0 10.0 10000000073.059301
240.0 0.0 0.0 10.0 4265822898.0354
240.0 2.5 0.0 10.0 10000000039.3244
240.0 -2.5 2.5 10.0 10000000185.829102
240.0 0.0 2.5 10.0 10000000040.1369
240.0 2.5 2.5 10.0 10000000070.858301
240.0 5.0 2.5 10.0 701427585.2815
240.0 -2.5 5.0 10.0 766.7758
240.0 0.0 5.0 10.0 6140457.9031
240.0 2.5 5.0 10.0 1100145565.6803
240.0 5.0 5.0 10.0 1135570.8269999998
240.0 -2.5 -10.0 11.25 494784396.1647
240.0 2.5 -10.0 11.25 217078.7684
240.0 5.0 -10.0 11.25 68.4053
240.0 10.0 -10.0 11.25 -2.2948
240.0 2.5 -7.5 11.25 1102117517.766
240.0 -5.0 -5.0 11.25 61754809.489700004
240.0 -2.5 -5.0 11.25 10000000013.215101
240.0 0.0 -5.0 11.25 9999999933.8777
240.0 2.5 -5.0 11.25 7972261703.882
240.0 -5.0 -2.5 11.25 9999999964.3864
240.0 -2.5 -2.5 11.25 1444360041.8633
240.0 0.0 -2.5 11.25 2016032924.9599
240.0 2.5 -2.5 11.25 539664698.1660999
240.0 -5.0 0.0 11.25 9999999982.4458
240.0 -2.5 0.0 11.25 442006631.57559997
240.0 0.0 0.0 11.25 9999999989.668402
240.0 2.5 0.0 11.25 10000000011.061602
240.0 -2.5 2.5 11.25 1599695148.4198
240.0 0.0 2.5 11.25 9999999915.826601
240.0 2.5 2.5 11.25 13144171.1405
240.0 5.0 2.5 11.25 10000000005.967701
240.0 -2.5 5.0 11.25 41751.297399999996
240.0 0.0 5.0 11.25 1456023.5140000002
240.0 2.5 5.0 11.25 94655885.78799999
240.0 5.0 5.0 11.25 50402.2717
240.0 7.5 5.0 11.25 387.761
240.0 -2.5 -10.0 12.5 3301240280.1032
240.0 0.0 -10.0 12.5 2100.2698
240.0 2.5 -10.0 12.5 10974510.4185
240.0 5.0 -10.0 12.5 50.3581
240.0 7.5 -10.0 12.5 -11.6541
240.0 10.0 -10.0 12.5 -2.8829000000000002
240.0 -5.0 -7.5 12.5 306678.9082
240.0 0.0 -7.5 12.5 2129642.1037
240.0 2.5 -7.5 12.5 7199263.2277
240.0 5.0 -7.5 12.5 1097.4921000000002
240.0 7.5 -7.5 12.5 -4.8725000000000005
240.0 10.0 -7.5 12.5 -1.532
240.0 -5.0 -5.0 12.5 1323779.1344
240.0 -2.5 -5.0 12.5 9999999847.796001
240.0 0.0 -5.0 12.5 1353385227.1351
240.0 2.5 -5.0 12.5 269053809.61509997
240.0 5.0 -5.0 12.5 534500154.755
240.0 -5.0 -2.5 12.5 9999999977.817001
240.0 -2.5 -2.5 12.5 9999999910.354301
240.0 0.0 -2.5 12.5 337066594.8728
240.0 2.5 -2.5 12.5 10000000035.7183
240.0 -5.0 0.0 12.5 42195.694
240.0 -2.5 0.0 12.5 10000000035.5195
240.0 0.0 0.0 12.5 1351945510.963
240.0 2.5 0.0 12.5 1060791582.028
240.0 -2.5 2.5 12.5 10000000018.9027
240.0 0.0 2.5 12.5 372478679.11399996
240.0 2.5 2.5 12.5 10000000188.1298
240.0 5.0 2.5 12.5 9999999966.9132
240.0 -2.5 5.0 12.5 339.5241
240.0 0.0 5.0 12.5 3987942.4622
240.0 2.5 5.0 12.5 7630.3434
240.0 5.0 5.0 12.5 88.32960000000001
240.0 7.5 5.0 12.5 10.265699999999999
240.0 10.0 5.0 12.5 4.2188
240.0 -5.0 -10.0 13.75 287.9376
240.0 -2.5 -10.0 13.75 83128.13590000001
240.0 0.0 -10.0 13.75 12.780399999999997
240.0 2.5 -10.0 13.75 11558.0511
240.0 5.0 -10.0 13.75 -9.705499999999999
240.0 7.5 -10.0 13.75 -9.9467
240.0 10.0 -10.0 13.75 -3.0202
240.0 -5.0 -7.5 13.75 15889.7044
240.0 -2.5 -7.5 13.75 9999999900.546701
240.0 0.0 -7.5 13.75 339478.10079999996
240.0 2.5 -7.5 13.75 2136885.6907
240.0 5.0 -7.5 13.75 123.1752
240.0 7.5 -7.5 13.75 -7.697699999999999
240.0 10.0 -7.5 13.75 -2.019
240.0 -5.0 -5.0 13.75 2878960140.5957
240.0 -2.5 -5.0 13.75 612131236.9608
240.0 0.0 -5.0 13.75 7982085.6235
240.0 2.5 -5.0 13.75 36927421.8479
240.0 5.0 -5.0 13.75 12081421.379
240.0 7.5 -5.0 13.75 1192.3148999999999
240.0 -5.0 -2.5 13.75 1875524.1168
240.0 -2.5 -2.5 13.75 10000000019.165901
240.0 0.0 -2.5 13.75 62187263.1799
240.0 2.5 -2.5 13.75 9999999760.050201
240.0 5.0 -2.5 13.75 623111.5388
240.0 -5.0 0.0 13.75 324345.1033
240.0 -2.5 0.0 13.75 2655906580.5848
240.0 0.0 0.0 13.75 10000000045.1671
240.0 2.5 0.0 13.75 9999999958.1982
240.0 5.0 0.0 13.75 1642835826.6575
240.0 -5.0 2.5 13.75 38.2954
240.0 -2.5 2.5 13.75 147405025.97680002
240.0 0.0 2.5 13.75 1914656.8024000002
240.0 2.5 2.5 13.75 6712418.8405
240.0 5.0 2.5 13.75 151289.3841
240.0 7.5 2.5 13.75 333.4452
240.0 -2.5 5.0 13.75 30.3076
240.0 0.0 5.0 13.75 583.6559
240.0 2.5 5.0 13.75 2.5172999999999988
240.0 5.0 5.0 13.75 -10.0369
240.0 7.5 5.0 13.75 -1.2143000000000002
240.0 10.0 5.0 13.75 2.6243999999999996
240.0 -5.0 -10.0 15.0 -13.4414
240.0 -2.5 -10.0 15.0 71.85919999999999
240.0 0.0 -10.0 15.0 -18.8605
240.0 2.5 -10.0 15.0 28836.1063
240.0 5.0 -10.0 15.0 -7.3996
240.0 7.5 -10.0 15.0 -6.8208
240.0 10.0 -10.0 15.0 -2.6592000000000002
240.0 -5.0 -7.5 15.0 65468.0296
240.0 -2.5 -7.5 15.0 129738.71849999999
240.0 0.0 -7.5 15.0 205.8331
240.0 2.5 -7.5 15.0 107874.69380000001
240.0 5.0 -7.5 15.0 -11.9175
240.0 7.5 -7.5 15.0 -7.4885
240.0 10.0 -7.5 15.0 -2.6787
240.0 -5.0 -5.0 15.0 4503.4606
240.0 -2.5 -5.0 15.0 9999999962.075201
240.0 0.0 -5.0 15.0 670100520.9885
240.0 2.5 -5.0 15.0 3193557791.8575997
240.0 5.0 -5.0 15.0 52253981.1432
240.0 7.5 -5.0 15.0 -11.3479
240.0 10.0 -5.0 15.0 -3.45
240.0 -5.0 -2.5 15.0 1555.5945
240.0 -2.5 -2.5 15.0 1281548887.9046
240.0 0.0 -2.5 15.0 161365180.1643
240.0 2.5 -2.5 15.0 2327908420.4028
240.0 5.0 -2.5 15.0 3048745.2734999997
240.0 7.5 -2.5 15.0 365.5288
240.0 10.0 -2.5 15.0 -6.262700000000001
240.0 -5.0 0.0 15.0 22756.181999999997
240.0 -2.5 0.0 15.0 9999999988.280602
240.0 0.0 0.0 15.0 6175072625.769899
240.0 2.5 0.0 15.0 2088141797.1739001
240.0 5.0 0.0 15.0 1535570.7289
240.0 10.0 0.0 15.0 -5.3488
240.0 -5.0 2.5 15.0 16.8007
240.0 -2.5 2.5 15.0 66222.1263
240.0 0.0 2.5 15.0 2961.2578
240.0 2.5 2.5 15.0 3548.7322
240.0 5.0 2.5 15.0 95374234.8676
240.0 7.5 2.5 15.0 541.1104
240.0 -5.0 5.0 15.0 2.0745
240.0 -2.5 5.0 15.0 -2.4656000000000002
240.0 0.0 5.0 15.0 -6.7353000000000005
240.0 2.5 5.0 15.0 -18.254199999999997
240.0 5.0 5.0 15.0 -11.0979
240.0 7.5 5.0 15.0 -1.9396000000000002
240.0 10.0 5.0 15.0 1.4409
240.0 -5.0 -10.0 16.25 -11.8239
240.0 -2.5 -10.0 16.25 -11.026
240.0 0.0 -10.0 16.25 -12.2424
240.0 2.5 -10.0 16.25 68.05640000000001
240.0 5.0 -10.0 16.25 -4.1663
240.0 7.5 -10.0 16.25 -4.5516000000000005
240.0 10.0 -10.0 16.25 -1.6351
240.0 -5.0 -7.5 16.25 4.5908
240.0 -2.5 -7.5 16.25 130.41299999999998
240.0 0.0 -7.5 16.25 -13.558
240.0 2.5 -7.5 16.25 197.1469
240.0 5.0 -7.5 16.25 -10.6676
240.0 7.5 -7.5 16.25 -5.7982
240.0 10.0 -7.5 16.25 -1.8986
240.0 -5.0 -5.0 16.25 2.1722
240.0 -2.5 -5.0 16.25 2906359.4841
240.0 0.0 -5.0 16.25 4656.1824
240.0 2.5 -5.0 16.25 257341912.76079997
240.0 5.0 -5.0 16.25 35825.3244
240.0 7.5 -5.0 16.25 -11.0161
240.0 10.0 -5.0 16.25 -3.1119999999999997
240.0 -5.0 -2.5 16.25 460.30830000000003
240.0 -2.5 -2.5 16.25 50646.8041
240.0 0.0 -2.5 16.25 264322.9193
240.0 2.5 -2.5 16.25 25249822.4281
240.0 5.0 -2.5 16.25 1849.9057
240.0 7.5 -2.5 16.25 -7.4878
240.0 10.0 -2.5 16.25 -4.3969
240.0 -5.0 0.0 16.25 2177.0357000000004
240.0 -2.5 0.0 16.25 74024785.30839999
240.0 0.0 0.0 16.25 710244708.6271001
240.0 2.5 0.0 16.25 9980334.3997
240.0 5.0 0.0 16.25 28143.0806
240.0 7.5 0.0 16.25 233.77360000000002
240.0 10.0 0.0 16.25 -3.373
240.0 -5.0 2.5 16.25 13.2752
240.0 -2.5 2.5 16.25 13389.5785
240.0 0.0 2.5 16.25 5346.9709
240.0 2.5 2.5 16.25 138336.5553
240.0 5.0 2.5 16.25 845.7544
240.0 7.5 2.5 16.25 6.807099999999999
240.0 -5.0 5.0 16.25 -0.4831000000000001
240.0 -2.5 5.0 16.25 -4.9273
240.0 0.0 5.0 16.25 -11.9691
240.0 2.5 5.0 16.25 -12.945599999999999
240.0 5.0 5.0 16.25 -8.8575
240.0 7.5 5.0 16.25 -2.3724
240.0 10.0 5.0 16.25 0.09410000000000002
300.0 -5.0 -10.0 3.75 10000000094.080502
300.0 -2.5 -10.0 3.75 9999999796.6259
300.0 0.0 -10.0 3.75 9999999902.3777
300.0 2.5 -10.0 3.75 4272683806.5455
300.0 5.0 -10.0 3.75 10000000073.7003
300.0 7.5 -10.0 3.75 117119765.523
300.0 10.0 -10.0 3.75 5146540.5229
300.0 -5.0 -7.5 3.75 5607551508.9118
300.0 -2.5 -7.5 3.75 10000000053.2763
300.0 0.0 -7.5 3.75 10000000652.198
300.0 2.5 -7.5 3.75 839516847.9705
300.0 5.0 -7.5 3.75 1574164383.7224998
300.0 7.5 -7.5 3.75 10000000034.560902
300.0 10.0 -7.5 3.75 1601.5907
300.0 -5.0 -5.0 3.75 3663544701.274
300.0 -2.5 -5.0 3.75 9999999998.5345
300.0 0.0 -5.0 3.75 10000000335.020802
300.0 2.5 -5.0 3.75 10000000962.7133
300.0 5.0 -5.0 3.75 10000000142.631102
300.0 7.5 -5.0 3.75 116507736.4446
300.0 10.0 -5.0 3.75 60870275.3905
300.0 -5.0 -2.5 3.75 10000000247.019402
300.0 -2.5 -2.5 3.75 10000000014.140001
300.0 0.0 -2.5 3.75 10000000326.159
300.0 2.5 -2.5 3.75 9999999998.265701
300.0 5.0 -2.5 3.75 10000000064.642601
300.0 7.5 -2.5 3.75 9999999951.4953
300.0 10.0 -2.5 3.75 2892302.3301
300.0 -5.0 0.0 3.75 9999999982.247002
300.0 -2.5 0.0 3.75 9999999849.1079
300.0 0.0 0.0 3.75 9999999808.467701
300.0 2.5 0.0 3.75 10000000193.7033
300.0 5.0 0.0 3.75 10000000002.263102
300.0 7.5 0.0 3.75 365036987.78429997
300.0 10.0 0.0 3.75 2715266887.1675
300.0 -5.0 2.5 3.75 9999999952.1058
300.0 -2.5 2.5 3.75 9999999897.257301
300.0 0.0 2.5 3.75 10000000054.4389
300.0 2.5 2.5 3.75 10000000185.8647
300.0 5.0 2.5 3.75 10000000029.2844
300.0 7.5 2.5 3.75 229818205.65739998
300.0 10.0 2.5 3.75 84.30619999999999
300.0 -5.0 5.0 3.75 15257921.0077
300.0 -2.5 5.0 3.75 9999999982.0433
300.0 0.0 5.0 3.75 9999999907.1319
300.0 2.5 5.0 3.75 904118337.328
300.0 5.0 5.0 3.75 308964064.2287
300.0 7.5 5.0 3.75 165464.2529
300.0 10.0 5.0 3.75 2779.5137
300.0 0.0 -2.5 5.0 9999999936.8897
300.0 0.0 0.0 5.0 9999999985.6791
300.0 5.0 -7.5 6.25 9999999971.885101
300.0 0.0 -5.0 6.25 10000000203.8367
300.0 0.0 -2.5 6.25 10000000224.725801
300.0 0.0 0.0 6.25 10000000347.8369
300.0 0.0 2.5 6.25 10000000021.0172
300.0 0.0 5.0 6.25 6510415239.347899
300.0 5.0 -7.5 7.5 9999999799.1534
300.0 2.5 -5.0 7.5 5268667222.6765995
300.0 0.0 -2.5 7.5 10000000263.3759
300.0 2.5 -2.5 7.5 10000000272.4887
300.0 0.0 0.0 7.5 9999999835.252
300.0 -2.5 2.5 7.5 10000000059.627401
300.0 0.0 2.5 7.5 9999999840.0021
300.0 -2.5 5.0 7.5 10000000171.9409
300.0 0.0 5.0 7.5 1449374993.2143002
300.0 2.5 -10.0 8.75 870627986.3570001
300.0 5.0 -7.5 8.75 15754578.5369
300.0 0.0 -5.0 8.75 20463874.2671
300.0 2.5 -5.0 8.75 1651913757.1103
300.0 5.0 -5.0 8.75 592489143.2322
300.0 0.0 -2.5 8.75 6437562056.966599
300.0 2.5 -2.5 8.75 9999999941.158201
300.0 0.0 0.0 8.75 10000000090.093401
300.0 2.5 0.0 8.75 9999999946.584002
300.0 0.0 2.5 8.75 3065425251.4396996
300.0 2.5 2.5 8.75 444538762.7974
300.0 -2.5 5.0 8.75 9999999924.2882
300.0 0.0 5.0 8.75 599825270.1515
300.0 2.5 5.0 8.75 10000000032.956701
300.0 2.5 -10.0 10.0 1394849100.3474
300.0 2.5 -7.5 10.0 116938085.4472
300.0 5.0 -7.5 10.0 3921.0312000000004
300.0 7.5 -7.5 10.0 12634406.8806
300.0 0.0 -5.0 10.0 129548088.5985
300.0 2.5 -5.0 10.0 357130847.13890004
300.0 5.0 -5.0 10.0 3577620.0544
300.0 0.0 -2.5 10.0 1245872831.9680002
300.0 2.5 -2.5 10.0 9999999907.955
300.0 -5.0 0.0 10.0 207642.6855
300.0 -2.5 0.0 10.0 654881305.4692
300.0 0.0 0.0 10.0 9999999995.295502
300.0 2.5 0.0 10.0 3088105.0631000004
300.0 5.0 0.0 10.0 1027907906.8169
300.0 -2.5 2.5 10.0 47618916.6186
300.0 0.0 2.5 10.0 9999999998.0049
300.0 2.5 2.5 10.0 10704511.9434
300.0 5.0 2.5 10.0 268012755.894
300.0 -2.5 5.0 10.0 142879.171
300.0 0.0 5.0 10.0 1670374.8547
300.0 2.5 5.0 10.0 10000000205.604801
300.0 2.5 -10.0 11.25 10000000017.972801
300.0 5.0 -10.0 11.25 17459.8168
300.0 7.5 -10.0 11.25 -35.9463
300.0 10.0 -10.0 11.25 -19.6075
300.0 2.5 -7.5 11.25 6770575.2691
300.0 5.0 -7.5 11.25 392378.10099999997
300.0 0.0 -5.0 11.25 527585433.32030004
300.0 2.5 -5.0 11.25 10000000153.8596
300.0 5.0 -5.0 11.25 26003727.3701
300.0 -2.5 -2.5 11.25 3825138040.933
300.0 0.0 -2.5 11.25 1111611040.9411
300.0 2.5 -2.5 11.25 10000000026.8174
300.0 -5.0 0.0 11.25 1298.7693
300.0 -2.5 0.0 11.25 189098.17150000003
300.0 0.0 0.0 11.25 3448699255.6091003
300.0 2.5 0.0 11.25 3571071135.0194
300.0 -2.5 2.5 11.25 21260.815599999998
300.0 0.0 2.5 11.25 734520492.9283
300.0 2.5 2.5 11.25 1288741588.2065
300.0 5.0 2.5 11.25 1113658605.2447002
300.0 -2.5 5.0 11.25 48484.5052
300.0 0.0 5.0 11.25 208678.52539999998
300.0 2.5 5.0 11.25 9999999960.4999
300.0 7.5 5.0 11.25 9999999962.8082
300.0 -5.0 -10.0 12.5 -6.6447
300.0 2.5 -10.0 12.5 9999999963.070301
300.0 5.0 -10.0 12.5 62.226200000000006
300.0 7.5 -10.0 12.5 -26.817
300.0 10.0 -10.0 12.5 -16.938299999999998
300.0 2.5 -7.5 12.5 920524478.9737
300.0 5.0 -7.5 12.5 11845.626499999998
300.0 7.5 -7.5 12.5 -33.4664
300.0 -5.0 -5.0 12.5 1573890.0012
300.0 -2.5 -5.0 12.5 3007649521.9737
300.0 0.0 -5.0 12.5 9999999847.9698
300.0 2.5 -5.0 12.5 9999999911.669102
300.0 5.0 -5.0 12.5 18698036.3442
300.0 -5.0 -2.5 12.5 17892.3837
300.0 -2.5 -2.5 12.5 10000000018.3071
300.0 0.0 -2.5 12.5 6000861621.8231
300.0 2.5 -2.5 12.5 10000000136.12
300.0 -5.0 0.0 12.5 10.304899999999998
300.0 -2.5 0.0 12.5 170901.8952
300.0 0.0 0.0 12.5 9999999966.911201
300.0 2.5 0.0 12.5 1022765993.2942001
300.0 5.0 0.0 12.5 10000000029.430101
300.0 -2.5 2.5 12.5 10023.6448
300.0 0.0 2.5 12.5 274900773.3904
300.0 2.5 2.5 12.5 6498440063.6115
300.0 5.0 2.5 12.5 231441552.31539997
300.0 7.5 2.5 12.5 166252.82510000002
300.0 10.0 2.5 12.5 1073.7937
300.0 -2.5 5.0 12.5 2150.6052999999997
300.0 0.0 5.0 12.5 1713332.0764000001
300.0 2.5 5.0 12.5 9999999713.911001
300.0 5.0 5.0 12.5 510814.4239
300.0 7.5 5.0 12.5 34221965.5176
300.0 10.0 5.0 12.5 -5.0039
300.0 0.0 -10.0 13.75 75.3261
300.0 2.5 -10.0 13.75 1757547859.5214
300.0 5.0 -10.0 13.75 -13.6356
300.0 7.5 -10.0 13.75 -18.6014
300.0 10.0 -10.0 13.75 -12.5774
300.0 -5.0 -7.5 13.75 115.96549999999999
300.0 -2.5 -7.5 13.75 10000000027.886702
300.0 2.5 -7.5 13.75 1545704.1243999999
300.0 5.0 -7.5 13.75 195056967.2237
300.0 7.5 -7.5 13.75 -27.6689
300.0 10.0 -7.5 13.75 -15.7566
300.0 -5.0 -5.0 13.75 5644193.3526
300.0 -2.5 -5.0 13.75 4554155632.5529
300.0 0.0 -5.0 13.75 5287761.8983
300.0 2.5 -5.0 13.75 13058504.4957
300.0 5.0 -5.0 13.75 222625.9264
300.0 -5.0 -2.5 13.75 13520.9873
300.0 -2.5 -2.5 13.75 872954370.1715
300.0 0.0 -2.5 13.75 9999999979.119001
300.0 2.5 -2.5 13.75 94857894.8112
300.0 5.0 -2.5 13.75 24011.2523
300.0 -5.0 0.0 13.75 13.822600000000001
300.0 -2.5 0.0 13.75 3076290.3649999998
300.0 0.0 0.0 13.75 6839301730.8385
300.0 2.5 0.0 13.75 8165332.2033
300.0 5.0 0.0 13.75 30784324.2366
300.0 7.5 0.0 13.75 468908.9955
300.0 -2.5 2.5 13.75 309.59819999999996
300.0 0.0 2.5 13.75 1052027470.171
300.0 2.5 2.5 13.75 9999999842.186401
300.0 5.0 2.5 13.75 36662287.7047
300.0 7.5 2.5 13.75 2351591.8213
300.0 10.0 2.5 13.75 3.650199999999999
300.0 -2.5 5.0 13.75 -2.1136
300.0 0.0 5.0 13.75 60793.6004
300.0 2.5 5.0 13.75 10000000068.5597
300.0 5.0 5.0 13.75 6439.7898000000005
300.0 7.5 5.0 13.75 9.0549
300.0 10.0 5.0 13.75 -4.4606
300.0 -5.0 -10.0 15.0 -5.0731
300.0 -2.5 -10.0 15.0 -6.3392
300.0 0.0 -10.0 15.0 -12.999500000000001
300.0 2.5 -10.0 15.0 539.6501999999999
300.0 5.0 -10.0 15.0 -14.1298
300.0 7.5 -10.0 15.0 -12.7111
300.0 10.0 -10.0 15.0 -9.4881
300.0 -5.0 -7.5 15.0 -9.0449
300.0 -2.5 -7.5 15.0 25705.1709
300.0 0.0 -7.5 15.0 1538.1411
300.0 2.5 -7.5 15.0 11144808.8284
300.0 5.0 -7.5 15.0 55584.3687
300.0 7.5 -7.5 15.0 -16.212699999999998
300.0 10.0 -7.5 15.0 -11.2891
300.0 -5.0 -5.0 15.0 610.6325
300.0 -2.5 -5.0 15.0 557265.0638
300.0 0.0 -5.0 15.0 384373177.1844
300.0 2.5 -5.0 15.0 12165807.7625
300.0 5.0 -5.0 15.0 15069513.430300001
300.0 7.5 -5.0 15.0 -20.3105
300.0 10.0 -5.0 15.0 -13.603
300.0 -5.0 -2.5 15.0 53.4803
300.0 -2.5 -2.5 15.0 30298634.3566
300.0 0.0 -2.5 15.0 142298463.8722
300.0 2.5 -2.5 15.0 368281116.9318
300.0 5.0 -2.5 15.0 1782925.3654
300.0 10.0 -2.5 15.0 -14.3443
300.0 -5.0 0.0 15.0 2.8689999999999998
300.0 -2.5 0.0 15.0 115296.0432
300.0 0.0 0.0 15.0 111349320.6982
300.0 2.5 0.0 15.0 298187036.5858
300.0 5.0 0.0 15.0 10000000006.7254
300.0 7.5 0.0 15.0 5552.0866
300.0 -5.0 2.5 15.0 -21.3271
300.0 -2.5 2.5 15.0 -2.3765
300.0 0.0 2.5 15.0 6018005.433499999
300.0 2.5 2.5 15.0 974423239.8271999
300.0 5.0 2.5 15.0 1664370187.9247
300.0 7.5 2.5 15.0 82.383
300.0 10.0 2.5 15.0 -8.5522
300.0 -2.5 5.0 15.0 -10.734
300.0 0.0 5.0 15.0 9855048.1091
300.0 2.5 5.0 15.0 1704816899.0659
300.0 5.0 5.0 15.0 418.0031
300.0 7.5 5.0 15.0 -1.7011000000000003
300.0 10.0 5.0 15.0 -2.8196000000000003
300.0 -5.0 -10.0 16.25 -3.3367
300.0 -2.5 -10.0 16.25 -5.2519
300.0 0.0 -10.0 16.25 -6.757199999999999
300.0 2.5 -10.0 16.25 -7.8866000000000005
300.0 5.0 -10.0 16.25 -7.753299999999999
300.0 7.5 -10.0 16.25 -6.7316
300.0 10.0 -10.0 16.25 -5.3797
300.0 -5.0 -7.5 16.25 -8.1903
300.0 -2.5 -7.5 16.25 273.8173
300.0 0.0 -7.5 16.25 11.936700000000002
300.0 2.5 -7.5 16.25 278.7667
300.0 5.0 -7.5 16.25 9.0098
300.0 7.5 -7.5 16.25 -7.9948999999999995
300.0 10.0 -7.5 16.25 -7.372
300.0 -5.0 -5.0 16.25 -10.5839
300.0 -2.5 -5.0 16.25 3525834.9473
300.0 0.0 -5.0 16.25 284252.8637
300.0 2.5 -5.0 16.25 8381771.9555
300.0 5.0 -5.0 16.25 282.33529999999996
300.0 7.5 -5.0 16.25 -10.3709
300.0 10.0 -5.0 16.25 -9.1444
300.0 -5.0 -2.5 16.25 -5.237799999999999
300.0 -2.5 -2.5 16.25 328310875.0287
300.0 0.0 -2.5 16.25 6380350.9571
300.0 2.5 -2.5 16.25 4471.9899
300.0 5.0 -2.5 16.25 193.70770000000002
300.0 7.5 -2.5 16.25 -15.0639
300.0 10.0 -2.5 16.25 -10.4182
300.0 -5.0 0.0 16.25 -13.8253
300.0 -2.5 0.0 16.25 9999999958.8134
300.0 0.0 0.0 16.25 6183138705.369
300.0 2.5 0.0 16.25 644819.2211000001
300.0 5.0 0.0 16.25 9999999984.960901
300.0 7.5 0.0 16.25 16.8277
300.0 -5.0 2.5 16.25 -14.587
300.0 -2.5 2.5 16.25 -13.539100000000001
300.0 0.0 2.5 16.25 1792196.342
300.0 2.5 2.5 16.25 18445.6405
300.0 5.0 2.5 16.25 27671.3045
300.0 7.5 2.5 16.25 -11.056000000000001
300.0 10.0 2.5 16.25 -6.1404
300.0 -5.0 5.0 16.25 -12.226500000000001
300.0 -2.5 5.0 16.25 -8.0924
300.0 0.0 5.0 16.25 355.73589999999996
300.0 2.5 5.0 16.25 4516706.4438000005
300.0 5.0 5.0 16.25 9.0353
300.0 7.5 5.0 16.25 -2.5125
300.0 10.0 5.0 16.25 -2.0336999999999996
