0.0 -2.5 -7.5 10.0 13.1227
0.0 -2.5 -5.0 10.0 12.197
0.0 -2.5 -2.5 10.0 5.4518
0.0 0.0 0.0 10.0 -5.0569
0.0 -2.5 2.5 10.0 -8.940399999999999
0.0 -5.0 5.0 10.0 -15.686300000000001
0.0 -2.5 -7.5 11.25 7.0203
0.0 0.0 -7.5 11.25 2.3975
0.0 -5.0 -5.0 11.25 8.29
0.0 -2.5 -5.0 11.25 6.353899999999999
0.0 0.0 -5.0 11.25 0.9577
0.0 -2.5 -2.5 11.25 3.0548
0.0 2.5 -2.5 11.25 -5.2778
0.0 5.0 -2.5 11.25 -6.444599999999999
0.0 -2.5 0.0 11.25 -1.5562
0.0 0.0 0.0 11.25 -2.841
0.0 -5.0 2.5 11.25 -6.9239
0.0 -2.5 2.5 11.25 -5.4946
0.0 0.0 2.5 11.25 -4.3084999999999996
0.0 -5.0 5.0 11.25 -9.920900000000001
0.0 -2.5 5.0 11.25 -7.9867
0.0 0.0 -10.0 12.5 1.4048999999999998
0.0 2.5 -10.0 12.5 -0.2701
0.0 -2.5 -7.5 12.5 3.7364
0.0 0.0 -7.5 12.5 1.4182
0.0 -5.0 -5.0 12.5 4.579400000000001
0.0 -2.5 -5.0 12.5 3.3792
0.0 0.0 -5.0 12.5 0.6823
0.0 2.5 -5.0 12.5 -2.3040000000000003
0.0 -2.5 -2.5 12.5 1.604
0.0 0.0 -2.5 12.5 -0.5637000000000001
0.0 2.5 -2.5 12.5 -2.9436
0.0 5.0 -2.5 12.5 -3.4693
0.0 -2.5 0.0 12.5 -0.9022
0.0 0.0 0.0 12.5 -1.6812999999999998
0.0 -5.0 2.5 12.5 -4.0027
0.0 -2.5 2.5 12.5 -3.2872999999999997
0.0 0.0 2.5 12.5 -2.7180999999999997
0.0 -5.0 5.0 12.5 -5.8721000000000005
0.0 -2.5 5.0 12.5 -4.8381
0.0 0.0 5.0 12.5 -2.9992
0.0 0.0 -10.0 13.75 0.8526
0.0 2.5 -10.0 13.75 -0.10189999999999999
0.0 -5.0 -7.5 13.75 2.1977
0.0 -2.5 -7.5 13.75 2.1901
0.0 0.0 -7.5 13.75 0.9546
0.0 5.0 -7.5 13.75 -1.0759
0.0 -5.0 -5.0 13.75 2.2946999999999997
0.0 -2.5 -5.0 13.75 2.1372
0.0 0.0 -5.0 13.75 0.6187999999999999
0.0 2.5 -5.0 13.75 -1.1194
0.0 -5.0 -2.5 13.75 1.3739000000000001
0.0 -2.5 -2.5 13.75 1.2536
0.0 0.0 -2.5 13.75 -0.0501
0.0 2.5 -2.5 13.75 -1.4266
0.0 5.0 -2.5 13.75 -1.6996
0.0 7.5 -2.5 13.75 -1.1373
0.0 -5.0 0.0 13.75 -0.4597
0.0 -2.5 0.0 13.75 -0.25970000000000004
0.0 0.0 0.0 13.75 -0.8046
0.0 2.5 0.0 13.75 -1.2792000000000001
0.0 10.0 0.0 13.75 -0.0659
0.0 -5.0 2.5 13.75 -2.3485
0.0 -2.5 2.5 13.75 -1.8278
0.0 0.0 2.5 13.75 -1.2636
0.0 -5.0 5.0 13.75 -3.1771
0.0 -2.5 5.0 13.75 -2.5663
0.0 0.0 5.0 13.75 -1.3267
0.0 -5.0 -10.0 15.0 0.5691
0.0 -2.5 -10.0 15.0 0.6987
0.0 0.0 -10.0 15.0 0.42469999999999997
0.0 2.5 -10.0 15.0 0.0309
0.0 5.0 -10.0 15.0 -0.0544
0.0 7.5 -10.0 15.0 -0.0
0.0 10.0 -10.0 15.0 0.0
0.0 -5.0 -7.5 15.0 1.0063
0.0 -2.5 -7.5 15.0 1.1578
0.0 0.0 -7.5 15.0 0.6728000000000001
0.0 2.5 -7.5 15.0 -0.0495
0.0 5.0 -7.5 15.0 -0.3923
0.0 10.0 -7.5 15.0 0.0
0.0 -5.0 -5.0 15.0 0.9991
0.0 -2.5 -5.0 15.0 1.1228
0.0 0.0 -5.0 15.0 0.4587
0.0 2.5 -5.0 15.0 -0.2877
0.0 5.0 -5.0 15.0 -0.6347999999999999
0.0 7.5 -5.0 15.0 -0.3253
0.0 -5.0 -2.5 15.0 0.61
0.0 -2.5 -2.5 15.0 0.673
0.0 0.0 -2.5 15.0 0.0751
0.0 2.5 -2.5 15.0 -0.4852
0.0 5.0 -2.5 15.0 -0.7219000000000001
0.0 7.5 -2.5 15.0 -0.2899
0.0 10.0 -2.5 15.0 -0.0027
0.0 -5.0 0.0 15.0 -0.18330000000000002
0.0 -2.5 0.0 15.0 0.0115
0.0 0.0 0.0 15.0 -0.078
0.0 2.5 0.0 15.0 -0.485
0.0 5.0 0.0 15.0 -0.452
0.0 7.5 0.0 15.0 -0.1003
0.0 10.0 0.0 15.0 0.0
0.0 -5.0 2.5 15.0 -1.0256999999999998
0.0 -2.5 2.5 15.0 -0.7949999999999999
0.0 0.0 2.5 15.0 -0.3218
0.0 2.5 2.5 15.0 -0.1184
0.0 5.0 2.5 15.0 -0.0486
0.0 7.5 2.5 15.0 -0.0006
0.0 -5.0 5.0 15.0 -1.3824999999999998
0.0 -2.5 5.0 15.0 -1.0554
0.0 0.0 5.0 15.0 -0.5058
0.0 2.5 5.0 15.0 -0.0013
0.0 10.0 5.0 15.0 0.0
0.0 -5.0 -10.0 16.25 0.041
0.0 -2.5 -10.0 16.25 0.0443
0.0 0.0 -10.0 16.25 0.0088
0.0 2.5 -10.0 16.25 0.0
0.0 5.0 -10.0 16.25 0.0
0.0 7.5 -10.0 16.25 0.0
0.0 10.0 -10.0 16.25 0.0
0.0 -5.0 -7.5 16.25 0.1879
0.0 -2.5 -7.5 16.25 0.34130000000000005
0.0 0.0 -7.5 16.25 0.226
0.0 2.5 -7.5 16.25 0.0234
0.0 5.0 -7.5 16.25 -0.0136
0.0 7.5 -7.5 16.25 0.0
0.0 10.0 -7.5 16.25 0.0
0.0 -5.0 -5.0 16.25 0.2305
0.0 -2.5 -5.0 16.25 0.4503
0.0 0.0 -5.0 16.25 0.3578
0.0 2.5 -5.0 16.25 -0.0092
0.0 5.0 -5.0 16.25 -0.1022
0.0 7.5 -5.0 16.25 -0.0051
0.0 10.0 -5.0 16.25 0.0
0.0 -5.0 -2.5 16.25 0.1183
0.0 -2.5 -2.5 16.25 0.29850000000000004
0.0 0.0 -2.5 16.25 0.22269999999999998
0.0 2.5 -2.5 16.25 -0.0634
0.0 5.0 -2.5 16.25 -0.0884
0.0 7.5 -2.5 16.25 -0.0012
0.0 10.0 -2.5 16.25 0.0
0.0 -5.0 0.0 16.25 -0.015
0.0 -2.5 0.0 16.25 0.0274
0.0 0.0 0.0 16.25 0.0106
0.0 2.5 0.0 16.25 -0.0219
0.0 5.0 0.0 16.25 -0.0089
0.0 7.5 0.0 16.25 0.0
0.0 10.0 0.0 16.25 0.0
0.0 -5.0 2.5 16.25 -0.2326
0.0 -2.5 2.5 16.25 -0.1102
0.0 0.0 2.5 16.25 -0.0034
0.0 2.5 2.5 16.25 0.0
0.0 5.0 2.5 16.25 0.0
0.0 7.5 2.5 16.25 0.0
0.0 10.0 2.5 16.25 0.0
0.0 -5.0 5.0 16.25 -0.4042
0.0 -2.5 5.0 16.25 -0.2653
0.0 0.0 5.0 16.25 -0.0018
0.0 2.5 5.0 16.25 0.0
0.0 5.0 5.0 16.25 0.0
0.0 7.5 5.0 16.25 0.0
0.0 10.0 5.0 16.25 0.0
60.0 -5.0 -10.0 3.75 -55.261
60.0 -2.5 -10.0 3.75 -25.1443
60.0 0.0 -10.0 3.75 353.81730000000005
60.0 2.5 -10.0 3.75 10335.7516
60.0 5.0 -10.0 3.75 64.1289
60.0 7.5 -10.0 3.75 39.379099999999994
60.0 10.0 -10.0 3.75 21.354200000000002
60.0 -5.0 -7.5 3.75 -59.884499999999996
60.0 -2.5 -7.5 3.75 -28.0746
60.0 0.0 -7.5 3.75 27242.1288
60.0 2.5 -7.5 3.75 841190823.4275
60.0 5.0 -7.5 3.75 20230.5293
60.0 7.5 -7.5 3.75 77.5227
60.0 10.0 -7.5 3.75 27.2849
60.0 -5.0 -5.0 3.75 -12.529200000000003
60.0 -2.5 -5.0 3.75 -6.384099999999999
60.0 0.0 -5.0 3.75 2841431.5903
60.0 2.5 -5.0 3.75 2442.4282000000003
60.0 5.0 -5.0 3.75 10000000029.145102
60.0 7.5 -5.0 3.75 47100608.717599995
60.0 10.0 -5.0 3.75 24.157700000000002
60.0 -5.0 -2.5 3.75 409912626.7934
60.0 -2.5 -2.5 3.75 16851882.7584
60.0 0.0 -2.5 3.75 1070.1689999999999
60.0 2.5 -2.5 3.75 10000000000.426802
60.0 5.0 -2.5 3.75 425.75289999999995
60.0 7.5 -2.5 3.75 35.803399999999996
60.0 10.0 -2.5 3.75 -7.9344
60.0 -5.0 0.0 3.75 -29.421300000000002
60.0 -2.5 0.0 3.75 160.5052
60.0 0.0 0.0 3.75 68.273
60.0 2.5 0.0 3.75 10000000033.8946
60.0 5.0 0.0 3.75 1282.5994
60.0 7.5 0.0 3.75 49.0718
60.0 10.0 0.0 3.75 -41.893899999999995
60.0 -5.0 2.5 3.75 -27.2382
60.0 -2.5 2.5 3.75 -28.4356
60.0 0.0 2.5 3.75 -35.4633
60.0 2.5 2.5 3.75 3152770.4896
60.0 5.0 2.5 3.75 233800.85129999998
60.0 7.5 2.5 3.75 294.4357
60.0 10.0 2.5 3.75 -44.6841
60.0 -5.0 5.0 3.75 -22.4293
60.0 -2.5 5.0 3.75 -29.8711
60.0 0.0 5.0 3.75 -36.0107
60.0 2.5 5.0 3.75 -40.6533
60.0 5.0 5.0 3.75 -41.26990000000001
60.0 7.5 5.0 3.75 -36.3727
60.0 10.0 5.0 3.75 -26.705199999999998
60.0 2.5 5.0 10.0 -7.3169
60.0 2.5 -10.0 11.25 7.5028999999999995
60.0 7.5 -10.0 11.25 3.8063000000000002
60.0 5.0 -7.5 11.25 8.162999999999998
60.0 -2.5 2.5 11.25 -4.1486
60.0 0.0 2.5 11.25 -3.9867
60.0 2.5 2.5 11.25 -5.4244
60.0 5.0 2.5 11.25 -6.6922
60.0 7.5 2.5 11.25 -6.0707
60.0 -2.5 5.0 11.25 -2.39
60.0 0.0 5.0 11.25 -2.9143
60.0 2.5 5.0 11.25 -4.0991
60.0 5.0 5.0 11.25 -4.7434
60.0 0.0 -10.0 12.5 2.5196
60.0 2.5 -10.0 12.5 3.7144
60.0 5.0 -10.0 12.5 3.2779
60.0 7.5 -10.0 12.5 1.8934
60.0 0.0 -5.0 12.5 2.4482
60.0 0.0 2.5 12.5 -2.4112
60.0 2.5 2.5 12.5 -3.1104000000000003
60.0 5.0 2.5 12.5 -3.5715
60.0 7.5 2.5 12.5 -3.1485000000000003
60.0 10.0 2.5 12.5 -2.0845
60.0 0.0 5.0 12.5 -1.5171999999999999
60.0 2.5 5.0 12.5 -2.2497000000000003
60.0 5.0 5.0 12.5 -2.5744
60.0 7.5 5.0 12.5 -2.2355
60.0 10.0 5.0 12.5 -1.2802
60.0 0.0 -10.0 13.75 0.8374999999999999
60.0 2.5 -10.0 13.75 1.4518000000000002
60.0 5.0 -10.0 13.75 1.4355
60.0 7.5 -10.0 13.75 0.8945000000000001
60.0 10.0 -10.0 13.75 0.3249
60.0 -5.0 -7.5 13.75 -0.8962
60.0 2.5 -7.5 13.75 2.3145000000000002
60.0 5.0 -7.5 13.75 2.1957
60.0 7.5 -7.5 13.75 1.4836
60.0 10.0 -7.5 13.75 0.4968
60.0 -2.5 -5.0 13.75 -0.25689999999999996
60.0 0.0 -5.0 13.75 1.5266
60.0 5.0 -5.0 13.75 2.0050999999999997
60.0 10.0 -5.0 13.75 0.4646
60.0 -5.0 -2.5 13.75 -2.6531000000000002
60.0 -2.5 -2.5 13.75 -0.9384
60.0 0.0 -2.5 13.75 0.44510000000000005
60.0 0.0 0.0 13.75 -0.8047
60.0 2.5 0.0 13.75 -0.8779
60.0 -2.5 2.5 13.75 -1.1067999999999998
60.0 0.0 2.5 13.75 -1.0795
60.0 2.5 2.5 13.75 -1.4856
60.0 5.0 2.5 13.75 -1.7512
60.0 7.5 2.5 13.75 -1.564
60.0 10.0 2.5 13.75 -0.8239000000000001
60.0 0.0 5.0 13.75 -0.6766
60.0 2.5 5.0 13.75 -1.0804
60.0 5.0 5.0 13.75 -1.2816
60.0 7.5 5.0 13.75 -0.9796
60.0 10.0 5.0 13.75 -0.40850000000000003
60.0 -5.0 -10.0 15.0 0.0
60.0 -2.5 -10.0 15.0 -0.0121
60.0 0.0 -10.0 15.0 0.055600000000000004
60.0 2.5 -10.0 15.0 0.4161
60.0 5.0 -10.0 15.0 0.5095000000000001
60.0 7.5 -10.0 15.0 0.28940000000000005
60.0 10.0 -10.0 15.0 0.0172
60.0 -5.0 -7.5 15.0 -0.25839999999999996
60.0 -2.5 -7.5 15.0 0.0065
60.0 0.0 -7.5 15.0 0.5154
60.0 2.5 -7.5 15.0 1.0095999999999998
60.0 5.0 -7.5 15.0 1.0608
60.0 7.5 -7.5 15.0 0.6411
60.0 10.0 -7.5 15.0 0.0597
60.0 -5.0 -5.0 15.0 -0.7323
60.0 -2.5 -5.0 15.0 -0.1316
60.0 0.0 -5.0 15.0 0.6766
60.0 2.5 -5.0 15.0 1.1213
60.0 5.0 -5.0 15.0 1.1305
60.0 7.5 -5.0 15.0 0.7223999999999999
60.0 10.0 -5.0 15.0 0.0669
60.0 -5.0 -2.5 15.0 -1.1471
60.0 -2.5 -2.5 15.0 -0.3792
60.0 0.0 -2.5 15.0 0.3797
60.0 2.5 -2.5 15.0 0.4977
60.0 10.0 -2.5 15.0 -0.004
60.0 -2.5 0.0 15.0 -0.5166
60.0 0.0 0.0 15.0 -0.0781
60.0 2.5 0.0 15.0 -0.2455
60.0 7.5 0.0 15.0 -0.3535
60.0 -5.0 2.5 15.0 -0.605
60.0 -2.5 2.5 15.0 -0.16219999999999998
60.0 0.0 2.5 15.0 -0.3024
60.0 2.5 2.5 15.0 -0.6202
60.0 5.0 2.5 15.0 -0.7309
60.0 7.5 2.5 15.0 -0.5589999999999999
60.0 10.0 2.5 15.0 -0.23029999999999998
60.0 -2.5 5.0 15.0 -0.0
60.0 0.0 5.0 15.0 -0.0707
60.0 2.5 5.0 15.0 -0.31939999999999996
60.0 5.0 5.0 15.0 -0.36679999999999996
60.0 7.5 5.0 15.0 -0.2425
60.0 10.0 5.0 15.0 -0.0491
60.0 -5.0 -10.0 16.25 0.0
60.0 -2.5 -10.0 16.25 0.0
60.0 0.0 -10.0 16.25 -0.0012
60.0 2.5 -10.0 16.25 0.0071
60.0 5.0 -10.0 16.25 0.0357
60.0 7.5 -10.0 16.25 0.0007
60.0 10.0 -10.0 16.25 0.0
60.0 -5.0 -7.5 16.25 -0.001
60.0 -2.5 -7.5 16.25 0.0
60.0 0.0 -7.5 16.25 0.0321
60.0 2.5 -7.5 16.25 0.2076
60.0 5.0 -7.5 16.25 0.2277
60.0 7.5 -7.5 16.25 0.0299
60.0 10.0 -7.5 16.25 0.0
60.0 -5.0 -5.0 16.25 -0.157
60.0 -2.5 -5.0 16.25 -0.003
60.0 0.0 -5.0 16.25 0.17950000000000002
60.0 2.5 -5.0 16.25 0.42010000000000003
60.0 5.0 -5.0 16.25 0.396
60.0 7.5 -5.0 16.25 0.09269999999999999
60.0 10.0 -5.0 16.25 0.0
60.0 -5.0 -2.5 16.25 -0.2737
60.0 -2.5 -2.5 16.25 -0.0488
60.0 0.0 -2.5 16.25 0.1608
60.0 2.5 -2.5 16.25 0.36050000000000004
60.0 5.0 -2.5 16.25 0.3205
60.0 7.5 -2.5 16.25 0.0877
60.0 10.0 -2.5 16.25 0.0
60.0 -5.0 0.0 16.25 -0.2339
60.0 -2.5 0.0 16.25 -0.0206
60.0 0.0 0.0 16.25 0.0106
60.0 2.5 0.0 16.25 0.0625
60.0 5.0 0.0 16.25 -0.0275
60.0 7.5 0.0 16.25 -0.0622
60.0 10.0 0.0 16.25 0.0
60.0 -5.0 2.5 16.25 -0.0157
60.0 -2.5 2.5 16.25 0.0
60.0 0.0 2.5 16.25 -0.0052
60.0 2.5 2.5 16.25 -0.048
60.0 5.0 2.5 16.25 -0.1165
60.0 7.5 2.5 16.25 -0.0588
60.0 10.0 2.5 16.25 0.0
60.0 -5.0 5.0 16.25 0.0
60.0 -2.5 5.0 16.25 0.0
60.0 0.0 5.0 16.25 0.0
60.0 2.5 5.0 16.25 -0.0034
60.0 5.0 5.0 16.25 -0.0072
60.0 7.5 5.0 16.25 0.0
60.0 10.0 5.0 16.25 0.0
120.0 -5.0 -10.0 3.75 4.506
120.0 -2.5 -10.0 3.75 12.017199999999999
120.0 0.0 -10.0 3.75 -46.2275
120.0 2.5 -10.0 3.75 -51.2354
120.0 5.0 -10.0 3.75 -60.9203
120.0 7.5 -10.0 3.75 -37.0506
120.0 10.0 -10.0 3.75 -13.0061
120.0 -5.0 -7.5 3.75 1555.2612
120.0 -2.5 -7.5 3.75 9999999681.3124
120.0 0.0 -7.5 3.75 250.4384
120.0 2.5 -7.5 3.75 -54.8846
120.0 5.0 -7.5 3.75 -29.472899999999996
120.0 7.5 -7.5 3.75 -28.732000000000003
120.0 10.0 -7.5 3.75 1.7178
120.0 -5.0 -5.0 3.75 -24.9571
120.0 -2.5 -5.0 3.75 2.4209999999999994
120.0 0.0 -5.0 3.75 10000000005.1301
120.0 2.5 -5.0 3.75 67.59299999999999
120.0 5.0 -5.0 3.75 -11.182300000000001
120.0 7.5 -5.0 3.75 32.358200000000004
120.0 10.0 -5.0 3.75 305.9432
120.0 -5.0 -2.5 3.75 -29.9365
120.0 -2.5 -2.5 3.75 -32.777699999999996
120.0 0.0 -2.5 3.75 961865.2149
120.0 2.5 -2.5 3.75 608.5376
120.0 5.0 -2.5 3.75 45646.3338
120.0 7.5 -2.5 3.75 8481535858.9637
120.0 10.0 -2.5 3.75 2993.3468
120.0 -5.0 0.0 3.75 -37.0549
120.0 -2.5 0.0 3.75 -39.7919
120.0 0.0 0.0 3.75 60.3724
120.0 2.5 0.0 3.75 195326.2751
120.0 5.0 0.0 3.75 14118.510999999999
120.0 7.5 0.0 3.75 540164143.972
120.0 10.0 0.0 3.75 280.8394
120.0 -5.0 2.5 3.75 -40.3084
120.0 -2.5 2.5 3.75 -44.0907
120.0 0.0 2.5 3.75 327795.608
120.0 2.5 2.5 3.75 10000000031.8994
120.0 5.0 2.5 3.75 55587.3833
120.0 7.5 2.5 3.75 722500.7972
120.0 10.0 2.5 3.75 248.65140000000002
120.0 -5.0 5.0 3.75 -34.1732
120.0 -2.5 5.0 3.75 -46.580200000000005
120.0 0.0 5.0 3.75 213556.9036
120.0 2.5 5.0 3.75 42105.607099999994
120.0 5.0 5.0 3.75 -4.6242
120.0 7.5 5.0 3.75 401925.68319999997
120.0 10.0 5.0 3.75 35.4172
120.0 2.5 2.5 7.5 -9.8434
120.0 2.5 5.0 7.5 -26.9798
120.0 2.5 -2.5 8.75 0.4966999999999999
120.0 0.0 2.5 8.75 -14.0971
120.0 2.5 2.5 8.75 -5.9441999999999995
120.0 2.5 5.0 8.75 -15.5273
120.0 2.5 -2.5 10.0 0.5705
120.0 0.0 0.0 10.0 -4.9974
120.0 2.5 0.0 10.0 1.3062
120.0 5.0 0.0 10.0 10.632200000000001
120.0 0.0 2.5 10.0 -8.3868
120.0 2.5 2.5 10.0 -3.8353
120.0 5.0 2.5 10.0 5.0226999999999995
120.0 0.0 5.0 10.0 -11.134400000000001
120.0 2.5 5.0 10.0 -9.1317
120.0 2.5 -5.0 11.25 -2.8841
120.0 5.0 -5.0 11.25 1.2959
120.0 2.5 -2.5 11.25 0.43310000000000004
120.0 5.0 -2.5 11.25 5.304900000000001
120.0 7.5 -2.5 11.25 8.3516
120.0 0.0 0.0 11.25 -2.9334000000000002
120.0 2.5 0.0 11.25 0.8524
120.0 5.0 0.0 11.25 5.798299999999999
120.0 7.5 0.0 11.25 8.560699999999999
120.0 0.0 2.5 11.25 -4.764
120.0 2.5 2.5 11.25 -2.2156
120.0 5.0 2.5 11.25 2.1384999999999996
120.0 0.0 5.0 11.25 -6.583900000000001
120.0 2.5 5.0 11.25 -5.2891
120.0 2.5 -10.0 12.5 -3.0227
120.0 2.5 -5.0 12.5 -1.4453
120.0 5.0 -5.0 12.5 0.9564
120.0 -2.5 -2.5 12.5 -3.2547
120.0 0.0 -2.5 12.5 -2.0903
120.0 2.5 -2.5 12.5 0.36929999999999996
120.0 5.0 -2.5 12.5 3.1451
120.0 7.5 -2.5 12.5 4.518999999999999
120.0 0.0 0.0 12.5 -1.6356000000000002
120.0 2.5 0.0 12.5 0.5014000000000001
120.0 5.0 0.0 12.5 3.0512
120.0 7.5 0.0 12.5 4.6339999999999995
120.0 0.0 2.5 12.5 -2.6832000000000003
120.0 2.5 2.5 12.5 -1.2222000000000002
120.0 5.0 2.5 12.5 1.2865
120.0 7.5 2.5 12.5 2.8548999999999998
120.0 0.0 5.0 12.5 -3.5303
120.0 2.5 5.0 12.5 -2.9774
120.0 5.0 5.0 12.5 -0.9240999999999999
120.0 -2.5 -10.0 13.75 -2.4104
120.0 0.0 -10.0 13.75 -2.1895
120.0 5.0 -10.0 13.75 -0.41919999999999996
120.0 10.0 -10.0 13.75 0.0
120.0 2.5 -7.5 13.75 -1.6726
120.0 5.0 -7.5 13.75 -0.5911
120.0 7.5 -7.5 13.75 -0.09670000000000001
120.0 -2.5 -5.0 13.75 -2.7462
120.0 0.0 -5.0 13.75 -2.2537000000000003
120.0 2.5 -5.0 13.75 -0.7942
120.0 5.0 -5.0 13.75 0.5024
120.0 -5.0 -2.5 13.75 -1.1492
120.0 -2.5 -2.5 13.75 -1.661
120.0 0.0 -2.5 13.75 -1.0319
120.0 2.5 -2.5 13.75 0.4966999999999999
120.0 5.0 -2.5 13.75 1.7842
120.0 7.5 -2.5 13.75 2.0775
120.0 10.0 -2.5 13.75 1.5246000000000002
120.0 -5.0 0.0 13.75 -0.43620000000000003
120.0 0.0 0.0 13.75 -0.8049999999999999
120.0 2.5 0.0 13.75 0.5488999999999999
120.0 5.0 0.0 13.75 1.9684
120.0 7.5 0.0 13.75 2.492
120.0 0.0 2.5 13.75 -1.3393
120.0 2.5 2.5 13.75 -0.4354
120.0 5.0 2.5 13.75 0.9812
120.0 7.5 2.5 13.75 1.8247
120.0 0.0 5.0 13.75 -1.7243
120.0 2.5 5.0 13.75 -1.4071
120.0 5.0 5.0 13.75 -0.3493
120.0 7.5 5.0 13.75 0.6834
120.0 -5.0 -10.0 15.0 -0.7139
120.0 -2.5 -10.0 15.0 -0.9866
120.0 0.0 -10.0 15.0 -0.8337
120.0 2.5 -10.0 15.0 -0.4133
120.0 5.0 -10.0 15.0 -0.026
120.0 10.0 -10.0 15.0 0.0
120.0 -5.0 -7.5 15.0 -0.9804
120.0 -2.5 -7.5 15.0 -1.3551
120.0 0.0 -7.5 15.0 -1.2008999999999999
120.0 2.5 -7.5 15.0 -0.5627
120.0 5.0 -7.5 15.0 -0.0755
120.0 7.5 -7.5 15.0 -0.0068
120.0 -5.0 -5.0 15.0 -0.8436
120.0 -2.5 -5.0 15.0 -1.1577
120.0 0.0 -5.0 15.0 -0.9994000000000001
120.0 2.5 -5.0 15.0 -0.36050000000000004
120.0 5.0 -5.0 15.0 0.1415
120.0 7.5 -5.0 15.0 0.1103
120.0 10.0 -5.0 15.0 0.0177
120.0 -5.0 -2.5 15.0 -0.41
120.0 -2.5 -2.5 15.0 -0.6301
120.0 0.0 -2.5 15.0 -0.369
120.0 2.5 -2.5 15.0 0.2813
120.0 5.0 -2.5 15.0 0.77
120.0 7.5 -2.5 15.0 0.8279
120.0 10.0 -2.5 15.0 0.47450000000000003
120.0 -5.0 0.0 15.0 -0.008
120.0 -2.5 0.0 15.0 -0.183
120.0 0.0 0.0 15.0 -0.07819999999999999
120.0 2.5 0.0 15.0 0.3824
120.0 5.0 0.0 15.0 1.0342
120.0 7.5 0.0 15.0 1.214
120.0 10.0 0.0 15.0 0.8441
120.0 0.0 2.5 15.0 -0.46009999999999995
120.0 2.5 2.5 15.0 -0.061000000000000006
120.0 5.0 2.5 15.0 0.6422
120.0 7.5 2.5 15.0 1.0426
120.0 10.0 2.5 15.0 0.7284999999999999
120.0 0.0 5.0 15.0 -0.7201000000000001
120.0 2.5 5.0 15.0 -0.43439999999999995
120.0 5.0 5.0 15.0 0.0615
120.0 7.5 5.0 15.0 0.4694
120.0 10.0 5.0 15.0 0.2206
120.0 -5.0 -10.0 16.25 -0.137
120.0 -2.5 -10.0 16.25 -0.261
120.0 0.0 -10.0 16.25 -0.2191
120.0 2.5 -10.0 16.25 -0.042
120.0 5.0 -10.0 16.25 0.0
120.0 7.5 -10.0 16.25 0.0
120.0 10.0 -10.0 16.25 0.0
120.0 -5.0 -7.5 16.25 -0.2944
120.0 -2.5 -7.5 16.25 -0.4198
120.0 0.0 -7.5 16.25 -0.3082
120.0 2.5 -7.5 16.25 -0.0962
120.0 5.0 -7.5 16.25 0.0
120.0 7.5 -7.5 16.25 0.0
120.0 10.0 -7.5 16.25 0.0
120.0 -5.0 -5.0 16.25 -0.1653
120.0 -2.5 -5.0 16.25 -0.3122
120.0 0.0 -5.0 16.25 -0.2198
120.0 2.5 -5.0 16.25 -0.0347
120.0 5.0 -5.0 16.25 0.0
120.0 7.5 -5.0 16.25 -0.0009
120.0 10.0 -5.0 16.25 -0.0002
120.0 -5.0 -2.5 16.25 0.0
120.0 -2.5 -2.5 16.25 -0.0292
120.0 0.0 -2.5 16.25 -0.0265
120.0 2.5 -2.5 16.25 0.0892
120.0 5.0 -2.5 16.25 0.1884
120.0 7.5 -2.5 16.25 0.1113
120.0 10.0 -2.5 16.25 0.0156
120.0 -5.0 0.0 16.25 0.0
120.0 -2.5 0.0 16.25 -0.0003
120.0 0.0 0.0 16.25 0.0106
120.0 2.5 0.0 16.25 0.2615
120.0 5.0 0.0 16.25 0.42629999999999996
120.0 7.5 0.0 16.25 0.3719
120.0 10.0 0.0 16.25 0.1099
120.0 -5.0 2.5 16.25 0.0
120.0 -2.5 2.5 16.25 -0.0067
120.0 0.0 2.5 16.25 -0.0391
120.0 2.5 2.5 16.25 0.177
120.0 5.0 2.5 16.25 0.3819
120.0 7.5 2.5 16.25 0.29100000000000004
120.0 10.0 2.5 16.25 0.0553
120.0 -2.5 5.0 16.25 -0.0075
120.0 0.0 5.0 16.25 -0.1073
120.0 2.5 5.0 16.25 -0.0863
120.0 5.0 5.0 16.25 0.0998
120.0 7.5 5.0 16.25 0.0528
120.0 10.0 5.0 16.25 0.0
180.0 -5.0 -10.0 3.75 -8.4369
180.0 -2.5 -10.0 3.75 -6.7752
180.0 0.0 -10.0 3.75 -2.685
180.0 2.5 -10.0 3.75 3.6226000000000003
180.0 5.0 -10.0 3.75 10.399099999999999
180.0 7.5 -10.0 3.75 10.264100000000001
180.0 10.0 -10.0 3.75 7.9424
180.0 -5.0 -7.5 3.75 -19.1001
180.0 -2.5 -7.5 3.75 -18.4943
180.0 0.0 -7.5 3.75 -17.207
180.0 2.5 -7.5 3.75 38.358799999999995
180.0 5.0 -7.5 3.75 47977.1751
180.0 7.5 -7.5 3.75 -7.7784
180.0 10.0 -7.5 3.75 -9.3305
180.0 -5.0 -5.0 3.75 -29.6647
180.0 -2.5 -5.0 3.75 -30.0156
180.0 0.0 -5.0 3.75 -28.0089
180.0 2.5 -5.0 3.75 -19.8458
180.0 5.0 -5.0 3.75 2395353.1162
180.0 7.5 -5.0 3.75 502.70310000000006
180.0 10.0 -5.0 3.75 -33.136
180.0 -5.0 -2.5 3.75 -36.9249
180.0 -2.5 -2.5 3.75 -37.863
180.0 0.0 -2.5 3.75 -32.6254
180.0 2.5 -2.5 3.75 113285.9902
180.0 5.0 -2.5 3.75 65494099.4309
180.0 7.5 -2.5 3.75 -55.9837
180.0 10.0 -2.5 3.75 -52.0069
180.0 -5.0 0.0 3.75 -42.0282
180.0 -2.5 0.0 3.75 381.81499999999994
180.0 0.0 0.0 3.75 60.1636
180.0 2.5 0.0 3.75 1781798.1221
180.0 5.0 0.0 3.75 54.2138
180.0 7.5 0.0 3.75 -46.4285
180.0 10.0 0.0 3.75 -32.206999999999994
180.0 -5.0 2.5 3.75 2491.8707
180.0 -2.5 2.5 3.75 13366643.9618
180.0 0.0 2.5 3.75 303518.4925
180.0 2.5 2.5 3.75 273103.093
180.0 5.0 2.5 3.75 2939.3201
180.0 7.5 2.5 3.75 -11.1793
180.0 10.0 2.5 3.75 -31.9632
180.0 -5.0 5.0 3.75 562448.7502
180.0 -2.5 5.0 3.75 421.05199999999996
180.0 0.0 5.0 3.75 4038.4782
180.0 2.5 5.0 3.75 206256.8788
180.0 5.0 5.0 3.75 1397446.9500000002
180.0 7.5 5.0 3.75 2214.1292000000003
180.0 10.0 5.0 3.75 19.811500000000002
180.0 5.0 -2.5 8.75 -18.6476
180.0 5.0 -2.5 10.0 -11.8182
180.0 2.5 2.5 10.0 5.0129
180.0 5.0 -10.0 11.25 -5.2065
180.0 7.5 -10.0 11.25 -4.4014
180.0 -2.5 -7.5 11.25 -1.665
180.0 5.0 -7.5 11.25 -8.8715
180.0 2.5 -5.0 11.25 -7.9912
180.0 5.0 -5.0 11.25 -9.9247
180.0 7.5 -5.0 11.25 -9.004199999999999
180.0 10.0 -5.0 11.25 -5.676500000000001
180.0 5.0 -2.5 11.25 -6.8471
180.0 0.0 0.0 11.25 -2.8798000000000004
180.0 -2.5 2.5 11.25 -5.2802
180.0 2.5 2.5 11.25 3.1311999999999998
180.0 -5.0 5.0 11.25 -6.3669
180.0 5.0 5.0 11.25 8.3654
180.0 0.0 -10.0 12.5 -1.4243999999999999
180.0 2.5 -10.0 12.5 -2.6688
180.0 5.0 -10.0 12.5 -3.1516
180.0 7.5 -10.0 12.5 -2.4935
180.0 10.0 -10.0 12.5 -1.2487000000000001
180.0 -2.5 -7.5 12.5 -0.7762
180.0 0.0 -7.5 12.5 -2.4813
180.0 2.5 -7.5 12.5 -4.3505
180.0 5.0 -7.5 12.5 -5.2802
180.0 7.5 -7.5 12.5 -4.4312000000000005
180.0 10.0 -7.5 12.5 -2.4896000000000003
180.0 2.5 -5.0 12.5 -4.7972
180.0 5.0 -5.0 12.5 -5.847700000000001
180.0 7.5 -5.0 12.5 -5.112500000000001
180.0 10.0 -5.0 12.5 -3.13
180.0 2.5 -2.5 12.5 -3.2217
180.0 5.0 -2.5 12.5 -3.9298
180.0 0.0 0.0 12.5 -1.6313
180.0 2.5 0.0 12.5 -0.806
180.0 5.0 0.0 12.5 -0.7162000000000001
180.0 -2.5 2.5 12.5 -2.9516
180.0 0.0 2.5 12.5 -0.5122
180.0 2.5 2.5 12.5 1.6793
180.0 -5.0 5.0 12.5 -3.394
180.0 2.5 5.0 12.5 3.4017
180.0 5.0 5.0 12.5 4.6195
180.0 -5.0 -10.0 13.75 0.0
180.0 -2.5 -10.0 13.75 -0.0688
180.0 0.0 -10.0 13.75 -0.65
180.0 2.5 -10.0 13.75 -1.2372999999999998
180.0 5.0 -10.0 13.75 -1.5365
180.0 7.5 -10.0 13.75 -1.1758000000000002
180.0 10.0 -10.0 13.75 -0.5036999999999999
180.0 -2.5 -7.5 13.75 -0.234
180.0 0.0 -7.5 13.75 -1.1158
180.0 2.5 -7.5 13.75 -2.2695999999999996
180.0 5.0 -7.5 13.75 -2.7745
180.0 7.5 -7.5 13.75 -2.2573000000000003
180.0 10.0 -7.5 13.75 -1.1668999999999998
180.0 -2.5 -5.0 13.75 -0.3707
180.0 0.0 -5.0 13.75 -1.3267
180.0 2.5 -5.0 13.75 -2.5662000000000003
180.0 5.0 -5.0 13.75 -3.1736
180.0 7.5 -5.0 13.75 -2.7129000000000003
180.0 10.0 -5.0 13.75 -1.4883000000000002
180.0 2.5 -2.5 13.75 -1.8277
180.0 5.0 -2.5 13.75 -2.3423
180.0 7.5 -2.5 13.75 -2.1218000000000004
180.0 -2.5 0.0 13.75 -1.2792000000000001
180.0 0.0 0.0 13.75 -0.8046
180.0 2.5 0.0 13.75 -0.25970000000000004
180.0 5.0 0.0 13.75 -0.4597
180.0 -5.0 2.5 13.75 -1.6996
180.0 -2.5 2.5 13.75 -1.4266
180.0 0.0 2.5 13.75 -0.0474
180.0 2.5 2.5 13.75 1.2607000000000002
180.0 -5.0 5.0 13.75 -1.6455000000000002
180.0 -2.5 5.0 13.75 -1.1194
180.0 0.0 5.0 13.75 0.6164
180.0 2.5 5.0 13.75 2.1372
180.0 5.0 5.0 13.75 2.2946999999999997
180.0 -5.0 -10.0 15.0 0.0
180.0 -2.5 -10.0 15.0 0.0
180.0 0.0 -10.0 15.0 -0.111
180.0 2.5 -10.0 15.0 -0.5398
180.0 5.0 -10.0 15.0 -0.6258
180.0 7.5 -10.0 15.0 -0.4407
180.0 10.0 -10.0 15.0 -0.122
180.0 -5.0 -7.5 15.0 0.0
180.0 -2.5 -7.5 15.0 -0.0006
180.0 0.0 -7.5 15.0 -0.4238
180.0 2.5 -7.5 15.0 -0.8906999999999999
180.0 5.0 -7.5 15.0 -1.1335
180.0 7.5 -7.5 15.0 -0.9196000000000001
180.0 10.0 -7.5 15.0 -0.3692
180.0 -2.5 -5.0 15.0 -0.0013
180.0 0.0 -5.0 15.0 -0.5058
180.0 2.5 -5.0 15.0 -1.0554
180.0 5.0 -5.0 15.0 -1.3824999999999998
180.0 7.5 -5.0 15.0 -1.1209
180.0 10.0 -5.0 15.0 -0.48860000000000003
180.0 -2.5 -2.5 15.0 -0.1184
180.0 0.0 -2.5 15.0 -0.3218
180.0 2.5 -2.5 15.0 -0.7949999999999999
180.0 5.0 -2.5 15.0 -1.0256999999999998
180.0 7.5 -2.5 15.0 -0.7887
180.0 10.0 -2.5 15.0 -0.37179999999999996
180.0 -2.5 0.0 15.0 -0.485
180.0 0.0 0.0 15.0 -0.078
180.0 2.5 0.0 15.0 0.0115
180.0 5.0 0.0 15.0 -0.18330000000000002
180.0 7.5 0.0 15.0 -0.2999
180.0 10.0 0.0 15.0 -0.0674
180.0 -5.0 2.5 15.0 -0.7219000000000001
180.0 -2.5 2.5 15.0 -0.4852
180.0 0.0 2.5 15.0 0.0751
180.0 2.5 2.5 15.0 0.673
180.0 5.0 2.5 15.0 0.61
180.0 7.5 2.5 15.0 0.1042
180.0 10.0 2.5 15.0 -0.0072
180.0 -5.0 5.0 15.0 -0.6347999999999999
180.0 -2.5 5.0 15.0 -0.2877
180.0 0.0 5.0 15.0 0.4587
180.0 2.5 5.0 15.0 1.1228
180.0 5.0 5.0 15.0 0.9991
180.0 7.5 5.0 15.0 0.3489
180.0 10.0 5.0 15.0 -0.0331
180.0 -5.0 -10.0 16.25 0.0
180.0 -2.5 -10.0 16.25 0.0
180.0 0.0 -10.0 16.25 0.0
180.0 2.5 -10.0 16.25 -0.0107
180.0 5.0 -10.0 16.25 -0.0681
180.0 7.5 -10.0 16.25 -0.0348
180.0 10.0 -10.0 16.25 0.0
180.0 -5.0 -7.5 16.25 0.0
180.0 -2.5 -7.5 16.25 0.0
180.0 0.0 -7.5 16.25 -0.0005
180.0 2.5 -7.5 16.25 -0.214
180.0 5.0 -7.5 16.25 -0.3654
180.0 7.5 -7.5 16.25 -0.2357
180.0 10.0 -7.5 16.25 -0.0489
180.0 -5.0 -5.0 16.25 0.0
180.0 -2.5 -5.0 16.25 0.0
180.0 0.0 -5.0 16.25 -0.0018
180.0 2.5 -5.0 16.25 -0.2653
180.0 5.0 -5.0 16.25 -0.4042
180.0 7.5 -5.0 16.25 -0.3009
180.0 10.0 -5.0 16.25 -0.0936
180.0 -5.0 -2.5 16.25 0.0
180.0 -2.5 -2.5 16.25 0.0
180.0 0.0 -2.5 16.25 -0.0034
180.0 2.5 -2.5 16.25 -0.1102
180.0 5.0 -2.5 16.25 -0.2326
180.0 7.5 -2.5 16.25 -0.1899
180.0 10.0 -2.5 16.25 -0.025
180.0 -2.5 0.0 16.25 -0.0219
180.0 0.0 0.0 16.25 0.0106
180.0 2.5 0.0 16.25 0.0274
180.0 5.0 0.0 16.25 -0.015
180.0 7.5 0.0 16.25 -0.0039
180.0 10.0 0.0 16.25 0.0
180.0 -5.0 2.5 16.25 -0.0884
180.0 -2.5 2.5 16.25 -0.0634
180.0 0.0 2.5 16.25 0.22269999999999998
180.0 2.5 2.5 16.25 0.29850000000000004
180.0 5.0 2.5 16.25 0.1183
180.0 7.5 2.5 16.25 0.0
180.0 10.0 2.5 16.25 0.0
180.0 -5.0 5.0 16.25 -0.1022
180.0 -2.5 5.0 16.25 -0.0092
180.0 0.0 5.0 16.25 0.3578
180.0 2.5 5.0 16.25 0.4503
180.0 5.0 5.0 16.25 0.2305
180.0 7.5 5.0 16.25 -0.0054
180.0 10.0 5.0 16.25 0.0
240.0 -5.0 -10.0 3.75 -9.069199999999999
240.0 -2.5 -10.0 3.75 -13.687100000000001
240.0 0.0 -10.0 3.75 -16.8246
240.0 2.5 -10.0 3.75 -15.7791
240.0 5.0 -10.0 3.75 -10.3392
240.0 7.5 -10.0 3.75 -3.8933
240.0 10.0 -10.0 3.75 0.7581
240.0 -5.0 -7.5 3.75 -21.0124
240.0 -2.5 -7.5 3.75 -26.185
240.0 0.0 -7.5 3.75 -29.0068
240.0 2.5 -7.5 3.75 -25.497100000000003
240.0 5.0 -7.5 3.75 -16.4483
240.0 7.5 -7.5 3.75 -6.1221
240.0 10.0 -7.5 3.75 1.7277
240.0 -5.0 -5.0 3.75 -39.98
240.0 -2.5 -5.0 3.75 -41.2045
240.0 0.0 -5.0 3.75 -38.0522
240.0 2.5 -5.0 3.75 -31.1577
240.0 5.0 -5.0 3.75 -20.608
240.0 7.5 -5.0 3.75 -8.717199999999998
240.0 10.0 -5.0 3.75 3.6229
240.0 -5.0 -2.5 3.75 233799.53579999998
240.0 -2.5 -2.5 3.75 3152766.134
240.0 0.0 -2.5 3.75 -39.8503
240.0 2.5 -2.5 3.75 -30.7215
240.0 5.0 -2.5 3.75 -25.330199999999998
240.0 7.5 -2.5 3.75 -19.1996
240.0 10.0 -2.5 3.75 3.5728
240.0 -5.0 0.0 3.75 1280.6277
240.0 -2.5 0.0 3.75 10000000027.169102
240.0 0.0 0.0 3.75 63.68260000000001
240.0 2.5 0.0 3.75 158.69469999999998
240.0 5.0 0.0 3.75 -27.2093
240.0 7.5 0.0 3.75 57386004.392900005
240.0 10.0 0.0 3.75 22.230700000000002
240.0 -5.0 2.5 3.75 421.1124
240.0 -2.5 2.5 3.75 9999999996.720901
240.0 0.0 2.5 3.75 1065.7705
240.0 2.5 2.5 3.75 16851880.79
240.0 5.0 2.5 3.75 409912627.014
240.0 7.5 2.5 3.75 29084400.0352
240.0 10.0 2.5 3.75 15.844199999999999
240.0 -5.0 5.0 3.75 10000000024.719002
240.0 -2.5 5.0 3.75 2447.1124999999997
240.0 0.0 5.0 3.75 2841428.1429999997
240.0 2.5 5.0 3.75 -10.3019
240.0 5.0 5.0 3.75 -15.518099999999997
240.0 7.5 5.0 3.75 -61.2761
240.0 10.0 5.0 3.75 -26.1807
240.0 -2.5 -10.0 11.25 -0.2964
240.0 5.0 -10.0 11.25 0.0
240.0 10.0 -10.0 11.25 0.0
240.0 5.0 -7.5 11.25 -0.4981
240.0 -2.5 -2.5 11.25 -5.5222999999999995
240.0 -5.0 0.0 11.25 -4.6735
240.0 -2.5 0.0 11.25 -3.3249999999999997
240.0 0.0 0.0 11.25 -2.8665000000000003
240.0 -5.0 2.5 11.25 0.7182
240.0 0.0 2.5 11.25 0.5184
240.0 0.0 5.0 11.25 4.0717
240.0 -5.0 -10.0 12.5 -0.0546
240.0 -2.5 -10.0 12.5 -0.0409
240.0 0.0 -10.0 12.5 -0.0119
240.0 5.0 -10.0 12.5 0.0
240.0 7.5 -10.0 12.5 0.0
240.0 10.0 -10.0 12.5 0.0
240.0 5.0 -7.5 12.5 -0.1629
240.0 7.5 -7.5 12.5 -0.2731
240.0 10.0 -7.5 12.5 -0.2042
240.0 2.5 -5.0 12.5 -1.1465
240.0 -5.0 -2.5 12.5 -3.5866
240.0 -2.5 -2.5 12.5 -3.1149999999999998
240.0 0.0 -2.5 12.5 -2.4154
240.0 -5.0 0.0 12.5 -2.5361
240.0 -2.5 0.0 12.5 -1.9014
240.0 0.0 0.0 12.5 -1.6316000000000002
240.0 2.5 0.0 12.5 -2.8236
240.0 -5.0 2.5 12.5 0.5333
240.0 0.0 2.5 12.5 0.3804
240.0 0.0 5.0 12.5 2.4378
240.0 -2.5 -10.0 13.75 0.0
240.0 0.0 -10.0 13.75 0.0
240.0 2.5 -10.0 13.75 0.0
240.0 5.0 -10.0 13.75 0.0
240.0 7.5 -10.0 13.75 0.0
240.0 10.0 -10.0 13.75 0.0
240.0 -5.0 -7.5 13.75 -0.31479999999999997
240.0 2.5 -7.5 13.75 -0.0014
240.0 5.0 -7.5 13.75 -0.0009
240.0 7.5 -7.5 13.75 -0.0292
240.0 10.0 -7.5 13.75 -0.0073
240.0 -5.0 -5.0 13.75 -1.2816
240.0 -2.5 -5.0 13.75 -1.0804
240.0 2.5 -5.0 13.75 -0.22169999999999998
240.0 10.0 -5.0 13.75 -0.5225
240.0 -5.0 -2.5 13.75 -1.7512
240.0 -2.5 -2.5 13.75 -1.4856
240.0 0.0 -2.5 13.75 -1.0795
240.0 2.5 -2.5 13.75 -1.1067999999999998
240.0 -5.0 0.0 13.75 -1.2309
240.0 -2.5 0.0 13.75 -0.8761
240.0 0.0 0.0 13.75 -0.8047
240.0 2.5 0.0 13.75 -1.3774
240.0 -5.0 2.5 13.75 0.4671
240.0 0.0 2.5 13.75 0.44520000000000004
240.0 2.5 2.5 13.75 -0.9384
240.0 -5.0 5.0 13.75 1.9995
240.0 0.0 5.0 13.75 1.5266
240.0 2.5 5.0 13.75 -0.25689999999999996
240.0 -5.0 -10.0 15.0 0.0
240.0 -2.5 -10.0 15.0 0.0
240.0 0.0 -10.0 15.0 0.0
240.0 2.5 -10.0 15.0 0.0
240.0 5.0 -10.0 15.0 0.0
240.0 7.5 -10.0 15.0 0.0
240.0 10.0 -10.0 15.0 0.0
240.0 -5.0 -7.5 15.0 -0.0105
240.0 -2.5 -7.5 15.0 -0.0066
240.0 0.0 -7.5 15.0 0.0
240.0 2.5 -7.5 15.0 0.0
240.0 5.0 -7.5 15.0 0.0
240.0 7.5 -7.5 15.0 0.0
240.0 10.0 -7.5 15.0 0.0
240.0 -5.0 -5.0 15.0 -0.36679999999999996
240.0 -2.5 -5.0 15.0 -0.31939999999999996
240.0 0.0 -5.0 15.0 -0.0707
240.0 2.5 -5.0 15.0 -0.0
240.0 5.0 -5.0 15.0 -0.0347
240.0 7.5 -5.0 15.0 -0.1243
240.0 10.0 -5.0 15.0 -0.059
240.0 -5.0 -2.5 15.0 -0.7309
240.0 -2.5 -2.5 15.0 -0.6202
240.0 0.0 -2.5 15.0 -0.3024
240.0 2.5 -2.5 15.0 -0.16219999999999998
240.0 5.0 -2.5 15.0 -0.605
240.0 7.5 -2.5 15.0 -0.7273
240.0 10.0 -2.5 15.0 -0.5892
240.0 -5.0 0.0 15.0 -0.3557
240.0 -2.5 0.0 15.0 -0.2455
240.0 0.0 0.0 15.0 -0.0781
240.0 2.5 0.0 15.0 -0.5166
240.0 5.0 0.0 15.0 -1.0254999999999999
240.0 10.0 0.0 15.0 -0.9020999999999999
240.0 -5.0 2.5 15.0 0.4227
240.0 -2.5 2.5 15.0 0.4977
240.0 0.0 2.5 15.0 0.3797
240.0 2.5 2.5 15.0 -0.3792
240.0 5.0 2.5 15.0 -1.1471
240.0 10.0 2.5 15.0 -0.9888
240.0 -5.0 5.0 15.0 1.1305
240.0 0.0 5.0 15.0 0.6766
240.0 2.5 5.0 15.0 -0.1316
240.0 5.0 5.0 15.0 -0.7323
240.0 -5.0 -10.0 16.25 0.0
240.0 -2.5 -10.0 16.25 0.0
240.0 0.0 -10.0 16.25 0.0
240.0 2.5 -10.0 16.25 0.0
240.0 5.0 -10.0 16.25 0.0
240.0 7.5 -10.0 16.25 0.0
240.0 10.0 -10.0 16.25 0.0
240.0 -5.0 -7.5 16.25 0.0
240.0 -2.5 -7.5 16.25 0.0
240.0 0.0 -7.5 16.25 0.0
240.0 2.5 -7.5 16.25 0.0
240.0 5.0 -7.5 16.25 0.0
240.0 7.5 -7.5 16.25 0.0
240.0 10.0 -7.5 16.25 0.0
240.0 -5.0 -5.0 16.25 -0.0072
240.0 -2.5 -5.0 16.25 -0.0034
240.0 0.0 -5.0 16.25 0.0
240.0 2.5 -5.0 16.25 0.0
240.0 5.0 -5.0 16.25 0.0
240.0 7.5 -5.0 16.25 0.0
240.0 10.0 -5.0 16.25 0.0
240.0 -5.0 -2.5 16.25 -0.1165
240.0 -2.5 -2.5 16.25 -0.048
240.0 0.0 -2.5 16.25 -0.0052
240.0 2.5 -2.5 16.25 0.0
240.0 5.0 -2.5 16.25 -0.0157
240.0 7.5 -2.5 16.25 -0.0901
240.0 10.0 -2.5 16.25 -0.0247
240.0 -5.0 0.0 16.25 -0.0275
240.0 -2.5 0.0 16.25 0.0625
240.0 0.0 0.0 16.25 0.0106
240.0 2.5 0.0 16.25 -0.0206
240.0 5.0 0.0 16.25 -0.2339
240.0 7.5 0.0 16.25 -0.3899
240.0 10.0 0.0 16.25 -0.248
240.0 -5.0 2.5 16.25 0.3205
240.0 -2.5 2.5 16.25 0.36050000000000004
240.0 0.0 2.5 16.25 0.1608
240.0 2.5 2.5 16.25 -0.0488
240.0 5.0 2.5 16.25 -0.2737
240.0 7.5 2.5 16.25 -0.3948
240.0 10.0 2.5 16.25 -0.2653
240.0 -5.0 5.0 16.25 0.396
240.0 -2.5 5.0 16.25 0.42010000000000003
240.0 0.0 5.0 16.25 0.17950000000000002
240.0 2.5 5.0 16.25 -0.003
240.0 5.0 5.0 16.25 -0.157
240.0 7.5 5.0 16.25 -0.2427
240.0 10.0 5.0 16.25 -0.1506
300.0 -5.0 -10.0 3.75 -36.8615
300.0 -2.5 -10.0 3.75 -41.9424
300.0 0.0 -10.0 3.75 -31.6467
300.0 2.5 -10.0 3.75 -18.653
300.0 5.0 -10.0 3.75 -9.781699999999999
300.0 7.5 -10.0 3.75 -4.782299999999999
300.0 10.0 -10.0 3.75 -1.9466999999999999
300.0 -5.0 -7.5 3.75 -36.212399999999995
300.0 -2.5 -7.5 3.75 1615.4257
300.0 0.0 -7.5 3.75 -15.941699999999997
300.0 2.5 -7.5 3.75 -31.9729
300.0 5.0 -7.5 3.75 -19.8741
300.0 7.5 -7.5 3.75 -12.3972
300.0 10.0 -7.5 3.75 -6.474399999999999
300.0 -5.0 -5.0 3.75 -8.6539
300.0 -2.5 -5.0 3.75 42103.614199999996
300.0 0.0 -5.0 3.75 213557.9422
300.0 2.5 -5.0 3.75 -42.73950000000001
300.0 5.0 -5.0 3.75 -30.3493
300.0 7.5 -5.0 3.75 -21.0338
300.0 10.0 -5.0 3.75 -12.171299999999999
300.0 -5.0 -2.5 3.75 55436.4447
300.0 -2.5 -2.5 3.75 10000000027.2947
300.0 0.0 -2.5 3.75 327796.3888
300.0 2.5 -2.5 3.75 -39.622
300.0 5.0 -2.5 3.75 -34.6467
300.0 7.5 -2.5 3.75 -25.7773
300.0 10.0 -2.5 3.75 -15.3
300.0 -5.0 0.0 3.75 14178.8658
300.0 -2.5 0.0 3.75 195320.32479999997
300.0 0.0 0.0 3.75 60.534800000000004
300.0 2.5 0.0 3.75 -33.7046
300.0 5.0 0.0 3.75 -29.9581
300.0 7.5 0.0 3.75 -22.4188
300.0 10.0 0.0 3.75 -13.4165
300.0 -5.0 2.5 3.75 45640.0349
300.0 -2.5 2.5 3.75 600.9415
300.0 0.0 2.5 3.75 961863.0856000001
300.0 2.5 2.5 3.75 -28.5658
300.0 5.0 2.5 3.75 -24.2429
300.0 7.5 2.5 3.75 -14.6529
300.0 10.0 2.5 3.75 -6.9623
300.0 -5.0 5.0 3.75 -14.965
300.0 -2.5 5.0 3.75 60.28710000000001
300.0 0.0 5.0 3.75 10000000001.187
300.0 2.5 5.0 3.75 2.3466000000000022
300.0 5.0 5.0 3.75 -22.4473
300.0 7.5 5.0 3.75 -6.3791
300.0 10.0 5.0 3.75 0.8374
300.0 -2.5 -5.0 8.75 -15.818000000000001
300.0 -5.0 5.0 8.75 1.4789999999999999
300.0 -2.5 -10.0 10.0 -7.1048
300.0 -2.5 -7.5 10.0 -9.994
300.0 -2.5 -5.0 10.0 -9.192799999999998
300.0 -5.0 -2.5 10.0 5.039899999999999
300.0 -2.5 2.5 10.0 0.5315
300.0 -5.0 5.0 10.0 1.5277999999999998
300.0 -2.5 5.0 10.0 -5.4276
300.0 0.0 5.0 10.0 -11.2195
300.0 -2.5 -10.0 11.25 -3.9124000000000003
300.0 0.0 -10.0 11.25 -3.5033
300.0 2.5 -10.0 11.25 -2.025
300.0 -2.5 -7.5 11.25 -5.8704
300.0 0.0 -7.5 11.25 -5.875
300.0 -2.5 -5.0 11.25 -5.2915
300.0 -2.5 0.0 11.25 0.9815
300.0 -5.0 2.5 11.25 5.3123000000000005
300.0 -2.5 2.5 11.25 0.3295
300.0 -5.0 5.0 11.25 1.2469
300.0 -2.5 5.0 11.25 -3.008
300.0 0.0 5.0 11.25 -6.5675
300.0 5.0 5.0 11.25 -7.0085
300.0 -2.5 -10.0 12.5 -2.083
300.0 0.0 -10.0 12.5 -1.8497
300.0 2.5 -10.0 12.5 -0.9614
300.0 5.0 -10.0 12.5 -0.1505
300.0 7.5 -10.0 12.5 0.0
300.0 -5.0 -7.5 12.5 -1.9324999999999999
300.0 -2.5 -7.5 12.5 -3.117
300.0 0.0 -7.5 12.5 -3.101
300.0 2.5 -7.5 12.5 -2.0225999999999997
300.0 -5.0 -5.0 12.5 -0.8215
300.0 -2.5 -5.0 12.5 -2.9116999999999997
300.0 0.0 -5.0 12.5 -3.534
300.0 -5.0 -2.5 12.5 1.3484
300.0 -2.5 0.0 12.5 0.5055000000000001
300.0 -5.0 2.5 12.5 3.0477000000000003
300.0 -2.5 2.5 12.5 0.3077
300.0 0.0 2.5 12.5 -2.1417
300.0 -5.0 5.0 12.5 0.9179
300.0 -2.5 5.0 12.5 -1.4728
300.0 0.0 5.0 12.5 -3.8117
300.0 5.0 5.0 12.5 -4.146
300.0 7.5 5.0 12.5 -2.2956
300.0 -5.0 -10.0 13.75 -0.5492
300.0 -2.5 -10.0 13.75 -0.8096000000000001
300.0 0.0 -10.0 13.75 -0.684
300.0 2.5 -10.0 13.75 -0.2643
300.0 5.0 -10.0 13.75 -0.0003
300.0 7.5 -10.0 13.75 0.0
300.0 10.0 -10.0 13.75 0.0
300.0 -5.0 -7.5 13.75 -0.8267
300.0 -2.5 -7.5 13.75 -1.4924
300.0 0.0 -7.5 13.75 -1.573
300.0 2.5 -7.5 13.75 -0.894
300.0 5.0 -7.5 13.75 -0.1815
300.0 -5.0 -5.0 13.75 -0.3479
300.0 -2.5 -5.0 13.75 -1.4071
300.0 0.0 -5.0 13.75 -1.7243
300.0 2.5 -2.5 13.75 -1.133
300.0 -5.0 0.0 13.75 1.9616
300.0 -2.5 0.0 13.75 0.5486
300.0 -5.0 2.5 13.75 1.7808
300.0 -2.5 2.5 13.75 0.4966999999999999
300.0 0.0 2.5 13.75 -1.0319
300.0 10.0 2.5 13.75 -0.0361
300.0 -5.0 5.0 13.75 0.5024
300.0 -2.5 5.0 13.75 -0.7942
300.0 0.0 5.0 13.75 -2.2559
300.0 2.5 5.0 13.75 -2.7531
300.0 7.5 5.0 13.75 -1.0211
300.0 10.0 5.0 13.75 -0.2368
300.0 -5.0 -10.0 15.0 -0.099
300.0 -2.5 -10.0 15.0 -0.22399999999999998
300.0 0.0 -10.0 15.0 -0.1598
300.0 2.5 -10.0 15.0 -0.0084
300.0 5.0 -10.0 15.0 0.0
300.0 7.5 -10.0 15.0 0.0
300.0 10.0 -10.0 15.0 0.0
300.0 -5.0 -7.5 15.0 -0.2657
300.0 -2.5 -7.5 15.0 -0.5504
300.0 0.0 -7.5 15.0 -0.5123
300.0 2.5 -7.5 15.0 -0.19829999999999998
300.0 5.0 -7.5 15.0 -0.0005
300.0 7.5 -7.5 15.0 0.0
300.0 10.0 -7.5 15.0 0.0
300.0 -5.0 -5.0 15.0 0.0615
300.0 -2.5 -5.0 15.0 -0.43439999999999995
300.0 0.0 -5.0 15.0 -0.7201000000000001
300.0 2.5 -5.0 15.0 -0.4227
300.0 5.0 -5.0 15.0 -0.0214
300.0 7.5 -5.0 15.0 0.0
300.0 -5.0 -2.5 15.0 0.6422
300.0 -2.5 -2.5 15.0 -0.061000000000000006
300.0 0.0 -2.5 15.0 -0.46009999999999995
300.0 2.5 -2.5 15.0 -0.38020000000000004
300.0 7.5 -2.5 15.0 0.0
300.0 -5.0 0.0 15.0 1.0342
300.0 -2.5 0.0 15.0 0.3824
300.0 0.0 0.0 15.0 -0.07819999999999999
300.0 2.5 0.0 15.0 -0.183
300.0 5.0 0.0 15.0 -0.008
300.0 -5.0 2.5 15.0 0.77
300.0 -2.5 2.5 15.0 0.2813
300.0 0.0 2.5 15.0 -0.369
300.0 2.5 2.5 15.0 -0.6301
300.0 5.0 2.5 15.0 -0.41
300.0 7.5 2.5 15.0 -0.0475
300.0 10.0 2.5 15.0 0.0
300.0 -5.0 5.0 15.0 0.1415
300.0 -2.5 5.0 15.0 -0.36050000000000004
300.0 0.0 5.0 15.0 -0.9994000000000001
300.0 2.5 5.0 15.0 -1.1577
300.0 5.0 5.0 15.0 -0.8436
300.0 7.5 5.0 15.0 -0.3838
300.0 10.0 5.0 15.0 -0.0021
300.0 -5.0 -10.0 16.25 0.0
300.0 -2.5 -10.0 16.25 0.0
300.0 0.0 -10.0 16.25 0.0
300.0 2.5 -10.0 16.25 0.0
300.0 5.0 -10.0 16.25 0.0
300.0 7.5 -10.0 16.25 0.0
300.0 10.0 -10.0 16.25 0.0
300.0 -5.0 -7.5 16.25 -0.0049
300.0 -2.5 -7.5 16.25 -0.0643
300.0 0.0 -7.5 16.25 -0.0441
300.0 2.5 -7.5 16.25 0.0
300.0 5.0 -7.5 16.25 0.0
300.0 7.5 -7.5 16.25 0.0
300.0 10.0 -7.5 16.25 0.0
300.0 -5.0 -5.0 16.25 0.0998
300.0 -2.5 -5.0 16.25 -0.0863
300.0 0.0 -5.0 16.25 -0.1073
300.0 2.5 -5.0 16.25 -0.0075
300.0 5.0 -5.0 16.25 0.0
300.0 7.5 -5.0 16.25 0.0
300.0 10.0 -5.0 16.25 0.0
300.0 -5.0 -2.5 16.25 0.3819
300.0 -2.5 -2.5 16.25 0.177
300.0 0.0 -2.5 16.25 -0.0391
300.0 2.5 -2.5 16.25 -0.0067
300.0 5.0 -2.5 16.25 0.0
300.0 7.5 -2.5 16.25 0.0
300.0 10.0 -2.5 16.25 0.0
300.0 -5.0 0.0 16.25 0.42629999999999996
300.0 -2.5 0.0 16.25 0.2615
300.0 0.0 0.0 16.25 0.0106
300.0 2.5 0.0 16.25 -0.0003
300.0 5.0 0.0 16.25 0.0
300.0 10.0 0.0 16.25 0.0
300.0 -5.0 2.5 16.25 0.1884
300.0 -2.5 2.5 16.25 0.0892
300.0 0.0 2.5 16.25 -0.0265
300.0 2.5 2.5 16.25 -0.0292
300.0 5.0 2.5 16.25 0.0
300.0 7.5 2.5 16.25 0.0
300.0 10.0 2.5 16.25 0.0
300.0 -5.0 5.0 16.25 0.0
300.0 -2.5 5.0 16.25 -0.0347
300.0 0.0 5.0 16.25 -0.2198
300.0 2.5 5.0 16.25 -0.3122
300.0 5.0 5.0 16.25 -0.1653
300.0 7.5 5.0 16.25 -0.0003
300.0 10.0 5.0 16.25 0.0
