0.0 0.0 2.5 5.0 10000000021.189402
0.0 2.5 2.5 5.0 9999999863.750801
0.0 0.0 5.0 5.0 1637825190.4793
0.0 2.5 0.0 6.25 9999999936.5881
0.0 0.0 2.5 6.25 9070350311.5599
0.0 0.0 5.0 6.25 326621183.1485
0.0 0.0 0.0 7.5 10000000078.1264
0.0 2.5 0.0 7.5 10000000049.0321
0.0 0.0 2.5 7.5 10000000056.345901
0.0 0.0 5.0 7.5 10000000046.7131
0.0 0.0 -5.0 8.75 4623289879.4567
0.0 5.0 -5.0 8.75 10000000220.0435
0.0 -2.5 -2.5 8.75 9999999937.4444
0.0 0.0 -2.5 8.75 5921113913.2832
0.0 -2.5 0.0 8.75 10000000015.797401
0.0 0.0 0.0 8.75 10000000125.4433
0.0 2.5 0.0 8.75 9999999810.317202
0.0 0.0 2.5 8.75 4252330539.357
0.0 2.5 2.5 8.75 9999999962.8166
0.0 0.0 5.0 8.75 2135091.5552000003
0.0 2.5 5.0 8.75 105615720.0011
0.0 5.0 -7.5 10.0 10000000094.6637
0.0 7.5 -7.5 10.0 9999999982.415201
0.0 -2.5 -5.0 10.0 10000000057.6744
0.0 0.0 -5.0 10.0 312017025.4455
0.0 2.5 -5.0 10.0 2627698853.601
0.0 5.0 -5.0 10.0 9999999874.695301
0.0 7.5 -5.0 10.0 4016814257.1755004
0.0 -2.5 -2.5 10.0 9999999979.689901
0.0 0.0 -2.5 10.0 85349543.20750001
0.0 2.5 -2.5 10.0 9999999828.161901
0.0 5.0 -2.5 10.0 10000000211.7952
0.0 -2.5 0.0 10.0 4143482610.3219
0.0 0.0 0.0 10.0 10000000086.116701
0.0 2.5 0.0 10.0 4972498186.160299
0.0 0.0 2.5 10.0 210434915.0077
0.0 2.5 2.5 10.0 10000000037.7611
0.0 0.0 5.0 10.0 13043087.8701
0.0 2.5 5.0 10.0 119441791.3344
0.0 2.5 -10.0 11.25 9999999996.2686
0.0 5.0 -10.0 11.25 3447924607.424
0.0 10.0 -10.0 11.25 128.9792
0.0 2.5 -7.5 11.25 9999999935.274
0.0 5.0 -7.5 11.25 216967012.8788
0.0 7.5 -7.5 11.25 1854943.8146
0.0 0.0 -5.0 11.25 28425.640099999997
0.0 2.5 -5.0 11.25 9999999875.861801
0.0 5.0 -5.0 11.25 10000000095.8679
0.0 -5.0 -2.5 11.25 2308465.8541
0.0 -2.5 -2.5 11.25 9999999944.107101
0.0 0.0 -2.5 11.25 251231101.23409998
0.0 2.5 -2.5 11.25 899646634.7060001
0.0 5.0 -2.5 11.25 9999999999.3771
0.0 -5.0 0.0 11.25 89363.8971
0.0 -2.5 0.0 11.25 9999999997.8691
0.0 0.0 0.0 11.25 493818552.075
0.0 2.5 0.0 11.25 10000000198.925402
0.0 0.0 2.5 11.25 4147736909.0724
0.0 2.5 2.5 11.25 10000000146.9596
0.0 0.0 5.0 11.25 48826224.0915
0.0 2.5 5.0 11.25 12160163.2425
0.0 -2.5 -10.0 12.5 -8.0906
0.0 2.5 -10.0 12.5 2456606.8083
0.0 5.0 -10.0 12.5 3124321.8205
0.0 7.5 -10.0 12.5 719.1009
0.0 10.0 -10.0 12.5 0.6274999999999998
0.0 -5.0 -7.5 12.5 -0.9150000000000005
0.0 0.0 -7.5 12.5 13853371.6295
0.0 2.5 -7.5 12.5 10000000043.8929
0.0 5.0 -7.5 12.5 5591252.884500001
0.0 7.5 -7.5 12.5 10000000014.448502
0.0 10.0 -7.5 12.5 191.7629
0.0 -2.5 -5.0 12.5 5613.8375
0.0 0.0 -5.0 12.5 17725.9296
0.0 2.5 -5.0 12.5 10000000052.7282
0.0 5.0 -5.0 12.5 179812427.13660002
0.0 -2.5 -2.5 12.5 7364.932000000001
0.0 0.0 -2.5 12.5 737321.4089
0.0 2.5 -2.5 12.5 1260506262.9947
0.0 5.0 -2.5 12.5 1308002432.6822002
0.0 -5.0 0.0 12.5 131.8422
0.0 -2.5 0.0 12.5 964711.6765000001
0.0 0.0 0.0 12.5 706120230.2341
0.0 2.5 0.0 12.5 9790709193.3461
0.0 5.0 0.0 12.5 1717774306.4336002
0.0 -2.5 2.5 12.5 5568991.3751
0.0 0.0 2.5 12.5 120795681.99309999
0.0 2.5 2.5 12.5 10000000073.187801
0.0 7.5 2.5 12.5 115810052.1008
0.0 0.0 5.0 12.5 616129.8839
0.0 2.5 5.0 12.5 74491777.91860001
0.0 5.0 5.0 12.5 117890.7934
0.0 -2.5 -10.0 13.75 -5.52
0.0 0.0 -10.0 13.75 -6.9270000000000005
0.0 2.5 -10.0 13.75 898.7444999999999
0.0 5.0 -10.0 13.75 3940.9864000000002
0.0 7.5 -10.0 13.75 11.647400000000001
0.0 10.0 -10.0 13.75 -0.09820000000000029
0.0 -5.0 -7.5 13.75 1.2373000000000003
0.0 -2.5 -7.5 13.75 -8.2736
0.0 0.0 -7.5 13.75 122575.5288
0.0 2.5 -7.5 13.75 321867.9388
0.0 5.0 -7.5 13.75 1448789.2737
0.0 7.5 -7.5 13.75 45799.6694
0.0 10.0 -7.5 13.75 80.3392
0.0 -2.5 -5.0 13.75 2.6416999999999997
0.0 0.0 -5.0 13.75 82436.1139
0.0 2.5 -5.0 13.75 368872717.43560004
0.0 5.0 -5.0 13.75 10000000001.9578
0.0 7.5 -5.0 13.75 10000000015.7977
0.0 -5.0 -2.5 13.75 14.9289
0.0 -2.5 -2.5 13.75 34.7055
0.0 0.0 -2.5 13.75 23209.2664
0.0 2.5 -2.5 13.75 5362975882.3419
0.0 5.0 -2.5 13.75 9999999989.2043
0.0 7.5 -2.5 13.75 8461909493.989901
0.0 -5.0 0.0 13.75 6.884800000000001
0.0 -2.5 0.0 13.75 761.8504
0.0 0.0 0.0 13.75 155672.8075
0.0 2.5 0.0 13.75 9999999972.9454
0.0 5.0 0.0 13.75 100143728.19060001
0.0 7.5 0.0 13.75 32476934.0317
0.0 10.0 0.0 13.75 2896.1126999999997
0.0 -5.0 2.5 13.75 5.8581
0.0 -2.5 2.5 13.75 7108.734600000001
0.0 0.0 2.5 13.75 10173.1343
0.0 2.5 2.5 13.75 6065253677.9962
0.0 5.0 2.5 13.75 8803900716.6445
0.0 7.5 2.5 13.75 10807913.7502
0.0 -2.5 5.0 13.75 4.8733
0.0 0.0 5.0 13.75 1205.9489999999998
0.0 2.5 5.0 13.75 72487.37220000001
0.0 5.0 5.0 13.75 1423487.1903000001
0.0 7.5 5.0 13.75 1334041.3388
0.0 10.0 5.0 13.75 42.520199999999996
0.0 -5.0 -10.0 15.0 1.4537
0.0 -2.5 -10.0 15.0 -2.8655
0.0 0.0 -10.0 15.0 -5.8042
0.0 2.5 -10.0 15.0 -2.299
0.0 5.0 -10.0 15.0 4.4060999999999995
0.0 7.5 -10.0 15.0 2.4571
0.0 10.0 -10.0 15.0 1.5473000000000001
0.0 -5.0 -7.5 15.0 0.8122000000000001
0.0 -2.5 -7.5 15.0 -4.1924
0.0 0.0 -7.5 15.0 231.4425
0.0 2.5 -7.5 15.0 2925.1895
0.0 5.0 -7.5 15.0 214.1846
0.0 7.5 -7.5 15.0 146.1595
0.0 10.0 -7.5 15.0 3.3341000000000003
0.0 -5.0 -5.0 15.0 1.2575999999999998
0.0 -2.5 -5.0 15.0 -1.7138
0.0 0.0 -5.0 15.0 184.3262
0.0 2.5 -5.0 15.0 172708257.8718
0.0 5.0 -5.0 15.0 407415489.4203
0.0 7.5 -5.0 15.0 95806.9478
0.0 10.0 -5.0 15.0 91.723
0.0 -5.0 -2.5 15.0 3.8518
0.0 -2.5 -2.5 15.0 -0.6395
0.0 0.0 -2.5 15.0 98.54400000000001
0.0 2.5 -2.5 15.0 6771473.196
0.0 5.0 -2.5 15.0 196164730.4081
0.0 7.5 -2.5 15.0 124644781.9816
0.0 10.0 -2.5 15.0 75.433
0.0 -5.0 0.0 15.0 4.8351
0.0 -2.5 0.0 15.0 1.1318000000000001
0.0 0.0 0.0 15.0 66.3289
0.0 2.5 0.0 15.0 1183.7548
0.0 5.0 0.0 15.0 432921.5662
0.0 7.5 0.0 15.0 97094.0362
0.0 10.0 0.0 15.0 495.35569999999996
0.0 -5.0 2.5 15.0 4.7745
0.0 -2.5 2.5 15.0 7.181899999999999
0.0 0.0 2.5 15.0 9.9039
0.0 2.5 2.5 15.0 4418.1431999999995
0.0 5.0 2.5 15.0 30586.9572
0.0 7.5 2.5 15.0 62623.1402
0.0 10.0 2.5 15.0 3142.8554000000004
0.0 -5.0 5.0 15.0 2.9531
0.0 -2.5 5.0 15.0 2.5465
0.0 0.0 5.0 15.0 -1.9161
0.0 2.5 5.0 15.0 -1.4299
0.0 5.0 5.0 15.0 1147.1512
0.0 7.5 5.0 15.0 37802.8699
0.0 10.0 5.0 15.0 1.4416000000000002
0.0 -5.0 -10.0 16.25 0.951
0.0 -2.5 -10.0 16.25 -1.6548
0.0 0.0 -10.0 16.25 -3.683
0.0 2.5 -10.0 16.25 -2.8763
0.0 5.0 -10.0 16.25 -0.12749999999999995
0.0 7.5 -10.0 16.25 1.7765
0.0 10.0 -10.0 16.25 1.7321
0.0 -5.0 -7.5 16.25 0.033399999999999985
0.0 -2.5 -7.5 16.25 -2.9566999999999997
0.0 0.0 -7.5 16.25 -6.289
0.0 2.5 -7.5 16.25 -5.0285
0.0 5.0 -7.5 16.25 4.7805
0.0 7.5 -7.5 16.25 4.6272
0.0 10.0 -7.5 16.25 1.7259
0.0 -5.0 -5.0 16.25 1.509
0.0 -2.5 -5.0 16.25 -2.0981
0.0 0.0 -5.0 16.25 -5.9036
0.0 2.5 -5.0 16.25 6164.2697
0.0 5.0 -5.0 16.25 14122.230500000001
0.0 7.5 -5.0 16.25 410.33860000000004
0.0 10.0 -5.0 16.25 0.5500999999999996
0.0 -5.0 -2.5 16.25 2.1437
0.0 -2.5 -2.5 16.25 -0.4529000000000001
0.0 0.0 -2.5 16.25 -7.7857
0.0 2.5 -2.5 16.25 51.7904
0.0 5.0 -2.5 16.25 415.8994
0.0 7.5 -2.5 16.25 5048.357999999999
0.0 10.0 -2.5 16.25 -0.30820000000000025
0.0 -5.0 0.0 16.25 2.9971
0.0 -2.5 0.0 16.25 1.2743000000000002
0.0 0.0 0.0 16.25 -5.3417
0.0 2.5 0.0 16.25 -12.054
0.0 5.0 0.0 16.25 9.040000000000001
0.0 7.5 0.0 16.25 59.7642
0.0 10.0 0.0 16.25 -1.0242
0.0 -5.0 2.5 16.25 3.3144
0.0 -2.5 2.5 16.25 3.3781999999999996
0.0 0.0 2.5 16.25 -0.6930000000000001
0.0 2.5 2.5 16.25 -3.2215
0.0 5.0 2.5 16.25 15.0959
0.0 7.5 2.5 16.25 495.4539
0.0 10.0 2.5 16.25 61.017
0.0 -5.0 5.0 16.25 1.9184999999999999
0.0 -2.5 5.0 16.25 2.5894
0.0 0.0 5.0 16.25 -0.29349999999999987
0.0 2.5 5.0 16.25 -5.0355
0.0 5.0 5.0 16.25 -7.7499
0.0 7.5 5.0 16.25 0.6806999999999999
0.0 10.0 5.0 16.25 -5.3062
60.0 -5.0 -10.0 3.75 1618048872.0533001
60.0 -2.5 -10.0 3.75 9999999744.364601
60.0 0.0 -10.0 3.75 1952929746.9153
60.0 2.5 -10.0 3.75 9999999984.8307
60.0 5.0 -10.0 3.75 10000000074.288101
60.0 7.5 -10.0 3.75 10000000088.786701
60.0 10.0 -10.0 3.75 816392288.1799
60.0 -5.0 -7.5 3.75 3156972682.2294
60.0 -2.5 -7.5 3.75 9999999986.1951
60.0 0.0 -7.5 3.75 10000000083.507101
60.0 2.5 -7.5 3.75 9999999881.2201
60.0 5.0 -7.5 3.75 10000000093.956001
60.0 7.5 -7.5 3.75 10000000006.1086
60.0 10.0 -7.5 3.75 13800162.4468
60.0 -5.0 -5.0 3.75 10000000064.349
60.0 -2.5 -5.0 3.75 4469229687.6602
60.0 0.0 -5.0 3.75 9999999799.9122
60.0 2.5 -5.0 3.75 9999999703.7115
60.0 5.0 -5.0 3.75 10000000189.152601
60.0 7.5 -5.0 3.75 9999999800.711102
60.0 10.0 -5.0 3.75 9150304649.653
60.0 -5.0 -2.5 3.75 10000000048.6091
60.0 -2.5 -2.5 3.75 9999999919.9962
60.0 0.0 -2.5 3.75 9999999726.7513
60.0 2.5 -2.5 3.75 10000000085.0589
60.0 5.0 -2.5 3.75 9999999880.1252
60.0 7.5 -2.5 3.75 9999999993.037401
60.0 10.0 -2.5 3.75 9999999995.2975
60.0 -5.0 0.0 3.75 9999999999.008202
60.0 -2.5 0.0 3.75 5959590824.9735
60.0 0.0 0.0 3.75 9999999837.960901
60.0 2.5 0.0 3.75 9999999987.6481
60.0 5.0 0.0 3.75 6474342964.078199
60.0 7.5 0.0 3.75 3153574102.2179
60.0 10.0 0.0 3.75 4752120981.4925
60.0 -5.0 2.5 3.75 7750330760.028199
60.0 -2.5 2.5 3.75 914666998.2153
60.0 0.0 2.5 3.75 1522548939.4313002
60.0 2.5 2.5 3.75 10000000201.5512
60.0 5.0 2.5 3.75 10000000238.438301
60.0 7.5 2.5 3.75 9999999941.5564
60.0 10.0 2.5 3.75 10000000014.4897
60.0 -5.0 5.0 3.75 195095132.7768
60.0 -2.5 5.0 3.75 212028065.64200002
60.0 0.0 5.0 3.75 1621172.2354000001
60.0 2.5 5.0 3.75 1259507143.5546
60.0 5.0 5.0 3.75 9999999853.9825
60.0 7.5 5.0 3.75 323011.5531
60.0 10.0 5.0 3.75 9999999990.891602
60.0 0.0 -2.5 6.25 9999999581.895401
60.0 0.0 2.5 6.25 10000000143.441801
60.0 5.0 -7.5 7.5 3798575740.7005
60.0 0.0 -5.0 7.5 10000000070.894001
60.0 0.0 -2.5 7.5 10000000089.643501
60.0 -2.5 0.0 7.5 9999999988.856
60.0 0.0 0.0 7.5 10000000694.208101
60.0 -2.5 2.5 7.5 10000000031.178902
60.0 0.0 2.5 7.5 9999999885.7696
60.0 0.0 -7.5 8.75 10000000048.8703
60.0 0.0 -5.0 8.75 10000000293.7709
60.0 2.5 -5.0 8.75 8083473505.789599
60.0 0.0 -2.5 8.75 10000000042.5447
60.0 -2.5 0.0 8.75 120666444.0009
60.0 0.0 0.0 8.75 245943487.1939
60.0 -2.5 2.5 8.75 158777562.5333
60.0 0.0 2.5 8.75 7626674441.3891
60.0 2.5 2.5 8.75 10000000003.9326
60.0 -5.0 5.0 8.75 760726.6097
60.0 -2.5 5.0 8.75 9999999962.5384
60.0 0.0 5.0 8.75 10000000257.110802
60.0 0.0 -10.0 10.0 546160755.3569
60.0 0.0 -7.5 10.0 4617306490.233
60.0 2.5 -7.5 10.0 250972438.44799998
60.0 5.0 -7.5 10.0 10000000051.519201
60.0 0.0 -5.0 10.0 2534434847.0213003
60.0 2.5 -5.0 10.0 10000000045.221802
60.0 0.0 -2.5 10.0 10000000078.9557
60.0 -2.5 0.0 10.0 33349501.5438
60.0 0.0 0.0 10.0 10000000131.0953
60.0 -5.0 2.5 10.0 388544646.14739996
60.0 -2.5 2.5 10.0 57871.1852
60.0 0.0 2.5 10.0 10000000189.6051
60.0 2.5 2.5 10.0 9999999849.283602
60.0 -2.5 5.0 10.0 91148.8437
60.0 0.0 5.0 10.0 327474.1202
60.0 2.5 5.0 10.0 3182162.9049
60.0 0.0 -10.0 11.25 71404.65920000001
60.0 7.5 -10.0 11.25 1192427.3871
60.0 10.0 -10.0 11.25 -8.2313
60.0 -2.5 -7.5 11.25 481285459.44589996
60.0 0.0 -7.5 11.25 155653.62099999998
60.0 2.5 -7.5 11.25 9188202.614200002
60.0 5.0 -7.5 11.25 10000000006.160702
60.0 7.5 -7.5 11.25 10000000037.660301
60.0 10.0 -7.5 11.25 642595.7652
60.0 0.0 -5.0 11.25 9999999980.8012
60.0 2.5 -5.0 11.25 10000000028.7366
60.0 0.0 -2.5 11.25 10000000099.894701
60.0 -2.5 0.0 11.25 429868199.9975
60.0 0.0 0.0 11.25 10000000077.5997
60.0 2.5 0.0 11.25 10000000017.0366
60.0 -5.0 2.5 11.25 62182704.523
60.0 -2.5 2.5 11.25 14207.631300000001
60.0 0.0 2.5 11.25 1516988.502
60.0 2.5 2.5 11.25 10000000389.8166
60.0 -5.0 5.0 11.25 319.6735
60.0 -2.5 5.0 11.25 134.2004
60.0 0.0 5.0 11.25 845.3868
60.0 2.5 5.0 11.25 47635.2589
60.0 5.0 5.0 11.25 144533329.0411
60.0 0.0 -10.0 12.5 63.9634
60.0 2.5 -10.0 12.5 3799.7561
60.0 5.0 -10.0 12.5 71816.8371
60.0 7.5 -10.0 12.5 2799.7631
60.0 10.0 -10.0 12.5 -8.5244
60.0 -2.5 -7.5 12.5 1319.4613
60.0 0.0 -7.5 12.5 728.3770000000001
60.0 2.5 -7.5 12.5 7267815.288199999
60.0 5.0 -7.5 12.5 45713193.1401
60.0 7.5 -7.5 12.5 228245180.9737
60.0 10.0 -7.5 12.5 161.6448
60.0 -5.0 -5.0 12.5 22205.439599999998
60.0 -2.5 -5.0 12.5 4093178.0503000002
60.0 0.0 -5.0 12.5 40952262.7896
60.0 2.5 -5.0 12.5 10000000033.7679
60.0 -2.5 -2.5 12.5 187926171.0164
60.0 0.0 -2.5 12.5 817984966.0863
60.0 5.0 -2.5 12.5 8023257158.861699
60.0 -5.0 0.0 12.5 561.4924
60.0 -2.5 0.0 12.5 821195.6061
60.0 0.0 0.0 12.5 110396494.8944
60.0 2.5 0.0 12.5 868609010.4555
60.0 -5.0 2.5 12.5 828.9312
60.0 -2.5 2.5 12.5 13416.232600000001
60.0 0.0 2.5 12.5 930360565.5998999
60.0 2.5 2.5 12.5 9999999999.547201
60.0 -5.0 5.0 12.5 2.1882
60.0 -2.5 5.0 12.5 8.9703
60.0 0.0 5.0 12.5 609.9565
60.0 2.5 5.0 12.5 14492497.455
60.0 5.0 5.0 12.5 191756.70309999998
60.0 -2.5 -10.0 13.75 3.8606999999999996
60.0 0.0 -10.0 13.75 1.1487999999999996
60.0 2.5 -10.0 13.75 -4.752000000000001
60.0 5.0 -10.0 13.75 482.2257
60.0 7.5 -10.0 13.75 801.209
60.0 10.0 -10.0 13.75 -4.8345
60.0 -2.5 -7.5 13.75 37.1791
60.0 0.0 -7.5 13.75 60.4764
60.0 2.5 -7.5 13.75 92236.6365
60.0 5.0 -7.5 13.75 97657.8467
60.0 7.5 -7.5 13.75 1075.3364
60.0 10.0 -7.5 13.75 -4.3732
60.0 -5.0 -5.0 13.75 133.2314
60.0 -2.5 -5.0 13.75 208.19209999999998
60.0 0.0 -5.0 13.75 170988.3289
60.0 2.5 -5.0 13.75 120976049.675
60.0 5.0 -5.0 13.75 12050847.225200001
60.0 7.5 -5.0 13.75 14339249.978
60.0 10.0 -5.0 13.75 974625.5865
60.0 -5.0 -2.5 13.75 4213.1002
60.0 -2.5 -2.5 13.75 53898.0767
60.0 0.0 -2.5 13.75 253417.8544
60.0 2.5 -2.5 13.75 10000000021.0592
60.0 5.0 -2.5 13.75 9999999891.192902
60.0 7.5 -2.5 13.75 504253302.3649
60.0 -5.0 0.0 13.75 -0.007600000000000051
60.0 -2.5 0.0 13.75 2566.7041
60.0 0.0 0.0 13.75 275323.3641
60.0 2.5 0.0 13.75 72539216.5723
60.0 5.0 0.0 13.75 7745206692.9481
60.0 -5.0 2.5 13.75 2.2349000000000006
60.0 -2.5 2.5 13.75 42637.7401
60.0 0.0 2.5 13.75 9999999860.086401
60.0 2.5 2.5 13.75 9999999975.3922
60.0 -5.0 5.0 13.75 1.1694
60.0 -2.5 5.0 13.75 -3.7198
60.0 0.0 5.0 13.75 2567.4664
60.0 2.5 5.0 13.75 3038.948
60.0 5.0 5.0 13.75 275.4658
60.0 -5.0 -10.0 15.0 0.7979
60.0 -2.5 -10.0 15.0 2.4381
60.0 0.0 -10.0 15.0 1.6399
60.0 2.5 -10.0 15.0 -2.8880999999999997
60.0 5.0 -10.0 15.0 -4.9527
60.0 7.5 -10.0 15.0 -3.6198
60.0 10.0 -10.0 15.0 -2.9267
60.0 -5.0 -7.5 15.0 -0.8042
60.0 -2.5 -7.5 15.0 2.8074000000000003
60.0 0.0 -7.5 15.0 1.0188000000000006
60.0 2.5 -7.5 15.0 168.4914
60.0 5.0 -7.5 15.0 13.233400000000001
60.0 7.5 -7.5 15.0 -1.4912
60.0 10.0 -7.5 15.0 -1.6220000000000003
60.0 -5.0 -5.0 15.0 -1.7357
60.0 -2.5 -5.0 15.0 -0.5652999999999997
60.0 0.0 -5.0 15.0 159.4228
60.0 2.5 -5.0 15.0 25846.8611
60.0 5.0 -5.0 15.0 6128.5779
60.0 7.5 -5.0 15.0 3210140.9387999997
60.0 10.0 -5.0 15.0 17055.7079
60.0 -5.0 -2.5 15.0 -0.3015000000000003
60.0 -2.5 -2.5 15.0 91.6415
60.0 0.0 -2.5 15.0 223.2866
60.0 2.5 -2.5 15.0 455953.7428
60.0 5.0 -2.5 15.0 224855457.8477
60.0 7.5 -2.5 15.0 12065772.4326
60.0 10.0 -2.5 15.0 189882616.20659998
60.0 -5.0 0.0 15.0 -0.29390000000000027
60.0 -2.5 0.0 15.0 76.168
60.0 0.0 0.0 15.0 105131.4005
60.0 2.5 0.0 15.0 3516682.2739
60.0 5.0 0.0 15.0 64748699.3842
60.0 7.5 0.0 15.0 575800.3137
60.0 10.0 0.0 15.0 248.3625
60.0 -5.0 2.5 15.0 1.4051
60.0 -2.5 2.5 15.0 304.4788
60.0 0.0 2.5 15.0 36619.796500000004
60.0 2.5 2.5 15.0 195984.35
60.0 5.0 2.5 15.0 179943.9018
60.0 7.5 2.5 15.0 31.7118
60.0 10.0 2.5 15.0 1015.5778
60.0 -5.0 5.0 15.0 1.4314
60.0 -2.5 5.0 15.0 -4.9904
60.0 0.0 5.0 15.0 58.1987
60.0 2.5 5.0 15.0 617.1374
60.0 5.0 5.0 15.0 -13.6385
60.0 -5.0 -10.0 16.25 0.5467
60.0 -2.5 -10.0 16.25 1.6691000000000003
60.0 0.0 -10.0 16.25 0.5439
60.0 2.5 -10.0 16.25 -2.4945
60.0 5.0 -10.0 16.25 -3.4619999999999997
60.0 7.5 -10.0 16.25 -3.5378
60.0 10.0 -10.0 16.25 -1.9155000000000002
60.0 -5.0 -7.5 16.25 0.03320000000000001
60.0 -2.5 -7.5 16.25 1.2580999999999998
60.0 0.0 -7.5 16.25 -0.5112000000000001
60.0 2.5 -7.5 16.25 -3.4823
60.0 5.0 -7.5 16.25 -4.4649
60.0 7.5 -7.5 16.25 -2.5015
60.0 10.0 -7.5 16.25 -0.9404999999999999
60.0 -5.0 -5.0 16.25 -0.6153
60.0 -2.5 -5.0 16.25 -2.0157
60.0 0.0 -5.0 16.25 -6.5558
60.0 2.5 -5.0 16.25 -0.7465999999999999
60.0 5.0 -5.0 16.25 404.3946
60.0 7.5 -5.0 16.25 56636.2671
60.0 10.0 -5.0 16.25 141.0224
60.0 -5.0 -2.5 16.25 -0.8647999999999999
60.0 -2.5 -2.5 16.25 -4.8048
60.0 0.0 -2.5 16.25 -9.1056
60.0 2.5 -2.5 16.25 83.0343
60.0 5.0 -2.5 16.25 3733.5042
60.0 7.5 -2.5 16.25 1236.5411
60.0 10.0 -2.5 16.25 1307.0926000000002
60.0 -5.0 0.0 16.25 0.3326
60.0 -2.5 0.0 16.25 -2.6197
60.0 0.0 0.0 16.25 35.533500000000004
60.0 2.5 0.0 16.25 1367.0631999999998
60.0 5.0 0.0 16.25 19.7693
60.0 7.5 0.0 16.25 10562.0372
60.0 10.0 0.0 16.25 -0.0034999999999998366
60.0 -5.0 2.5 16.25 1.332
60.0 -2.5 2.5 16.25 -0.07320000000000015
60.0 0.0 2.5 16.25 13.2877
60.0 2.5 2.5 16.25 183.8381
60.0 5.0 2.5 16.25 775.434
60.0 7.5 2.5 16.25 -4.2933
60.0 10.0 2.5 16.25 -2.0262
60.0 -5.0 5.0 16.25 1.0232999999999999
60.0 -2.5 5.0 16.25 -2.6369
60.0 0.0 5.0 16.25 -7.780799999999999
60.0 2.5 5.0 16.25 -8.5513
60.0 5.0 5.0 16.25 -8.7356
60.0 7.5 5.0 16.25 -5.7117
60.0 10.0 5.0 16.25 -3.2381
120.0 -5.0 -10.0 3.75 10000000033.9804
120.0 -2.5 -10.0 3.75 9999999924.7453
120.0 0.0 -10.0 3.75 169054873.8085
120.0 2.5 -10.0 3.75 9999999827.0711
120.0 5.0 -10.0 3.75 9999999866.649
120.0 7.5 -10.0 3.75 9999999969.220701
120.0 10.0 -10.0 3.75 579316527.3671
120.0 -5.0 -7.5 3.75 394584898.31589997
120.0 -2.5 -7.5 3.75 10000000198.8174
120.0 0.0 -7.5 3.75 10000000144.6228
120.0 2.5 -7.5 3.75 9999999728.8216
120.0 5.0 -7.5 3.75 9999999916.823502
120.0 7.5 -7.5 3.75 8910036980.844599
120.0 10.0 -7.5 3.75 3024181567.5273
120.0 -5.0 -5.0 3.75 9999999885.9151
120.0 -2.5 -5.0 3.75 9999999801.744501
120.0 0.0 -5.0 3.75 10000000278.134602
120.0 2.5 -5.0 3.75 10000000054.199902
120.0 5.0 -5.0 3.75 9999999786.955101
120.0 7.5 -5.0 3.75 9999999994.6229
120.0 10.0 -5.0 3.75 6789780213.7189
120.0 -5.0 -2.5 3.75 9999999868.7537
120.0 -2.5 -2.5 3.75 10000000167.185001
120.0 0.0 -2.5 3.75 9999999688.1086
120.0 2.5 -2.5 3.75 10000000155.2115
120.0 5.0 -2.5 3.75 9999999954.2255
120.0 7.5 -2.5 3.75 10000000034.318401
120.0 10.0 -2.5 3.75 127650530.3469
120.0 -5.0 0.0 3.75 9999999889.0436
120.0 -2.5 0.0 3.75 9999999933.0949
120.0 0.0 0.0 3.75 9999999913.955101
120.0 2.5 0.0 3.75 10000000093.0244
120.0 5.0 0.0 3.75 10000000135.4778
120.0 7.5 0.0 3.75 10000000096.816502
120.0 10.0 0.0 3.75 52072462.027600005
120.0 -5.0 2.5 3.75 163068921.6111
120.0 -2.5 2.5 3.75 2799013527.4353
120.0 0.0 2.5 3.75 1453502880.918
120.0 2.5 2.5 3.75 9999999903.892
120.0 5.0 2.5 3.75 8126395878.2297
120.0 7.5 2.5 3.75 10000000024.2992
120.0 10.0 2.5 3.75 564055945.4684
120.0 -5.0 5.0 3.75 12716381.999
120.0 -2.5 5.0 3.75 10000000021.244701
120.0 0.0 5.0 3.75 9999999998.9985
120.0 2.5 5.0 3.75 10000000048.0034
120.0 5.0 5.0 3.75 9999999890.572802
120.0 7.5 5.0 3.75 10000000121.2998
120.0 10.0 5.0 3.75 9739.8063
120.0 -2.5 0.0 5.0 1371569308.8732
120.0 -2.5 2.5 5.0 9999999949.0776
120.0 0.0 -2.5 6.25 9999999994.6802
120.0 -2.5 0.0 6.25 10000000043.524
120.0 -2.5 2.5 6.25 9999999781.0219
120.0 -2.5 5.0 6.25 176233553.6384
120.0 0.0 -7.5 7.5 3678440536.2867
120.0 -2.5 -5.0 7.5 1873697935.0671
120.0 0.0 -5.0 7.5 5126917664.3268
120.0 -2.5 -2.5 7.5 9999999963.8813
120.0 0.0 -2.5 7.5 9999999927.492601
120.0 -2.5 0.0 7.5 9999999816.3785
120.0 -2.5 2.5 7.5 10000000235.411001
120.0 0.0 2.5 7.5 10000000093.9545
120.0 -2.5 5.0 7.5 452059215.8051
120.0 0.0 -7.5 8.75 9999999848.521502
120.0 -2.5 -5.0 8.75 64914529.1109
120.0 0.0 -5.0 8.75 3888175889.0217
120.0 2.5 -5.0 8.75 10000000027.7546
120.0 -2.5 -2.5 8.75 72921715.1013
120.0 0.0 -2.5 8.75 95762140.25690001
120.0 -2.5 0.0 8.75 9999999887.7555
120.0 0.0 0.0 8.75 10000000133.6567
120.0 -2.5 2.5 8.75 10000000047.365301
120.0 0.0 2.5 8.75 10000000009.7632
120.0 -5.0 5.0 8.75 98910966.69299999
120.0 -2.5 5.0 8.75 5328655841.7634
120.0 0.0 -7.5 10.0 9999999995.181702
120.0 2.5 -7.5 10.0 9999999955.5589
120.0 -2.5 -5.0 10.0 38399165.1177
120.0 0.0 -5.0 10.0 10000000198.908
120.0 2.5 -5.0 10.0 10000000006.9025
120.0 -2.5 -2.5 10.0 316427011.9819
120.0 0.0 -2.5 10.0 4037890406.6025
120.0 -2.5 0.0 10.0 25053192.3123
120.0 0.0 0.0 10.0 9999999901.621302
120.0 -2.5 2.5 10.0 909175.791
120.0 0.0 2.5 10.0 186162492.4361
120.0 2.5 2.5 10.0 464534836.6785
120.0 -5.0 5.0 10.0 86492.414
120.0 -2.5 5.0 10.0 1788.3
120.0 0.0 5.0 10.0 2957632.3597
120.0 0.0 -10.0 11.25 369872598.9343
120.0 2.5 -10.0 11.25 7949108.820400001
120.0 5.0 -10.0 11.25 214982.0562
120.0 7.5 -10.0 11.25 290.32
120.0 0.0 -7.5 11.25 3680448233.9914002
120.0 2.5 -7.5 11.25 2342827829.8297
120.0 5.0 -7.5 11.25 9999999984.2509
120.0 -2.5 -5.0 11.25 2928194578.2419
120.0 0.0 -5.0 11.25 3234123863.2435
120.0 2.5 -5.0 11.25 9999999953.666801
120.0 -5.0 -2.5 11.25 42568.3778
120.0 -2.5 -2.5 11.25 30780394.743499998
120.0 0.0 -2.5 11.25 3889033008.1975
120.0 -5.0 0.0 11.25 17783.7694
120.0 -2.5 0.0 11.25 2056007350.2019
120.0 0.0 0.0 11.25 253601547.73139998
120.0 2.5 0.0 11.25 3101956761.2376
120.0 5.0 0.0 11.25 9999999972.1277
120.0 -5.0 2.5 11.25 1332.3306
120.0 -2.5 2.5 11.25 11566265.905900002
120.0 0.0 2.5 11.25 361837762.2622
120.0 2.5 2.5 11.25 9999999905.043701
120.0 -5.0 5.0 11.25 185.4527
120.0 -2.5 5.0 11.25 248750.7666
120.0 0.0 5.0 11.25 6991486002.841701
120.0 2.5 5.0 11.25 684928369.3533
120.0 -5.0 -10.0 12.5 2.9999000000000002
120.0 0.0 -10.0 12.5 230011.1626
120.0 2.5 -10.0 12.5 30386044.3889
120.0 5.0 -10.0 12.5 236949.2171
120.0 7.5 -10.0 12.5 7.4762
120.0 10.0 -10.0 12.5 -12.365300000000001
120.0 -2.5 -7.5 12.5 7931.1535
120.0 0.0 -7.5 12.5 1141337796.0416
120.0 2.5 -7.5 12.5 20188930.1369
120.0 5.0 -7.5 12.5 6505392224.0606
120.0 -2.5 -5.0 12.5 9999999871.956001
120.0 0.0 -5.0 12.5 4194556411.1879997
120.0 2.5 -5.0 12.5 1151697929.4817998
120.0 -5.0 -2.5 12.5 163.1539
120.0 -2.5 -2.5 12.5 6628441.4616
120.0 0.0 -2.5 12.5 9999999791.354101
120.0 -5.0 0.0 12.5 5453.8441
120.0 -2.5 0.0 12.5 178838.7223
120.0 0.0 0.0 12.5 16004372.2005
120.0 2.5 0.0 12.5 144437261.52380002
120.0 5.0 0.0 12.5 9999999975.604
120.0 -5.0 2.5 12.5 -0.050199999999999356
120.0 -2.5 2.5 12.5 33771.7333
120.0 0.0 2.5 12.5 72834614.64960001
120.0 2.5 2.5 12.5 73493305.0769
120.0 5.0 2.5 12.5 754620899.4449999
120.0 -5.0 5.0 12.5 2.4023999999999996
120.0 -2.5 5.0 12.5 1053.1786
120.0 0.0 5.0 12.5 421731818.372
120.0 2.5 5.0 12.5 9999999965.7709
120.0 5.0 5.0 12.5 2348.9710999999998
120.0 7.5 5.0 12.5 41.7997
120.0 -5.0 -10.0 13.75 2.4547
120.0 -2.5 -10.0 13.75 8.2086
120.0 0.0 -10.0 13.75 772.2314
120.0 2.5 -10.0 13.75 802.8581
120.0 5.0 -10.0 13.75 2080.2995
120.0 7.5 -10.0 13.75 -4.630999999999999
120.0 10.0 -10.0 13.75 -8.4188
120.0 -2.5 -7.5 13.75 752.0938
120.0 0.0 -7.5 13.75 168748.0391
120.0 2.5 -7.5 13.75 68367.4854
120.0 5.0 -7.5 13.75 214117.8719
120.0 7.5 -7.5 13.75 4390.3387999999995
120.0 10.0 -7.5 13.75 -9.424
120.0 -5.0 -5.0 13.75 136.14520000000002
120.0 -2.5 -5.0 13.75 49511586.5288
120.0 0.0 -5.0 13.75 30825606.6258
120.0 2.5 -5.0 13.75 4869990.503500001
120.0 -5.0 -2.5 13.75 423.5828
120.0 -2.5 -2.5 13.75 156692188.26459998
120.0 0.0 -2.5 13.75 10000000249.5624
120.0 2.5 -2.5 13.75 10000000106.301802
120.0 -5.0 0.0 13.75 -1.3335
120.0 -2.5 0.0 13.75 49121.0262
120.0 0.0 0.0 13.75 46755.870899999994
120.0 2.5 0.0 13.75 17838687.048699997
120.0 -5.0 2.5 13.75 -2.2153000000000005
120.0 -2.5 2.5 13.75 62.478
120.0 0.0 2.5 13.75 63070.3938
120.0 2.5 2.5 13.75 76826.6078
120.0 5.0 2.5 13.75 169184.7358
120.0 7.5 2.5 13.75 20465667.943
120.0 -5.0 5.0 13.75 -0.45599999999999974
120.0 -2.5 5.0 13.75 -6.2459999999999996
120.0 0.0 5.0 13.75 2687.8244
120.0 2.5 5.0 13.75 1890230.5594000001
120.0 5.0 5.0 13.75 84.96459999999999
120.0 7.5 5.0 13.75 -8.776399999999999
120.0 -5.0 -10.0 15.0 1.1471999999999998
120.0 -2.5 -10.0 15.0 -0.40439999999999987
120.0 0.0 -10.0 15.0 1.2365000000000004
120.0 2.5 -10.0 15.0 16.046799999999998
120.0 5.0 -10.0 15.0 1.7489
120.0 7.5 -10.0 15.0 -1.6241
120.0 10.0 -10.0 15.0 -4.5295000000000005
120.0 -5.0 -7.5 15.0 -5.4643
120.0 -2.5 -7.5 15.0 16.652199999999997
120.0 0.0 -7.5 15.0 17.9562
120.0 2.5 -7.5 15.0 54.7121
120.0 5.0 -7.5 15.0 1095.8542
120.0 7.5 -7.5 15.0 5.677199999999999
120.0 10.0 -7.5 15.0 -5.1196
120.0 -5.0 -5.0 15.0 1.7664000000000002
120.0 -2.5 -5.0 15.0 4802.337799999999
120.0 0.0 -5.0 15.0 274785.457
120.0 2.5 -5.0 15.0 542774.0242
120.0 5.0 -5.0 15.0 1697.2793
120.0 7.5 -5.0 15.0 3131.0592
120.0 10.0 -5.0 15.0 -0.6988000000000001
120.0 -5.0 -2.5 15.0 21.7095
120.0 -2.5 -2.5 15.0 30127.5235
120.0 0.0 -2.5 15.0 74360.2502
120.0 2.5 -2.5 15.0 439735373.9872
120.0 5.0 -2.5 15.0 4121628021.2137
120.0 7.5 -2.5 15.0 13832083.6513
120.0 10.0 -2.5 15.0 25259.9912
120.0 -5.0 0.0 15.0 -3.6315999999999997
120.0 -2.5 0.0 15.0 303.30690000000004
120.0 0.0 0.0 15.0 4957.7478
120.0 2.5 0.0 15.0 80528.6357
120.0 5.0 0.0 15.0 76236824.1074
120.0 10.0 0.0 15.0 290203681.5126
120.0 -5.0 2.5 15.0 -1.8341
120.0 -2.5 2.5 15.0 -8.4893
120.0 0.0 2.5 15.0 -0.36650000000000027
120.0 2.5 2.5 15.0 63.08669999999999
120.0 5.0 2.5 15.0 295.4095
120.0 7.5 2.5 15.0 792.4521
120.0 10.0 2.5 15.0 13.6237
120.0 -5.0 5.0 15.0 -1.4287
120.0 -2.5 5.0 15.0 -6.9018
120.0 0.0 5.0 15.0 -12.226500000000001
120.0 2.5 5.0 15.0 -7.6053
120.0 5.0 5.0 15.0 -9.017900000000001
120.0 7.5 5.0 15.0 -6.4491
120.0 10.0 5.0 15.0 -2.6839
120.0 -5.0 -10.0 16.25 -0.14579999999999999
120.0 -2.5 -10.0 16.25 0.4044000000000001
120.0 0.0 -10.0 16.25 1.4897999999999998
120.0 2.5 -10.0 16.25 2.6516
120.0 5.0 -10.0 16.25 1.6203
120.0 7.5 -10.0 16.25 -0.3757999999999999
120.0 10.0 -10.0 16.25 -3.1901
120.0 -5.0 -7.5 16.25 -3.7024
120.0 -2.5 -7.5 16.25 -4.2519
120.0 0.0 -7.5 16.25 -2.6025000000000005
120.0 2.5 -7.5 16.25 -2.5723
120.0 5.0 -7.5 16.25 -2.1081000000000003
120.0 7.5 -7.5 16.25 -2.1390000000000002
120.0 10.0 -7.5 16.25 -3.8812
120.0 -5.0 -5.0 16.25 -4.2728
120.0 -2.5 -5.0 16.25 5.229299999999999
120.0 0.0 -5.0 16.25 537.0373999999999
120.0 2.5 -5.0 16.25 16.8306
120.0 5.0 -5.0 16.25 3.9073
120.0 7.5 -5.0 16.25 -0.5949
120.0 10.0 -5.0 16.25 -1.6147
120.0 -5.0 -2.5 16.25 -2.3208
120.0 -2.5 -2.5 16.25 21.0035
120.0 0.0 -2.5 16.25 43.6779
120.0 2.5 -2.5 16.25 21621.9411
120.0 5.0 -2.5 16.25 8678.355
120.0 7.5 -2.5 16.25 155565.12649999998
120.0 10.0 -2.5 16.25 172.6286
120.0 -5.0 0.0 16.25 -3.1793
120.0 -2.5 0.0 16.25 -8.1525
120.0 0.0 0.0 16.25 -5.664
120.0 2.5 0.0 16.25 9.694099999999999
120.0 5.0 0.0 16.25 209.74640000000002
120.0 7.5 0.0 16.25 1452.9384
120.0 10.0 0.0 16.25 1442.7683
120.0 -5.0 2.5 16.25 -2.1928
120.0 -2.5 2.5 16.25 -6.3563
120.0 0.0 2.5 16.25 -8.6698
120.0 2.5 2.5 16.25 -9.1745
120.0 5.0 2.5 16.25 -6.1023
120.0 7.5 2.5 16.25 3.4850000000000003
120.0 10.0 2.5 16.25 -0.7175
120.0 -5.0 5.0 16.25 -1.4552
120.0 -2.5 5.0 16.25 -4.8858999999999995
120.0 0.0 5.0 16.25 -7.7522
120.0 2.5 5.0 16.25 -7.8842
120.0 5.0 5.0 16.25 -6.7087
120.0 7.5 5.0 16.25 -3.9512
120.0 10.0 5.0 16.25 -1.7852999999999999
180.0 -5.0 -10.0 3.75 4335356649.767
180.0 -2.5 -10.0 3.75 240095287.1229
180.0 0.0 -10.0 3.75 10000000092.2378
180.0 2.5 -10.0 3.75 9999999949.288502
180.0 5.0 -10.0 3.75 9999999941.235601
180.0 7.5 -10.0 3.75 10000000013.906502
180.0 10.0 -10.0 3.75 9999999857.4423
180.0 -5.0 -7.5 3.75 9999999917.189001
180.0 -2.5 -7.5 3.75 10000000119.674702
180.0 0.0 -7.5 3.75 10000000265.323301
180.0 2.5 -7.5 3.75 9999999923.0321
180.0 5.0 -7.5 3.75 10000000092.7096
180.0 7.5 -7.5 3.75 9999999916.7616
180.0 10.0 -7.5 3.75 9999999862.6585
180.0 -5.0 -5.0 3.75 9999999937.921501
180.0 -2.5 -5.0 3.75 10000000021.5687
180.0 0.0 -5.0 3.75 9999999847.918001
180.0 2.5 -5.0 3.75 9999999973.2448
180.0 5.0 -5.0 3.75 10000000057.814701
180.0 7.5 -5.0 3.75 9999999711.4116
180.0 10.0 -5.0 3.75 9999999884.0352
180.0 -5.0 -2.5 3.75 10000000253.278502
180.0 -2.5 -2.5 3.75 518411107.8316
180.0 0.0 -2.5 3.75 10000000382.5862
180.0 2.5 -2.5 3.75 9999999895.6965
180.0 5.0 -2.5 3.75 9999999770.2808
180.0 7.5 -2.5 3.75 10000000038.2022
180.0 10.0 -2.5 3.75 9999999980.031502
180.0 -5.0 0.0 3.75 10000000048.9634
180.0 -2.5 0.0 3.75 10000000064.1016
180.0 0.0 0.0 3.75 10000000216.8897
180.0 2.5 0.0 3.75 10000000031.259602
180.0 5.0 0.0 3.75 9999999935.2472
180.0 7.5 0.0 3.75 5219514455.2893
180.0 10.0 0.0 3.75 9999999873.1226
180.0 -5.0 2.5 3.75 10678077.2832
180.0 -2.5 2.5 3.75 10000000015.974901
180.0 0.0 2.5 3.75 10000000065.7297
180.0 2.5 2.5 3.75 9999999793.696001
180.0 5.0 2.5 3.75 2434591274.0598
180.0 7.5 2.5 3.75 337883067.6011
180.0 10.0 2.5 3.75 13742324.5595
180.0 -5.0 5.0 3.75 9181110.4684
180.0 -2.5 5.0 3.75 9999999855.9999
180.0 0.0 5.0 3.75 7080763436.798599
180.0 2.5 5.0 3.75 3374081.2839
180.0 5.0 5.0 3.75 193848817.3041
180.0 7.5 5.0 3.75 4073291667.4056
180.0 10.0 5.0 3.75 88615613.515
180.0 -2.5 2.5 5.0 10000000008.673101
180.0 -2.5 -2.5 6.25 9999999864.528
180.0 -2.5 0.0 6.25 98296489.1901
180.0 -2.5 -2.5 7.5 10000000229.243101
180.0 -2.5 0.0 7.5 9999999965.209301
180.0 -2.5 2.5 7.5 154420470.2315
180.0 0.0 2.5 7.5 717078319.0531
180.0 2.5 2.5 7.5 10000000088.033201
180.0 2.5 -10.0 8.75 9562036511.9116
180.0 -2.5 -7.5 8.75 878096302.478
180.0 2.5 -7.5 8.75 9999999969.6963
180.0 5.0 -7.5 8.75 9999999621.6574
180.0 -5.0 -5.0 8.75 10000000006.405201
180.0 -2.5 -5.0 8.75 10000000121.706001
180.0 -5.0 -2.5 8.75 364715145.20280004
180.0 -2.5 -2.5 8.75 9999999888.219002
180.0 0.0 -2.5 8.75 9999999864.5874
180.0 -5.0 0.0 8.75 9999999782.537102
180.0 -2.5 0.0 8.75 10000000154.9978
180.0 0.0 0.0 8.75 9999999974.6602
180.0 -5.0 2.5 8.75 4388279.0899
180.0 -2.5 2.5 8.75 152595468.6714
180.0 0.0 2.5 8.75 6577186523.0343
180.0 2.5 2.5 8.75 210031913.8809
180.0 0.0 5.0 8.75 10000000140.449701
180.0 2.5 5.0 8.75 10000000007.797401
180.0 2.5 -10.0 10.0 9999999948.5564
180.0 -2.5 -7.5 10.0 8913782.1249
180.0 0.0 -7.5 10.0 5588687805.7176
180.0 2.5 -7.5 10.0 9999999886.5259
180.0 5.0 -7.5 10.0 10000000047.1014
180.0 -5.0 -5.0 10.0 9999999693.215801
180.0 -2.5 -5.0 10.0 162414939.00410002
180.0 0.0 -5.0 10.0 8656126381.9228
180.0 -5.0 -2.5 10.0 6574426.0701
180.0 -2.5 -2.5 10.0 10000000054.127401
180.0 0.0 -2.5 10.0 9999999994.599602
180.0 -5.0 0.0 10.0 45461673.914400004
180.0 -2.5 0.0 10.0 9999999930.868502
180.0 0.0 0.0 10.0 3349098049.8234
180.0 -5.0 2.5 10.0 23110587.684299998
180.0 -2.5 2.5 10.0 23237569.8371
180.0 0.0 2.5 10.0 10000000316.788301
180.0 2.5 2.5 10.0 107988131.38769999
180.0 -2.5 5.0 10.0 568176.2764
180.0 0.0 5.0 10.0 9999999976.3316
180.0 2.5 5.0 10.0 588359.7540999999
180.0 5.0 5.0 10.0 8817.509
180.0 -2.5 -10.0 11.25 19935434.3153
180.0 2.5 -10.0 11.25 10000000036.3269
180.0 5.0 -10.0 11.25 10000000013.094002
180.0 -2.5 -7.5 11.25 2096125.9796
180.0 0.0 -7.5 11.25 287387981.80200005
180.0 2.5 -7.5 11.25 10000000083.2784
180.0 5.0 -7.5 11.25 10000000030.2705
180.0 -5.0 -5.0 11.25 484024173.49340004
180.0 -2.5 -5.0 11.25 1451529.5901
180.0 0.0 -5.0 11.25 39683377.713
180.0 -5.0 -2.5 11.25 10000000033.197601
180.0 -2.5 -2.5 11.25 1007717103.2551
180.0 0.0 -2.5 11.25 10000000046.004002
180.0 -5.0 0.0 11.25 2050284.2693999999
180.0 -2.5 0.0 11.25 9999999947.6473
180.0 0.0 0.0 11.25 9999999952.0734
180.0 -5.0 2.5 11.25 168983.3524
180.0 -2.5 2.5 11.25 645766.0829
180.0 0.0 2.5 11.25 1631785.3194
180.0 2.5 2.5 11.25 9040196.4373
180.0 -5.0 5.0 11.25 4.7915
180.0 -2.5 5.0 11.25 5.8079
180.0 0.0 5.0 11.25 1473327.8889
180.0 2.5 5.0 11.25 220.73680000000002
180.0 5.0 5.0 11.25 4724.3474
180.0 7.5 5.0 11.25 34.783
180.0 -2.5 -10.0 12.5 173.3374
180.0 0.0 -10.0 12.5 225925030.854
180.0 2.5 -10.0 12.5 1092875829.2077
180.0 5.0 -10.0 12.5 9999999951.6471
180.0 7.5 -10.0 12.5 12393.219299999999
180.0 -2.5 -7.5 12.5 232.4463
180.0 0.0 -7.5 12.5 10000000126.5643
180.0 2.5 -7.5 12.5 2197557547.764
180.0 5.0 -7.5 12.5 9999999819.3563
180.0 -5.0 -5.0 12.5 167725.65139999997
180.0 -2.5 -5.0 12.5 14103.066700000001
180.0 0.0 -5.0 12.5 149060523.2476
180.0 2.5 -5.0 12.5 7659884468.8046
180.0 5.0 -5.0 12.5 9999999942.723902
180.0 -5.0 -2.5 12.5 1192777.9228
180.0 -2.5 -2.5 12.5 1278016.2884
180.0 0.0 -2.5 12.5 10000000014.235102
180.0 2.5 -2.5 12.5 1159264891.2408001
180.0 5.0 -2.5 12.5 397010937.5949
180.0 -5.0 0.0 12.5 45916.3042
180.0 -2.5 0.0 12.5 9999999930.7619
180.0 0.0 0.0 12.5 1028937741.0689
180.0 2.5 0.0 12.5 57925191.6903
180.0 -5.0 2.5 12.5 209.127
180.0 -2.5 2.5 12.5 726.775
180.0 0.0 2.5 12.5 19609.693
180.0 2.5 2.5 12.5 10000000062.525002
180.0 5.0 2.5 12.5 492612385.9655
180.0 -5.0 5.0 12.5 -1.4136000000000002
180.0 -2.5 5.0 12.5 -9.394300000000001
180.0 0.0 5.0 12.5 19.2427
180.0 2.5 5.0 12.5 145.6557
180.0 5.0 5.0 12.5 243.71880000000002
180.0 7.5 5.0 12.5 15.683800000000002
180.0 10.0 5.0 12.5 11.1242
180.0 -5.0 -10.0 13.75 4.223
180.0 -2.5 -10.0 13.75 21.1769
180.0 0.0 -10.0 13.75 719714332.1978999
180.0 2.5 -10.0 13.75 21487.7575
180.0 5.0 -10.0 13.75 4599.4821
180.0 7.5 -10.0 13.75 12.0622
180.0 -5.0 -7.5 13.75 -2.2607
180.0 -2.5 -7.5 13.75 -8.2295
180.0 0.0 -7.5 13.75 48370760.3208
180.0 2.5 -7.5 13.75 671899627.0026
180.0 5.0 -7.5 13.75 10000000141.804201
180.0 10.0 -7.5 13.75 362098.38749999995
180.0 -5.0 -5.0 13.75 204.1304
180.0 -2.5 -5.0 13.75 40.7382
180.0 0.0 -5.0 13.75 1020471570.1056
180.0 2.5 -5.0 13.75 34568453.0268
180.0 5.0 -5.0 13.75 809441654.8738
180.0 -5.0 -2.5 13.75 281.9707
180.0 -2.5 -2.5 13.75 13190.121599999999
180.0 0.0 -2.5 13.75 312796.9597
180.0 2.5 -2.5 13.75 9999999998.0121
180.0 5.0 -2.5 13.75 9999999990.658201
180.0 -5.0 0.0 13.75 7.419
180.0 -2.5 0.0 13.75 5431.7596
180.0 0.0 0.0 13.75 32956172.0706
180.0 2.5 0.0 13.75 5883829634.5397005
180.0 5.0 0.0 13.75 8574558659.5466
180.0 7.5 0.0 13.75 36080938.4223
180.0 -5.0 2.5 13.75 -1.1757
180.0 -2.5 2.5 13.75 -11.5933
180.0 0.0 2.5 13.75 5174.2488
180.0 2.5 2.5 13.75 4549871.2121
180.0 5.0 2.5 13.75 28705758.5139
180.0 7.5 2.5 13.75 3653.3572000000004
180.0 10.0 2.5 13.75 2.2076000000000002
180.0 -5.0 5.0 13.75 -1.2831
180.0 -2.5 5.0 13.75 -7.0138
180.0 0.0 5.0 13.75 -13.657499999999999
180.0 2.5 5.0 13.75 -7.8105
180.0 5.0 5.0 13.75 18.583
180.0 7.5 5.0 13.75 3.5337000000000005
180.0 -5.0 -10.0 15.0 1.8312
180.0 -2.5 -10.0 15.0 -1.1779
180.0 0.0 -10.0 15.0 2304.5013999999996
180.0 2.5 -10.0 15.0 9.560500000000001
180.0 5.0 -10.0 15.0 18.692800000000002
180.0 7.5 -10.0 15.0 -3.0973999999999995
180.0 10.0 -10.0 15.0 -1.5021999999999998
180.0 -5.0 -7.5 15.0 -1.2719
180.0 -2.5 -7.5 15.0 -6.8086
180.0 0.0 -7.5 15.0 3006830.2585
180.0 2.5 -7.5 15.0 9239673.157
180.0 5.0 -7.5 15.0 191390795.8677
180.0 7.5 -7.5 15.0 231.7457
180.0 10.0 -7.5 15.0 40.6902
180.0 -5.0 -5.0 15.0 -2.7774
180.0 -2.5 -5.0 15.0 -9.3115
180.0 0.0 -5.0 15.0 8461.5838
180.0 2.5 -5.0 15.0 7609.0422
180.0 5.0 -5.0 15.0 14737836.8052
180.0 7.5 -5.0 15.0 64598.764800000004
180.0 -5.0 -2.5 15.0 -2.8747
180.0 -2.5 -2.5 15.0 -3.0446999999999997
180.0 0.0 -2.5 15.0 4275.6357
180.0 2.5 -2.5 15.0 1040847.0386999999
180.0 5.0 -2.5 15.0 35592851.7943
180.0 7.5 -2.5 15.0 34139.92
180.0 -5.0 0.0 15.0 -6.457800000000001
180.0 -2.5 0.0 15.0 -15.7181
180.0 0.0 0.0 15.0 3577.426
180.0 2.5 0.0 15.0 549038786.0976
180.0 5.0 0.0 15.0 7679764.9278
180.0 7.5 0.0 15.0 1334568.5522
180.0 -5.0 2.5 15.0 -3.4042
180.0 -2.5 2.5 15.0 -10.8491
180.0 0.0 2.5 15.0 -10.806299999999998
180.0 2.5 2.5 15.0 1254668.2766
180.0 5.0 2.5 15.0 99447840.1321
180.0 7.5 2.5 15.0 358.2492
180.0 10.0 2.5 15.0 0.3468
180.0 -5.0 5.0 15.0 -0.9644999999999999
180.0 -2.5 5.0 15.0 -5.067
180.0 0.0 5.0 15.0 -8.8991
180.0 2.5 5.0 15.0 -8.9369
180.0 5.0 5.0 15.0 -4.4023
180.0 7.5 5.0 15.0 0.8076999999999999
180.0 10.0 5.0 15.0 3.0347
180.0 -5.0 -10.0 16.25 0.13939999999999997
180.0 -2.5 -10.0 16.25 -2.2208
180.0 0.0 -10.0 16.25 -1.8189000000000002
180.0 2.5 -10.0 16.25 1.5823000000000005
180.0 5.0 -10.0 16.25 0.4519000000000002
180.0 7.5 -10.0 16.25 0.04469999999999974
180.0 10.0 -10.0 16.25 -0.8082
180.0 -5.0 -7.5 16.25 -1.4857
180.0 -2.5 -7.5 16.25 -4.7936
180.0 0.0 -7.5 16.25 75.5393
180.0 2.5 -7.5 16.25 1550.1899
180.0 5.0 -7.5 16.25 96.3453
180.0 7.5 -7.5 16.25 -0.8194999999999997
180.0 10.0 -7.5 16.25 -1.5001000000000002
180.0 -5.0 -5.0 16.25 -2.0627
180.0 -2.5 -5.0 16.25 -5.733499999999999
180.0 0.0 -5.0 16.25 -3.7439999999999998
180.0 2.5 -5.0 16.25 5.5023
180.0 5.0 -5.0 16.25 7851.7758
180.0 7.5 -5.0 16.25 -0.8822999999999999
180.0 10.0 -5.0 16.25 -3.6099
180.0 -5.0 -2.5 16.25 -2.9675000000000002
180.0 -2.5 -2.5 16.25 -7.7613
180.0 0.0 -2.5 16.25 -2.6098
180.0 2.5 -2.5 16.25 67.001
180.0 5.0 -2.5 16.25 796.0843
180.0 7.5 -2.5 16.25 70.8681
180.0 10.0 -2.5 16.25 -2.8887
180.0 -5.0 0.0 16.25 -2.944
180.0 -2.5 0.0 16.25 -8.4651
180.0 0.0 0.0 16.25 -10.8726
180.0 2.5 0.0 16.25 2488.6887
180.0 5.0 0.0 16.25 3124.943
180.0 7.5 0.0 16.25 3286.5823
180.0 10.0 0.0 16.25 -2.8826
180.0 -5.0 2.5 16.25 -2.2225
180.0 -2.5 2.5 16.25 -7.0959
180.0 0.0 2.5 16.25 -10.9901
180.0 2.5 2.5 16.25 13.8038
180.0 5.0 2.5 16.25 310.2816
180.0 7.5 2.5 16.25 22.0468
180.0 10.0 2.5 16.25 -0.8349
180.0 -5.0 5.0 16.25 -1.0344
180.0 -2.5 5.0 16.25 -3.3078
180.0 0.0 5.0 16.25 -6.006600000000001
180.0 2.5 5.0 16.25 -5.8096
180.0 5.0 5.0 16.25 -3.4234999999999998
180.0 7.5 5.0 16.25 -0.4171
180.0 10.0 5.0 16.25 1.1541
240.0 -5.0 -10.0 3.75 5804855574.8229
240.0 -2.5 -10.0 3.75 9999999991.369501
240.0 0.0 -10.0 3.75 9999999900.3456
240.0 2.5 -10.0 3.75 9999999905.413301
240.0 5.0 -10.0 3.75 10000000048.2964
240.0 7.5 -10.0 3.75 5956743776.129499
240.0 10.0 -10.0 3.75 435728.7472
240.0 -5.0 -7.5 3.75 10000000036.1611
240.0 -2.5 -7.5 3.75 10000000080.705101
240.0 0.0 -7.5 3.75 9999999872.2644
240.0 2.5 -7.5 3.75 10000000063.623901
240.0 5.0 -7.5 3.75 5675615559.2626
240.0 7.5 -7.5 3.75 10000000180.915901
240.0 10.0 -7.5 3.75 1315052525.5326002
240.0 -5.0 -5.0 3.75 9999999968.080301
240.0 -2.5 -5.0 3.75 10000000097.9218
240.0 0.0 -5.0 3.75 9999999757.240501
240.0 2.5 -5.0 3.75 10000000056.8236
240.0 5.0 -5.0 3.75 10000000282.496101
240.0 7.5 -5.0 3.75 10000000037.7031
240.0 10.0 -5.0 3.75 209600342.94640002
240.0 -5.0 -2.5 3.75 9999999961.3097
240.0 -2.5 -2.5 3.75 9999999962.6319
240.0 0.0 -2.5 3.75 9999999841.2814
240.0 2.5 -2.5 3.75 10000000021.851702
240.0 5.0 -2.5 3.75 9999999878.6742
240.0 7.5 -2.5 3.75 3302729812.4460998
240.0 10.0 -2.5 3.75 10000000155.051401
240.0 -5.0 0.0 3.75 2339055525.5635
240.0 -2.5 0.0 3.75 9999999987.02
240.0 0.0 0.0 3.75 10000000186.7099
240.0 2.5 0.0 3.75 10000000125.5788
240.0 5.0 0.0 3.75 9999999971.4491
240.0 7.5 0.0 3.75 3191788085.1807
240.0 10.0 0.0 3.75 9999999994.6891
240.0 -5.0 2.5 3.75 78093944.3699
240.0 -2.5 2.5 3.75 9999999944.0876
240.0 0.0 2.5 3.75 10000000199.4109
240.0 2.5 2.5 3.75 314440917.57449996
240.0 5.0 2.5 3.75 9999999998.9768
240.0 7.5 2.5 3.75 312434908.0578
240.0 10.0 2.5 3.75 10000000062.304201
240.0 -5.0 5.0 3.75 355099.13279999996
240.0 -2.5 5.0 3.75 208261451.61810002
240.0 0.0 5.0 3.75 728254412.1724
240.0 2.5 5.0 3.75 351692955.6504
240.0 5.0 5.0 3.75 553799158.6165
240.0 7.5 5.0 3.75 9999999890.748201
240.0 10.0 5.0 3.75 403370647.8043
240.0 0.0 5.0 5.0 192385843.9163
240.0 2.5 -7.5 6.25 10000000061.4701
240.0 0.0 -2.5 6.25 9999999941.979301
240.0 0.0 0.0 6.25 9999999960.0482
240.0 -2.5 2.5 6.25 9999999974.5235
240.0 0.0 2.5 6.25 9699483640.377201
240.0 0.0 5.0 6.25 270190431.04359996
240.0 2.5 -7.5 7.5 10000000070.764301
240.0 0.0 -5.0 7.5 96415783.6036
240.0 2.5 -5.0 7.5 9999999852.763401
240.0 0.0 -2.5 7.5 6361815435.6001
240.0 2.5 -2.5 7.5 9999999897.9528
240.0 0.0 0.0 7.5 10000000034.4634
240.0 2.5 0.0 7.5 9999999998.7141
240.0 0.0 2.5 7.5 9999999982.9571
240.0 -2.5 5.0 7.5 8296265.392200001
240.0 0.0 5.0 7.5 218525270.173
240.0 2.5 -10.0 8.75 9999999941.6784
240.0 2.5 -7.5 8.75 10000000002.629301
240.0 0.0 -5.0 8.75 10000000151.500301
240.0 2.5 -5.0 8.75 9999999697.9186
240.0 -2.5 -2.5 8.75 1111016667.4924
240.0 0.0 -2.5 8.75 4880673723.3034
240.0 2.5 -2.5 8.75 9999999894.7654
240.0 -5.0 0.0 8.75 119044288.0036
240.0 -2.5 0.0 8.75 20112848.3228
240.0 0.0 0.0 8.75 10000000012.313002
240.0 2.5 0.0 8.75 9999999990.409302
240.0 -2.5 2.5 8.75 450216907.4175
240.0 0.0 2.5 8.75 94401223.5644
240.0 2.5 2.5 8.75 2176030627.1586
240.0 -2.5 5.0 8.75 378308842.9656
240.0 0.0 5.0 8.75 211538858.9382
240.0 2.5 5.0 8.75 10000000063.386702
240.0 2.5 -10.0 10.0 341573937.1865
240.0 5.0 -10.0 10.0 10000000001.6636
240.0 2.5 -7.5 10.0 1583381171.1453
240.0 -5.0 -5.0 10.0 2372299.2346
240.0 0.0 -5.0 10.0 7040989872.8338
240.0 2.5 -5.0 10.0 10000000173.940601
240.0 -5.0 -2.5 10.0 9999999906.5582
240.0 -2.5 -2.5 10.0 9999999942.7322
240.0 0.0 -2.5 10.0 9023510963.233398
240.0 2.5 -2.5 10.0 9999999959.7919
240.0 -5.0 0.0 10.0 47740504.3218
240.0 -2.5 0.0 10.0 10000000019.839401
240.0 0.0 0.0 10.0 9999999807.9939
240.0 2.5 0.0 10.0 106665046.1982
240.0 -2.5 2.5 10.0 785196.9962
240.0 0.0 2.5 10.0 10000000033.3064
240.0 2.5 2.5 10.0 605858.6457
240.0 5.0 2.5 10.0 546293.4663999999
240.0 -2.5 5.0 10.0 4261948.5723
240.0 0.0 5.0 10.0 446471441.8267
240.0 2.5 5.0 10.0 5814339.0135
240.0 5.0 5.0 10.0 178762.3469
240.0 -2.5 -10.0 11.25 72740.5643
240.0 2.5 -10.0 11.25 2425054.677
240.0 5.0 -10.0 11.25 447939421.917
240.0 10.0 -10.0 11.25 252444.02560000002
240.0 2.5 -7.5 11.25 351927968.6978
240.0 -5.0 -5.0 11.25 149.15300000000002
240.0 -2.5 -5.0 11.25 14798271.5
240.0 0.0 -5.0 11.25 9999999938.8076
240.0 2.5 -5.0 11.25 10000000026.2985
240.0 -5.0 -2.5 11.25 291814.6244
240.0 -2.5 -2.5 11.25 3559892.8793
240.0 0.0 -2.5 11.25 10000000172.945002
240.0 2.5 -2.5 11.25 372674415.1488
240.0 -5.0 0.0 11.25 10000000060.1
240.0 -2.5 0.0 11.25 188956.4512
240.0 0.0 0.0 11.25 2675324.3199
240.0 2.5 0.0 11.25 9999999948.8712
240.0 -2.5 2.5 11.25 1271.8809999999999
240.0 0.0 2.5 11.25 5240.511399999999
240.0 2.5 2.5 11.25 46817.943999999996
240.0 5.0 2.5 11.25 9999999955.1566
240.0 -2.5 5.0 11.25 3218.9469
240.0 0.0 5.0 11.25 23997.744
240.0 2.5 5.0 11.25 132.7344
240.0 5.0 5.0 11.25 1204.4821
240.0 7.5 5.0 11.25 14025.986
240.0 -2.5 -10.0 12.5 18720.5575
240.0 0.0 -10.0 12.5 7582.4092
240.0 2.5 -10.0 12.5 135036.5263
240.0 5.0 -10.0 12.5 15922.4313
240.0 7.5 -10.0 12.5 422651238.5607
240.0 10.0 -10.0 12.5 9234.948
240.0 -5.0 -7.5 12.5 -0.9859999999999998
240.0 0.0 -7.5 12.5 9456844.110399999
240.0 2.5 -7.5 12.5 9999999998.795
240.0 5.0 -7.5 12.5 1238512975.6975
240.0 7.5 -7.5 12.5 60634664.747
240.0 10.0 -7.5 12.5 19979201.509
240.0 -5.0 -5.0 12.5 -1.1280000000000001
240.0 -2.5 -5.0 12.5 347734.36250000005
240.0 0.0 -5.0 12.5 9999999931.2217
240.0 2.5 -5.0 12.5 9999999988.7443
240.0 5.0 -5.0 12.5 83931551.9624
240.0 -5.0 -2.5 12.5 51698.791000000005
240.0 -2.5 -2.5 12.5 12009.177599999999
240.0 0.0 -2.5 12.5 10000000020.631401
240.0 2.5 -2.5 12.5 9999999930.9722
240.0 -5.0 0.0 12.5 570574.2129
240.0 -2.5 0.0 12.5 572015.5527
240.0 0.0 0.0 12.5 10000000089.1886
240.0 2.5 0.0 12.5 9999999996.9305
240.0 -2.5 2.5 12.5 -7.2923
240.0 0.0 2.5 12.5 238.7945
240.0 2.5 2.5 12.5 1397.056
240.0 5.0 2.5 12.5 298945.0061
240.0 -2.5 5.0 12.5 15.198699999999999
240.0 0.0 5.0 12.5 24.849400000000003
240.0 2.5 5.0 12.5 -11.9744
240.0 5.0 5.0 12.5 -14.509599999999999
240.0 7.5 5.0 12.5 -7.2515
240.0 10.0 5.0 12.5 -9.9905
240.0 -5.0 -10.0 13.75 2.8859999999999997
240.0 -2.5 -10.0 13.75 90.25959999999999
240.0 0.0 -10.0 13.75 65.2005
240.0 2.5 -10.0 13.75 297.82739999999995
240.0 5.0 -10.0 13.75 24147.5387
240.0 7.5 -10.0 13.75 18422.113699999998
240.0 10.0 -10.0 13.75 2.2821000000000002
240.0 -5.0 -7.5 13.75 0.8795999999999999
240.0 -2.5 -7.5 13.75 59.0564
240.0 0.0 -7.5 13.75 146364.66210000002
240.0 2.5 -7.5 13.75 17132520.7534
240.0 5.0 -7.5 13.75 119544.3477
240.0 7.5 -7.5 13.75 1126346437.8018
240.0 10.0 -7.5 13.75 40917342.5616
240.0 -5.0 -5.0 13.75 0.9371999999999998
240.0 -2.5 -5.0 13.75 30637.2726
240.0 0.0 -5.0 13.75 2096972.1267
240.0 2.5 -5.0 13.75 118445913.67150001
240.0 5.0 -5.0 13.75 3200240.2061
240.0 7.5 -5.0 13.75 10000000077.9944
240.0 -5.0 -2.5 13.75 9.5402
240.0 -2.5 -2.5 13.75 1458715.2826
240.0 0.0 -2.5 13.75 110179998.48050001
240.0 2.5 -2.5 13.75 877475230.3153
240.0 5.0 -2.5 13.75 4010242757.0572
240.0 -5.0 0.0 13.75 133.09
240.0 -2.5 0.0 13.75 112.7279
240.0 0.0 0.0 13.75 3383924.1806
240.0 2.5 0.0 13.75 2324748517.4687
240.0 5.0 0.0 13.75 9999999981.7138
240.0 -5.0 2.5 13.75 -1.7036
240.0 -2.5 2.5 13.75 -4.2607
240.0 0.0 2.5 13.75 214.79680000000002
240.0 2.5 2.5 13.75 887.3499
240.0 5.0 2.5 13.75 2672.5614
240.0 7.5 2.5 13.75 322.2046
240.0 -2.5 5.0 13.75 -2.0995
240.0 0.0 5.0 13.75 -3.6214999999999997
240.0 2.5 5.0 13.75 -5.1019000000000005
240.0 5.0 5.0 13.75 -7.9571000000000005
240.0 7.5 5.0 13.75 -10.3866
240.0 10.0 5.0 13.75 -7.9158
240.0 -5.0 -10.0 15.0 0.9234
240.0 -2.5 -10.0 15.0 -2.2823
240.0 0.0 -10.0 15.0 -5.8092999999999995
240.0 2.5 -10.0 15.0 -4.5419
240.0 5.0 -10.0 15.0 143.23680000000002
240.0 7.5 -10.0 15.0 -1.2566999999999997
240.0 10.0 -10.0 15.0 -1.9174
240.0 -5.0 -7.5 15.0 0.2972999999999999
240.0 -2.5 -7.5 15.0 -5.2839
240.0 0.0 -7.5 15.0 12.458499999999999
240.0 2.5 -7.5 15.0 171.9606
240.0 5.0 -7.5 15.0 295953.40099999995
240.0 7.5 -7.5 15.0 214151477.9771
240.0 10.0 -7.5 15.0 8198667.384900001
240.0 -5.0 -5.0 15.0 0.7854000000000001
240.0 -2.5 -5.0 15.0 3.9995
240.0 0.0 -5.0 15.0 1595.4782
240.0 2.5 -5.0 15.0 191.6335
240.0 5.0 -5.0 15.0 11117.911
240.0 7.5 -5.0 15.0 41260.8416
240.0 10.0 -5.0 15.0 9999999973.413801
240.0 -5.0 -2.5 15.0 1.2110000000000003
240.0 -2.5 -2.5 15.0 22.055300000000003
240.0 0.0 -2.5 15.0 404222.4774
240.0 2.5 -2.5 15.0 88853169.9815
240.0 5.0 -2.5 15.0 9999999994.8068
240.0 7.5 -2.5 15.0 194217.77360000001
240.0 10.0 -2.5 15.0 1942.7024
240.0 -5.0 0.0 15.0 0.9796
240.0 -2.5 0.0 15.0 1.7482
240.0 0.0 0.0 15.0 17043.6441
240.0 2.5 0.0 15.0 17618779.5399
240.0 5.0 0.0 15.0 6385911755.741401
240.0 10.0 0.0 15.0 102774.65729999999
240.0 -5.0 2.5 15.0 -0.32699999999999985
240.0 -2.5 2.5 15.0 -1.3159
240.0 0.0 2.5 15.0 33.1974
240.0 2.5 2.5 15.0 84.102
240.0 5.0 2.5 15.0 18.0925
240.0 7.5 2.5 15.0 -12.6987
240.0 -5.0 5.0 15.0 -1.2069999999999999
240.0 -2.5 5.0 15.0 -1.3316
240.0 0.0 5.0 15.0 -1.4309
240.0 2.5 5.0 15.0 -2.8033
240.0 5.0 5.0 15.0 -4.8536
240.0 7.5 5.0 15.0 -6.6597
240.0 10.0 5.0 15.0 -5.8519
240.0 -5.0 -10.0 16.25 0.4289
240.0 -2.5 -10.0 16.25 -1.9498
240.0 0.0 -10.0 16.25 -2.8561
240.0 2.5 -10.0 16.25 -4.1274
240.0 5.0 -10.0 16.25 -2.9471
240.0 7.5 -10.0 16.25 -0.41469999999999985
240.0 10.0 -10.0 16.25 0.03469999999999995
240.0 -5.0 -7.5 16.25 0.7105999999999999
240.0 -2.5 -7.5 16.25 -3.1136
240.0 0.0 -7.5 16.25 -6.3508
240.0 2.5 -7.5 16.25 -6.958699999999999
240.0 5.0 -7.5 16.25 43.0541
240.0 7.5 -7.5 16.25 2762.8447
240.0 10.0 -7.5 16.25 39.276900000000005
240.0 -5.0 -5.0 16.25 1.0959
240.0 -2.5 -5.0 16.25 -3.7067
240.0 0.0 -5.0 16.25 -4.379099999999999
240.0 2.5 -5.0 16.25 -3.3223
240.0 5.0 -5.0 16.25 38.8511
240.0 7.5 -5.0 16.25 20.63
240.0 10.0 -5.0 16.25 40536.8815
240.0 -5.0 -2.5 16.25 1.5413
240.0 -2.5 -2.5 16.25 -2.2854
240.0 0.0 -2.5 16.25 2442.7918999999997
240.0 2.5 -2.5 16.25 12487422.9329
240.0 5.0 -2.5 16.25 3899.7353
240.0 7.5 -2.5 16.25 32.9692
240.0 10.0 -2.5 16.25 -8.2673
240.0 -5.0 0.0 16.25 0.9769
240.0 -2.5 0.0 16.25 -1.0900999999999998
240.0 0.0 0.0 16.25 47.960699999999996
240.0 2.5 0.0 16.25 182.0024
240.0 5.0 0.0 16.25 1067675774.1299001
240.0 7.5 0.0 16.25 17.7245
240.0 10.0 0.0 16.25 -3.1018
240.0 -5.0 2.5 16.25 0.004500000000000004
240.0 -2.5 2.5 16.25 -0.49439999999999995
240.0 0.0 2.5 16.25 -3.0144
240.0 2.5 2.5 16.25 -3.7489999999999997
240.0 5.0 2.5 16.25 -7.2371
240.0 7.5 2.5 16.25 -9.1776
240.0 -5.0 5.0 16.25 -0.9650000000000001
240.0 -2.5 5.0 16.25 -0.41380000000000006
240.0 0.0 5.0 16.25 -1.0219
240.0 2.5 5.0 16.25 -1.7898
240.0 5.0 5.0 16.25 -3.402
240.0 7.5 5.0 16.25 -4.8832
240.0 10.0 5.0 16.25 -4.4665
300.0 -5.0 -10.0 3.75 10000000064.519402
300.0 -2.5 -10.0 3.75 9999999932.751902
300.0 0.0 -10.0 3.75 9999999887.938301
300.0 2.5 -10.0 3.75 9999999720.421501
300.0 5.0 -10.0 3.75 8155011819.6562
300.0 7.5 -10.0 3.75 9369733911.6589
300.0 10.0 -10.0 3.75 9999999933.3806
300.0 -5.0 -7.5 3.75 10000000040.696901
300.0 -2.5 -7.5 3.75 10000000180.8978
300.0 0.0 -7.5 3.75 10000000267.804602
300.0 2.5 -7.5 3.75 9999999971.321402
300.0 5.0 -7.5 3.75 9999999869.1329
300.0 7.5 -7.5 3.75 9999999616.905602
300.0 10.0 -7.5 3.75 207927787.848
300.0 -5.0 -5.0 3.75 9999999960.8036
300.0 -2.5 -5.0 3.75 9999999812.593801
300.0 0.0 -5.0 3.75 5576486925.4461
300.0 2.5 -5.0 3.75 10000000936.4986
300.0 5.0 -5.0 3.75 9999999867.021801
300.0 7.5 -5.0 3.75 9999999880.8633
300.0 10.0 -5.0 3.75 9999999973.700201
300.0 -5.0 -2.5 3.75 6204329696.6747
300.0 -2.5 -2.5 3.75 9999999915.794601
300.0 0.0 -2.5 3.75 10000000242.946001
300.0 2.5 -2.5 3.75 9999999974.9554
300.0 5.0 -2.5 3.75 10000000114.1758
300.0 7.5 -2.5 3.75 9999999772.597502
300.0 10.0 -2.5 3.75 9999999983.3097
300.0 -5.0 0.0 3.75 4683408872.1647005
300.0 -2.5 0.0 3.75 9999999996.923
300.0 0.0 0.0 3.75 958985343.1287
300.0 2.5 0.0 3.75 10000000169.715302
300.0 5.0 0.0 3.75 10000000040.4692
300.0 7.5 0.0 3.75 10000000031.408
300.0 10.0 0.0 3.75 9309769499.415201
300.0 -5.0 2.5 3.75 9999999898.3419
300.0 -2.5 2.5 3.75 4366770321.952
300.0 0.0 2.5 3.75 10000000021.996801
300.0 2.5 2.5 3.75 10000000312.6058
300.0 5.0 2.5 3.75 10000000114.562101
300.0 7.5 2.5 3.75 10000000094.8419
300.0 10.0 2.5 3.75 732285.1395
300.0 -5.0 5.0 3.75 67693780.4401
300.0 -2.5 5.0 3.75 2451332740.1592
300.0 0.0 5.0 3.75 9961225644.1315
300.0 2.5 5.0 3.75 10000000038.7092
300.0 5.0 5.0 3.75 544773440.0876
300.0 7.5 5.0 3.75 10000000010.596102
300.0 10.0 5.0 3.75 2967777166.1398
300.0 0.0 -2.5 5.0 10000000093.3652
300.0 0.0 0.0 5.0 10000000055.102201
300.0 5.0 -7.5 6.25 10000000130.455
300.0 0.0 -5.0 6.25 9999999919.2212
300.0 0.0 -2.5 6.25 9999999994.7492
300.0 0.0 0.0 6.25 10000000246.6765
300.0 0.0 2.5 6.25 1757262923.4606
300.0 0.0 5.0 6.25 116242962.3752
300.0 5.0 -7.5 7.5 2252140144.8484
300.0 2.5 -5.0 7.5 9999999655.8551
300.0 0.0 -2.5 7.5 9999999939.3022
300.0 2.5 -2.5 7.5 4034088944.7186
300.0 0.0 0.0 7.5 10000000023.6935
300.0 -2.5 2.5 7.5 10000000019.117401
300.0 0.0 2.5 7.5 9999999893.1277
300.0 -2.5 5.0 7.5 360356.40260000003
300.0 0.0 5.0 7.5 9999999922.421001
300.0 2.5 -10.0 8.75 10000000071.776901
300.0 5.0 -7.5 8.75 410087812.0081
300.0 0.0 -5.0 8.75 6467014144.208
300.0 2.5 -5.0 8.75 9999999873.3574
300.0 5.0 -5.0 8.75 9999999969.6007
300.0 0.0 -2.5 8.75 9999999806.630201
300.0 2.5 -2.5 8.75 559244836.3669
300.0 0.0 0.0 8.75 9999999960.703701
300.0 2.5 0.0 8.75 2248328005.6769996
300.0 0.0 2.5 8.75 9999999951.070501
300.0 2.5 2.5 8.75 162106635.87840003
300.0 -2.5 5.0 8.75 37762708.7039
300.0 0.0 5.0 8.75 1894064371.1018002
300.0 2.5 5.0 8.75 9999999972.1637
300.0 2.5 -10.0 10.0 289116178.0947
300.0 2.5 -7.5 10.0 8864776787.4706
300.0 5.0 -7.5 10.0 10000000115.4039
300.0 7.5 -7.5 10.0 9999999888.4783
300.0 0.0 -5.0 10.0 77626489.22559999
300.0 2.5 -5.0 10.0 10000000015.7506
300.0 5.0 -5.0 10.0 9999999760.5944
300.0 0.0 -2.5 10.0 185546883.5713
300.0 2.5 -2.5 10.0 9999999982.264101
300.0 -5.0 0.0 10.0 328912.96550000005
300.0 -2.5 0.0 10.0 56450675.840900004
300.0 0.0 0.0 10.0 58062813.527200006
300.0 2.5 0.0 10.0 3455628278.9646997
300.0 5.0 0.0 10.0 10000000040.0758
300.0 -2.5 2.5 10.0 49090603.619100004
300.0 0.0 2.5 10.0 20788344.5736
300.0 2.5 2.5 10.0 9999999927.491901
300.0 5.0 2.5 10.0 150346366.374
300.0 -2.5 5.0 10.0 1272595.6662
300.0 0.0 5.0 10.0 53443083.32520001
300.0 2.5 5.0 10.0 175707722.2624
300.0 2.5 -10.0 11.25 198792442.4192
300.0 5.0 -10.0 11.25 10000000024.380201
300.0 7.5 -10.0 11.25 2014926.2621
300.0 10.0 -10.0 11.25 3725039.369
300.0 2.5 -7.5 11.25 10000000051.490002
300.0 5.0 -7.5 11.25 9999999991.072802
300.0 0.0 -5.0 11.25 1774722910.868
300.0 2.5 -5.0 11.25 9023154081.3144
300.0 5.0 -5.0 11.25 10000000042.7057
300.0 -2.5 -2.5 11.25 10000000045.575401
300.0 0.0 -2.5 11.25 78391.0131
300.0 2.5 -2.5 11.25 9999999820.4522
300.0 -5.0 0.0 11.25 17159.6092
300.0 -2.5 0.0 11.25 321156.452
300.0 0.0 0.0 11.25 1211492.4131
300.0 2.5 0.0 11.25 715432284.2697
300.0 -2.5 2.5 11.25 16813.8873
300.0 0.0 2.5 11.25 8581.8377
300.0 2.5 2.5 11.25 9999999996.4438
300.0 5.0 2.5 11.25 359762197.1245
300.0 -2.5 5.0 11.25 521.6668999999999
300.0 0.0 5.0 11.25 6292.1015
300.0 2.5 5.0 11.25 769234.7345
300.0 7.5 5.0 11.25 52012049.3958
300.0 -5.0 -10.0 12.5 -1.4702000000000002
300.0 2.5 -10.0 12.5 10324102.2433
300.0 5.0 -10.0 12.5 252033.71110000001
300.0 7.5 -10.0 12.5 25886.654000000002
300.0 10.0 -10.0 12.5 164938.514
300.0 2.5 -7.5 12.5 9999999973.565601
300.0 5.0 -7.5 12.5 10000000002.923101
300.0 7.5 -7.5 12.5 29341547.6518
300.0 -5.0 -5.0 12.5 403.8111
300.0 -2.5 -5.0 12.5 2782.0395000000003
300.0 0.0 -5.0 12.5 10000000004.765202
300.0 2.5 -5.0 12.5 40943547.621199995
300.0 5.0 -5.0 12.5 10000000004.7812
300.0 -5.0 -2.5 12.5 306831.22569999995
300.0 -2.5 -2.5 12.5 7581.0443000000005
300.0 0.0 -2.5 12.5 9999999984.0119
300.0 2.5 -2.5 12.5 340859635.01820004
300.0 -5.0 0.0 12.5 233.5933
300.0 -2.5 0.0 12.5 60.2683
300.0 0.0 0.0 12.5 343507.2028
300.0 2.5 0.0 12.5 3494290607.9354
300.0 5.0 0.0 12.5 49577978.7684
300.0 -2.5 2.5 12.5 30.312
300.0 0.0 2.5 12.5 4.9935
300.0 2.5 2.5 12.5 4635478.5953
300.0 5.0 2.5 12.5 184138096.2217
300.0 7.5 2.5 12.5 315648834.80230004
300.0 10.0 2.5 12.5 1122790.9834
300.0 -2.5 5.0 12.5 5.6595
300.0 0.0 5.0 12.5 5.356
300.0 2.5 5.0 12.5 505.4592
300.0 5.0 5.0 12.5 9999999977.0809
300.0 7.5 5.0 12.5 641519654.5689
300.0 10.0 5.0 12.5 49280.2345
300.0 0.0 -10.0 13.75 46.7855
300.0 2.5 -10.0 13.75 2818698.6001000004
300.0 5.0 -10.0 13.75 7184.7885
300.0 7.5 -10.0 13.75 386.6823
300.0 10.0 -10.0 13.75 112.15180000000001
300.0 -5.0 -7.5 13.75 1.4259999999999997
300.0 -2.5 -7.5 13.75 34.9178
300.0 2.5 -7.5 13.75 15307508.7563
300.0 5.0 -7.5 13.75 8547740.3682
300.0 7.5 -7.5 13.75 438090.0425
300.0 10.0 -7.5 13.75 52564.995500000005
300.0 -5.0 -5.0 13.75 3.0189
300.0 -2.5 -5.0 13.75 84.1448
300.0 0.0 -5.0 13.75 175235244.58179998
300.0 2.5 -5.0 13.75 50507526.8722
300.0 5.0 -5.0 13.75 9999999983.457602
300.0 -5.0 -2.5 13.75 114.78089999999999
300.0 -2.5 -2.5 13.75 108.23259999999999
300.0 0.0 -2.5 13.75 19058627.9124
300.0 2.5 -2.5 13.75 10000000035.330101
300.0 5.0 -2.5 13.75 10000000021.099201
300.0 -5.0 0.0 13.75 3.0034
300.0 -2.5 0.0 13.75 -7.9875
300.0 0.0 0.0 13.75 69441.9097
300.0 2.5 0.0 13.75 9999999920.5562
300.0 5.0 0.0 13.75 1606404538.0913
300.0 7.5 0.0 13.75 1525682331.8417
300.0 -2.5 2.5 13.75 -4.6282
300.0 0.0 2.5 13.75 -14.0185
300.0 2.5 2.5 13.75 13218.8241
300.0 5.0 2.5 13.75 13862610.4983
300.0 7.5 2.5 13.75 4048078.997
300.0 10.0 2.5 13.75 5280.603099999999
300.0 -2.5 5.0 13.75 3.0079
300.0 0.0 5.0 13.75 -1.8769
300.0 2.5 5.0 13.75 -3.7819999999999996
300.0 5.0 5.0 13.75 11466.1242
300.0 7.5 5.0 13.75 704808.2316
300.0 10.0 5.0 13.75 1096.2363
300.0 -5.0 -10.0 15.0 0.9885999999999999
300.0 -2.5 -10.0 15.0 0.5104
300.0 0.0 -10.0 15.0 -1.1059999999999999
300.0 2.5 -10.0 15.0 10.297699999999999
300.0 5.0 -10.0 15.0 -1.9355999999999995
300.0 7.5 -10.0 15.0 2.5006
300.0 10.0 -10.0 15.0 0.9952000000000001
300.0 -5.0 -7.5 15.0 2.6741
300.0 -2.5 -7.5 15.0 2.0004
300.0 0.0 -7.5 15.0 473.4681
300.0 2.5 -7.5 15.0 133.5291
300.0 5.0 -7.5 15.0 73.7525
300.0 7.5 -7.5 15.0 284.9217
300.0 10.0 -7.5 15.0 56.9563
300.0 -5.0 -5.0 15.0 4.2887
300.0 -2.5 -5.0 15.0 1.9367
300.0 0.0 -5.0 15.0 28228.412099999998
300.0 2.5 -5.0 15.0 3403638.4965000004
300.0 5.0 -5.0 15.0 9999999998.416801
300.0 7.5 -5.0 15.0 10000000010.961802
300.0 10.0 -5.0 15.0 23.0332
300.0 -5.0 -2.5 15.0 4.0838
300.0 -2.5 -2.5 15.0 8.155100000000001
300.0 0.0 -2.5 15.0 32690.2671
300.0 2.5 -2.5 15.0 57405746.6606
300.0 5.0 -2.5 15.0 9999999967.0321
300.0 10.0 -2.5 15.0 62360924.9761
300.0 -5.0 0.0 15.0 2.8337
300.0 -2.5 0.0 15.0 -3.2618
300.0 0.0 0.0 15.0 94.0674
300.0 2.5 0.0 15.0 2460.0253
300.0 5.0 0.0 15.0 51589.9674
300.0 7.5 0.0 15.0 13928.028100000001
300.0 -5.0 2.5 15.0 1.5102
300.0 -2.5 2.5 15.0 -1.6433
300.0 0.0 2.5 15.0 -8.5408
300.0 2.5 2.5 15.0 -4.1517
300.0 5.0 2.5 15.0 64.4793
300.0 7.5 2.5 15.0 1818.879
300.0 10.0 2.5 15.0 44.611599999999996
300.0 -2.5 5.0 15.0 2.2446
300.0 0.0 5.0 15.0 -0.838
300.0 2.5 5.0 15.0 -3.8998999999999997
300.0 5.0 5.0 15.0 -7.3972
300.0 7.5 5.0 15.0 -1.6263999999999998
300.0 10.0 5.0 15.0 11.8164
300.0 -5.0 -10.0 16.25 0.21910000000000002
300.0 -2.5 -10.0 16.25 0.1903999999999999
300.0 0.0 -10.0 16.25 -1.1746
300.0 2.5 -10.0 16.25 -1.7927000000000002
300.0 5.0 -10.0 16.25 -0.20720000000000027
300.0 7.5 -10.0 16.25 1.5074
300.0 10.0 -10.0 16.25 1.8815000000000002
300.0 -5.0 -7.5 16.25 2.1959999999999997
300.0 -2.5 -7.5 16.25 -0.1473
300.0 0.0 -7.5 16.25 -3.3419
300.0 2.5 -7.5 16.25 -5.866899999999999
300.0 5.0 -7.5 16.25 -4.6948
300.0 7.5 -7.5 16.25 -0.7469000000000001
300.0 10.0 -7.5 16.25 1.4904000000000002
300.0 -5.0 -5.0 16.25 3.5532000000000004
300.0 -2.5 -5.0 16.25 -0.18809999999999993
300.0 0.0 -5.0 16.25 1425.5240999999999
300.0 2.5 -5.0 16.25 4281663.9056
300.0 5.0 -5.0 16.25 13727.396299999999
300.0 7.5 -5.0 16.25 27.4943
300.0 10.0 -5.0 16.25 -0.4478000000000004
300.0 -5.0 -2.5 16.25 3.6820000000000004
300.0 -2.5 -2.5 16.25 0.47529999999999983
300.0 0.0 -2.5 16.25 67.5986
300.0 2.5 -2.5 16.25 237.2316
300.0 5.0 -2.5 16.25 2437329583.9172
300.0 7.5 -2.5 16.25 314493.5877
300.0 10.0 -2.5 16.25 2332.4379
300.0 -5.0 0.0 16.25 2.2282
300.0 -2.5 0.0 16.25 -1.3862999999999999
300.0 0.0 0.0 16.25 -7.651400000000001
300.0 2.5 0.0 16.25 -11.0495
300.0 5.0 0.0 16.25 -9.6978
300.0 7.5 0.0 16.25 4.7951
300.0 -5.0 2.5 16.25 1.2674
300.0 -2.5 2.5 16.25 -0.25680000000000003
300.0 0.0 2.5 16.25 -5.0816
300.0 2.5 2.5 16.25 -9.862400000000001
300.0 5.0 2.5 16.25 -13.5755
300.0 7.5 2.5 16.25 -11.5761
300.0 10.0 2.5 16.25 -7.4115
300.0 -5.0 5.0 16.25 0.7954000000000001
300.0 -2.5 5.0 16.25 0.4407
300.0 0.0 5.0 16.25 -1.1362
300.0 2.5 5.0 16.25 -3.6164
300.0 5.0 5.0 16.25 -5.6821
300.0 7.5 5.0 16.25 -5.445399999999999
300.0 10.0 5.0 16.25 -3.8886000000000003
