0.0 0.0 2.5 5.0 1536790.0254
0.0 2.5 2.5 5.0 10000000229.113602
0.0 0.0 5.0 5.0 9999999937.2639
0.0 2.5 0.0 6.25 731162744.826
0.0 0.0 2.5 6.25 353164774.6899
0.0 0.0 5.0 6.25 9999999475.1891
0.0 0.0 0.0 7.5 553509.5181
0.0 2.5 0.0 7.5 9999999926.2649
0.0 0.0 2.5 7.5 284540.3543
0.0 0.0 5.0 7.5 959483367.8701999
0.0 0.0 -5.0 8.75 87.85000000000001
0.0 5.0 -5.0 8.75 3544.2247
0.0 -2.5 -2.5 8.75 -16.177599999999998
0.0 0.0 -2.5 8.75 290.16200000000003
0.0 -2.5 0.0 8.75 40908.3383
0.0 0.0 0.0 8.75 3722402.7149
0.0 2.5 0.0 8.75 9999999978.049702
0.0 0.0 2.5 8.75 289581.7497
0.0 2.5 2.5 8.75 21051496.3367
0.0 0.0 5.0 8.75 1933586372.8853998
0.0 2.5 5.0 8.75 95862310.6025
0.0 5.0 -7.5 10.0 40.4045
0.0 7.5 -7.5 10.0 137.9858
0.0 -2.5 -5.0 10.0 -3.33
0.0 0.0 -5.0 10.0 3.5109
0.0 2.5 -5.0 10.0 226.771
0.0 5.0 -5.0 10.0 28.1467
0.0 7.5 -5.0 10.0 4470.906000000001
0.0 -2.5 -2.5 10.0 -13.9761
0.0 0.0 -2.5 10.0 -11.8471
0.0 2.5 -2.5 10.0 121.9529
0.0 5.0 -2.5 10.0 443.7145
0.0 -2.5 0.0 10.0 107379788.0207
0.0 0.0 0.0 10.0 24.6458
0.0 2.5 0.0 10.0 96046.22839999999
0.0 0.0 2.5 10.0 6259.3139
0.0 2.5 2.5 10.0 3108621.2378000002
0.0 0.0 5.0 10.0 208566075.505
0.0 2.5 5.0 10.0 61805368.688
0.0 2.5 -10.0 11.25 0.43490000000000006
0.0 5.0 -10.0 11.25 -1.4997
0.0 10.0 -10.0 11.25 -6.7222
0.0 2.5 -7.5 11.25 7.411599999999999
0.0 5.0 -7.5 11.25 7.257000000000001
0.0 7.5 -7.5 11.25 0.738999999999999
0.0 0.0 -5.0 11.25 -0.5735000000000001
0.0 2.5 -5.0 11.25 9.4716
0.0 5.0 -5.0 11.25 9.601100000000002
0.0 -5.0 -2.5 11.25 -9.172500000000001
0.0 -2.5 -2.5 11.25 -12.6723
0.0 0.0 -2.5 11.25 -10.2116
0.0 2.5 -2.5 11.25 -6.2435
0.0 5.0 -2.5 11.25 2.4807000000000006
0.0 -5.0 0.0 11.25 -8.532399999999999
0.0 -2.5 0.0 11.25 166.21380000000002
0.0 0.0 0.0 11.25 -12.859300000000001
0.0 2.5 0.0 11.25 58.5158
0.0 0.0 2.5 11.25 643.9336
0.0 2.5 2.5 11.25 3011507.6459
0.0 0.0 5.0 11.25 18546.7521
0.0 2.5 5.0 11.25 168075.4252
0.0 -2.5 -10.0 12.5 0.5510999999999999
0.0 2.5 -10.0 12.5 0.39559999999999995
0.0 5.0 -10.0 12.5 -0.14100000000000001
0.0 7.5 -10.0 12.5 -2.9360999999999997
0.0 10.0 -10.0 12.5 -3.2024
0.0 -5.0 -7.5 12.5 -0.9913000000000001
0.0 0.0 -7.5 12.5 2.4583
0.0 2.5 -7.5 12.5 4.944
0.0 5.0 -7.5 12.5 5.3623
0.0 7.5 -7.5 12.5 1.0316
0.0 10.0 -7.5 12.5 298.4175
0.0 -2.5 -5.0 12.5 -3.7408
0.0 0.0 -5.0 12.5 -0.7173
0.0 2.5 -5.0 12.5 4.1666
0.0 5.0 -5.0 12.5 7.0687999999999995
0.0 -2.5 -2.5 12.5 -11.7274
0.0 0.0 -2.5 12.5 -8.4635
0.0 2.5 -2.5 12.5 -4.1622
0.0 5.0 -2.5 12.5 0.9456000000000007
0.0 -5.0 0.0 12.5 -15.7447
0.0 -2.5 0.0 12.5 -4.296999999999997
0.0 0.0 0.0 12.5 -12.4705
0.0 2.5 0.0 12.5 -5.4202
0.0 5.0 0.0 12.5 13758.7981
0.0 -2.5 2.5 12.5 686382.6299
0.0 0.0 2.5 12.5 49.775800000000004
0.0 2.5 2.5 12.5 183823017.1425
0.0 7.5 2.5 12.5 10000000026.3567
0.0 0.0 5.0 12.5 4958.574100000001
0.0 2.5 5.0 12.5 1508409.2895
0.0 5.0 5.0 12.5 9999999985.950401
0.0 -2.5 -10.0 13.75 0.4426
0.0 0.0 -10.0 13.75 0.6315
0.0 2.5 -10.0 13.75 1.0746
0.0 5.0 -10.0 13.75 -0.04470000000000002
0.0 7.5 -10.0 13.75 -0.3665
0.0 10.0 -10.0 13.75 -0.05180000000000007
0.0 -5.0 -7.5 13.75 -1.3684999999999998
0.0 -2.5 -7.5 13.75 -0.469
0.0 0.0 -7.5 13.75 0.6453
0.0 2.5 -7.5 13.75 2.9362000000000004
0.0 5.0 -7.5 13.75 3.4290999999999996
0.0 7.5 -7.5 13.75 1.1914000000000002
0.0 10.0 -7.5 13.75 75.9015
0.0 -2.5 -5.0 13.75 -3.4211
0.0 0.0 -5.0 13.75 -1.4895999999999998
0.0 2.5 -5.0 13.75 1.2635
0.0 5.0 -5.0 13.75 4.764200000000001
0.0 7.5 -5.0 13.75 21.8851
0.0 -5.0 -2.5 13.75 -6.215
0.0 -2.5 -2.5 13.75 -9.0601
0.0 0.0 -2.5 13.75 -7.0473
0.0 2.5 -2.5 13.75 -3.0935
0.0 5.0 -2.5 13.75 0.33200000000000074
0.0 7.5 -2.5 13.75 136.20759999999999
0.0 -5.0 0.0 13.75 -10.7631
0.0 -2.5 0.0 13.75 -15.2073
0.0 0.0 0.0 13.75 -8.9888
0.0 2.5 0.0 13.75 25.0347
0.0 5.0 0.0 13.75 105553.78700000001
0.0 7.5 0.0 13.75 434851.4343
0.0 10.0 0.0 13.75 19861.5365
0.0 -5.0 2.5 13.75 57.7311
0.0 -2.5 2.5 13.75 222.8598
0.0 0.0 2.5 13.75 -4.8758
0.0 2.5 2.5 13.75 9999999987.693602
0.0 5.0 2.5 13.75 352072191.6547
0.0 7.5 2.5 13.75 131772.09660000002
0.0 -2.5 5.0 13.75 5.9632000000000005
0.0 0.0 5.0 13.75 265.98900000000003
0.0 2.5 5.0 13.75 779696.1139
0.0 5.0 5.0 13.75 9999999983.9547
0.0 7.5 5.0 13.75 10000000123.099401
0.0 10.0 5.0 13.75 5186703611.9682
0.0 -5.0 -10.0 15.0 0.0351
0.0 -2.5 -10.0 15.0 0.2969
0.0 0.0 -10.0 15.0 0.4666
0.0 2.5 -10.0 15.0 0.49029999999999996
0.0 5.0 -10.0 15.0 0.6211
0.0 7.5 -10.0 15.0 0.7157
0.0 10.0 -10.0 15.0 0.7842999999999999
0.0 -5.0 -7.5 15.0 -1.0776999999999999
0.0 -2.5 -7.5 15.0 -0.8273
0.0 0.0 -7.5 15.0 0.09829999999999998
0.0 2.5 -7.5 15.0 1.4714
0.0 5.0 -7.5 15.0 1.4022
0.0 7.5 -7.5 15.0 1.1690999999999998
0.0 10.0 -7.5 15.0 2.8188
0.0 -5.0 -5.0 15.0 -2.8965
0.0 -2.5 -5.0 15.0 -3.0816
0.0 0.0 -5.0 15.0 -1.8361
0.0 2.5 -5.0 15.0 0.023799999999999988
0.0 5.0 -5.0 15.0 1.581
0.0 7.5 -5.0 15.0 1.4011
0.0 10.0 -5.0 15.0 67.90249999999999
0.0 -5.0 -2.5 15.0 -4.614
0.0 -2.5 -2.5 15.0 -6.391
0.0 0.0 -2.5 15.0 -4.7863
0.0 2.5 -2.5 15.0 -2.9487
0.0 5.0 -2.5 15.0 -0.14319999999999977
0.0 7.5 -2.5 15.0 0.9987000000000004
0.0 10.0 -2.5 15.0 51.056
0.0 -5.0 0.0 15.0 -5.8292
0.0 -2.5 0.0 15.0 -7.5007
0.0 0.0 0.0 15.0 -6.0218
0.0 2.5 0.0 15.0 14.719399999999998
0.0 5.0 0.0 15.0 255.4435
0.0 7.5 0.0 15.0 2.3176
0.0 10.0 0.0 15.0 8.0561
0.0 -5.0 2.5 15.0 0.13329999999999997
0.0 -2.5 2.5 15.0 0.9814999999999998
0.0 0.0 2.5 15.0 -5.4244
0.0 2.5 2.5 15.0 22540.0019
0.0 5.0 2.5 15.0 248606464.414
0.0 7.5 2.5 15.0 1452.9492
0.0 10.0 2.5 15.0 527393.5446
0.0 -5.0 5.0 15.0 3.0999999999999996
0.0 -2.5 5.0 15.0 1.5975000000000001
0.0 0.0 5.0 15.0 0.5062999999999995
0.0 2.5 5.0 15.0 174585.2444
0.0 5.0 5.0 15.0 10000000239.228802
0.0 7.5 5.0 15.0 9059879183.782299
0.0 10.0 5.0 15.0 486527082.3757
0.0 -5.0 -10.0 16.25 -0.0048
0.0 -2.5 -10.0 16.25 0.23199999999999998
0.0 0.0 -10.0 16.25 0.6134999999999999
0.0 2.5 -10.0 16.25 0.5426
0.0 5.0 -10.0 16.25 0.461
0.0 7.5 -10.0 16.25 0.4375
0.0 10.0 -10.0 16.25 0.8814000000000001
0.0 -5.0 -7.5 16.25 -1.0115999999999998
0.0 -2.5 -7.5 16.25 -0.5353
0.0 0.0 -7.5 16.25 0.0876
0.0 2.5 -7.5 16.25 0.8904
0.0 5.0 -7.5 16.25 1.5454
0.0 7.5 -7.5 16.25 1.1027
0.0 10.0 -7.5 16.25 -0.18200000000000005
0.0 -5.0 -5.0 16.25 -2.2222999999999997
0.0 -2.5 -5.0 16.25 -2.6663
0.0 0.0 -5.0 16.25 -1.9238000000000002
0.0 2.5 -5.0 16.25 -0.7
0.0 5.0 -5.0 16.25 0.6599000000000002
0.0 7.5 -5.0 16.25 0.02089999999999992
0.0 10.0 -5.0 16.25 -1.2165
0.0 -5.0 -2.5 16.25 -3.2478000000000002
0.0 -2.5 -2.5 16.25 -4.2701
0.0 0.0 -2.5 16.25 -3.9693
0.0 2.5 -2.5 16.25 -2.5690999999999997
0.0 5.0 -2.5 16.25 -0.6111000000000001
0.0 7.5 -2.5 16.25 0.5728000000000004
0.0 10.0 -2.5 16.25 -0.34209999999999985
0.0 -5.0 0.0 16.25 -3.2252
0.0 -2.5 0.0 16.25 -4.441800000000001
0.0 0.0 0.0 16.25 -3.6252999999999997
0.0 2.5 0.0 16.25 -2.6219
0.0 5.0 0.0 16.25 13.0213
0.0 7.5 0.0 16.25 -1.2463000000000002
0.0 10.0 0.0 16.25 -2.019
0.0 -5.0 2.5 16.25 0.3315
0.0 -2.5 2.5 16.25 -0.2538
0.0 0.0 2.5 16.25 -4.1583000000000006
0.0 2.5 2.5 16.25 898314.8993
0.0 5.0 2.5 16.25 108956712.3697
0.0 7.5 2.5 16.25 304.3517
0.0 10.0 2.5 16.25 4276.284799999999
0.0 -5.0 5.0 16.25 1.7108
0.0 -2.5 5.0 16.25 0.9445000000000001
0.0 0.0 5.0 16.25 -8.1598
0.0 2.5 5.0 16.25 10318.4124
0.0 5.0 5.0 16.25 174275155.2798
0.0 7.5 5.0 16.25 702.0109
0.0 10.0 5.0 16.25 1031878.0103
60.0 -5.0 -10.0 3.75 -9.6587
60.0 -2.5 -10.0 3.75 -18.6119
60.0 0.0 -10.0 3.75 -23.7296
60.0 2.5 -10.0 3.75 2134.2497000000003
60.0 5.0 -10.0 3.75 9999999849.7614
60.0 7.5 -10.0 3.75 10000000012.398
60.0 10.0 -10.0 3.75 1635219916.8184998
60.0 -5.0 -7.5 3.75 -15.1953
60.0 -2.5 -7.5 3.75 -27.5695
60.0 0.0 -7.5 3.75 544.7595
60.0 2.5 -7.5 3.75 1831698.9359000002
60.0 5.0 -7.5 3.75 180410454.2615
60.0 7.5 -7.5 3.75 10000000142.457201
60.0 10.0 -7.5 3.75 8780987694.4057
60.0 -5.0 -5.0 3.75 -15.0704
60.0 -2.5 -5.0 3.75 -26.3094
60.0 0.0 -5.0 3.75 24423.4492
60.0 2.5 -5.0 3.75 19349.3516
60.0 5.0 -5.0 3.75 9999999983.5093
60.0 7.5 -5.0 3.75 10000000011.704
60.0 10.0 -5.0 3.75 10000000022.197102
60.0 -5.0 -2.5 3.75 -4.9157
60.0 -2.5 -2.5 3.75 118472.2779
60.0 0.0 -2.5 3.75 306591038.59470004
60.0 2.5 -2.5 3.75 2977101.323
60.0 5.0 -2.5 3.75 10000000004.008202
60.0 7.5 -2.5 3.75 10000000098.590801
60.0 10.0 -2.5 3.75 10000000113.6436
60.0 -5.0 0.0 3.75 46.7204
60.0 -2.5 0.0 3.75 82758.0678
60.0 0.0 0.0 3.75 93867178.811
60.0 2.5 0.0 3.75 67568069.57360001
60.0 5.0 0.0 3.75 2208095664.1688
60.0 7.5 0.0 3.75 3504067132.0980997
60.0 10.0 0.0 3.75 10000000022.0247
60.0 -5.0 2.5 3.75 9.8816
60.0 -2.5 2.5 3.75 119447.4044
60.0 0.0 2.5 3.75 10000000050.7982
60.0 2.5 2.5 3.75 10000000078.9417
60.0 5.0 2.5 3.75 6641305264.8138
60.0 7.5 2.5 3.75 9999999982.635601
60.0 10.0 2.5 3.75 9999999927.232801
60.0 -5.0 5.0 3.75 16.3758
60.0 -2.5 5.0 3.75 2988646.3806
60.0 0.0 5.0 3.75 61939498.581199996
60.0 2.5 5.0 3.75 10000000194.753302
60.0 5.0 5.0 3.75 9999999849.8761
60.0 7.5 5.0 3.75 10000000150.974602
60.0 10.0 5.0 3.75 10000000146.7064
60.0 0.0 -2.5 6.25 36690.3554
60.0 0.0 2.5 6.25 80550803.462
60.0 5.0 -7.5 7.5 4617267.487199999
60.0 0.0 -5.0 7.5 -17.1208
60.0 0.0 -2.5 7.5 1238.3115
60.0 -2.5 0.0 7.5 48.1636
60.0 0.0 0.0 7.5 2687996672.8989997
60.0 -2.5 2.5 7.5 62.4582
60.0 0.0 2.5 7.5 10000000074.157001
60.0 0.0 -7.5 8.75 -11.3602
60.0 0.0 -5.0 8.75 -13.119499999999999
60.0 2.5 -5.0 8.75 617.4086
60.0 0.0 -2.5 8.75 801.267
60.0 -2.5 0.0 8.75 -0.08220000000000027
60.0 0.0 0.0 8.75 4485.2518
60.0 -2.5 2.5 8.75 182.53320000000002
60.0 0.0 2.5 8.75 519866994.8545
60.0 2.5 2.5 8.75 213273524.2827
60.0 -5.0 5.0 8.75 6.543200000000001
60.0 -2.5 5.0 8.75 6770096.6808
60.0 0.0 5.0 8.75 9999999988.5786
60.0 0.0 -10.0 10.0 -4.2692
60.0 0.0 -7.5 10.0 -8.478200000000001
60.0 2.5 -7.5 10.0 -12.473600000000001
60.0 5.0 -7.5 10.0 -11.121899999999998
60.0 0.0 -5.0 10.0 -7.901199999999999
60.0 2.5 -5.0 10.0 8953.3848
60.0 0.0 -2.5 10.0 168.7897
60.0 -2.5 0.0 10.0 -0.2342000000000004
60.0 0.0 0.0 10.0 8439.7601
60.0 -5.0 2.5 10.0 2.4922000000000004
60.0 -2.5 2.5 10.0 7912.6604
60.0 0.0 2.5 10.0 303607664.60410005
60.0 2.5 2.5 10.0 157078047.9317
60.0 -2.5 5.0 10.0 634459334.0991
60.0 0.0 5.0 10.0 10000000000.8521
60.0 2.5 5.0 10.0 10000000056.401701
60.0 0.0 -10.0 11.25 -3.8301
60.0 7.5 -10.0 11.25 0.08539999999999992
60.0 10.0 -10.0 11.25 14.7579
60.0 -2.5 -7.5 11.25 -3.5206
60.0 0.0 -7.5 11.25 -8.103399999999999
60.0 2.5 -7.5 11.25 -9.827
60.0 5.0 -7.5 11.25 -9.1243
60.0 7.5 -7.5 11.25 57.7178
60.0 10.0 -7.5 11.25 223.2405
60.0 0.0 -5.0 11.25 -11.933
60.0 2.5 -5.0 11.25 373.5523
60.0 0.0 -2.5 11.25 49.368700000000004
60.0 -2.5 0.0 11.25 1.2437999999999994
60.0 0.0 0.0 11.25 1629.1784
60.0 2.5 0.0 11.25 9999999885.6707
60.0 -5.0 2.5 11.25 1.8902999999999999
60.0 -2.5 2.5 11.25 6810.6304
60.0 0.0 2.5 11.25 801064.1278
60.0 2.5 2.5 11.25 455178.4732
60.0 -5.0 5.0 11.25 0.3325999999999998
60.0 -2.5 5.0 11.25 8820322.3694
60.0 0.0 5.0 11.25 9999999964.1854
60.0 2.5 5.0 11.25 5859506.6977
60.0 5.0 5.0 11.25 3511761597.9837003
60.0 0.0 -10.0 12.5 -3.2611
60.0 2.5 -10.0 12.5 -3.9707
60.0 5.0 -10.0 12.5 -2.6445
60.0 7.5 -10.0 12.5 0.9394999999999998
60.0 10.0 -10.0 12.5 5.1926999999999985
60.0 -2.5 -7.5 12.5 -3.3436999999999997
60.0 0.0 -7.5 12.5 -7.3327
60.0 2.5 -7.5 12.5 -8.9316
60.0 5.0 -7.5 12.5 -6.7081
60.0 7.5 -7.5 12.5 -1.3584
60.0 10.0 -7.5 12.5 3.753499999999999
60.0 -5.0 -5.0 12.5 -1.0834
60.0 -2.5 -5.0 12.5 -3.4796
60.0 0.0 -5.0 12.5 -12.599300000000001
60.0 2.5 -5.0 12.5 -24.7883
60.0 -2.5 -2.5 12.5 -0.5190999999999999
60.0 0.0 -2.5 12.5 25.605900000000002
60.0 5.0 -2.5 12.5 2107.8686000000002
60.0 -5.0 0.0 12.5 0.7042999999999999
60.0 -2.5 0.0 12.5 1.9916000000000005
60.0 0.0 0.0 12.5 21.290200000000002
60.0 2.5 0.0 12.5 4533.7862
60.0 -5.0 2.5 12.5 1.4382
60.0 -2.5 2.5 12.5 3589760.8464
60.0 0.0 2.5 12.5 5483876.5853
60.0 2.5 2.5 12.5 51289.4933
60.0 -5.0 5.0 12.5 -0.008700000000000152
60.0 -2.5 5.0 12.5 10000000003.1977
60.0 0.0 5.0 12.5 10000000026.716501
60.0 2.5 5.0 12.5 1250766327.492
60.0 5.0 5.0 12.5 9999999984.418201
60.0 -2.5 -10.0 13.75 -1.7107999999999999
60.0 0.0 -10.0 13.75 -2.9126
60.0 2.5 -10.0 13.75 -3.2835
60.0 5.0 -10.0 13.75 -2.1591
60.0 7.5 -10.0 13.75 0.30089999999999995
60.0 10.0 -10.0 13.75 4.1029
60.0 -2.5 -7.5 13.75 -2.8011
60.0 0.0 -7.5 13.75 -5.6763
60.0 2.5 -7.5 13.75 -7.669
60.0 5.0 -7.5 13.75 -5.4693
60.0 7.5 -7.5 13.75 -1.1269
60.0 10.0 -7.5 13.75 3.0678000000000005
60.0 -5.0 -5.0 13.75 -1.2036
60.0 -2.5 -5.0 13.75 -2.874
60.0 0.0 -5.0 13.75 -8.2793
60.0 2.5 -5.0 13.75 -17.073
60.0 5.0 -5.0 13.75 -5.5297
60.0 7.5 -5.0 13.75 49.3021
60.0 10.0 -5.0 13.75 232.44240000000002
60.0 -5.0 -2.5 13.75 -0.2988
60.0 -2.5 -2.5 13.75 0.0766
60.0 0.0 -2.5 13.75 1.4804
60.0 2.5 -2.5 13.75 4003.08
60.0 5.0 -2.5 13.75 2.2163999999999997
60.0 7.5 -2.5 13.75 227.48819999999998
60.0 -5.0 0.0 13.75 0.5749
60.0 -2.5 0.0 13.75 1.3821999999999999
60.0 0.0 0.0 13.75 -1.1906999999999996
60.0 2.5 0.0 13.75 3.1244000000000005
60.0 5.0 0.0 13.75 5.9451
60.0 -5.0 2.5 13.75 0.7763999999999998
60.0 -2.5 2.5 13.75 50045.677200000006
60.0 0.0 2.5 13.75 54744.357099999994
60.0 2.5 2.5 13.75 1595.8735
60.0 -5.0 5.0 13.75 -1.3754
60.0 -2.5 5.0 13.75 6284226.8457
60.0 0.0 5.0 13.75 10600093.3161
60.0 2.5 5.0 13.75 607275067.2605001
60.0 5.0 5.0 13.75 708552908.8057001
60.0 -5.0 -10.0 15.0 -0.5489999999999999
60.0 -2.5 -10.0 15.0 -1.322
60.0 0.0 -10.0 15.0 -2.4647
60.0 2.5 -10.0 15.0 -2.6164
60.0 5.0 -10.0 15.0 -2.0698
60.0 7.5 -10.0 15.0 0.037300000000000055
60.0 10.0 -10.0 15.0 2.936
60.0 -5.0 -7.5 15.0 -0.9081
60.0 -2.5 -7.5 15.0 -2.3034
60.0 0.0 -7.5 15.0 -3.9364999999999997
60.0 2.5 -7.5 15.0 -5.8787
60.0 5.0 -7.5 15.0 -4.0365
60.0 7.5 -7.5 15.0 -1.2441
60.0 10.0 -7.5 15.0 2.5368000000000004
60.0 -5.0 -5.0 15.0 -0.8281999999999999
60.0 -2.5 -5.0 15.0 -2.1374
60.0 0.0 -5.0 15.0 -5.300800000000001
60.0 2.5 -5.0 15.0 -8.6029
60.0 5.0 -5.0 15.0 -7.3713999999999995
60.0 7.5 -5.0 15.0 -3.3842
60.0 10.0 -5.0 15.0 -0.47109999999999985
60.0 -5.0 -2.5 15.0 -0.21439999999999998
60.0 -2.5 -2.5 15.0 -0.20189999999999997
60.0 0.0 -2.5 15.0 -0.3782000000000001
60.0 2.5 -2.5 15.0 2.0833
60.0 5.0 -2.5 15.0 -4.7844
60.0 7.5 -2.5 15.0 -7.9924
60.0 10.0 -2.5 15.0 17.0313
60.0 -5.0 0.0 15.0 0.40349999999999997
60.0 -2.5 0.0 15.0 1.4419
60.0 0.0 0.0 15.0 0.3055000000000003
60.0 2.5 0.0 15.0 -0.9368999999999996
60.0 5.0 0.0 15.0 -2.6187
60.0 7.5 0.0 15.0 19.686700000000002
60.0 10.0 0.0 15.0 22.011499999999998
60.0 -5.0 2.5 15.0 0.13149999999999984
60.0 -2.5 2.5 15.0 37.0603
60.0 0.0 2.5 15.0 23685.687599999997
60.0 2.5 2.5 15.0 243.1999
60.0 5.0 2.5 15.0 4664415.66
60.0 7.5 2.5 15.0 417.2523
60.0 10.0 2.5 15.0 110.8192
60.0 -5.0 5.0 15.0 -2.0051
60.0 -2.5 5.0 15.0 1896276.9696
60.0 0.0 5.0 15.0 3055236.8029
60.0 2.5 5.0 15.0 49801.2145
60.0 5.0 5.0 15.0 229106952.39790002
60.0 -5.0 -10.0 16.25 -0.4457
60.0 -2.5 -10.0 16.25 -1.0101
60.0 0.0 -10.0 16.25 -1.8448
60.0 2.5 -10.0 16.25 -2.2799
60.0 5.0 -10.0 16.25 -1.5549
60.0 7.5 -10.0 16.25 -0.5111
60.0 10.0 -10.0 16.25 1.287
60.0 -5.0 -7.5 16.25 -0.566
60.0 -2.5 -7.5 16.25 -1.841
60.0 0.0 -7.5 16.25 -2.8042000000000002
60.0 2.5 -7.5 16.25 -4.252800000000001
60.0 5.0 -7.5 16.25 -3.2297
60.0 7.5 -7.5 16.25 -0.9541999999999999
60.0 10.0 -7.5 16.25 1.016
60.0 -5.0 -5.0 16.25 -0.7209000000000001
60.0 -2.5 -5.0 16.25 -1.8376
60.0 0.0 -5.0 16.25 -2.9277
60.0 2.5 -5.0 16.25 -4.7613
60.0 5.0 -5.0 16.25 -4.2154
60.0 7.5 -5.0 16.25 -2.6988
60.0 10.0 -5.0 16.25 -0.7932
60.0 -5.0 -2.5 16.25 -0.1297
60.0 -2.5 -2.5 16.25 -0.5598
60.0 0.0 -2.5 16.25 0.0872
60.0 2.5 -2.5 16.25 -0.21810000000000007
60.0 5.0 -2.5 16.25 -1.6759000000000002
60.0 7.5 -2.5 16.25 -4.6591000000000005
60.0 10.0 -2.5 16.25 -4.877599999999999
60.0 -5.0 0.0 16.25 0.3433999999999999
60.0 -2.5 0.0 16.25 0.5003
60.0 0.0 0.0 16.25 0.08949999999999991
60.0 2.5 0.0 16.25 0.48619999999999974
60.0 5.0 0.0 16.25 -0.9984000000000002
60.0 7.5 0.0 16.25 -4.611
60.0 10.0 0.0 16.25 -5.3725000000000005
60.0 -5.0 2.5 16.25 0.05490000000000006
60.0 -2.5 2.5 16.25 1.5143
60.0 0.0 2.5 16.25 11.979
60.0 2.5 2.5 16.25 21.1226
60.0 5.0 2.5 16.25 23733333.4263
60.0 7.5 2.5 16.25 50.5582
60.0 10.0 2.5 16.25 -5.3616
60.0 -5.0 5.0 16.25 -1.3666
60.0 -2.5 5.0 16.25 57809.1307
60.0 0.0 5.0 16.25 2725.2571000000003
60.0 2.5 5.0 16.25 14581.0175
60.0 5.0 5.0 16.25 2131483856.2305999
60.0 7.5 5.0 16.25 15850002.5822
60.0 10.0 5.0 16.25 1999.3736
120.0 -5.0 -10.0 3.75 -2.4309
120.0 -2.5 -10.0 3.75 -3.7847999999999997
120.0 0.0 -10.0 3.75 -4.7479
120.0 2.5 -10.0 3.75 598.6474
120.0 5.0 -10.0 3.75 19707380.356700003
120.0 7.5 -10.0 3.75 4585508241.8976
120.0 10.0 -10.0 3.75 10000000060.246
120.0 -5.0 -7.5 3.75 -0.661
120.0 -2.5 -7.5 3.75 -4.819100000000001
120.0 0.0 -7.5 3.75 65.63119999999999
120.0 2.5 -7.5 3.75 438402.4911
120.0 5.0 -7.5 3.75 127521610.61
120.0 7.5 -7.5 3.75 501460836.3678
120.0 10.0 -7.5 3.75 10000000024.536201
120.0 -5.0 -5.0 3.75 -1.5013999999999998
120.0 -2.5 -5.0 3.75 1940527.0507
120.0 0.0 -5.0 3.75 668388.4181
120.0 2.5 -5.0 3.75 674886049.3678
120.0 5.0 -5.0 3.75 26127683.1796
120.0 7.5 -5.0 3.75 9999999976.0505
120.0 10.0 -5.0 3.75 10000000142.7845
120.0 -5.0 -2.5 3.75 -5.8667
120.0 -2.5 -2.5 3.75 1761.829
120.0 0.0 -2.5 3.75 988994.6255
120.0 2.5 -2.5 3.75 33805409.940400004
120.0 5.0 -2.5 3.75 4190243517.7946
120.0 7.5 -2.5 3.75 9999999929.220201
120.0 10.0 -2.5 3.75 9999999887.602201
120.0 -5.0 0.0 3.75 215.1009
120.0 -2.5 0.0 3.75 419.377
120.0 0.0 0.0 3.75 1637050.5423
120.0 2.5 0.0 3.75 10000000110.8738
120.0 5.0 0.0 3.75 9999999971.7285
120.0 7.5 0.0 3.75 10000000016.802502
120.0 10.0 0.0 3.75 9999999992.3421
120.0 -5.0 2.5 3.75 4.2224
120.0 -2.5 2.5 3.75 60.5967
120.0 0.0 2.5 3.75 1097652618.1182
120.0 2.5 2.5 3.75 9999999878.0671
120.0 5.0 2.5 3.75 10000000189.940401
120.0 7.5 2.5 3.75 10000000069.573101
120.0 10.0 2.5 3.75 10000000006.233702
120.0 -5.0 5.0 3.75 17.8532
120.0 -2.5 5.0 3.75 371088742.21849996
120.0 0.0 5.0 3.75 1214336.2679
120.0 2.5 5.0 3.75 10000000050.1592
120.0 5.0 5.0 3.75 9999999970.3335
120.0 7.5 5.0 3.75 10000000008.5111
120.0 10.0 5.0 3.75 10000000030.753601
120.0 -2.5 0.0 5.0 16.9816
120.0 -2.5 2.5 5.0 15.676899999999998
120.0 0.0 -2.5 6.25 -0.06309999999999949
120.0 -2.5 0.0 6.25 10.169
120.0 -2.5 2.5 6.25 3.4168000000000003
120.0 -2.5 5.0 6.25 11660.8513
120.0 0.0 -7.5 7.5 3.2109
120.0 -2.5 -5.0 7.5 4.5603
120.0 0.0 -5.0 7.5 1.7135999999999996
120.0 -2.5 -2.5 7.5 6.0036000000000005
120.0 0.0 -2.5 7.5 9.4579
120.0 -2.5 0.0 7.5 6.450500000000001
120.0 -2.5 2.5 7.5 -0.8787000000000003
120.0 0.0 2.5 7.5 1398.3731
120.0 -2.5 5.0 7.5 62743.1321
120.0 0.0 -7.5 8.75 0.6698
120.0 -2.5 -5.0 8.75 3.7389
120.0 0.0 -5.0 8.75 1.6246
120.0 2.5 -5.0 8.75 113.88289999999999
120.0 -2.5 -2.5 8.75 5.4741
120.0 0.0 -2.5 8.75 5.543799999999999
120.0 -2.5 0.0 8.75 2.6539
120.0 0.0 0.0 8.75 2216.4950000000003
120.0 -2.5 2.5 8.75 21.6428
120.0 0.0 2.5 8.75 1424242.096
120.0 -5.0 5.0 8.75 -5.792999999999999
120.0 -2.5 5.0 8.75 44031.5174
120.0 0.0 -7.5 10.0 -0.18000000000000016
120.0 2.5 -7.5 10.0 12.8326
120.0 -2.5 -5.0 10.0 2.1399
120.0 0.0 -5.0 10.0 0.5267
120.0 2.5 -5.0 10.0 29.36
120.0 -2.5 -2.5 10.0 2.9276999999999997
120.0 0.0 -2.5 10.0 45.0557
120.0 -2.5 0.0 10.0 -0.21770000000000023
120.0 0.0 0.0 10.0 14429843.786799999
120.0 -2.5 2.5 10.0 7478.856400000001
120.0 0.0 2.5 10.0 58553.2584
120.0 2.5 2.5 10.0 10000000046.241201
120.0 -5.0 5.0 10.0 -8.3256
120.0 -2.5 5.0 10.0 6095.9653
120.0 0.0 5.0 10.0 10000000021.6065
120.0 0.0 -10.0 11.25 1.2163000000000002
120.0 2.5 -10.0 11.25 1.4222000000000001
120.0 5.0 -10.0 11.25 -2.8085999999999998
120.0 7.5 -10.0 11.25 4896.9564
120.0 0.0 -7.5 11.25 0.6772000000000001
120.0 2.5 -7.5 11.25 -1.8824999999999998
120.0 5.0 -7.5 11.25 116.69210000000001
120.0 -2.5 -5.0 11.25 1.7437000000000002
120.0 0.0 -5.0 11.25 0.6179999999999999
120.0 2.5 -5.0 11.25 1.0085
120.0 -5.0 -2.5 11.25 1.3694
120.0 -2.5 -2.5 11.25 1.4103
120.0 0.0 -2.5 11.25 64.9221
120.0 -5.0 0.0 11.25 -0.21459999999999996
120.0 -2.5 0.0 11.25 -1.6505000000000003
120.0 0.0 0.0 11.25 328550.4402
120.0 2.5 0.0 11.25 158256146.1707
120.0 5.0 0.0 11.25 2708881.0924
120.0 -5.0 2.5 11.25 -2.7112
120.0 -2.5 2.5 11.25 3723.8687
120.0 0.0 2.5 11.25 261996.51510000002
120.0 2.5 2.5 11.25 6068073052.3492
120.0 -5.0 5.0 11.25 -7.8941
120.0 -2.5 5.0 11.25 7189.0013
120.0 0.0 5.0 11.25 9592307966.1231
120.0 2.5 5.0 11.25 9245594885.922699
120.0 -5.0 -10.0 12.5 0.2451
120.0 0.0 -10.0 12.5 0.9815999999999999
120.0 2.5 -10.0 12.5 1.2971000000000004
120.0 5.0 -10.0 12.5 0.3054000000000001
120.0 7.5 -10.0 12.5 72.8914
120.0 10.0 -10.0 12.5 39.5624
120.0 -2.5 -7.5 12.5 1.1247
120.0 0.0 -7.5 12.5 0.48419999999999996
120.0 2.5 -7.5 12.5 -0.5899999999999999
120.0 5.0 -7.5 12.5 1.5789
120.0 -2.5 -5.0 12.5 1.1897
120.0 0.0 -5.0 12.5 -0.02520000000000011
120.0 2.5 -5.0 12.5 -5.3647
120.0 -5.0 -2.5 12.5 0.38449999999999995
120.0 -2.5 -2.5 12.5 0.7605999999999999
120.0 0.0 -2.5 12.5 281.4977
120.0 -5.0 0.0 12.5 -1.1855
120.0 -2.5 0.0 12.5 -2.66
120.0 0.0 0.0 12.5 4159445.3432
120.0 2.5 0.0 12.5 707139407.5813999
120.0 5.0 0.0 12.5 26733.534499999998
120.0 -5.0 2.5 12.5 -2.6019
120.0 -2.5 2.5 12.5 15684.114399999999
120.0 0.0 2.5 12.5 446156.6583
120.0 2.5 2.5 12.5 615449476.2462001
120.0 5.0 2.5 12.5 10000000026.0965
120.0 -5.0 5.0 12.5 -5.3626000000000005
120.0 -2.5 5.0 12.5 2809.6548
120.0 0.0 5.0 12.5 646766675.0272
120.0 2.5 5.0 12.5 10000000167.495201
120.0 5.0 5.0 12.5 22470199.862
120.0 7.5 5.0 12.5 2127232040.8088
120.0 -5.0 -10.0 13.75 0.189
120.0 -2.5 -10.0 13.75 0.5871999999999999
120.0 0.0 -10.0 13.75 1.2835
120.0 2.5 -10.0 13.75 1.5967000000000002
120.0 5.0 -10.0 13.75 1.6337000000000002
120.0 7.5 -10.0 13.75 2.1063
120.0 10.0 -10.0 13.75 3.5246
120.0 -2.5 -7.5 13.75 1.2550999999999999
120.0 0.0 -7.5 13.75 0.35419999999999996
120.0 2.5 -7.5 13.75 -0.1945
120.0 5.0 -7.5 13.75 -1.1519000000000001
120.0 7.5 -7.5 13.75 8.5815
120.0 10.0 -7.5 13.75 19.579
120.0 -5.0 -5.0 13.75 0.7649
120.0 -2.5 -5.0 13.75 0.6504
120.0 0.0 -5.0 13.75 -0.3366
120.0 2.5 -5.0 13.75 -4.4162
120.0 -5.0 -2.5 13.75 0.14740000000000003
120.0 -2.5 -2.5 13.75 -0.09730000000000005
120.0 0.0 -2.5 13.75 25.3706
120.0 2.5 -2.5 13.75 93.4278
120.0 -5.0 0.0 13.75 -1.0187
120.0 -2.5 0.0 13.75 -4.4541
120.0 0.0 0.0 13.75 5371.7291000000005
120.0 2.5 0.0 13.75 13750806.193
120.0 -5.0 2.5 13.75 -2.2316000000000003
120.0 -2.5 2.5 13.75 481.6319
120.0 0.0 2.5 13.75 213424.71920000002
120.0 2.5 2.5 13.75 494111555.9444
120.0 5.0 2.5 13.75 128900.5073
120.0 7.5 2.5 13.75 11641461.8433
120.0 -5.0 5.0 13.75 -3.7245
120.0 -2.5 5.0 13.75 1795.353
120.0 0.0 5.0 13.75 10000000014.2952
120.0 2.5 5.0 13.75 5962658758.6592
120.0 5.0 5.0 13.75 9999999830.8218
120.0 7.5 5.0 13.75 6138904180.0358
120.0 -5.0 -10.0 15.0 0.0232
120.0 -2.5 -10.0 15.0 0.5375
120.0 0.0 -10.0 15.0 1.1530999999999998
120.0 2.5 -10.0 15.0 1.2976999999999999
120.0 5.0 -10.0 15.0 1.7065000000000001
120.0 7.5 -10.0 15.0 2.1963
120.0 10.0 -10.0 15.0 3.2398000000000002
120.0 -5.0 -7.5 15.0 -0.09939999999999999
120.0 -2.5 -7.5 15.0 0.8876
120.0 0.0 -7.5 15.0 0.6259
120.0 2.5 -7.5 15.0 0.15170000000000006
120.0 5.0 -7.5 15.0 -0.09610000000000007
120.0 7.5 -7.5 15.0 -1.1675000000000002
120.0 10.0 -7.5 15.0 0.35189999999999966
120.0 -5.0 -5.0 15.0 0.1199
120.0 -2.5 -5.0 15.0 0.3348
120.0 0.0 -5.0 15.0 -0.3467
120.0 2.5 -5.0 15.0 -2.7542
120.0 5.0 -5.0 15.0 -4.9806
120.0 7.5 -5.0 15.0 -2.2439999999999998
120.0 10.0 -5.0 15.0 -9.0262
120.0 -5.0 -2.5 15.0 -0.0305
120.0 -2.5 -2.5 15.0 -0.2685
120.0 0.0 -2.5 15.0 -0.045600000000000085
120.0 2.5 -2.5 15.0 3.7676999999999996
120.0 5.0 -2.5 15.0 72.6943
120.0 7.5 -2.5 15.0 -16.386300000000002
120.0 10.0 -2.5 15.0 -0.8487000000000009
120.0 -5.0 0.0 15.0 -0.8915000000000001
120.0 -2.5 0.0 15.0 -3.3084
120.0 0.0 0.0 15.0 4760.5909
120.0 2.5 0.0 15.0 1732995.4893
120.0 5.0 0.0 15.0 347.4623
120.0 10.0 0.0 15.0 21.2168
120.0 -5.0 2.5 15.0 -1.5369000000000002
120.0 -2.5 2.5 15.0 373.4477
120.0 0.0 2.5 15.0 18510.746900000002
120.0 2.5 2.5 15.0 4021372952.5366
120.0 5.0 2.5 15.0 7063.8752
120.0 7.5 2.5 15.0 213.2977
120.0 10.0 2.5 15.0 3356.6958
120.0 -5.0 5.0 15.0 -2.1370999999999998
120.0 -2.5 5.0 15.0 1020.4513000000001
120.0 0.0 5.0 15.0 292706474.0521
120.0 2.5 5.0 15.0 6796638294.4041
120.0 5.0 5.0 15.0 10000000205.5676
120.0 7.5 5.0 15.0 134854.7147
120.0 10.0 5.0 15.0 99706844.1398
120.0 -5.0 -10.0 16.25 0.0778
120.0 -2.5 -10.0 16.25 0.2207
120.0 0.0 -10.0 16.25 0.6806
120.0 2.5 -10.0 16.25 1.3814000000000002
120.0 5.0 -10.0 16.25 1.565
120.0 7.5 -10.0 16.25 2.637
120.0 10.0 -10.0 16.25 2.9606
120.0 -5.0 -7.5 16.25 0.0004000000000000002
120.0 -2.5 -7.5 16.25 0.4535
120.0 0.0 -7.5 16.25 0.3726
120.0 2.5 -7.5 16.25 0.05730000000000002
120.0 5.0 -7.5 16.25 -0.04049999999999998
120.0 7.5 -7.5 16.25 -0.0025000000000000577
120.0 10.0 -7.5 16.25 0.20339999999999991
120.0 -5.0 -5.0 16.25 -0.0498
120.0 -2.5 -5.0 16.25 0.0979
120.0 0.0 -5.0 16.25 0.040000000000000036
120.0 2.5 -5.0 16.25 -1.4708
120.0 5.0 -5.0 16.25 -3.9355
120.0 7.5 -5.0 16.25 -4.2359
120.0 10.0 -5.0 16.25 -4.9653
120.0 -5.0 -2.5 16.25 0.18439999999999998
120.0 -2.5 -2.5 16.25 0.026000000000000023
120.0 0.0 -2.5 16.25 -0.10089999999999999
120.0 2.5 -2.5 16.25 -1.7004000000000001
120.0 5.0 -2.5 16.25 -4.7021
120.0 7.5 -2.5 16.25 -8.0968
120.0 10.0 -2.5 16.25 -9.6785
120.0 -5.0 0.0 16.25 -0.24799999999999997
120.0 -2.5 0.0 16.25 -0.9588000000000001
120.0 0.0 0.0 16.25 68.0686
120.0 2.5 0.0 16.25 81222.6233
120.0 5.0 0.0 16.25 -6.0167
120.0 7.5 0.0 16.25 -4.3306
120.0 10.0 0.0 16.25 -7.917999999999999
120.0 -5.0 2.5 16.25 -0.28230000000000005
120.0 -2.5 2.5 16.25 11.314
120.0 0.0 2.5 16.25 121.5922
120.0 2.5 2.5 16.25 21795.847
120.0 5.0 2.5 16.25 6990.1207
120.0 7.5 2.5 16.25 -4.0679
120.0 10.0 2.5 16.25 -3.3642000000000003
120.0 -5.0 5.0 16.25 -1.4604
120.0 -2.5 5.0 16.25 463.3988
120.0 0.0 5.0 16.25 27706166.602599997
120.0 2.5 5.0 16.25 201273026.6381
120.0 5.0 5.0 16.25 1232164.5801
120.0 7.5 5.0 16.25 5737.378299999999
120.0 10.0 5.0 16.25 313.31
180.0 -5.0 -10.0 3.75 -7.1156
180.0 -2.5 -10.0 3.75 -8.7033
180.0 0.0 -10.0 3.75 -1.1183000000000005
180.0 2.5 -10.0 3.75 709.6479
180.0 5.0 -10.0 3.75 10000000629.830502
180.0 7.5 -10.0 3.75 6256744642.5484
180.0 10.0 -10.0 3.75 10000000061.1023
180.0 -5.0 -7.5 3.75 -10.4108
180.0 -2.5 -7.5 3.75 -10.8532
180.0 0.0 -7.5 3.75 146.7104
180.0 2.5 -7.5 3.75 10000000002.308102
180.0 5.0 -7.5 3.75 9999999959.4979
180.0 7.5 -7.5 3.75 9999999660.121601
180.0 10.0 -7.5 3.75 9999999819.772902
180.0 -5.0 -5.0 3.75 -12.932
180.0 -2.5 -5.0 3.75 20.9339
180.0 0.0 -5.0 3.75 2274.7752
180.0 2.5 -5.0 3.75 10000000055.7327
180.0 5.0 -5.0 3.75 212428655.0508
180.0 7.5 -5.0 3.75 10000000079.8673
180.0 10.0 -5.0 3.75 10000000035.8836
180.0 -5.0 -2.5 3.75 -3.8427
180.0 -2.5 -2.5 3.75 2006.1655
180.0 0.0 -2.5 3.75 3072.5301999999997
180.0 2.5 -2.5 3.75 451848653.67560005
180.0 5.0 -2.5 3.75 10000000087.241901
180.0 7.5 -2.5 3.75 7304416558.121
180.0 10.0 -2.5 3.75 2152738591.2503
180.0 -5.0 0.0 3.75 4230.943
180.0 -2.5 0.0 3.75 8780.5952
180.0 0.0 0.0 3.75 66044.38709999999
180.0 2.5 0.0 3.75 9999999932.9827
180.0 5.0 0.0 3.75 10000000334.7717
180.0 7.5 0.0 3.75 9999999917.75
180.0 10.0 0.0 3.75 9999999996.123402
180.0 -5.0 2.5 3.75 -1.2521000000000004
180.0 -2.5 2.5 3.75 2343444.3358
180.0 0.0 2.5 3.75 9999999927.333101
180.0 2.5 2.5 3.75 9999999930.9701
180.0 5.0 2.5 3.75 10000000133.1051
180.0 7.5 2.5 3.75 9999999989.0337
180.0 10.0 2.5 3.75 9999999842.982101
180.0 -5.0 5.0 3.75 -10.8569
180.0 -2.5 5.0 3.75 337429.4282
180.0 0.0 5.0 3.75 9999999751.7276
180.0 2.5 5.0 3.75 2382600207.3782997
180.0 5.0 5.0 3.75 10000000093.698502
180.0 7.5 5.0 3.75 9999999970.6296
180.0 10.0 5.0 3.75 10000000067.141
180.0 -2.5 2.5 5.0 228717746.8104
180.0 -2.5 -2.5 6.25 2.7982999999999993
180.0 -2.5 0.0 6.25 3596581.7863
180.0 -2.5 -2.5 7.5 -0.8123
180.0 -2.5 0.0 7.5 1683707.0366
180.0 -2.5 2.5 7.5 180706568.9319
180.0 0.0 2.5 7.5 49161391.8095
180.0 2.5 2.5 7.5 6988273151.1605
180.0 2.5 -10.0 8.75 5.54
180.0 -2.5 -7.5 8.75 -0.8329
180.0 2.5 -7.5 8.75 66.1829
180.0 5.0 -7.5 8.75 167.8635
180.0 -5.0 -5.0 8.75 0.48189999999999994
180.0 -2.5 -5.0 8.75 -0.03720000000000012
180.0 -5.0 -2.5 8.75 0.09539999999999993
180.0 -2.5 -2.5 8.75 9.6945
180.0 0.0 -2.5 8.75 188.6652
180.0 -5.0 0.0 8.75 1.6484
180.0 -2.5 0.0 8.75 1165238.8949
180.0 0.0 0.0 8.75 32770.764
180.0 -5.0 2.5 8.75 4.892900000000001
180.0 -2.5 2.5 8.75 4455575.168900001
180.0 0.0 2.5 8.75 10000000043.5909
180.0 2.5 2.5 8.75 10000000107.580101
180.0 0.0 5.0 8.75 1342726935.8204
180.0 2.5 5.0 8.75 5414662672.3403
180.0 2.5 -10.0 10.0 0.6733000000000002
180.0 -2.5 -7.5 10.0 -0.8161
180.0 0.0 -7.5 10.0 -1.6364999999999998
180.0 2.5 -7.5 10.0 -1.6484999999999999
180.0 5.0 -7.5 10.0 14.7865
180.0 -5.0 -5.0 10.0 -0.5067
180.0 -2.5 -5.0 10.0 -1.1902
180.0 0.0 -5.0 10.0 -4.5207
180.0 -5.0 -2.5 10.0 -0.43589999999999995
180.0 -2.5 -2.5 10.0 -5.9113999999999995
180.0 0.0 -2.5 10.0 37.6374
180.0 -5.0 0.0 10.0 0.2189000000000001
180.0 -2.5 0.0 10.0 2683.1608
180.0 0.0 0.0 10.0 9389.7291
180.0 -5.0 2.5 10.0 4.2445
180.0 -2.5 2.5 10.0 16592.9436
180.0 0.0 2.5 10.0 47196049.178
180.0 2.5 2.5 10.0 9999999981.730701
180.0 -2.5 5.0 10.0 5130716.9537
180.0 0.0 5.0 10.0 1285001219.1391
180.0 2.5 5.0 10.0 602200005.1645
180.0 5.0 5.0 10.0 1692474121.8128002
180.0 -2.5 -10.0 11.25 -0.3848
180.0 2.5 -10.0 11.25 0.754
180.0 5.0 -10.0 11.25 -0.39810000000000034
180.0 -2.5 -7.5 11.25 -1.6543
180.0 0.0 -7.5 11.25 -1.9467
180.0 2.5 -7.5 11.25 -1.3999
180.0 5.0 -7.5 11.25 1.0426000000000002
180.0 -5.0 -5.0 11.25 -1.0605
180.0 -2.5 -5.0 11.25 -2.3368
180.0 0.0 -5.0 11.25 -4.1852
180.0 -5.0 -2.5 11.25 -1.299
180.0 -2.5 -2.5 11.25 -6.4085
180.0 0.0 -2.5 11.25 -4.113300000000001
180.0 -5.0 0.0 11.25 0.2909999999999999
180.0 -2.5 0.0 11.25 3896.6622
180.0 0.0 0.0 11.25 423.1451
180.0 -5.0 2.5 11.25 4.6453
180.0 -2.5 2.5 11.25 674.5969
180.0 0.0 2.5 11.25 3244929.9981
180.0 2.5 2.5 11.25 10000000126.465801
180.0 -5.0 5.0 11.25 557.8389
180.0 -2.5 5.0 11.25 27881590.283600003
180.0 0.0 5.0 11.25 117656966.44049999
180.0 2.5 5.0 11.25 1867646834.4576
180.0 5.0 5.0 11.25 10000000018.0935
180.0 7.5 5.0 11.25 9999999978.752
180.0 -2.5 -10.0 12.5 -0.39099999999999996
180.0 0.0 -10.0 12.5 0.09719999999999998
180.0 2.5 -10.0 12.5 0.8045000000000001
180.0 5.0 -10.0 12.5 1.3933
180.0 7.5 -10.0 12.5 7.6095
180.0 -2.5 -7.5 12.5 -1.752
180.0 0.0 -7.5 12.5 -2.2714
180.0 2.5 -7.5 12.5 -1.7627000000000002
180.0 5.0 -7.5 12.5 -2.1330999999999998
180.0 -5.0 -5.0 12.5 -0.9256
180.0 -2.5 -5.0 12.5 -1.9272999999999998
180.0 0.0 -5.0 12.5 -3.9966
180.0 2.5 -5.0 12.5 -9.3277
180.0 5.0 -5.0 12.5 255.4812
180.0 -5.0 -2.5 12.5 -1.2204000000000002
180.0 -2.5 -2.5 12.5 -4.2116
180.0 0.0 -2.5 12.5 -4.915
180.0 2.5 -2.5 12.5 47194.2587
180.0 5.0 -2.5 12.5 4417.3957
180.0 -5.0 0.0 12.5 0.48750000000000004
180.0 -2.5 0.0 12.5 23.761899999999997
180.0 0.0 0.0 12.5 105.7081
180.0 2.5 0.0 12.5 426152566.6766
180.0 -5.0 2.5 12.5 8.6302
180.0 -2.5 2.5 12.5 15639.9555
180.0 0.0 2.5 12.5 72989.70469999999
180.0 2.5 2.5 12.5 9999999994.3903
180.0 5.0 2.5 12.5 103609626.76370001
180.0 -5.0 5.0 12.5 396.696
180.0 -2.5 5.0 12.5 21120949.9853
180.0 0.0 5.0 12.5 965525001.3712
180.0 2.5 5.0 12.5 10000000034.6774
180.0 5.0 5.0 12.5 2710661108.7629
180.0 7.5 5.0 12.5 3309414698.9741
180.0 10.0 5.0 12.5 236359170.1248
180.0 -5.0 -10.0 13.75 -0.4182
180.0 -2.5 -10.0 13.75 -0.1304
180.0 0.0 -10.0 13.75 0.028399999999999995
180.0 2.5 -10.0 13.75 0.8701
180.0 5.0 -10.0 13.75 0.7481
180.0 7.5 -10.0 13.75 2.1322
180.0 -5.0 -7.5 13.75 -1.1683000000000001
180.0 -2.5 -7.5 13.75 -1.2581
180.0 0.0 -7.5 13.75 -1.4701
180.0 2.5 -7.5 13.75 -1.3017
180.0 5.0 -7.5 13.75 -2.3984
180.0 10.0 -7.5 13.75 33361.3571
180.0 -5.0 -5.0 13.75 -1.1277000000000001
180.0 -2.5 -5.0 13.75 -1.173
180.0 0.0 -5.0 13.75 -2.0176
180.0 2.5 -5.0 13.75 -4.9906
180.0 5.0 -5.0 13.75 -7.2219
180.0 -5.0 -2.5 13.75 -0.5215000000000001
180.0 -2.5 -2.5 13.75 -1.4468999999999999
180.0 0.0 -2.5 13.75 -2.4175
180.0 2.5 -2.5 13.75 316.74150000000003
180.0 5.0 -2.5 13.75 28.1751
180.0 -5.0 0.0 13.75 0.4606000000000001
180.0 -2.5 0.0 13.75 0.8944000000000001
180.0 0.0 0.0 13.75 108.9029
180.0 2.5 0.0 13.75 66547930.2171
180.0 5.0 0.0 13.75 618.3406
180.0 7.5 0.0 13.75 1345109291.8563
180.0 -5.0 2.5 13.75 0.3756999999999999
180.0 -2.5 2.5 13.75 218.9222
180.0 0.0 2.5 13.75 320.75100000000003
180.0 2.5 2.5 13.75 9999999944.550901
180.0 5.0 2.5 13.75 162549530.4508
180.0 7.5 2.5 13.75 9999999843.5209
180.0 10.0 2.5 13.75 46918.1362
180.0 -5.0 5.0 13.75 117.5614
180.0 -2.5 5.0 13.75 9708247.002600001
180.0 0.0 5.0 13.75 19278.9008
180.0 2.5 5.0 13.75 9999999965.1557
180.0 5.0 5.0 13.75 108046584.6334
180.0 7.5 5.0 13.75 306794677.0742
180.0 -5.0 -10.0 15.0 -0.185
180.0 -2.5 -10.0 15.0 -0.4966
180.0 0.0 -10.0 15.0 0.06470000000000001
180.0 2.5 -10.0 15.0 0.7596999999999999
180.0 5.0 -10.0 15.0 1.4681
180.0 7.5 -10.0 15.0 1.1167
180.0 10.0 -10.0 15.0 2.3576999999999995
180.0 -5.0 -7.5 15.0 -1.0281
180.0 -2.5 -7.5 15.0 -0.9468
180.0 0.0 -7.5 15.0 -1.1806999999999999
180.0 2.5 -7.5 15.0 -1.142
180.0 5.0 -7.5 15.0 -1.3064
180.0 7.5 -7.5 15.0 0.9139
180.0 10.0 -7.5 15.0 17.183699999999998
180.0 -5.0 -5.0 15.0 -1.0183
180.0 -2.5 -5.0 15.0 -0.41590000000000005
180.0 0.0 -5.0 15.0 -1.2248999999999999
180.0 2.5 -5.0 15.0 -2.7103
180.0 5.0 -5.0 15.0 -4.599600000000001
180.0 7.5 -5.0 15.0 16.9313
180.0 -5.0 -2.5 15.0 -0.05800000000000001
180.0 -2.5 -2.5 15.0 -0.04570000000000002
180.0 0.0 -2.5 15.0 -1.0664
180.0 2.5 -2.5 15.0 24.384
180.0 5.0 -2.5 15.0 -7.2482
180.0 7.5 -2.5 15.0 -7.857799999999999
180.0 -5.0 0.0 15.0 0.8583999999999999
180.0 -2.5 0.0 15.0 1.7375000000000003
180.0 0.0 0.0 15.0 64.7855
180.0 2.5 0.0 15.0 116264234.03930001
180.0 5.0 0.0 15.0 303.5371
180.0 7.5 0.0 15.0 12840186.0345
180.0 -5.0 2.5 15.0 2.4377
180.0 -2.5 2.5 15.0 6.3826
180.0 0.0 2.5 15.0 225.7227
180.0 2.5 2.5 15.0 10000000100.012001
180.0 5.0 2.5 15.0 18548021.4369
180.0 7.5 2.5 15.0 534116364.5921
180.0 10.0 2.5 15.0 91.4965
180.0 -5.0 5.0 15.0 37.268899999999995
180.0 -2.5 5.0 15.0 1419548.8581
180.0 0.0 5.0 15.0 5832.3373
180.0 2.5 5.0 15.0 7917275111.5996
180.0 5.0 5.0 15.0 836046.9598
180.0 7.5 5.0 15.0 7483.4119
180.0 10.0 5.0 15.0 285782.3839
180.0 -5.0 -10.0 16.25 0.123
180.0 -2.5 -10.0 16.25 -0.1663
180.0 0.0 -10.0 16.25 -0.0464
180.0 2.5 -10.0 16.25 0.2232
180.0 5.0 -10.0 16.25 0.8997
180.0 7.5 -10.0 16.25 1.2632999999999999
180.0 10.0 -10.0 16.25 1.7069999999999999
180.0 -5.0 -7.5 16.25 -0.5594
180.0 -2.5 -7.5 16.25 -0.5036
180.0 0.0 -7.5 16.25 -0.9727
180.0 2.5 -7.5 16.25 -0.4677
180.0 5.0 -7.5 16.25 0.17920000000000003
180.0 7.5 -7.5 16.25 -0.3841
180.0 10.0 -7.5 16.25 -0.30479999999999996
180.0 -5.0 -5.0 16.25 -0.5912
180.0 -2.5 -5.0 16.25 -0.1844
180.0 0.0 -5.0 16.25 -0.030899999999999983
180.0 2.5 -5.0 16.25 -1.1787999999999998
180.0 5.0 -5.0 16.25 -2.3613
180.0 7.5 -5.0 16.25 -3.2083
180.0 10.0 -5.0 16.25 -4.2842
180.0 -5.0 -2.5 16.25 0.13340000000000002
180.0 -2.5 -2.5 16.25 0.6837
180.0 0.0 -2.5 16.25 0.6436999999999999
180.0 2.5 -2.5 16.25 -0.6217000000000001
180.0 5.0 -2.5 16.25 -3.8266
180.0 7.5 -2.5 16.25 -5.2248
180.0 10.0 -2.5 16.25 -8.9901
180.0 -5.0 0.0 16.25 1.0796999999999999
180.0 -2.5 0.0 16.25 1.6988999999999999
180.0 0.0 0.0 16.25 14.036999999999999
180.0 2.5 0.0 16.25 929119.2848
180.0 5.0 0.0 16.25 1.6527999999999998
180.0 7.5 0.0 16.25 88214.4505
180.0 10.0 0.0 16.25 -11.0718
180.0 -5.0 2.5 16.25 1.2546
180.0 -2.5 2.5 16.25 1.6362999999999999
180.0 0.0 2.5 16.25 18.8098
180.0 2.5 2.5 16.25 3163752.5146999997
180.0 5.0 2.5 16.25 1139.8856
180.0 7.5 2.5 16.25 1997.1823
180.0 10.0 2.5 16.25 -12.4347
180.0 -5.0 5.0 16.25 -4.998
180.0 -2.5 5.0 16.25 2046.5240999999999
180.0 0.0 5.0 16.25 98.4691
180.0 2.5 5.0 16.25 13278.0738
180.0 5.0 5.0 16.25 11005765.5341
180.0 7.5 5.0 16.25 502.5524
180.0 10.0 5.0 16.25 118.8734
240.0 -5.0 -10.0 3.75 -2.0003
240.0 -2.5 -10.0 3.75 -1.7582
240.0 0.0 -10.0 3.75 -1.9036
240.0 2.5 -10.0 3.75 810.6315
240.0 5.0 -10.0 3.75 2650869113.1251
240.0 7.5 -10.0 3.75 2621658286.8798003
240.0 10.0 -10.0 3.75 10000000130.878101
240.0 -5.0 -7.5 3.75 -2.8317
240.0 -2.5 -7.5 3.75 7.3934999999999995
240.0 0.0 -7.5 3.75 1.1889000000000003
240.0 2.5 -7.5 3.75 653.7996
240.0 5.0 -7.5 3.75 78321163.4586
240.0 7.5 -7.5 3.75 9999999952.4715
240.0 10.0 -7.5 3.75 9999999981.4641
240.0 -5.0 -5.0 3.75 -2.8169000000000004
240.0 -2.5 -5.0 3.75 31875.4467
240.0 0.0 -5.0 3.75 824.4934999999999
240.0 2.5 -5.0 3.75 9999999915.218401
240.0 5.0 -5.0 3.75 10000000102.451101
240.0 7.5 -5.0 3.75 9999999939.797602
240.0 10.0 -5.0 3.75 3941811194.8505
240.0 -5.0 -2.5 3.75 4.9534
240.0 -2.5 -2.5 3.75 31.053400000000003
240.0 0.0 -2.5 3.75 757167586.7488999
240.0 2.5 -2.5 3.75 346341961.91569996
240.0 5.0 -2.5 3.75 10000000059.502201
240.0 7.5 -2.5 3.75 9999999720.9556
240.0 10.0 -2.5 3.75 10000000110.7099
240.0 -5.0 0.0 3.75 11.4932
240.0 -2.5 0.0 3.75 467596.4156
240.0 0.0 0.0 3.75 104998.8832
240.0 2.5 0.0 3.75 9999999884.232101
240.0 5.0 0.0 3.75 380855448.702
240.0 7.5 0.0 3.75 9999999903.0184
240.0 10.0 0.0 3.75 10000000069.428202
240.0 -5.0 2.5 3.75 28687.5191
240.0 -2.5 2.5 3.75 9999999977.8455
240.0 0.0 2.5 3.75 10000000021.4601
240.0 2.5 2.5 3.75 9999999977.5529
240.0 5.0 2.5 3.75 10000000089.105501
240.0 7.5 2.5 3.75 10000000153.854
240.0 10.0 2.5 3.75 3484999391.2973
240.0 -5.0 5.0 3.75 152522.83920000002
240.0 -2.5 5.0 3.75 10000000000.479
240.0 0.0 5.0 3.75 9999999871.790901
240.0 2.5 5.0 3.75 9999999993.0259
240.0 5.0 5.0 3.75 9999999845.393301
240.0 7.5 5.0 3.75 9999999765.5555
240.0 10.0 5.0 3.75 9999999639.689901
240.0 0.0 5.0 5.0 871223093.5524
240.0 2.5 -7.5 6.25 493.09569999999997
240.0 0.0 -2.5 6.25 42.5256
240.0 0.0 0.0 6.25 348121.3818
240.0 -2.5 2.5 6.25 10000000008.2886
240.0 0.0 2.5 6.25 3775961855.1843
240.0 0.0 5.0 6.25 10000000054.401701
240.0 2.5 -7.5 7.5 193.4556
240.0 0.0 -5.0 7.5 0.7187000000000001
240.0 2.5 -5.0 7.5 913.5138000000001
240.0 0.0 -2.5 7.5 0.28279999999999994
240.0 2.5 -2.5 7.5 1045.9028999999998
240.0 0.0 0.0 7.5 75112033.3767
240.0 2.5 0.0 7.5 10000000070.1394
240.0 0.0 2.5 7.5 10000000014.8831
240.0 -2.5 5.0 7.5 996809056.6251
240.0 0.0 5.0 7.5 110210087.1735
240.0 2.5 -10.0 8.75 2.9697000000000005
240.0 2.5 -7.5 8.75 5.891699999999999
240.0 0.0 -5.0 8.75 1.2254000000000005
240.0 2.5 -5.0 8.75 17.931199999999997
240.0 -2.5 -2.5 8.75 2.3492
240.0 0.0 -2.5 8.75 2658.5946
240.0 2.5 -2.5 8.75 195.3434
240.0 -5.0 0.0 8.75 5.320400000000001
240.0 -2.5 0.0 8.75 4332.934499999999
240.0 0.0 0.0 8.75 326475665.0955
240.0 2.5 0.0 8.75 10000000042.8136
240.0 -2.5 2.5 8.75 9613433438.8303
240.0 0.0 2.5 8.75 3145445.8807
240.0 2.5 2.5 8.75 764293522.8512
240.0 -2.5 5.0 8.75 3596697.8232
240.0 0.0 5.0 8.75 2793115844.4302
240.0 2.5 5.0 8.75 2676359633.9406004
240.0 2.5 -10.0 10.0 0.3599000000000001
240.0 5.0 -10.0 10.0 187.5581
240.0 2.5 -7.5 10.0 -1.674
240.0 -5.0 -5.0 10.0 1.6967
240.0 0.0 -5.0 10.0 0.23100000000000032
240.0 2.5 -5.0 10.0 -9.0593
240.0 -5.0 -2.5 10.0 2.171
240.0 -2.5 -2.5 10.0 -0.010299999999999976
240.0 0.0 -2.5 10.0 1218286.5033
240.0 2.5 -2.5 10.0 44.150600000000004
240.0 -5.0 0.0 10.0 4.1282
240.0 -2.5 0.0 10.0 1.2805999999999997
240.0 0.0 0.0 10.0 100037872.8156
240.0 2.5 0.0 10.0 7336839745.2669
240.0 -2.5 2.5 10.0 7673004152.1306
240.0 0.0 2.5 10.0 268136652.17430001
240.0 2.5 2.5 10.0 1229773343.8498
240.0 5.0 2.5 10.0 9999999900.0345
240.0 -2.5 5.0 10.0 764.2090999999999
240.0 0.0 5.0 10.0 794918204.9972
240.0 2.5 5.0 10.0 110651000.7879
240.0 5.0 5.0 10.0 9999999886.9682
240.0 -2.5 -10.0 11.25 0.1659
240.0 2.5 -10.0 11.25 -0.8146
240.0 5.0 -10.0 11.25 9.4314
240.0 10.0 -10.0 11.25 2350.7344
240.0 2.5 -7.5 11.25 -2.7067
240.0 -5.0 -5.0 11.25 0.2955
240.0 -2.5 -5.0 11.25 0.8379
240.0 0.0 -5.0 11.25 -0.4518
240.0 2.5 -5.0 11.25 -7.2815
240.0 -5.0 -2.5 11.25 1.1437
240.0 -2.5 -2.5 11.25 -1.6123000000000003
240.0 0.0 -2.5 11.25 93137.4243
240.0 2.5 -2.5 11.25 37.4628
240.0 -5.0 0.0 11.25 3.0492
240.0 -2.5 0.0 11.25 -2.2024
240.0 0.0 0.0 11.25 7222032.860900001
240.0 2.5 0.0 11.25 100658426.46530001
240.0 -2.5 2.5 11.25 3207.4557
240.0 0.0 2.5 11.25 1786220700.6990001
240.0 2.5 2.5 11.25 9999999990.714201
240.0 5.0 2.5 11.25 9999999909.147001
240.0 -2.5 5.0 11.25 -6.7187
240.0 0.0 5.0 11.25 714152583.9157
240.0 2.5 5.0 11.25 383552025.7355
240.0 5.0 5.0 11.25 9999999973.0128
240.0 7.5 5.0 11.25 9999999872.2794
240.0 -2.5 -10.0 12.5 -0.24830000000000002
240.0 0.0 -10.0 12.5 -0.8834
240.0 2.5 -10.0 12.5 -2.1246
240.0 5.0 -10.0 12.5 -3.0018000000000002
240.0 7.5 -10.0 12.5 81.2218
240.0 10.0 -10.0 12.5 -0.007900000000000018
240.0 -5.0 -7.5 12.5 -0.7411000000000001
240.0 0.0 -7.5 12.5 -0.6985
240.0 2.5 -7.5 12.5 -2.8228
240.0 5.0 -7.5 12.5 22.2684
240.0 7.5 -7.5 12.5 3578.0148999999997
240.0 10.0 -7.5 12.5 -7.737100000000001
240.0 -5.0 -5.0 12.5 -0.4611
240.0 -2.5 -5.0 12.5 -0.5394
240.0 0.0 -5.0 12.5 0.15349999999999997
240.0 2.5 -5.0 12.5 -4.1986
240.0 5.0 -5.0 12.5 -6.1974
240.0 -5.0 -2.5 12.5 0.5062
240.0 -2.5 -2.5 12.5 -2.0942
240.0 0.0 -2.5 12.5 1454753599.1992
240.0 2.5 -2.5 12.5 568.9614
240.0 -5.0 0.0 12.5 2.1357
240.0 -2.5 0.0 12.5 0.14169999999999972
240.0 0.0 0.0 12.5 18368327.8411
240.0 2.5 0.0 12.5 46165655.3732
240.0 -2.5 2.5 12.5 0.6168000000000005
240.0 0.0 2.5 12.5 2562966954.6659
240.0 2.5 2.5 12.5 60958104.6137
240.0 5.0 2.5 12.5 1082397379.3544
240.0 -2.5 5.0 12.5 -6.3666
240.0 0.0 5.0 12.5 409371849.2542
240.0 2.5 5.0 12.5 120069265.8967
240.0 5.0 5.0 12.5 17760549.3902
240.0 7.5 5.0 12.5 1189619389.5684
240.0 10.0 5.0 12.5 9999999820.0624
240.0 -5.0 -10.0 13.75 -0.1134
240.0 -2.5 -10.0 13.75 -0.5801
240.0 0.0 -10.0 13.75 -0.5122
240.0 2.5 -10.0 13.75 -1.6784999999999999
240.0 5.0 -10.0 13.75 -2.4657999999999998
240.0 7.5 -10.0 13.75 -4.136
240.0 10.0 -10.0 13.75 -3.1243
240.0 -5.0 -7.5 13.75 -0.7097
240.0 -2.5 -7.5 13.75 -1.1582000000000001
240.0 0.0 -7.5 13.75 -1.1234
240.0 2.5 -7.5 13.75 -2.4656000000000002
240.0 5.0 -7.5 13.75 -4.491899999999999
240.0 7.5 -7.5 13.75 -6.2926
240.0 10.0 -7.5 13.75 -14.8128
240.0 -5.0 -5.0 13.75 -0.6502
240.0 -2.5 -5.0 13.75 -1.3343
240.0 0.0 -5.0 13.75 -0.010999999999999899
240.0 2.5 -5.0 13.75 -1.3064
240.0 5.0 -5.0 13.75 -6.815
240.0 7.5 -5.0 13.75 14.119299999999999
240.0 -5.0 -2.5 13.75 0.20480000000000004
240.0 -2.5 -2.5 13.75 -2.1282
240.0 0.0 -2.5 13.75 570.1123
240.0 2.5 -2.5 13.75 13.7312
240.0 5.0 -2.5 13.75 13.9405
240.0 -5.0 0.0 13.75 1.2330999999999999
240.0 -2.5 0.0 13.75 0.8197999999999999
240.0 0.0 0.0 13.75 656999.8052000001
240.0 2.5 0.0 13.75 1079425.6998
240.0 5.0 0.0 13.75 15196.596300000001
240.0 -5.0 2.5 13.75 1.7718000000000003
240.0 -2.5 2.5 13.75 -2.3496
240.0 0.0 2.5 13.75 3200981.599
240.0 2.5 2.5 13.75 51904831.4076
240.0 5.0 2.5 13.75 9999999982.191301
240.0 7.5 2.5 13.75 9344378158.3819
240.0 -2.5 5.0 13.75 -4.6591000000000005
240.0 0.0 5.0 13.75 14416567.5299
240.0 2.5 5.0 13.75 43860147.612
240.0 5.0 5.0 13.75 230379836.0702
240.0 7.5 5.0 13.75 86925021.3987
240.0 10.0 5.0 13.75 15841010.973100001
240.0 -5.0 -10.0 15.0 -0.1005
240.0 -2.5 -10.0 15.0 -0.23920000000000002
240.0 0.0 -10.0 15.0 -0.7894
240.0 2.5 -10.0 15.0 -0.9762
240.0 5.0 -10.0 15.0 -1.815
240.0 7.5 -10.0 15.0 -1.6654
240.0 10.0 -10.0 15.0 -1.4075
240.0 -5.0 -7.5 15.0 -0.4551
240.0 -2.5 -7.5 15.0 -1.3296
240.0 0.0 -7.5 15.0 -0.47509999999999997
240.0 2.5 -7.5 15.0 -1.2859
240.0 5.0 -7.5 15.0 -2.1161000000000003
240.0 7.5 -7.5 15.0 -5.286
240.0 10.0 -7.5 15.0 -8.5831
240.0 -5.0 -5.0 15.0 -0.616
240.0 -2.5 -5.0 15.0 -1.2228
240.0 0.0 -5.0 15.0 0.5274
240.0 2.5 -5.0 15.0 0.29580000000000006
240.0 5.0 -5.0 15.0 -1.3274000000000001
240.0 7.5 -5.0 15.0 -5.7287
240.0 10.0 -5.0 15.0 7.3467
240.0 -5.0 -2.5 15.0 -0.09779999999999998
240.0 -2.5 -2.5 15.0 -1.082
240.0 0.0 -2.5 15.0 147.8121
240.0 2.5 -2.5 15.0 3.1682
240.0 5.0 -2.5 15.0 1.5309
240.0 7.5 -2.5 15.0 17.0678
240.0 10.0 -2.5 15.0 81.8205
240.0 -5.0 0.0 15.0 1.0646
240.0 -2.5 0.0 15.0 1.4137
240.0 0.0 0.0 15.0 80818.9886
240.0 2.5 0.0 15.0 12475562.0342
240.0 5.0 0.0 15.0 254.9608
240.0 10.0 0.0 15.0 -5.5568
240.0 -5.0 2.5 15.0 1.0004
240.0 -2.5 2.5 15.0 -1.3100999999999998
240.0 0.0 2.5 15.0 3403.127
240.0 2.5 2.5 15.0 1948830.5043
240.0 5.0 2.5 15.0 282586364.7481
240.0 7.5 2.5 15.0 275502573.4537
240.0 -5.0 5.0 15.0 0.27670000000000006
240.0 -2.5 5.0 15.0 -2.9602999999999997
240.0 0.0 5.0 15.0 477355.69070000004
240.0 2.5 5.0 15.0 29792331.853099998
240.0 5.0 5.0 15.0 1204798.2125000001
240.0 7.5 5.0 15.0 8210294.9136
240.0 10.0 5.0 15.0 7712873.0212
240.0 -5.0 -10.0 16.25 -0.057300000000000004
240.0 -2.5 -10.0 16.25 0.0545
240.0 0.0 -10.0 16.25 -0.3386
240.0 2.5 -10.0 16.25 -0.4257
240.0 5.0 -10.0 16.25 -0.599
240.0 7.5 -10.0 16.25 -1.0258
240.0 10.0 -10.0 16.25 -1.0042
240.0 -5.0 -7.5 16.25 -0.2155
240.0 -2.5 -7.5 16.25 -0.6394
240.0 0.0 -7.5 16.25 -0.281
240.0 2.5 -7.5 16.25 0.0024000000000000132
240.0 5.0 -7.5 16.25 -1.3502
240.0 7.5 -7.5 16.25 -2.192
240.0 10.0 -7.5 16.25 -4.1063
240.0 -5.0 -5.0 16.25 -0.4807
240.0 -2.5 -5.0 16.25 -0.0884
240.0 0.0 -5.0 16.25 1.0328
240.0 2.5 -5.0 16.25 0.9826
240.0 5.0 -5.0 16.25 0.5460000000000002
240.0 7.5 -5.0 16.25 -1.7613
240.0 10.0 -5.0 16.25 -5.186400000000001
240.0 -5.0 -2.5 16.25 -0.11839999999999999
240.0 -2.5 -2.5 16.25 -0.25239999999999996
240.0 0.0 -2.5 16.25 3.7821000000000002
240.0 2.5 -2.5 16.25 1.155
240.0 5.0 -2.5 16.25 2.2436000000000003
240.0 7.5 -2.5 16.25 -0.4179999999999997
240.0 10.0 -2.5 16.25 -4.3815
240.0 -5.0 0.0 16.25 0.39559999999999995
240.0 -2.5 0.0 16.25 0.9346000000000001
240.0 0.0 0.0 16.25 501.4834
240.0 2.5 0.0 16.25 298.486
240.0 5.0 0.0 16.25 13.1081
240.0 7.5 0.0 16.25 644.1701999999999
240.0 10.0 0.0 16.25 -6.313
240.0 -5.0 2.5 16.25 0.5186
240.0 -2.5 2.5 16.25 -0.2912000000000001
240.0 0.0 2.5 16.25 15.130899999999999
240.0 2.5 2.5 16.25 140.8399
240.0 5.0 2.5 16.25 3142.1887
240.0 7.5 2.5 16.25 2524082.2372
240.0 -5.0 5.0 16.25 -0.012300000000000033
240.0 -2.5 5.0 16.25 -1.8444999999999998
240.0 0.0 5.0 16.25 4228686.1408
240.0 2.5 5.0 16.25 1159816.2651
240.0 5.0 5.0 16.25 56570.3846
240.0 7.5 5.0 16.25 54187.5177
240.0 10.0 5.0 16.25 6877.1955
300.0 -5.0 -10.0 3.75 0.751
300.0 -2.5 -10.0 3.75 -2.976
300.0 0.0 -10.0 3.75 -10.6131
300.0 2.5 -10.0 3.75 -13.5303
300.0 5.0 -10.0 3.75 19701.5625
300.0 7.5 -10.0 3.75 111562162.1144
300.0 10.0 -10.0 3.75 10000000048.3008
300.0 -5.0 -7.5 3.75 2.1906
300.0 -2.5 -7.5 3.75 -5.866499999999999
300.0 0.0 -7.5 3.75 -27.7555
300.0 2.5 -7.5 3.75 1045.7825
300.0 5.0 -7.5 3.75 9999999727.1982
300.0 7.5 -7.5 3.75 157563366.0054
300.0 10.0 -7.5 3.75 9999999897.959702
300.0 -5.0 -5.0 3.75 5.3575
300.0 -2.5 -5.0 3.75 -2.7439999999999998
300.0 0.0 -5.0 3.75 19.7383
300.0 2.5 -5.0 3.75 8721169594.839401
300.0 5.0 -5.0 3.75 9999999959.8896
300.0 7.5 -5.0 3.75 10000000363.782701
300.0 10.0 -5.0 3.75 9999999881.3341
300.0 -5.0 -2.5 3.75 5.3081000000000005
300.0 -2.5 -2.5 3.75 165501.4781
300.0 0.0 -2.5 3.75 1107.3971999999999
300.0 2.5 -2.5 3.75 10000000438.7572
300.0 5.0 -2.5 3.75 9999999775.9708
300.0 7.5 -2.5 3.75 10000000412.746101
300.0 10.0 -2.5 3.75 9999999451.080301
300.0 -5.0 0.0 3.75 -3.0073
300.0 -2.5 0.0 3.75 77474.0343
300.0 0.0 0.0 3.75 9916.9586
300.0 2.5 0.0 3.75 10000000112.478401
300.0 5.0 0.0 3.75 9999999861.933601
300.0 7.5 0.0 3.75 9999999986.552801
300.0 10.0 0.0 3.75 9999999828.9669
300.0 -5.0 2.5 3.75 -7.372600000000002
300.0 -2.5 2.5 3.75 7481127.1107
300.0 0.0 2.5 3.75 977577.0149000001
300.0 2.5 2.5 3.75 10000000466.874601
300.0 5.0 2.5 3.75 10000000113.158901
300.0 7.5 2.5 3.75 9999999978.711401
300.0 10.0 2.5 3.75 9999999864.6998
300.0 -5.0 5.0 3.75 -38.5455
300.0 -2.5 5.0 3.75 27754814.5066
300.0 0.0 5.0 3.75 9999999949.9526
300.0 2.5 5.0 3.75 10000000041.010302
300.0 5.0 5.0 3.75 9999999774.234402
300.0 7.5 5.0 3.75 9999999958.879301
300.0 10.0 5.0 3.75 10000000109.5547
300.0 0.0 -2.5 5.0 4726.8753
300.0 0.0 0.0 5.0 17515.9499
300.0 5.0 -7.5 6.25 14293.022599999998
300.0 0.0 -5.0 6.25 63.5433
300.0 0.0 -2.5 6.25 3078.0711
300.0 0.0 0.0 6.25 591302.5421000001
300.0 0.0 2.5 6.25 64524979.7633
300.0 0.0 5.0 6.25 10000000004.3138
300.0 5.0 -7.5 7.5 12827.214100000001
300.0 2.5 -5.0 7.5 500.316
300.0 0.0 -2.5 7.5 1592.8584
300.0 2.5 -2.5 7.5 5172786.687
300.0 0.0 0.0 7.5 7432.7738
300.0 -2.5 2.5 7.5 9999999960.8099
300.0 0.0 2.5 7.5 9999999971.397001
300.0 -2.5 5.0 7.5 260268083.8398
300.0 0.0 5.0 7.5 9999999984.9181
300.0 2.5 -10.0 8.75 -5.7832
300.0 5.0 -7.5 8.75 6879.8090999999995
300.0 0.0 -5.0 8.75 7.4326
300.0 2.5 -5.0 8.75 -3.1187
300.0 5.0 -5.0 8.75 2450.2164000000002
300.0 0.0 -2.5 8.75 985.0115
300.0 2.5 -2.5 8.75 4196657999.8903003
300.0 0.0 0.0 8.75 483.96549999999996
300.0 2.5 0.0 8.75 1448901.5222
300.0 0.0 2.5 8.75 4023982579.1752
300.0 2.5 2.5 8.75 117562204.89860001
300.0 -2.5 5.0 8.75 47692.171700000006
300.0 0.0 5.0 8.75 1121605915.408
300.0 2.5 5.0 8.75 9999999987.3871
300.0 2.5 -10.0 10.0 -4.8376
300.0 2.5 -7.5 10.0 -7.3862000000000005
300.0 5.0 -7.5 10.0 104.4865
300.0 7.5 -7.5 10.0 415.38669999999996
300.0 0.0 -5.0 10.0 6.7324
300.0 2.5 -5.0 10.0 -5.6266
300.0 5.0 -5.0 10.0 251.01789999999997
300.0 0.0 -2.5 10.0 136.9041
300.0 2.5 -2.5 10.0 40017.1765
300.0 -5.0 0.0 10.0 4.321899999999999
300.0 -2.5 0.0 10.0 16.243299999999998
300.0 0.0 0.0 10.0 5.797500000000001
300.0 2.5 0.0 10.0 95963.91900000001
300.0 5.0 0.0 10.0 10000000029.629002
300.0 -2.5 2.5 10.0 2089.681
300.0 0.0 2.5 10.0 26964944.7505
300.0 2.5 2.5 10.0 10000000013.231201
300.0 5.0 2.5 10.0 3952651767.6163
300.0 -2.5 5.0 10.0 5398.5191
300.0 0.0 5.0 10.0 7095497.4179
300.0 2.5 5.0 10.0 10000000000.7042
300.0 2.5 -10.0 11.25 -4.2017999999999995
300.0 5.0 -10.0 11.25 -5.4628
300.0 7.5 -10.0 11.25 -9.1191
300.0 10.0 -10.0 11.25 953.7420000000001
300.0 2.5 -7.5 11.25 -4.7216000000000005
300.0 5.0 -7.5 11.25 -13.5135
300.0 0.0 -5.0 11.25 4.8402
300.0 2.5 -5.0 11.25 -2.6554
300.0 5.0 -5.0 11.25 95.78020000000001
300.0 -2.5 -2.5 11.25 6.941000000000001
300.0 0.0 -2.5 11.25 4.3963
300.0 2.5 -2.5 11.25 55.2874
300.0 -5.0 0.0 11.25 2.1389
300.0 -2.5 0.0 11.25 3.3587
300.0 0.0 0.0 11.25 1.4087000000000005
300.0 2.5 0.0 11.25 267300862.6402
300.0 -2.5 2.5 11.25 -7.289900000000001
300.0 0.0 2.5 11.25 57153.6583
300.0 2.5 2.5 11.25 116510608.3277
300.0 5.0 2.5 11.25 48028028.886199996
300.0 -2.5 5.0 11.25 -20.232799999999997
300.0 0.0 5.0 11.25 662657.7344
300.0 2.5 5.0 11.25 20579756.418899998
300.0 7.5 5.0 11.25 9999999988.777401
300.0 -5.0 -10.0 12.5 0.33680000000000004
300.0 2.5 -10.0 12.5 -3.2096999999999998
300.0 5.0 -10.0 12.5 -4.6571
300.0 7.5 -10.0 12.5 -5.9158
300.0 10.0 -10.0 12.5 -2.133
300.0 2.5 -7.5 12.5 -3.2939
300.0 5.0 -7.5 12.5 -8.9863
300.0 7.5 -7.5 12.5 25.897199999999998
300.0 -5.0 -5.0 12.5 2.317
300.0 -2.5 -5.0 12.5 3.1833
300.0 0.0 -5.0 12.5 2.9587
300.0 2.5 -5.0 12.5 -1.0851
300.0 5.0 -5.0 12.5 -5.8361
300.0 -5.0 -2.5 12.5 2.545
300.0 -2.5 -2.5 12.5 4.8993
300.0 0.0 -2.5 12.5 3.8139000000000003
300.0 2.5 -2.5 12.5 -0.8969000000000005
300.0 -5.0 0.0 12.5 -0.07349999999999998
300.0 -2.5 0.0 12.5 0.8531
300.0 0.0 0.0 12.5 5.520300000000001
300.0 2.5 0.0 12.5 3918.6766
300.0 5.0 0.0 12.5 10000000031.881
300.0 -2.5 2.5 12.5 -10.3295
300.0 0.0 2.5 12.5 36174.3019
300.0 2.5 2.5 12.5 751364869.0117
300.0 5.0 2.5 12.5 9999999986.2359
300.0 7.5 2.5 12.5 10000000003.901402
300.0 10.0 2.5 12.5 10000000138.759
300.0 -2.5 5.0 12.5 -18.413899999999998
300.0 0.0 5.0 12.5 3697.3044
300.0 2.5 5.0 12.5 10000000003.367601
300.0 5.0 5.0 12.5 962977254.8484
300.0 7.5 5.0 12.5 10000000002.189901
300.0 10.0 5.0 12.5 101081557.3643
300.0 0.0 -10.0 13.75 -0.9387
300.0 2.5 -10.0 13.75 -2.1152
300.0 5.0 -10.0 13.75 -3.1654
300.0 7.5 -10.0 13.75 -3.9062
300.0 10.0 -10.0 13.75 -3.2863
300.0 -5.0 -7.5 13.75 0.7813000000000001
300.0 -2.5 -7.5 13.75 0.3506
300.0 2.5 -7.5 13.75 -2.5001
300.0 5.0 -7.5 13.75 -5.111
300.0 7.5 -7.5 13.75 -7.5481
300.0 10.0 -7.5 13.75 43.927099999999996
300.0 -5.0 -5.0 13.75 1.6543999999999999
300.0 -2.5 -5.0 13.75 1.7923
300.0 0.0 -5.0 13.75 2.2279999999999998
300.0 2.5 -5.0 13.75 -0.43710000000000004
300.0 5.0 -5.0 13.75 -6.0397
300.0 -5.0 -2.5 13.75 1.7986
300.0 -2.5 -2.5 13.75 3.133
300.0 0.0 -2.5 13.75 2.6918
300.0 2.5 -2.5 13.75 1.6846
300.0 5.0 -2.5 13.75 11.7179
300.0 -5.0 0.0 13.75 -0.14339999999999997
300.0 -2.5 0.0 13.75 -0.4981999999999999
300.0 0.0 0.0 13.75 11.0968
300.0 2.5 0.0 13.75 41366.0668
300.0 5.0 0.0 13.75 9999999945.859001
300.0 7.5 0.0 13.75 12293706.7358
300.0 -2.5 2.5 13.75 -6.8964
300.0 0.0 2.5 13.75 5233.0101
300.0 2.5 2.5 13.75 113409703.6488
300.0 5.0 2.5 13.75 56453987.9061
300.0 7.5 2.5 13.75 195969761.35029998
300.0 10.0 2.5 13.75 1227748.2185000002
300.0 -2.5 5.0 13.75 -12.928500000000001
300.0 0.0 5.0 13.75 2781.183
300.0 2.5 5.0 13.75 10000000005.3027
300.0 5.0 5.0 13.75 1410437073.9350998
300.0 7.5 5.0 13.75 10000000008.332602
300.0 10.0 5.0 13.75 32437365.964700002
300.0 -5.0 -10.0 15.0 0.1303
300.0 -2.5 -10.0 15.0 0.1301
300.0 0.0 -10.0 15.0 -0.27199999999999996
300.0 2.5 -10.0 15.0 -1.2074
300.0 5.0 -10.0 15.0 -1.907
300.0 7.5 -10.0 15.0 -2.0848
300.0 10.0 -10.0 15.0 -1.3598000000000001
300.0 -5.0 -7.5 15.0 0.40249999999999997
300.0 -2.5 -7.5 15.0 0.3318
300.0 0.0 -7.5 15.0 -0.5882000000000001
300.0 2.5 -7.5 15.0 -1.0387
300.0 5.0 -7.5 15.0 -2.9935
300.0 7.5 -7.5 15.0 -5.3566
300.0 10.0 -7.5 15.0 -6.075699999999999
300.0 -5.0 -5.0 15.0 0.9924
300.0 -2.5 -5.0 15.0 1.3736
300.0 0.0 -5.0 15.0 1.2401
300.0 2.5 -5.0 15.0 1.3502
300.0 5.0 -5.0 15.0 -2.9215
300.0 7.5 -5.0 15.0 9.137699999999999
300.0 10.0 -5.0 15.0 64.4721
300.0 -5.0 -2.5 15.0 1.2168
300.0 -2.5 -2.5 15.0 2.0614999999999997
300.0 0.0 -2.5 15.0 2.4106
300.0 2.5 -2.5 15.0 2.3881000000000006
300.0 5.0 -2.5 15.0 1.6197
300.0 10.0 -2.5 15.0 125.5042
300.0 -5.0 0.0 15.0 -0.3194
300.0 -2.5 0.0 15.0 -0.4534
300.0 0.0 0.0 15.0 -0.34319999999999995
300.0 2.5 0.0 15.0 789.1826
300.0 5.0 0.0 15.0 4804.4601
300.0 7.5 0.0 15.0 5062341.980099999
300.0 -5.0 2.5 15.0 -3.1963
300.0 -2.5 2.5 15.0 -5.0535
300.0 0.0 2.5 15.0 2261.5055
300.0 2.5 2.5 15.0 9999999993.967201
300.0 5.0 2.5 15.0 190383836.7302
300.0 7.5 2.5 15.0 39843112.0523
300.0 10.0 2.5 15.0 28.4228
300.0 -2.5 5.0 15.0 -8.5206
300.0 0.0 5.0 15.0 332.9187
300.0 2.5 5.0 15.0 9999999984.8411
300.0 5.0 5.0 15.0 25207392.2394
300.0 7.5 5.0 15.0 10000000012.290201
300.0 10.0 5.0 15.0 4591556685.1869
300.0 -5.0 -10.0 16.25 0.0938
300.0 -2.5 -10.0 16.25 0.1272
300.0 0.0 -10.0 16.25 0.0018999999999999998
300.0 2.5 -10.0 16.25 -0.3153
300.0 5.0 -10.0 16.25 -0.6800999999999999
300.0 7.5 -10.0 16.25 -0.46759999999999996
300.0 10.0 -10.0 16.25 -0.3559
300.0 -5.0 -7.5 16.25 0.19849999999999998
300.0 -2.5 -7.5 16.25 0.12639999999999998
300.0 0.0 -7.5 16.25 -0.0115
300.0 2.5 -7.5 16.25 -0.7976
300.0 5.0 -7.5 16.25 -1.4003
300.0 7.5 -7.5 16.25 -2.0291
300.0 10.0 -7.5 16.25 -3.3299000000000003
300.0 -5.0 -5.0 16.25 0.5468000000000001
300.0 -2.5 -5.0 16.25 0.588
300.0 0.0 -5.0 16.25 1.0582
300.0 2.5 -5.0 16.25 1.4016
300.0 5.0 -5.0 16.25 0.34010000000000007
300.0 7.5 -5.0 16.25 -2.1888
300.0 10.0 -5.0 16.25 -3.9236999999999997
300.0 -5.0 -2.5 16.25 0.7515
300.0 -2.5 -2.5 16.25 1.3206
300.0 0.0 -2.5 16.25 2.2409999999999997
300.0 2.5 -2.5 16.25 2.8426
300.0 5.0 -2.5 16.25 2.5561000000000003
300.0 7.5 -2.5 16.25 5.273499999999999
300.0 10.0 -2.5 16.25 -1.8642999999999998
300.0 -5.0 0.0 16.25 -0.1179
300.0 -2.5 0.0 16.25 -0.4589
300.0 0.0 0.0 16.25 -0.2368999999999999
300.0 2.5 0.0 16.25 3.0484
300.0 5.0 0.0 16.25 35.58
300.0 7.5 0.0 16.25 8202.295100000001
300.0 -5.0 2.5 16.25 -2.4261999999999997
300.0 -2.5 2.5 16.25 -3.4886
300.0 0.0 2.5 16.25 184.6061
300.0 2.5 2.5 16.25 9999999917.7096
300.0 5.0 2.5 16.25 213.8571
300.0 7.5 2.5 16.25 44.962399999999995
300.0 10.0 2.5 16.25 -4.0168
300.0 -5.0 5.0 16.25 -3.1051
300.0 -2.5 5.0 16.25 -5.510800000000001
300.0 0.0 5.0 16.25 221.3585
300.0 2.5 5.0 16.25 413074223.74759996
300.0 5.0 5.0 16.25 223083.47780000002
300.0 7.5 5.0 16.25 10473243.7927
300.0 10.0 5.0 16.25 23454.7097
