0.0 5.0 -7.5 6.25 10000000310.119202
0.0 -2.5 5.0 6.25 648420575.4351
0.0 0.0 2.5 7.5 10000000233.581501
0.0 -2.5 5.0 7.5 20184684.532500003
0.0 0.0 5.0 7.5 9999999726.1723
0.0 2.5 -10.0 8.75 9999999990.9764
0.0 5.0 -10.0 8.75 9999999633.818
0.0 7.5 -10.0 8.75 1177198.2177
0.0 0.0 -7.5 8.75 10000000104.518702
0.0 5.0 -7.5 8.75 9999999916.837101
0.0 0.0 0.0 8.75 9999999556.5135
0.0 0.0 2.5 8.75 9999999826.9972
0.0 -2.5 5.0 8.75 839514157.8118
0.0 0.0 5.0 8.75 8704707.499
0.0 2.5 5.0 8.75 9999999976.228601
0.0 5.0 5.0 8.75 10000000162.4633
0.0 5.0 -10.0 10.0 10000000060.1478
0.0 7.5 -10.0 10.0 4410224214.5376
0.0 0.0 -7.5 10.0 9999999863.5095
0.0 2.5 -7.5 10.0 9999999976.0447
0.0 5.0 -7.5 10.0 9702838495.268501
0.0 -2.5 -5.0 10.0 10000000154.4806
0.0 2.5 -5.0 10.0 4699126292.240199
0.0 -2.5 -2.5 10.0 9999999953.9881
0.0 0.0 -2.5 10.0 9999999918.7003
0.0 -2.5 0.0 10.0 10000000184.0084
0.0 0.0 0.0 10.0 233761056.4298
0.0 2.5 0.0 10.0 9999999871.8813
0.0 0.0 2.5 10.0 10000000185.0972
0.0 2.5 2.5 10.0 10000000084.2513
0.0 7.5 2.5 10.0 9999999962.645401
0.0 -2.5 5.0 10.0 4669732.2626
0.0 0.0 5.0 10.0 499641260.8602
0.0 2.5 5.0 10.0 1575147500.9982
0.0 5.0 5.0 10.0 9999999782.563301
0.0 2.5 -10.0 11.25 69825491.4468
0.0 5.0 -10.0 11.25 53878.710999999996
0.0 7.5 -10.0 11.25 48795290.8412
0.0 10.0 -10.0 11.25 3346.6283999999996
0.0 0.0 -7.5 11.25 314196181.9685
0.0 2.5 -7.5 11.25 9999999799.623901
0.0 5.0 -7.5 11.25 9999999970.3794
0.0 7.5 -7.5 11.25 644538682.0209
0.0 -2.5 -5.0 11.25 1272655285.9657
0.0 0.0 -5.0 11.25 3681064497.3814
0.0 2.5 -5.0 11.25 9999999928.5716
0.0 5.0 -5.0 11.25 9999999930.582901
0.0 -5.0 -2.5 11.25 24457907.7579
0.0 -2.5 -2.5 11.25 3506018168.0396
0.0 0.0 -2.5 11.25 9999999874.0755
0.0 7.5 -2.5 11.25 10000000047.3554
0.0 -2.5 0.0 11.25 10000000354.915
0.0 0.0 0.0 11.25 10000000036.004301
0.0 2.5 0.0 11.25 9999999989.1046
0.0 -2.5 2.5 11.25 521086567.39449996
0.0 0.0 2.5 11.25 10000000020.566801
0.0 2.5 2.5 11.25 10000000079.4596
0.0 5.0 2.5 11.25 9999999978.1613
0.0 7.5 2.5 11.25 9999999801.0289
0.0 -5.0 5.0 11.25 18024.835499999997
0.0 -2.5 5.0 11.25 2712949217.131
0.0 0.0 5.0 11.25 600396058.2832
0.0 2.5 5.0 11.25 7792866773.8995
0.0 5.0 5.0 11.25 9999999866.258001
0.0 7.5 5.0 11.25 1639962585.7644
0.0 0.0 -10.0 12.5 25703.0655
0.0 2.5 -10.0 12.5 803759.2414
0.0 5.0 -10.0 12.5 474145.9196
0.0 7.5 -10.0 12.5 2672.6401
0.0 10.0 -10.0 12.5 17.4879
0.0 -2.5 -7.5 12.5 9062.607199999999
0.0 0.0 -7.5 12.5 3714.6851
0.0 2.5 -7.5 12.5 22209604.7458
0.0 5.0 -7.5 12.5 9999999942.161201
0.0 7.5 -7.5 12.5 8996227.3442
0.0 10.0 -7.5 12.5 72634489.98719999
0.0 -5.0 -5.0 12.5 11800732.7227
0.0 -2.5 -5.0 12.5 28516014.2973
0.0 0.0 -5.0 12.5 5424065355.0848
0.0 2.5 -5.0 12.5 9999999932.673801
0.0 5.0 -5.0 12.5 5239225160.8997
0.0 7.5 -5.0 12.5 2096546352.9076998
0.0 10.0 -5.0 12.5 597141905.2271
0.0 -5.0 -2.5 12.5 4066733193.9633
0.0 -2.5 -2.5 12.5 10000000026.3645
0.0 0.0 -2.5 12.5 9999999864.2338
0.0 2.5 -2.5 12.5 9999999916.4538
0.0 5.0 -2.5 12.5 9999999947.6828
0.0 7.5 -2.5 12.5 4040727806.8961
0.0 -5.0 0.0 12.5 6516332684.0553
0.0 -2.5 0.0 12.5 9999999998.676102
0.0 0.0 0.0 12.5 10000000037.419102
0.0 2.5 0.0 12.5 9999999999.966002
0.0 5.0 0.0 12.5 9999999746.0041
0.0 -2.5 2.5 12.5 993705482.5691999
0.0 0.0 2.5 12.5 10000000019.142601
0.0 2.5 2.5 12.5 10000000153.871302
0.0 5.0 2.5 12.5 5709880106.638301
0.0 7.5 2.5 12.5 9999999967.196201
0.0 10.0 2.5 12.5 3979669627.8096
0.0 -5.0 5.0 12.5 150020.4892
0.0 -2.5 5.0 12.5 403786981.4669
0.0 0.0 5.0 12.5 2525470968.8778
0.0 2.5 5.0 12.5 260968694.7076
0.0 5.0 5.0 12.5 1381959529.4896
0.0 7.5 5.0 12.5 9999999762.888802
0.0 10.0 5.0 12.5 325682455.51019996
0.0 0.0 -10.0 13.75 -6.5449
0.0 2.5 -10.0 13.75 6098.3222
0.0 5.0 -10.0 13.75 115292624.643
0.0 7.5 -10.0 13.75 130.8007
0.0 10.0 -10.0 13.75 3.0975
0.0 -2.5 -7.5 13.75 -36.2574
0.0 0.0 -7.5 13.75 -19.4895
0.0 2.5 -7.5 13.75 4071855.5152000003
0.0 5.0 -7.5 13.75 9999999968.144201
0.0 7.5 -7.5 13.75 139035748.2096
0.0 10.0 -7.5 13.75 10500.9553
0.0 -5.0 -5.0 13.75 203653.1255
0.0 -2.5 -5.0 13.75 5810.043
0.0 0.0 -5.0 13.75 74633491.1337
0.0 2.5 -5.0 13.75 256709952.1109
0.0 5.0 -5.0 13.75 63395447.8155
0.0 7.5 -5.0 13.75 9999999987.597502
0.0 10.0 -5.0 13.75 9999999937.222
0.0 -5.0 -2.5 13.75 445152.163
0.0 -2.5 -2.5 13.75 270866168.6049
0.0 0.0 -2.5 13.75 9999999892.8824
0.0 2.5 -2.5 13.75 970542703.3601
0.0 5.0 -2.5 13.75 9999999908.994501
0.0 7.5 -2.5 13.75 10000000059.802
0.0 -5.0 0.0 13.75 6773678.8119
0.0 -2.5 0.0 13.75 7035857372.069699
0.0 0.0 0.0 13.75 9999999787.864601
0.0 2.5 0.0 13.75 9999999896.6004
0.0 5.0 0.0 13.75 10000000184.7705
0.0 7.5 0.0 13.75 9999999953.657902
0.0 -5.0 2.5 13.75 40434.266899999995
0.0 -2.5 2.5 13.75 2227068772.2363
0.0 0.0 2.5 13.75 72410034.41430001
0.0 2.5 2.5 13.75 9999999943.6194
0.0 5.0 2.5 13.75 1074000068.1146
0.0 7.5 2.5 13.75 38467461.283
0.0 10.0 2.5 13.75 2392847427.1885
0.0 -5.0 5.0 13.75 117.6897
0.0 -2.5 5.0 13.75 311199455.0564
0.0 0.0 5.0 13.75 449905.42079999996
0.0 2.5 5.0 13.75 2301732.2692
0.0 5.0 5.0 13.75 9999999868.4922
0.0 7.5 5.0 13.75 10000000022.572102
0.0 10.0 5.0 13.75 153644452.19779998
0.0 -5.0 -10.0 15.0 -1.7204000000000002
0.0 -2.5 -10.0 15.0 -9.0945
0.0 0.0 -10.0 15.0 -16.43
0.0 2.5 -10.0 15.0 -1.9802999999999997
0.0 5.0 -10.0 15.0 34497.8976
0.0 7.5 -10.0 15.0 59.57
0.0 10.0 -10.0 15.0 6.0295000000000005
0.0 -5.0 -7.5 15.0 -10.8768
0.0 -2.5 -7.5 15.0 -30.1245
0.0 0.0 -7.5 15.0 -41.8739
0.0 2.5 -7.5 15.0 337.2837
0.0 5.0 -7.5 15.0 51818483.8934
0.0 7.5 -7.5 15.0 150690.3988
0.0 10.0 -7.5 15.0 29.1462
0.0 -5.0 -5.0 15.0 10746.8525
0.0 -2.5 -5.0 15.0 210.6123
0.0 0.0 -5.0 15.0 9999999958.7049
0.0 2.5 -5.0 15.0 831160.1281000001
0.0 5.0 -5.0 15.0 94137937.1778
0.0 7.5 -5.0 15.0 12074376.248499999
0.0 10.0 -5.0 15.0 14015090.208099999
0.0 -5.0 -2.5 15.0 76750412.5159
0.0 -2.5 -2.5 15.0 9999999996.600801
0.0 0.0 -2.5 15.0 165987298.19460002
0.0 2.5 -2.5 15.0 680769021.2067
0.0 5.0 -2.5 15.0 6919856440.5714
0.0 7.5 -2.5 15.0 1749209848.7564
0.0 10.0 -2.5 15.0 1254482802.7046
0.0 -5.0 0.0 15.0 24414.8461
0.0 -2.5 0.0 15.0 10000000000.4747
0.0 0.0 0.0 15.0 171368120.1837
0.0 2.5 0.0 15.0 5647652775.084701
0.0 5.0 0.0 15.0 190666602.85369998
0.0 7.5 0.0 15.0 10000000010.5986
0.0 10.0 0.0 15.0 2636755160.2206
0.0 -5.0 2.5 15.0 193.18869999999998
0.0 -2.5 2.5 15.0 10000000015.1301
0.0 0.0 2.5 15.0 9999999957.1408
0.0 2.5 2.5 15.0 3820403894.2148
0.0 5.0 2.5 15.0 2760014154.0622
0.0 7.5 2.5 15.0 9999999923.7896
0.0 10.0 2.5 15.0 9999999969.398901
0.0 -5.0 5.0 15.0 4.3316
0.0 -2.5 5.0 15.0 126482.0585
0.0 0.0 5.0 15.0 14071609.6455
0.0 2.5 5.0 15.0 9999999884.1299
0.0 5.0 5.0 15.0 9999999988.9466
0.0 7.5 5.0 15.0 2224085994.1844997
0.0 10.0 5.0 15.0 230241669.0579
0.0 -5.0 -10.0 16.25 -2.7534
0.0 -2.5 -10.0 16.25 -5.8079
0.0 0.0 -10.0 16.25 -9.146799999999999
0.0 2.5 -10.0 16.25 -8.6863
0.0 5.0 -10.0 16.25 12.2922
0.0 7.5 -10.0 16.25 0.3628999999999998
0.0 10.0 -10.0 16.25 6.972100000000001
0.0 -5.0 -7.5 16.25 -10.9412
0.0 -2.5 -7.5 16.25 -21.9862
0.0 0.0 -7.5 16.25 -27.0345
0.0 2.5 -7.5 16.25 -18.6433
0.0 5.0 -7.5 16.25 57.67960000000001
0.0 7.5 -7.5 16.25 -10.9769
0.0 10.0 -7.5 16.25 12.5899
0.0 -5.0 -5.0 16.25 -18.664199999999997
0.0 -2.5 -5.0 16.25 260.11760000000004
0.0 0.0 -5.0 16.25 848.3165
0.0 2.5 -5.0 16.25 410548.8299
0.0 5.0 -5.0 16.25 358073.9953
0.0 7.5 -5.0 16.25 145751356.9089
0.0 10.0 -5.0 16.25 542.1641999999999
0.0 -5.0 -2.5 16.25 14249.2461
0.0 -2.5 -2.5 16.25 409357281.4317
0.0 0.0 -2.5 16.25 108500076.87920001
0.0 2.5 -2.5 16.25 1049194369.9986
0.0 5.0 -2.5 16.25 242583812.45009997
0.0 7.5 -2.5 16.25 13177722.080500001
0.0 10.0 -2.5 16.25 75995484.4129
0.0 -5.0 0.0 16.25 264.1961
0.0 -2.5 0.0 16.25 10000000026.9111
0.0 0.0 0.0 16.25 5924815771.9283
0.0 2.5 0.0 16.25 277474534.41690004
0.0 5.0 0.0 16.25 9999999922.6937
0.0 7.5 0.0 16.25 10000000112.039701
0.0 10.0 0.0 16.25 1268574858.049
0.0 -5.0 2.5 16.25 -1.8753
0.0 -2.5 2.5 16.25 20631916.1188
0.0 0.0 2.5 16.25 10000000050.4894
0.0 2.5 2.5 16.25 10000000038.9766
0.0 5.0 2.5 16.25 9999999927.8927
0.0 7.5 2.5 16.25 4819285817.0296
0.0 10.0 2.5 16.25 865202204.1583999
0.0 -5.0 5.0 16.25 -3.6585
0.0 -2.5 5.0 16.25 916.6313
0.0 0.0 5.0 16.25 502429884.8032
0.0 2.5 5.0 16.25 2915253.8022000003
0.0 5.0 5.0 16.25 853206419.8235999
0.0 7.5 5.0 16.25 9999999968.597
0.0 10.0 5.0 16.25 2989385.7307
60.0 -5.0 -10.0 3.75 10000000398.096401
60.0 -2.5 -10.0 3.75 9999999342.378302
60.0 0.0 -10.0 3.75 9999999781.5349
60.0 2.5 -10.0 3.75 10000000061.4645
60.0 5.0 -10.0 3.75 6302078333.8352995
60.0 7.5 -10.0 3.75 1007431.3698000001
60.0 10.0 -10.0 3.75 937.6372
60.0 -5.0 -7.5 3.75 214631476.07340002
60.0 -2.5 -7.5 3.75 10000000169.6917
60.0 0.0 -7.5 3.75 10000000319.991201
60.0 2.5 -7.5 3.75 10000000103.8955
60.0 5.0 -7.5 3.75 3634013500.7901998
60.0 7.5 -7.5 3.75 9999999916.4092
60.0 10.0 -7.5 3.75 9999999930.9489
60.0 -5.0 -5.0 3.75 7952607028.947
60.0 -2.5 -5.0 3.75 10000000042.804901
60.0 0.0 -5.0 3.75 9999999985.384401
60.0 2.5 -5.0 3.75 9999999967.970901
60.0 5.0 -5.0 3.75 9999999929.6548
60.0 7.5 -5.0 3.75 9999999961.3715
60.0 10.0 -5.0 3.75 3408754755.4192
60.0 -5.0 -2.5 3.75 10000000097.8859
60.0 -2.5 -2.5 3.75 10000000240.4237
60.0 0.0 -2.5 3.75 10000000002.554401
60.0 2.5 -2.5 3.75 10000000047.5736
60.0 5.0 -2.5 3.75 10000000030.594702
60.0 7.5 -2.5 3.75 10000000043.436602
60.0 10.0 -2.5 3.75 722712198.4659
60.0 -5.0 0.0 3.75 10000000020.6243
60.0 -2.5 0.0 3.75 2544781162.4621997
60.0 0.0 0.0 3.75 9999999846.4738
60.0 2.5 0.0 3.75 9999999817.295101
60.0 5.0 0.0 3.75 10000000090.902
60.0 7.5 0.0 3.75 9999999968.875502
60.0 10.0 0.0 3.75 1572967.0219
60.0 -5.0 2.5 3.75 9999999971.3225
60.0 -2.5 2.5 3.75 140752870.1862
60.0 0.0 2.5 3.75 9999999922.022701
60.0 2.5 2.5 3.75 10000000151.4018
60.0 5.0 2.5 3.75 700814244.5084001
60.0 7.5 2.5 3.75 10000000034.0828
60.0 10.0 2.5 3.75 9999999947.469501
60.0 -5.0 5.0 3.75 1199490704.4266
60.0 -2.5 5.0 3.75 2743865669.6579
60.0 0.0 5.0 3.75 9999999921.0258
60.0 2.5 5.0 3.75 283789705.6577
60.0 5.0 5.0 3.75 486415152.3246
60.0 7.5 5.0 3.75 9999999961.6551
60.0 10.0 5.0 3.75 904959.515
60.0 2.5 -2.5 5.0 9999999916.9719
60.0 0.0 0.0 5.0 10000000004.1523
60.0 0.0 2.5 5.0 9999999873.180101
60.0 2.5 -2.5 6.25 10000000375.8838
60.0 0.0 0.0 6.25 9999999897.818201
60.0 0.0 2.5 6.25 9999999702.6966
60.0 0.0 5.0 6.25 4605308579.6962
60.0 2.5 -5.0 7.5 9999999936.4776
60.0 2.5 -2.5 7.5 9999999867.246801
60.0 5.0 -2.5 7.5 10000000041.979
60.0 -2.5 0.0 7.5 9999999925.018702
60.0 0.0 0.0 7.5 9999999927.0046
60.0 2.5 0.0 7.5 9999999986.957901
60.0 0.0 2.5 7.5 10000000005.534801
60.0 0.0 5.0 7.5 10000000006.6408
60.0 2.5 -7.5 8.75 10000000003.6539
60.0 2.5 -5.0 8.75 9999999814.966501
60.0 5.0 -5.0 8.75 9999999953.294601
60.0 0.0 -2.5 8.75 9999999897.403301
60.0 2.5 -2.5 8.75 9999999746.8356
60.0 -2.5 0.0 8.75 9999999915.4706
60.0 0.0 0.0 8.75 9999999913.123001
60.0 2.5 0.0 8.75 10000000040.954102
60.0 -2.5 2.5 8.75 10000000202.219501
60.0 0.0 2.5 8.75 9999999955.307901
60.0 0.0 5.0 8.75 9999999681.294
60.0 5.0 -10.0 10.0 10000000205.251902
60.0 2.5 -7.5 10.0 2399016825.2742
60.0 5.0 -7.5 10.0 525585642.43939996
60.0 7.5 -7.5 10.0 96616445.8259
60.0 0.0 -5.0 10.0 10000000092.7541
60.0 2.5 -5.0 10.0 10000000025.302
60.0 5.0 -5.0 10.0 1647316168.8028002
60.0 -2.5 -2.5 10.0 10000000025.8094
60.0 0.0 -2.5 10.0 10000000026.0606
60.0 2.5 -2.5 10.0 10000000072.6984
60.0 5.0 -2.5 10.0 10000000014.186901
60.0 7.5 -2.5 10.0 10000000001.9629
60.0 -2.5 0.0 10.0 9999999819.869902
60.0 0.0 0.0 10.0 9999999922.9873
60.0 2.5 0.0 10.0 9999999804.9908
60.0 -2.5 2.5 10.0 9999999960.6588
60.0 0.0 2.5 10.0 10000000033.391901
60.0 2.5 2.5 10.0 9999999810.908401
60.0 -2.5 5.0 10.0 1352351771.8101
60.0 0.0 5.0 10.0 74354648.8655
60.0 2.5 5.0 10.0 9999999894.3596
60.0 2.5 -10.0 11.25 137568669.456
60.0 5.0 -10.0 11.25 1537303699.0521
60.0 10.0 -10.0 11.25 -24.1835
60.0 0.0 -7.5 11.25 10000000050.1319
60.0 2.5 -7.5 11.25 294705786.444
60.0 5.0 -7.5 11.25 9999999771.313702
60.0 7.5 -7.5 11.25 2119868474.7807999
60.0 0.0 -5.0 11.25 9999999960.2563
60.0 2.5 -5.0 11.25 10000000082.315
60.0 5.0 -5.0 11.25 9999999901.4225
60.0 -2.5 -2.5 11.25 4401642940.2663
60.0 0.0 -2.5 11.25 9999999661.622501
60.0 2.5 -2.5 11.25 10000000012.889801
60.0 5.0 -2.5 11.25 9999999931.3129
60.0 7.5 -2.5 11.25 9999999903.8838
60.0 -5.0 0.0 11.25 615245092.8196
60.0 -2.5 0.0 11.25 2058893550.8876
60.0 0.0 0.0 11.25 283371471.0834
60.0 2.5 0.0 11.25 9999999777.9463
60.0 5.0 0.0 11.25 9999999865.1931
60.0 -5.0 2.5 11.25 1985895456.1384
60.0 -2.5 2.5 11.25 9999999919.849401
60.0 0.0 2.5 11.25 9162371917.147799
60.0 2.5 2.5 11.25 9999999894.3605
60.0 5.0 2.5 11.25 851987648.5244
60.0 -2.5 5.0 11.25 301508852.4732
60.0 0.0 5.0 11.25 3865867599.861
60.0 2.5 5.0 11.25 10000000021.704
60.0 5.0 5.0 11.25 10000000191.790201
60.0 7.5 5.0 11.25 9999999953.4536
60.0 -2.5 -10.0 12.5 830053.4562
60.0 0.0 -10.0 12.5 124741874.8977
60.0 2.5 -10.0 12.5 879742.6069
60.0 5.0 -10.0 12.5 45120.125199999995
60.0 7.5 -10.0 12.5 850.0995
60.0 10.0 -10.0 12.5 -21.625899999999998
60.0 0.0 -7.5 12.5 10000000101.1347
60.0 2.5 -7.5 12.5 10000000091.328201
60.0 5.0 -7.5 12.5 2516634.7095
60.0 7.5 -7.5 12.5 58823.9565
60.0 10.0 -7.5 12.5 33.1326
60.0 -2.5 -5.0 12.5 254737.2062
60.0 0.0 -5.0 12.5 10000000033.158401
60.0 2.5 -5.0 12.5 9999999971.5007
60.0 5.0 -5.0 12.5 322141249.30300003
60.0 7.5 -5.0 12.5 38360207.8974
60.0 -5.0 -2.5 12.5 84.62100000000001
60.0 -2.5 -2.5 12.5 187276.7967
60.0 0.0 -2.5 12.5 9107122902.2036
60.0 2.5 -2.5 12.5 9999999869.3887
60.0 5.0 -2.5 12.5 9999999983.397001
60.0 7.5 -2.5 12.5 465022601.45500004
60.0 -5.0 0.0 12.5 2414553.9685
60.0 -2.5 0.0 12.5 6945221.4893000005
60.0 0.0 0.0 12.5 9999999839.593801
60.0 2.5 0.0 12.5 9999999825.0564
60.0 5.0 0.0 12.5 9999999685.145401
60.0 -5.0 2.5 12.5 1680204.1602
60.0 -2.5 2.5 12.5 186209798.7557
60.0 0.0 2.5 12.5 3169055974.3193
60.0 2.5 2.5 12.5 10000000178.086802
60.0 5.0 2.5 12.5 9999999976.3428
60.0 7.5 2.5 12.5 2688490718.8046002
60.0 -5.0 5.0 12.5 32957188.2867
60.0 -2.5 5.0 12.5 3541579679.4724
60.0 0.0 5.0 12.5 10000000123.674002
60.0 2.5 5.0 12.5 9999999960.830301
60.0 5.0 5.0 12.5 10000000043.3927
60.0 7.5 5.0 12.5 9999999926.612701
60.0 10.0 5.0 12.5 10000000053.892101
60.0 -2.5 -10.0 13.75 68.93090000000001
60.0 0.0 -10.0 13.75 1943320484.8653
60.0 2.5 -10.0 13.75 1228094.3287000002
60.0 5.0 -10.0 13.75 5.558199999999999
60.0 7.5 -10.0 13.75 -26.2089
60.0 10.0 -10.0 13.75 -15.1662
60.0 0.0 -7.5 13.75 10000000217.970201
60.0 2.5 -7.5 13.75 30206528.7626
60.0 5.0 -7.5 13.75 8740761.2938
60.0 7.5 -7.5 13.75 48.1149
60.0 10.0 -7.5 13.75 -12.2788
60.0 -2.5 -5.0 13.75 4633.5053
60.0 0.0 -5.0 13.75 9999999922.085402
60.0 2.5 -5.0 13.75 9999999975.0109
60.0 5.0 -5.0 13.75 9999999974.721102
60.0 7.5 -5.0 13.75 9999999971.2047
60.0 10.0 -5.0 13.75 316.0725
60.0 -5.0 -2.5 13.75 -13.355899999999998
60.0 -2.5 -2.5 13.75 266.6196
60.0 0.0 -2.5 13.75 5581935527.455
60.0 2.5 -2.5 13.75 357621513.3338
60.0 5.0 -2.5 13.75 9999999876.4011
60.0 7.5 -2.5 13.75 1290926874.2770998
60.0 -5.0 0.0 13.75 262.1074
60.0 -2.5 0.0 13.75 165753.7096
60.0 0.0 0.0 13.75 9999999907.204601
60.0 2.5 0.0 13.75 9999999833.3908
60.0 5.0 0.0 13.75 10000000088.9185
60.0 -5.0 2.5 13.75 2359.2966
60.0 -2.5 2.5 13.75 39167634.9134
60.0 0.0 2.5 13.75 1256031653.2961
60.0 2.5 2.5 13.75 287572235.1221
60.0 5.0 2.5 13.75 9999999993.380402
60.0 7.5 2.5 13.75 9999999898.7844
60.0 -5.0 5.0 13.75 6066.9576
60.0 -2.5 5.0 13.75 266737758.81280002
60.0 0.0 5.0 13.75 9999999907.4291
60.0 2.5 5.0 13.75 4491876694.4606
60.0 5.0 5.0 13.75 9999999930.996601
60.0 7.5 5.0 13.75 600829182.3194
60.0 10.0 5.0 13.75 3599305244.2131
60.0 -5.0 -10.0 15.0 15.284500000000001
60.0 -2.5 -10.0 15.0 26.686500000000002
60.0 0.0 -10.0 15.0 347974.1569
60.0 2.5 -10.0 15.0 286.3385
60.0 5.0 -10.0 15.0 9.6538
60.0 7.5 -10.0 15.0 -13.480999999999998
60.0 10.0 -10.0 15.0 -8.8409
60.0 -5.0 -7.5 15.0 13.8171
60.0 -2.5 -7.5 15.0 91.294
60.0 0.0 -7.5 15.0 992409.8607
60.0 2.5 -7.5 15.0 9999999970.509
60.0 5.0 -7.5 15.0 1249538.6763
60.0 7.5 -7.5 15.0 83.6934
60.0 10.0 -7.5 15.0 -5.1216
60.0 -5.0 -5.0 15.0 0.9219999999999997
60.0 -2.5 -5.0 15.0 296.1642
60.0 0.0 -5.0 15.0 129105293.6232
60.0 2.5 -5.0 15.0 252959571.688
60.0 5.0 -5.0 15.0 9999999899.6968
60.0 7.5 -5.0 15.0 3113924.5423
60.0 10.0 -5.0 15.0 5.735299999999999
60.0 -5.0 -2.5 15.0 -14.7044
60.0 -2.5 -2.5 15.0 -8.679499999999999
60.0 0.0 -2.5 15.0 1009955639.3012999
60.0 2.5 -2.5 15.0 2958958082.5568995
60.0 5.0 -2.5 15.0 9999999855.390202
60.0 7.5 -2.5 15.0 209123146.97840002
60.0 10.0 -2.5 15.0 124334.43359999999
60.0 -5.0 0.0 15.0 -15.9011
60.0 -2.5 0.0 15.0 3564.2623
60.0 0.0 0.0 15.0 3289515642.4168
60.0 2.5 0.0 15.0 9999999914.2194
60.0 5.0 0.0 15.0 1169318231.2567
60.0 7.5 0.0 15.0 7772503837.0
60.0 -5.0 2.5 15.0 405.6347
60.0 -2.5 2.5 15.0 664697410.9565
60.0 0.0 2.5 15.0 733861851.6315
60.0 2.5 2.5 15.0 1036086860.6644
60.0 5.0 2.5 15.0 17734695.5857
60.0 7.5 2.5 15.0 9999999934.94
60.0 10.0 2.5 15.0 9999999995.172901
60.0 -5.0 5.0 15.0 2676.1878
60.0 -2.5 5.0 15.0 7686480.7227
60.0 0.0 5.0 15.0 136595969.67290002
60.0 2.5 5.0 15.0 9999999954.229502
60.0 5.0 5.0 15.0 9999999904.453901
60.0 7.5 5.0 15.0 9999999966.520802
60.0 10.0 5.0 15.0 9999999945.106901
60.0 -5.0 -10.0 16.25 10.5004
60.0 -2.5 -10.0 16.25 15.823
60.0 0.0 -10.0 16.25 53.4195
60.0 2.5 -10.0 16.25 326.869
60.0 5.0 -10.0 16.25 262.1851
60.0 7.5 -10.0 16.25 -4.8105
60.0 10.0 -10.0 16.25 -4.5977
60.0 -5.0 -7.5 16.25 10.2653
60.0 -2.5 -7.5 16.25 17.7987
60.0 0.0 -7.5 16.25 249.0882
60.0 2.5 -7.5 16.25 424352.12230000005
60.0 5.0 -7.5 16.25 456625776.2925
60.0 7.5 -7.5 16.25 2125.6385999999998
60.0 10.0 -7.5 16.25 -1.5987
60.0 -5.0 -5.0 16.25 1.6251000000000002
60.0 -2.5 -5.0 16.25 3.7794
60.0 0.0 -5.0 16.25 14120.356300000001
60.0 2.5 -5.0 16.25 128517377.1493
60.0 5.0 -5.0 16.25 2865076278.0017
60.0 7.5 -5.0 16.25 10000000067.738901
60.0 10.0 -5.0 16.25 3.3705000000000007
60.0 -5.0 -2.5 16.25 -10.588
60.0 -2.5 -2.5 16.25 -20.2863
60.0 0.0 -2.5 16.25 42065.7802
60.0 2.5 -2.5 16.25 120164745.95539999
60.0 5.0 -2.5 16.25 10000000053.2558
60.0 7.5 -2.5 16.25 24275373.783099998
60.0 10.0 -2.5 16.25 78525.23939999999
60.0 -5.0 0.0 16.25 -19.653
60.0 -2.5 0.0 16.25 -29.938800000000004
60.0 0.0 0.0 16.25 6960059.6995
60.0 2.5 0.0 16.25 90815150.5388
60.0 5.0 0.0 16.25 206993786.7191
60.0 7.5 0.0 16.25 9999999977.578701
60.0 10.0 0.0 16.25 39992130.4696
60.0 -5.0 2.5 16.25 -16.3799
60.0 -2.5 2.5 16.25 5820.8823
60.0 0.0 2.5 16.25 11651310.8885
60.0 2.5 2.5 16.25 9999999978.117
60.0 5.0 2.5 16.25 1687314824.8414
60.0 7.5 2.5 16.25 880483944.5993
60.0 10.0 2.5 16.25 51746583.2873
60.0 -5.0 5.0 16.25 0.8689
60.0 -2.5 5.0 16.25 6644.8664
60.0 0.0 5.0 16.25 2432085.9252
60.0 2.5 5.0 16.25 2184443090.978
60.0 5.0 5.0 16.25 9999999942.420101
60.0 7.5 5.0 16.25 603959474.0429
60.0 10.0 5.0 16.25 4402811904.7624
120.0 -5.0 -10.0 3.75 35212498.66
120.0 -2.5 -10.0 3.75 10000000354.353601
120.0 0.0 -10.0 3.75 10000000116.4235
120.0 2.5 -10.0 3.75 10000000099.1879
120.0 5.0 -10.0 3.75 10000000243.059
120.0 7.5 -10.0 3.75 155347995.2195
120.0 10.0 -10.0 3.75 1592643863.8086
120.0 -5.0 -7.5 3.75 10000000011.0534
120.0 -2.5 -7.5 3.75 2580286663.111
120.0 0.0 -7.5 3.75 9999999950.646502
120.0 2.5 -7.5 3.75 10000000291.6247
120.0 5.0 -7.5 3.75 10000000145.839401
120.0 7.5 -7.5 3.75 9999999939.3906
120.0 10.0 -7.5 3.75 9999999961.533201
120.0 -5.0 -5.0 3.75 9999999941.171902
120.0 -2.5 -5.0 3.75 9999999922.9995
120.0 0.0 -5.0 3.75 9999999906.911001
120.0 2.5 -5.0 3.75 10000000264.2977
120.0 5.0 -5.0 3.75 9999999849.772902
120.0 7.5 -5.0 3.75 6640158680.3271
120.0 10.0 -5.0 3.75 232555795.1859
120.0 -5.0 -2.5 3.75 43989424.5412
120.0 -2.5 -2.5 3.75 9999999850.523201
120.0 0.0 -2.5 3.75 10000000112.526402
120.0 2.5 -2.5 3.75 9999999827.0286
120.0 5.0 -2.5 3.75 10000000311.997702
120.0 7.5 -2.5 3.75 10000000095.553701
120.0 10.0 -2.5 3.75 10000000022.6587
120.0 -5.0 0.0 3.75 8011250954.8518
120.0 -2.5 0.0 3.75 9999999810.1625
120.0 0.0 0.0 3.75 9999999969.5662
120.0 2.5 0.0 3.75 9999999940.817202
120.0 5.0 0.0 3.75 8252639114.264999
120.0 7.5 0.0 3.75 3983620502.7390003
120.0 10.0 0.0 3.75 10000000023.277102
120.0 -5.0 2.5 3.75 5631504665.431701
120.0 -2.5 2.5 3.75 9999999874.1182
120.0 0.0 2.5 3.75 122658058.119
120.0 2.5 2.5 3.75 9553208156.1867
120.0 5.0 2.5 3.75 2761266951.7426
120.0 7.5 2.5 3.75 10000000021.3967
120.0 10.0 2.5 3.75 82171206.44109999
120.0 -5.0 5.0 3.75 771761328.1026001
120.0 -2.5 5.0 3.75 9999999953.6523
120.0 0.0 5.0 3.75 2540722.5957
120.0 2.5 5.0 3.75 4358255328.6869
120.0 5.0 5.0 3.75 10000000393.3022
120.0 7.5 5.0 3.75 64251649.375
120.0 10.0 5.0 3.75 9999999999.9456
120.0 -2.5 5.0 5.0 790743895.2432
120.0 -2.5 2.5 6.25 9999999791.259201
120.0 -2.5 5.0 6.25 9999999879.725801
120.0 2.5 -7.5 7.5 9999999622.6462
120.0 0.0 -5.0 7.5 9999999986.8754
120.0 -2.5 0.0 7.5 10000000060.8005
120.0 -2.5 2.5 7.5 10000000178.1944
120.0 0.0 2.5 7.5 9999999964.868502
120.0 -2.5 5.0 7.5 70826533.7229
120.0 0.0 5.0 7.5 49502489.237900004
120.0 2.5 -7.5 8.75 826047662.9859
120.0 5.0 -7.5 8.75 9999999899.0515
120.0 0.0 -5.0 8.75 9858636829.1058
120.0 0.0 0.0 8.75 9999999994.493301
120.0 -2.5 2.5 8.75 4512763326.473901
120.0 0.0 2.5 8.75 10000000202.366201
120.0 -5.0 5.0 8.75 9999999601.596401
120.0 -2.5 5.0 8.75 93120395.3364
120.0 0.0 5.0 8.75 10000000132.153301
120.0 2.5 5.0 8.75 10000000085.498901
120.0 2.5 -10.0 10.0 2594010.4055
120.0 2.5 -7.5 10.0 2003218282.422
120.0 5.0 -7.5 10.0 9999999970.7816
120.0 7.5 -7.5 10.0 2929471293.5218997
120.0 -2.5 -5.0 10.0 9999999996.541
120.0 0.0 -5.0 10.0 1866088887.1854
120.0 2.5 -5.0 10.0 9999999939.333601
120.0 0.0 -2.5 10.0 10000000109.4631
120.0 0.0 0.0 10.0 821654665.6953001
120.0 2.5 0.0 10.0 10000000313.618
120.0 -5.0 2.5 10.0 9999999956.6979
120.0 -2.5 2.5 10.0 9999999978.1385
120.0 0.0 2.5 10.0 9999999902.1438
120.0 2.5 2.5 10.0 10000000016.9055
120.0 -5.0 5.0 10.0 9951113817.9349
120.0 -2.5 5.0 10.0 5264762265.7472
120.0 0.0 5.0 10.0 1322541567.3755
120.0 2.5 5.0 10.0 9999999932.0837
120.0 5.0 5.0 10.0 9999999768.440102
120.0 2.5 -10.0 11.25 423.0419
120.0 5.0 -10.0 11.25 9999999991.090302
120.0 10.0 -10.0 11.25 308375.8883
120.0 -2.5 -7.5 11.25 13396.733400000001
120.0 0.0 -7.5 11.25 564624943.5843
120.0 2.5 -7.5 11.25 9999999945.7844
120.0 5.0 -7.5 11.25 10000000056.4515
120.0 7.5 -7.5 11.25 9999999979.7155
120.0 -2.5 -5.0 11.25 293618047.5251
120.0 0.0 -5.0 11.25 22545650.131500002
120.0 2.5 -5.0 11.25 9999999894.774601
120.0 5.0 -5.0 11.25 9999999869.0459
120.0 7.5 -5.0 11.25 9999999981.6079
120.0 0.0 -2.5 11.25 4763590603.9913
120.0 2.5 -2.5 11.25 9999999987.068602
120.0 -5.0 0.0 11.25 986646163.9942
120.0 -2.5 0.0 11.25 10000000054.1805
120.0 0.0 0.0 11.25 9999999986.2971
120.0 2.5 0.0 11.25 10000000521.641201
120.0 -5.0 2.5 11.25 29026467.054100003
120.0 -2.5 2.5 11.25 3802517063.9724
120.0 0.0 2.5 11.25 1011693877.6589
120.0 2.5 2.5 11.25 10000000003.9493
120.0 -5.0 5.0 11.25 1040196812.5874
120.0 -2.5 5.0 11.25 1840764132.1855
120.0 0.0 5.0 11.25 3549282835.3789
120.0 2.5 5.0 11.25 1038549150.8486999
120.0 5.0 5.0 11.25 10000000143.3026
120.0 7.5 5.0 11.25 555394434.7721
120.0 -5.0 -10.0 12.5 12.9146
120.0 -2.5 -10.0 12.5 25.092100000000002
120.0 0.0 -10.0 12.5 246.0816
120.0 2.5 -10.0 12.5 12.491999999999999
120.0 5.0 -10.0 12.5 926780.4149
120.0 7.5 -10.0 12.5 5934.9188
120.0 10.0 -10.0 12.5 4245.1455
120.0 -2.5 -7.5 12.5 2466.9088
120.0 0.0 -7.5 12.5 915806351.4178001
120.0 2.5 -7.5 12.5 2104005.65
120.0 5.0 -7.5 12.5 10000000011.988401
120.0 7.5 -7.5 12.5 10000000014.853601
120.0 10.0 -7.5 12.5 4429943.8218
120.0 -2.5 -5.0 12.5 77400124.38659999
120.0 0.0 -5.0 12.5 9999999951.5536
120.0 2.5 -5.0 12.5 9999999897.596102
120.0 5.0 -5.0 12.5 10000000247.042501
120.0 -5.0 -2.5 12.5 10000000036.3798
120.0 -2.5 -2.5 12.5 237861332.2663
120.0 0.0 -2.5 12.5 1358824506.1457999
120.0 2.5 -2.5 12.5 2398036928.0178
120.0 5.0 -2.5 12.5 9999999984.546501
120.0 -5.0 0.0 12.5 1469331840.2761
120.0 -2.5 0.0 12.5 151820196.2783
120.0 0.0 0.0 12.5 927475564.0451
120.0 2.5 0.0 12.5 991714997.2941
120.0 5.0 0.0 12.5 1535182376.6406
120.0 -5.0 2.5 12.5 343139019.4459
120.0 -2.5 2.5 12.5 305299781.86670005
120.0 0.0 2.5 12.5 9999999886.888
120.0 2.5 2.5 12.5 9999999866.254002
120.0 5.0 2.5 12.5 10000000151.7427
120.0 -5.0 5.0 12.5 217170.60880000002
120.0 -2.5 5.0 12.5 9999999912.3897
120.0 0.0 5.0 12.5 9999999909.4204
120.0 2.5 5.0 12.5 9999999930.976702
120.0 5.0 5.0 12.5 9999999957.5368
120.0 7.5 5.0 12.5 250663992.5025
120.0 -5.0 -10.0 13.75 11.2989
120.0 -2.5 -10.0 13.75 12.7621
120.0 0.0 -10.0 13.75 19.2955
120.0 2.5 -10.0 13.75 10.486400000000001
120.0 5.0 -10.0 13.75 49.3614
120.0 7.5 -10.0 13.75 11.3768
120.0 10.0 -10.0 13.75 43.692099999999996
120.0 -2.5 -7.5 13.75 43.1252
120.0 0.0 -7.5 13.75 3088693.2845
120.0 2.5 -7.5 13.75 16842.2068
120.0 5.0 -7.5 13.75 975022.7109000001
120.0 7.5 -7.5 13.75 515983.1281
120.0 10.0 -7.5 13.75 630881.3733
120.0 -2.5 -5.0 13.75 9999999908.8952
120.0 0.0 -5.0 13.75 9999999966.673601
120.0 2.5 -5.0 13.75 30124260.4653
120.0 5.0 -5.0 13.75 266255130.8103
120.0 7.5 -5.0 13.75 249705309.56080002
120.0 10.0 -5.0 13.75 3677787496.3272
120.0 -5.0 -2.5 13.75 10000000016.778
120.0 -2.5 -2.5 13.75 9999999972.770802
120.0 0.0 -2.5 13.75 5720546262.985001
120.0 2.5 -2.5 13.75 9999999964.3754
120.0 5.0 -2.5 13.75 1668104598.6608
120.0 -5.0 0.0 13.75 10000000017.357801
120.0 -2.5 0.0 13.75 10000000186.8381
120.0 0.0 0.0 13.75 10000000064.6914
120.0 2.5 0.0 13.75 9999999930.0562
120.0 5.0 0.0 13.75 10000000034.905602
120.0 -5.0 2.5 13.75 901704113.6868
120.0 -2.5 2.5 13.75 1151161607.1732
120.0 0.0 2.5 13.75 9999999951.526901
120.0 2.5 2.5 13.75 9999999951.647501
120.0 5.0 2.5 13.75 1341745814.4901
120.0 -5.0 5.0 13.75 1839.3999
120.0 -2.5 5.0 13.75 2118239911.8415
120.0 0.0 5.0 13.75 9999999945.4719
120.0 2.5 5.0 13.75 10000000019.8803
120.0 5.0 5.0 13.75 50471908.480399996
120.0 7.5 5.0 13.75 9999999951.355902
120.0 -5.0 -10.0 15.0 7.9506000000000006
120.0 -2.5 -10.0 15.0 8.5398
120.0 0.0 -10.0 15.0 5.8764
120.0 2.5 -10.0 15.0 3.7611
120.0 5.0 -10.0 15.0 6.0725999999999996
120.0 7.5 -10.0 15.0 8.6328
120.0 10.0 -10.0 15.0 7.9406
120.0 -5.0 -7.5 15.0 6.1675
120.0 -2.5 -7.5 15.0 1.3178999999999998
120.0 0.0 -7.5 15.0 240.4946
120.0 2.5 -7.5 15.0 123.43799999999999
120.0 5.0 -7.5 15.0 54.5765
120.0 7.5 -7.5 15.0 225202935.6686
120.0 10.0 -7.5 15.0 295376.00779999996
120.0 -5.0 -5.0 15.0 10.5311
120.0 -2.5 -5.0 15.0 6217.188099999999
120.0 0.0 -5.0 15.0 74879283.51169999
120.0 2.5 -5.0 15.0 74745.5526
120.0 5.0 -5.0 15.0 2867506.2646999997
120.0 7.5 -5.0 15.0 2754738255.4117
120.0 10.0 -5.0 15.0 91707558.6469
120.0 -5.0 -2.5 15.0 6730.435399999999
120.0 -2.5 -2.5 15.0 801255104.8488001
120.0 0.0 -2.5 15.0 877861730.015
120.0 2.5 -2.5 15.0 10000000020.8222
120.0 5.0 -2.5 15.0 3130543970.9281
120.0 7.5 -2.5 15.0 121944.1727
120.0 10.0 -2.5 15.0 602921501.7035
120.0 -5.0 0.0 15.0 66865.0952
120.0 -2.5 0.0 15.0 9999999899.7999
120.0 0.0 0.0 15.0 1705518959.1936
120.0 2.5 0.0 15.0 2936643198.2871
120.0 5.0 0.0 15.0 1407583132.3542001
120.0 10.0 0.0 15.0 518482941.9383
120.0 -5.0 2.5 15.0 13021.4334
120.0 -2.5 2.5 15.0 9999999846.268301
120.0 0.0 2.5 15.0 9999999948.5811
120.0 2.5 2.5 15.0 9999999986.2572
120.0 5.0 2.5 15.0 2633122555.6757
120.0 7.5 2.5 15.0 10000000039.8356
120.0 -5.0 5.0 15.0 -24.902800000000003
120.0 -2.5 5.0 15.0 34714393.376099996
120.0 0.0 5.0 15.0 54334296.4604
120.0 2.5 5.0 15.0 9999999926.695501
120.0 5.0 5.0 15.0 9999999996.173801
120.0 7.5 5.0 15.0 9999999953.0132
120.0 10.0 5.0 15.0 10000000028.690802
120.0 -5.0 -10.0 16.25 4.2677
120.0 -2.5 -10.0 16.25 5.380199999999999
120.0 0.0 -10.0 16.25 3.6770000000000005
120.0 2.5 -10.0 16.25 3.2623
120.0 5.0 -10.0 16.25 6.0466
120.0 7.5 -10.0 16.25 6.7216000000000005
120.0 10.0 -10.0 16.25 1.9661000000000004
120.0 -5.0 -7.5 16.25 3.1128
120.0 -2.5 -7.5 16.25 -0.7646999999999999
120.0 0.0 -7.5 16.25 -4.5949
120.0 2.5 -7.5 16.25 -6.7694
120.0 5.0 -7.5 16.25 0.7161
120.0 7.5 -7.5 16.25 747.9029
120.0 10.0 -7.5 16.25 1186.2468
120.0 -5.0 -5.0 16.25 1.6803999999999997
120.0 -2.5 -5.0 16.25 -11.815900000000001
120.0 0.0 -5.0 16.25 12.3683
120.0 2.5 -5.0 16.25 295.4461
120.0 5.0 -5.0 16.25 2999.7815
120.0 7.5 -5.0 16.25 2232.0638999999996
120.0 10.0 -5.0 16.25 1446589160.4833999
120.0 -5.0 -2.5 16.25 14.073699999999999
120.0 -2.5 -2.5 16.25 7758.5448
120.0 0.0 -2.5 16.25 2281291.7398
120.0 2.5 -2.5 16.25 109477.9236
120.0 5.0 -2.5 16.25 149027511.3286
120.0 7.5 -2.5 16.25 20312.7546
120.0 10.0 -2.5 16.25 397673.8999
120.0 -5.0 0.0 16.25 59.3816
120.0 -2.5 0.0 16.25 88208092.7816
120.0 0.0 0.0 16.25 266233762.6917
120.0 2.5 0.0 16.25 713300431.4927
120.0 5.0 0.0 16.25 9999999926.8544
120.0 7.5 0.0 16.25 491183764.91169995
120.0 10.0 0.0 16.25 366021373.2498
120.0 -5.0 2.5 16.25 -4.2425
120.0 -2.5 2.5 16.25 9999999955.7717
120.0 0.0 2.5 16.25 9999999839.883202
120.0 2.5 2.5 16.25 9999999956.502201
120.0 5.0 2.5 16.25 9999999827.5666
120.0 7.5 2.5 16.25 5018815689.5548
120.0 10.0 2.5 16.25 10000000028.0673
120.0 -5.0 5.0 16.25 -42.0141
120.0 -2.5 5.0 16.25 28631.0174
120.0 0.0 5.0 16.25 5162451.1206
120.0 2.5 5.0 16.25 1602170805.0499
120.0 5.0 5.0 16.25 5932267295.0989
120.0 7.5 5.0 16.25 42842418.4019
120.0 10.0 5.0 16.25 1934694373.931
180.0 -5.0 -10.0 3.75 9999999966.4214
180.0 -2.5 -10.0 3.75 9999999667.329802
180.0 0.0 -10.0 3.75 1547545400.3142002
180.0 2.5 -10.0 3.75 568773990.9375
180.0 5.0 -10.0 3.75 6553772266.6392
180.0 7.5 -10.0 3.75 20693533.187599998
180.0 10.0 -10.0 3.75 271712506.25920004
180.0 -5.0 -7.5 3.75 9999999858.5884
180.0 -2.5 -7.5 3.75 2152869059.443
180.0 0.0 -7.5 3.75 9999999901.8276
180.0 2.5 -7.5 3.75 9999999829.0687
180.0 5.0 -7.5 3.75 3892703524.0869
180.0 7.5 -7.5 3.75 9999999929.7844
180.0 10.0 -7.5 3.75 14399078.3254
180.0 -5.0 -5.0 3.75 9999999996.462101
180.0 -2.5 -5.0 3.75 10000000041.0897
180.0 0.0 -5.0 3.75 10000000143.5011
180.0 2.5 -5.0 3.75 9999999973.387701
180.0 5.0 -5.0 3.75 10000000082.7761
180.0 7.5 -5.0 3.75 9999999997.100801
180.0 10.0 -5.0 3.75 372241473.97980005
180.0 -5.0 -2.5 3.75 9999999972.234901
180.0 -2.5 -2.5 3.75 10000000187.1571
180.0 0.0 -2.5 3.75 10000000061.4496
180.0 2.5 -2.5 3.75 9999999809.696901
180.0 5.0 -2.5 3.75 7795697695.5506
180.0 7.5 -2.5 3.75 10000000270.0639
180.0 10.0 -2.5 3.75 9999999967.087301
180.0 -5.0 0.0 3.75 10000000016.4762
180.0 -2.5 0.0 3.75 4264543424.0091
180.0 0.0 0.0 3.75 2721418797.5421
180.0 2.5 0.0 3.75 9999999994.741201
180.0 5.0 0.0 3.75 9999999954.0009
180.0 7.5 0.0 3.75 2114204317.2598002
180.0 10.0 0.0 3.75 10000000145.6352
180.0 -5.0 2.5 3.75 362938879.2905
180.0 -2.5 2.5 3.75 4732806205.2592
180.0 0.0 2.5 3.75 10000000008.901402
180.0 2.5 2.5 3.75 9999999939.7791
180.0 5.0 2.5 3.75 10000000106.427301
180.0 7.5 2.5 3.75 345639423.8225
180.0 10.0 2.5 3.75 9999999957.936901
180.0 -5.0 5.0 3.75 20635609.3389
180.0 -2.5 5.0 3.75 58975319.6429
180.0 0.0 5.0 3.75 2115431947.539
180.0 2.5 5.0 3.75 119033673.1328
180.0 5.0 5.0 3.75 170991951.1766
180.0 7.5 5.0 3.75 60289390.4741
180.0 10.0 5.0 3.75 74745118.4466
180.0 -2.5 -2.5 7.5 1335618511.2834
180.0 0.0 2.5 7.5 9999999955.745901
180.0 0.0 5.0 7.5 861954604.5426
180.0 -5.0 -2.5 8.75 2277307763.2001
180.0 -2.5 -2.5 8.75 10000000038.613901
180.0 2.5 -2.5 8.75 9999999771.8381
180.0 -5.0 0.0 8.75 9999999887.4134
180.0 0.0 0.0 8.75 10000000080.9347
180.0 0.0 2.5 8.75 10000000012.414202
180.0 0.0 -10.0 10.0 9999999895.8472
180.0 2.5 -10.0 10.0 8946096.282200001
180.0 0.0 -7.5 10.0 6289004533.317101
180.0 2.5 -7.5 10.0 1138871896.6466
180.0 5.0 -7.5 10.0 4454439179.3084
180.0 -2.5 -5.0 10.0 691913540.0234001
180.0 0.0 -5.0 10.0 10000000124.4174
180.0 2.5 -5.0 10.0 9999999908.7952
180.0 5.0 -5.0 10.0 9999999966.139
180.0 -5.0 -2.5 10.0 9999999903.021301
180.0 -2.5 -2.5 10.0 9999999972.6683
180.0 0.0 -2.5 10.0 4139427620.0072
180.0 2.5 -2.5 10.0 9999999750.323
180.0 -5.0 0.0 10.0 797531695.01
180.0 -2.5 0.0 10.0 2999722860.7601
180.0 0.0 0.0 10.0 10000000148.218601
180.0 -5.0 2.5 10.0 5090536.867099999
180.0 0.0 2.5 10.0 10000000230.069302
180.0 2.5 2.5 10.0 5247236453.5225
180.0 0.0 5.0 10.0 9999999737.2208
180.0 2.5 5.0 10.0 3436339382.8111
180.0 0.0 -10.0 11.25 135546060.52629998
180.0 2.5 -10.0 11.25 10000000052.0011
180.0 5.0 -10.0 11.25 1237905.3939
180.0 0.0 -7.5 11.25 10000000021.947102
180.0 2.5 -7.5 11.25 82592418.2035
180.0 5.0 -7.5 11.25 10000000003.176401
180.0 7.5 -7.5 11.25 110518.00110000001
180.0 -2.5 -5.0 11.25 10000000026.8218
180.0 0.0 -5.0 11.25 10000000044.9589
180.0 2.5 -5.0 11.25 10000000060.4582
180.0 5.0 -5.0 11.25 9999999968.653301
180.0 -5.0 -2.5 11.25 24000092.291
180.0 -2.5 -2.5 11.25 9907906633.158
180.0 0.0 -2.5 11.25 9999999992.080101
180.0 2.5 -2.5 11.25 473596790.30910003
180.0 -5.0 0.0 11.25 10000000022.3276
180.0 -2.5 0.0 11.25 9999999941.265701
180.0 0.0 0.0 11.25 9999999935.1588
180.0 -5.0 2.5 11.25 9999999872.916101
180.0 -2.5 2.5 11.25 9999999971.9909
180.0 0.0 2.5 11.25 9999999944.6909
180.0 2.5 2.5 11.25 9999999951.7091
180.0 -5.0 5.0 11.25 9999999884.638802
180.0 0.0 5.0 11.25 509056727.2054
180.0 2.5 5.0 11.25 4724972233.547
180.0 -5.0 -10.0 12.5 45.4153
180.0 -2.5 -10.0 12.5 10523.630500000001
180.0 0.0 -10.0 12.5 367709.1794
180.0 2.5 -10.0 12.5 126324.248
180.0 5.0 -10.0 12.5 1162.5061
180.0 7.5 -10.0 12.5 -21.405
180.0 10.0 -10.0 12.5 -27.573800000000002
180.0 -2.5 -7.5 12.5 4173641699.8154
180.0 0.0 -7.5 12.5 10000000062.547201
180.0 2.5 -7.5 12.5 166637317.1614
180.0 5.0 -7.5 12.5 39620790.2733
180.0 7.5 -7.5 12.5 6307.995599999999
180.0 -5.0 -5.0 12.5 19190.7968
180.0 -2.5 -5.0 12.5 9999999998.206501
180.0 0.0 -5.0 12.5 10000000112.9853
180.0 2.5 -5.0 12.5 9999999998.6264
180.0 5.0 -5.0 12.5 9999999966.427101
180.0 -5.0 -2.5 12.5 9320486102.6891
180.0 -2.5 -2.5 12.5 12704086.7456
180.0 0.0 -2.5 12.5 9999999936.496
180.0 2.5 -2.5 12.5 10000000135.533201
180.0 5.0 -2.5 12.5 2282826541.5406
180.0 -5.0 0.0 12.5 207347885.7632
180.0 -2.5 0.0 12.5 1730236194.3239
180.0 0.0 0.0 12.5 10000000131.624802
180.0 2.5 0.0 12.5 10000000064.8771
180.0 -5.0 2.5 12.5 2078234528.4791
180.0 -2.5 2.5 12.5 17195284.6275
180.0 0.0 2.5 12.5 572455194.6086
180.0 2.5 2.5 12.5 10000000316.3455
180.0 -5.0 5.0 12.5 558192305.7329999
180.0 -2.5 5.0 12.5 618329846.8226
180.0 0.0 5.0 12.5 10000000050.5604
180.0 2.5 5.0 12.5 9999999907.964201
180.0 5.0 5.0 12.5 3587321595.2153
180.0 7.5 5.0 12.5 1225169320.7745
180.0 10.0 5.0 12.5 1096812115.2265
180.0 -5.0 -10.0 13.75 20.250100000000003
180.0 -2.5 -10.0 13.75 4191.6599
180.0 0.0 -10.0 13.75 17783.674300000002
180.0 2.5 -10.0 13.75 287383.1481
180.0 5.0 -10.0 13.75 18.2104
180.0 7.5 -10.0 13.75 -15.6341
180.0 10.0 -10.0 13.75 -18.9921
180.0 -5.0 -7.5 13.75 15.0504
180.0 -2.5 -7.5 13.75 849885761.4197
180.0 0.0 -7.5 13.75 3016576547.7788
180.0 2.5 -7.5 13.75 9999999904.1622
180.0 5.0 -7.5 13.75 179745.0145
180.0 7.5 -7.5 13.75 -26.624200000000002
180.0 10.0 -7.5 13.75 -25.138199999999998
180.0 -5.0 -5.0 13.75 71.4443
180.0 -2.5 -5.0 13.75 10000000005.4829
180.0 0.0 -5.0 13.75 9999999992.684801
180.0 2.5 -5.0 13.75 10000000069.4066
180.0 5.0 -5.0 13.75 3942729.2405999997
180.0 -5.0 -2.5 13.75 12489.7303
180.0 -2.5 -2.5 13.75 20538791.6173
180.0 0.0 -2.5 13.75 9999999828.2352
180.0 2.5 -2.5 13.75 10000000137.192902
180.0 5.0 -2.5 13.75 10000000002.048302
180.0 -5.0 0.0 13.75 1106004.8235000002
180.0 -2.5 0.0 13.75 55348702.8337
180.0 0.0 0.0 13.75 9999999730.594501
180.0 2.5 0.0 13.75 9999999924.9381
180.0 -5.0 2.5 13.75 12299786.4492
180.0 -2.5 2.5 13.75 11884284.7626
180.0 0.0 2.5 13.75 690749501.3953
180.0 2.5 2.5 13.75 10000000121.294601
180.0 5.0 2.5 13.75 5561405651.3302
180.0 -5.0 5.0 13.75 11216354.8109
180.0 -2.5 5.0 13.75 33765244.7642
180.0 0.0 5.0 13.75 10000000036.689901
180.0 2.5 5.0 13.75 10000000004.7835
180.0 5.0 5.0 13.75 10000000034.0685
180.0 7.5 5.0 13.75 9999999953.4605
180.0 10.0 5.0 13.75 367005994.64659995
180.0 -5.0 -10.0 15.0 15.3996
180.0 -2.5 -10.0 15.0 18.1211
180.0 0.0 -10.0 15.0 76.532
180.0 2.5 -10.0 15.0 70.1728
180.0 5.0 -10.0 15.0 2.8914
180.0 7.5 -10.0 15.0 -8.5168
180.0 10.0 -10.0 15.0 -11.4022
180.0 -5.0 -7.5 15.0 6.785899999999999
180.0 -2.5 -7.5 15.0 9280.1029
180.0 0.0 -7.5 15.0 70941461.5431
180.0 2.5 -7.5 15.0 24432.513499999997
180.0 5.0 -7.5 15.0 12.7746
180.0 7.5 -7.5 15.0 -15.911100000000001
180.0 10.0 -7.5 15.0 -13.0283
180.0 -5.0 -5.0 15.0 -10.871500000000001
180.0 -2.5 -5.0 15.0 4979.1667
180.0 0.0 -5.0 15.0 10508155.8423
180.0 2.5 -5.0 15.0 10000000084.738201
180.0 5.0 -5.0 15.0 2806070.7613
180.0 7.5 -5.0 15.0 1746.3679
180.0 10.0 -5.0 15.0 -6.293
180.0 -5.0 -2.5 15.0 51.859100000000005
180.0 -2.5 -2.5 15.0 9999999931.237902
180.0 0.0 -2.5 15.0 9999999976.4964
180.0 2.5 -2.5 15.0 9999999973.7649
180.0 5.0 -2.5 15.0 10000000040.890701
180.0 10.0 -2.5 15.0 36.9914
180.0 -5.0 0.0 15.0 48928.954999999994
180.0 -2.5 0.0 15.0 3790308614.5656
180.0 0.0 0.0 15.0 10000000029.771502
180.0 2.5 0.0 15.0 10000000019.762901
180.0 5.0 0.0 15.0 10000000069.3754
180.0 -5.0 2.5 15.0 2334548.5149
180.0 -2.5 2.5 15.0 9999999864.255001
180.0 0.0 2.5 15.0 1997490835.4593
180.0 2.5 2.5 15.0 9999999977.7352
180.0 5.0 2.5 15.0 10000000132.868
180.0 7.5 2.5 15.0 159993658.2631
180.0 -5.0 5.0 15.0 167079.19009999998
180.0 -2.5 5.0 15.0 9999999974.362501
180.0 0.0 5.0 15.0 10000000037.7096
180.0 2.5 5.0 15.0 9999999965.8253
180.0 5.0 5.0 15.0 3114884296.8826003
180.0 7.5 5.0 15.0 2234464212.5309
180.0 10.0 5.0 15.0 1282873307.0397
180.0 -5.0 -10.0 16.25 10.0305
180.0 -2.5 -10.0 16.25 11.107099999999999
180.0 0.0 -10.0 16.25 6.860800000000001
180.0 2.5 -10.0 16.25 2.9562
180.0 5.0 -10.0 16.25 1.5500000000000003
180.0 7.5 -10.0 16.25 -3.4048999999999996
180.0 10.0 -10.0 16.25 -5.373
180.0 -5.0 -7.5 16.25 5.4666
180.0 -2.5 -7.5 16.25 4.8805000000000005
180.0 0.0 -7.5 16.25 231.6164
180.0 2.5 -7.5 16.25 4191.1688
180.0 5.0 -7.5 16.25 36.3989
180.0 7.5 -7.5 16.25 -5.0283
180.0 10.0 -7.5 16.25 -4.0035
180.0 -5.0 -5.0 16.25 -6.346699999999999
180.0 -2.5 -5.0 16.25 67.1403
180.0 0.0 -5.0 16.25 410285.7211
180.0 2.5 -5.0 16.25 132588698.1942
180.0 5.0 -5.0 16.25 10000000057.385
180.0 7.5 -5.0 16.25 3938.8492
180.0 10.0 -5.0 16.25 4.9348
180.0 -5.0 -2.5 16.25 -19.459699999999998
180.0 -2.5 -2.5 16.25 1471937.0002
180.0 0.0 -2.5 16.25 220232216.88050002
180.0 2.5 -2.5 16.25 639452321.2795
180.0 5.0 -2.5 16.25 10000000033.2376
180.0 7.5 -2.5 16.25 37656063.3661
180.0 10.0 -2.5 16.25 23.7773
180.0 -5.0 0.0 16.25 2.1186000000000007
180.0 -2.5 0.0 16.25 1297456609.6239
180.0 0.0 0.0 16.25 9999999971.289202
180.0 2.5 0.0 16.25 3068523527.1821
180.0 5.0 0.0 16.25 1706380188.7442
180.0 7.5 0.0 16.25 23446.273699999998
180.0 -5.0 2.5 16.25 350.7621
180.0 -2.5 2.5 16.25 9999999932.138401
180.0 0.0 2.5 16.25 9999999970.530901
180.0 2.5 2.5 16.25 10000000046.6938
180.0 5.0 2.5 16.25 10000000030.049301
180.0 7.5 2.5 16.25 10000000029.768501
180.0 -5.0 5.0 16.25 626.7734
180.0 -2.5 5.0 16.25 531296077.1726
180.0 0.0 5.0 16.25 9999999940.6777
180.0 2.5 5.0 16.25 10000000056.8981
180.0 5.0 5.0 16.25 62148249.63
180.0 7.5 5.0 16.25 692190681.1565
180.0 10.0 5.0 16.25 10000000032.737001
240.0 -5.0 -10.0 3.75 10000000011.7661
240.0 -2.5 -10.0 3.75 10000000117.3045
240.0 0.0 -10.0 3.75 9999999874.116701
240.0 2.5 -10.0 3.75 9999999875.0667
240.0 5.0 -10.0 3.75 10000000035.252901
240.0 7.5 -10.0 3.75 1439361367.1403
240.0 10.0 -10.0 3.75 9999999980.3808
240.0 -5.0 -7.5 3.75 10000000136.0576
240.0 -2.5 -7.5 3.75 9999999798.103802
240.0 0.0 -7.5 3.75 10000000132.612501
240.0 2.5 -7.5 3.75 9999999767.082
240.0 5.0 -7.5 3.75 1972447284.3307998
240.0 7.5 -7.5 3.75 641732138.759
240.0 10.0 -7.5 3.75 99790387.79529999
240.0 -5.0 -5.0 3.75 9999999990.6805
240.0 -2.5 -5.0 3.75 9999999793.544802
240.0 0.0 -5.0 3.75 9999999815.762402
240.0 2.5 -5.0 3.75 10000000031.503601
240.0 5.0 -5.0 3.75 10000000116.9755
240.0 7.5 -5.0 3.75 9999999839.799702
240.0 10.0 -5.0 3.75 9999999881.043201
240.0 -5.0 -2.5 3.75 5997658835.390699
240.0 -2.5 -2.5 3.75 2297020210.8798
240.0 0.0 -2.5 3.75 9999999967.1664
240.0 2.5 -2.5 3.75 2873972722.762
240.0 5.0 -2.5 3.75 3739738257.0388
240.0 7.5 -2.5 3.75 212892388.04079998
240.0 10.0 -2.5 3.75 10000000035.370201
240.0 -5.0 0.0 3.75 144299663.74539998
240.0 -2.5 0.0 3.75 5060127574.2055
240.0 0.0 0.0 3.75 10000000073.0737
240.0 2.5 0.0 3.75 10000000132.869001
240.0 5.0 0.0 3.75 768304451.2939
240.0 7.5 0.0 3.75 10000000036.6825
240.0 10.0 0.0 3.75 729298459.4114
240.0 -5.0 2.5 3.75 50123390.498399995
240.0 -2.5 2.5 3.75 10000000160.383902
240.0 0.0 2.5 3.75 9999999739.334002
240.0 2.5 2.5 3.75 10000000360.387001
240.0 5.0 2.5 3.75 10000000097.3136
240.0 7.5 2.5 3.75 49408319.6485
240.0 10.0 2.5 3.75 442237463.4544
240.0 -5.0 5.0 3.75 1296360.9005000002
240.0 -2.5 5.0 3.75 28970346.923
240.0 0.0 5.0 3.75 9999999941.3237
240.0 2.5 5.0 3.75 9999999872.7532
240.0 5.0 5.0 3.75 9999999979.7063
240.0 7.5 5.0 3.75 9999999943.123402
240.0 10.0 5.0 3.75 171382607.70790002
240.0 0.0 0.0 5.0 9999999863.319601
240.0 -2.5 2.5 5.0 10000000073.053501
240.0 -2.5 5.0 5.0 9999999840.223202
240.0 0.0 0.0 6.25 9999999955.2929
240.0 -2.5 2.5 6.25 10000000124.0576
240.0 0.0 2.5 6.25 9999999808.0657
240.0 -5.0 5.0 6.25 217048.30810000002
240.0 -2.5 5.0 6.25 359013489.0105
240.0 2.5 -10.0 7.5 4110389770.9124002
240.0 -2.5 -7.5 7.5 9999999787.512402
240.0 0.0 -5.0 7.5 9999999880.0168
240.0 0.0 0.0 7.5 9999999851.747501
240.0 -2.5 2.5 7.5 10000000011.296902
240.0 0.0 2.5 7.5 9999999710.3899
240.0 -5.0 5.0 7.5 8559.7976
240.0 -2.5 5.0 7.5 75263754.6705
240.0 0.0 5.0 7.5 622706886.0522
240.0 0.0 -10.0 8.75 9999999906.003601
240.0 2.5 -10.0 8.75 9999999917.2401
240.0 5.0 -10.0 8.75 10000000008.4162
240.0 -2.5 -7.5 8.75 9999999796.4554
240.0 0.0 -7.5 8.75 10000000224.180101
240.0 2.5 -7.5 8.75 9999999896.6277
240.0 -2.5 -5.0 8.75 9999999729.7275
240.0 0.0 -5.0 8.75 10000000001.880701
240.0 0.0 -2.5 8.75 9999999681.9165
240.0 2.5 -2.5 8.75 10000000242.5319
240.0 -2.5 0.0 8.75 9999999984.838202
240.0 0.0 0.0 8.75 9999999906.698502
240.0 -2.5 2.5 8.75 9999999993.005901
240.0 0.0 2.5 8.75 10000000122.343601
240.0 2.5 2.5 8.75 10000000304.8707
240.0 -5.0 5.0 8.75 773587.9126
240.0 -2.5 5.0 8.75 23023668.052199997
240.0 0.0 5.0 8.75 10000000087.452301
240.0 0.0 -10.0 10.0 5110418661.865801
240.0 2.5 -10.0 10.0 10000000009.2313
240.0 5.0 -10.0 10.0 25934597.0981
240.0 -2.5 -7.5 10.0 395348781.2116
240.0 0.0 -7.5 10.0 2490821674.084
240.0 2.5 -7.5 10.0 9999999913.2598
240.0 -2.5 -5.0 10.0 9999999946.503
240.0 0.0 -5.0 10.0 9999999768.567501
240.0 -5.0 -2.5 10.0 54987514.4075
240.0 -2.5 -2.5 10.0 745456220.3653
240.0 0.0 -2.5 10.0 9999999921.1499
240.0 2.5 -2.5 10.0 10000000080.870602
240.0 -2.5 0.0 10.0 10000000041.7387
240.0 0.0 0.0 10.0 10000000103.0555
240.0 2.5 0.0 10.0 10000000111.570301
240.0 -5.0 2.5 10.0 76832172.40239999
240.0 -2.5 2.5 10.0 741591115.0591
240.0 0.0 2.5 10.0 9038681568.402601
240.0 2.5 2.5 10.0 4370666943.4281
240.0 -5.0 5.0 10.0 19744044.7347
240.0 -2.5 5.0 10.0 9999999997.910002
240.0 0.0 5.0 10.0 9999999991.940802
240.0 2.5 5.0 10.0 10000000028.077301
240.0 7.5 5.0 10.0 1808492446.4644
240.0 -2.5 -10.0 11.25 438124164.51159996
240.0 0.0 -10.0 11.25 312363.4239
240.0 2.5 -10.0 11.25 133800001.256
240.0 5.0 -10.0 11.25 592545007.9907
240.0 7.5 -10.0 11.25 291960079.6312
240.0 10.0 -10.0 11.25 233147663.8163
240.0 -5.0 -7.5 11.25 9999999998.2131
240.0 -2.5 -7.5 11.25 9999999995.3869
240.0 0.0 -7.5 11.25 5319972531.2079
240.0 2.5 -7.5 11.25 9999999965.8656
240.0 -2.5 -5.0 11.25 9999999908.977701
240.0 0.0 -5.0 11.25 10000000007.4018
240.0 2.5 -5.0 11.25 9999999853.8927
240.0 -5.0 -2.5 11.25 355589543.0004
240.0 -2.5 -2.5 11.25 9999999876.063501
240.0 0.0 -2.5 11.25 9999999909.0217
240.0 2.5 -2.5 11.25 9999999896.6007
240.0 -5.0 0.0 11.25 1947853949.5943
240.0 -2.5 0.0 11.25 1236692574.6684
240.0 0.0 0.0 11.25 9999999928.1823
240.0 2.5 0.0 11.25 10000000093.848202
240.0 -2.5 2.5 11.25 8725436551.876
240.0 0.0 2.5 11.25 9999999941.520802
240.0 2.5 2.5 11.25 512564431.33250004
240.0 5.0 2.5 11.25 3594820407.4389
240.0 7.5 2.5 11.25 28832884.1591
240.0 -5.0 5.0 11.25 287391.48000000004
240.0 -2.5 5.0 11.25 10443982.6733
240.0 0.0 5.0 11.25 10000000008.8686
240.0 2.5 5.0 11.25 3883354836.1683
240.0 7.5 5.0 11.25 9999999876.628
240.0 -2.5 -10.0 12.5 515.1132
240.0 0.0 -10.0 12.5 16102642.486
240.0 2.5 -10.0 12.5 4271598151.0183
240.0 5.0 -10.0 12.5 33447.924199999994
240.0 7.5 -10.0 12.5 1549.0694
240.0 10.0 -10.0 12.5 48.9541
240.0 -5.0 -7.5 12.5 142960.9949
240.0 -2.5 -7.5 12.5 6122591329.342
240.0 0.0 -7.5 12.5 916105249.7865001
240.0 2.5 -7.5 12.5 24353588.243300002
240.0 5.0 -7.5 12.5 6002183416.0751
240.0 -5.0 -5.0 12.5 5151253214.9377
240.0 -2.5 -5.0 12.5 10690034.562900001
240.0 0.0 -5.0 12.5 32611894.7703
240.0 2.5 -5.0 12.5 3451641514.7548003
240.0 5.0 -5.0 12.5 10000000158.8138
240.0 -5.0 -2.5 12.5 9999999602.1233
240.0 -2.5 -2.5 12.5 10000000024.4941
240.0 0.0 -2.5 12.5 5632639881.554501
240.0 2.5 -2.5 12.5 10000000015.261301
240.0 -5.0 0.0 12.5 110493361.8883
240.0 -2.5 0.0 12.5 621866380.1723
240.0 0.0 0.0 12.5 346405827.90389997
240.0 2.5 0.0 12.5 10000000059.1833
240.0 5.0 0.0 12.5 9999999926.759401
240.0 -5.0 2.5 12.5 349673.6961
240.0 -2.5 2.5 12.5 9999999912.118301
240.0 0.0 2.5 12.5 9999999982.626001
240.0 2.5 2.5 12.5 50392063.872
240.0 5.0 2.5 12.5 10000000002.8446
240.0 7.5 2.5 12.5 2155922751.4477
240.0 -5.0 5.0 12.5 27892.0444
240.0 -2.5 5.0 12.5 3840407013.9864
240.0 0.0 5.0 12.5 9999999991.586
240.0 2.5 5.0 12.5 3095196264.6601
240.0 5.0 5.0 12.5 925043049.7308
240.0 7.5 5.0 12.5 326779355.7547
240.0 -2.5 -10.0 13.75 597.0643
240.0 0.0 -10.0 13.75 428184.9986
240.0 2.5 -10.0 13.75 9999999981.855202
240.0 5.0 -10.0 13.75 29002017.058799997
240.0 7.5 -10.0 13.75 84.3492
240.0 10.0 -10.0 13.75 10.1546
240.0 -5.0 -7.5 13.75 126.95580000000001
240.0 -2.5 -7.5 13.75 305740.17250000004
240.0 0.0 -7.5 13.75 4447048324.4481
240.0 2.5 -7.5 13.75 572074784.766
240.0 5.0 -7.5 13.75 7446339.435500001
240.0 7.5 -7.5 13.75 37483036.1987
240.0 10.0 -7.5 13.75 188314283.7915
240.0 -5.0 -5.0 13.75 876488.924
240.0 -2.5 -5.0 13.75 9973370704.0772
240.0 0.0 -5.0 13.75 842482802.6773
240.0 2.5 -5.0 13.75 76470006.70390001
240.0 5.0 -5.0 13.75 1166686187.9464002
240.0 -5.0 -2.5 13.75 9999999788.260801
240.0 -2.5 -2.5 13.75 7782935605.588799
240.0 0.0 -2.5 13.75 3047322734.9202003
240.0 2.5 -2.5 13.75 2737439594.5179005
240.0 -5.0 0.0 13.75 9999999575.4347
240.0 -2.5 0.0 13.75 6354372798.011001
240.0 0.0 0.0 13.75 9999999982.221102
240.0 2.5 0.0 13.75 1063726906.5422
240.0 5.0 0.0 13.75 9999999947.8073
240.0 -5.0 2.5 13.75 2791.5256
240.0 -2.5 2.5 13.75 4357656984.961
240.0 0.0 2.5 13.75 9999999978.191101
240.0 2.5 2.5 13.75 9999999997.980202
240.0 5.0 2.5 13.75 817678132.5775
240.0 7.5 2.5 13.75 4015318.3469000002
240.0 10.0 2.5 13.75 325446.1322
240.0 -5.0 5.0 13.75 50.02470000000001
240.0 -2.5 5.0 13.75 195703.3052
240.0 0.0 5.0 13.75 3405429.7209
240.0 2.5 5.0 13.75 591410784.4370999
240.0 5.0 5.0 13.75 3809531037.5501
240.0 7.5 5.0 13.75 3857153.2116
240.0 10.0 5.0 13.75 1423709.467
240.0 -5.0 -10.0 15.0 -2.7460999999999998
240.0 -2.5 -10.0 15.0 9.6125
240.0 0.0 -10.0 15.0 118453.7592
240.0 2.5 -10.0 15.0 10000000012.874401
240.0 5.0 -10.0 15.0 38.708
240.0 7.5 -10.0 15.0 25.8097
240.0 10.0 -10.0 15.0 5.8161000000000005
240.0 -5.0 -7.5 15.0 -20.9683
240.0 -2.5 -7.5 15.0 1519.8469
240.0 0.0 -7.5 15.0 3328.6425999999997
240.0 2.5 -7.5 15.0 75989.0879
240.0 5.0 -7.5 15.0 682.8371
240.0 7.5 -7.5 15.0 955982.4493
240.0 10.0 -7.5 15.0 767979.949
240.0 -5.0 -5.0 15.0 129.0395
240.0 -2.5 -5.0 15.0 9999999963.3257
240.0 0.0 -5.0 15.0 3253963974.6919003
240.0 2.5 -5.0 15.0 971398322.7926
240.0 5.0 -5.0 15.0 13105724.8429
240.0 10.0 -5.0 15.0 198571836.986
240.0 -5.0 -2.5 15.0 637226.3088
240.0 -2.5 -2.5 15.0 9999999902.6299
240.0 0.0 -2.5 15.0 5137084979.4442
240.0 2.5 -2.5 15.0 10000000021.494001
240.0 5.0 -2.5 15.0 2006582.32
240.0 7.5 -2.5 15.0 666827681.2075
240.0 -5.0 0.0 15.0 66772.7686
240.0 -2.5 0.0 15.0 36478709.892699994
240.0 0.0 0.0 15.0 177806075.9429
240.0 2.5 0.0 15.0 9999999889.512001
240.0 5.0 0.0 15.0 5723388835.2889
240.0 7.5 0.0 15.0 3520620991.3595
240.0 -5.0 2.5 15.0 59.437900000000006
240.0 -2.5 2.5 15.0 38388146.619500004
240.0 0.0 2.5 15.0 2235118738.0216
240.0 2.5 2.5 15.0 10000000038.2658
240.0 5.0 2.5 15.0 10000000026.1837
240.0 7.5 2.5 15.0 8356454.377800001
240.0 10.0 2.5 15.0 6700.3405999999995
240.0 -5.0 5.0 15.0 -28.2945
240.0 -2.5 5.0 15.0 88.748
240.0 0.0 5.0 15.0 65056231.469
240.0 2.5 5.0 15.0 9999999940.6138
240.0 5.0 5.0 15.0 111361969.60949999
240.0 7.5 5.0 15.0 411920006.3231
240.0 10.0 5.0 15.0 6716606.0803000005
240.0 -5.0 -10.0 16.25 -0.27970000000000006
240.0 -2.5 -10.0 16.25 -3.3822
240.0 0.0 -10.0 16.25 15.1977
240.0 2.5 -10.0 16.25 130.9596
240.0 5.0 -10.0 16.25 7.663099999999999
240.0 7.5 -10.0 16.25 7.1559
240.0 10.0 -10.0 16.25 0.7807
240.0 -5.0 -7.5 16.25 -12.2351
240.0 -2.5 -7.5 16.25 -11.7323
240.0 0.0 -7.5 16.25 2.3841
240.0 2.5 -7.5 16.25 112.1006
240.0 5.0 -7.5 16.25 12.2972
240.0 7.5 -7.5 16.25 113.3666
240.0 10.0 -7.5 16.25 5156198.4876999995
240.0 -5.0 -5.0 16.25 -29.5542
240.0 -2.5 -5.0 16.25 15974496.145200001
240.0 0.0 -5.0 16.25 4742411002.891399
240.0 2.5 -5.0 16.25 7148640.7135
240.0 5.0 -5.0 16.25 2648300.6832999997
240.0 7.5 -5.0 16.25 34769.1995
240.0 10.0 -5.0 16.25 528789042.0722
240.0 -5.0 -2.5 16.25 3.0272999999999968
240.0 -2.5 -2.5 16.25 4031905999.8591
240.0 0.0 -2.5 16.25 10000000008.497702
240.0 2.5 -2.5 16.25 10000000067.6537
240.0 5.0 -2.5 16.25 10000000050.024
240.0 7.5 -2.5 16.25 16493069.5247
240.0 10.0 -2.5 16.25 2532416343.6506
240.0 -5.0 0.0 16.25 -44.9162
240.0 -2.5 0.0 16.25 9999999974.272202
240.0 0.0 0.0 16.25 872882250.8647001
240.0 2.5 0.0 16.25 10000000029.2388
240.0 5.0 0.0 16.25 10000000058.1823
240.0 7.5 0.0 16.25 14835874.4214
240.0 -5.0 2.5 16.25 -47.9441
240.0 -2.5 2.5 16.25 2063.962
240.0 0.0 2.5 16.25 6795694523.382
240.0 2.5 2.5 16.25 3631690801.8608
240.0 5.0 2.5 16.25 134339279.4079
240.0 7.5 2.5 16.25 869934283.9241
240.0 10.0 2.5 16.25 3197.0282
240.0 -5.0 5.0 16.25 -25.438
240.0 -2.5 5.0 16.25 -34.3212
240.0 0.0 5.0 16.25 52836490.5445
240.0 2.5 5.0 16.25 7001872333.843699
240.0 5.0 5.0 16.25 295247966.11869997
240.0 7.5 5.0 16.25 10000000052.2126
240.0 10.0 5.0 16.25 4632.089
300.0 -5.0 -10.0 3.75 2064778857.1692
300.0 -2.5 -10.0 3.75 10000000052.956501
300.0 0.0 -10.0 3.75 9999999863.4353
300.0 2.5 -10.0 3.75 7248264825.9172
300.0 5.0 -10.0 3.75 3869530619.8251
300.0 7.5 -10.0 3.75 7258922884.0359
300.0 10.0 -10.0 3.75 4528997711.668401
300.0 -5.0 -7.5 3.75 10000000033.281101
300.0 -2.5 -7.5 3.75 9999999950.888102
300.0 0.0 -7.5 3.75 9999999925.0737
300.0 2.5 -7.5 3.75 9999999869.9129
300.0 5.0 -7.5 3.75 9999999475.4004
300.0 7.5 -7.5 3.75 9999999690.221601
300.0 10.0 -7.5 3.75 9999999841.8582
300.0 -5.0 -5.0 3.75 10000000155.608501
300.0 -2.5 -5.0 3.75 9999999884.2388
300.0 0.0 -5.0 3.75 10000000012.452301
300.0 2.5 -5.0 3.75 9999999736.0456
300.0 5.0 -5.0 3.75 10000000052.9398
300.0 7.5 -5.0 3.75 2870296561.2631
300.0 10.0 -5.0 3.75 789368959.1501
300.0 -5.0 -2.5 3.75 10000000045.323101
300.0 -2.5 -2.5 3.75 9999999874.773602
300.0 0.0 -2.5 3.75 1512502633.383
300.0 2.5 -2.5 3.75 9999999988.202002
300.0 5.0 -2.5 3.75 10000000025.3521
300.0 7.5 -2.5 3.75 2077231671.7318
300.0 10.0 -2.5 3.75 10000000068.841301
300.0 -5.0 0.0 3.75 1566733032.939
300.0 -2.5 0.0 3.75 970024222.8239
300.0 0.0 0.0 3.75 9999999955.179
300.0 2.5 0.0 3.75 1540093205.3449
300.0 5.0 0.0 3.75 10000000085.3299
300.0 7.5 0.0 3.75 10000000018.7054
300.0 10.0 0.0 3.75 5255063369.4814
300.0 -5.0 2.5 3.75 10000000183.392
300.0 -2.5 2.5 3.75 9999999986.7026
300.0 0.0 2.5 3.75 9830776314.9409
300.0 2.5 2.5 3.75 10000000023.405201
300.0 5.0 2.5 3.75 64819706.9078
300.0 7.5 2.5 3.75 9999999940.6495
300.0 10.0 2.5 3.75 295671318.22720003
300.0 -5.0 5.0 3.75 9999999856.7935
300.0 -2.5 5.0 3.75 9999999990.7665
300.0 0.0 5.0 3.75 9999999928.378302
300.0 2.5 5.0 3.75 36248534.5
300.0 5.0 5.0 3.75 3944334.352
300.0 7.5 5.0 3.75 205170.7277
300.0 10.0 5.0 3.75 9999999985.375
300.0 -2.5 -2.5 6.25 10000000017.235601
300.0 0.0 -2.5 6.25 340298926.43950003
300.0 2.5 -2.5 6.25 10000000072.966702
300.0 2.5 -5.0 7.5 10000000016.422201
300.0 -2.5 -2.5 7.5 10000000174.838001
300.0 0.0 -2.5 7.5 9999999990.661201
300.0 0.0 0.0 7.5 10000000034.269402
300.0 0.0 2.5 7.5 2711628683.7318
300.0 5.0 -10.0 8.75 10000000012.007801
300.0 2.5 -7.5 8.75 9999999868.0505
300.0 5.0 -7.5 8.75 373877254.8318
300.0 0.0 -5.0 8.75 9999999654.2275
300.0 2.5 -5.0 8.75 9999999886.854
300.0 5.0 -5.0 8.75 10000000024.7668
300.0 -5.0 -2.5 8.75 1163651884.8429
300.0 -2.5 -2.5 8.75 8778365629.4923
300.0 0.0 -2.5 8.75 10000000467.181702
300.0 2.5 -2.5 8.75 9999999751.0972
300.0 -5.0 0.0 8.75 9119086.7129
300.0 0.0 0.0 8.75 9999999873.42
300.0 0.0 2.5 8.75 9999999860.872501
300.0 0.0 5.0 8.75 9999999980.163301
300.0 0.0 -10.0 10.0 597588759.6482
300.0 2.5 -10.0 10.0 4019808230.7681
300.0 5.0 -10.0 10.0 9999999901.444
300.0 7.5 -10.0 10.0 10000000040.613201
300.0 10.0 -10.0 10.0 8373.8895
300.0 2.5 -7.5 10.0 9999999825.1847
300.0 5.0 -7.5 10.0 9999999949.3591
300.0 -5.0 -5.0 10.0 7029883.0159
300.0 0.0 -5.0 10.0 4970269949.6851
300.0 2.5 -5.0 10.0 9999999286.4873
300.0 5.0 -5.0 10.0 10000000123.6947
300.0 -5.0 -2.5 10.0 246999120.7874
300.0 -2.5 -2.5 10.0 10000000048.761301
300.0 0.0 -2.5 10.0 10000000025.352701
300.0 2.5 -2.5 10.0 9992985356.6919
300.0 -5.0 0.0 10.0 473505890.2905
300.0 -2.5 0.0 10.0 13903619.4431
300.0 0.0 0.0 10.0 10000000063.8514
300.0 2.5 0.0 10.0 9999999977.7429
300.0 0.0 2.5 10.0 9025420739.2873
300.0 0.0 5.0 10.0 10000000023.7509
300.0 2.5 5.0 10.0 10000000127.232101
300.0 0.0 -10.0 11.25 8212729.692799999
300.0 2.5 -10.0 11.25 9999999857.863602
300.0 5.0 -10.0 11.25 7122042.410800001
300.0 7.5 -10.0 11.25 606258220.4775001
300.0 10.0 -10.0 11.25 1245.639
300.0 -2.5 -7.5 11.25 815452512.8673
300.0 0.0 -7.5 11.25 10000000022.2103
300.0 2.5 -7.5 11.25 578945962.5944
300.0 5.0 -7.5 11.25 9999999902.159
300.0 7.5 -7.5 11.25 9999999968.5841
300.0 -5.0 -5.0 11.25 2326292.8002000004
300.0 -2.5 -5.0 11.25 9999999909.957602
300.0 0.0 -5.0 11.25 1288629935.4427001
300.0 2.5 -5.0 11.25 5879256570.8127
300.0 5.0 -5.0 11.25 9999999739.845402
300.0 -5.0 -2.5 11.25 846886.074
300.0 -2.5 -2.5 11.25 9999999791.112202
300.0 0.0 -2.5 11.25 3973378279.8842
300.0 2.5 -2.5 11.25 9999999845.937601
300.0 -5.0 0.0 11.25 587800.1313
300.0 -2.5 0.0 11.25 9999999828.038
300.0 0.0 0.0 11.25 9999999762.8673
300.0 2.5 0.0 11.25 10000000034.758902
300.0 -5.0 2.5 11.25 10000000010.137402
300.0 -2.5 2.5 11.25 9999999992.869001
300.0 0.0 2.5 11.25 573185213.9092001
300.0 2.5 2.5 11.25 3211120620.7725
300.0 5.0 2.5 11.25 3928864537.5723
300.0 0.0 5.0 11.25 8470048652.0665
300.0 2.5 5.0 11.25 10000000085.3708
300.0 5.0 5.0 11.25 10000000066.1016
300.0 7.5 5.0 11.25 1446017978.6241
300.0 -2.5 -10.0 12.5 3089.5465999999997
300.0 0.0 -10.0 12.5 1096908.6838
300.0 2.5 -10.0 12.5 9999999924.3419
300.0 5.0 -10.0 12.5 91004156.1586
300.0 7.5 -10.0 12.5 2820.6274
300.0 10.0 -10.0 12.5 5.2250000000000005
300.0 -2.5 -7.5 12.5 1105.938
300.0 0.0 -7.5 12.5 8369749871.0992
300.0 2.5 -7.5 12.5 4168842524.8827
300.0 5.0 -7.5 12.5 6058660147.4322
300.0 7.5 -7.5 12.5 13868812.9138
300.0 -5.0 -5.0 12.5 558.564
300.0 -2.5 -5.0 12.5 2319114.0059
300.0 0.0 -5.0 12.5 262291840.511
300.0 2.5 -5.0 12.5 9999999949.0638
300.0 5.0 -5.0 12.5 9999999927.675701
300.0 -5.0 -2.5 12.5 4313.6775
300.0 -2.5 -2.5 12.5 1366614835.184
300.0 0.0 -2.5 12.5 9999999984.336601
300.0 2.5 -2.5 12.5 10000000052.290401
300.0 5.0 -2.5 12.5 9999999876.144701
300.0 -5.0 0.0 12.5 1749.9831
300.0 -2.5 0.0 12.5 958205474.0141
300.0 0.0 0.0 12.5 9999999938.3756
300.0 2.5 0.0 12.5 9999999917.805101
300.0 5.0 0.0 12.5 9999999991.253101
300.0 7.5 0.0 12.5 10000000226.6916
300.0 -5.0 2.5 12.5 625868.8048
300.0 -2.5 2.5 12.5 3645260952.9691
300.0 0.0 2.5 12.5 9999999889.879501
300.0 2.5 2.5 12.5 127308083.288
300.0 5.0 2.5 12.5 10000000038.6387
300.0 7.5 2.5 12.5 914678587.7224
300.0 -5.0 5.0 12.5 716224592.8468
300.0 -2.5 5.0 12.5 9999999859.1737
300.0 0.0 5.0 12.5 10400689.0648
300.0 2.5 5.0 12.5 974073762.7305
300.0 5.0 5.0 12.5 10000000093.7707
300.0 7.5 5.0 12.5 309498.1811
300.0 -2.5 -10.0 13.75 -23.498900000000003
300.0 0.0 -10.0 13.75 2044.6942999999999
300.0 2.5 -10.0 13.75 39653948.7766
300.0 5.0 -10.0 13.75 117329039.5054
300.0 7.5 -10.0 13.75 107.2863
300.0 10.0 -10.0 13.75 8.7297
300.0 -5.0 -7.5 13.75 -25.3856
300.0 -2.5 -7.5 13.75 -35.1876
300.0 0.0 -7.5 13.75 9999999849.0842
300.0 2.5 -7.5 13.75 23683181.499399997
300.0 5.0 -7.5 13.75 13906982.5786
300.0 7.5 -7.5 13.75 52618.403
300.0 -5.0 -5.0 13.75 -52.3068
300.0 -2.5 -5.0 13.75 3189.9487999999997
300.0 0.0 -5.0 13.75 1441598367.331
300.0 2.5 -5.0 13.75 3070407523.5067997
300.0 5.0 -5.0 13.75 10000000074.8852
300.0 -5.0 -2.5 13.75 -57.3553
300.0 -2.5 -2.5 13.75 96769717.3986
300.0 0.0 -2.5 13.75 652946255.2177
300.0 2.5 -2.5 13.75 993747566.2458
300.0 5.0 -2.5 13.75 9999999914.458601
300.0 7.5 -2.5 13.75 9999999875.6263
300.0 -5.0 0.0 13.75 -29.570999999999998
300.0 -2.5 0.0 13.75 106864053.3575
300.0 0.0 0.0 13.75 376679634.483
300.0 2.5 0.0 13.75 9999999968.9685
300.0 5.0 0.0 13.75 9999999832.414001
300.0 7.5 0.0 13.75 9999999950.701601
300.0 -5.0 2.5 13.75 7737593.007900001
300.0 -2.5 2.5 13.75 73201954.9462
300.0 0.0 2.5 13.75 783099909.1579
300.0 2.5 2.5 13.75 9999999932.895
300.0 5.0 2.5 13.75 9999999420.069
300.0 7.5 2.5 13.75 4837294663.497801
300.0 10.0 2.5 13.75 9999999872.765202
300.0 -5.0 5.0 13.75 52592624.6441
300.0 -2.5 5.0 13.75 1125729305.8619
300.0 0.0 5.0 13.75 1186823.9881000002
300.0 2.5 5.0 13.75 10000000017.755001
300.0 5.0 5.0 13.75 928628817.2413
300.0 7.5 5.0 13.75 1013089.1467
300.0 10.0 5.0 13.75 9999999976.193401
300.0 -2.5 -10.0 15.0 -13.0227
300.0 0.0 -10.0 15.0 144.6815
300.0 2.5 -10.0 15.0 63317.4348
300.0 5.0 -10.0 15.0 73311.9885
300.0 7.5 -10.0 15.0 10.693299999999999
300.0 10.0 -10.0 15.0 11.7031
300.0 -5.0 -7.5 15.0 -20.219700000000003
300.0 -2.5 -7.5 15.0 -30.437799999999996
300.0 0.0 -7.5 15.0 12235.847899999999
300.0 2.5 -7.5 15.0 430230740.6972
300.0 5.0 -7.5 15.0 13243523.1097
300.0 7.5 -7.5 15.0 166719.9429
300.0 10.0 -7.5 15.0 10.9666
300.0 -5.0 -5.0 15.0 -42.837700000000005
300.0 -2.5 -5.0 15.0 -29.8039
300.0 0.0 -5.0 15.0 35711214.6537
300.0 2.5 -5.0 15.0 3554187007.5319
300.0 5.0 -5.0 15.0 10000000065.068401
300.0 7.5 -5.0 15.0 9999999979.958601
300.0 -5.0 -2.5 15.0 -63.6621
300.0 -2.5 -2.5 15.0 62191.674699999996
300.0 0.0 -2.5 15.0 9999999932.915901
300.0 2.5 -2.5 15.0 9999999983.5421
300.0 5.0 -2.5 15.0 367785439.33779997
300.0 7.5 -2.5 15.0 9999999987.2858
300.0 10.0 -2.5 15.0 258088.6279
300.0 -5.0 0.0 15.0 -58.056200000000004
300.0 -2.5 0.0 15.0 1714621.4664999999
300.0 0.0 0.0 15.0 26307503.2395
300.0 2.5 0.0 15.0 9999999990.8143
300.0 5.0 0.0 15.0 9999999941.849401
300.0 7.5 0.0 15.0 9999999998.369202
300.0 10.0 0.0 15.0 443232707.9156
300.0 -5.0 2.5 15.0 13.609299999999998
300.0 -2.5 2.5 15.0 49185505.570700005
300.0 0.0 2.5 15.0 879302.6286
300.0 2.5 2.5 15.0 9999999897.4972
300.0 5.0 2.5 15.0 9999999984.6502
300.0 7.5 2.5 15.0 458182945.018
300.0 10.0 2.5 15.0 7904505998.637401
300.0 -5.0 5.0 15.0 5366413.7577
300.0 -2.5 5.0 15.0 9999999942.614601
300.0 0.0 5.0 15.0 94431.363
300.0 2.5 5.0 15.0 387186828.39000005
300.0 5.0 5.0 15.0 10000000008.346401
300.0 7.5 5.0 15.0 11810324.3937
300.0 10.0 5.0 15.0 10000000045.0328
300.0 -5.0 -10.0 16.25 -3.2857000000000003
300.0 -2.5 -10.0 16.25 -7.5021
300.0 0.0 -10.0 16.25 -8.3696
300.0 2.5 -10.0 16.25 -0.8278999999999996
300.0 5.0 -10.0 16.25 21.2739
300.0 7.5 -10.0 16.25 10.7106
300.0 10.0 -10.0 16.25 11.672799999999999
300.0 -5.0 -7.5 16.25 -14.0467
300.0 -2.5 -7.5 16.25 -19.9088
300.0 0.0 -7.5 16.25 2002.3701
300.0 2.5 -7.5 16.25 267803.9975
300.0 5.0 -7.5 16.25 461066.41740000003
300.0 7.5 -7.5 16.25 9999999962.9923
300.0 10.0 -7.5 16.25 15.530100000000001
300.0 -5.0 -5.0 16.25 -31.1009
300.0 -2.5 -5.0 16.25 -44.0828
300.0 0.0 -5.0 16.25 8084504.191000001
300.0 2.5 -5.0 16.25 9999999992.235102
300.0 5.0 -5.0 16.25 10000000010.621
300.0 7.5 -5.0 16.25 10000000045.9943
300.0 10.0 -5.0 16.25 246.4994
300.0 -5.0 -2.5 16.25 -45.362
300.0 -2.5 -2.5 16.25 -39.5757
300.0 0.0 -2.5 16.25 56622131.1784
300.0 2.5 -2.5 16.25 2504620629.137
300.0 5.0 -2.5 16.25 615310974.4056
300.0 7.5 -2.5 16.25 9999999916.1044
300.0 10.0 -2.5 16.25 12230.0871
300.0 -5.0 0.0 16.25 -44.672399999999996
300.0 -2.5 0.0 16.25 31299.694
300.0 0.0 0.0 16.25 4104954531.5026
300.0 2.5 0.0 16.25 9999999969.8405
300.0 5.0 0.0 16.25 746054374.0294
300.0 7.5 0.0 16.25 6635804465.7804
300.0 10.0 0.0 16.25 24817395.5412
300.0 -5.0 2.5 16.25 -36.383
300.0 -2.5 2.5 16.25 972615.1019
300.0 0.0 2.5 16.25 26145785.9054
300.0 2.5 2.5 16.25 101972317.8907
300.0 5.0 2.5 16.25 9999999945.7241
300.0 7.5 2.5 16.25 1122107271.1461
300.0 10.0 2.5 16.25 1108923525.5052001
300.0 -5.0 5.0 16.25 33.56569999999999
300.0 -2.5 5.0 16.25 6398541.643800001
300.0 0.0 5.0 16.25 39710856.5643
300.0 2.5 5.0 16.25 575426419.4811
300.0 5.0 5.0 16.25 10000000046.736502
300.0 7.5 5.0 16.25 90831571.89649999
300.0 10.0 5.0 16.25 69270317.7807
