0.0 5.0 -7.5 6.25 5.8634
0.0 -2.5 5.0 6.25 9999999964.720701
0.0 0.0 2.5 7.5 5789576229.3538
0.0 -2.5 5.0 7.5 9999999948.0568
0.0 0.0 5.0 7.5 756874496.6350001
0.0 2.5 -10.0 8.75 2.6237
0.0 5.0 -10.0 8.75 1.7606000000000002
0.0 7.5 -10.0 8.75 0.6674
0.0 0.0 -7.5 8.75 6.7501
0.0 5.0 -7.5 8.75 5.8412999999999995
0.0 0.0 0.0 8.75 138776.0621
0.0 0.0 2.5 8.75 691860028.6498
0.0 -2.5 5.0 8.75 9999999890.0296
0.0 0.0 5.0 8.75 9999999879.5741
0.0 2.5 5.0 8.75 9999999838.4981
0.0 5.0 5.0 8.75 10000000005.610401
0.0 5.0 -10.0 10.0 1.3504
0.0 7.5 -10.0 10.0 0.5485
0.0 0.0 -7.5 10.0 5.542
0.0 2.5 -7.5 10.0 6.2455
0.0 5.0 -7.5 10.0 4.8845
0.0 -2.5 -5.0 10.0 6.2908
0.0 2.5 -5.0 10.0 13.1937
0.0 -2.5 -2.5 10.0 4.7506
0.0 0.0 -2.5 10.0 18.5032
0.0 -2.5 0.0 10.0 9632.8836
0.0 0.0 0.0 10.0 26052.8956
0.0 2.5 0.0 10.0 249515.9431
0.0 0.0 2.5 10.0 13254410.9736
0.0 2.5 2.5 10.0 33640497.806700006
0.0 7.5 2.5 10.0 38006.1368
0.0 -2.5 5.0 10.0 7645019592.37
0.0 0.0 5.0 10.0 468896382.7519
0.0 2.5 5.0 10.0 10000000009.700901
0.0 5.0 5.0 10.0 2760814167.0816
0.0 2.5 -10.0 11.25 1.1499
0.0 5.0 -10.0 11.25 0.8029
0.0 7.5 -10.0 11.25 0.24489999999999998
0.0 10.0 -10.0 11.25 -0.058
0.0 0.0 -7.5 11.25 4.1793000000000005
0.0 2.5 -7.5 11.25 4.5079
0.0 5.0 -7.5 11.25 3.5084999999999997
0.0 7.5 -7.5 11.25 1.8873
0.0 -2.5 -5.0 11.25 4.6419999999999995
0.0 0.0 -5.0 11.25 8.9694
0.0 2.5 -5.0 11.25 10.1503
0.0 5.0 -5.0 11.25 7.842
0.0 -5.0 -2.5 11.25 -4.545
0.0 -2.5 -2.5 11.25 3.0193000000000003
0.0 0.0 -2.5 11.25 12.6563
0.0 7.5 -2.5 11.25 6.0837
0.0 -2.5 0.0 11.25 148.25560000000002
0.0 0.0 0.0 11.25 28.3492
0.0 2.5 0.0 11.25 1987.6744999999999
0.0 -2.5 2.5 11.25 12351857.592300002
0.0 0.0 2.5 11.25 59090061.8834
0.0 2.5 2.5 11.25 188281.2739
0.0 5.0 2.5 11.25 27460476.0619
0.0 7.5 2.5 11.25 88.3473
0.0 -5.0 5.0 11.25 9999999969.6261
0.0 -2.5 5.0 11.25 35934927.669700004
0.0 0.0 5.0 11.25 419238148.23870003
0.0 2.5 5.0 11.25 5346813869.297
0.0 5.0 5.0 11.25 281587631.65749997
0.0 7.5 5.0 11.25 3254.124
0.0 0.0 -10.0 12.5 0.8344
0.0 2.5 -10.0 12.5 0.7706000000000001
0.0 5.0 -10.0 12.5 0.472
0.0 7.5 -10.0 12.5 0.1479
0.0 10.0 -10.0 12.5 -0.0053
0.0 -2.5 -7.5 12.5 1.5643
0.0 0.0 -7.5 12.5 2.9202
0.0 2.5 -7.5 12.5 2.9755
0.0 5.0 -7.5 12.5 2.0852
0.0 7.5 -7.5 12.5 1.0928
0.0 10.0 -7.5 12.5 0.3516
0.0 -5.0 -5.0 12.5 -0.6860999999999999
0.0 -2.5 -5.0 12.5 3.1459
0.0 0.0 -5.0 12.5 6.306100000000001
0.0 2.5 -5.0 12.5 6.8683000000000005
0.0 5.0 -5.0 12.5 5.275399999999999
0.0 7.5 -5.0 12.5 2.6847000000000003
0.0 10.0 -5.0 12.5 1.1575
0.0 -5.0 -2.5 12.5 -3.6806
0.0 -2.5 -2.5 12.5 1.5852
0.0 0.0 -2.5 12.5 8.8441
0.0 2.5 -2.5 12.5 10.3148
0.0 5.0 -2.5 12.5 7.4833
0.0 7.5 -2.5 12.5 3.9255999999999998
0.0 -5.0 0.0 12.5 -17.9031
0.0 -2.5 0.0 12.5 -9.0445
0.0 0.0 0.0 12.5 6.8232
0.0 2.5 0.0 12.5 5.447299999999999
0.0 5.0 0.0 12.5 4.432
0.0 -2.5 2.5 12.5 9913.8018
0.0 0.0 2.5 12.5 9999999878.437601
0.0 2.5 2.5 12.5 2914.7621
0.0 5.0 2.5 12.5 1287.7939999999999
0.0 7.5 2.5 12.5 0.41169999999999973
0.0 10.0 2.5 12.5 0.18819999999999992
0.0 -5.0 5.0 12.5 377498056.2807
0.0 -2.5 5.0 12.5 10000000052.328402
0.0 0.0 5.0 12.5 10000000009.3666
0.0 2.5 5.0 12.5 9999999981.173801
0.0 5.0 5.0 12.5 144980.48820000002
0.0 7.5 5.0 12.5 14.5393
0.0 10.0 5.0 12.5 0.3817999999999999
0.0 0.0 -10.0 13.75 0.4289
0.0 2.5 -10.0 13.75 0.48829999999999996
0.0 5.0 -10.0 13.75 0.3429
0.0 7.5 -10.0 13.75 0.1431
0.0 10.0 -10.0 13.75 0.01
0.0 -2.5 -7.5 13.75 0.9856
0.0 0.0 -7.5 13.75 1.8432
0.0 2.5 -7.5 13.75 1.9487999999999999
0.0 5.0 -7.5 13.75 1.2724
0.0 7.5 -7.5 13.75 0.6883
0.0 10.0 -7.5 13.75 0.2189
0.0 -5.0 -5.0 13.75 -0.6019
0.0 -2.5 -5.0 13.75 1.7378
0.0 0.0 -5.0 13.75 4.072500000000001
0.0 2.5 -5.0 13.75 4.3359000000000005
0.0 5.0 -5.0 13.75 3.2331
0.0 7.5 -5.0 13.75 1.6362
0.0 10.0 -5.0 13.75 0.8338
0.0 -5.0 -2.5 13.75 -3.5163
0.0 -2.5 -2.5 13.75 0.5049999999999999
0.0 0.0 -2.5 13.75 5.6234
0.0 2.5 -2.5 13.75 6.6821
0.0 5.0 -2.5 13.75 4.6173
0.0 7.5 -2.5 13.75 2.5408999999999997
0.0 -5.0 0.0 13.75 -14.1375
0.0 -2.5 0.0 13.75 -6.2057
0.0 0.0 0.0 13.75 3.9404
0.0 2.5 0.0 13.75 2.6677999999999997
0.0 5.0 0.0 13.75 3.3085000000000004
0.0 7.5 0.0 13.75 1.9558999999999997
0.0 -5.0 2.5 13.75 14838.8671
0.0 -2.5 2.5 13.75 33.572199999999995
0.0 0.0 2.5 13.75 654.567
0.0 2.5 2.5 13.75 110.4843
0.0 5.0 2.5 13.75 -3.5657
0.0 7.5 2.5 13.75 0.5752999999999999
0.0 10.0 2.5 13.75 0.9357000000000001
0.0 -5.0 5.0 13.75 1350478988.6259
0.0 -2.5 5.0 13.75 100725384.6962
0.0 0.0 5.0 13.75 9999999981.631102
0.0 2.5 5.0 13.75 2975458273.6726
0.0 5.0 5.0 13.75 515.3859
0.0 7.5 5.0 13.75 0.41579999999999995
0.0 10.0 5.0 13.75 1.2045
0.0 -5.0 -10.0 15.0 0.0003
0.0 -2.5 -10.0 15.0 0.0616
0.0 0.0 -10.0 15.0 0.17350000000000002
0.0 2.5 -10.0 15.0 0.21989999999999998
0.0 5.0 -10.0 15.0 0.169
0.0 7.5 -10.0 15.0 0.0555
0.0 10.0 -10.0 15.0 0.0
0.0 -5.0 -7.5 15.0 -0.1358
0.0 -2.5 -7.5 15.0 0.7757999999999999
0.0 0.0 -7.5 15.0 1.4224
0.0 2.5 -7.5 15.0 1.1909
0.0 5.0 -7.5 15.0 0.7448
0.0 7.5 -7.5 15.0 0.3742
0.0 10.0 -7.5 15.0 0.1521
0.0 -5.0 -5.0 15.0 -0.8657
0.0 -2.5 -5.0 15.0 1.1887
0.0 0.0 -5.0 15.0 2.3388999999999998
0.0 2.5 -5.0 15.0 2.6805
0.0 5.0 -5.0 15.0 1.8637
0.0 7.5 -5.0 15.0 0.9715
0.0 10.0 -5.0 15.0 0.5691999999999999
0.0 -5.0 -2.5 15.0 -3.3094
0.0 -2.5 -2.5 15.0 -0.5073000000000001
0.0 0.0 -2.5 15.0 2.5556
0.0 2.5 -2.5 15.0 3.8038000000000003
0.0 5.0 -2.5 15.0 2.8281
0.0 7.5 -2.5 15.0 1.3435000000000001
0.0 10.0 -2.5 15.0 0.9008999999999999
0.0 -5.0 0.0 15.0 -11.6415
0.0 -2.5 0.0 15.0 -5.8356
0.0 0.0 0.0 15.0 1.2782
0.0 2.5 0.0 15.0 1.4589
0.0 5.0 0.0 15.0 1.9489
0.0 7.5 0.0 15.0 1.3172000000000001
0.0 10.0 0.0 15.0 0.9673999999999999
0.0 -5.0 2.5 15.0 221.2604
0.0 -2.5 2.5 15.0 -18.3356
0.0 0.0 2.5 15.0 1989.3063
0.0 2.5 2.5 15.0 2.5918
0.0 5.0 2.5 15.0 -2.5678
0.0 7.5 2.5 15.0 0.8827999999999999
0.0 10.0 2.5 15.0 0.9834
0.0 -5.0 5.0 15.0 88566.4357
0.0 -2.5 5.0 15.0 27597.852600000002
0.0 0.0 5.0 15.0 261034.6965
0.0 2.5 5.0 15.0 2954190.4960999996
0.0 5.0 5.0 15.0 21.0032
0.0 7.5 5.0 15.0 1.4277
0.0 10.0 5.0 15.0 1.0781999999999998
0.0 -5.0 -10.0 16.25 0.0
0.0 -2.5 -10.0 16.25 0.0026
0.0 0.0 -10.0 16.25 0.053
0.0 2.5 -10.0 16.25 0.0886
0.0 5.0 -10.0 16.25 0.052
0.0 7.5 -10.0 16.25 0.0061
0.0 10.0 -10.0 16.25 0.0
0.0 -5.0 -7.5 16.25 -0.1794
0.0 -2.5 -7.5 16.25 0.39690000000000003
0.0 0.0 -7.5 16.25 0.8531000000000001
0.0 2.5 -7.5 16.25 0.7308
0.0 5.0 -7.5 16.25 0.43320000000000003
0.0 7.5 -7.5 16.25 0.2208
0.0 10.0 -7.5 16.25 0.041
0.0 -5.0 -5.0 16.25 -0.8628
0.0 -2.5 -5.0 16.25 0.6909
0.0 0.0 -5.0 16.25 1.5170000000000001
0.0 2.5 -5.0 16.25 1.6774
0.0 5.0 -5.0 16.25 0.8515
0.0 7.5 -5.0 16.25 0.5656
0.0 10.0 -5.0 16.25 0.2591
0.0 -5.0 -2.5 16.25 -2.7315
0.0 -2.5 -2.5 16.25 -0.5565
0.0 0.0 -2.5 16.25 1.2819
0.0 2.5 -2.5 16.25 1.9030999999999998
0.0 5.0 -2.5 16.25 1.6769999999999998
0.0 7.5 -2.5 16.25 0.6728
0.0 10.0 -2.5 16.25 0.5325
0.0 -5.0 0.0 16.25 -9.674999999999999
0.0 -2.5 0.0 16.25 -4.8925
0.0 0.0 0.0 16.25 0.11370000000000002
0.0 2.5 0.0 16.25 0.9706999999999999
0.0 5.0 0.0 16.25 1.1371
0.0 7.5 0.0 16.25 0.9757000000000001
0.0 10.0 0.0 16.25 0.5618
0.0 -5.0 2.5 16.25 -24.7288
0.0 -2.5 2.5 16.25 -14.2493
0.0 0.0 2.5 16.25 10.7449
0.0 2.5 2.5 16.25 -2.9662
0.0 5.0 2.5 16.25 -0.6901
0.0 7.5 2.5 16.25 0.6181000000000001
0.0 10.0 2.5 16.25 0.8039000000000001
0.0 -5.0 5.0 16.25 1.6754999999999995
0.0 -2.5 5.0 16.25 -21.779400000000003
0.0 0.0 5.0 16.25 894.9849
0.0 2.5 5.0 16.25 11354.5867
0.0 5.0 5.0 16.25 0.41800000000000015
0.0 7.5 5.0 16.25 1.6648999999999998
0.0 10.0 5.0 16.25 1.0093
60.0 -5.0 -10.0 3.75 1.6871999999999998
60.0 -2.5 -10.0 3.75 116904.2004
60.0 0.0 -10.0 3.75 8.316399999999998
60.0 2.5 -10.0 3.75 -18.6208
60.0 5.0 -10.0 3.75 -8.791500000000001
60.0 7.5 -10.0 3.75 -2.5804
60.0 10.0 -10.0 3.75 -0.009600000000000001
60.0 -5.0 -7.5 3.75 8402.9987
60.0 -2.5 -7.5 3.75 179852378.8121
60.0 0.0 -7.5 3.75 36632705.7109
60.0 2.5 -7.5 3.75 66.22229999999999
60.0 5.0 -7.5 3.75 -5.7764
60.0 7.5 -7.5 3.75 -0.5671999999999999
60.0 10.0 -7.5 3.75 0.8357
60.0 -5.0 -5.0 3.75 1758033.531
60.0 -2.5 -5.0 3.75 1219215.2616
60.0 0.0 -5.0 3.75 1243691050.7954
60.0 2.5 -5.0 3.75 1364371.2673
60.0 5.0 -5.0 3.75 1.0543000000000005
60.0 7.5 -5.0 3.75 5.274699999999999
60.0 10.0 -5.0 3.75 2.6404
60.0 -5.0 -2.5 3.75 83820367.3674
60.0 -2.5 -2.5 3.75 10000000075.9134
60.0 0.0 -2.5 3.75 10000000356.8237
60.0 2.5 -2.5 3.75 767926067.1682
60.0 5.0 -2.5 3.75 23833.55
60.0 7.5 -2.5 3.75 71.3617
60.0 10.0 -2.5 3.75 3.4821
60.0 -5.0 0.0 3.75 10000000007.6285
60.0 -2.5 0.0 3.75 4090549656.4259
60.0 0.0 0.0 3.75 10000000075.653
60.0 2.5 0.0 3.75 2778558575.7947
60.0 5.0 0.0 3.75 131775795.7931
60.0 7.5 0.0 3.75 567.6963
60.0 10.0 0.0 3.75 0.4495999999999998
60.0 -5.0 2.5 3.75 248077686.1867
60.0 -2.5 2.5 3.75 10000000093.241402
60.0 0.0 2.5 3.75 10000000048.9085
60.0 2.5 2.5 3.75 10000000018.611
60.0 5.0 2.5 3.75 788313089.7526
60.0 7.5 2.5 3.75 10000000021.0305
60.0 10.0 2.5 3.75 -4.3162
60.0 -5.0 5.0 3.75 10000000076.3409
60.0 -2.5 5.0 3.75 10000000330.9738
60.0 0.0 5.0 3.75 10000000005.755701
60.0 2.5 5.0 3.75 10000000055.751501
60.0 5.0 5.0 3.75 9999999995.5179
60.0 7.5 5.0 3.75 968001122.8626
60.0 10.0 5.0 3.75 10518.3364
60.0 2.5 -2.5 5.0 57211.6172
60.0 0.0 0.0 5.0 9999999837.337101
60.0 0.0 2.5 5.0 82622373.3691
60.0 2.5 -2.5 6.25 2496606.1858
60.0 0.0 0.0 6.25 1437449.9468999999
60.0 0.0 2.5 6.25 4230718607.9337997
60.0 0.0 5.0 6.25 10000000126.0806
60.0 2.5 -5.0 7.5 -4.2897
60.0 2.5 -2.5 7.5 12948.287199999999
60.0 5.0 -2.5 7.5 6.8554
60.0 -2.5 0.0 7.5 725101483.2583
60.0 0.0 0.0 7.5 1221779.103
60.0 2.5 0.0 7.5 32535.777299999998
60.0 0.0 2.5 7.5 10000000014.0933
60.0 0.0 5.0 7.5 10000000109.720001
60.0 2.5 -7.5 8.75 -4.2928
60.0 2.5 -5.0 8.75 0.4294000000000002
60.0 5.0 -5.0 8.75 2.3680999999999996
60.0 0.0 -2.5 8.75 265107.94710000005
60.0 2.5 -2.5 8.75 19.2225
60.0 -2.5 0.0 8.75 10000000013.036001
60.0 0.0 0.0 8.75 394427.22239999997
60.0 2.5 0.0 8.75 1158.64
60.0 -2.5 2.5 8.75 47036249.3492
60.0 0.0 2.5 8.75 4407811030.5093
60.0 0.0 5.0 8.75 9999999959.771101
60.0 5.0 -10.0 10.0 -1.3485
60.0 2.5 -7.5 10.0 -1.6763
60.0 5.0 -7.5 10.0 -0.8438
60.0 7.5 -7.5 10.0 -0.5733
60.0 0.0 -5.0 10.0 4.6413
60.0 2.5 -5.0 10.0 2.0525
60.0 5.0 -5.0 10.0 2.2990999999999997
60.0 -2.5 -2.5 10.0 9999999958.191801
60.0 0.0 -2.5 10.0 3688.1981
60.0 2.5 -2.5 10.0 8.224699999999999
60.0 5.0 -2.5 10.0 5.8375
60.0 7.5 -2.5 10.0 3.3916
60.0 -2.5 0.0 10.0 171790383.7208
60.0 0.0 0.0 10.0 189411645.3451
60.0 2.5 0.0 10.0 89.3972
60.0 -2.5 2.5 10.0 93826464.0045
60.0 0.0 2.5 10.0 14475650.2654
60.0 2.5 2.5 10.0 71708.1279
60.0 -2.5 5.0 10.0 6950640.6396
60.0 0.0 5.0 10.0 9999999994.5272
60.0 2.5 5.0 10.0 10000000042.026402
60.0 2.5 -10.0 11.25 -1.3149
60.0 5.0 -10.0 11.25 -0.8838
60.0 10.0 -10.0 11.25 -0.0238
60.0 0.0 -7.5 11.25 -1.1728
60.0 2.5 -7.5 11.25 -0.8198
60.0 5.0 -7.5 11.25 -0.3016
60.0 7.5 -7.5 11.25 -0.7091000000000001
60.0 0.0 -5.0 11.25 2.4204
60.0 2.5 -5.0 11.25 1.6839000000000002
60.0 5.0 -5.0 11.25 1.3571
60.0 -2.5 -2.5 11.25 39758428.6055
60.0 0.0 -2.5 11.25 608.7432
60.0 2.5 -2.5 11.25 4.4449000000000005
60.0 5.0 -2.5 11.25 4.239800000000001
60.0 7.5 -2.5 11.25 2.2756
60.0 -5.0 0.0 11.25 14040.1829
60.0 -2.5 0.0 11.25 257426.3999
60.0 0.0 0.0 11.25 50443.326
60.0 2.5 0.0 11.25 11.277
60.0 5.0 0.0 11.25 7.456899999999999
60.0 -5.0 2.5 11.25 5065119.1748
60.0 -2.5 2.5 11.25 10000000007.396101
60.0 0.0 2.5 11.25 3852296.0259
60.0 2.5 2.5 11.25 84.9182
60.0 5.0 2.5 11.25 13.129100000000001
60.0 -2.5 5.0 11.25 3548275.0687
60.0 0.0 5.0 11.25 9999999974.601501
60.0 2.5 5.0 11.25 18881605.816400003
60.0 5.0 5.0 11.25 161.3252
60.0 7.5 5.0 11.25 4.6716
60.0 -2.5 -10.0 12.5 -0.7923
60.0 0.0 -10.0 12.5 -1.4022
60.0 2.5 -10.0 12.5 -0.6748
60.0 5.0 -10.0 12.5 -0.4805
60.0 7.5 -10.0 12.5 -0.2183
60.0 10.0 -10.0 12.5 0.0
60.0 0.0 -7.5 12.5 -0.7264999999999999
60.0 2.5 -7.5 12.5 -0.6361
60.0 5.0 -7.5 12.5 -0.1061
60.0 7.5 -7.5 12.5 -0.2914
60.0 10.0 -7.5 12.5 0.0249
60.0 -2.5 -5.0 12.5 0.14070000000000005
60.0 0.0 -5.0 12.5 0.3166000000000002
60.0 2.5 -5.0 12.5 0.9042000000000001
60.0 5.0 -5.0 12.5 0.8352
60.0 7.5 -5.0 12.5 0.2233
60.0 -5.0 -2.5 12.5 8.2005
60.0 -2.5 -2.5 12.5 16548.268799999998
60.0 0.0 -2.5 12.5 5.3408
60.0 2.5 -2.5 12.5 2.0953999999999997
60.0 5.0 -2.5 12.5 3.2059
60.0 7.5 -2.5 12.5 1.8214
60.0 -5.0 0.0 12.5 1787.079
60.0 -2.5 0.0 12.5 524.5831000000001
60.0 0.0 0.0 12.5 24.8322
60.0 2.5 0.0 12.5 2.1696000000000004
60.0 5.0 0.0 12.5 4.7873
60.0 -5.0 2.5 12.5 1353.4077
60.0 -2.5 2.5 12.5 3071415.9312
60.0 0.0 2.5 12.5 52710.8608
60.0 2.5 2.5 12.5 5.3289
60.0 5.0 2.5 12.5 5.900199999999999
60.0 7.5 2.5 12.5 3.8204000000000002
60.0 -5.0 5.0 12.5 314357.6679
60.0 -2.5 5.0 12.5 13713.3595
60.0 0.0 5.0 12.5 10000000028.1172
60.0 2.5 5.0 12.5 7143766.0348000005
60.0 5.0 5.0 12.5 -0.46279999999999966
60.0 7.5 5.0 12.5 3.6764000000000006
60.0 10.0 5.0 12.5 1.0438
60.0 -2.5 -10.0 13.75 -0.532
60.0 0.0 -10.0 13.75 -1.0799
60.0 2.5 -10.0 13.75 -0.3416
60.0 5.0 -10.0 13.75 -0.2409
60.0 7.5 -10.0 13.75 -0.0178
60.0 10.0 -10.0 13.75 0.0
60.0 0.0 -7.5 13.75 -0.5369
60.0 2.5 -7.5 13.75 -0.484
60.0 5.0 -7.5 13.75 0.008799999999999999
60.0 7.5 -7.5 13.75 -0.0929
60.0 10.0 -7.5 13.75 0.0032
60.0 -2.5 -5.0 13.75 -0.1855
60.0 0.0 -5.0 13.75 -0.20089999999999997
60.0 2.5 -5.0 13.75 0.9659
60.0 5.0 -5.0 13.75 0.73
60.0 7.5 -5.0 13.75 0.2573
60.0 10.0 -5.0 13.75 0.1346
60.0 -5.0 -2.5 13.75 0.8188
60.0 -2.5 -2.5 13.75 -2.3143
60.0 0.0 -2.5 13.75 -1.5782
60.0 2.5 -2.5 13.75 1.3446
60.0 5.0 -2.5 13.75 2.1543
60.0 7.5 -2.5 13.75 1.0522
60.0 -5.0 0.0 13.75 -5.2366
60.0 -2.5 0.0 13.75 -6.358499999999999
60.0 0.0 0.0 13.75 -3.4885
60.0 2.5 0.0 13.75 2.0058
60.0 5.0 0.0 13.75 3.2449
60.0 -5.0 2.5 13.75 -15.759
60.0 -2.5 2.5 13.75 556.5535
60.0 0.0 2.5 13.75 37.0245
60.0 2.5 2.5 13.75 0.15779999999999994
60.0 5.0 2.5 13.75 4.0501000000000005
60.0 7.5 2.5 13.75 1.9541
60.0 -5.0 5.0 13.75 263.4887
60.0 -2.5 5.0 13.75 616.1022
60.0 0.0 5.0 13.75 1503555495.7756
60.0 2.5 5.0 13.75 109.3823
60.0 5.0 5.0 13.75 -1.2824
60.0 7.5 5.0 13.75 2.2936
60.0 10.0 5.0 13.75 1.2488000000000001
60.0 -5.0 -10.0 15.0 0.5249
60.0 -2.5 -10.0 15.0 -0.4589
60.0 0.0 -10.0 15.0 -0.5882999999999999
60.0 2.5 -10.0 15.0 -0.1562
60.0 5.0 -10.0 15.0 -0.025599999999999998
60.0 7.5 -10.0 15.0 0.0
60.0 10.0 -10.0 15.0 0.0
60.0 -5.0 -7.5 15.0 2.1531
60.0 -2.5 -7.5 15.0 0.24850000000000003
60.0 0.0 -7.5 15.0 -0.12440000000000001
60.0 2.5 -7.5 15.0 -0.024
60.0 5.0 -7.5 15.0 0.0222
60.0 7.5 -7.5 15.0 0.0051
60.0 10.0 -7.5 15.0 0.0
60.0 -5.0 -5.0 15.0 2.1648
60.0 -2.5 -5.0 15.0 0.00610000000000005
60.0 0.0 -5.0 15.0 -0.11989999999999999
60.0 2.5 -5.0 15.0 0.44700000000000006
60.0 5.0 -5.0 15.0 0.48889999999999995
60.0 7.5 -5.0 15.0 0.1318
60.0 10.0 -5.0 15.0 0.0716
60.0 -5.0 -2.5 15.0 0.34550000000000003
60.0 -2.5 -2.5 15.0 -1.8298
60.0 0.0 -2.5 15.0 -0.8508
60.0 2.5 -2.5 15.0 0.8979999999999999
60.0 5.0 -2.5 15.0 0.9584999999999999
60.0 7.5 -2.5 15.0 0.4772
60.0 10.0 -2.5 15.0 0.3471
60.0 -5.0 0.0 15.0 -5.0171
60.0 -2.5 0.0 15.0 -4.914899999999999
60.0 0.0 0.0 15.0 -2.1784999999999997
60.0 2.5 0.0 15.0 1.103
60.0 5.0 0.0 15.0 1.2185000000000001
60.0 7.5 0.0 15.0 0.7939999999999999
60.0 -5.0 2.5 15.0 -13.4283
60.0 -2.5 2.5 15.0 -8.0616
60.0 0.0 2.5 15.0 -4.1312
60.0 2.5 2.5 15.0 -0.6203999999999998
60.0 5.0 2.5 15.0 1.4874
60.0 7.5 2.5 15.0 0.9213
60.0 10.0 2.5 15.0 1.0444
60.0 -5.0 5.0 15.0 -12.092699999999999
60.0 -2.5 5.0 15.0 -6.5600000000000005
60.0 0.0 5.0 15.0 18648.228799999997
60.0 2.5 5.0 15.0 -6.2041
60.0 5.0 5.0 15.0 -0.986
60.0 7.5 5.0 15.0 1.6526
60.0 10.0 5.0 15.0 1.3190000000000002
60.0 -5.0 -10.0 16.25 0.22610000000000002
60.0 -2.5 -10.0 16.25 -0.5038
60.0 0.0 -10.0 16.25 -0.3275
60.0 2.5 -10.0 16.25 -0.1137
60.0 5.0 -10.0 16.25 0.0
60.0 7.5 -10.0 16.25 0.0
60.0 10.0 -10.0 16.25 0.0
60.0 -5.0 -7.5 16.25 1.456
60.0 -2.5 -7.5 16.25 0.48019999999999996
60.0 0.0 -7.5 16.25 -0.42160000000000003
60.0 2.5 -7.5 16.25 -0.0674
60.0 5.0 -7.5 16.25 -0.047
60.0 7.5 -7.5 16.25 -0.0027
60.0 10.0 -7.5 16.25 0.0
60.0 -5.0 -5.0 16.25 1.8407
60.0 -2.5 -5.0 16.25 0.4105
60.0 0.0 -5.0 16.25 0.20600000000000002
60.0 2.5 -5.0 16.25 0.09569999999999998
60.0 5.0 -5.0 16.25 0.07490000000000001
60.0 7.5 -5.0 16.25 0.0369
60.0 10.0 -5.0 16.25 0.0225
60.0 -5.0 -2.5 16.25 0.10089999999999999
60.0 -2.5 -2.5 16.25 -0.5173
60.0 0.0 -2.5 16.25 -0.3115
60.0 2.5 -2.5 16.25 0.3237
60.0 5.0 -2.5 16.25 0.3517
60.0 7.5 -2.5 16.25 0.3634
60.0 10.0 -2.5 16.25 0.1882
60.0 -5.0 0.0 16.25 -3.3840000000000003
60.0 -2.5 0.0 16.25 -3.2103
60.0 0.0 0.0 16.25 -1.9416000000000002
60.0 2.5 0.0 16.25 0.0024000000000000132
60.0 5.0 0.0 16.25 0.47350000000000003
60.0 7.5 0.0 16.25 0.47090000000000004
60.0 10.0 0.0 16.25 0.485
60.0 -5.0 2.5 16.25 -10.0017
60.0 -2.5 2.5 16.25 -7.5927999999999995
60.0 0.0 2.5 16.25 -3.1007
60.0 2.5 2.5 16.25 -0.4092
60.0 5.0 2.5 16.25 0.28040000000000004
60.0 7.5 2.5 16.25 0.45820000000000005
60.0 10.0 2.5 16.25 0.6794
60.0 -5.0 5.0 16.25 -21.8976
60.0 -2.5 5.0 16.25 -15.5031
60.0 0.0 5.0 16.25 -2.7019
60.0 2.5 5.0 16.25 -3.2895999999999996
60.0 5.0 5.0 16.25 0.06369999999999987
60.0 7.5 5.0 16.25 0.8794
60.0 10.0 5.0 16.25 1.0362
120.0 -5.0 -10.0 3.75 -5.2823
120.0 -2.5 -10.0 3.75 0.9902000000000001
120.0 0.0 -10.0 3.75 8.4808
120.0 2.5 -10.0 3.75 10.638
120.0 5.0 -10.0 3.75 3.4475000000000002
120.0 7.5 -10.0 3.75 -5.1877
120.0 10.0 -10.0 3.75 -7.5715
120.0 -5.0 -7.5 3.75 -20.1995
120.0 -2.5 -7.5 3.75 -12.0449
120.0 0.0 -7.5 3.75 7.3837
120.0 2.5 -7.5 3.75 1125.6982999999998
120.0 5.0 -7.5 3.75 355060.4189
120.0 7.5 -7.5 3.75 1.358100000000002
120.0 10.0 -7.5 3.75 -16.8932
120.0 -5.0 -5.0 3.75 -42.1769
120.0 -2.5 -5.0 3.75 1791.57
120.0 0.0 -5.0 3.75 28.959200000000003
120.0 2.5 -5.0 3.75 45645.307700000005
120.0 5.0 -5.0 3.75 145050286.8955
120.0 7.5 -5.0 3.75 64159923.4407
120.0 10.0 -5.0 3.75 583.3065
120.0 -5.0 -2.5 3.75 15255118.6747
120.0 -2.5 -2.5 3.75 1189809365.8041
120.0 0.0 -2.5 3.75 61880145.7809
120.0 2.5 -2.5 3.75 110809821.3416
120.0 5.0 -2.5 3.75 9999999969.369001
120.0 7.5 -2.5 3.75 10000000011.7084
120.0 10.0 -2.5 3.75 73334.4654
120.0 -5.0 0.0 3.75 8896878683.2277
120.0 -2.5 0.0 3.75 10000000006.8598
120.0 0.0 0.0 3.75 111140126.1666
120.0 2.5 0.0 3.75 9999999929.371302
120.0 5.0 0.0 3.75 10000000527.0482
120.0 7.5 0.0 3.75 8604631662.0512
120.0 10.0 0.0 3.75 704332.7607
120.0 -5.0 2.5 3.75 10000000034.981401
120.0 -2.5 2.5 3.75 9999999997.6205
120.0 0.0 2.5 3.75 10000000077.3013
120.0 2.5 2.5 3.75 2508818860.6882
120.0 5.0 2.5 3.75 10000000270.466301
120.0 7.5 2.5 3.75 9999999944.767302
120.0 10.0 2.5 3.75 1715563.3190000001
120.0 -5.0 5.0 3.75 10000000019.392101
120.0 -2.5 5.0 3.75 10000000081.054901
120.0 0.0 5.0 3.75 10000000170.362902
120.0 2.5 5.0 3.75 10000000141.711
120.0 5.0 5.0 3.75 10000000038.959002
120.0 7.5 5.0 3.75 3097857354.3166
120.0 10.0 5.0 3.75 1773.2349
120.0 -2.5 5.0 5.0 10000000126.830801
120.0 -2.5 2.5 6.25 325873898.4826
120.0 -2.5 5.0 6.25 10000000028.6814
120.0 2.5 -7.5 7.5 2.7344999999999997
120.0 0.0 -5.0 7.5 12.5574
120.0 -2.5 0.0 7.5 9999999966.181501
120.0 -2.5 2.5 7.5 10000000037.6543
120.0 0.0 2.5 7.5 10000000041.9169
120.0 -2.5 5.0 7.5 10000000146.653101
120.0 0.0 5.0 7.5 645367679.0613
120.0 2.5 -7.5 8.75 2.0418000000000003
120.0 5.0 -7.5 8.75 -1.7566000000000002
120.0 0.0 -5.0 8.75 8.0286
120.0 0.0 0.0 8.75 9999999843.448801
120.0 -2.5 2.5 8.75 10000000042.2905
120.0 0.0 2.5 8.75 747822607.6452
120.0 -5.0 5.0 8.75 9999999976.4664
120.0 -2.5 5.0 8.75 5623392853.6283
120.0 0.0 5.0 8.75 949315008.3276
120.0 2.5 5.0 8.75 10000000050.9176
120.0 2.5 -10.0 10.0 1.4031
120.0 2.5 -7.5 10.0 1.6285999999999998
120.0 5.0 -7.5 10.0 -0.8672
120.0 7.5 -7.5 10.0 -2.9794
120.0 -2.5 -5.0 10.0 -6.2021999999999995
120.0 0.0 -5.0 10.0 5.7581
120.0 2.5 -5.0 10.0 2.0023000000000004
120.0 0.0 -2.5 10.0 1315.2309
120.0 0.0 0.0 10.0 339633025.1205
120.0 2.5 0.0 10.0 1255485951.1422
120.0 -5.0 2.5 10.0 9999999992.814201
120.0 -2.5 2.5 10.0 217888.55299999999
120.0 0.0 2.5 10.0 4658325.767
120.0 2.5 2.5 10.0 28693965.467
120.0 -5.0 5.0 10.0 9192713299.6014
120.0 -2.5 5.0 10.0 10000000007.090601
120.0 0.0 5.0 10.0 4380396624.8075
120.0 2.5 5.0 10.0 10000000391.4213
120.0 5.0 5.0 10.0 6346857.448
120.0 2.5 -10.0 11.25 0.9064
120.0 5.0 -10.0 11.25 -0.2488
120.0 10.0 -10.0 11.25 -0.6415000000000001
120.0 -2.5 -7.5 11.25 -1.5852
120.0 0.0 -7.5 11.25 0.9104
120.0 2.5 -7.5 11.25 1.3047
120.0 5.0 -7.5 11.25 -0.4024
120.0 7.5 -7.5 11.25 -1.5952
120.0 -2.5 -5.0 11.25 -3.1576
120.0 0.0 -5.0 11.25 4.8367
120.0 2.5 -5.0 11.25 3.0313
120.0 5.0 -5.0 11.25 -0.5116
120.0 7.5 -5.0 11.25 -1.8637000000000001
120.0 0.0 -2.5 11.25 22.2382
120.0 2.5 -2.5 11.25 11.7418
120.0 -5.0 0.0 11.25 -1.4377000000000004
120.0 -2.5 0.0 11.25 713.2889
120.0 0.0 0.0 11.25 860.639
120.0 2.5 0.0 11.25 115265.795
120.0 -5.0 2.5 11.25 479558.0252
120.0 -2.5 2.5 11.25 146.6996
120.0 0.0 2.5 11.25 898808.0193
120.0 2.5 2.5 11.25 7582.26
120.0 -5.0 5.0 11.25 9999999975.462801
120.0 -2.5 5.0 11.25 2177670.9062
120.0 0.0 5.0 11.25 323171342.22679996
120.0 2.5 5.0 11.25 274327328.6956
120.0 5.0 5.0 11.25 22313.606099999997
120.0 7.5 5.0 11.25 7570.5751
120.0 -5.0 -10.0 12.5 -1.2471
120.0 -2.5 -10.0 12.5 -0.0174
120.0 0.0 -10.0 12.5 0.8973
120.0 2.5 -10.0 12.5 0.8729
120.0 5.0 -10.0 12.5 -0.26189999999999997
120.0 7.5 -10.0 12.5 -0.5512
120.0 10.0 -10.0 12.5 -0.4685
120.0 -2.5 -7.5 12.5 -1.0304
120.0 0.0 -7.5 12.5 0.6779999999999999
120.0 2.5 -7.5 12.5 0.9614
120.0 5.0 -7.5 12.5 -0.5096
120.0 7.5 -7.5 12.5 -1.05
120.0 10.0 -7.5 12.5 -0.779
120.0 -2.5 -5.0 12.5 -0.9948999999999999
120.0 0.0 -5.0 12.5 3.8536
120.0 2.5 -5.0 12.5 2.8926000000000003
120.0 5.0 -5.0 12.5 0.3615
120.0 -5.0 -2.5 12.5 -5.6537
120.0 -2.5 -2.5 12.5 -0.07309999999999994
120.0 0.0 -2.5 12.5 12.4485
120.0 2.5 -2.5 12.5 8.648299999999999
120.0 5.0 -2.5 12.5 0.4337000000000002
120.0 -5.0 0.0 12.5 -1.2825000000000002
120.0 -2.5 0.0 12.5 2.8999999999999995
120.0 0.0 0.0 12.5 19.2735
120.0 2.5 0.0 12.5 23.2329
120.0 5.0 0.0 12.5 27.160999999999998
120.0 -5.0 2.5 12.5 9496.5198
120.0 -2.5 2.5 12.5 5.3232
120.0 0.0 2.5 12.5 3754584.3633
120.0 2.5 2.5 12.5 97.5804
120.0 5.0 2.5 12.5 3060.1682
120.0 -5.0 5.0 12.5 111718022.24710001
120.0 -2.5 5.0 12.5 2587028107.4699
120.0 0.0 5.0 12.5 1082190.4985000002
120.0 2.5 5.0 12.5 7728131465.940801
120.0 5.0 5.0 12.5 65.9563
120.0 7.5 5.0 12.5 -3.6149000000000004
120.0 -5.0 -10.0 13.75 -0.8524999999999999
120.0 -2.5 -10.0 13.75 0.0387
120.0 0.0 -10.0 13.75 0.7724000000000001
120.0 2.5 -10.0 13.75 0.6325000000000001
120.0 5.0 -10.0 13.75 -0.16419999999999998
120.0 7.5 -10.0 13.75 -0.308
120.0 10.0 -10.0 13.75 -0.2741
120.0 -2.5 -7.5 13.75 -0.6484
120.0 0.0 -7.5 13.75 0.8334
120.0 2.5 -7.5 13.75 1.0367000000000002
120.0 5.0 -7.5 13.75 -0.2219
120.0 7.5 -7.5 13.75 -0.9439
120.0 10.0 -7.5 13.75 -0.4467
120.0 -2.5 -5.0 13.75 -0.2445
120.0 0.0 -5.0 13.75 2.6148000000000002
120.0 2.5 -5.0 13.75 2.3270999999999997
120.0 5.0 -5.0 13.75 0.5603
120.0 7.5 -5.0 13.75 -0.8588
120.0 10.0 -5.0 13.75 -0.7228
120.0 -5.0 -2.5 13.75 -1.8406000000000002
120.0 -2.5 -2.5 13.75 1.5105999999999997
120.0 0.0 -2.5 13.75 8.2176
120.0 2.5 -2.5 13.75 6.4436
120.0 5.0 -2.5 13.75 1.6433
120.0 -5.0 0.0 13.75 -0.4119999999999999
120.0 -2.5 0.0 13.75 3.5249
120.0 0.0 0.0 13.75 11.074399999999999
120.0 2.5 0.0 13.75 10.3701
120.0 5.0 0.0 13.75 1.4139999999999997
120.0 -5.0 2.5 13.75 -3.3778
120.0 -2.5 2.5 13.75 1.2014999999999993
120.0 0.0 2.5 13.75 35.586
120.0 2.5 2.5 13.75 9.4038
120.0 5.0 2.5 13.75 1.8713
120.0 -5.0 5.0 13.75 42527.4678
120.0 -2.5 5.0 13.75 748155.358
120.0 0.0 5.0 13.75 113414.8191
120.0 2.5 5.0 13.75 2288.2458
120.0 5.0 5.0 13.75 -3.2336
120.0 7.5 5.0 13.75 -4.3135
120.0 -5.0 -10.0 15.0 -0.6736
120.0 -2.5 -10.0 15.0 -0.1111
120.0 0.0 -10.0 15.0 0.5532
120.0 2.5 -10.0 15.0 0.2838
120.0 5.0 -10.0 15.0 -0.1318
120.0 7.5 -10.0 15.0 -0.2303
120.0 10.0 -10.0 15.0 -0.0628
120.0 -5.0 -7.5 15.0 -1.3513
120.0 -2.5 -7.5 15.0 -0.1594
120.0 0.0 -7.5 15.0 0.8567
120.0 2.5 -7.5 15.0 0.586
120.0 5.0 -7.5 15.0 -0.0909
120.0 7.5 -7.5 15.0 -0.5828000000000001
120.0 10.0 -7.5 15.0 -0.1363
120.0 -5.0 -5.0 15.0 -2.0465
120.0 -2.5 -5.0 15.0 0.1507
120.0 0.0 -5.0 15.0 1.5721
120.0 2.5 -5.0 15.0 1.8791
120.0 5.0 -5.0 15.0 0.5153
120.0 7.5 -5.0 15.0 -0.14450000000000002
120.0 10.0 -5.0 15.0 -0.30360000000000004
120.0 -5.0 -2.5 15.0 -0.9639
120.0 -2.5 -2.5 15.0 1.6804999999999999
120.0 0.0 -2.5 15.0 4.9782
120.0 2.5 -2.5 15.0 4.1957
120.0 5.0 -2.5 15.0 1.571
120.0 7.5 -2.5 15.0 -0.05379999999999999
120.0 10.0 -2.5 15.0 -0.046299999999999994
120.0 -5.0 0.0 15.0 -0.24539999999999995
120.0 -2.5 0.0 15.0 2.8247
120.0 0.0 0.0 15.0 6.8012999999999995
120.0 2.5 0.0 15.0 6.2255
120.0 5.0 0.0 15.0 1.7664
120.0 10.0 0.0 15.0 -0.4964
120.0 -5.0 2.5 15.0 -3.5324
120.0 -2.5 2.5 15.0 0.7043000000000004
120.0 0.0 2.5 15.0 4.659
120.0 2.5 2.5 15.0 3.8267
120.0 5.0 2.5 15.0 0.39270000000000005
120.0 7.5 2.5 15.0 -2.0004
120.0 -5.0 5.0 15.0 319.74019999999996
120.0 -2.5 5.0 15.0 418.75690000000003
120.0 0.0 5.0 15.0 -1.2599
120.0 2.5 5.0 15.0 1.9637
120.0 5.0 5.0 15.0 -2.6515
120.0 7.5 5.0 15.0 -2.7549
120.0 10.0 5.0 15.0 -2.0229999999999997
120.0 -5.0 -10.0 16.25 -0.2323
120.0 -2.5 -10.0 16.25 -0.1312
120.0 0.0 -10.0 16.25 0.1995
120.0 2.5 -10.0 16.25 0.14550000000000002
120.0 5.0 -10.0 16.25 -0.0429
120.0 7.5 -10.0 16.25 -0.0277
120.0 10.0 -10.0 16.25 0.0
120.0 -5.0 -7.5 16.25 -0.7604000000000001
120.0 -2.5 -7.5 16.25 0.0965
120.0 0.0 -7.5 16.25 0.6918
120.0 2.5 -7.5 16.25 0.5932999999999999
120.0 5.0 -7.5 16.25 0.025599999999999998
120.0 7.5 -7.5 16.25 -0.204
120.0 10.0 -7.5 16.25 -0.1187
120.0 -5.0 -5.0 16.25 -1.1941000000000002
120.0 -2.5 -5.0 16.25 0.23820000000000002
120.0 0.0 -5.0 16.25 1.2652999999999999
120.0 2.5 -5.0 16.25 1.293
120.0 5.0 -5.0 16.25 0.5653
120.0 7.5 -5.0 16.25 -0.1475
120.0 10.0 -5.0 16.25 -0.1278
120.0 -5.0 -2.5 16.25 -0.5086999999999999
120.0 -2.5 -2.5 16.25 1.7024
120.0 0.0 -2.5 16.25 2.9289
120.0 2.5 -2.5 16.25 2.9762999999999997
120.0 5.0 -2.5 16.25 1.657
120.0 7.5 -2.5 16.25 0.20920000000000002
120.0 10.0 -2.5 16.25 -0.137
120.0 -5.0 0.0 16.25 -0.3015
120.0 -2.5 0.0 16.25 2.165
120.0 0.0 0.0 16.25 4.5399
120.0 2.5 0.0 16.25 3.9402999999999997
120.0 5.0 0.0 16.25 1.6673
120.0 7.5 0.0 16.25 0.11910000000000001
120.0 10.0 0.0 16.25 -0.3802
120.0 -5.0 2.5 16.25 -2.7871
120.0 -2.5 2.5 16.25 0.6844999999999999
120.0 0.0 2.5 16.25 2.6447000000000003
120.0 2.5 2.5 16.25 2.5536000000000003
120.0 5.0 2.5 16.25 0.2216999999999999
120.0 7.5 2.5 16.25 -0.7838999999999999
120.0 10.0 2.5 16.25 -1.0849
120.0 -5.0 5.0 16.25 -9.0334
120.0 -2.5 5.0 16.25 -2.3752000000000004
120.0 0.0 5.0 16.25 -1.6350999999999998
120.0 2.5 5.0 16.25 -0.9438000000000001
120.0 5.0 5.0 16.25 -1.2315
120.0 7.5 5.0 16.25 -2.0954
120.0 10.0 5.0 16.25 -1.3755
180.0 -5.0 -10.0 3.75 5.9843
180.0 -2.5 -10.0 3.75 -2.2051
180.0 0.0 -10.0 3.75 -8.984300000000001
180.0 2.5 -10.0 3.75 -9.6973
180.0 5.0 -10.0 3.75 -5.8219
180.0 7.5 -10.0 3.75 -1.8407
180.0 10.0 -10.0 3.75 0.3191
180.0 -5.0 -7.5 3.75 118341.2005
180.0 -2.5 -7.5 3.75 1251.2627
180.0 0.0 -7.5 3.75 -7.4449000000000005
180.0 2.5 -7.5 3.75 -19.7133
180.0 5.0 -7.5 3.75 -8.4817
180.0 7.5 -7.5 3.75 -0.14679999999999999
180.0 10.0 -7.5 3.75 3.0833
180.0 -5.0 -5.0 3.75 872468.6524
180.0 -2.5 -5.0 3.75 453130862.1439
180.0 0.0 -5.0 3.75 16628481.8672
180.0 2.5 -5.0 3.75 753.7139
180.0 5.0 -5.0 3.75 -8.2087
180.0 7.5 -5.0 3.75 3.6125999999999996
180.0 10.0 -5.0 3.75 7.6486
180.0 -5.0 -2.5 3.75 5646416306.141
180.0 -2.5 -2.5 3.75 10000000042.502602
180.0 0.0 -2.5 3.75 71369095.4546
180.0 2.5 -2.5 3.75 543065005.4553
180.0 5.0 -2.5 3.75 -8.0059
180.0 7.5 -2.5 3.75 13.0724
180.0 10.0 -2.5 3.75 12.4644
180.0 -5.0 0.0 3.75 9999999968.026901
180.0 -2.5 0.0 3.75 9999999834.821402
180.0 0.0 0.0 3.75 681396719.2798
180.0 2.5 0.0 3.75 9999999932.779902
180.0 5.0 0.0 3.75 1244.0309
180.0 7.5 0.0 3.75 7765.067
180.0 10.0 0.0 3.75 103991260.1919
180.0 -5.0 2.5 3.75 10000000282.127401
180.0 -2.5 2.5 3.75 692568111.9811
180.0 0.0 2.5 3.75 216155848.2639
180.0 2.5 2.5 3.75 113751462.83850001
180.0 5.0 2.5 3.75 7236054.2057
180.0 7.5 2.5 3.75 840235664.932
180.0 10.0 2.5 3.75 1022971.4753
180.0 -5.0 5.0 3.75 4910181422.032201
180.0 -2.5 5.0 3.75 2556434721.675
180.0 0.0 5.0 3.75 2807044194.1939
180.0 2.5 5.0 3.75 7130060661.958301
180.0 5.0 5.0 3.75 9999999946.5955
180.0 7.5 5.0 3.75 559944217.2407999
180.0 10.0 5.0 3.75 10000000009.6723
180.0 -2.5 -2.5 7.5 5394269.2974
180.0 0.0 2.5 7.5 4830491143.2311
180.0 0.0 5.0 7.5 10000000023.665602
180.0 -5.0 -2.5 8.75 1609163.9712
180.0 -2.5 -2.5 8.75 617.4939
180.0 2.5 -2.5 8.75 -0.8915000000000002
180.0 -5.0 0.0 8.75 539248479.0474
180.0 0.0 0.0 8.75 17082188.9305
180.0 0.0 2.5 8.75 659470876.2366999
180.0 0.0 -10.0 10.0 -1.4280000000000002
180.0 2.5 -10.0 10.0 -1.3953
180.0 0.0 -7.5 10.0 -1.5925
180.0 2.5 -7.5 10.0 -1.8911
180.0 5.0 -7.5 10.0 -1.0511
180.0 -2.5 -5.0 10.0 1.4479000000000002
180.0 0.0 -5.0 10.0 -1.3166
180.0 2.5 -5.0 10.0 -1.5173
180.0 5.0 -5.0 10.0 -0.4318
180.0 -5.0 -2.5 10.0 694.4026
180.0 -2.5 -2.5 10.0 35.6995
180.0 0.0 -2.5 10.0 5.357800000000001
180.0 2.5 -2.5 10.0 0.7119
180.0 -5.0 0.0 10.0 820868545.1391
180.0 -2.5 0.0 10.0 10000000009.660702
180.0 0.0 0.0 10.0 33032.0743
180.0 -5.0 2.5 10.0 4519268.3392
180.0 0.0 2.5 10.0 287279841.9134
180.0 2.5 2.5 10.0 1331.6666
180.0 0.0 5.0 10.0 82440067.4809
180.0 2.5 5.0 10.0 16933.3654
180.0 0.0 -10.0 11.25 -0.9614
180.0 2.5 -10.0 11.25 -0.8151999999999999
180.0 5.0 -10.0 11.25 -0.4672
180.0 0.0 -7.5 11.25 -1.0767
180.0 2.5 -7.5 11.25 -1.1936
180.0 5.0 -7.5 11.25 -0.4584
180.0 7.5 -7.5 11.25 -0.28569999999999995
180.0 -2.5 -5.0 11.25 2.0815
180.0 0.0 -5.0 11.25 -0.10919999999999996
180.0 2.5 -5.0 11.25 -1.1021
180.0 5.0 -5.0 11.25 0.09389999999999998
180.0 -5.0 -2.5 11.25 40.704800000000006
180.0 -2.5 -2.5 11.25 2.2743
180.0 0.0 -2.5 11.25 1.3453
180.0 2.5 -2.5 11.25 1.0655
180.0 -5.0 0.0 11.25 29767286.123600002
180.0 -2.5 0.0 11.25 12559315.9169
180.0 0.0 0.0 11.25 2917.3772000000004
180.0 -5.0 2.5 11.25 49310.5656
180.0 -2.5 2.5 11.25 438821183.93659997
180.0 0.0 2.5 11.25 754290.9569
180.0 2.5 2.5 11.25 835.4364
180.0 -5.0 5.0 11.25 107887217.9956
180.0 0.0 5.0 11.25 4578671.7312
180.0 2.5 5.0 11.25 75.5587
180.0 -5.0 -10.0 12.5 0.323
180.0 -2.5 -10.0 12.5 -0.4477
180.0 0.0 -10.0 12.5 -0.585
180.0 2.5 -10.0 12.5 -0.4144
180.0 5.0 -10.0 12.5 -0.2383
180.0 7.5 -10.0 12.5 -0.0843
180.0 10.0 -10.0 12.5 0.0
180.0 -2.5 -7.5 12.5 0.038000000000000006
180.0 0.0 -7.5 12.5 -0.6948
180.0 2.5 -7.5 12.5 -0.49939999999999996
180.0 5.0 -7.5 12.5 -0.33940000000000003
180.0 7.5 -7.5 12.5 -0.2636
180.0 -5.0 -5.0 12.5 4.6633
180.0 -2.5 -5.0 12.5 2.0526
180.0 0.0 -5.0 12.5 0.10520000000000007
180.0 2.5 -5.0 12.5 -0.5765
180.0 5.0 -5.0 12.5 0.34299999999999997
180.0 -5.0 -2.5 12.5 10.351600000000001
180.0 -2.5 -2.5 12.5 2.1834000000000002
180.0 0.0 -2.5 12.5 1.2516999999999998
180.0 2.5 -2.5 12.5 0.12819999999999998
180.0 5.0 -2.5 12.5 0.12400000000000003
180.0 -5.0 0.0 12.5 418.2994
180.0 -2.5 0.0 12.5 1016.3017000000001
180.0 0.0 0.0 12.5 53.919399999999996
180.0 2.5 0.0 12.5 -1.6207000000000003
180.0 -5.0 2.5 12.5 460.7418
180.0 -2.5 2.5 12.5 34778.3255
180.0 0.0 2.5 12.5 18861.508599999997
180.0 2.5 2.5 12.5 -1.1646999999999998
180.0 -5.0 5.0 12.5 2462399.5837
180.0 -2.5 5.0 12.5 75479916.74890001
180.0 0.0 5.0 12.5 1034563.7128999999
180.0 2.5 5.0 12.5 -8.6289
180.0 5.0 5.0 12.5 -5.7652
180.0 7.5 5.0 12.5 -1.5762999999999998
180.0 10.0 5.0 12.5 -0.7751
180.0 -5.0 -10.0 13.75 0.1806
180.0 -2.5 -10.0 13.75 -0.24009999999999998
180.0 0.0 -10.0 13.75 -0.2898
180.0 2.5 -10.0 13.75 -0.212
180.0 5.0 -10.0 13.75 -0.10690000000000001
180.0 7.5 -10.0 13.75 -0.0061
180.0 10.0 -10.0 13.75 0.0
180.0 -5.0 -7.5 13.75 1.1087
180.0 -2.5 -7.5 13.75 0.02170000000000001
180.0 0.0 -7.5 13.75 -0.6549
180.0 2.5 -7.5 13.75 -0.3625
180.0 5.0 -7.5 13.75 -0.1686
180.0 7.5 -7.5 13.75 -0.1051
180.0 10.0 -7.5 13.75 0.0
180.0 -5.0 -5.0 13.75 3.4894999999999996
180.0 -2.5 -5.0 13.75 1.6539
180.0 0.0 -5.0 13.75 0.12310000000000001
180.0 2.5 -5.0 13.75 -0.23770000000000002
180.0 5.0 -5.0 13.75 0.3742
180.0 -5.0 -2.5 13.75 7.285599999999999
180.0 -2.5 -2.5 13.75 2.4036999999999997
180.0 0.0 -2.5 13.75 0.4699000000000001
180.0 2.5 -2.5 13.75 0.13629999999999998
180.0 5.0 -2.5 13.75 0.42579999999999996
180.0 -5.0 0.0 13.75 9.6255
180.0 -2.5 0.0 13.75 2.9421
180.0 0.0 0.0 13.75 -1.2069
180.0 2.5 0.0 13.75 -1.3437
180.0 -5.0 2.5 13.75 82.2227
180.0 -2.5 2.5 13.75 889.9875999999999
180.0 0.0 2.5 13.75 4.642900000000001
180.0 2.5 2.5 13.75 -5.8107
180.0 5.0 2.5 13.75 -2.7191
180.0 -5.0 5.0 13.75 12924398.550900001
180.0 -2.5 5.0 13.75 629684484.02
180.0 0.0 5.0 13.75 6234.753
180.0 2.5 5.0 13.75 -6.761299999999999
180.0 5.0 5.0 13.75 -2.0465999999999998
180.0 7.5 5.0 13.75 0.3046
180.0 10.0 5.0 13.75 -0.11009999999999998
180.0 -5.0 -10.0 15.0 0.025500000000000002
180.0 -2.5 -10.0 15.0 -0.1217
180.0 0.0 -10.0 15.0 -0.1286
180.0 2.5 -10.0 15.0 -0.0462
180.0 5.0 -10.0 15.0 -0.0114
180.0 7.5 -10.0 15.0 0.0
180.0 10.0 -10.0 15.0 0.0
180.0 -5.0 -7.5 15.0 0.7267
180.0 -2.5 -7.5 15.0 -0.1807
180.0 0.0 -7.5 15.0 -0.5175
180.0 2.5 -7.5 15.0 -0.16849999999999998
180.0 5.0 -7.5 15.0 -0.081
180.0 7.5 -7.5 15.0 -0.0033
180.0 10.0 -7.5 15.0 0.0
180.0 -5.0 -5.0 15.0 2.3301
180.0 -2.5 -5.0 15.0 1.0702
180.0 0.0 -5.0 15.0 0.17140000000000002
180.0 2.5 -5.0 15.0 -0.2254
180.0 5.0 -5.0 15.0 0.1305
180.0 7.5 -5.0 15.0 0.0521
180.0 10.0 -5.0 15.0 0.0023
180.0 -5.0 -2.5 15.0 5.152200000000001
180.0 -2.5 -2.5 15.0 2.7057
180.0 0.0 -2.5 15.0 0.5091000000000001
180.0 2.5 -2.5 15.0 0.021900000000000003
180.0 5.0 -2.5 15.0 0.15150000000000002
180.0 10.0 -2.5 15.0 0.1928
180.0 -5.0 0.0 15.0 5.2153
180.0 -2.5 0.0 15.0 1.4876
180.0 0.0 0.0 15.0 -1.3052
180.0 2.5 0.0 15.0 -1.3558
180.0 5.0 0.0 15.0 -0.5317
180.0 -5.0 2.5 15.0 7.5699
180.0 -2.5 2.5 15.0 15.1826
180.0 0.0 2.5 15.0 -4.5576
180.0 2.5 2.5 15.0 -3.8363
180.0 5.0 2.5 15.0 -1.4753
180.0 7.5 2.5 15.0 -0.6541
180.0 -5.0 5.0 15.0 10144377.9572
180.0 -2.5 5.0 15.0 10000000007.459501
180.0 0.0 5.0 15.0 364.22740000000005
180.0 2.5 5.0 15.0 -4.045
180.0 5.0 5.0 15.0 -0.6576
180.0 7.5 5.0 15.0 0.5116
180.0 10.0 5.0 15.0 0.481
180.0 -5.0 -10.0 16.25 0.0644
180.0 -2.5 -10.0 16.25 0.0164
180.0 0.0 -10.0 16.25 0.0021
180.0 2.5 -10.0 16.25 0.0001
180.0 5.0 -10.0 16.25 0.0
180.0 7.5 -10.0 16.25 0.0
180.0 10.0 -10.0 16.25 0.0
180.0 -5.0 -7.5 16.25 0.388
180.0 -2.5 -7.5 16.25 -0.0204
180.0 0.0 -7.5 16.25 -0.2127
180.0 2.5 -7.5 16.25 -0.11180000000000001
180.0 5.0 -7.5 16.25 0.0028
180.0 7.5 -7.5 16.25 0.0
180.0 10.0 -7.5 16.25 0.0
180.0 -5.0 -5.0 16.25 1.8106
180.0 -2.5 -5.0 16.25 0.7841
180.0 0.0 -5.0 16.25 -0.066
180.0 2.5 -5.0 16.25 -0.1067
180.0 5.0 -5.0 16.25 0.030399999999999996
180.0 7.5 -5.0 16.25 0.00019999999999999998
180.0 10.0 -5.0 16.25 0.0
180.0 -5.0 -2.5 16.25 3.3844
180.0 -2.5 -2.5 16.25 2.0414
180.0 0.0 -2.5 16.25 0.0811
180.0 2.5 -2.5 16.25 -0.354
180.0 5.0 -2.5 16.25 0.27949999999999997
180.0 7.5 -2.5 16.25 0.21810000000000002
180.0 10.0 -2.5 16.25 0.0817
180.0 -5.0 0.0 16.25 3.5525
180.0 -2.5 0.0 16.25 0.9014
180.0 0.0 0.0 16.25 -0.7827000000000001
180.0 2.5 0.0 16.25 -0.8505
180.0 5.0 0.0 16.25 -0.3423
180.0 7.5 0.0 16.25 0.05099999999999999
180.0 -5.0 2.5 16.25 -0.08150000000000013
180.0 -2.5 2.5 16.25 -1.0934000000000001
180.0 0.0 2.5 16.25 -2.113
180.0 2.5 2.5 16.25 -2.1531000000000002
180.0 5.0 2.5 16.25 -0.9091
180.0 7.5 2.5 16.25 -0.7388
180.0 -5.0 5.0 16.25 12297.6507
180.0 -2.5 5.0 16.25 2449.7201
180.0 0.0 5.0 16.25 -0.8345
180.0 2.5 5.0 16.25 -1.7710000000000001
180.0 5.0 5.0 16.25 -0.0811
180.0 7.5 5.0 16.25 0.3812
180.0 10.0 5.0 16.25 0.3171
240.0 -5.0 -10.0 3.75 3.4033
240.0 -2.5 -10.0 3.75 10.1445
240.0 0.0 -10.0 3.75 16.9495
240.0 2.5 -10.0 3.75 17.718700000000002
240.0 5.0 -10.0 3.75 11.319999999999999
240.0 7.5 -10.0 3.75 5.5567
240.0 10.0 -10.0 3.75 2.0145
240.0 -5.0 -7.5 3.75 -5.1142
240.0 -2.5 -7.5 3.75 5.4048
240.0 0.0 -7.5 3.75 15.3838
240.0 2.5 -7.5 3.75 57882.061
240.0 5.0 -7.5 3.75 2758.7664
240.0 7.5 -7.5 3.75 1.1352000000000002
240.0 10.0 -7.5 3.75 -0.5417000000000001
240.0 -5.0 -5.0 3.75 23222.2282
240.0 -2.5 -5.0 3.75 164729.4025
240.0 0.0 -5.0 3.75 1028.8119
240.0 2.5 -5.0 3.75 13636626.526
240.0 5.0 -5.0 3.75 26950814.8858
240.0 7.5 -5.0 3.75 376.95820000000003
240.0 10.0 -5.0 3.75 -6.239599999999999
240.0 -5.0 -2.5 3.75 1043815728.4323
240.0 -2.5 -2.5 3.75 1841772141.272
240.0 0.0 -2.5 3.75 10000000069.114
240.0 2.5 -2.5 3.75 1975187406.6362
240.0 5.0 -2.5 3.75 98568386.8845
240.0 7.5 -2.5 3.75 39427497.3967
240.0 10.0 -2.5 3.75 -12.9016
240.0 -5.0 0.0 3.75 9999999980.2176
240.0 -2.5 0.0 3.75 252423130.41660002
240.0 0.0 0.0 3.75 9999999964.6823
240.0 2.5 0.0 3.75 10000000028.497002
240.0 5.0 0.0 3.75 10000000012.176
240.0 7.5 0.0 3.75 15763810.4214
240.0 10.0 0.0 3.75 -13.5247
240.0 -5.0 2.5 3.75 10000000099.4458
240.0 -2.5 2.5 3.75 10000000104.0028
240.0 0.0 2.5 3.75 10000000203.225101
240.0 2.5 2.5 3.75 9999999956.287601
240.0 5.0 2.5 3.75 3168992127.1109
240.0 7.5 2.5 3.75 7741936.1161
240.0 10.0 2.5 3.75 2240.6938999999998
240.0 -5.0 5.0 3.75 2398407332.4748
240.0 -2.5 5.0 3.75 10000000006.6501
240.0 0.0 5.0 3.75 10000000227.472502
240.0 2.5 5.0 3.75 10000000145.0147
240.0 5.0 5.0 3.75 4902597706.9436
240.0 7.5 5.0 3.75 845471958.8587
240.0 10.0 5.0 3.75 4517572.0485000005
240.0 0.0 0.0 5.0 10000000094.968401
240.0 -2.5 2.5 5.0 10000000099.798101
240.0 -2.5 5.0 5.0 9999999874.0498
240.0 0.0 0.0 6.25 4690811520.296901
240.0 -2.5 2.5 6.25 10000000063.52
240.0 0.0 2.5 6.25 10000000087.4424
240.0 -5.0 5.0 6.25 10000000058.9029
240.0 -2.5 5.0 6.25 10000000016.280201
240.0 2.5 -10.0 7.5 4.998799999999999
240.0 -2.5 -7.5 7.5 4.162599999999999
240.0 0.0 -5.0 7.5 35.526399999999995
240.0 0.0 0.0 7.5 5898221977.5429
240.0 -2.5 2.5 7.5 2508063336.6828003
240.0 0.0 2.5 7.5 9999999913.038101
240.0 -5.0 5.0 7.5 8144676787.4691
240.0 -2.5 5.0 7.5 6197499967.7303
240.0 0.0 5.0 7.5 10000000126.9545
240.0 0.0 -10.0 8.75 3.2011
240.0 2.5 -10.0 8.75 2.9953
240.0 5.0 -10.0 8.75 1.8483
240.0 -2.5 -7.5 8.75 2.5131
240.0 0.0 -7.5 8.75 4.8827
240.0 2.5 -7.5 8.75 3.3723
240.0 -2.5 -5.0 8.75 2.7321
240.0 0.0 -5.0 8.75 10.267
240.0 0.0 -2.5 8.75 2137877.2568
240.0 2.5 -2.5 8.75 39284.9317
240.0 -2.5 0.0 8.75 10000000032.423801
240.0 0.0 0.0 8.75 56549984.5435
240.0 -2.5 2.5 8.75 9999999900.8799
240.0 0.0 2.5 8.75 10000000037.347
240.0 2.5 2.5 8.75 265892409.0205
240.0 -5.0 5.0 8.75 2645695553.3517
240.0 -2.5 5.0 8.75 10000000030.274302
240.0 0.0 5.0 8.75 10000000087.9146
240.0 0.0 -10.0 10.0 1.9662000000000002
240.0 2.5 -10.0 10.0 1.9424000000000001
240.0 5.0 -10.0 10.0 1.2627000000000002
240.0 -2.5 -7.5 10.0 1.4582000000000002
240.0 0.0 -7.5 10.0 3.1115
240.0 2.5 -7.5 10.0 2.1897
240.0 -2.5 -5.0 10.0 2.6608000000000005
240.0 0.0 -5.0 10.0 4.974500000000001
240.0 -5.0 -2.5 10.0 3.0263999999999998
240.0 -2.5 -2.5 10.0 597.517
240.0 0.0 -2.5 10.0 234.964
240.0 2.5 -2.5 10.0 965.4386
240.0 -2.5 0.0 10.0 53714013.122200005
240.0 0.0 0.0 10.0 268461.5642
240.0 2.5 0.0 10.0 15104117.2094
240.0 -5.0 2.5 10.0 10000000330.4111
240.0 -2.5 2.5 10.0 32840521.6814
240.0 0.0 2.5 10.0 213993002.5519
240.0 2.5 2.5 10.0 9662269.885300001
240.0 -5.0 5.0 10.0 341171934.148
240.0 -2.5 5.0 10.0 827888987.549
240.0 0.0 5.0 10.0 3564852468.0039
240.0 2.5 5.0 10.0 4653220838.0589
240.0 7.5 5.0 10.0 203.7895
240.0 -2.5 -10.0 11.25 0.30069999999999997
240.0 0.0 -10.0 11.25 1.2166
240.0 2.5 -10.0 11.25 1.2155999999999998
240.0 5.0 -10.0 11.25 0.6273
240.0 7.5 -10.0 11.25 0.2954
240.0 10.0 -10.0 11.25 0.1509
240.0 -5.0 -7.5 11.25 -1.4126999999999998
240.0 -2.5 -7.5 11.25 0.6753
240.0 0.0 -7.5 11.25 2.1426000000000003
240.0 2.5 -7.5 11.25 1.6693
240.0 -2.5 -5.0 11.25 2.6584000000000003
240.0 0.0 -5.0 11.25 3.7116999999999996
240.0 2.5 -5.0 11.25 1.8837999999999997
240.0 -5.0 -2.5 11.25 -1.0255
240.0 -2.5 -2.5 11.25 7.499200000000001
240.0 0.0 -2.5 11.25 10.8309
240.0 2.5 -2.5 11.25 17.2773
240.0 -5.0 0.0 11.25 123.6584
240.0 -2.5 0.0 11.25 5544.2983
240.0 0.0 0.0 11.25 95.8452
240.0 2.5 0.0 11.25 404216.4205
240.0 -2.5 2.5 11.25 386444998.66969997
240.0 0.0 2.5 11.25 2790522822.6231
240.0 2.5 2.5 11.25 5274473.238899999
240.0 5.0 2.5 11.25 100743797.95220001
240.0 7.5 2.5 11.25 1.4669
240.0 -5.0 5.0 11.25 838775383.4975
240.0 -2.5 5.0 11.25 259838856.6793
240.0 0.0 5.0 11.25 10000000041.5438
240.0 2.5 5.0 11.25 616152.935
240.0 7.5 5.0 11.25 17.500600000000002
240.0 -2.5 -10.0 12.5 0.1078
240.0 0.0 -10.0 12.5 0.8282
240.0 2.5 -10.0 12.5 0.885
240.0 5.0 -10.0 12.5 0.35509999999999997
240.0 7.5 -10.0 12.5 0.17709999999999998
240.0 10.0 -10.0 12.5 0.0556
240.0 -5.0 -7.5 12.5 -1.1084
240.0 -2.5 -7.5 12.5 0.22569999999999998
240.0 0.0 -7.5 12.5 1.161
240.0 2.5 -7.5 12.5 1.1274
240.0 5.0 -7.5 12.5 0.3218
240.0 -5.0 -5.0 12.5 0.28459999999999996
240.0 -2.5 -5.0 12.5 2.3357
240.0 0.0 -5.0 12.5 2.4007
240.0 2.5 -5.0 12.5 1.4725000000000001
240.0 5.0 -5.0 12.5 0.012299999999999978
240.0 -5.0 -2.5 12.5 2.6407
240.0 -2.5 -2.5 12.5 5.949599999999999
240.0 0.0 -2.5 12.5 6.5083
240.0 2.5 -2.5 12.5 2.4092000000000002
240.0 -5.0 0.0 12.5 84.1563
240.0 -2.5 0.0 12.5 28.01
240.0 0.0 0.0 12.5 8.383
240.0 2.5 0.0 12.5 189.4611
240.0 5.0 0.0 12.5 1.6116000000000001
240.0 -5.0 2.5 12.5 1754346.6704
240.0 -2.5 2.5 12.5 649245458.3035
240.0 0.0 2.5 12.5 17147.6079
240.0 2.5 2.5 12.5 14334.3944
240.0 5.0 2.5 12.5 214.0077
240.0 7.5 2.5 12.5 0.49780000000000024
240.0 -5.0 5.0 12.5 19919368.9564
240.0 -2.5 5.0 12.5 577666113.3014
240.0 0.0 5.0 12.5 1913188626.5934
240.0 2.5 5.0 12.5 70484019.67740001
240.0 5.0 5.0 12.5 5762.092799999999
240.0 7.5 5.0 12.5 -1.7574
240.0 -2.5 -10.0 13.75 -0.0598
240.0 0.0 -10.0 13.75 0.5752
240.0 2.5 -10.0 13.75 0.5729
240.0 5.0 -10.0 13.75 0.2747
240.0 7.5 -10.0 13.75 0.0901
240.0 10.0 -10.0 13.75 0.0194
240.0 -5.0 -7.5 13.75 -0.7562
240.0 -2.5 -7.5 13.75 -0.0635
240.0 0.0 -7.5 13.75 0.8357
240.0 2.5 -7.5 13.75 0.6187
240.0 5.0 -7.5 13.75 0.2429
240.0 7.5 -7.5 13.75 0.093
240.0 10.0 -7.5 13.75 0.041800000000000004
240.0 -5.0 -5.0 13.75 0.25159999999999993
240.0 -2.5 -5.0 13.75 1.7491
240.0 0.0 -5.0 13.75 1.3573000000000002
240.0 2.5 -5.0 13.75 0.9464999999999999
240.0 5.0 -5.0 13.75 0.07030000000000003
240.0 -5.0 -2.5 13.75 2.5504000000000007
240.0 -2.5 -2.5 13.75 4.5945
240.0 0.0 -2.5 13.75 4.459099999999999
240.0 2.5 -2.5 13.75 2.0765
240.0 -5.0 0.0 13.75 1.4220999999999995
240.0 -2.5 0.0 13.75 5.4299
240.0 0.0 0.0 13.75 6.0001999999999995
240.0 2.5 0.0 13.75 2.5496000000000003
240.0 5.0 0.0 13.75 1.7227999999999999
240.0 -5.0 2.5 13.75 1215.981
240.0 -2.5 2.5 13.75 384711.83190000005
240.0 0.0 2.5 13.75 718.9403
240.0 2.5 2.5 13.75 10.4299
240.0 5.0 2.5 13.75 1.3222999999999998
240.0 7.5 2.5 13.75 0.938
240.0 10.0 2.5 13.75 0.3677
240.0 -5.0 5.0 13.75 128572334.7234
240.0 -2.5 5.0 13.75 79742423.7512
240.0 0.0 5.0 13.75 2500564438.2847
240.0 2.5 5.0 13.75 40507.212100000004
240.0 5.0 5.0 13.75 5.658799999999999
240.0 7.5 5.0 13.75 -0.641
240.0 10.0 5.0 13.75 -0.3228
240.0 -5.0 -10.0 15.0 -0.5025000000000001
240.0 -2.5 -10.0 15.0 -0.077
240.0 0.0 -10.0 15.0 0.3664
240.0 2.5 -10.0 15.0 0.3535
240.0 5.0 -10.0 15.0 0.1497
240.0 7.5 -10.0 15.0 0.0196
240.0 10.0 -10.0 15.0 0.0003
240.0 -5.0 -7.5 15.0 -0.5713999999999999
240.0 -2.5 -7.5 15.0 -0.1386
240.0 0.0 -7.5 15.0 0.5923
240.0 2.5 -7.5 15.0 0.7428
240.0 5.0 -7.5 15.0 0.38570000000000004
240.0 7.5 -7.5 15.0 0.13369999999999999
240.0 10.0 -7.5 15.0 0.015099999999999999
240.0 -5.0 -5.0 15.0 0.0844
240.0 -2.5 -5.0 15.0 0.5734
240.0 0.0 -5.0 15.0 0.9017
240.0 2.5 -5.0 15.0 0.8451
240.0 5.0 -5.0 15.0 0.2996
240.0 10.0 -5.0 15.0 0.0732
240.0 -5.0 -2.5 15.0 1.0994
240.0 -2.5 -2.5 15.0 2.6477
240.0 0.0 -2.5 15.0 2.3517
240.0 2.5 -2.5 15.0 1.7641
240.0 5.0 -2.5 15.0 0.9419
240.0 7.5 -2.5 15.0 0.34850000000000003
240.0 -5.0 0.0 15.0 1.1037000000000003
240.0 -2.5 0.0 15.0 3.3790000000000004
240.0 0.0 0.0 15.0 4.7524
240.0 2.5 0.0 15.0 2.5683000000000007
240.0 5.0 0.0 15.0 1.562
240.0 7.5 0.0 15.0 0.7059
240.0 -5.0 2.5 15.0 49.5815
240.0 -2.5 2.5 15.0 856.5451
240.0 0.0 2.5 15.0 18.5727
240.0 2.5 2.5 15.0 1.432
240.0 5.0 2.5 15.0 1.1181
240.0 7.5 2.5 15.0 0.6801999999999999
240.0 10.0 2.5 15.0 -0.0751
240.0 -5.0 5.0 15.0 72440677.12789999
240.0 -2.5 5.0 15.0 6076262.068700001
240.0 0.0 5.0 15.0 686133520.505
240.0 2.5 5.0 15.0 127.75129999999999
240.0 5.0 5.0 15.0 -1.0132
240.0 7.5 5.0 15.0 -0.5658
240.0 10.0 5.0 15.0 -0.3325
240.0 -5.0 -10.0 16.25 -0.21409999999999998
240.0 -2.5 -10.0 16.25 0.0263
240.0 0.0 -10.0 16.25 0.21359999999999998
240.0 2.5 -10.0 16.25 0.1349
240.0 5.0 -10.0 16.25 0.0331
240.0 7.5 -10.0 16.25 0.0001
240.0 10.0 -10.0 16.25 0.0
240.0 -5.0 -7.5 16.25 -0.4028
240.0 -2.5 -7.5 16.25 0.18589999999999998
240.0 0.0 -7.5 16.25 0.5614
240.0 2.5 -7.5 16.25 0.594
240.0 5.0 -7.5 16.25 0.2616
240.0 7.5 -7.5 16.25 0.0736
240.0 10.0 -7.5 16.25 0.0022
240.0 -5.0 -5.0 16.25 0.16460000000000002
240.0 -2.5 -5.0 16.25 0.5396
240.0 0.0 -5.0 16.25 0.9498000000000001
240.0 2.5 -5.0 16.25 0.8214
240.0 5.0 -5.0 16.25 0.37579999999999997
240.0 7.5 -5.0 16.25 0.1682
240.0 10.0 -5.0 16.25 0.046000000000000006
240.0 -5.0 -2.5 16.25 0.7302
240.0 -2.5 -2.5 16.25 1.6938
240.0 0.0 -2.5 16.25 1.5262
240.0 2.5 -2.5 16.25 1.2649
240.0 5.0 -2.5 16.25 0.5648
240.0 7.5 -2.5 16.25 0.365
240.0 10.0 -2.5 16.25 0.13720000000000002
240.0 -5.0 0.0 16.25 1.0870000000000002
240.0 -2.5 0.0 16.25 1.5072999999999999
240.0 0.0 0.0 16.25 2.8544
240.0 2.5 0.0 16.25 1.9081000000000001
240.0 5.0 0.0 16.25 1.1566
240.0 7.5 0.0 16.25 0.2832
240.0 -5.0 2.5 16.25 1.6185999999999998
240.0 -2.5 2.5 16.25 25.6388
240.0 0.0 2.5 16.25 1.2544999999999997
240.0 2.5 2.5 16.25 1.6862000000000001
240.0 5.0 2.5 16.25 1.1225
240.0 7.5 2.5 16.25 0.3813
240.0 10.0 2.5 16.25 0.1567
240.0 -5.0 5.0 16.25 5871.9019
240.0 -2.5 5.0 16.25 81777.7457
240.0 0.0 5.0 16.25 2842.6121
240.0 2.5 5.0 16.25 0.6104000000000003
240.0 5.0 5.0 16.25 0.049899999999999944
240.0 7.5 5.0 16.25 -0.12869999999999998
240.0 10.0 5.0 16.25 -0.3226
300.0 -5.0 -10.0 3.75 -1.8695
300.0 -2.5 -10.0 3.75 -0.039100000000000024
300.0 0.0 -10.0 3.75 2.8274999999999997
300.0 2.5 -10.0 3.75 4.9112
300.0 5.0 -10.0 3.75 4.985099999999999
300.0 7.5 -10.0 3.75 3.4547
300.0 10.0 -10.0 3.75 2.2389
300.0 -5.0 -7.5 3.75 0.7372000000000001
300.0 -2.5 -7.5 3.75 587364.3598
300.0 0.0 -7.5 3.75 8845134.4871
300.0 2.5 -7.5 3.75 3507.9424000000004
300.0 5.0 -7.5 3.75 10.6463
300.0 7.5 -7.5 3.75 9.3377
300.0 10.0 -7.5 3.75 7.0542
300.0 -5.0 -5.0 3.75 1651.2564
300.0 -2.5 -5.0 3.75 1071847780.0808
300.0 0.0 -5.0 3.75 113532661.3241
300.0 2.5 -5.0 3.75 2542230.3721
300.0 5.0 -5.0 3.75 28.0158
300.0 7.5 -5.0 3.75 14.794699999999999
300.0 10.0 -5.0 3.75 12.621699999999999
300.0 -5.0 -2.5 3.75 9999999926.315102
300.0 -2.5 -2.5 3.75 165287803.9183
300.0 0.0 -2.5 3.75 1060432146.7285
300.0 2.5 -2.5 3.75 9999999996.059
300.0 5.0 -2.5 3.75 589.6163
300.0 7.5 -2.5 3.75 17.4042
300.0 10.0 -2.5 3.75 63.0326
300.0 -5.0 0.0 3.75 8752167658.415699
300.0 -2.5 0.0 3.75 10000000022.4167
300.0 0.0 0.0 3.75 9999999992.5475
300.0 2.5 0.0 3.75 5097329016.773399
300.0 5.0 0.0 3.75 65094.0853
300.0 7.5 0.0 3.75 571227.0649
300.0 10.0 0.0 3.75 1283.1888000000001
300.0 -5.0 2.5 3.75 3284598515.3817997
300.0 -2.5 2.5 3.75 9999999922.2698
300.0 0.0 2.5 3.75 10000000042.8987
300.0 2.5 2.5 3.75 8430935293.6663
300.0 5.0 2.5 3.75 3172299258.9621
300.0 7.5 2.5 3.75 1977800388.4983
300.0 10.0 2.5 3.75 40801458.6388
300.0 -5.0 5.0 3.75 9999999970.715101
300.0 -2.5 5.0 3.75 10000000042.009401
300.0 0.0 5.0 3.75 10000000052.8728
300.0 2.5 5.0 3.75 188573030.321
300.0 5.0 5.0 3.75 1596664373.1076
300.0 7.5 5.0 3.75 9999999964.539202
300.0 10.0 5.0 3.75 17578018.916100003
300.0 -2.5 -2.5 6.25 41277823.608500004
300.0 0.0 -2.5 6.25 1170909972.5674
300.0 2.5 -2.5 6.25 50337931.379200004
300.0 2.5 -5.0 7.5 213.7151
300.0 -2.5 -2.5 7.5 9999999969.5603
300.0 0.0 -2.5 7.5 14654275.5608
300.0 0.0 0.0 7.5 9999999907.3069
300.0 0.0 2.5 7.5 9999999975.4932
300.0 5.0 -10.0 8.75 2.0189000000000004
300.0 2.5 -7.5 8.75 8.728
300.0 5.0 -7.5 8.75 5.497800000000001
300.0 0.0 -5.0 8.75 18.3138
300.0 2.5 -5.0 8.75 10.9046
300.0 5.0 -5.0 8.75 7.4261
300.0 -5.0 -2.5 8.75 3256.6
300.0 -2.5 -2.5 8.75 10000000058.9363
300.0 0.0 -2.5 8.75 3963264.2257999997
300.0 2.5 -2.5 8.75 174.8898
300.0 -5.0 0.0 8.75 37754549.56860001
300.0 0.0 0.0 8.75 949520189.237
300.0 0.0 2.5 8.75 21742075.9417
300.0 0.0 5.0 8.75 544283489.9774
300.0 0.0 -10.0 10.0 3.5826000000000002
300.0 2.5 -10.0 10.0 3.1067
300.0 5.0 -10.0 10.0 1.3448
300.0 7.5 -10.0 10.0 0.4223
300.0 10.0 -10.0 10.0 0.0642
300.0 2.5 -7.5 10.0 6.851
300.0 5.0 -7.5 10.0 4.2655
300.0 -5.0 -5.0 10.0 2.2325
300.0 0.0 -5.0 10.0 14.1313
300.0 2.5 -5.0 10.0 9.808300000000001
300.0 5.0 -5.0 10.0 6.3892999999999995
300.0 -5.0 -2.5 10.0 2449.9684
300.0 -2.5 -2.5 10.0 64817.2892
300.0 0.0 -2.5 10.0 1759685.8209
300.0 2.5 -2.5 10.0 26.352
300.0 -5.0 0.0 10.0 34087.813799999996
300.0 -2.5 0.0 10.0 23577484.1862
300.0 0.0 0.0 10.0 9999999989.3813
300.0 2.5 0.0 10.0 185228469.6276
300.0 0.0 2.5 10.0 9999999923.0454
300.0 0.0 5.0 10.0 10000000053.8134
300.0 2.5 5.0 10.0 10000000010.893501
300.0 0.0 -10.0 11.25 2.7678
300.0 2.5 -10.0 11.25 2.1856
300.0 5.0 -10.0 11.25 0.9424
300.0 7.5 -10.0 11.25 0.2692
300.0 10.0 -10.0 11.25 0.003
300.0 -2.5 -7.5 11.25 5.9030000000000005
300.0 0.0 -7.5 11.25 6.8796
300.0 2.5 -7.5 11.25 5.1433
300.0 5.0 -7.5 11.25 3.0348
300.0 7.5 -7.5 11.25 1.206
300.0 -5.0 -5.0 11.25 2.7906999999999997
300.0 -2.5 -5.0 11.25 8.3105
300.0 0.0 -5.0 11.25 10.8862
300.0 2.5 -5.0 11.25 7.9167000000000005
300.0 5.0 -5.0 11.25 4.7413
300.0 -5.0 -2.5 11.25 6.374099999999999
300.0 -2.5 -2.5 11.25 172.2581
300.0 0.0 -2.5 11.25 80.5127
300.0 2.5 -2.5 11.25 5.595399999999999
300.0 -5.0 0.0 11.25 2497957.1920000003
300.0 -2.5 0.0 11.25 27692416.5647
300.0 0.0 0.0 11.25 9999999979.7341
300.0 2.5 0.0 11.25 307.92879999999997
300.0 -5.0 2.5 11.25 1506318565.0847
300.0 -2.5 2.5 11.25 87033804.7937
300.0 0.0 2.5 11.25 9999999974.700901
300.0 2.5 2.5 11.25 9845034.167200001
300.0 5.0 2.5 11.25 27.8001
300.0 0.0 5.0 11.25 10000000133.057901
300.0 2.5 5.0 11.25 6649420905.2362
300.0 5.0 5.0 11.25 562.9674
300.0 7.5 5.0 11.25 20.7129
300.0 -2.5 -10.0 12.5 1.3871
300.0 0.0 -10.0 12.5 1.8423
300.0 2.5 -10.0 12.5 1.4131
300.0 5.0 -10.0 12.5 0.6403
300.0 7.5 -10.0 12.5 0.10500000000000001
300.0 10.0 -10.0 12.5 -0.0047
300.0 -2.5 -7.5 12.5 3.8351999999999995
300.0 0.0 -7.5 12.5 4.547499999999999
300.0 2.5 -7.5 12.5 3.437
300.0 5.0 -7.5 12.5 1.9287999999999998
300.0 7.5 -7.5 12.5 0.7499
300.0 -5.0 -5.0 12.5 2.0465
300.0 -2.5 -5.0 12.5 6.0367
300.0 0.0 -5.0 12.5 7.632700000000001
300.0 2.5 -5.0 12.5 5.9135
300.0 5.0 -5.0 12.5 3.3651
300.0 -5.0 -2.5 12.5 -3.8437
300.0 -2.5 -2.5 12.5 2.3975999999999997
300.0 0.0 -2.5 12.5 4.122
300.0 2.5 -2.5 12.5 4.6893
300.0 5.0 -2.5 12.5 3.1005999999999996
300.0 -5.0 0.0 12.5 53.6667
300.0 -2.5 0.0 12.5 75405.539
300.0 0.0 0.0 12.5 2671.3356
300.0 2.5 0.0 12.5 8.8507
300.0 5.0 0.0 12.5 1.1258
300.0 7.5 0.0 12.5 0.9184999999999999
300.0 -5.0 2.5 12.5 135176.4156
300.0 -2.5 2.5 12.5 22544702.3486
300.0 0.0 2.5 12.5 41552532.6499
300.0 2.5 2.5 12.5 151008.2444
300.0 5.0 2.5 12.5 1.0596999999999994
300.0 7.5 2.5 12.5 0.1360999999999999
300.0 -5.0 5.0 12.5 187537459.45160002
300.0 -2.5 5.0 12.5 31747463.422399998
300.0 0.0 5.0 12.5 1657136450.0684
300.0 2.5 5.0 12.5 2432012457.9319
300.0 5.0 5.0 12.5 483.83649999999994
300.0 7.5 5.0 12.5 -0.6611999999999996
300.0 -2.5 -10.0 13.75 0.8784
300.0 0.0 -10.0 13.75 1.1926
300.0 2.5 -10.0 13.75 0.8498
300.0 5.0 -10.0 13.75 0.3678
300.0 7.5 -10.0 13.75 0.0647
300.0 10.0 -10.0 13.75 0.001
300.0 -5.0 -7.5 13.75 1.2411
300.0 -2.5 -7.5 13.75 2.5277000000000003
300.0 0.0 -7.5 13.75 2.6456
300.0 2.5 -7.5 13.75 2.1312
300.0 5.0 -7.5 13.75 1.0929
300.0 7.5 -7.5 13.75 0.3383
300.0 -5.0 -5.0 13.75 1.2359
300.0 -2.5 -5.0 13.75 3.7639000000000005
300.0 0.0 -5.0 13.75 4.6793000000000005
300.0 2.5 -5.0 13.75 3.8964
300.0 5.0 -5.0 13.75 2.2213
300.0 -5.0 -2.5 13.75 -2.4699
300.0 -2.5 -2.5 13.75 1.5215999999999998
300.0 0.0 -2.5 13.75 2.6732
300.0 2.5 -2.5 13.75 3.2037
300.0 5.0 -2.5 13.75 2.3849
300.0 7.5 -2.5 13.75 1.7452
300.0 -5.0 0.0 13.75 -5.7764
300.0 -2.5 0.0 13.75 33.9723
300.0 0.0 0.0 13.75 0.4527000000000001
300.0 2.5 0.0 13.75 -2.4242999999999997
300.0 5.0 0.0 13.75 0.4941
300.0 7.5 0.0 13.75 0.9363000000000001
300.0 -5.0 2.5 13.75 901.1318
300.0 -2.5 2.5 13.75 2142471.2081
300.0 0.0 2.5 13.75 7751.3852
300.0 2.5 2.5 13.75 203.4445
300.0 5.0 2.5 13.75 -1.254
300.0 7.5 2.5 13.75 0.6178000000000001
300.0 10.0 2.5 13.75 1.3327
300.0 -5.0 5.0 13.75 183318.5042
300.0 -2.5 5.0 13.75 9999999996.256601
300.0 0.0 5.0 13.75 10000000005.8745
300.0 2.5 5.0 13.75 4060219.8669
300.0 5.0 5.0 13.75 -0.6064999999999998
300.0 7.5 5.0 13.75 0.4873999999999996
300.0 10.0 5.0 13.75 2.0433
300.0 -2.5 -10.0 15.0 0.5556
300.0 0.0 -10.0 15.0 0.7574000000000001
300.0 2.5 -10.0 15.0 0.537
300.0 5.0 -10.0 15.0 0.2149
300.0 7.5 -10.0 15.0 0.0335
300.0 10.0 -10.0 15.0 0.0
300.0 -5.0 -7.5 15.0 0.7559
300.0 -2.5 -7.5 15.0 1.7932
300.0 0.0 -7.5 15.0 1.7151999999999998
300.0 2.5 -7.5 15.0 1.3651
300.0 5.0 -7.5 15.0 0.6647000000000001
300.0 7.5 -7.5 15.0 0.209
300.0 10.0 -7.5 15.0 0.0051
300.0 -5.0 -5.0 15.0 0.1876
300.0 -2.5 -5.0 15.0 2.2981
300.0 0.0 -5.0 15.0 2.6412999999999998
300.0 2.5 -5.0 15.0 1.9425000000000001
300.0 5.0 -5.0 15.0 1.2692999999999999
300.0 7.5 -5.0 15.0 0.7937000000000001
300.0 -5.0 -2.5 15.0 -2.5061
300.0 -2.5 -2.5 15.0 0.9336
300.0 0.0 -2.5 15.0 2.085
300.0 2.5 -2.5 15.0 1.9457
300.0 5.0 -2.5 15.0 1.4843
300.0 7.5 -2.5 15.0 1.4416
300.0 10.0 -2.5 15.0 0.7161
300.0 -5.0 0.0 15.0 -7.9415
300.0 -2.5 0.0 15.0 0.5155000000000003
300.0 0.0 0.0 15.0 -6.6805
300.0 2.5 0.0 15.0 -1.7077999999999998
300.0 5.0 0.0 15.0 0.5871
300.0 7.5 0.0 15.0 1.2285
300.0 10.0 0.0 15.0 1.1713
300.0 -5.0 2.5 15.0 2.4908
300.0 -2.5 2.5 15.0 5854108330.748301
300.0 0.0 2.5 15.0 1283.3298
300.0 2.5 2.5 15.0 -6.6735
300.0 5.0 2.5 15.0 -0.5878000000000001
300.0 7.5 2.5 15.0 1.0919
300.0 10.0 2.5 15.0 1.7288999999999999
300.0 -5.0 5.0 15.0 53688.001599999996
300.0 -2.5 5.0 15.0 144996.9915
300.0 0.0 5.0 15.0 9999999980.1413
300.0 2.5 5.0 15.0 1312.5444
300.0 5.0 5.0 15.0 -1.6009999999999998
300.0 7.5 5.0 15.0 1.3949
300.0 10.0 5.0 15.0 2.0745
300.0 -5.0 -10.0 16.25 0.034499999999999996
300.0 -2.5 -10.0 16.25 0.2844
300.0 0.0 -10.0 16.25 0.3677
300.0 2.5 -10.0 16.25 0.26180000000000003
300.0 5.0 -10.0 16.25 0.0854
300.0 7.5 -10.0 16.25 0.0006
300.0 10.0 -10.0 16.25 0.0
300.0 -5.0 -7.5 16.25 0.4419
300.0 -2.5 -7.5 16.25 1.067
300.0 0.0 -7.5 16.25 1.1584
300.0 2.5 -7.5 16.25 0.7624
300.0 5.0 -7.5 16.25 0.4172
300.0 7.5 -7.5 16.25 0.1298
300.0 10.0 -7.5 16.25 0.0
300.0 -5.0 -5.0 16.25 0.15180000000000002
300.0 -2.5 -5.0 16.25 1.1728
300.0 0.0 -5.0 16.25 1.5647
300.0 2.5 -5.0 16.25 0.9511999999999999
300.0 5.0 -5.0 16.25 0.7093999999999999
300.0 7.5 -5.0 16.25 0.4032
300.0 10.0 -5.0 16.25 0.048
300.0 -5.0 -2.5 16.25 -2.6281
300.0 -2.5 -2.5 16.25 0.28780000000000006
300.0 0.0 -2.5 16.25 0.7307
300.0 2.5 -2.5 16.25 1.3138999999999998
300.0 5.0 -2.5 16.25 0.9427000000000001
300.0 7.5 -2.5 16.25 1.1368
300.0 10.0 -2.5 16.25 0.39490000000000003
300.0 -5.0 0.0 16.25 -6.9235
300.0 -2.5 0.0 16.25 -1.4849999999999999
300.0 0.0 0.0 16.25 -2.8602
300.0 2.5 0.0 16.25 -0.8376999999999999
300.0 5.0 0.0 16.25 0.7368
300.0 7.5 0.0 16.25 1.2687
300.0 10.0 0.0 16.25 0.9596
300.0 -5.0 2.5 16.25 -13.991
300.0 -2.5 2.5 16.25 27022.1432
300.0 0.0 2.5 16.25 52.2128
300.0 2.5 2.5 16.25 -3.4593
300.0 5.0 2.5 16.25 0.26180000000000003
300.0 7.5 2.5 16.25 1.4588
300.0 10.0 2.5 16.25 1.2222
300.0 -5.0 5.0 16.25 71.3789
300.0 -2.5 5.0 16.25 10269.9664
300.0 0.0 5.0 16.25 32929.381199999996
300.0 2.5 5.0 16.25 33.3989
300.0 5.0 5.0 16.25 0.4669000000000001
300.0 7.5 5.0 16.25 1.5518
300.0 10.0 5.0 16.25 1.5764999999999998
