0.0 5.0 -7.5 6.25 -4.4487
0.0 -2.5 5.0 6.25 379840065.9179
0.0 0.0 2.5 7.5 10000000009.344301
0.0 -2.5 5.0 7.5 10000000012.667702
0.0 0.0 5.0 7.5 10000000025.1361
0.0 2.5 -10.0 8.75 -0.623
0.0 5.0 -10.0 8.75 -1.1957
0.0 7.5 -10.0 8.75 -0.6799
0.0 0.0 -7.5 8.75 1.0404
0.0 5.0 -7.5 8.75 -2.9741
0.0 0.0 0.0 8.75 105032.081
0.0 0.0 2.5 8.75 133116221.5575
0.0 -2.5 5.0 8.75 4907828.9469
0.0 0.0 5.0 8.75 1849640.3938
0.0 2.5 5.0 8.75 10000000014.896101
0.0 5.0 5.0 8.75 9999999995.936201
0.0 5.0 -10.0 10.0 -0.7134
0.0 7.5 -10.0 10.0 -0.376
0.0 0.0 -7.5 10.0 1.0031
0.0 2.5 -7.5 10.0 -1.0010999999999999
0.0 5.0 -7.5 10.0 -2.0046
0.0 -2.5 -5.0 10.0 6.1259
0.0 2.5 -5.0 10.0 -2.0679
0.0 -2.5 -2.5 10.0 8.3702
0.0 0.0 -2.5 10.0 1.6604999999999999
0.0 -2.5 0.0 10.0 0.8742999999999999
0.0 0.0 0.0 10.0 142.661
0.0 2.5 0.0 10.0 3143.1727
0.0 0.0 2.5 10.0 4776496.0487
0.0 2.5 2.5 10.0 1670831189.1551
0.0 7.5 2.5 10.0 42302409.3015
0.0 -2.5 5.0 10.0 41301.4275
0.0 0.0 5.0 10.0 720220.0643
0.0 2.5 5.0 10.0 815384980.707
0.0 5.0 5.0 10.0 10000000012.3841
0.0 2.5 -10.0 11.25 -0.051500000000000004
0.0 5.0 -10.0 11.25 -0.4271
0.0 7.5 -10.0 11.25 -0.1993
0.0 10.0 -10.0 11.25 0.1769
0.0 0.0 -7.5 11.25 1.0727
0.0 2.5 -7.5 11.25 -0.7474
0.0 5.0 -7.5 11.25 -1.5361
0.0 7.5 -7.5 11.25 -1.1620000000000001
0.0 -2.5 -5.0 11.25 4.7839
0.0 0.0 -5.0 11.25 1.7667000000000002
0.0 2.5 -5.0 11.25 -1.7954
0.0 5.0 -5.0 11.25 -3.3921
0.0 -5.0 -2.5 11.25 7.3225999999999996
0.0 -2.5 -2.5 11.25 4.8833
0.0 0.0 -2.5 11.25 0.9783000000000002
0.0 7.5 -2.5 11.25 -8.950700000000001
0.0 -2.5 0.0 11.25 -0.7166000000000001
0.0 0.0 0.0 11.25 -6.1099
0.0 2.5 0.0 11.25 29.837000000000003
0.0 -2.5 2.5 11.25 -15.23
0.0 0.0 2.5 11.25 326.3128
0.0 2.5 2.5 11.25 4535750.6833
0.0 5.0 2.5 11.25 10000000015.1784
0.0 7.5 2.5 11.25 630673015.4253
0.0 -5.0 5.0 11.25 -9.1636
0.0 -2.5 5.0 11.25 -20.5019
0.0 0.0 5.0 11.25 465548.4807
0.0 2.5 5.0 11.25 10000000050.4536
0.0 5.0 5.0 11.25 12879516.9053
0.0 7.5 5.0 11.25 124586.1572
0.0 0.0 -10.0 12.5 0.2264
0.0 2.5 -10.0 12.5 0.0329
0.0 5.0 -10.0 12.5 -0.2245
0.0 7.5 -10.0 12.5 -0.1824
0.0 10.0 -10.0 12.5 0.0407
0.0 -2.5 -7.5 12.5 1.3221
0.0 0.0 -7.5 12.5 0.8277
0.0 2.5 -7.5 12.5 -0.34600000000000003
0.0 5.0 -7.5 12.5 -1.5482
0.0 7.5 -7.5 12.5 -1.0748
0.0 10.0 -7.5 12.5 -0.1522
0.0 -5.0 -5.0 12.5 3.3207
0.0 -2.5 -5.0 12.5 3.4215
0.0 0.0 -5.0 12.5 1.2691999999999999
0.0 2.5 -5.0 12.5 -1.4034
0.0 5.0 -5.0 12.5 -2.9619
0.0 7.5 -5.0 12.5 -2.9737999999999998
0.0 10.0 -5.0 12.5 -1.3569
0.0 -5.0 -2.5 12.5 5.0020999999999995
0.0 -2.5 -2.5 12.5 2.3605
0.0 0.0 -2.5 12.5 -0.4264
0.0 2.5 -2.5 12.5 -4.4991
0.0 5.0 -2.5 12.5 -7.6255999999999995
0.0 7.5 -2.5 12.5 -8.0261
0.0 -5.0 0.0 12.5 3.4023000000000003
0.0 -2.5 0.0 12.5 -2.46
0.0 0.0 0.0 12.5 -8.0709
0.0 2.5 0.0 12.5 -12.2974
0.0 5.0 0.0 12.5 85.8384
0.0 -2.5 2.5 12.5 -13.2614
0.0 0.0 2.5 12.5 -25.831500000000002
0.0 2.5 2.5 12.5 494.2469
0.0 5.0 2.5 12.5 139329491.85300002
0.0 7.5 2.5 12.5 4630.1538
0.0 10.0 2.5 12.5 33.885600000000004
0.0 -5.0 5.0 12.5 -10.9583
0.0 -2.5 5.0 12.5 -24.409499999999998
0.0 0.0 5.0 12.5 -29.688200000000002
0.0 2.5 5.0 12.5 2259317.9709
0.0 5.0 5.0 12.5 2494325.1782
0.0 7.5 5.0 12.5 10625.4158
0.0 10.0 5.0 12.5 -2.6561
0.0 0.0 -10.0 13.75 0.09469999999999999
0.0 2.5 -10.0 13.75 0.011399999999999999
0.0 5.0 -10.0 13.75 -0.09699999999999999
0.0 7.5 -10.0 13.75 -0.1917
0.0 10.0 -10.0 13.75 -0.1179
0.0 -2.5 -7.5 13.75 0.8220999999999999
0.0 0.0 -7.5 13.75 0.6826
0.0 2.5 -7.5 13.75 -0.0896
0.0 5.0 -7.5 13.75 -0.9541
0.0 7.5 -7.5 13.75 -0.8986
0.0 10.0 -7.5 13.75 -0.252
0.0 -5.0 -5.0 13.75 2.0965000000000003
0.0 -2.5 -5.0 13.75 1.9305999999999999
0.0 0.0 -5.0 13.75 0.7917000000000001
0.0 2.5 -5.0 13.75 -1.2982
0.0 5.0 -5.0 13.75 -2.6765
0.0 7.5 -5.0 13.75 -2.6209
0.0 10.0 -5.0 13.75 -1.1603999999999999
0.0 -5.0 -2.5 13.75 2.6473
0.0 -2.5 -2.5 13.75 1.2631
0.0 0.0 -2.5 13.75 -1.3216
0.0 2.5 -2.5 13.75 -4.0777
0.0 5.0 -2.5 13.75 -6.2103
0.0 7.5 -2.5 13.75 -6.4828
0.0 -5.0 0.0 13.75 1.6139
0.0 -2.5 0.0 13.75 -3.827
0.0 0.0 0.0 13.75 -7.249499999999999
0.0 2.5 0.0 13.75 -9.4485
0.0 5.0 0.0 13.75 -4.837999999999999
0.0 7.5 0.0 13.75 -13.6236
0.0 -5.0 2.5 13.75 -2.7445
0.0 -2.5 2.5 13.75 -12.0902
0.0 0.0 2.5 13.75 -21.0223
0.0 2.5 2.5 13.75 -20.872999999999998
0.0 5.0 2.5 13.75 346.70889999999997
0.0 7.5 2.5 13.75 9.1813
0.0 10.0 2.5 13.75 -7.3662
0.0 -5.0 5.0 13.75 -8.006
0.0 -2.5 5.0 13.75 -19.5791
0.0 0.0 5.0 13.75 -39.1599
0.0 2.5 5.0 13.75 -34.049
0.0 5.0 5.0 13.75 6183.5717
0.0 7.5 5.0 13.75 0.22589999999999932
0.0 10.0 5.0 13.75 -3.1102
0.0 -5.0 -10.0 15.0 -0.0099
0.0 -2.5 -10.0 15.0 -0.0063
0.0 0.0 -10.0 15.0 0.0033
0.0 2.5 -10.0 15.0 0.0193
0.0 5.0 -10.0 15.0 0.0064
0.0 7.5 -10.0 15.0 -0.048
0.0 10.0 -10.0 15.0 -0.0609
0.0 -5.0 -7.5 15.0 0.2201
0.0 -2.5 -7.5 15.0 0.4077
0.0 0.0 -7.5 15.0 0.4068
0.0 2.5 -7.5 15.0 -0.036899999999999995
0.0 5.0 -7.5 15.0 -0.559
0.0 7.5 -7.5 15.0 -0.7594000000000001
0.0 10.0 -7.5 15.0 -0.3621
0.0 -5.0 -5.0 15.0 0.8742
0.0 -2.5 -5.0 15.0 1.1513
0.0 0.0 -5.0 15.0 0.38260000000000005
0.0 2.5 -5.0 15.0 -1.0965
0.0 5.0 -5.0 15.0 -2.5444
0.0 7.5 -5.0 15.0 -2.2911
0.0 10.0 -5.0 15.0 -1.0863
0.0 -5.0 -2.5 15.0 1.2025000000000001
0.0 -2.5 -2.5 15.0 0.3031
0.0 0.0 -2.5 15.0 -1.8975000000000002
0.0 2.5 -2.5 15.0 -3.6181
0.0 5.0 -2.5 15.0 -4.980300000000001
0.0 7.5 -2.5 15.0 -5.047199999999999
0.0 10.0 -2.5 15.0 -3.1538
0.0 -5.0 0.0 15.0 -0.3859
0.0 -2.5 0.0 15.0 -4.0792
0.0 0.0 0.0 15.0 -6.944
0.0 2.5 0.0 15.0 -7.427200000000001
0.0 5.0 0.0 15.0 -8.5231
0.0 7.5 0.0 15.0 -9.707799999999999
0.0 10.0 0.0 15.0 -5.7582
0.0 -5.0 2.5 15.0 -3.0496000000000003
0.0 -2.5 2.5 15.0 -10.4358
0.0 0.0 2.5 15.0 -16.6075
0.0 2.5 2.5 15.0 -16.6423
0.0 5.0 2.5 15.0 -10.4501
0.0 7.5 2.5 15.0 -10.5823
0.0 10.0 2.5 15.0 -5.2377
0.0 -5.0 5.0 15.0 -6.5237
0.0 -2.5 5.0 15.0 -16.4869
0.0 0.0 5.0 15.0 -28.4195
0.0 2.5 5.0 15.0 -27.1297
0.0 5.0 5.0 15.0 -12.135100000000001
0.0 7.5 5.0 15.0 -6.1668
0.0 10.0 5.0 15.0 -1.9235000000000002
0.0 -5.0 -10.0 16.25 0.0
0.0 -2.5 -10.0 16.25 0.0
0.0 0.0 -10.0 16.25 0.0
0.0 2.5 -10.0 16.25 0.0008
0.0 5.0 -10.0 16.25 0.0106
0.0 7.5 -10.0 16.25 -0.0138
0.0 10.0 -10.0 16.25 -0.0092
0.0 -5.0 -7.5 16.25 -0.1225
0.0 -2.5 -7.5 16.25 0.0208
0.0 0.0 -7.5 16.25 0.117
0.0 2.5 -7.5 16.25 0.0056
0.0 5.0 -7.5 16.25 -0.2806
0.0 7.5 -7.5 16.25 -0.4883
0.0 10.0 -7.5 16.25 -0.4377
0.0 -5.0 -5.0 16.25 0.2609
0.0 -2.5 -5.0 16.25 0.565
0.0 0.0 -5.0 16.25 0.33409999999999995
0.0 2.5 -5.0 16.25 -0.6728
0.0 5.0 -5.0 16.25 -1.5222
0.0 7.5 -5.0 16.25 -1.7556
0.0 10.0 -5.0 16.25 -1.1664999999999999
0.0 -5.0 -2.5 16.25 0.45189999999999997
0.0 -2.5 -2.5 16.25 0.07619999999999999
0.0 0.0 -2.5 16.25 -1.5209
0.0 2.5 -2.5 16.25 -3.2081
0.0 5.0 -2.5 16.25 -4.069
0.0 7.5 -2.5 16.25 -4.0176
0.0 10.0 -2.5 16.25 -2.3981999999999997
0.0 -5.0 0.0 16.25 -1.3779
0.0 -2.5 0.0 16.25 -3.2241
0.0 0.0 0.0 16.25 -5.956799999999999
0.0 2.5 0.0 16.25 -6.8885
0.0 5.0 0.0 16.25 -6.378
0.0 7.5 0.0 16.25 -6.1703
0.0 10.0 0.0 16.25 -4.0687
0.0 -5.0 2.5 16.25 -4.2781
0.0 -2.5 2.5 16.25 -8.729999999999999
0.0 0.0 2.5 16.25 -12.0528
0.0 2.5 2.5 16.25 -11.841800000000001
0.0 5.0 2.5 16.25 -8.661
0.0 7.5 2.5 16.25 -6.5548
0.0 10.0 2.5 16.25 -3.6961
0.0 -5.0 5.0 16.25 -6.5975
0.0 -2.5 5.0 16.25 -13.3719
0.0 0.0 5.0 16.25 -19.2697
0.0 2.5 5.0 16.25 -18.1256
0.0 5.0 5.0 16.25 -9.5408
0.0 7.5 5.0 16.25 -4.0616
0.0 10.0 5.0 16.25 -1.2084
60.0 -5.0 -10.0 3.75 -8.7113
60.0 -2.5 -10.0 3.75 -8.3939
60.0 0.0 -10.0 3.75 0.7414000000000001
60.0 2.5 -10.0 3.75 7.8596
60.0 5.0 -10.0 3.75 6.2567
60.0 7.5 -10.0 3.75 3.0135
60.0 10.0 -10.0 3.75 -0.4229
60.0 -5.0 -7.5 3.75 130.2802
60.0 -2.5 -7.5 3.75 -18.3284
60.0 0.0 -7.5 3.75 50.6036
60.0 2.5 -7.5 3.75 888.4644
60.0 5.0 -7.5 3.75 6.3506
60.0 7.5 -7.5 3.75 -2.1957
60.0 10.0 -7.5 3.75 -1.6010000000000002
60.0 -5.0 -5.0 3.75 36200983.8371
60.0 -2.5 -5.0 3.75 9890.773
60.0 0.0 -5.0 3.75 339837.5486
60.0 2.5 -5.0 3.75 23394615.425300002
60.0 5.0 -5.0 3.75 324943980.9092
60.0 7.5 -5.0 3.75 -11.2325
60.0 10.0 -5.0 3.75 -4.9787
60.0 -5.0 -2.5 3.75 9999999979.3446
60.0 -2.5 -2.5 3.75 304279921.5657
60.0 0.0 -2.5 3.75 217186830.47199997
60.0 2.5 -2.5 3.75 8225917.853
60.0 5.0 -2.5 3.75 26754.3209
60.0 7.5 -2.5 3.75 222.5768
60.0 10.0 -2.5 3.75 -10.0735
60.0 -5.0 0.0 3.75 5461132781.772901
60.0 -2.5 0.0 3.75 958947770.6643
60.0 0.0 0.0 3.75 231937035.65690002
60.0 2.5 0.0 3.75 151865134.3851
60.0 5.0 0.0 3.75 7782245.8669
60.0 7.5 0.0 3.75 97089842.6869
60.0 10.0 0.0 3.75 70932.1868
60.0 -5.0 2.5 3.75 9999999485.145802
60.0 -2.5 2.5 3.75 168516175.8725
60.0 0.0 2.5 3.75 6060572616.5843
60.0 2.5 2.5 3.75 10000000008.2015
60.0 5.0 2.5 3.75 5396279492.3956995
60.0 7.5 2.5 3.75 9999999989.3003
60.0 10.0 2.5 3.75 25982526.123
60.0 -5.0 5.0 3.75 9999999955.233301
60.0 -2.5 5.0 3.75 7263551709.7351
60.0 0.0 5.0 3.75 9999999984.340801
60.0 2.5 5.0 3.75 10000000022.325201
60.0 5.0 5.0 3.75 9999999904.4636
60.0 7.5 5.0 3.75 14055593.0076
60.0 10.0 5.0 3.75 8017.5778
60.0 2.5 -2.5 5.0 82496054.5963
60.0 0.0 0.0 5.0 117425028.409
60.0 0.0 2.5 5.0 10000000023.284
60.0 2.5 -2.5 6.25 413299.02989999996
60.0 0.0 0.0 6.25 30778572.3441
60.0 0.0 2.5 6.25 10000000041.661001
60.0 0.0 5.0 6.25 10000000030.7098
60.0 2.5 -5.0 7.5 27715343.1866
60.0 2.5 -2.5 7.5 6111.9762
60.0 5.0 -2.5 7.5 4350.1248
60.0 -2.5 0.0 7.5 61357130.082
60.0 0.0 0.0 7.5 193499676.3369
60.0 2.5 0.0 7.5 1114602459.8860002
60.0 0.0 2.5 7.5 10000000046.5587
60.0 0.0 5.0 7.5 10000000144.513601
60.0 2.5 -7.5 8.75 147.71099999999998
60.0 2.5 -5.0 8.75 218667.0617
60.0 5.0 -5.0 8.75 209.5503
60.0 0.0 -2.5 8.75 100.6846
60.0 2.5 -2.5 8.75 143.0265
60.0 -2.5 0.0 8.75 119261.8336
60.0 0.0 0.0 8.75 2201417.5472
60.0 2.5 0.0 8.75 1577072208.2122998
60.0 -2.5 2.5 8.75 19414.2874
60.0 0.0 2.5 8.75 224055565.92499998
60.0 0.0 5.0 8.75 10000000063.340801
60.0 5.0 -10.0 10.0 4.9566
60.0 2.5 -7.5 10.0 7.328700000000001
60.0 5.0 -7.5 10.0 7.6800999999999995
60.0 7.5 -7.5 10.0 3.7185999999999995
60.0 0.0 -5.0 10.0 8.4665
60.0 2.5 -5.0 10.0 19.6643
60.0 5.0 -5.0 10.0 5.0903
60.0 -2.5 -2.5 10.0 21.7237
60.0 0.0 -2.5 10.0 12.0411
60.0 2.5 -2.5 10.0 8.4687
60.0 5.0 -2.5 10.0 0.33
60.0 7.5 -2.5 10.0 -6.1104
60.0 -2.5 0.0 10.0 73.7697
60.0 0.0 0.0 10.0 73240.5246
60.0 2.5 0.0 10.0 45391630.808199994
60.0 -2.5 2.5 10.0 394.1739
60.0 0.0 2.5 10.0 10000000551.1268
60.0 2.5 2.5 10.0 992735.6941
60.0 -2.5 5.0 10.0 822668.1771999999
60.0 0.0 5.0 10.0 27473239.255200002
60.0 2.5 5.0 10.0 9999999989.266401
60.0 2.5 -10.0 11.25 3.5004999999999997
60.0 5.0 -10.0 11.25 3.395
60.0 10.0 -10.0 11.25 0.5625
60.0 0.0 -7.5 11.25 4.236800000000001
60.0 2.5 -7.5 11.25 4.7521
60.0 5.0 -7.5 11.25 4.7492
60.0 7.5 -7.5 11.25 2.6964
60.0 0.0 -5.0 11.25 7.4297
60.0 2.5 -5.0 11.25 3.8506
60.0 5.0 -5.0 11.25 2.2279
60.0 -2.5 -2.5 11.25 16.2346
60.0 0.0 -2.5 11.25 11.2192
60.0 2.5 -2.5 11.25 2.4916999999999994
60.0 5.0 -2.5 11.25 -2.4652
60.0 7.5 -2.5 11.25 -4.6257
60.0 -5.0 0.0 11.25 6.8435
60.0 -2.5 0.0 11.25 19.9849
60.0 0.0 0.0 11.25 63.3322
60.0 2.5 0.0 11.25 572.5107
60.0 5.0 0.0 11.25 139.1654
60.0 -5.0 2.5 11.25 1.0841000000000003
60.0 -2.5 2.5 11.25 24.89
60.0 0.0 2.5 11.25 4386846510.0465
60.0 2.5 2.5 11.25 313.64119999999997
60.0 5.0 2.5 11.25 5434.245
60.0 -2.5 5.0 11.25 2586.1243
60.0 0.0 5.0 11.25 575580051.7168
60.0 2.5 5.0 11.25 9999999967.9582
60.0 5.0 5.0 11.25 6947792874.8567
60.0 7.5 5.0 11.25 4341372710.7129
60.0 -2.5 -10.0 12.5 1.4862000000000002
60.0 0.0 -10.0 12.5 1.9821
60.0 2.5 -10.0 12.5 2.4477
60.0 5.0 -10.0 12.5 2.4303
60.0 7.5 -10.0 12.5 1.562
60.0 10.0 -10.0 12.5 0.5651
60.0 0.0 -7.5 12.5 3.8989
60.0 2.5 -7.5 12.5 3.4922
60.0 5.0 -7.5 12.5 3.185
60.0 7.5 -7.5 12.5 2.187
60.0 10.0 -7.5 12.5 0.9126
60.0 -2.5 -5.0 12.5 7.2701
60.0 0.0 -5.0 12.5 6.5864
60.0 2.5 -5.0 12.5 3.4565
60.0 5.0 -5.0 12.5 1.4901
60.0 7.5 -5.0 12.5 0.6263
60.0 -5.0 -2.5 12.5 6.2126
60.0 -2.5 -2.5 12.5 11.4884
60.0 0.0 -2.5 12.5 8.7012
60.0 2.5 -2.5 12.5 2.5885000000000002
60.0 5.0 -2.5 12.5 -2.2977
60.0 7.5 -2.5 12.5 -3.5467
60.0 -5.0 0.0 12.5 5.3422
60.0 -2.5 0.0 12.5 12.1233
60.0 0.0 0.0 12.5 6.431100000000001
60.0 2.5 0.0 12.5 -2.6918
60.0 5.0 0.0 12.5 -8.8414
60.0 -5.0 2.5 12.5 2.3234999999999997
60.0 -2.5 2.5 12.5 5.779299999999999
60.0 0.0 2.5 12.5 4.8572
60.0 2.5 2.5 12.5 -10.7429
60.0 5.0 2.5 12.5 906.2553
60.0 7.5 2.5 12.5 100.3177
60.0 -5.0 5.0 12.5 -1.1153
60.0 -2.5 5.0 12.5 -3.0420999999999996
60.0 0.0 5.0 12.5 11.9275
60.0 2.5 5.0 12.5 155270.81240000002
60.0 5.0 5.0 12.5 8103151.3235
60.0 7.5 5.0 12.5 34206.377199999995
60.0 10.0 5.0 12.5 496.2715
60.0 -2.5 -10.0 13.75 0.6017
60.0 0.0 -10.0 13.75 1.1605
60.0 2.5 -10.0 13.75 1.625
60.0 5.0 -10.0 13.75 1.4938
60.0 7.5 -10.0 13.75 1.1005
60.0 10.0 -10.0 13.75 0.4954
60.0 0.0 -7.5 13.75 2.6158
60.0 2.5 -7.5 13.75 2.1715
60.0 5.0 -7.5 13.75 1.9679000000000002
60.0 7.5 -7.5 13.75 1.5248
60.0 10.0 -7.5 13.75 0.705
60.0 -2.5 -5.0 13.75 4.9678
60.0 0.0 -5.0 13.75 4.864800000000001
60.0 2.5 -5.0 13.75 2.7313
60.0 5.0 -5.0 13.75 0.834
60.0 7.5 -5.0 13.75 0.3002
60.0 10.0 -5.0 13.75 0.4395
60.0 -5.0 -2.5 13.75 4.3727
60.0 -2.5 -2.5 13.75 7.5972
60.0 0.0 -2.5 13.75 6.4665
60.0 2.5 -2.5 13.75 1.6054
60.0 5.0 -2.5 13.75 -2.2729
60.0 7.5 -2.5 13.75 -2.4631
60.0 -5.0 0.0 13.75 4.3018
60.0 -2.5 0.0 13.75 6.8765
60.0 0.0 0.0 13.75 3.6788000000000003
60.0 2.5 0.0 13.75 -2.3003
60.0 5.0 0.0 13.75 -6.8194
60.0 -5.0 2.5 13.75 0.8876999999999999
60.0 -2.5 2.5 13.75 1.7393
60.0 0.0 2.5 13.75 -5.265
60.0 2.5 2.5 13.75 -11.400500000000001
60.0 5.0 2.5 13.75 -10.9913
60.0 7.5 2.5 13.75 -15.599599999999999
60.0 -5.0 5.0 13.75 -1.4654
60.0 -2.5 5.0 13.75 -6.2392
60.0 0.0 5.0 13.75 -17.0791
60.0 2.5 5.0 13.75 50.8951
60.0 5.0 5.0 13.75 425.40319999999997
60.0 7.5 5.0 13.75 132.8219
60.0 10.0 5.0 13.75 -8.2631
60.0 -5.0 -10.0 15.0 0.0519
60.0 -2.5 -10.0 15.0 0.1112
60.0 0.0 -10.0 15.0 0.28350000000000003
60.0 2.5 -10.0 15.0 0.6344000000000001
60.0 5.0 -10.0 15.0 0.9126
60.0 7.5 -10.0 15.0 0.7061
60.0 10.0 -10.0 15.0 0.3529
60.0 -5.0 -7.5 15.0 1.0137
60.0 -2.5 -7.5 15.0 1.0753
60.0 0.0 -7.5 15.0 1.1434
60.0 2.5 -7.5 15.0 0.9502
60.0 5.0 -7.5 15.0 1.0806
60.0 7.5 -7.5 15.0 1.0285
60.0 10.0 -7.5 15.0 0.4938
60.0 -5.0 -5.0 15.0 2.5368
60.0 -2.5 -5.0 15.0 2.9013999999999998
60.0 0.0 -5.0 15.0 2.3434
60.0 2.5 -5.0 15.0 1.0688
60.0 5.0 -5.0 15.0 0.15990000000000001
60.0 7.5 -5.0 15.0 -0.041400000000000006
60.0 10.0 -5.0 15.0 0.1546
60.0 -5.0 -2.5 15.0 3.132
60.0 -2.5 -2.5 15.0 4.617
60.0 0.0 -2.5 15.0 3.7614
60.0 2.5 -2.5 15.0 0.1279
60.0 5.0 -2.5 15.0 -2.0786
60.0 7.5 -2.5 15.0 -2.1729000000000003
60.0 10.0 -2.5 15.0 -0.9809
60.0 -5.0 0.0 15.0 2.7803000000000004
60.0 -2.5 0.0 15.0 4.574
60.0 0.0 0.0 15.0 1.5461999999999998
60.0 2.5 0.0 15.0 -2.8636999999999997
60.0 5.0 0.0 15.0 -5.7164
60.0 7.5 0.0 15.0 -6.0224
60.0 -5.0 2.5 15.0 0.32989999999999997
60.0 -2.5 2.5 15.0 0.5183999999999999
60.0 0.0 2.5 15.0 -3.7444999999999995
60.0 2.5 2.5 15.0 -8.0916
60.0 5.0 2.5 15.0 -10.7773
60.0 7.5 2.5 15.0 -10.9828
60.0 10.0 2.5 15.0 -6.4428
60.0 -5.0 5.0 15.0 -1.6252
60.0 -2.5 5.0 15.0 -5.8896999999999995
60.0 0.0 5.0 15.0 -12.6415
60.0 2.5 5.0 15.0 -16.220599999999997
60.0 5.0 5.0 15.0 -12.9229
60.0 7.5 5.0 15.0 -12.8761
60.0 10.0 5.0 15.0 -7.2905
60.0 -5.0 -10.0 16.25 -0.10400000000000001
60.0 -2.5 -10.0 16.25 -0.1978
60.0 0.0 -10.0 16.25 -0.0855
60.0 2.5 -10.0 16.25 0.2114
60.0 5.0 -10.0 16.25 0.4451
60.0 7.5 -10.0 16.25 0.3678
60.0 10.0 -10.0 16.25 0.1185
60.0 -5.0 -7.5 16.25 0.4643
60.0 -2.5 -7.5 16.25 0.23779999999999998
60.0 0.0 -7.5 16.25 -0.0389
60.0 2.5 -7.5 16.25 0.1355
60.0 5.0 -7.5 16.25 0.5407000000000001
60.0 7.5 -7.5 16.25 0.5462
60.0 10.0 -7.5 16.25 0.2366
60.0 -5.0 -5.0 16.25 1.2747000000000002
60.0 -2.5 -5.0 16.25 1.0994000000000002
60.0 0.0 -5.0 16.25 0.3938
60.0 2.5 -5.0 16.25 -0.0434
60.0 5.0 -5.0 16.25 -0.4027
60.0 7.5 -5.0 16.25 0.10250000000000001
60.0 10.0 -5.0 16.25 0.0553
60.0 -5.0 -2.5 16.25 2.0526
60.0 -2.5 -2.5 16.25 2.225
60.0 0.0 -2.5 16.25 1.1843
60.0 2.5 -2.5 16.25 -0.8221
60.0 5.0 -2.5 16.25 -2.2580999999999998
60.0 7.5 -2.5 16.25 -1.7489
60.0 10.0 -2.5 16.25 -0.8168
60.0 -5.0 0.0 16.25 1.8157999999999999
60.0 -2.5 0.0 16.25 2.5572999999999997
60.0 0.0 0.0 16.25 0.33219999999999994
60.0 2.5 0.0 16.25 -3.5547999999999997
60.0 5.0 0.0 16.25 -5.3393
60.0 7.5 0.0 16.25 -4.3424000000000005
60.0 10.0 0.0 16.25 -2.6035
60.0 -5.0 2.5 16.25 0.28090000000000004
60.0 -2.5 2.5 16.25 -0.6336999999999999
60.0 0.0 2.5 16.25 -3.854
60.0 2.5 2.5 16.25 -7.4523
60.0 5.0 2.5 16.25 -8.1183
60.0 7.5 2.5 16.25 -7.3294999999999995
60.0 10.0 2.5 16.25 -4.2924
60.0 -5.0 5.0 16.25 -2.286
60.0 -2.5 5.0 16.25 -5.0218
60.0 0.0 5.0 16.25 -10.0537
60.0 2.5 5.0 16.25 -12.1711
60.0 5.0 5.0 16.25 -10.8979
60.0 7.5 5.0 16.25 -8.4909
60.0 10.0 5.0 16.25 -4.3114
120.0 -5.0 -10.0 3.75 2.6644
120.0 -2.5 -10.0 3.75 4.517399999999999
120.0 0.0 -10.0 3.75 2.5057
120.0 2.5 -10.0 3.75 -3.0736
120.0 5.0 -10.0 3.75 -7.5087
120.0 7.5 -10.0 3.75 -6.1591
120.0 10.0 -10.0 3.75 -0.48140000000000005
120.0 -5.0 -7.5 3.75 2.745
120.0 -2.5 -7.5 3.75 5.3163
120.0 0.0 -7.5 3.75 2.3546
120.0 2.5 -7.5 3.75 -5.8213
120.0 5.0 -7.5 3.75 -16.477
120.0 7.5 -7.5 3.75 -14.1671
120.0 10.0 -7.5 3.75 3.6837000000000004
120.0 -5.0 -5.0 3.75 0.06759999999999988
120.0 -2.5 -5.0 3.75 4.475099999999999
120.0 0.0 -5.0 3.75 -2.3212
120.0 2.5 -5.0 3.75 98.8377
120.0 5.0 -5.0 3.75 7136.0389
120.0 7.5 -5.0 3.75 2210999.8478
120.0 10.0 -5.0 3.75 5036.2124
120.0 -5.0 -2.5 3.75 -12.0699
120.0 -2.5 -2.5 3.75 -2.3023999999999996
120.0 0.0 -2.5 3.75 154.6741
120.0 2.5 -2.5 3.75 46315.2342
120.0 5.0 -2.5 3.75 264325487.2807
120.0 7.5 -2.5 3.75 642474599.9882001
120.0 10.0 -2.5 3.75 10000000039.0547
120.0 -5.0 0.0 3.75 3895.9772
120.0 -2.5 0.0 3.75 271014.82170000003
120.0 0.0 0.0 3.75 2077582806.008
120.0 2.5 0.0 3.75 6235596.7504
120.0 5.0 0.0 3.75 10000000005.392302
120.0 7.5 0.0 3.75 9999999875.5988
120.0 10.0 0.0 3.75 92007148.80109999
120.0 -5.0 2.5 3.75 264255879.234
120.0 -2.5 2.5 3.75 9999999951.253302
120.0 0.0 2.5 3.75 10000000162.0751
120.0 2.5 2.5 3.75 9999999978.3812
120.0 5.0 2.5 3.75 296253530.3492
120.0 7.5 2.5 3.75 1149565395.4649
120.0 10.0 2.5 3.75 1813412339.7231
120.0 -5.0 5.0 3.75 9999999978.135801
120.0 -2.5 5.0 3.75 3475329240.2676
120.0 0.0 5.0 3.75 1318155978.8388
120.0 2.5 5.0 3.75 9999999617.8484
120.0 5.0 5.0 3.75 4968609326.4208
120.0 7.5 5.0 3.75 218506921.38189998
120.0 10.0 5.0 3.75 57209396.977299996
120.0 -2.5 5.0 5.0 9999999971.711601
120.0 -2.5 2.5 6.25 10000000037.28
120.0 -2.5 5.0 6.25 749524195.5303
120.0 2.5 -7.5 7.5 -6.1560999999999995
120.0 0.0 -5.0 7.5 -6.336799999999999
120.0 -2.5 0.0 7.5 2013483.236
120.0 -2.5 2.5 7.5 473930991.6216
120.0 0.0 2.5 7.5 1708454.097
120.0 -2.5 5.0 7.5 3943336.0022
120.0 0.0 5.0 7.5 159691348.8919
120.0 2.5 -7.5 8.75 -5.047300000000001
120.0 5.0 -7.5 8.75 -6.0906
120.0 0.0 -5.0 8.75 -4.5614
120.0 0.0 0.0 8.75 2594.2009
120.0 -2.5 2.5 8.75 9645.2392
120.0 0.0 2.5 8.75 236633.7934
120.0 -5.0 5.0 8.75 3751.5469
120.0 -2.5 5.0 8.75 7007482.4132
120.0 0.0 5.0 8.75 9999999985.259401
120.0 2.5 5.0 8.75 9999999983.397202
120.0 2.5 -10.0 10.0 -1.2694
120.0 2.5 -7.5 10.0 -3.7748
120.0 5.0 -7.5 10.0 -3.931
120.0 7.5 -7.5 10.0 -2.665
120.0 -2.5 -5.0 10.0 -0.5006999999999999
120.0 0.0 -5.0 10.0 -3.0063
120.0 2.5 -5.0 10.0 -5.5308
120.0 0.0 -2.5 10.0 -5.528700000000001
120.0 0.0 0.0 10.0 2.3571
120.0 2.5 0.0 10.0 -15.0123
120.0 -5.0 2.5 10.0 22.1705
120.0 -2.5 2.5 10.0 37.3614
120.0 0.0 2.5 10.0 8457.559
120.0 2.5 2.5 10.0 1049102.8689
120.0 -5.0 5.0 10.0 28.0553
120.0 -2.5 5.0 10.0 5035.3864
120.0 0.0 5.0 10.0 9999999998.7196
120.0 2.5 5.0 10.0 9999999955.5016
120.0 5.0 5.0 10.0 192176745.5126
120.0 2.5 -10.0 11.25 -0.6617000000000001
120.0 5.0 -10.0 11.25 -1.593
120.0 10.0 -10.0 11.25 -0.5704
120.0 -2.5 -7.5 11.25 -0.0573
120.0 0.0 -7.5 11.25 -0.9200999999999999
120.0 2.5 -7.5 11.25 -2.1248
120.0 5.0 -7.5 11.25 -2.3842
120.0 7.5 -7.5 11.25 -1.3992
120.0 -2.5 -5.0 11.25 -0.0969
120.0 0.0 -5.0 11.25 -1.8768
120.0 2.5 -5.0 11.25 -2.9712
120.0 5.0 -5.0 11.25 -1.5409
120.0 7.5 -5.0 11.25 0.3309000000000001
120.0 0.0 -2.5 11.25 -3.1264
120.0 2.5 -2.5 11.25 -4.2117
120.0 -5.0 0.0 11.25 7.1925
120.0 -2.5 0.0 11.25 -1.015
120.0 0.0 0.0 11.25 -7.250299999999999
120.0 2.5 0.0 11.25 -8.4895
120.0 -5.0 2.5 11.25 11.4467
120.0 -2.5 2.5 11.25 0.9720999999999997
120.0 0.0 2.5 11.25 8726.393399999999
120.0 2.5 2.5 11.25 1218180.5954
120.0 -5.0 5.0 11.25 7.465800000000001
120.0 -2.5 5.0 11.25 327.091
120.0 0.0 5.0 11.25 9585021.1068
120.0 2.5 5.0 11.25 9999999994.745602
120.0 5.0 5.0 11.25 25499191.1001
120.0 7.5 5.0 11.25 1827.0351999999998
120.0 -5.0 -10.0 12.5 -0.0159
120.0 -2.5 -10.0 12.5 0.0265
120.0 0.0 -10.0 12.5 0.3393
120.0 2.5 -10.0 12.5 -0.08600000000000001
120.0 5.0 -10.0 12.5 -0.8002
120.0 7.5 -10.0 12.5 -0.954
120.0 10.0 -10.0 12.5 -0.4839
120.0 -2.5 -7.5 12.5 0.11610000000000001
120.0 0.0 -7.5 12.5 -0.36079999999999995
120.0 2.5 -7.5 12.5 -1.0578999999999998
120.0 5.0 -7.5 12.5 -1.5357
120.0 7.5 -7.5 12.5 -0.9519
120.0 10.0 -7.5 12.5 0.05589999999999999
120.0 -2.5 -5.0 12.5 -0.28290000000000004
120.0 0.0 -5.0 12.5 -1.1004
120.0 2.5 -5.0 12.5 -1.8225
120.0 5.0 -5.0 12.5 -0.6907
120.0 -5.0 -2.5 12.5 2.1243
120.0 -2.5 -2.5 12.5 -0.2824
120.0 0.0 -2.5 12.5 -1.4651
120.0 2.5 -2.5 12.5 -1.9068999999999998
120.0 5.0 -2.5 12.5 1.1526
120.0 -5.0 0.0 12.5 5.3917
120.0 -2.5 0.0 12.5 -0.21939999999999993
120.0 0.0 0.0 12.5 -4.1454
120.0 2.5 0.0 12.5 -4.3865
120.0 5.0 0.0 12.5 1.7850000000000001
120.0 -5.0 2.5 12.5 7.5527999999999995
120.0 -2.5 2.5 12.5 -1.6333000000000002
120.0 0.0 2.5 12.5 360.8158
120.0 2.5 2.5 12.5 62114.9294
120.0 5.0 2.5 12.5 39.8116
120.0 -5.0 5.0 12.5 3.7756999999999996
120.0 -2.5 5.0 12.5 -8.2993
120.0 0.0 5.0 12.5 27061.9676
120.0 2.5 5.0 12.5 1877138.628
120.0 5.0 5.0 12.5 6419.8829
120.0 7.5 5.0 12.5 38.3976
120.0 -5.0 -10.0 13.75 -0.0001
120.0 -2.5 -10.0 13.75 -0.0174
120.0 0.0 -10.0 13.75 0.14670000000000002
120.0 2.5 -10.0 13.75 0.2331
120.0 5.0 -10.0 13.75 -0.2948
120.0 7.5 -10.0 13.75 -0.5572
120.0 10.0 -10.0 13.75 -0.39880000000000004
120.0 -2.5 -7.5 13.75 0.1967
120.0 0.0 -7.5 13.75 0.1867
120.0 2.5 -7.5 13.75 -0.3439
120.0 5.0 -7.5 13.75 -0.764
120.0 7.5 -7.5 13.75 -0.6334
120.0 10.0 -7.5 13.75 0.13369999999999999
120.0 -2.5 -5.0 13.75 -0.0692
120.0 0.0 -5.0 13.75 -0.6333
120.0 2.5 -5.0 13.75 -0.6162000000000001
120.0 5.0 -5.0 13.75 -0.1953
120.0 7.5 -5.0 13.75 1.0229
120.0 10.0 -5.0 13.75 1.4483
120.0 -5.0 -2.5 13.75 1.2355
120.0 -2.5 -2.5 13.75 -0.1041
120.0 0.0 -2.5 13.75 -1.2546000000000002
120.0 2.5 -2.5 13.75 -0.5409999999999999
120.0 5.0 -2.5 13.75 1.2619
120.0 -5.0 0.0 13.75 2.8787000000000003
120.0 -2.5 0.0 13.75 -0.04039999999999999
120.0 0.0 0.0 13.75 -2.9886999999999997
120.0 2.5 0.0 13.75 -1.8721
120.0 5.0 0.0 13.75 2.0629999999999997
120.0 -5.0 2.5 13.75 3.8173000000000004
120.0 -2.5 2.5 13.75 -2.6115
120.0 0.0 2.5 13.75 -6.983499999999999
120.0 2.5 2.5 13.75 -4.9351
120.0 5.0 2.5 13.75 -1.1130000000000002
120.0 -5.0 5.0 13.75 0.6486999999999998
120.0 -2.5 5.0 13.75 -8.8207
120.0 0.0 5.0 13.75 7.906699999999999
120.0 2.5 5.0 13.75 1903.2247
120.0 5.0 5.0 13.75 3.3616
120.0 7.5 5.0 13.75 -0.8342
120.0 -5.0 -10.0 15.0 0.0
120.0 -2.5 -10.0 15.0 0.0
120.0 0.0 -10.0 15.0 0.0134
120.0 2.5 -10.0 15.0 0.1686
120.0 5.0 -10.0 15.0 0.0667
120.0 7.5 -10.0 15.0 -0.3156
120.0 10.0 -10.0 15.0 -0.1915
120.0 -5.0 -7.5 15.0 -0.1092
120.0 -2.5 -7.5 15.0 0.039
120.0 0.0 -7.5 15.0 0.38
120.0 2.5 -7.5 15.0 0.2748
120.0 5.0 -7.5 15.0 -0.3395
120.0 7.5 -7.5 15.0 -0.5278
120.0 10.0 -7.5 15.0 -0.2006
120.0 -5.0 -5.0 15.0 -0.0266
120.0 -2.5 -5.0 15.0 -0.0698
120.0 0.0 -5.0 15.0 -0.2285
120.0 2.5 -5.0 15.0 -0.0906
120.0 5.0 -5.0 15.0 0.0913
120.0 7.5 -5.0 15.0 0.3873
120.0 10.0 -5.0 15.0 0.5714
120.0 -5.0 -2.5 15.0 0.4237
120.0 -2.5 -2.5 15.0 -0.2999
120.0 0.0 -2.5 15.0 -0.892
120.0 2.5 -2.5 15.0 -0.2851
120.0 5.0 -2.5 15.0 0.9954000000000001
120.0 7.5 -2.5 15.0 2.1321
120.0 10.0 -2.5 15.0 1.9589999999999999
120.0 -5.0 0.0 15.0 1.3771
120.0 -2.5 0.0 15.0 -0.5972
120.0 0.0 0.0 15.0 -2.7469
120.0 2.5 0.0 15.0 -1.4728
120.0 5.0 0.0 15.0 1.3828
120.0 10.0 0.0 15.0 3.3026999999999997
120.0 -5.0 2.5 15.0 1.4989
120.0 -2.5 2.5 15.0 -2.7128
120.0 0.0 2.5 15.0 -6.1149000000000004
120.0 2.5 2.5 15.0 -4.545
120.0 5.0 2.5 15.0 -0.5181
120.0 7.5 2.5 15.0 2.5273000000000003
120.0 -5.0 5.0 15.0 -1.761
120.0 -2.5 5.0 15.0 -8.398
120.0 0.0 5.0 15.0 -11.4378
120.0 2.5 5.0 15.0 -8.7458
120.0 5.0 5.0 15.0 -6.2946
120.0 7.5 5.0 15.0 -1.2204
120.0 10.0 5.0 15.0 -0.16999999999999998
120.0 -5.0 -10.0 16.25 0.0
120.0 -2.5 -10.0 16.25 0.0
120.0 0.0 -10.0 16.25 0.0
120.0 2.5 -10.0 16.25 0.0209
120.0 5.0 -10.0 16.25 0.0877
120.0 7.5 -10.0 16.25 0.0267
120.0 10.0 -10.0 16.25 -0.08990000000000001
120.0 -5.0 -7.5 16.25 -0.0215
120.0 -2.5 -7.5 16.25 -0.071
120.0 0.0 -7.5 16.25 0.0176
120.0 2.5 -7.5 16.25 0.2266
120.0 5.0 -7.5 16.25 0.0417
120.0 7.5 -7.5 16.25 -0.3413
120.0 10.0 -7.5 16.25 -0.25379999999999997
120.0 -5.0 -5.0 16.25 -0.169
120.0 -2.5 -5.0 16.25 0.092
120.0 0.0 -5.0 16.25 0.17650000000000002
120.0 2.5 -5.0 16.25 0.2255
120.0 5.0 -5.0 16.25 0.09939999999999999
120.0 7.5 -5.0 16.25 -0.2198
120.0 10.0 -5.0 16.25 -0.0444
120.0 -5.0 -2.5 16.25 0.0569
120.0 -2.5 -2.5 16.25 -0.18810000000000002
120.0 0.0 -2.5 16.25 -0.5906
120.0 2.5 -2.5 16.25 -0.2028
120.0 5.0 -2.5 16.25 0.2706
120.0 7.5 -2.5 16.25 0.6846
120.0 10.0 -2.5 16.25 0.6247
120.0 -5.0 0.0 16.25 0.3274
120.0 -2.5 0.0 16.25 -0.8412000000000001
120.0 0.0 0.0 16.25 -1.8256
120.0 2.5 0.0 16.25 -1.011
120.0 5.0 0.0 16.25 0.5888
120.0 7.5 0.0 16.25 1.2105000000000001
120.0 10.0 0.0 16.25 0.808
120.0 -5.0 2.5 16.25 -0.3483
120.0 -2.5 2.5 16.25 -2.8175999999999997
120.0 0.0 2.5 16.25 -4.6034999999999995
120.0 2.5 2.5 16.25 -3.6177
120.0 5.0 2.5 16.25 -0.8775999999999999
120.0 7.5 2.5 16.25 0.6931
120.0 10.0 2.5 16.25 0.2123
120.0 -5.0 5.0 16.25 -3.0248
120.0 -2.5 5.0 16.25 -6.8844
120.0 0.0 5.0 16.25 -8.9448
120.0 2.5 5.0 16.25 -6.492
120.0 5.0 5.0 16.25 -3.2207000000000003
120.0 7.5 5.0 16.25 -1.0577
120.0 10.0 5.0 16.25 -1.2595
180.0 -5.0 -10.0 3.75 -6.006399999999999
180.0 -2.5 -10.0 3.75 -7.5228
180.0 0.0 -10.0 3.75 -4.0752
180.0 2.5 -10.0 3.75 1.5758999999999999
180.0 5.0 -10.0 3.75 4.5499
180.0 7.5 -10.0 3.75 3.1237
180.0 10.0 -10.0 3.75 0.255
180.0 -5.0 -7.5 3.75 -13.430499999999999
180.0 -2.5 -7.5 3.75 -17.0228
180.0 0.0 -7.5 3.75 -10.154
180.0 2.5 -7.5 3.75 3.5697
180.0 5.0 -7.5 3.75 9.1408
180.0 7.5 -7.5 3.75 5.556
180.0 10.0 -7.5 3.75 0.43600000000000005
180.0 -5.0 -5.0 3.75 212.8383
180.0 -2.5 -5.0 3.75 34896.7804
180.0 0.0 -5.0 3.75 1084931.3625
180.0 2.5 -5.0 3.75 105563.5498
180.0 5.0 -5.0 3.75 14.289200000000001
180.0 7.5 -5.0 3.75 2.2536
180.0 10.0 -5.0 3.75 -2.8739
180.0 -5.0 -2.5 3.75 95716687.4442
180.0 -2.5 -2.5 3.75 131973628.1055
180.0 0.0 -2.5 3.75 189603394.2641
180.0 2.5 -2.5 3.75 30130665.8223
180.0 5.0 -2.5 3.75 47288619.623900004
180.0 7.5 -2.5 3.75 93.55
180.0 10.0 -2.5 3.75 -10.687299999999999
180.0 -5.0 0.0 3.75 1083369694.3267999
180.0 -2.5 0.0 3.75 9999999973.947401
180.0 0.0 0.0 3.75 4288793696.839
180.0 2.5 0.0 3.75 114971233.017
180.0 5.0 0.0 3.75 1265.2721999999999
180.0 7.5 0.0 3.75 -18.3553
180.0 10.0 0.0 3.75 -15.1882
180.0 -5.0 2.5 3.75 5460159937.005501
180.0 -2.5 2.5 3.75 9999999992.1856
180.0 0.0 2.5 3.75 10000000106.2644
180.0 2.5 2.5 3.75 462221638.7232
180.0 5.0 2.5 3.75 12485.203800000001
180.0 7.5 2.5 3.75 991217.414
180.0 10.0 2.5 3.75 97171877.9527
180.0 -5.0 5.0 3.75 10000000084.689001
180.0 -2.5 5.0 3.75 222555638.1688
180.0 0.0 5.0 3.75 10000000074.577702
180.0 2.5 5.0 3.75 10000000017.5678
180.0 5.0 5.0 3.75 9999999938.1315
180.0 7.5 5.0 3.75 10000000004.2812
180.0 10.0 5.0 3.75 1755703282.3002
180.0 -2.5 -2.5 7.5 37066.2958
180.0 0.0 2.5 7.5 10000000022.1256
180.0 0.0 5.0 7.5 10000000064.5881
180.0 -5.0 -2.5 8.75 -10.0539
180.0 -2.5 -2.5 8.75 18.1445
180.0 2.5 -2.5 8.75 3208.1005
180.0 -5.0 0.0 8.75 -14.839100000000002
180.0 0.0 0.0 8.75 3714.4748999999997
180.0 0.0 2.5 8.75 5422022490.4313
180.0 0.0 -10.0 10.0 -1.3617
180.0 2.5 -10.0 10.0 -0.0912
180.0 0.0 -7.5 10.0 -1.7233999999999998
180.0 2.5 -7.5 10.0 0.6233000000000001
180.0 5.0 -7.5 10.0 2.6722
180.0 -2.5 -5.0 10.0 -4.0533
180.0 0.0 -5.0 10.0 -2.5964
180.0 2.5 -5.0 10.0 0.09640000000000004
180.0 5.0 -5.0 10.0 5.1297
180.0 -5.0 -2.5 10.0 -5.8566
180.0 -2.5 -2.5 10.0 -2.5246
180.0 0.0 -2.5 10.0 15.57
180.0 2.5 -2.5 10.0 17.8632
180.0 -5.0 0.0 10.0 -9.4414
180.0 -2.5 0.0 10.0 -1.0348000000000006
180.0 0.0 0.0 10.0 352.9735
180.0 -5.0 2.5 10.0 12.866399999999999
180.0 0.0 2.5 10.0 330121251.8933
180.0 2.5 2.5 10.0 7494700022.0985
180.0 0.0 5.0 10.0 10000000004.137001
180.0 2.5 5.0 10.0 6267242912.6335
180.0 0.0 -10.0 11.25 -1.0014
180.0 2.5 -10.0 11.25 -0.178
180.0 5.0 -10.0 11.25 0.5639
180.0 0.0 -7.5 11.25 -1.216
180.0 2.5 -7.5 11.25 0.44589999999999996
180.0 5.0 -7.5 11.25 1.787
180.0 7.5 -7.5 11.25 1.7923
180.0 -2.5 -5.0 11.25 -1.8347
180.0 0.0 -5.0 11.25 -0.7881
180.0 2.5 -5.0 11.25 0.6638
180.0 5.0 -5.0 11.25 3.3765
180.0 -5.0 -2.5 11.25 -2.9387
180.0 -2.5 -2.5 11.25 -0.10650000000000004
180.0 0.0 -2.5 11.25 0.7364000000000002
180.0 2.5 -2.5 11.25 -0.5340000000000003
180.0 -5.0 0.0 11.25 -4.4087
180.0 -2.5 0.0 11.25 0.31369999999999987
180.0 0.0 0.0 11.25 25.5153
180.0 -5.0 2.5 11.25 -10.219899999999999
180.0 -2.5 2.5 11.25 277.2257
180.0 0.0 2.5 11.25 5889873.9665
180.0 2.5 2.5 11.25 4172193263.6416
180.0 -5.0 5.0 11.25 -18.2406
180.0 0.0 5.0 11.25 50123911.587699994
180.0 2.5 5.0 11.25 10000000038.8106
180.0 -5.0 -10.0 12.5 -0.07669999999999999
180.0 -2.5 -10.0 12.5 -0.4932
180.0 0.0 -10.0 12.5 -0.6117
180.0 2.5 -10.0 12.5 -0.1364
180.0 5.0 -10.0 12.5 0.4046
180.0 7.5 -10.0 12.5 0.47150000000000003
180.0 10.0 -10.0 12.5 0.23859999999999998
180.0 -2.5 -7.5 12.5 -1.3380999999999998
180.0 0.0 -7.5 12.5 -0.9857
180.0 2.5 -7.5 12.5 0.24829999999999997
180.0 5.0 -7.5 12.5 1.2325
180.0 7.5 -7.5 12.5 1.308
180.0 -5.0 -5.0 12.5 -1.6008
180.0 -2.5 -5.0 12.5 -1.1318
180.0 0.0 -5.0 12.5 -0.17539999999999997
180.0 2.5 -5.0 12.5 0.7695000000000001
180.0 5.0 -5.0 12.5 2.1069
180.0 -5.0 -2.5 12.5 -1.314
180.0 -2.5 -2.5 12.5 0.45130000000000015
180.0 0.0 -2.5 12.5 1.6019
180.0 2.5 -2.5 12.5 0.3853
180.0 5.0 -2.5 12.5 1.6221999999999999
180.0 -5.0 0.0 12.5 -2.5378
180.0 -2.5 0.0 12.5 0.5735000000000001
180.0 0.0 0.0 12.5 1.8055999999999996
180.0 2.5 0.0 12.5 97.14309999999999
180.0 -5.0 2.5 12.5 -6.7722
180.0 -2.5 2.5 12.5 0.41379999999999995
180.0 0.0 2.5 12.5 41853.551400000004
180.0 2.5 2.5 12.5 78662.4629
180.0 -5.0 5.0 12.5 -17.4725
180.0 -2.5 5.0 12.5 3463.6877
180.0 0.0 5.0 12.5 19312010.889399998
180.0 2.5 5.0 12.5 9671392170.9035
180.0 5.0 5.0 12.5 502.9846
180.0 7.5 5.0 12.5 -6.4655000000000005
180.0 10.0 5.0 12.5 -1.7913000000000001
180.0 -5.0 -10.0 13.75 0.1066
180.0 -2.5 -10.0 13.75 -0.13299999999999998
180.0 0.0 -10.0 13.75 -0.3518
180.0 2.5 -10.0 13.75 -0.1159
180.0 5.0 -10.0 13.75 0.1567
180.0 7.5 -10.0 13.75 0.22119999999999998
180.0 10.0 -10.0 13.75 0.16169999999999998
180.0 -5.0 -7.5 13.75 -0.1858
180.0 -2.5 -7.5 13.75 -0.6551
180.0 0.0 -7.5 13.75 -0.6099
180.0 2.5 -7.5 13.75 0.020999999999999998
180.0 5.0 -7.5 13.75 0.5835999999999999
180.0 7.5 -7.5 13.75 0.8098
180.0 10.0 -7.5 13.75 0.496
180.0 -5.0 -5.0 13.75 -0.3941
180.0 -2.5 -5.0 13.75 -0.4542
180.0 0.0 -5.0 13.75 -0.05929999999999999
180.0 2.5 -5.0 13.75 0.36360000000000003
180.0 5.0 -5.0 13.75 1.1322999999999999
180.0 -5.0 -2.5 13.75 -0.05099999999999999
180.0 -2.5 -2.5 13.75 0.5772
180.0 0.0 -2.5 13.75 0.6403000000000001
180.0 2.5 -2.5 13.75 0.3003
180.0 5.0 -2.5 13.75 0.5749
180.0 -5.0 0.0 13.75 -0.8172
180.0 -2.5 0.0 13.75 -0.09299999999999997
180.0 0.0 0.0 13.75 -0.16779999999999995
180.0 2.5 0.0 13.75 -2.2026
180.0 -5.0 2.5 13.75 -4.1325
180.0 -2.5 2.5 13.75 -3.3181
180.0 0.0 2.5 13.75 174.96910000000003
180.0 2.5 2.5 13.75 63.801100000000005
180.0 5.0 2.5 13.75 -6.929600000000001
180.0 -5.0 5.0 13.75 -12.6928
180.0 -2.5 5.0 13.75 -10.4581
180.0 0.0 5.0 13.75 8496.8572
180.0 2.5 5.0 13.75 74.1188
180.0 5.0 5.0 13.75 -11.4767
180.0 7.5 5.0 13.75 -4.726
180.0 10.0 5.0 13.75 -1.0187
180.0 -5.0 -10.0 15.0 0.0629
180.0 -2.5 -10.0 15.0 0.0295
180.0 0.0 -10.0 15.0 -0.1142
180.0 2.5 -10.0 15.0 -0.0837
180.0 5.0 -10.0 15.0 0.0957
180.0 7.5 -10.0 15.0 0.1564
180.0 10.0 -10.0 15.0 0.0778
180.0 -5.0 -7.5 15.0 0.10110000000000001
180.0 -2.5 -7.5 15.0 -0.3578
180.0 0.0 -7.5 15.0 -0.41359999999999997
180.0 2.5 -7.5 15.0 -0.2097
180.0 5.0 -7.5 15.0 0.2676
180.0 7.5 -7.5 15.0 0.4441
180.0 10.0 -7.5 15.0 0.251
180.0 -5.0 -5.0 15.0 -0.182
180.0 -2.5 -5.0 15.0 -0.13620000000000002
180.0 0.0 -5.0 15.0 -0.4058
180.0 2.5 -5.0 15.0 0.03689999999999999
180.0 5.0 -5.0 15.0 0.6312
180.0 7.5 -5.0 15.0 0.6774
180.0 10.0 -5.0 15.0 0.5987
180.0 -5.0 -2.5 15.0 0.5627
180.0 -2.5 -2.5 15.0 0.32030000000000003
180.0 0.0 -2.5 15.0 -0.188
180.0 2.5 -2.5 15.0 -0.5564
180.0 5.0 -2.5 15.0 -0.06589999999999999
180.0 10.0 -2.5 15.0 0.6577
180.0 -5.0 0.0 15.0 -0.04720000000000002
180.0 -2.5 0.0 15.0 -0.13770000000000004
180.0 0.0 0.0 15.0 -1.167
180.0 2.5 0.0 15.0 -2.3074000000000003
180.0 5.0 0.0 15.0 -2.3072
180.0 -5.0 2.5 15.0 -3.3358999999999996
180.0 -2.5 2.5 15.0 -3.1529
180.0 0.0 2.5 15.0 -4.0837
180.0 2.5 2.5 15.0 -7.6775
180.0 5.0 2.5 15.0 -6.6073
180.0 7.5 2.5 15.0 -3.6232
180.0 -5.0 5.0 15.0 -9.8639
180.0 -2.5 5.0 15.0 -9.5003
180.0 0.0 5.0 15.0 -5.816800000000001
180.0 2.5 5.0 15.0 -14.406899999999998
180.0 5.0 5.0 15.0 -9.8823
180.0 7.5 5.0 15.0 -4.3662
180.0 10.0 5.0 15.0 -0.5747
180.0 -5.0 -10.0 16.25 0.0091
180.0 -2.5 -10.0 16.25 0.0265
180.0 0.0 -10.0 16.25 -0.0215
180.0 2.5 -10.0 16.25 -0.0938
180.0 5.0 -10.0 16.25 -0.054400000000000004
180.0 7.5 -10.0 16.25 0.0064
180.0 10.0 -10.0 16.25 0.0
180.0 -5.0 -7.5 16.25 0.10690000000000001
180.0 -2.5 -7.5 16.25 0.0178
180.0 0.0 -7.5 16.25 -0.3336
180.0 2.5 -7.5 16.25 -0.1308
180.0 5.0 -7.5 16.25 0.078
180.0 7.5 -7.5 16.25 0.1747
180.0 10.0 -7.5 16.25 0.1691
180.0 -5.0 -5.0 16.25 -0.0021
180.0 -2.5 -5.0 16.25 -0.3565
180.0 0.0 -5.0 16.25 -0.2517
180.0 2.5 -5.0 16.25 -0.2915
180.0 5.0 -5.0 16.25 -0.073
180.0 7.5 -5.0 16.25 0.2714
180.0 10.0 -5.0 16.25 0.237
180.0 -5.0 -2.5 16.25 0.41059999999999997
180.0 -2.5 -2.5 16.25 0.1442
180.0 0.0 -2.5 16.25 -0.616
180.0 2.5 -2.5 16.25 -0.9629
180.0 5.0 -2.5 16.25 -0.7601
180.0 7.5 -2.5 16.25 -0.09040000000000001
180.0 10.0 -2.5 16.25 0.2845
180.0 -5.0 0.0 16.25 0.021900000000000003
180.0 -2.5 0.0 16.25 -0.6956
180.0 0.0 0.0 16.25 -1.7553
180.0 2.5 0.0 16.25 -2.6817
180.0 5.0 0.0 16.25 -2.026
180.0 7.5 0.0 16.25 -1.1445
180.0 -5.0 2.5 16.25 -2.7271
180.0 -2.5 2.5 16.25 -3.1073
180.0 0.0 2.5 16.25 -4.1253
180.0 2.5 2.5 16.25 -5.5473
180.0 5.0 2.5 16.25 -4.7201
180.0 7.5 2.5 16.25 -3.0686
180.0 -5.0 5.0 16.25 -7.6819
180.0 -2.5 5.0 16.25 -7.2654
180.0 0.0 5.0 16.25 -7.0106
180.0 2.5 5.0 16.25 -8.33
180.0 5.0 5.0 16.25 -6.8292
180.0 7.5 5.0 16.25 -3.7464
180.0 10.0 5.0 16.25 -0.8723
240.0 -5.0 -10.0 3.75 2.1911
240.0 -2.5 -10.0 3.75 0.8548000000000001
240.0 0.0 -10.0 3.75 -2.0742
240.0 2.5 -10.0 3.75 -5.8911999999999995
240.0 5.0 -10.0 3.75 -9.2157
240.0 7.5 -10.0 3.75 -7.9764
240.0 10.0 -10.0 3.75 -3.4966
240.0 -5.0 -7.5 3.75 0.31110000000000004
240.0 -2.5 -7.5 3.75 -4.5648
240.0 0.0 -7.5 3.75 -9.3042
240.0 2.5 -7.5 3.75 -15.0254
240.0 5.0 -7.5 3.75 -9.935799999999999
240.0 7.5 -7.5 3.75 99.9613
240.0 10.0 -7.5 3.75 16.9798
240.0 -5.0 -5.0 3.75 -6.92
240.0 -2.5 -5.0 3.75 -24.3077
240.0 0.0 -5.0 3.75 -28.8616
240.0 2.5 -5.0 3.75 4332.3643
240.0 5.0 -5.0 3.75 60675039.7888
240.0 7.5 -5.0 3.75 214999096.155
240.0 10.0 -5.0 3.75 10000000100.244902
240.0 -5.0 -2.5 3.75 803.8736
240.0 -2.5 -2.5 3.75 3877.2847
240.0 0.0 -2.5 3.75 3023.2439
240.0 2.5 -2.5 3.75 1110103274.1899
240.0 5.0 -2.5 3.75 458419437.7451
240.0 7.5 -2.5 3.75 10000000022.1224
240.0 10.0 -2.5 3.75 1787723.3627
240.0 -5.0 0.0 3.75 10000000068.3222
240.0 -2.5 0.0 3.75 606743665.6274
240.0 0.0 0.0 3.75 9999999862.6494
240.0 2.5 0.0 3.75 935502888.1586
240.0 5.0 0.0 3.75 9999999972.3279
240.0 7.5 0.0 3.75 123561836.1723
240.0 10.0 0.0 3.75 1147268.6443999999
240.0 -5.0 2.5 3.75 6537375473.2001
240.0 -2.5 2.5 3.75 10000000230.012701
240.0 0.0 2.5 3.75 9999999611.8694
240.0 2.5 2.5 3.75 10000000001.9204
240.0 5.0 2.5 3.75 9999999995.7474
240.0 7.5 2.5 3.75 13273659.3112
240.0 10.0 2.5 3.75 24966.3416
240.0 -5.0 5.0 3.75 10000000194.2399
240.0 -2.5 5.0 3.75 10000000150.662
240.0 0.0 5.0 3.75 7045038152.2606
240.0 2.5 5.0 3.75 10000000004.8251
240.0 5.0 5.0 3.75 9999999777.896801
240.0 7.5 5.0 3.75 1772991.5452
240.0 10.0 5.0 3.75 22.564700000000002
240.0 0.0 0.0 5.0 522589792.8011
240.0 -2.5 2.5 5.0 10000000107.0265
240.0 -2.5 5.0 5.0 10000000048.1275
240.0 0.0 0.0 6.25 3874793120.7166004
240.0 -2.5 2.5 6.25 9999999969.6296
240.0 0.0 2.5 6.25 485788461.54099995
240.0 -5.0 5.0 6.25 390384597.90760005
240.0 -2.5 5.0 6.25 10000000088.5041
240.0 2.5 -10.0 7.5 -4.456799999999999
240.0 -2.5 -7.5 7.5 -5.4893
240.0 0.0 -5.0 7.5 -27.9083
240.0 0.0 0.0 7.5 9999999946.6746
240.0 -2.5 2.5 7.5 192761884.92700002
240.0 0.0 2.5 7.5 9999999957.0188
240.0 -5.0 5.0 7.5 9999999954.4367
240.0 -2.5 5.0 7.5 9999999997.139301
240.0 0.0 5.0 7.5 124603787.0953
240.0 0.0 -10.0 8.75 -2.1887
240.0 2.5 -10.0 8.75 -3.4107
240.0 5.0 -10.0 8.75 -3.908
240.0 -2.5 -7.5 8.75 -4.6514
240.0 0.0 -7.5 8.75 -8.5532
240.0 2.5 -7.5 8.75 -9.6389
240.0 -2.5 -5.0 8.75 -13.4481
240.0 0.0 -5.0 8.75 -20.826
240.0 0.0 -2.5 8.75 235.0487
240.0 2.5 -2.5 8.75 884.0449
240.0 -2.5 0.0 8.75 14554425.055399999
240.0 0.0 0.0 8.75 26336930.6575
240.0 -2.5 2.5 8.75 9999999973.692902
240.0 0.0 2.5 8.75 10000000032.3087
240.0 2.5 2.5 8.75 9999999973.8038
240.0 -5.0 5.0 8.75 62332852.2891
240.0 -2.5 5.0 8.75 9999999842.145802
240.0 0.0 5.0 8.75 183462985.5257
240.0 0.0 -10.0 10.0 -1.218
240.0 2.5 -10.0 10.0 -2.2077
240.0 5.0 -10.0 10.0 -2.8951000000000002
240.0 -2.5 -7.5 10.0 -3.4983
240.0 0.0 -7.5 10.0 -6.3967
240.0 2.5 -7.5 10.0 -6.9473
240.0 -2.5 -5.0 10.0 -9.1956
240.0 0.0 -5.0 10.0 -15.1745
240.0 -5.0 -2.5 10.0 -6.7569
240.0 -2.5 -2.5 10.0 -16.7421
240.0 0.0 -2.5 10.0 -16.058
240.0 2.5 -2.5 10.0 21.478900000000003
240.0 -2.5 0.0 10.0 345.8935
240.0 0.0 0.0 10.0 2304.1684
240.0 2.5 0.0 10.0 161634.0478
240.0 -5.0 2.5 10.0 9.6047
240.0 -2.5 2.5 10.0 347857.5083
240.0 0.0 2.5 10.0 1179445649.7459
240.0 2.5 2.5 10.0 10000000094.0799
240.0 -5.0 5.0 10.0 10730.9022
240.0 -2.5 5.0 10.0 992621474.1115
240.0 0.0 5.0 10.0 7140578272.9315
240.0 2.5 5.0 10.0 182081.1756
240.0 7.5 5.0 10.0 5401256.1756
240.0 -2.5 -10.0 11.25 -0.0665
240.0 0.0 -10.0 11.25 -0.3849
240.0 2.5 -10.0 11.25 -1.0898
240.0 5.0 -10.0 11.25 -1.6934
240.0 7.5 -10.0 11.25 -1.8300999999999998
240.0 10.0 -10.0 11.25 -1.3357999999999999
240.0 -5.0 -7.5 11.25 -0.12340000000000001
240.0 -2.5 -7.5 11.25 -1.8789
240.0 0.0 -7.5 11.25 -3.8194
240.0 2.5 -7.5 11.25 -4.432799999999999
240.0 -2.5 -5.0 11.25 -6.255599999999999
240.0 0.0 -5.0 11.25 -10.5772
240.0 2.5 -5.0 11.25 -10.4082
240.0 -5.0 -2.5 11.25 -5.2317
240.0 -2.5 -2.5 11.25 -13.4859
240.0 0.0 -2.5 11.25 -20.5091
240.0 2.5 -2.5 11.25 -16.5049
240.0 -5.0 0.0 11.25 -10.218
240.0 -2.5 0.0 11.25 -17.8999
240.0 0.0 0.0 11.25 231.5828
240.0 2.5 0.0 11.25 416899.24429999996
240.0 -2.5 2.5 11.25 1422562.3553
240.0 0.0 2.5 11.25 6253492798.058399
240.0 2.5 2.5 11.25 49263833.1903
240.0 5.0 2.5 11.25 292484.7219
240.0 7.5 2.5 11.25 48447.938599999994
240.0 -5.0 5.0 11.25 322.2169
240.0 -2.5 5.0 11.25 57050675.4207
240.0 0.0 5.0 11.25 26308115.5556
240.0 2.5 5.0 11.25 7169.8676000000005
240.0 7.5 5.0 11.25 27446.5422
240.0 -2.5 -10.0 12.5 0.0031999999999999997
240.0 0.0 -10.0 12.5 0.2201
240.0 2.5 -10.0 12.5 -0.257
240.0 5.0 -10.0 12.5 -0.7402
240.0 7.5 -10.0 12.5 -0.925
240.0 10.0 -10.0 12.5 -0.8382999999999999
240.0 -5.0 -7.5 12.5 0.1049
240.0 -2.5 -7.5 12.5 -0.7913
240.0 0.0 -7.5 12.5 -1.6878
240.0 2.5 -7.5 12.5 -2.423
240.0 5.0 -7.5 12.5 -2.0575
240.0 -5.0 -5.0 12.5 -0.8322
240.0 -2.5 -5.0 12.5 -3.7641
240.0 0.0 -5.0 12.5 -7.0645
240.0 2.5 -5.0 12.5 -6.9848
240.0 5.0 -5.0 12.5 -4.0299000000000005
240.0 -5.0 -2.5 12.5 -3.8779999999999997
240.0 -2.5 -2.5 12.5 -9.5878
240.0 0.0 -2.5 12.5 -14.643
240.0 2.5 -2.5 12.5 -13.0099
240.0 -5.0 0.0 12.5 -8.2218
240.0 -2.5 0.0 12.5 -14.916599999999999
240.0 0.0 0.0 12.5 20.6212
240.0 2.5 0.0 12.5 8867.394100000001
240.0 5.0 0.0 12.5 5114.4728
240.0 -5.0 2.5 12.5 -23.0245
240.0 -2.5 2.5 12.5 14206.206
240.0 0.0 2.5 12.5 206498253.5376
240.0 2.5 2.5 12.5 195929.7422
240.0 5.0 2.5 12.5 8784.9815
240.0 7.5 2.5 12.5 28.148300000000003
240.0 -5.0 5.0 12.5 -35.1216
240.0 -2.5 5.0 12.5 32563.6413
240.0 0.0 5.0 12.5 2521.9466
240.0 2.5 5.0 12.5 29.4853
240.0 5.0 5.0 12.5 8.418099999999999
240.0 7.5 5.0 12.5 7.2257
240.0 -2.5 -10.0 13.75 -0.0814
240.0 0.0 -10.0 13.75 0.1916
240.0 2.5 -10.0 13.75 0.2553
240.0 5.0 -10.0 13.75 -0.1407
240.0 7.5 -10.0 13.75 -0.41729999999999995
240.0 10.0 -10.0 13.75 -0.44870000000000004
240.0 -5.0 -7.5 13.75 0.16049999999999998
240.0 -2.5 -7.5 13.75 -0.1659
240.0 0.0 -7.5 13.75 -0.6567999999999999
240.0 2.5 -7.5 13.75 -0.9523
240.0 5.0 -7.5 13.75 -0.9968
240.0 7.5 -7.5 13.75 -0.9210999999999999
240.0 10.0 -7.5 13.75 -0.6996
240.0 -5.0 -5.0 13.75 -0.0721
240.0 -2.5 -5.0 13.75 -2.0166
240.0 0.0 -5.0 13.75 -3.7202
240.0 2.5 -5.0 13.75 -3.7986999999999997
240.0 5.0 -5.0 13.75 -2.1972
240.0 -5.0 -2.5 13.75 -2.5412
240.0 -2.5 -2.5 13.75 -6.100099999999999
240.0 0.0 -2.5 13.75 -9.3298
240.0 2.5 -2.5 13.75 -9.130600000000001
240.0 -5.0 0.0 13.75 -7.6814
240.0 -2.5 0.0 13.75 -11.263
240.0 0.0 0.0 13.75 -12.6925
240.0 2.5 0.0 13.75 22.1855
240.0 5.0 0.0 13.75 2.4454
240.0 -5.0 2.5 13.75 -17.951800000000002
240.0 -2.5 2.5 13.75 -13.4788
240.0 0.0 2.5 13.75 10878.1697
240.0 2.5 2.5 13.75 309.9474
240.0 5.0 2.5 13.75 4.2247
240.0 7.5 2.5 13.75 3.5764
240.0 10.0 2.5 13.75 3.7247000000000003
240.0 -5.0 5.0 13.75 -37.5201
240.0 -2.5 5.0 13.75 -33.3337
240.0 0.0 5.0 13.75 -14.2179
240.0 2.5 5.0 13.75 -6.9732
240.0 5.0 5.0 13.75 4.7646
240.0 7.5 5.0 13.75 5.1274999999999995
240.0 10.0 5.0 13.75 2.5627000000000004
240.0 -5.0 -10.0 15.0 0.0101
240.0 -2.5 -10.0 15.0 -0.0073
240.0 0.0 -10.0 15.0 0.0033
240.0 2.5 -10.0 15.0 0.2073
240.0 5.0 -10.0 15.0 0.1292
240.0 7.5 -10.0 15.0 -0.1362
240.0 10.0 -10.0 15.0 -0.17670000000000002
240.0 -5.0 -7.5 15.0 0.0561
240.0 -2.5 -7.5 15.0 -0.0682
240.0 0.0 -7.5 15.0 -0.2082
240.0 2.5 -7.5 15.0 -0.2352
240.0 5.0 -7.5 15.0 -0.2409
240.0 7.5 -7.5 15.0 -0.3585
240.0 10.0 -7.5 15.0 -0.2555
240.0 -5.0 -5.0 15.0 -0.0262
240.0 -2.5 -5.0 15.0 -1.0767
240.0 0.0 -5.0 15.0 -1.8332
240.0 2.5 -5.0 15.0 -1.9883000000000002
240.0 5.0 -5.0 15.0 -1.1871
240.0 10.0 -5.0 15.0 -0.1329
240.0 -5.0 -2.5 15.0 -2.2546999999999997
240.0 -2.5 -2.5 15.0 -3.8476
240.0 0.0 -2.5 15.0 -5.7406
240.0 2.5 -2.5 15.0 -5.690899999999999
240.0 5.0 -2.5 15.0 -2.4648000000000003
240.0 7.5 -2.5 15.0 0.3909
240.0 -5.0 0.0 15.0 -6.585699999999999
240.0 -2.5 0.0 15.0 -8.395199999999999
240.0 0.0 0.0 15.0 -9.6178
240.0 2.5 0.0 15.0 -10.0524
240.0 5.0 0.0 15.0 -4.1844
240.0 7.5 0.0 15.0 0.8319000000000001
240.0 -5.0 2.5 15.0 -14.1715
240.0 -2.5 2.5 15.0 -13.9954
240.0 0.0 2.5 15.0 -8.7997
240.0 2.5 2.5 15.0 -10.2934
240.0 5.0 2.5 15.0 -2.3994999999999997
240.0 7.5 2.5 15.0 1.7594999999999998
240.0 10.0 2.5 15.0 1.9930999999999999
240.0 -5.0 5.0 15.0 -25.589000000000002
240.0 -2.5 5.0 15.0 -22.470299999999998
240.0 0.0 5.0 15.0 -12.350900000000001
240.0 2.5 5.0 15.0 -4.412599999999999
240.0 5.0 5.0 15.0 2.0596
240.0 7.5 5.0 15.0 3.0103999999999997
240.0 10.0 5.0 15.0 1.0327
240.0 -5.0 -10.0 16.25 0.0002
240.0 -2.5 -10.0 16.25 0.0039
240.0 0.0 -10.0 16.25 -0.0174
240.0 2.5 -10.0 16.25 0.0127
240.0 5.0 -10.0 16.25 0.07669999999999999
240.0 7.5 -10.0 16.25 0.036399999999999995
240.0 10.0 -10.0 16.25 -0.007500000000000001
240.0 -5.0 -7.5 16.25 0.0617
240.0 -2.5 -7.5 16.25 -0.1305
240.0 0.0 -7.5 16.25 -0.1151
240.0 2.5 -7.5 16.25 -0.0233
240.0 5.0 -7.5 16.25 -0.1173
240.0 7.5 -7.5 16.25 -0.16949999999999998
240.0 10.0 -7.5 16.25 -0.219
240.0 -5.0 -5.0 16.25 -0.0724
240.0 -2.5 -5.0 16.25 -0.6872
240.0 0.0 -5.0 16.25 -1.1704
240.0 2.5 -5.0 16.25 -1.0742
240.0 5.0 -5.0 16.25 -0.7986
240.0 7.5 -5.0 16.25 -0.35719999999999996
240.0 10.0 -5.0 16.25 -0.0543
240.0 -5.0 -2.5 16.25 -1.4503000000000001
240.0 -2.5 -2.5 16.25 -2.7335999999999996
240.0 0.0 -2.5 16.25 -3.3864
240.0 2.5 -2.5 16.25 -3.4080000000000004
240.0 5.0 -2.5 16.25 -1.8283
240.0 7.5 -2.5 16.25 -0.5342
240.0 10.0 -2.5 16.25 0.22509999999999997
240.0 -5.0 0.0 16.25 -4.9841999999999995
240.0 -2.5 0.0 16.25 -5.7577
240.0 0.0 0.0 16.25 -5.930000000000001
240.0 2.5 0.0 16.25 -5.513199999999999
240.0 5.0 0.0 16.25 -2.6682
240.0 7.5 0.0 16.25 -0.1123
240.0 -5.0 2.5 16.25 -10.9881
240.0 -2.5 2.5 16.25 -10.5262
240.0 0.0 2.5 16.25 -7.3419
240.0 2.5 2.5 16.25 -5.6996
240.0 5.0 2.5 16.25 -1.8831
240.0 7.5 2.5 16.25 0.35649999999999993
240.0 10.0 2.5 16.25 0.9312999999999999
240.0 -5.0 5.0 16.25 -17.6384
240.0 -2.5 5.0 16.25 -15.7861
240.0 0.0 5.0 16.25 -8.401499999999999
240.0 2.5 5.0 16.25 -2.4661
240.0 5.0 5.0 16.25 0.9388000000000001
240.0 7.5 5.0 16.25 1.3201999999999998
240.0 10.0 5.0 16.25 -0.061399999999999996
300.0 -5.0 -10.0 3.75 0.1348
300.0 -2.5 -10.0 3.75 0.0469
300.0 0.0 -10.0 3.75 -0.24670000000000003
300.0 2.5 -10.0 3.75 -2.1717
300.0 5.0 -10.0 3.75 -3.2789
300.0 7.5 -10.0 3.75 -2.2024
300.0 10.0 -10.0 3.75 -1.3755000000000002
300.0 -5.0 -7.5 3.75 -0.28800000000000003
300.0 -2.5 -7.5 3.75 -1.9592
300.0 0.0 -7.5 3.75 -5.5647
300.0 2.5 -7.5 3.75 -8.5868
300.0 5.0 -7.5 3.75 -2.465299999999999
300.0 7.5 -7.5 3.75 -5.0034
300.0 10.0 -7.5 3.75 -2.9011
300.0 -5.0 -5.0 3.75 18.7926
300.0 -2.5 -5.0 3.75 155.9242
300.0 0.0 -5.0 3.75 68114.7797
300.0 2.5 -5.0 3.75 19026554.774100002
300.0 5.0 -5.0 3.75 11191132.8647
300.0 7.5 -5.0 3.75 181.2828
300.0 10.0 -5.0 3.75 -4.1162
300.0 -5.0 -2.5 3.75 83500.9504
300.0 -2.5 -2.5 3.75 24637517.1904
300.0 0.0 -2.5 3.75 25363725.190300003
300.0 2.5 -2.5 3.75 8877069.169
300.0 5.0 -2.5 3.75 71217.9567
300.0 7.5 -2.5 3.75 354.7107
300.0 10.0 -2.5 3.75 -9.8317
300.0 -5.0 0.0 3.75 9999999912.440401
300.0 -2.5 0.0 3.75 1666988094.9373
300.0 0.0 0.0 3.75 9999999851.4228
300.0 2.5 0.0 3.75 9999999912.558401
300.0 5.0 0.0 3.75 586724295.7914
300.0 7.5 0.0 3.75 7388.7179
300.0 10.0 0.0 3.75 303.4419
300.0 -5.0 2.5 3.75 1006030934.8236
300.0 -2.5 2.5 3.75 10000000035.1378
300.0 0.0 2.5 3.75 9999999935.853102
300.0 2.5 2.5 3.75 10000000041.1
300.0 5.0 2.5 3.75 3782140278.2943
300.0 7.5 2.5 3.75 103904.6767
300.0 10.0 2.5 3.75 2530844.2779
300.0 -5.0 5.0 3.75 9999999883.638401
300.0 -2.5 5.0 3.75 2176209006.2067
300.0 0.0 5.0 3.75 10000000027.178501
300.0 2.5 5.0 3.75 9999999874.8083
300.0 5.0 5.0 3.75 9999999934.8241
300.0 7.5 5.0 3.75 994034963.4173
300.0 10.0 5.0 3.75 9999999970.3166
300.0 -2.5 -2.5 6.25 37247.376500000006
300.0 0.0 -2.5 6.25 14112082.7861
300.0 2.5 -2.5 6.25 9999999945.877901
300.0 2.5 -5.0 7.5 20931907.723
300.0 -2.5 -2.5 7.5 34.3201
300.0 0.0 -2.5 7.5 137748186.4037
300.0 0.0 0.0 7.5 3040982.6035
300.0 0.0 2.5 7.5 223041202.28280002
300.0 5.0 -10.0 8.75 -1.5723
300.0 2.5 -7.5 8.75 -4.6465
300.0 5.0 -7.5 8.75 -4.1488000000000005
300.0 0.0 -5.0 8.75 -6.0939
300.0 2.5 -5.0 8.75 433.44239999999996
300.0 5.0 -5.0 8.75 61.5103
300.0 -5.0 -2.5 8.75 5.9414
300.0 -2.5 -2.5 8.75 1.3723999999999998
300.0 0.0 -2.5 8.75 295.6121
300.0 2.5 -2.5 8.75 18423.8686
300.0 -5.0 0.0 8.75 20.1346
300.0 0.0 0.0 8.75 38291.4466
300.0 0.0 2.5 8.75 10000000022.551401
300.0 0.0 5.0 8.75 10000000063.7483
300.0 0.0 -10.0 10.0 -0.2107
300.0 2.5 -10.0 10.0 -0.9677
300.0 5.0 -10.0 10.0 -1.1097
300.0 7.5 -10.0 10.0 -0.5514
300.0 10.0 -10.0 10.0 -0.145
300.0 2.5 -7.5 10.0 -3.9737999999999998
300.0 5.0 -7.5 10.0 -3.5057
300.0 -5.0 -5.0 10.0 4.5835
300.0 0.0 -5.0 10.0 -5.693099999999999
300.0 2.5 -5.0 10.0 -9.9475
300.0 5.0 -5.0 10.0 -8.9604
300.0 -5.0 -2.5 10.0 3.7223999999999995
300.0 -2.5 -2.5 10.0 -1.2683
300.0 0.0 -2.5 10.0 -12.012699999999999
300.0 2.5 -2.5 10.0 188.864
300.0 -5.0 0.0 10.0 -1.1077
300.0 -2.5 0.0 10.0 -8.8493
300.0 0.0 0.0 10.0 6592.0175
300.0 2.5 0.0 10.0 194913.3953
300.0 0.0 2.5 10.0 244224.03
300.0 0.0 5.0 10.0 3222293505.8886003
300.0 2.5 5.0 10.0 561102814.5145
300.0 0.0 -10.0 11.25 0.1636
300.0 2.5 -10.0 11.25 -0.5328
300.0 5.0 -10.0 11.25 -0.6969000000000001
300.0 7.5 -10.0 11.25 -0.2251
300.0 10.0 -10.0 11.25 -0.061399999999999996
300.0 -2.5 -7.5 11.25 1.4554
300.0 0.0 -7.5 11.25 -0.9267
300.0 2.5 -7.5 11.25 -2.9979
300.0 5.0 -7.5 11.25 -2.6633000000000004
300.0 7.5 -7.5 11.25 -1.3071
300.0 -5.0 -5.0 11.25 2.9691
300.0 -2.5 -5.0 11.25 0.6740999999999999
300.0 0.0 -5.0 11.25 -4.5755
300.0 2.5 -5.0 11.25 -8.4451
300.0 5.0 -5.0 11.25 -7.4597
300.0 -5.0 -2.5 11.25 1.0042
300.0 -2.5 -2.5 11.25 -2.7782999999999998
300.0 0.0 -2.5 11.25 -11.1649
300.0 2.5 -2.5 11.25 -16.7242
300.0 -5.0 0.0 11.25 -4.9519
300.0 -2.5 0.0 11.25 -14.4532
300.0 0.0 0.0 11.25 5308.6173
300.0 2.5 0.0 11.25 101633926.0124
300.0 -5.0 2.5 11.25 -18.8209
300.0 -2.5 2.5 11.25 -6.2280000000000015
300.0 0.0 2.5 11.25 3508628.8172999998
300.0 2.5 2.5 11.25 9999999955.138802
300.0 5.0 2.5 11.25 4203921225.3665
300.0 0.0 5.0 11.25 4359895.8473
300.0 2.5 5.0 11.25 1406394724.6508
300.0 5.0 5.0 11.25 41978.4613
300.0 7.5 5.0 11.25 592.0790999999999
300.0 -2.5 -10.0 12.5 0.407
300.0 0.0 -10.0 12.5 0.1588
300.0 2.5 -10.0 12.5 -0.30460000000000004
300.0 5.0 -10.0 12.5 -0.2888
300.0 7.5 -10.0 12.5 -0.0319
300.0 10.0 -10.0 12.5 -0.036000000000000004
300.0 -2.5 -7.5 12.5 0.9344
300.0 0.0 -7.5 12.5 -0.7007
300.0 2.5 -7.5 12.5 -2.0269
300.0 5.0 -7.5 12.5 -1.9384
300.0 7.5 -7.5 12.5 -0.9149
300.0 -5.0 -5.0 12.5 1.6256000000000002
300.0 -2.5 -5.0 12.5 -0.1871
300.0 0.0 -5.0 12.5 -3.7100999999999997
300.0 2.5 -5.0 12.5 -6.139
300.0 5.0 -5.0 12.5 -6.0533
300.0 -5.0 -2.5 12.5 -0.1366
300.0 -2.5 -2.5 12.5 -3.7782999999999998
300.0 0.0 -2.5 12.5 -8.6207
300.0 2.5 -2.5 12.5 -14.3956
300.0 5.0 -2.5 12.5 -13.936399999999999
300.0 -5.0 0.0 12.5 -6.374499999999999
300.0 -2.5 0.0 12.5 -14.7812
300.0 0.0 0.0 12.5 311.5063
300.0 2.5 0.0 12.5 38622670.8275
300.0 5.0 0.0 12.5 3947461.5161
300.0 7.5 0.0 12.5 71.6396
300.0 -5.0 2.5 12.5 -16.8353
300.0 -2.5 2.5 12.5 -39.036100000000005
300.0 0.0 2.5 12.5 1297.0423
300.0 2.5 2.5 12.5 9999999990.775501
300.0 5.0 2.5 12.5 814775788.8636
300.0 7.5 2.5 12.5 226718.82619999998
300.0 -5.0 5.0 12.5 -13.839500000000001
300.0 -2.5 5.0 12.5 5092.397400000001
300.0 0.0 5.0 12.5 7256862.4906
300.0 2.5 5.0 12.5 1234.696
300.0 5.0 5.0 12.5 535.8096
300.0 7.5 5.0 12.5 -0.4874999999999998
300.0 -2.5 -10.0 13.75 -0.0169
300.0 0.0 -10.0 13.75 0.066
300.0 2.5 -10.0 13.75 -0.13799999999999998
300.0 5.0 -10.0 13.75 -0.12040000000000001
300.0 7.5 -10.0 13.75 -0.0896
300.0 10.0 -10.0 13.75 -0.0018
300.0 -5.0 -7.5 13.75 0.7673
300.0 -2.5 -7.5 13.75 0.2187
300.0 0.0 -7.5 13.75 -0.7664
300.0 2.5 -7.5 13.75 -1.6171
300.0 5.0 -7.5 13.75 -1.4531
300.0 7.5 -7.5 13.75 -0.6374
300.0 -5.0 -5.0 13.75 0.8588
300.0 -2.5 -5.0 13.75 -0.9884000000000001
300.0 0.0 -5.0 13.75 -3.0842
300.0 2.5 -5.0 13.75 -4.7728
300.0 5.0 -5.0 13.75 -4.8042
300.0 -5.0 -2.5 13.75 -1.4873
300.0 -2.5 -2.5 13.75 -4.3345
300.0 0.0 -2.5 13.75 -7.2135
300.0 2.5 -2.5 13.75 -10.572899999999999
300.0 5.0 -2.5 13.75 -11.9122
300.0 7.5 -2.5 13.75 -5.2183
300.0 -5.0 0.0 13.75 -7.1757
300.0 -2.5 0.0 13.75 -13.4032
300.0 0.0 0.0 13.75 -14.2211
300.0 2.5 0.0 13.75 6465.7357
300.0 5.0 0.0 13.75 13.188900000000004
300.0 7.5 0.0 13.75 -7.2387999999999995
300.0 -5.0 2.5 13.75 -15.0853
300.0 -2.5 2.5 13.75 -30.2707
300.0 0.0 2.5 13.75 -34.180800000000005
300.0 2.5 2.5 13.75 53.7588
300.0 5.0 2.5 13.75 498540.123
300.0 7.5 2.5 13.75 17.3142
300.0 10.0 2.5 13.75 -0.12490000000000001
300.0 -5.0 5.0 13.75 -18.8518
300.0 -2.5 5.0 13.75 111.816
300.0 0.0 5.0 13.75 105.2055
300.0 2.5 5.0 13.75 1.2610999999999999
300.0 5.0 5.0 13.75 -6.6721
300.0 7.5 5.0 13.75 -2.9598
300.0 10.0 5.0 13.75 1.1719000000000002
300.0 -2.5 -10.0 15.0 -0.0487
300.0 0.0 -10.0 15.0 -0.0456
300.0 2.5 -10.0 15.0 -0.1236
300.0 5.0 -10.0 15.0 -0.2026
300.0 7.5 -10.0 15.0 -0.1517
300.0 10.0 -10.0 15.0 -0.0658
300.0 -5.0 -7.5 15.0 0.2732
300.0 -2.5 -7.5 15.0 -0.0364
300.0 0.0 -7.5 15.0 -0.7034
300.0 2.5 -7.5 15.0 -1.1890999999999998
300.0 5.0 -7.5 15.0 -1.1021999999999998
300.0 7.5 -7.5 15.0 -0.5689
300.0 10.0 -7.5 15.0 -0.1933
300.0 -5.0 -5.0 15.0 0.17020000000000002
300.0 -2.5 -5.0 15.0 -1.4945
300.0 0.0 -5.0 15.0 -2.9555000000000002
300.0 2.5 -5.0 15.0 -3.5599
300.0 5.0 -5.0 15.0 -3.1875
300.0 7.5 -5.0 15.0 -1.6851
300.0 -5.0 -2.5 15.0 -2.2721
300.0 -2.5 -2.5 15.0 -4.6672
300.0 0.0 -2.5 15.0 -6.2652
300.0 2.5 -2.5 15.0 -6.9663
300.0 5.0 -2.5 15.0 -7.5656
300.0 7.5 -2.5 15.0 -4.0038
300.0 10.0 -2.5 15.0 -0.697
300.0 -5.0 0.0 15.0 -6.6385
300.0 -2.5 0.0 15.0 -10.619399999999999
300.0 0.0 0.0 15.0 -11.8605
300.0 2.5 0.0 15.0 -8.2502
300.0 5.0 0.0 15.0 -12.2792
300.0 7.5 0.0 15.0 -5.4736
300.0 10.0 0.0 15.0 -0.75
300.0 -5.0 2.5 15.0 -13.2061
300.0 -2.5 2.5 15.0 -21.5344
300.0 0.0 2.5 15.0 -21.5929
300.0 2.5 2.5 15.0 -14.506499999999999
300.0 5.0 2.5 15.0 -7.2902
300.0 7.5 2.5 15.0 -3.3489999999999998
300.0 10.0 2.5 15.0 0.4935
300.0 -5.0 5.0 15.0 -16.019099999999998
300.0 -2.5 5.0 15.0 -33.185900000000004
300.0 0.0 5.0 15.0 -27.525000000000002
300.0 2.5 5.0 15.0 -4.868
300.0 5.0 5.0 15.0 -4.8487
300.0 7.5 5.0 15.0 -0.9759
300.0 10.0 5.0 15.0 2.0207
300.0 -5.0 -10.0 16.25 0.0
300.0 -2.5 -10.0 16.25 0.0051
300.0 0.0 -10.0 16.25 0.0168
300.0 2.5 -10.0 16.25 -0.1717
300.0 5.0 -10.0 16.25 -0.2275
300.0 7.5 -10.0 16.25 -0.1728
300.0 10.0 -10.0 16.25 -0.052
300.0 -5.0 -7.5 16.25 0.13840000000000002
300.0 -2.5 -7.5 16.25 0.1784
300.0 0.0 -7.5 16.25 -0.5163
300.0 2.5 -7.5 16.25 -0.8348
300.0 5.0 -7.5 16.25 -0.7714
300.0 7.5 -7.5 16.25 -0.5283
300.0 10.0 -7.5 16.25 -0.19190000000000002
300.0 -5.0 -5.0 16.25 -0.0241
300.0 -2.5 -5.0 16.25 -1.1655
300.0 0.0 -5.0 16.25 -2.4807
300.0 2.5 -5.0 16.25 -2.8969
300.0 5.0 -5.0 16.25 -2.3963
300.0 7.5 -5.0 16.25 -1.3633
300.0 10.0 -5.0 16.25 -0.4704
300.0 -5.0 -2.5 16.25 -2.1064
300.0 -2.5 -2.5 16.25 -4.2228
300.0 0.0 -2.5 16.25 -5.561100000000001
300.0 2.5 -2.5 16.25 -5.2229
300.0 5.0 -2.5 16.25 -4.625
300.0 7.5 -2.5 16.25 -2.6913
300.0 10.0 -2.5 16.25 -0.9287000000000001
300.0 -5.0 0.0 16.25 -5.907
300.0 -2.5 0.0 16.25 -9.0791
300.0 0.0 0.0 16.25 -9.1762
300.0 2.5 0.0 16.25 -7.424300000000001
300.0 5.0 0.0 16.25 -6.6144
300.0 7.5 0.0 16.25 -3.1350000000000002
300.0 10.0 0.0 16.25 -0.8045
300.0 -5.0 2.5 16.25 -10.078
300.0 -2.5 2.5 16.25 -15.376
300.0 0.0 2.5 16.25 -15.1797
300.0 2.5 2.5 16.25 -9.8108
300.0 5.0 2.5 16.25 -5.2769
300.0 7.5 2.5 16.25 -1.669
300.0 10.0 2.5 16.25 0.31779999999999997
300.0 -5.0 5.0 16.25 -12.3831
300.0 -2.5 5.0 16.25 -21.2212
300.0 0.0 5.0 16.25 -18.499799999999997
300.0 2.5 5.0 16.25 -7.948600000000001
300.0 5.0 5.0 16.25 -3.2375
300.0 7.5 5.0 16.25 0.1723
300.0 10.0 5.0 16.25 1.3857
