0.0 5.0 -7.5 6.25 1165425403.4273
0.0 -2.5 5.0 6.25 15876013.3553
0.0 0.0 2.5 7.5 9999999634.993
0.0 -2.5 5.0 7.5 96890.0036
0.0 0.0 5.0 7.5 1443631952.384
0.0 2.5 -10.0 8.75 9999999974.8314
0.0 5.0 -10.0 8.75 89157.1023
0.0 7.5 -10.0 8.75 205889.06329999998
0.0 0.0 -7.5 8.75 1940246273.2841
0.0 5.0 -7.5 8.75 56923801.7799
0.0 0.0 0.0 8.75 9999999967.114601
0.0 0.0 2.5 8.75 33581821.4365
0.0 -2.5 5.0 8.75 7897.486400000001
0.0 0.0 5.0 8.75 237541.2858
0.0 2.5 5.0 8.75 9999999882.004702
0.0 5.0 5.0 8.75 9999999945.884201
0.0 5.0 -10.0 10.0 1076120.6429
0.0 7.5 -10.0 10.0 724.4488
0.0 0.0 -7.5 10.0 8814776.6315
0.0 2.5 -7.5 10.0 282532.2218
0.0 5.0 -7.5 10.0 29421.9807
0.0 -2.5 -5.0 10.0 306.3033
0.0 2.5 -5.0 10.0 1391873898.5557
0.0 -2.5 -2.5 10.0 10000000115.010101
0.0 0.0 -2.5 10.0 10000000032.184801
0.0 -2.5 0.0 10.0 105169037.1263
0.0 0.0 0.0 10.0 9999999981.549501
0.0 2.5 0.0 10.0 9999999913.4648
0.0 0.0 2.5 10.0 241791.5845
0.0 2.5 2.5 10.0 332047827.09819996
0.0 7.5 2.5 10.0 386852982.94780004
0.0 -2.5 5.0 10.0 -78.703
0.0 0.0 5.0 10.0 778168.4886
0.0 2.5 5.0 10.0 6583341.5831
0.0 5.0 5.0 10.0 10000000175.6746
0.0 2.5 -10.0 11.25 39702683.6357
0.0 5.0 -10.0 11.25 293.6876
0.0 7.5 -10.0 11.25 -31.5763
0.0 10.0 -10.0 11.25 -26.9026
0.0 0.0 -7.5 11.25 225062691.9015
0.0 2.5 -7.5 11.25 3854043.2120999997
0.0 5.0 -7.5 11.25 17.3763
0.0 7.5 -7.5 11.25 -20.651200000000003
0.0 -2.5 -5.0 11.25 40.717000000000006
0.0 0.0 -5.0 11.25 59395.1849
0.0 2.5 -5.0 11.25 91098.9293
0.0 5.0 -5.0 11.25 539321143.1795
0.0 -5.0 -2.5 11.25 681.7533999999999
0.0 -2.5 -2.5 11.25 1389854.5658
0.0 0.0 -2.5 11.25 7355750.823799999
0.0 7.5 -2.5 11.25 46620570.8661
0.0 -2.5 0.0 11.25 382817.65050000005
0.0 0.0 0.0 11.25 2126217.2353999997
0.0 2.5 0.0 11.25 135730543.57720003
0.0 -2.5 2.5 11.25 -53.576800000000006
0.0 0.0 2.5 11.25 7616.9874
0.0 2.5 2.5 11.25 660250920.2222999
0.0 5.0 2.5 11.25 3745055708.4115
0.0 7.5 2.5 11.25 10000000024.0921
0.0 -5.0 5.0 11.25 -35.9672
0.0 -2.5 5.0 11.25 -61.8951
0.0 0.0 5.0 11.25 15.819299999999998
0.0 2.5 5.0 11.25 10160.735900000001
0.0 5.0 5.0 11.25 9999999957.208801
0.0 7.5 5.0 11.25 3310709.3502
0.0 0.0 -10.0 12.5 398.5313
0.0 2.5 -10.0 12.5 333074.21469999995
0.0 5.0 -10.0 12.5 63.504999999999995
0.0 7.5 -10.0 12.5 -11.4159
0.0 10.0 -10.0 12.5 -16.4231
0.0 -2.5 -7.5 12.5 30.2814
0.0 0.0 -7.5 12.5 163.2501
0.0 2.5 -7.5 12.5 586340.2496
0.0 5.0 -7.5 12.5 4.7006000000000006
0.0 7.5 -7.5 12.5 -14.445699999999999
0.0 10.0 -7.5 12.5 -20.159299999999998
0.0 -5.0 -5.0 12.5 26.2302
0.0 -2.5 -5.0 12.5 33.7368
0.0 0.0 -5.0 12.5 94.32079999999999
0.0 2.5 -5.0 12.5 60.8291
0.0 5.0 -5.0 12.5 270163.915
0.0 7.5 -5.0 12.5 5.896000000000001
0.0 10.0 -5.0 12.5 -33.1545
0.0 -5.0 -2.5 12.5 38.4292
0.0 -2.5 -2.5 12.5 181.38559999999998
0.0 0.0 -2.5 12.5 400315.9865
0.0 2.5 -2.5 12.5 712869.3339999999
0.0 5.0 -2.5 12.5 3155959105.6096
0.0 7.5 -2.5 12.5 521.8972
0.0 -5.0 0.0 12.5 17.0841
0.0 -2.5 0.0 12.5 2295.0879
0.0 0.0 0.0 12.5 14055801.8693
0.0 2.5 0.0 12.5 328857271.46070004
0.0 5.0 0.0 12.5 9999999966.721
0.0 -2.5 2.5 12.5 -38.5772
0.0 0.0 2.5 12.5 -57.6173
0.0 2.5 2.5 12.5 17017917.026300002
0.0 5.0 2.5 12.5 4608639.4965
0.0 7.5 2.5 12.5 1196082711.7727
0.0 10.0 2.5 12.5 1650033.642
0.0 -5.0 5.0 12.5 -25.5696
0.0 -2.5 5.0 12.5 -42.0937
0.0 0.0 5.0 12.5 -53.3866
0.0 2.5 5.0 12.5 183.4407
0.0 5.0 5.0 12.5 2034105.3517
0.0 7.5 5.0 12.5 674989.4964
0.0 10.0 5.0 12.5 38.2149
0.0 0.0 -10.0 13.75 43.1256
0.0 2.5 -10.0 13.75 92.8043
0.0 5.0 -10.0 13.75 28.402700000000003
0.0 7.5 -10.0 13.75 -2.0615
0.0 10.0 -10.0 13.75 -9.1363
0.0 -2.5 -7.5 13.75 26.015
0.0 0.0 -7.5 13.75 30.132499999999997
0.0 2.5 -7.5 13.75 66.5397
0.0 5.0 -7.5 13.75 9.913499999999999
0.0 7.5 -7.5 13.75 -7.3444
0.0 10.0 -7.5 13.75 -15.274
0.0 -5.0 -5.0 13.75 23.9107
0.0 -2.5 -5.0 13.75 29.1143
0.0 0.0 -5.0 13.75 21.5327
0.0 2.5 -5.0 13.75 4.984699999999999
0.0 5.0 -5.0 13.75 344.6389
0.0 7.5 -5.0 13.75 -12.2288
0.0 10.0 -5.0 13.75 -33.9308
0.0 -5.0 -2.5 13.75 26.7698
0.0 -2.5 -2.5 13.75 24.6441
0.0 0.0 -2.5 13.75 33.0145
0.0 2.5 -2.5 13.75 1405269.4342
0.0 5.0 -2.5 13.75 10000000033.8575
0.0 7.5 -2.5 13.75 41.7163
0.0 -5.0 0.0 13.75 12.2568
0.0 -2.5 0.0 13.75 2.0692
0.0 0.0 0.0 13.75 295.34529999999995
0.0 2.5 0.0 13.75 9999999937.9687
0.0 5.0 0.0 13.75 352524619.3235
0.0 7.5 0.0 13.75 144450.733
0.0 -5.0 2.5 13.75 -8.237
0.0 -2.5 2.5 13.75 -23.016000000000002
0.0 0.0 2.5 13.75 -36.9884
0.0 2.5 2.5 13.75 28759525.5055
0.0 5.0 2.5 13.75 4308748.4064
0.0 7.5 2.5 13.75 1082955022.3418999
0.0 10.0 2.5 13.75 10229.7498
0.0 -5.0 5.0 13.75 -16.6944
0.0 -2.5 5.0 13.75 -27.1143
0.0 0.0 5.0 13.75 -35.1139
0.0 2.5 5.0 13.75 322.5007
0.0 5.0 5.0 13.75 51.8116
0.0 7.5 5.0 13.75 87991524.5293
0.0 10.0 5.0 13.75 -40.089600000000004
0.0 -5.0 -10.0 15.0 7.6483
0.0 -2.5 -10.0 15.0 19.0854
0.0 0.0 -10.0 15.0 30.863100000000003
0.0 2.5 -10.0 15.0 34.5295
0.0 5.0 -10.0 15.0 19.8544
0.0 7.5 -10.0 15.0 1.6318
0.0 10.0 -10.0 15.0 -5.4102
0.0 -5.0 -7.5 15.0 12.936
0.0 -2.5 -7.5 15.0 20.761200000000002
0.0 0.0 -7.5 15.0 24.8761
0.0 2.5 -7.5 15.0 20.985500000000002
0.0 5.0 -7.5 15.0 9.2341
0.0 7.5 -7.5 15.0 -4.8183
0.0 10.0 -7.5 15.0 -11.9272
0.0 -5.0 -5.0 15.0 19.3373
0.0 -2.5 -5.0 15.0 22.324499999999997
0.0 0.0 -5.0 15.0 18.618
0.0 2.5 -5.0 15.0 7.919300000000001
0.0 5.0 -5.0 15.0 17.8956
0.0 7.5 -5.0 15.0 -16.6474
0.0 10.0 -5.0 15.0 -31.2725
0.0 -5.0 -2.5 15.0 19.498700000000003
0.0 -2.5 -2.5 15.0 18.0406
0.0 0.0 -2.5 15.0 5.4746
0.0 2.5 -2.5 15.0 111.2307
0.0 5.0 -2.5 15.0 16995728.271700002
0.0 7.5 -2.5 15.0 -44.2352
0.0 10.0 -2.5 15.0 -78.66149999999999
0.0 -5.0 0.0 15.0 9.450899999999999
0.0 -2.5 0.0 15.0 2.2218
0.0 0.0 0.0 15.0 -15.7288
0.0 2.5 0.0 15.0 3453.6721
0.0 5.0 0.0 15.0 11424196.7047
0.0 7.5 0.0 15.0 7656.8629
0.0 10.0 0.0 15.0 4101.9800000000005
0.0 -5.0 2.5 15.0 -3.543
0.0 -2.5 2.5 15.0 -13.789200000000001
0.0 0.0 2.5 15.0 -27.1847
0.0 2.5 2.5 15.0 245.79289999999997
0.0 5.0 2.5 15.0 32514.529
0.0 7.5 2.5 15.0 2656553.2243
0.0 10.0 2.5 15.0 -5.4321000000000055
0.0 -5.0 5.0 15.0 -9.849599999999999
0.0 -2.5 5.0 15.0 -17.4856
0.0 0.0 5.0 15.0 -23.4478
0.0 2.5 5.0 15.0 -26.014599999999998
0.0 5.0 5.0 15.0 -30.5491
0.0 7.5 5.0 15.0 81.1997
0.0 10.0 5.0 15.0 -36.601600000000005
0.0 -5.0 -10.0 16.25 5.2106
0.0 -2.5 -10.0 16.25 13.3075
0.0 0.0 -10.0 16.25 21.862299999999998
0.0 2.5 -10.0 16.25 22.3565
0.0 5.0 -10.0 16.25 13.4755
0.0 7.5 -10.0 16.25 2.7179
0.0 10.0 -10.0 16.25 -2.3956
0.0 -5.0 -7.5 16.25 9.2117
0.0 -2.5 -7.5 16.25 14.807599999999999
0.0 0.0 -7.5 16.25 18.1328
0.0 2.5 -7.5 16.25 15.1345
0.0 5.0 -7.5 16.25 6.205
0.0 7.5 -7.5 16.25 -4.2752
0.0 10.0 -7.5 16.25 -8.915
0.0 -5.0 -5.0 16.25 12.9294
0.0 -2.5 -5.0 16.25 15.967300000000002
0.0 0.0 -5.0 16.25 13.743
0.0 2.5 -5.0 16.25 5.4426000000000005
0.0 5.0 -5.0 16.25 -3.8461999999999996
0.0 7.5 -5.0 16.25 -17.8153
0.0 10.0 -5.0 16.25 -25.486
0.0 -5.0 -2.5 16.25 13.4396
0.0 -2.5 -2.5 16.25 12.5408
0.0 0.0 -2.5 16.25 4.2261
0.0 2.5 -2.5 16.25 -11.715300000000001
0.0 5.0 -2.5 16.25 -8.0668
0.0 7.5 -2.5 16.25 -51.157500000000006
0.0 10.0 -2.5 16.25 -61.7736
0.0 -5.0 0.0 16.25 7.5463
0.0 -2.5 0.0 16.25 2.4578
0.0 0.0 0.0 16.25 -10.206900000000001
0.0 2.5 0.0 16.25 -32.9428
0.0 5.0 0.0 16.25 23.011899999999997
0.0 7.5 0.0 16.25 -76.7389
0.0 10.0 0.0 16.25 -81.9932
0.0 -5.0 2.5 16.25 -1.232
0.0 -2.5 2.5 16.25 -7.1244000000000005
0.0 0.0 2.5 16.25 -17.2731
0.0 2.5 2.5 16.25 -31.8139
0.0 5.0 2.5 16.25 -28.6926
0.0 7.5 2.5 16.25 96.38229999999999
0.0 10.0 2.5 16.25 -63.1199
0.0 -5.0 5.0 16.25 -5.3233999999999995
0.0 -2.5 5.0 16.25 -9.7735
0.0 0.0 5.0 16.25 -14.651
0.0 2.5 5.0 16.25 -19.5484
0.0 5.0 5.0 16.25 -25.808799999999998
0.0 7.5 5.0 16.25 -31.316399999999998
0.0 10.0 5.0 16.25 -30.7876
60.0 -5.0 -10.0 3.75 9999999860.7283
60.0 -2.5 -10.0 3.75 9064512098.123
60.0 0.0 -10.0 3.75 10000000276.4223
60.0 2.5 -10.0 3.75 9999999934.230001
60.0 5.0 -10.0 3.75 9999999833.2038
60.0 7.5 -10.0 3.75 2689672.0436
60.0 10.0 -10.0 3.75 498.4372
60.0 -5.0 -7.5 3.75 5901669227.825
60.0 -2.5 -7.5 3.75 10000000257.8628
60.0 0.0 -7.5 3.75 1063910281.4403
60.0 2.5 -7.5 3.75 10000000069.7556
60.0 5.0 -7.5 3.75 10000000073.45
60.0 7.5 -7.5 3.75 9807120.497299999
60.0 10.0 -7.5 3.75 6116.818
60.0 -5.0 -5.0 3.75 10000000037.277401
60.0 -2.5 -5.0 3.75 10000000302.4214
60.0 0.0 -5.0 3.75 10000000191.6676
60.0 2.5 -5.0 3.75 9999999927.4199
60.0 5.0 -5.0 3.75 10000000002.8871
60.0 7.5 -5.0 3.75 4517866299.848399
60.0 10.0 -5.0 3.75 4971137632.8242
60.0 -5.0 -2.5 3.75 226810523.41829997
60.0 -2.5 -2.5 3.75 10000000174.770601
60.0 0.0 -2.5 3.75 10000000542.727901
60.0 2.5 -2.5 3.75 9999999883.3624
60.0 5.0 -2.5 3.75 9999999904.1613
60.0 7.5 -2.5 3.75 10000000034.558
60.0 10.0 -2.5 3.75 10000000000.941301
60.0 -5.0 0.0 3.75 679058427.4597
60.0 -2.5 0.0 3.75 10000000080.743
60.0 0.0 0.0 3.75 10000000171.8134
60.0 2.5 0.0 3.75 10000000001.494902
60.0 5.0 0.0 3.75 10000000108.482
60.0 7.5 0.0 3.75 9999999670.288502
60.0 10.0 0.0 3.75 9999999885.1616
60.0 -5.0 2.5 3.75 2719359597.5014
60.0 -2.5 2.5 3.75 10000000022.297401
60.0 0.0 2.5 3.75 9999999922.59
60.0 2.5 2.5 3.75 9999999961.6562
60.0 5.0 2.5 3.75 10000000106.001501
60.0 7.5 2.5 3.75 973256154.0655999
60.0 10.0 2.5 3.75 692025375.8315
60.0 -5.0 5.0 3.75 10000000007.6571
60.0 -2.5 5.0 3.75 10000000146.123201
60.0 0.0 5.0 3.75 337395065.3232
60.0 2.5 5.0 3.75 10000000096.581501
60.0 5.0 5.0 3.75 9999999925.8911
60.0 7.5 5.0 3.75 1630697696.2975001
60.0 10.0 5.0 3.75 26437.1744
60.0 2.5 -2.5 5.0 10000000014.2388
60.0 0.0 0.0 5.0 10000000149.976702
60.0 0.0 2.5 5.0 10000000007.8894
60.0 2.5 -2.5 6.25 9999999830.797901
60.0 0.0 0.0 6.25 9999999995.115002
60.0 0.0 2.5 6.25 10000000099.2696
60.0 0.0 5.0 6.25 10000000061.7029
60.0 2.5 -5.0 7.5 9999999902.949001
60.0 2.5 -2.5 7.5 9999999943.8433
60.0 5.0 -2.5 7.5 9999999891.882301
60.0 -2.5 0.0 7.5 493087835.7618
60.0 0.0 0.0 7.5 468019373.31229997
60.0 2.5 0.0 7.5 4514149454.1712
60.0 0.0 2.5 7.5 477583383.85539997
60.0 0.0 5.0 7.5 10000000087.9447
60.0 2.5 -7.5 8.75 9999999803.703201
60.0 2.5 -5.0 8.75 40778488.637
60.0 5.0 -5.0 8.75 3436992.0839
60.0 0.0 -2.5 8.75 9460766.563800002
60.0 2.5 -2.5 8.75 10000000115.6706
60.0 -2.5 0.0 8.75 9999999978.550402
60.0 0.0 0.0 8.75 10000000009.9552
60.0 2.5 0.0 8.75 310447560.80960006
60.0 -2.5 2.5 8.75 10000000012.867102
60.0 0.0 2.5 8.75 4426774622.0698
60.0 0.0 5.0 8.75 151073210.1548
60.0 5.0 -10.0 10.0 360.244
60.0 2.5 -7.5 10.0 776902928.4366
60.0 5.0 -7.5 10.0 48224307.8671
60.0 7.5 -7.5 10.0 898.5951
60.0 0.0 -5.0 10.0 20720169.9362
60.0 2.5 -5.0 10.0 25813120.977399997
60.0 5.0 -5.0 10.0 3862239.2079
60.0 -2.5 -2.5 10.0 4972.1326
60.0 0.0 -2.5 10.0 178926340.9091
60.0 2.5 -2.5 10.0 10000000004.2189
60.0 5.0 -2.5 10.0 84970158.7384
60.0 7.5 -2.5 10.0 230830.11839999998
60.0 -2.5 0.0 10.0 32326830.0036
60.0 0.0 0.0 10.0 152464318.4772
60.0 2.5 0.0 10.0 1051976340.9849
60.0 -2.5 2.5 10.0 18889587.838600002
60.0 0.0 2.5 10.0 10000000052.039001
60.0 2.5 2.5 10.0 10000000164.783401
60.0 -2.5 5.0 10.0 9240882.1681
60.0 0.0 5.0 10.0 10000000280.442701
60.0 2.5 5.0 10.0 10000000091.0841
60.0 2.5 -10.0 11.25 831.3956
60.0 5.0 -10.0 11.25 64.9898
60.0 10.0 -10.0 11.25 17.3896
60.0 0.0 -7.5 11.25 5537594.760299999
60.0 2.5 -7.5 11.25 10000000321.4053
60.0 5.0 -7.5 11.25 2061.5728
60.0 7.5 -7.5 11.25 52.355
60.0 0.0 -5.0 11.25 7195825716.9385
60.0 2.5 -5.0 11.25 144371416.4418
60.0 5.0 -5.0 11.25 1332709.4416
60.0 -2.5 -2.5 11.25 9.281
60.0 0.0 -2.5 11.25 986784.2975
60.0 2.5 -2.5 11.25 9999999799.4349
60.0 5.0 -2.5 11.25 156053864.47800002
60.0 7.5 -2.5 11.25 56956.0237
60.0 -5.0 0.0 11.25 7.8475
60.0 -2.5 0.0 11.25 29208.7665
60.0 0.0 0.0 11.25 12985404.415
60.0 2.5 0.0 11.25 233358742.1535
60.0 5.0 0.0 11.25 9999999848.7604
60.0 -5.0 2.5 11.25 61.405
60.0 -2.5 2.5 11.25 800.5605
60.0 0.0 2.5 11.25 10000000026.2698
60.0 2.5 2.5 11.25 10000000150.227901
60.0 5.0 2.5 11.25 114080823.99
60.0 -2.5 5.0 11.25 1055.774
60.0 0.0 5.0 11.25 15822.2077
60.0 2.5 5.0 11.25 9999999950.068401
60.0 5.0 5.0 11.25 9999999878.383202
60.0 7.5 5.0 11.25 3886328.8767000004
60.0 -2.5 -10.0 12.5 20.742
60.0 0.0 -10.0 12.5 47.1749
60.0 2.5 -10.0 12.5 76.0065
60.0 5.0 -10.0 12.5 54.053000000000004
60.0 7.5 -10.0 12.5 37.1512
60.0 10.0 -10.0 12.5 17.8125
60.0 0.0 -7.5 12.5 31685.674199999998
60.0 2.5 -7.5 12.5 20775522.750099998
60.0 5.0 -7.5 12.5 196.37779999999998
60.0 7.5 -7.5 12.5 42.2866
60.0 10.0 -7.5 12.5 16.174400000000002
60.0 -2.5 -5.0 12.5 -3.2863999999999995
60.0 0.0 -5.0 12.5 327.8008
60.0 2.5 -5.0 12.5 4097.8843
60.0 5.0 -5.0 12.5 804.8012
60.0 7.5 -5.0 12.5 19.4917
60.0 -5.0 -2.5 12.5 -6.1551
60.0 -2.5 -2.5 12.5 -5.751
60.0 0.0 -2.5 12.5 1372.5703999999998
60.0 2.5 -2.5 12.5 22021.834300000002
60.0 5.0 -2.5 12.5 11475.2372
60.0 7.5 -2.5 12.5 188.32889999999998
60.0 -5.0 0.0 12.5 3.1586999999999996
60.0 -2.5 0.0 12.5 2.469900000000001
60.0 0.0 0.0 12.5 1789104.2508999999
60.0 2.5 0.0 12.5 12832956.6624
60.0 5.0 0.0 12.5 1815786177.1834998
60.0 -5.0 2.5 12.5 16.0218
60.0 -2.5 2.5 12.5 20.0737
60.0 0.0 2.5 12.5 36778.6625
60.0 2.5 2.5 12.5 93319672.6189
60.0 5.0 2.5 12.5 10000000036.404202
60.0 7.5 2.5 12.5 10000000082.526701
60.0 -5.0 5.0 12.5 19.0327
60.0 -2.5 5.0 12.5 19.421799999999998
60.0 0.0 5.0 12.5 250.86690000000002
60.0 2.5 5.0 12.5 2173760.511
60.0 5.0 5.0 12.5 8191701.4922
60.0 7.5 5.0 12.5 71126335.4601
60.0 10.0 5.0 12.5 5072.6786
60.0 -2.5 -10.0 13.75 18.400000000000002
60.0 0.0 -10.0 13.75 36.2641
60.0 2.5 -10.0 13.75 47.7001
60.0 5.0 -10.0 13.75 45.166900000000005
60.0 7.5 -10.0 13.75 31.5709
60.0 10.0 -10.0 13.75 15.898699999999998
60.0 0.0 -7.5 13.75 62.2193
60.0 2.5 -7.5 13.75 132.95250000000001
60.0 5.0 -7.5 13.75 63.4077
60.0 7.5 -7.5 13.75 35.6098
60.0 10.0 -7.5 13.75 15.188799999999999
60.0 -2.5 -5.0 13.75 0.1479999999999997
60.0 0.0 -5.0 13.75 13.6041
60.0 2.5 -5.0 13.75 28.978699999999996
60.0 5.0 -5.0 13.75 34.8157
60.0 7.5 -5.0 13.75 20.0951
60.0 10.0 -5.0 13.75 2.6888
60.0 -5.0 -2.5 13.75 -4.5668
60.0 -2.5 -2.5 13.75 -2.5843
60.0 0.0 -2.5 13.75 -1.5036999999999998
60.0 2.5 -2.5 13.75 46.7081
60.0 5.0 -2.5 13.75 81.01310000000001
60.0 7.5 -2.5 13.75 0.4331000000000005
60.0 -5.0 0.0 13.75 2.4566
60.0 -2.5 0.0 13.75 3.0206999999999997
60.0 0.0 0.0 13.75 80323.9335
60.0 2.5 0.0 13.75 4221954.5556
60.0 5.0 0.0 13.75 1275138957.4604
60.0 -5.0 2.5 13.75 11.6579
60.0 -2.5 2.5 13.75 12.233300000000002
60.0 0.0 2.5 13.75 13086.293800000001
60.0 2.5 2.5 13.75 48533646.6752
60.0 5.0 2.5 13.75 7082795190.3195
60.0 7.5 2.5 13.75 1840395036.6078
60.0 -5.0 5.0 13.75 12.789399999999999
60.0 -2.5 5.0 13.75 10.9789
60.0 0.0 5.0 13.75 498.5537
60.0 2.5 5.0 13.75 97551.4909
60.0 5.0 5.0 13.75 516672.4067
60.0 7.5 5.0 13.75 824528.7778
60.0 10.0 5.0 13.75 872.2804
60.0 -5.0 -10.0 15.0 5.7452000000000005
60.0 -2.5 -10.0 15.0 16.0215
60.0 0.0 -10.0 15.0 28.6494
60.0 2.5 -10.0 15.0 36.9707
60.0 5.0 -10.0 15.0 35.1314
60.0 7.5 -10.0 15.0 25.0668
60.0 10.0 -10.0 15.0 13.3283
60.0 -5.0 -7.5 15.0 2.0305
60.0 -2.5 -7.5 15.0 12.4099
60.0 0.0 -7.5 15.0 30.0781
60.0 2.5 -7.5 15.0 46.3921
60.0 5.0 -7.5 15.0 42.653800000000004
60.0 7.5 -7.5 15.0 27.602800000000002
60.0 10.0 -7.5 15.0 12.455
60.0 -5.0 -5.0 15.0 -2.597
60.0 -2.5 -5.0 15.0 2.6649000000000003
60.0 0.0 -5.0 15.0 13.5369
60.0 2.5 -5.0 15.0 24.3605
60.0 5.0 -5.0 15.0 26.9658
60.0 7.5 -5.0 15.0 15.8793
60.0 10.0 -5.0 15.0 1.8992999999999998
60.0 -5.0 -2.5 15.0 -2.2457
60.0 -2.5 -2.5 15.0 -1.1904
60.0 0.0 -2.5 15.0 1.1529000000000003
60.0 2.5 -2.5 15.0 2.6331999999999995
60.0 5.0 -2.5 15.0 10.221400000000001
60.0 7.5 -2.5 15.0 -4.5621
60.0 10.0 -2.5 15.0 -20.5409
60.0 -5.0 0.0 15.0 1.8611
60.0 -2.5 0.0 15.0 2.3536
60.0 0.0 0.0 15.0 6.304399999999999
60.0 2.5 0.0 15.0 1130.1344
60.0 5.0 0.0 15.0 89038.7922
60.0 7.5 0.0 15.0 31.9816
60.0 -5.0 2.5 15.0 7.728
60.0 -2.5 2.5 15.0 8.619800000000001
60.0 0.0 2.5 15.0 32.7686
60.0 2.5 2.5 15.0 22457.964
60.0 5.0 2.5 15.0 4765301.8785
60.0 7.5 2.5 15.0 14260.31
60.0 10.0 2.5 15.0 1237.9704000000002
60.0 -5.0 5.0 15.0 7.759
60.0 -2.5 5.0 15.0 6.7741999999999996
60.0 0.0 5.0 15.0 -1.6184999999999998
60.0 2.5 5.0 15.0 395.9629
60.0 5.0 5.0 15.0 283.3478
60.0 7.5 5.0 15.0 2312.2483
60.0 10.0 5.0 15.0 149.4129
60.0 -5.0 -10.0 16.25 4.332
60.0 -2.5 -10.0 16.25 11.7804
60.0 0.0 -10.0 16.25 21.0224
60.0 2.5 -10.0 16.25 26.735200000000003
60.0 5.0 -10.0 16.25 25.261
60.0 7.5 -10.0 16.25 18.707
60.0 10.0 -10.0 16.25 9.4231
60.0 -5.0 -7.5 16.25 2.9762999999999997
60.0 -2.5 -7.5 16.25 10.446399999999999
60.0 0.0 -7.5 16.25 21.979599999999998
60.0 2.5 -7.5 16.25 31.3775
60.0 5.0 -7.5 16.25 30.307
60.0 7.5 -7.5 16.25 20.6218
60.0 10.0 -7.5 16.25 9.6627
60.0 -5.0 -5.0 16.25 -0.07020000000000001
60.0 -2.5 -5.0 16.25 3.6504
60.0 0.0 -5.0 16.25 11.680900000000001
60.0 2.5 -5.0 16.25 19.540100000000002
60.0 5.0 -5.0 16.25 19.5996
60.0 7.5 -5.0 16.25 10.9961
60.0 10.0 -5.0 16.25 1.0806
60.0 -5.0 -2.5 16.25 -1.3246
60.0 -2.5 -2.5 16.25 -0.24529999999999996
60.0 0.0 -2.5 16.25 2.6622
60.0 2.5 -2.5 16.25 4.0197
60.0 5.0 -2.5 16.25 2.2536
60.0 7.5 -2.5 16.25 -7.8708
60.0 10.0 -2.5 16.25 -18.5433
60.0 -5.0 0.0 16.25 1.4209999999999998
60.0 -2.5 0.0 16.25 1.1964000000000001
60.0 0.0 0.0 16.25 -0.9101999999999999
60.0 2.5 0.0 16.25 -3.6469
60.0 5.0 0.0 16.25 -0.12850000000000072
60.0 7.5 0.0 16.25 -35.410700000000006
60.0 10.0 0.0 16.25 -50.7751
60.0 -5.0 2.5 16.25 5.039199999999999
60.0 -2.5 2.5 16.25 4.842
60.0 0.0 2.5 16.25 -1.9821
60.0 2.5 2.5 16.25 -2.8453000000000017
60.0 5.0 2.5 16.25 11.247099999999996
60.0 7.5 2.5 16.25 -74.34110000000001
60.0 10.0 2.5 16.25 -87.0689
60.0 -5.0 5.0 16.25 4.7846
60.0 -2.5 5.0 16.25 4.3721000000000005
60.0 0.0 5.0 16.25 -4.5518
60.0 2.5 5.0 16.25 -22.453699999999998
60.0 5.0 5.0 16.25 -49.9342
60.0 7.5 5.0 16.25 -63.3548
60.0 10.0 5.0 16.25 -77.5019
120.0 -5.0 -10.0 3.75 10000000044.8174
120.0 -2.5 -10.0 3.75 99801164.9177
120.0 0.0 -10.0 3.75 10000000132.990501
120.0 2.5 -10.0 3.75 9999999883.573801
120.0 5.0 -10.0 3.75 9999999904.762701
120.0 7.5 -10.0 3.75 10000000064.496601
120.0 10.0 -10.0 3.75 1045320.147
120.0 -5.0 -7.5 3.75 4126193701.6419
120.0 -2.5 -7.5 3.75 61168838.266200006
120.0 0.0 -7.5 3.75 9999999993.5081
120.0 2.5 -7.5 3.75 10000000006.291302
120.0 5.0 -7.5 3.75 10000000046.052801
120.0 7.5 -7.5 3.75 10000000146.3365
120.0 10.0 -7.5 3.75 9999999934.532501
120.0 -5.0 -5.0 3.75 9999999893.3878
120.0 -2.5 -5.0 3.75 2582161697.2641997
120.0 0.0 -5.0 3.75 10000000114.5804
120.0 2.5 -5.0 3.75 10000000064.5772
120.0 5.0 -5.0 3.75 9999999981.5025
120.0 7.5 -5.0 3.75 72535519.71489999
120.0 10.0 -5.0 3.75 135320609.5027
120.0 -5.0 -2.5 3.75 10000000026.9227
120.0 -2.5 -2.5 3.75 9999999983.968102
120.0 0.0 -2.5 3.75 9999999645.534601
120.0 2.5 -2.5 3.75 9999999820.6539
120.0 5.0 -2.5 3.75 9999999752.827702
120.0 7.5 -2.5 3.75 657725189.7851
120.0 10.0 -2.5 3.75 630912590.3028
120.0 -5.0 0.0 3.75 10000000034.2001
120.0 -2.5 0.0 3.75 2945417197.0659003
120.0 0.0 0.0 3.75 10000000177.5259
120.0 2.5 0.0 3.75 9999999947.153
120.0 5.0 0.0 3.75 10000000271.4218
120.0 7.5 0.0 3.75 10000000311.462
120.0 10.0 0.0 3.75 2794024160.8217
120.0 -5.0 2.5 3.75 10000000013.4169
120.0 -2.5 2.5 3.75 9999999898.6028
120.0 0.0 2.5 3.75 8661465030.8946
120.0 2.5 2.5 3.75 3718188909.4399004
120.0 5.0 2.5 3.75 9999999977.4699
120.0 7.5 2.5 3.75 10000000195.9179
120.0 10.0 2.5 3.75 2507529785.6406
120.0 -5.0 5.0 3.75 10000000094.398602
120.0 -2.5 5.0 3.75 110071482.04609999
120.0 0.0 5.0 3.75 9999999937.1065
120.0 2.5 5.0 3.75 748371395.4125
120.0 5.0 5.0 3.75 1926215449.6339
120.0 7.5 5.0 3.75 1720785.2436
120.0 10.0 5.0 3.75 140098589.4683
120.0 -2.5 5.0 5.0 9999999892.309502
120.0 -2.5 2.5 6.25 10000000327.2584
120.0 -2.5 5.0 6.25 236594796.13239998
120.0 2.5 -7.5 7.5 48188835.0365
120.0 0.0 -5.0 7.5 42002292.656500004
120.0 -2.5 0.0 7.5 9999999945.367802
120.0 -2.5 2.5 7.5 9999999879.2325
120.0 0.0 2.5 7.5 1724394003.0645
120.0 -2.5 5.0 7.5 5342089933.4641
120.0 0.0 5.0 7.5 9999999958.357601
120.0 2.5 -7.5 8.75 40681853.3798
120.0 5.0 -7.5 8.75 37369.4137
120.0 0.0 -5.0 8.75 62754.2921
120.0 0.0 0.0 8.75 10000000046.7427
120.0 -2.5 2.5 8.75 13510341.778900001
120.0 0.0 2.5 8.75 3272610336.2577
120.0 -5.0 5.0 8.75 327.63030000000003
120.0 -2.5 5.0 8.75 145139.6118
120.0 0.0 5.0 8.75 9999999927.5713
120.0 2.5 5.0 8.75 9999999862.088701
120.0 2.5 -10.0 10.0 6725289.026400001
120.0 2.5 -7.5 10.0 40088.2859
120.0 5.0 -7.5 10.0 89.89189999999999
120.0 7.5 -7.5 10.0 28999895.1556
120.0 -2.5 -5.0 10.0 2980572.3912
120.0 0.0 -5.0 10.0 10349133.2197
120.0 2.5 -5.0 10.0 4857809.9074
120.0 0.0 -2.5 10.0 385070376.62170005
120.0 0.0 0.0 10.0 10000000025.137402
120.0 2.5 0.0 10.0 9999999984.3701
120.0 -5.0 2.5 10.0 23443221.7452
120.0 -2.5 2.5 10.0 2077479.6933000002
120.0 0.0 2.5 10.0 9999999927.2931
120.0 2.5 2.5 10.0 9999999754.154202
120.0 -5.0 5.0 10.0 -40.1759
120.0 -2.5 5.0 10.0 3199.0685999999996
120.0 0.0 5.0 10.0 9999999797.048801
120.0 2.5 5.0 10.0 9999999949.923601
120.0 5.0 5.0 10.0 9999999952.839
120.0 2.5 -10.0 11.25 198.04579999999999
120.0 5.0 -10.0 11.25 -21.3116
120.0 10.0 -10.0 11.25 -43.705
120.0 -2.5 -7.5 11.25 40488565.8529
120.0 0.0 -7.5 11.25 21861558.6936
120.0 2.5 -7.5 11.25 188.9566
120.0 5.0 -7.5 11.25 -32.8557
120.0 7.5 -7.5 11.25 119.32990000000001
120.0 -2.5 -5.0 11.25 2143.7993
120.0 0.0 -5.0 11.25 148883199.912
120.0 2.5 -5.0 11.25 310.2454
120.0 5.0 -5.0 11.25 7189.0019
120.0 7.5 -5.0 11.25 374.36609999999996
120.0 0.0 -2.5 11.25 2272384.2860999997
120.0 2.5 -2.5 11.25 11440.079399999999
120.0 -5.0 0.0 11.25 264377.8716
120.0 -2.5 0.0 11.25 5246133.1213
120.0 0.0 0.0 11.25 997582557.8831
120.0 2.5 0.0 11.25 10000000045.1527
120.0 -5.0 2.5 11.25 2576.7843
120.0 -2.5 2.5 11.25 135513.61370000002
120.0 0.0 2.5 11.25 9999999871.2289
120.0 2.5 2.5 11.25 9999999951.0639
120.0 -5.0 5.0 11.25 -57.682900000000004
120.0 -2.5 5.0 11.25 998.1818000000001
120.0 0.0 5.0 11.25 3028483.2717
120.0 2.5 5.0 11.25 106316080.2405
120.0 5.0 5.0 11.25 44732435.3049
120.0 7.5 5.0 11.25 236843.3802
120.0 -5.0 -10.0 12.5 11.8071
120.0 -2.5 -10.0 12.5 38.8267
120.0 0.0 -10.0 12.5 29.2013
120.0 2.5 -10.0 12.5 4.9695
120.0 5.0 -10.0 12.5 -14.0985
120.0 7.5 -10.0 12.5 -28.3497
120.0 10.0 -10.0 12.5 -29.5947
120.0 -2.5 -7.5 12.5 395306745.5483
120.0 0.0 -7.5 12.5 2078.8193
120.0 2.5 -7.5 12.5 28.302400000000002
120.0 5.0 -7.5 12.5 -14.352699999999999
120.0 7.5 -7.5 12.5 -32.488
120.0 10.0 -7.5 12.5 -33.5176
120.0 -2.5 -5.0 12.5 65.3016
120.0 0.0 -5.0 12.5 121462.34969999999
120.0 2.5 -5.0 12.5 86.4779
120.0 5.0 -5.0 12.5 160.70929999999998
120.0 -5.0 -2.5 12.5 28.299599999999998
120.0 -2.5 -2.5 12.5 114.3832
120.0 0.0 -2.5 12.5 10408.8135
120.0 2.5 -2.5 12.5 1412.816
120.0 5.0 -2.5 12.5 43408.324
120.0 -5.0 0.0 12.5 6.345300000000001
120.0 -2.5 0.0 12.5 76.3633
120.0 0.0 0.0 12.5 305016912.9069
120.0 2.5 0.0 12.5 5175590.7559
120.0 5.0 0.0 12.5 990395.1535
120.0 -5.0 2.5 12.5 -26.473100000000002
120.0 -2.5 2.5 12.5 58.26420000000001
120.0 0.0 2.5 12.5 113960185.0094
120.0 2.5 2.5 12.5 10000000113.731
120.0 5.0 2.5 12.5 295612718.99090004
120.0 -5.0 5.0 12.5 -41.7511
120.0 -2.5 5.0 12.5 -7.809800000000003
120.0 0.0 5.0 12.5 1782.8566
120.0 2.5 5.0 12.5 44731011.472500004
120.0 5.0 5.0 12.5 2088152.6856
120.0 7.5 5.0 12.5 1354772.2435
120.0 -5.0 -10.0 13.75 9.8361
120.0 -2.5 -10.0 13.75 16.616
120.0 0.0 -10.0 13.75 15.8288
120.0 2.5 -10.0 13.75 6.873000000000001
120.0 5.0 -10.0 13.75 -7.3007
120.0 7.5 -10.0 13.75 -18.921499999999998
120.0 10.0 -10.0 13.75 -18.8557
120.0 -2.5 -7.5 13.75 62.8417
120.0 0.0 -7.5 13.75 47.0812
120.0 2.5 -7.5 13.75 22.7161
120.0 5.0 -7.5 13.75 -2.7271
120.0 7.5 -7.5 13.75 -18.5974
120.0 10.0 -7.5 13.75 -18.343500000000002
120.0 -2.5 -5.0 13.75 49.3279
120.0 0.0 -5.0 13.75 103.137
120.0 2.5 -5.0 13.75 45.826100000000004
120.0 5.0 -5.0 13.75 6.1606
120.0 7.5 -5.0 13.75 -12.1586
120.0 10.0 -5.0 13.75 -7.7620000000000005
120.0 -5.0 -2.5 13.75 22.3416
120.0 -2.5 -2.5 13.75 36.207699999999996
120.0 0.0 -2.5 13.75 1590.2353
120.0 2.5 -2.5 13.75 6045.0162
120.0 5.0 -2.5 13.75 58.5052
120.0 -5.0 0.0 13.75 2.5909
120.0 -2.5 0.0 13.75 19.185499999999998
120.0 0.0 0.0 13.75 3928284.1583000002
120.0 2.5 0.0 13.75 3127825.1194
120.0 5.0 0.0 13.75 574.971
120.0 -5.0 2.5 13.75 -18.6543
120.0 -2.5 2.5 13.75 -27.2066
120.0 0.0 2.5 13.75 38279005.7605
120.0 2.5 2.5 13.75 9999999994.676102
120.0 5.0 2.5 13.75 55011462.0634
120.0 -5.0 5.0 13.75 -29.012099999999997
120.0 -2.5 5.0 13.75 -43.908699999999996
120.0 0.0 5.0 13.75 440.86420000000004
120.0 2.5 5.0 13.75 1200198993.1329
120.0 5.0 5.0 13.75 78332.73569999999
120.0 7.5 5.0 13.75 155907.894
120.0 -5.0 -10.0 15.0 8.5298
120.0 -2.5 -10.0 15.0 13.82
120.0 0.0 -10.0 15.0 14.32
120.0 2.5 -10.0 15.0 8.152
120.0 5.0 -10.0 15.0 -2.3617
120.0 7.5 -10.0 15.0 -11.1762
120.0 10.0 -10.0 15.0 -11.0469
120.0 -5.0 -7.5 15.0 17.686700000000002
120.0 -2.5 -7.5 15.0 28.9594
120.0 0.0 -7.5 15.0 31.205999999999996
120.0 2.5 -7.5 15.0 20.1004
120.0 5.0 -7.5 15.0 3.1875999999999998
120.0 7.5 -7.5 15.0 -9.269499999999999
120.0 10.0 -7.5 15.0 -9.2261
120.0 -5.0 -5.0 15.0 21.9633
120.0 -2.5 -5.0 15.0 36.5208
120.0 0.0 -5.0 15.0 44.0398
120.0 2.5 -5.0 15.0 31.1752
120.0 5.0 -5.0 15.0 8.1959
120.0 7.5 -5.0 15.0 -5.2164
120.0 10.0 -5.0 15.0 -3.137
120.0 -5.0 -2.5 15.0 16.2652
120.0 -2.5 -2.5 15.0 26.461100000000002
120.0 0.0 -2.5 15.0 36.6972
120.0 2.5 -2.5 15.0 31.8062
120.0 5.0 -2.5 15.0 7.035
120.0 7.5 -2.5 15.0 -5.5884
120.0 10.0 -2.5 15.0 -1.2031
120.0 -5.0 0.0 15.0 2.4077
120.0 -2.5 0.0 15.0 5.664999999999999
120.0 0.0 0.0 15.0 20910.9013
120.0 2.5 0.0 15.0 989.357
120.0 5.0 0.0 15.0 -3.683
120.0 10.0 0.0 15.0 -15.321299999999999
120.0 -5.0 2.5 15.0 -10.8869
120.0 -2.5 2.5 15.0 -18.0153
120.0 0.0 2.5 15.0 13441554.0872
120.0 2.5 2.5 15.0 3548491.6311
120.0 5.0 2.5 15.0 3269.0643
120.0 7.5 2.5 15.0 36.2367
120.0 -5.0 5.0 15.0 -18.9614
120.0 -2.5 5.0 15.0 -31.528799999999997
120.0 0.0 5.0 15.0 -32.8407
120.0 2.5 5.0 15.0 951689.745
120.0 5.0 5.0 15.0 7310.0713
120.0 7.5 5.0 15.0 3098.2947999999997
120.0 10.0 5.0 15.0 -61.5422
120.0 -5.0 -10.0 16.25 6.4801
120.0 -2.5 -10.0 16.25 10.306000000000001
120.0 0.0 -10.0 16.25 11.283
120.0 2.5 -10.0 16.25 7.1589
120.0 5.0 -10.0 16.25 0.6727
120.0 7.5 -10.0 16.25 -5.2673
120.0 10.0 -10.0 16.25 -5.6448
120.0 -5.0 -7.5 16.25 12.3958
120.0 -2.5 -7.5 16.25 19.675600000000003
120.0 0.0 -7.5 16.25 21.980800000000002
120.0 2.5 -7.5 16.25 14.9903
120.0 5.0 -7.5 16.25 3.8652
120.0 7.5 -7.5 16.25 -3.8203
120.0 10.0 -7.5 16.25 -3.8325
120.0 -5.0 -5.0 16.25 14.9885
120.0 -2.5 -5.0 16.25 24.447499999999998
120.0 0.0 -5.0 16.25 28.7864
120.0 2.5 -5.0 16.25 21.649700000000003
120.0 5.0 -5.0 16.25 7.767899999999999
120.0 7.5 -5.0 16.25 -1.714
120.0 10.0 -5.0 16.25 -0.4379
120.0 -5.0 -2.5 16.25 11.096200000000001
120.0 -2.5 -2.5 16.25 19.225
120.0 0.0 -2.5 16.25 22.4923
120.0 2.5 -2.5 16.25 17.235
120.0 5.0 -2.5 16.25 3.5633
120.0 7.5 -2.5 16.25 -5.4555
120.0 10.0 -2.5 16.25 -2.3806
120.0 -5.0 0.0 16.25 2.3826
120.0 -2.5 0.0 16.25 5.105
120.0 0.0 0.0 16.25 11.7377
120.0 2.5 0.0 16.25 4.0078000000000005
120.0 5.0 0.0 16.25 -12.9641
120.0 7.5 0.0 16.25 -22.3995
120.0 10.0 0.0 16.25 -14.801499999999999
120.0 -5.0 2.5 16.25 -6.5427
120.0 -2.5 2.5 16.25 -10.687899999999999
120.0 0.0 2.5 16.25 59.4341
120.0 2.5 2.5 16.25 -5.853799999999998
120.0 5.0 2.5 16.25 -34.1511
120.0 7.5 2.5 16.25 -60.6974
120.0 10.0 2.5 16.25 -37.7013
120.0 -5.0 5.0 16.25 -11.3911
120.0 -2.5 5.0 16.25 -20.4276
120.0 0.0 5.0 16.25 -39.5894
120.0 2.5 5.0 16.25 -13.791200000000003
120.0 5.0 5.0 16.25 -73.1854
120.0 7.5 5.0 16.25 -82.6844
120.0 10.0 5.0 16.25 -50.5702
180.0 -5.0 -10.0 3.75 2724171106.9847
180.0 -2.5 -10.0 3.75 9999999889.109402
180.0 0.0 -10.0 3.75 10000000029.3761
180.0 2.5 -10.0 3.75 254895640.2761
180.0 5.0 -10.0 3.75 297682762.0014
180.0 7.5 -10.0 3.75 99813687.16070001
180.0 10.0 -10.0 3.75 3171975103.4642
180.0 -5.0 -7.5 3.75 10000000056.119902
180.0 -2.5 -7.5 3.75 10000000051.231401
180.0 0.0 -7.5 3.75 10000000226.100601
180.0 2.5 -7.5 3.75 9999999835.5405
180.0 5.0 -7.5 3.75 9999999860.9575
180.0 7.5 -7.5 3.75 9999999912.402
180.0 10.0 -7.5 3.75 18495881.3384
180.0 -5.0 -5.0 3.75 10000000319.8896
180.0 -2.5 -5.0 3.75 2562567138.5931
180.0 0.0 -5.0 3.75 9682114671.035
180.0 2.5 -5.0 3.75 9999999993.5154
180.0 5.0 -5.0 3.75 10000000006.0177
180.0 7.5 -5.0 3.75 236613607.97190002
180.0 10.0 -5.0 3.75 1228056.6882
180.0 -5.0 -2.5 3.75 9999999914.977701
180.0 -2.5 -2.5 3.75 2105640621.0643
180.0 0.0 -2.5 3.75 10000000124.693
180.0 2.5 -2.5 3.75 9999999921.5538
180.0 5.0 -2.5 3.75 1409736390.7595
180.0 7.5 -2.5 3.75 1422608904.5482
180.0 10.0 -2.5 3.75 10000000204.2315
180.0 -5.0 0.0 3.75 104293887.7677
180.0 -2.5 0.0 3.75 10000000000.9225
180.0 0.0 0.0 3.75 10000000238.4715
180.0 2.5 0.0 3.75 2934750587.8552003
180.0 5.0 0.0 3.75 10000000176.855202
180.0 7.5 0.0 3.75 3196748509.3988
180.0 10.0 0.0 3.75 166230100.7142
180.0 -5.0 2.5 3.75 10000000203.3684
180.0 -2.5 2.5 3.75 9999999502.6881
180.0 0.0 2.5 3.75 10000000321.918901
180.0 2.5 2.5 3.75 8421046284.6938
180.0 5.0 2.5 3.75 10000000122.0512
180.0 7.5 2.5 3.75 69707190.4891
180.0 10.0 2.5 3.75 10000000136.7738
180.0 -5.0 5.0 3.75 499636859.7302
180.0 -2.5 5.0 3.75 4514956627.246699
180.0 0.0 5.0 3.75 57892303.0932
180.0 2.5 5.0 3.75 124203341.5563
180.0 5.0 5.0 3.75 47798896.0141
180.0 7.5 5.0 3.75 9999999937.3166
180.0 10.0 5.0 3.75 1251552414.9238
180.0 -2.5 -2.5 7.5 874761006.4877
180.0 0.0 2.5 7.5 9999999941.256802
180.0 0.0 5.0 7.5 3249216337.5372
180.0 -5.0 -2.5 8.75 1138027477.7789
180.0 -2.5 -2.5 8.75 9999999878.4405
180.0 2.5 -2.5 8.75 51966849.3584
180.0 -5.0 0.0 8.75 9999999950.2731
180.0 0.0 0.0 8.75 1091863639.7937
180.0 0.0 2.5 8.75 10000000009.2269
180.0 0.0 -10.0 10.0 8327566.812
180.0 2.5 -10.0 10.0 35.5646
180.0 0.0 -7.5 10.0 9999999947.133001
180.0 2.5 -7.5 10.0 621067.3224
180.0 5.0 -7.5 10.0 709.778
180.0 -2.5 -5.0 10.0 917786266.6044
180.0 0.0 -5.0 10.0 923367202.5827
180.0 2.5 -5.0 10.0 17502813.0459
180.0 5.0 -5.0 10.0 43546.136600000005
180.0 -5.0 -2.5 10.0 19280146.036900003
180.0 -2.5 -2.5 10.0 279155847.3276
180.0 0.0 -2.5 10.0 10000000143.098001
180.0 2.5 -2.5 10.0 259943805.3921
180.0 -5.0 0.0 10.0 125254711.80620001
180.0 -2.5 0.0 10.0 195322093.73400003
180.0 0.0 0.0 10.0 234991635.2835
180.0 -5.0 2.5 10.0 214487.0475
180.0 0.0 2.5 10.0 10000000055.184101
180.0 2.5 2.5 10.0 16055110.3391
180.0 0.0 5.0 10.0 9999999943.231602
180.0 2.5 5.0 10.0 146589341.7435
180.0 0.0 -10.0 11.25 244505815.5414
180.0 2.5 -10.0 11.25 -34.0925
180.0 5.0 -10.0 11.25 -23.3542
180.0 0.0 -7.5 11.25 16606506.758299999
180.0 2.5 -7.5 11.25 606.3222
180.0 5.0 -7.5 11.25 -22.0471
180.0 7.5 -7.5 11.25 7.031300000000001
180.0 -2.5 -5.0 11.25 303827628.3782
180.0 0.0 -5.0 11.25 165505.93660000002
180.0 2.5 -5.0 11.25 11247.972
180.0 5.0 -5.0 11.25 443.8207
180.0 -5.0 -2.5 11.25 1745.3967
180.0 -2.5 -2.5 11.25 12277308.1219
180.0 0.0 -2.5 11.25 9999999937.2488
180.0 2.5 -2.5 11.25 66483628.592
180.0 -5.0 0.0 11.25 30962.5622
180.0 -2.5 0.0 11.25 19589582.9619
180.0 0.0 0.0 11.25 322681762.7877
180.0 -5.0 2.5 11.25 74079.0007
180.0 -2.5 2.5 11.25 262793.41109999997
180.0 0.0 2.5 11.25 319479408.4357
180.0 2.5 2.5 11.25 31179386.571500003
180.0 -5.0 5.0 11.25 29.200200000000002
180.0 0.0 5.0 11.25 28892350.194
180.0 2.5 5.0 11.25 1396397.0327
180.0 -5.0 -10.0 12.5 32.351200000000006
180.0 -2.5 -10.0 12.5 813434.5207
180.0 0.0 -10.0 12.5 164.6351
180.0 2.5 -10.0 12.5 -20.1966
180.0 5.0 -10.0 12.5 -13.499
180.0 7.5 -10.0 12.5 1.4123
180.0 10.0 -10.0 12.5 9.7999
180.0 -2.5 -7.5 12.5 456717285.0518
180.0 0.0 -7.5 12.5 612.1837
180.0 2.5 -7.5 12.5 -32.397
180.0 5.0 -7.5 12.5 -18.9043
180.0 7.5 -7.5 12.5 7.983700000000001
180.0 -5.0 -5.0 12.5 15.253100000000002
180.0 -2.5 -5.0 12.5 180.8516
180.0 0.0 -5.0 12.5 148.6524
180.0 2.5 -5.0 12.5 82.68589999999999
180.0 5.0 -5.0 12.5 -11.1936
180.0 -5.0 -2.5 12.5 -18.568
180.0 -2.5 -2.5 12.5 1643.0719000000001
180.0 0.0 -2.5 12.5 9999999966.0515
180.0 2.5 -2.5 12.5 241377325.85779998
180.0 5.0 -2.5 12.5 6825.4517
180.0 -5.0 0.0 12.5 -23.828000000000003
180.0 -2.5 0.0 12.5 3793.0813
180.0 0.0 0.0 12.5 10000000106.5265
180.0 2.5 0.0 12.5 8151311.0186
180.0 -5.0 2.5 12.5 -21.7564
180.0 -2.5 2.5 12.5 201.90410000000003
180.0 0.0 2.5 12.5 5313107504.7913
180.0 2.5 2.5 12.5 53754059.3146
180.0 -5.0 5.0 12.5 -47.9264
180.0 -2.5 5.0 12.5 -35.1669
180.0 0.0 5.0 12.5 51499.4328
180.0 2.5 5.0 12.5 546403.0985000001
180.0 5.0 5.0 12.5 1007.3095
180.0 7.5 5.0 12.5 226946.68050000002
180.0 10.0 5.0 12.5 38.1608
180.0 -5.0 -10.0 13.75 28.0448
180.0 -2.5 -10.0 13.75 65.757
180.0 0.0 -10.0 13.75 2.4458999999999995
180.0 2.5 -10.0 13.75 -9.5038
180.0 5.0 -10.0 13.75 -6.559
180.0 7.5 -10.0 13.75 2.4012
180.0 10.0 -10.0 13.75 7.1627
180.0 -5.0 -7.5 13.75 41.4415
180.0 -2.5 -7.5 13.75 96.947
180.0 0.0 -7.5 13.75 6.4726
180.0 2.5 -7.5 13.75 -12.1972
180.0 5.0 -7.5 13.75 -7.9425
180.0 7.5 -7.5 13.75 7.4453000000000005
180.0 10.0 -7.5 13.75 12.526299999999999
180.0 -5.0 -5.0 13.75 17.4379
180.0 -2.5 -5.0 13.75 11.479500000000002
180.0 0.0 -5.0 13.75 10.7105
180.0 2.5 -5.0 13.75 7.413499999999999
180.0 5.0 -5.0 13.75 -5.639799999999999
180.0 -5.0 -2.5 13.75 -6.9232
180.0 -2.5 -2.5 13.75 74.9124
180.0 0.0 -2.5 13.75 1225017.4482
180.0 2.5 -2.5 13.75 72023269.62910001
180.0 5.0 -2.5 13.75 0.05649999999999977
180.0 -5.0 0.0 13.75 -17.735
180.0 -2.5 0.0 13.75 3541.3883
180.0 0.0 0.0 13.75 107394377.7591
180.0 2.5 0.0 13.75 228109450.1908
180.0 -5.0 2.5 13.75 -30.7332
180.0 -2.5 2.5 13.75 374.0331
180.0 0.0 2.5 13.75 9999999867.456501
180.0 2.5 2.5 13.75 37821.1322
180.0 5.0 2.5 13.75 1438622.3494
180.0 -5.0 5.0 13.75 -36.2448
180.0 -2.5 5.0 13.75 -59.3763
180.0 0.0 5.0 13.75 4235.3364
180.0 2.5 5.0 13.75 15141.971599999999
180.0 5.0 5.0 13.75 329.3354
180.0 7.5 5.0 13.75 134.8748
180.0 10.0 5.0 13.75 -9.7134
180.0 -5.0 -10.0 15.0 22.2647
180.0 -2.5 -10.0 15.0 18.0338
180.0 0.0 -10.0 15.0 5.9141
180.0 2.5 -10.0 15.0 -2.3689999999999998
180.0 5.0 -10.0 15.0 -2.3605
180.0 7.5 -10.0 15.0 2.468
180.0 10.0 -10.0 15.0 5.1502
180.0 -5.0 -7.5 15.0 27.8795
180.0 -2.5 -7.5 15.0 26.4224
180.0 0.0 -7.5 15.0 9.800799999999999
180.0 2.5 -7.5 15.0 -2.274
180.0 5.0 -7.5 15.0 -0.4620000000000001
180.0 7.5 -7.5 15.0 5.8693
180.0 10.0 -7.5 15.0 8.421399999999998
180.0 -5.0 -5.0 15.0 16.264699999999998
180.0 -2.5 -5.0 15.0 11.9484
180.0 0.0 -5.0 15.0 1.6239
180.0 2.5 -5.0 15.0 -5.2986
180.0 5.0 -5.0 15.0 -0.7954
180.0 7.5 -5.0 15.0 7.882000000000001
180.0 10.0 -5.0 15.0 8.0644
180.0 -5.0 -2.5 15.0 0.3959999999999999
180.0 -2.5 -2.5 15.0 -5.552
180.0 0.0 -2.5 15.0 9755.463600000001
180.0 2.5 -2.5 15.0 76.5213
180.0 5.0 -2.5 15.0 -15.6246
180.0 10.0 -2.5 15.0 -2.0348
180.0 -5.0 0.0 15.0 -10.3561
180.0 -2.5 0.0 15.0 53.394000000000005
180.0 0.0 0.0 15.0 1164995.882
180.0 2.5 0.0 15.0 1366.9963
180.0 5.0 0.0 15.0 720.0108
180.0 -5.0 2.5 15.0 -21.726599999999998
180.0 -2.5 2.5 15.0 13.628100000000003
180.0 0.0 2.5 15.0 185764.9913
180.0 2.5 2.5 15.0 710.6752
180.0 5.0 2.5 15.0 2562.596
180.0 7.5 2.5 15.0 -52.8438
180.0 -5.0 5.0 15.0 -26.4189
180.0 -2.5 5.0 15.0 -51.499300000000005
180.0 0.0 5.0 15.0 -2.902799999999999
180.0 2.5 5.0 15.0 6206.8809
180.0 5.0 5.0 15.0 -17.1087
180.0 7.5 5.0 15.0 -45.3232
180.0 10.0 5.0 15.0 -11.7956
180.0 -5.0 -10.0 16.25 16.5438
180.0 -2.5 -10.0 16.25 15.1737
180.0 0.0 -10.0 16.25 7.6507
180.0 2.5 -10.0 16.25 1.5684
180.0 5.0 -10.0 16.25 0.5133
180.0 7.5 -10.0 16.25 2.2021
180.0 10.0 -10.0 16.25 2.927
180.0 -5.0 -7.5 16.25 19.2221
180.0 -2.5 -7.5 16.25 18.1282
180.0 0.0 -7.5 16.25 9.4976
180.0 2.5 -7.5 16.25 2.6854
180.0 5.0 -7.5 16.25 2.4701999999999997
180.0 7.5 -7.5 16.25 4.53
180.0 10.0 -7.5 16.25 5.4275
180.0 -5.0 -5.0 16.25 13.574
180.0 -2.5 -5.0 16.25 12.1573
180.0 0.0 -5.0 16.25 4.671399999999999
180.0 2.5 -5.0 16.25 -1.0942
180.0 5.0 -5.0 16.25 0.36529999999999996
180.0 7.5 -5.0 16.25 3.732
180.0 10.0 -5.0 16.25 4.411099999999999
180.0 -5.0 -2.5 16.25 3.5675
180.0 -2.5 -2.5 16.25 -0.6203000000000001
180.0 0.0 -2.5 16.25 3.605
180.0 2.5 -2.5 16.25 -11.231300000000001
180.0 5.0 -2.5 16.25 -11.4459
180.0 7.5 -2.5 16.25 -5.6905
180.0 10.0 -2.5 16.25 -4.1483
180.0 -5.0 0.0 16.25 -5.352799999999999
180.0 -2.5 0.0 16.25 -12.1729
180.0 0.0 0.0 16.25 54.3493
180.0 2.5 0.0 16.25 -36.8878
180.0 5.0 0.0 16.25 -39.8342
180.0 7.5 0.0 16.25 -26.1741
180.0 -5.0 2.5 16.25 -14.2353
180.0 -2.5 2.5 16.25 -34.2371
180.0 0.0 2.5 16.25 -33.320499999999996
180.0 2.5 2.5 16.25 -78.30699999999999
180.0 5.0 2.5 16.25 -71.7725
180.0 7.5 2.5 16.25 -43.368
180.0 -5.0 5.0 16.25 -18.5132
180.0 -2.5 5.0 16.25 -39.4088
180.0 0.0 5.0 16.25 -62.8808
180.0 2.5 5.0 16.25 -75.4526
180.0 5.0 5.0 16.25 -75.0377
180.0 7.5 5.0 16.25 -38.9431
180.0 10.0 5.0 16.25 -12.4698
240.0 -5.0 -10.0 3.75 10000000112.2
240.0 -2.5 -10.0 3.75 10000000327.749
240.0 0.0 -10.0 3.75 10000000136.1432
240.0 2.5 -10.0 3.75 9999999673.765701
240.0 5.0 -10.0 3.75 1462252876.6811001
240.0 7.5 -10.0 3.75 22697420.4344
240.0 10.0 -10.0 3.75 5092752.192
240.0 -5.0 -7.5 3.75 9999999983.1937
240.0 -2.5 -7.5 3.75 9999999771.501902
240.0 0.0 -7.5 3.75 9999999550.7343
240.0 2.5 -7.5 3.75 813353121.607
240.0 5.0 -7.5 3.75 10000000015.199501
240.0 7.5 -7.5 3.75 5836019794.8271
240.0 10.0 -7.5 3.75 13689533.9036
240.0 -5.0 -5.0 3.75 9999999867.4176
240.0 -2.5 -5.0 3.75 9999999988.7481
240.0 0.0 -5.0 3.75 9999999627.208601
240.0 2.5 -5.0 3.75 10000000587.469501
240.0 5.0 -5.0 3.75 5624325300.211201
240.0 7.5 -5.0 3.75 9999999967.9985
240.0 10.0 -5.0 3.75 7533773012.4306
240.0 -5.0 -2.5 3.75 9999999891.2593
240.0 -2.5 -2.5 3.75 9999999861.6032
240.0 0.0 -2.5 3.75 9999999902.579401
240.0 2.5 -2.5 3.75 10000000002.391901
240.0 5.0 -2.5 3.75 6663154243.3011
240.0 7.5 -2.5 3.75 4026170.3211
240.0 10.0 -2.5 3.75 175853.57390000002
240.0 -5.0 0.0 3.75 10000000072.113401
240.0 -2.5 0.0 3.75 9999999972.9228
240.0 0.0 0.0 3.75 9999999608.227701
240.0 2.5 0.0 3.75 10000000031.1095
240.0 5.0 0.0 3.75 9999999969.712101
240.0 7.5 0.0 3.75 397047210.7798
240.0 10.0 0.0 3.75 1487.5525
240.0 -5.0 2.5 3.75 9999999906.4078
240.0 -2.5 2.5 3.75 9999999927.5991
240.0 0.0 2.5 3.75 9999999966.987202
240.0 2.5 2.5 3.75 10000000143.3073
240.0 5.0 2.5 3.75 10000000297.2098
240.0 7.5 2.5 3.75 203911918.77409998
240.0 10.0 2.5 3.75 9030.514299999999
240.0 -5.0 5.0 3.75 1193206.2979000001
240.0 -2.5 5.0 3.75 10000000143.683
240.0 0.0 5.0 3.75 9999999827.2152
240.0 2.5 5.0 3.75 10000000159.9543
240.0 5.0 5.0 3.75 10000000140.7595
240.0 7.5 5.0 3.75 8901046396.4924
240.0 10.0 5.0 3.75 10000000091.750301
240.0 0.0 0.0 5.0 10000000067.801601
240.0 -2.5 2.5 5.0 9999999880.112501
240.0 -2.5 5.0 5.0 231125083.975
240.0 0.0 0.0 6.25 9999999983.5055
240.0 -2.5 2.5 6.25 1690668124.0609
240.0 0.0 2.5 6.25 10000000051.6032
240.0 -5.0 5.0 6.25 4145.8528
240.0 -2.5 5.0 6.25 41903397.5239
240.0 2.5 -10.0 7.5 50368938.4997
240.0 -2.5 -7.5 7.5 9999999948.1425
240.0 0.0 -5.0 7.5 10000000129.026201
240.0 0.0 0.0 7.5 9999999608.08
240.0 -2.5 2.5 7.5 174895579.7239
240.0 0.0 2.5 7.5 4182861366.3984
240.0 -5.0 5.0 7.5 263.34719999999993
240.0 -2.5 5.0 7.5 18917425.813899998
240.0 0.0 5.0 7.5 9999999946.3486
240.0 0.0 -10.0 8.75 9999999758.498901
240.0 2.5 -10.0 8.75 9999999766.735
240.0 5.0 -10.0 8.75 700201.892
240.0 -2.5 -7.5 8.75 21830680.6546
240.0 0.0 -7.5 8.75 6533463.6002
240.0 2.5 -7.5 8.75 5288890780.6375
240.0 -2.5 -5.0 8.75 9999999796.7369
240.0 0.0 -5.0 8.75 4338891395.7964
240.0 0.0 -2.5 8.75 10000000230.4176
240.0 2.5 -2.5 8.75 6621806328.2584
240.0 -2.5 0.0 8.75 10000000002.9655
240.0 0.0 0.0 8.75 10000000035.1268
240.0 -2.5 2.5 8.75 41593355.177999996
240.0 0.0 2.5 8.75 9999999824.26
240.0 2.5 2.5 8.75 9999999859.788502
240.0 -5.0 5.0 8.75 371.5843
240.0 -2.5 5.0 8.75 185178096.74589998
240.0 0.0 5.0 8.75 733383606.8231
240.0 0.0 -10.0 10.0 1196642.884
240.0 2.5 -10.0 10.0 108918.58129999999
240.0 5.0 -10.0 10.0 -64.6324
240.0 -2.5 -7.5 10.0 1240.496
240.0 0.0 -7.5 10.0 12131.1369
240.0 2.5 -7.5 10.0 175.12560000000002
240.0 -2.5 -5.0 10.0 9999999956.1457
240.0 0.0 -5.0 10.0 1286140285.3240001
240.0 -5.0 -2.5 10.0 1426223074.2564998
240.0 -2.5 -2.5 10.0 8368728189.3847
240.0 0.0 -2.5 10.0 9999999990.7616
240.0 2.5 -2.5 10.0 9999999900.3584
240.0 -2.5 0.0 10.0 121713.4668
240.0 0.0 0.0 10.0 1847685.3977
240.0 2.5 0.0 10.0 10000000037.0454
240.0 -5.0 2.5 10.0 -43.602399999999996
240.0 -2.5 2.5 10.0 312025.1748
240.0 0.0 2.5 10.0 17952616.197
240.0 2.5 2.5 10.0 1772479324.2446
240.0 -5.0 5.0 10.0 -93.5453
240.0 -2.5 5.0 10.0 41530.7647
240.0 0.0 5.0 10.0 156947229.7767
240.0 2.5 5.0 10.0 9999999956.468401
240.0 7.5 5.0 10.0 36223054.088800006
240.0 -2.5 -10.0 11.25 10000000288.0583
240.0 0.0 -10.0 11.25 2554028.3358
240.0 2.5 -10.0 11.25 3543.8688
240.0 5.0 -10.0 11.25 -71.7365
240.0 7.5 -10.0 11.25 -63.7837
240.0 10.0 -10.0 11.25 -46.5413
240.0 -5.0 -7.5 11.25 12.607899999999999
240.0 -2.5 -7.5 11.25 106.9575
240.0 0.0 -7.5 11.25 463.4982
240.0 2.5 -7.5 11.25 -77.26060000000001
240.0 -2.5 -5.0 11.25 160481.86599999998
240.0 0.0 -5.0 11.25 5956106.482799999
240.0 2.5 -5.0 11.25 2218754.1541999998
240.0 -5.0 -2.5 11.25 49050.3436
240.0 -2.5 -2.5 11.25 208464175.1544
240.0 0.0 -2.5 11.25 224521033.1491
240.0 2.5 -2.5 11.25 9999999882.532001
240.0 -5.0 0.0 11.25 2667.4294
240.0 -2.5 0.0 11.25 8153.5204
240.0 0.0 0.0 11.25 2165157.0195
240.0 2.5 0.0 11.25 9999999962.3278
240.0 -2.5 2.5 11.25 499.1087
240.0 0.0 2.5 11.25 1430420557.4983
240.0 2.5 2.5 11.25 1830114340.426
240.0 5.0 2.5 11.25 983164.0411
240.0 7.5 2.5 11.25 2801812.3076
240.0 -5.0 5.0 11.25 -74.6896
240.0 -2.5 5.0 11.25 175.5147
240.0 0.0 5.0 11.25 1363572733.2858
240.0 2.5 5.0 11.25 44569968.0031
240.0 7.5 5.0 11.25 2165435.4758
240.0 -2.5 -10.0 12.5 90525835.1048
240.0 0.0 -10.0 12.5 13595.403
240.0 2.5 -10.0 12.5 -23.495999999999995
240.0 5.0 -10.0 12.5 -47.26090000000001
240.0 7.5 -10.0 12.5 -45.207499999999996
240.0 10.0 -10.0 12.5 -33.324000000000005
240.0 -5.0 -7.5 12.5 20.137999999999998
240.0 -2.5 -7.5 12.5 13.938299999999998
240.0 0.0 -7.5 12.5 -10.4693
240.0 2.5 -7.5 12.5 -46.819900000000004
240.0 5.0 -7.5 12.5 -54.561899999999994
240.0 -5.0 -5.0 12.5 -9.204799999999999
240.0 -2.5 -5.0 12.5 57.3771
240.0 0.0 -5.0 12.5 2044.1046999999999
240.0 2.5 -5.0 12.5 28164.885700000003
240.0 5.0 -5.0 12.5 119.20219999999999
240.0 -5.0 -2.5 12.5 -25.408700000000003
240.0 -2.5 -2.5 12.5 9883.7531
240.0 0.0 -2.5 12.5 30447764.1244
240.0 2.5 -2.5 12.5 2880578353.0238
240.0 -5.0 0.0 12.5 -41.1874
240.0 -2.5 0.0 12.5 24.8163
240.0 0.0 0.0 12.5 133427468.20279999
240.0 2.5 0.0 12.5 348177680.0803
240.0 5.0 0.0 12.5 9999999821.015202
240.0 -5.0 2.5 12.5 -50.879200000000004
240.0 -2.5 2.5 12.5 -70.9244
240.0 0.0 2.5 12.5 68975.3013
240.0 2.5 2.5 12.5 21694479.4189
240.0 5.0 2.5 12.5 341947185.9434
240.0 7.5 2.5 12.5 1020.0396
240.0 -5.0 5.0 12.5 -52.1566
240.0 -2.5 5.0 12.5 -73.649
240.0 0.0 5.0 12.5 2828.1787
240.0 2.5 5.0 12.5 9681.135400000001
240.0 5.0 5.0 12.5 59935787.9221
240.0 7.5 5.0 12.5 2570.2327
240.0 -2.5 -10.0 13.75 109.4067
240.0 0.0 -10.0 13.75 29.6451
240.0 2.5 -10.0 13.75 -16.8802
240.0 5.0 -10.0 13.75 -28.21
240.0 7.5 -10.0 13.75 -29.5227
240.0 10.0 -10.0 13.75 -22.0823
240.0 -5.0 -7.5 13.75 21.3979
240.0 -2.5 -7.5 13.75 15.092200000000002
240.0 0.0 -7.5 13.75 -3.0789
240.0 2.5 -7.5 13.75 -26.4203
240.0 5.0 -7.5 13.75 -37.2738
240.0 7.5 -7.5 13.75 -36.773500000000006
240.0 10.0 -7.5 13.75 -26.7553
240.0 -5.0 -5.0 13.75 -0.5197000000000003
240.0 -2.5 -5.0 13.75 -9.8249
240.0 0.0 -5.0 13.75 134.2439
240.0 2.5 -5.0 13.75 8274.663999999999
240.0 5.0 -5.0 13.75 -16.970100000000002
240.0 -5.0 -2.5 13.75 -16.8739
240.0 -2.5 -2.5 13.75 1126124.9931
240.0 0.0 -2.5 13.75 135429688.82579997
240.0 2.5 -2.5 13.75 1954539.9515
240.0 -5.0 0.0 13.75 -31.4707
240.0 -2.5 0.0 13.75 1659.0612
240.0 0.0 0.0 13.75 273460936.39779997
240.0 2.5 0.0 13.75 14946483.3279
240.0 5.0 0.0 13.75 9999999939.5289
240.0 -5.0 2.5 13.75 -38.012
240.0 -2.5 2.5 13.75 -66.7344
240.0 0.0 2.5 13.75 2037.5324999999998
240.0 2.5 2.5 13.75 895.876
240.0 5.0 2.5 13.75 10475222.9334
240.0 7.5 2.5 13.75 8532.8755
240.0 10.0 2.5 13.75 6.021999999999999
240.0 -5.0 5.0 13.75 -37.019299999999994
240.0 -2.5 5.0 13.75 -54.27
240.0 0.0 5.0 13.75 -61.0886
240.0 2.5 5.0 13.75 -59.8411
240.0 5.0 5.0 13.75 1324.2217
240.0 7.5 5.0 13.75 -14.452
240.0 10.0 5.0 13.75 -0.2215999999999999
240.0 -5.0 -10.0 15.0 32.0823
240.0 -2.5 -10.0 15.0 30.919400000000003
240.0 0.0 -10.0 15.0 12.7845
240.0 2.5 -10.0 15.0 -5.642799999999999
240.0 5.0 -10.0 15.0 -15.084700000000002
240.0 7.5 -10.0 15.0 -16.7575
240.0 10.0 -10.0 15.0 -12.8873
240.0 -5.0 -7.5 15.0 19.0349
240.0 -2.5 -7.5 15.0 15.7091
240.0 0.0 -7.5 15.0 3.5309000000000004
240.0 2.5 -7.5 15.0 -13.825
240.0 5.0 -7.5 15.0 -23.4436
240.0 7.5 -7.5 15.0 -23.9957
240.0 10.0 -7.5 15.0 -17.2164
240.0 -5.0 -5.0 15.0 3.8630999999999998
240.0 -2.5 -5.0 15.0 -1.5392
240.0 0.0 -5.0 15.0 -2.2605
240.0 2.5 -5.0 15.0 13.8889
240.0 5.0 -5.0 15.0 -35.3161
240.0 10.0 -5.0 15.0 -15.216299999999999
240.0 -5.0 -2.5 15.0 -10.511
240.0 -2.5 -2.5 15.0 758.9272
240.0 0.0 -2.5 15.0 2533326.9546
240.0 2.5 -2.5 15.0 16298.3222
240.0 5.0 -2.5 15.0 -58.8829
240.0 7.5 -2.5 15.0 -32.1071
240.0 -5.0 0.0 15.0 -23.4906
240.0 -2.5 0.0 15.0 342.5183
240.0 0.0 0.0 15.0 45221.4734
240.0 2.5 0.0 15.0 128645.46830000001
240.0 5.0 0.0 15.0 19347477.4189
240.0 7.5 0.0 15.0 249.35749999999996
240.0 -5.0 2.5 15.0 -28.630300000000002
240.0 -2.5 2.5 15.0 -55.0517
240.0 0.0 2.5 15.0 -40.849999999999994
240.0 2.5 2.5 15.0 24.904399999999995
240.0 5.0 2.5 15.0 3922.1268
240.0 7.5 2.5 15.0 -7.238400000000002
240.0 10.0 2.5 15.0 -2.2353
240.0 -5.0 5.0 15.0 -24.8606
240.0 -2.5 5.0 15.0 -39.6621
240.0 0.0 5.0 15.0 -51.667300000000004
240.0 2.5 5.0 15.0 -53.5759
240.0 5.0 5.0 15.0 -38.8544
240.0 7.5 5.0 15.0 -18.223599999999998
240.0 10.0 5.0 15.0 -4.0225
240.0 -5.0 -10.0 16.25 21.8795
240.0 -2.5 -10.0 16.25 21.5276
240.0 0.0 -10.0 16.25 11.7753
240.0 2.5 -10.0 16.25 0.8956999999999999
240.0 5.0 -10.0 16.25 -6.0636
240.0 7.5 -10.0 16.25 -8.0891
240.0 10.0 -10.0 16.25 -6.2652
240.0 -5.0 -7.5 16.25 14.5934
240.0 -2.5 -7.5 16.25 12.7575
240.0 0.0 -7.5 16.25 4.071300000000001
240.0 2.5 -7.5 16.25 -7.0171
240.0 5.0 -7.5 16.25 -14.1799
240.0 7.5 -7.5 16.25 -14.0748
240.0 10.0 -7.5 16.25 -9.9946
240.0 -5.0 -5.0 16.25 4.6703
240.0 -2.5 -5.0 16.25 0.040100000000000025
240.0 0.0 -5.0 16.25 -7.0928
240.0 2.5 -5.0 16.25 -19.9871
240.0 5.0 -5.0 16.25 -26.484499999999997
240.0 7.5 -5.0 16.25 -20.9716
240.0 10.0 -5.0 16.25 -11.282599999999999
240.0 -5.0 -2.5 16.25 -6.2393
240.0 -2.5 -2.5 16.25 -15.739500000000001
240.0 0.0 -2.5 16.25 6.278200000000002
240.0 2.5 -2.5 16.25 -39.829699999999995
240.0 5.0 -2.5 16.25 -53.5989
240.0 7.5 -2.5 16.25 -30.9879
240.0 10.0 -2.5 16.25 -10.0475
240.0 -5.0 0.0 16.25 -16.9668
240.0 -2.5 0.0 16.25 -40.0848
240.0 0.0 0.0 16.25 -45.3742
240.0 2.5 0.0 16.25 -42.834999999999994
240.0 5.0 0.0 16.25 146.55939999999998
240.0 7.5 0.0 16.25 -36.2141
240.0 -5.0 2.5 16.25 -19.8146
240.0 -2.5 2.5 16.25 -40.3549
240.0 0.0 2.5 16.25 -62.2595
240.0 2.5 2.5 16.25 -81.332
240.0 5.0 2.5 16.25 -63.946200000000005
240.0 7.5 2.5 16.25 -30.9056
240.0 10.0 2.5 16.25 -6.9927
240.0 -5.0 5.0 16.25 -16.4553
240.0 -2.5 5.0 16.25 -28.5702
240.0 0.0 5.0 16.25 -38.7913
240.0 2.5 5.0 16.25 -42.044200000000004
240.0 5.0 5.0 16.25 -33.2457
240.0 7.5 5.0 16.25 -17.5391
240.0 10.0 5.0 16.25 -5.7099
300.0 -5.0 -10.0 3.75 12801408.7983
300.0 -2.5 -10.0 3.75 10000000030.0105
300.0 0.0 -10.0 3.75 10000000008.9701
300.0 2.5 -10.0 3.75 9999999875.404701
300.0 5.0 -10.0 3.75 9999999872.4169
300.0 7.5 -10.0 3.75 2606913345.3129
300.0 10.0 -10.0 3.75 8283183309.7251005
300.0 -5.0 -7.5 3.75 10000000060.172201
300.0 -2.5 -7.5 3.75 9999999733.6555
300.0 0.0 -7.5 3.75 9999999560.691301
300.0 2.5 -7.5 3.75 2379671979.7081
300.0 5.0 -7.5 3.75 9999999825.2742
300.0 7.5 -7.5 3.75 104294740.8084
300.0 10.0 -7.5 3.75 81180462.3359
300.0 -5.0 -5.0 3.75 10000000044.1504
300.0 -2.5 -5.0 3.75 10000000107.864
300.0 0.0 -5.0 3.75 9999999998.983702
300.0 2.5 -5.0 3.75 10000000025.5725
300.0 5.0 -5.0 3.75 766469070.3223
300.0 7.5 -5.0 3.75 9999999928.4438
300.0 10.0 -5.0 3.75 1683326025.9956
300.0 -5.0 -2.5 3.75 10000000147.0683
300.0 -2.5 -2.5 3.75 10000000267.8416
300.0 0.0 -2.5 3.75 1452923066.7662
300.0 2.5 -2.5 3.75 9999999963.5242
300.0 5.0 -2.5 3.75 9999999908.6921
300.0 7.5 -2.5 3.75 4939936482.8213005
300.0 10.0 -2.5 3.75 1458267119.517
300.0 -5.0 0.0 3.75 9550686729.4455
300.0 -2.5 0.0 3.75 4603467233.6345005
300.0 0.0 0.0 3.75 9999999909.2141
300.0 2.5 0.0 3.75 9999999961.4661
300.0 5.0 0.0 3.75 9999999961.575901
300.0 7.5 0.0 3.75 35970760.2557
300.0 10.0 0.0 3.75 264601128.22399998
300.0 -5.0 2.5 3.75 9999999987.468401
300.0 -2.5 2.5 3.75 9999999850.244902
300.0 0.0 2.5 3.75 9999999880.215302
300.0 2.5 2.5 3.75 9999999883.928202
300.0 5.0 2.5 3.75 10000000182.141201
300.0 7.5 2.5 3.75 1690838611.4509
300.0 10.0 2.5 3.75 9999999874.895102
300.0 -5.0 5.0 3.75 9999999953.914001
300.0 -2.5 5.0 3.75 9999999991.1086
300.0 0.0 5.0 3.75 10000000380.6917
300.0 2.5 5.0 3.75 9999999591.543001
300.0 5.0 5.0 3.75 245426321.25489998
300.0 7.5 5.0 3.75 10000000021.0196
300.0 10.0 5.0 3.75 190987429.3172
300.0 -2.5 -2.5 6.25 9999999936.267101
300.0 0.0 -2.5 6.25 3495287458.0885
300.0 2.5 -2.5 6.25 9999999941.417501
300.0 2.5 -5.0 7.5 9999999827.6357
300.0 -2.5 -2.5 7.5 10000000056.1035
300.0 0.0 -2.5 7.5 5829745595.0774
300.0 0.0 0.0 7.5 1151978007.1208
300.0 0.0 2.5 7.5 1942009022.7084
300.0 5.0 -10.0 8.75 6256895.0283
300.0 2.5 -7.5 8.75 9999999936.4298
300.0 5.0 -7.5 8.75 5863042.2348
300.0 0.0 -5.0 8.75 10000000085.3876
300.0 2.5 -5.0 8.75 876175635.7808
300.0 5.0 -5.0 8.75 9999999839.9521
300.0 -5.0 -2.5 8.75 18568170.6101
300.0 -2.5 -2.5 8.75 10000000008.439402
300.0 0.0 -2.5 8.75 811483687.2897999
300.0 2.5 -2.5 8.75 10000000481.2523
300.0 -5.0 0.0 8.75 1650.5819
300.0 0.0 0.0 8.75 4170859024.6919003
300.0 0.0 2.5 8.75 9999999765.9878
300.0 0.0 5.0 8.75 5507656149.5158
300.0 0.0 -10.0 10.0 2316560.5058000004
300.0 2.5 -10.0 10.0 22110420.7702
300.0 5.0 -10.0 10.0 19563.896200000003
300.0 7.5 -10.0 10.0 -26.6248
300.0 10.0 -10.0 10.0 -9.7994
300.0 2.5 -7.5 10.0 2746778.0733
300.0 5.0 -7.5 10.0 206265.3952
300.0 -5.0 -5.0 10.0 29193.252200000003
300.0 0.0 -5.0 10.0 2909087063.272
300.0 2.5 -5.0 10.0 764156224.849
300.0 5.0 -5.0 10.0 9999999842.8139
300.0 -5.0 -2.5 10.0 546450.2547
300.0 -2.5 -2.5 10.0 3261205.3866
300.0 0.0 -2.5 10.0 307585615.3433
300.0 2.5 -2.5 10.0 47111716.186
300.0 -5.0 0.0 10.0 38.3125
300.0 -2.5 0.0 10.0 128012.0831
300.0 0.0 0.0 10.0 9999999943.7143
300.0 2.5 0.0 10.0 29125385.294
300.0 0.0 2.5 10.0 9999999981.9307
300.0 0.0 5.0 10.0 6311094.779
300.0 2.5 5.0 10.0 41427485.466
300.0 0.0 -10.0 11.25 40954511.567600004
300.0 2.5 -10.0 11.25 9999999880.233501
300.0 5.0 -10.0 11.25 -26.3075
300.0 7.5 -10.0 11.25 -21.2252
300.0 10.0 -10.0 11.25 -10.1541
300.0 -2.5 -7.5 11.25 122.46679999999999
300.0 0.0 -7.5 11.25 3012909.9718
300.0 2.5 -7.5 11.25 15622.574999999999
300.0 5.0 -7.5 11.25 9999999994.3661
300.0 7.5 -7.5 11.25 -40.838300000000004
300.0 -5.0 -5.0 11.25 125.0763
300.0 -2.5 -5.0 11.25 1751.9211
300.0 0.0 -5.0 11.25 131844.6313
300.0 2.5 -5.0 11.25 4541755.3172
300.0 5.0 -5.0 11.25 25033223.5729
300.0 -5.0 -2.5 11.25 45.639799999999994
300.0 -2.5 -2.5 11.25 10241.483900000001
300.0 0.0 -2.5 11.25 1115686.2335
300.0 2.5 -2.5 11.25 82042331.2703
300.0 -5.0 0.0 11.25 -26.3313
300.0 -2.5 0.0 11.25 4088.2861000000003
300.0 0.0 0.0 11.25 45204860.57879999
300.0 2.5 0.0 11.25 14974017.604600001
300.0 -5.0 2.5 11.25 35.416700000000006
300.0 -2.5 2.5 11.25 1383.9913999999999
300.0 0.0 2.5 11.25 5877410.961499999
300.0 2.5 2.5 11.25 28406894.992399998
300.0 5.0 2.5 11.25 1643484937.8689
300.0 0.0 5.0 11.25 16910.4758
300.0 2.5 5.0 11.25 9661707.9414
300.0 5.0 5.0 11.25 589.9762000000001
300.0 7.5 5.0 11.25 4983.7973999999995
300.0 -2.5 -10.0 12.5 34.7026
300.0 0.0 -10.0 12.5 1522.2380999999998
300.0 2.5 -10.0 12.5 246390453.9361
300.0 5.0 -10.0 12.5 -14.8747
300.0 7.5 -10.0 12.5 -15.179400000000001
300.0 10.0 -10.0 12.5 -8.5382
300.0 -2.5 -7.5 12.5 0.6829999999999998
300.0 0.0 -7.5 12.5 52.00359999999999
300.0 2.5 -7.5 12.5 48.7534
300.0 5.0 -7.5 12.5 11.2358
300.0 7.5 -7.5 12.5 -34.743900000000004
300.0 -5.0 -5.0 12.5 -8.7537
300.0 -2.5 -5.0 12.5 -20.6839
300.0 0.0 -5.0 12.5 722.102
300.0 2.5 -5.0 12.5 10000000086.022902
300.0 5.0 -5.0 12.5 1612.1302
300.0 -5.0 -2.5 12.5 -18.6082
300.0 -2.5 -2.5 12.5 -28.6791
300.0 0.0 -2.5 12.5 2621.1957
300.0 2.5 -2.5 12.5 4650353799.9495
300.0 5.0 -2.5 12.5 1464292.6134
300.0 -5.0 0.0 12.5 -20.038899999999998
300.0 -2.5 0.0 12.5 46.60099999999999
300.0 0.0 0.0 12.5 1587408.7033
300.0 2.5 0.0 12.5 63342845.355399996
300.0 5.0 0.0 12.5 55264869.0621
300.0 7.5 0.0 12.5 9999999827.4843
300.0 -5.0 2.5 12.5 -13.1162
300.0 -2.5 2.5 12.5 21.1639
300.0 0.0 2.5 12.5 2008612.5357
300.0 2.5 2.5 12.5 72425.3465
300.0 5.0 2.5 12.5 618132.1638000001
300.0 7.5 2.5 12.5 10000000031.6588
300.0 -5.0 5.0 12.5 9.496300000000002
300.0 -2.5 5.0 12.5 11.9862
300.0 0.0 5.0 12.5 950.4004
300.0 2.5 5.0 12.5 17305.7952
300.0 5.0 5.0 12.5 25.2644
300.0 7.5 5.0 12.5 11.278099999999998
300.0 -2.5 -10.0 13.75 29.3237
300.0 0.0 -10.0 13.75 33.2721
300.0 2.5 -10.0 13.75 49.5757
300.0 5.0 -10.0 13.75 -5.3771
300.0 7.5 -10.0 13.75 -10.9719
300.0 10.0 -10.0 13.75 -6.5108
300.0 -5.0 -7.5 13.75 6.3475
300.0 -2.5 -7.5 13.75 5.703099999999999
300.0 0.0 -7.5 13.75 -2.9075999999999995
300.0 2.5 -7.5 13.75 0.4692000000000003
300.0 5.0 -7.5 13.75 -18.0101
300.0 7.5 -7.5 13.75 -29.2768
300.0 -5.0 -5.0 13.75 -6.2381
300.0 -2.5 -5.0 13.75 -13.7681
300.0 0.0 -5.0 13.75 156380.16090000002
300.0 2.5 -5.0 13.75 15635486.1348
300.0 5.0 -5.0 13.75 -4.831800000000001
300.0 -5.0 -2.5 13.75 -14.8188
300.0 -2.5 -2.5 13.75 -27.7346
300.0 0.0 -2.5 13.75 307325.0167
300.0 2.5 -2.5 13.75 9999999645.7956
300.0 5.0 -2.5 13.75 12700432.3589
300.0 7.5 -2.5 13.75 497825.6637
300.0 -5.0 0.0 13.75 -15.348400000000002
300.0 -2.5 0.0 13.75 -29.4054
300.0 0.0 0.0 13.75 763.2376999999999
300.0 2.5 0.0 13.75 12874240.9825
300.0 5.0 0.0 13.75 948162.7934
300.0 7.5 0.0 13.75 1103388182.0433
300.0 -5.0 2.5 13.75 -6.7284
300.0 -2.5 2.5 13.75 -17.508300000000002
300.0 0.0 2.5 13.75 163.19740000000002
300.0 2.5 2.5 13.75 129753.94709999999
300.0 5.0 2.5 13.75 13327.4393
300.0 7.5 2.5 13.75 99719340.8502
300.0 10.0 2.5 13.75 1973.6636
300.0 -5.0 5.0 13.75 8.601099999999999
300.0 -2.5 5.0 13.75 4.3718
300.0 0.0 5.0 13.75 -10.582699999999999
300.0 2.5 5.0 13.75 -23.6663
300.0 5.0 5.0 13.75 -25.0345
300.0 7.5 5.0 13.75 -6.6347
300.0 10.0 5.0 13.75 13.2653
300.0 -2.5 -10.0 15.0 24.4708
300.0 0.0 -10.0 15.0 24.2227
300.0 2.5 -10.0 15.0 12.6305
300.0 5.0 -10.0 15.0 -1.4496
300.0 7.5 -10.0 15.0 -6.8441
300.0 10.0 -10.0 15.0 -5.5454
300.0 -5.0 -7.5 15.0 5.7208
300.0 -2.5 -7.5 15.0 8.3054
300.0 0.0 -7.5 15.0 4.769399999999999
300.0 2.5 -7.5 15.0 -0.4599000000000002
300.0 5.0 -7.5 15.0 -14.4651
300.0 7.5 -7.5 15.0 -22.421999999999997
300.0 10.0 -7.5 15.0 -16.809
300.0 -5.0 -5.0 15.0 -3.6182
300.0 -2.5 -5.0 15.0 -7.1883
300.0 0.0 -5.0 15.0 72.3638
300.0 2.5 -5.0 15.0 399728.0759
300.0 5.0 -5.0 15.0 -45.6694
300.0 7.5 -5.0 15.0 -61.8588
300.0 -5.0 -2.5 15.0 -10.5929
300.0 -2.5 -2.5 15.0 -22.296999999999997
300.0 0.0 -2.5 15.0 28.07240000000001
300.0 2.5 -2.5 15.0 508417.0908
300.0 5.0 -2.5 15.0 16788549.550100002
300.0 7.5 -2.5 15.0 -16.847600000000014
300.0 10.0 -2.5 15.0 -56.967200000000005
300.0 -5.0 0.0 15.0 -10.7023
300.0 -2.5 0.0 15.0 -23.519
300.0 0.0 0.0 15.0 -22.3828
300.0 2.5 0.0 15.0 4309.2679
300.0 5.0 0.0 15.0 6517.8872
300.0 7.5 0.0 15.0 1110338.4522
300.0 10.0 0.0 15.0 -42.6464
300.0 -5.0 2.5 15.0 -3.8104
300.0 -2.5 2.5 15.0 -12.1303
300.0 0.0 2.5 15.0 -28.2608
300.0 2.5 2.5 15.0 -15.363800000000001
300.0 5.0 2.5 15.0 -31.538700000000002
300.0 7.5 2.5 15.0 573.3566000000001
300.0 10.0 2.5 15.0 -17.3068
300.0 -5.0 5.0 15.0 7.7278
300.0 -2.5 5.0 15.0 3.1960000000000006
300.0 0.0 5.0 15.0 -8.351700000000001
300.0 2.5 5.0 15.0 -20.422400000000003
300.0 5.0 5.0 15.0 -22.589100000000002
300.0 7.5 5.0 15.0 -12.0683
300.0 10.0 5.0 15.0 4.1434999999999995
300.0 -5.0 -10.0 16.25 11.6996
300.0 -2.5 -10.0 16.25 17.5445
300.0 0.0 -10.0 16.25 17.9628
300.0 2.5 -10.0 16.25 10.3386
300.0 5.0 -10.0 16.25 0.3835
300.0 7.5 -10.0 16.25 -4.3704
300.0 10.0 -10.0 16.25 -4.5696
300.0 -5.0 -7.5 16.25 5.1321
300.0 -2.5 -7.5 16.25 7.7043
300.0 0.0 -7.5 16.25 5.4749
300.0 2.5 -7.5 16.25 -1.0594000000000001
300.0 5.0 -7.5 16.25 -11.5568
300.0 7.5 -7.5 16.25 -17.1524
300.0 10.0 -7.5 16.25 -13.209900000000001
300.0 -5.0 -5.0 16.25 -1.9826
300.0 -2.5 -5.0 16.25 -3.753
300.0 0.0 -5.0 16.25 -10.0443
300.0 2.5 -5.0 16.25 0.6935000000000002
300.0 5.0 -5.0 16.25 -38.880300000000005
300.0 7.5 -5.0 16.25 -45.3446
300.0 10.0 -5.0 16.25 -30.8295
300.0 -5.0 -2.5 16.25 -7.138400000000001
300.0 -2.5 -2.5 16.25 -15.5623
300.0 0.0 -2.5 16.25 -35.366299999999995
300.0 2.5 -2.5 16.25 -33.97110000000001
300.0 5.0 -2.5 16.25 -49.9955
300.0 7.5 -2.5 16.25 -84.5291
300.0 10.0 -2.5 16.25 -46.326299999999996
300.0 -5.0 0.0 16.25 -8.1395
300.0 -2.5 0.0 16.25 -17.6736
300.0 0.0 0.0 16.25 -38.0501
300.0 2.5 0.0 16.25 -53.6763
300.0 5.0 0.0 16.25 -73.6785
300.0 7.5 0.0 16.25 57.4721
300.0 10.0 0.0 16.25 -42.807300000000005
300.0 -5.0 2.5 16.25 -2.1817
300.0 -2.5 2.5 16.25 -9.0624
300.0 0.0 2.5 16.25 -21.4666
300.0 2.5 2.5 16.25 -37.432
300.0 5.0 2.5 16.25 -48.315
300.0 7.5 2.5 16.25 -38.8401
300.0 10.0 2.5 16.25 -22.430200000000003
300.0 -5.0 5.0 16.25 5.8123
300.0 -2.5 5.0 16.25 2.5534
300.0 0.0 5.0 16.25 -5.3325000000000005
300.0 2.5 5.0 16.25 -15.4457
300.0 5.0 5.0 16.25 -18.9286
300.0 7.5 5.0 16.25 -12.4792
300.0 10.0 5.0 16.25 -0.5693
