0.0 0.0 2.5 5.0 207570885.8078
0.0 2.5 2.5 5.0 571018304.5061
0.0 0.0 5.0 5.0 9999999909.191301
0.0 2.5 0.0 6.25 35181563.7971
0.0 0.0 2.5 6.25 10000000371.5102
0.0 0.0 5.0 6.25 5406021750.651999
0.0 0.0 0.0 7.5 9999999988.3083
0.0 2.5 0.0 7.5 42585262.641499996
0.0 0.0 2.5 7.5 61682283.3421
0.0 0.0 5.0 7.5 4267538641.0016
0.0 0.0 -5.0 8.75 -3.834
0.0 5.0 -5.0 8.75 -0.4376
0.0 -2.5 -2.5 8.75 1723.7041000000002
0.0 0.0 -2.5 8.75 40.0378
0.0 -2.5 0.0 8.75 9999999985.372002
0.0 0.0 0.0 8.75 10826060.289099999
0.0 2.5 0.0 8.75 15658.697999999999
0.0 0.0 2.5 8.75 7634627519.3866005
0.0 2.5 2.5 8.75 225397686.3231
0.0 0.0 5.0 8.75 9999999963.7303
0.0 2.5 5.0 8.75 9999999941.339401
0.0 5.0 -7.5 10.0 0.3628
0.0 7.5 -7.5 10.0 -0.3407
0.0 -2.5 -5.0 10.0 -1.9707
0.0 0.0 -5.0 10.0 -2.2466
0.0 2.5 -5.0 10.0 -0.9423
0.0 5.0 -5.0 10.0 -0.28919999999999996
0.0 7.5 -5.0 10.0 -0.45130000000000003
0.0 -2.5 -2.5 10.0 7903.7885
0.0 0.0 -2.5 10.0 178.61380000000003
0.0 2.5 -2.5 10.0 -10.7985
0.0 5.0 -2.5 10.0 -5.1367
0.0 -2.5 0.0 10.0 1510784317.9669
0.0 0.0 0.0 10.0 3569658056.3307996
0.0 2.5 0.0 10.0 581100.4839999999
0.0 0.0 2.5 10.0 9999999985.1935
0.0 2.5 2.5 10.0 3418582.7035
0.0 0.0 5.0 10.0 9999999961.7647
0.0 2.5 5.0 10.0 743717.1185000001
0.0 2.5 -10.0 11.25 0.7048000000000001
0.0 5.0 -10.0 11.25 0.2123
0.0 10.0 -10.0 11.25 0.09849999999999999
0.0 2.5 -7.5 11.25 0.7225
0.0 5.0 -7.5 11.25 -0.1037
0.0 7.5 -7.5 11.25 -0.4946
0.0 0.0 -5.0 11.25 -0.6918000000000001
0.0 2.5 -5.0 11.25 0.14170000000000005
0.0 5.0 -5.0 11.25 -0.1291
0.0 -5.0 -2.5 11.25 3.6989
0.0 -2.5 -2.5 11.25 87.5287
0.0 0.0 -2.5 11.25 57.9775
0.0 2.5 -2.5 11.25 -5.522
0.0 5.0 -2.5 11.25 -2.6889000000000003
0.0 -5.0 0.0 11.25 693905.0116000001
0.0 -2.5 0.0 11.25 9999999992.8171
0.0 0.0 0.0 11.25 31023495.921800002
0.0 2.5 0.0 11.25 13327.085000000001
0.0 0.0 2.5 11.25 539308837.4676
0.0 2.5 2.5 11.25 7159.925700000001
0.0 0.0 5.0 11.25 270856.56220000004
0.0 2.5 5.0 11.25 331299.9137
0.0 -2.5 -10.0 12.5 0.9792
0.0 2.5 -10.0 12.5 0.2537
0.0 5.0 -10.0 12.5 0.133
0.0 7.5 -10.0 12.5 0.1864
0.0 10.0 -10.0 12.5 0.0359
0.0 -5.0 -7.5 12.5 0.0593
0.0 0.0 -7.5 12.5 1.0411000000000001
0.0 2.5 -7.5 12.5 0.3897
0.0 5.0 -7.5 12.5 -0.2622
0.0 7.5 -7.5 12.5 -0.2293
0.0 10.0 -7.5 12.5 0.08
0.0 -2.5 -5.0 12.5 -0.2631
0.0 0.0 -5.0 12.5 0.18539999999999995
0.0 2.5 -5.0 12.5 -0.030700000000000033
0.0 5.0 -5.0 12.5 -0.5504
0.0 -2.5 -2.5 12.5 -2.4473
0.0 0.0 -2.5 12.5 -2.0935
0.0 2.5 -2.5 12.5 -2.3393
0.0 5.0 -2.5 12.5 -1.2437
0.0 -5.0 0.0 12.5 2276.7159
0.0 -2.5 0.0 12.5 43625.2957
0.0 0.0 0.0 12.5 3149.2626
0.0 2.5 0.0 12.5 -6.3835999999999995
0.0 5.0 0.0 12.5 -4.3258
0.0 -2.5 2.5 12.5 248469.7873
0.0 0.0 2.5 12.5 2376019.0895
0.0 2.5 2.5 12.5 28.3455
0.0 7.5 2.5 12.5 -2.7576
0.0 0.0 5.0 12.5 693.5326
0.0 2.5 5.0 12.5 1849.5543
0.0 5.0 5.0 12.5 -14.309999999999999
0.0 -2.5 -10.0 13.75 0.4133
0.0 0.0 -10.0 13.75 0.3333
0.0 2.5 -10.0 13.75 0.1844
0.0 5.0 -10.0 13.75 0.2142
0.0 7.5 -10.0 13.75 0.0518
0.0 10.0 -10.0 13.75 0.0007
0.0 -5.0 -7.5 13.75 -0.2347
0.0 -2.5 -7.5 13.75 0.5859
0.0 0.0 -7.5 13.75 0.5013
0.0 2.5 -7.5 13.75 -0.019299999999999998
0.0 5.0 -7.5 13.75 -0.2366
0.0 7.5 -7.5 13.75 0.10479999999999999
0.0 10.0 -7.5 13.75 0.0573
0.0 -2.5 -5.0 13.75 -0.4804
0.0 0.0 -5.0 13.75 -0.056400000000000006
0.0 2.5 -5.0 13.75 0.06840000000000002
0.0 5.0 -5.0 13.75 -0.4042
0.0 7.5 -5.0 13.75 -0.5133
0.0 -5.0 -2.5 13.75 -1.7678
0.0 -2.5 -2.5 13.75 -1.607
0.0 0.0 -2.5 13.75 -0.9498000000000001
0.0 2.5 -2.5 13.75 -0.8767
0.0 5.0 -2.5 13.75 -0.3054
0.0 7.5 -2.5 13.75 -0.6073999999999999
0.0 -5.0 0.0 13.75 2.5945
0.0 -2.5 0.0 13.75 184.8924
0.0 0.0 0.0 13.75 10.514800000000001
0.0 2.5 0.0 13.75 -2.9796
0.0 5.0 0.0 13.75 -1.3497
0.0 7.5 0.0 13.75 -0.5898
0.0 10.0 0.0 13.75 -0.4398
0.0 -5.0 2.5 13.75 -0.4150999999999998
0.0 -2.5 2.5 13.75 3.2517
0.0 0.0 2.5 13.75 74.80900000000001
0.0 2.5 2.5 13.75 -7.5106
0.0 5.0 2.5 13.75 -4.0384
0.0 7.5 2.5 13.75 -0.9
0.0 -2.5 5.0 13.75 -1.366
0.0 0.0 5.0 13.75 -6.196199999999999
0.0 2.5 5.0 13.75 -6.6991
0.0 5.0 5.0 13.75 -8.476
0.0 7.5 5.0 13.75 -2.5976999999999997
0.0 10.0 5.0 13.75 0.8291000000000001
0.0 -5.0 -10.0 15.0 0.0852
0.0 -2.5 -10.0 15.0 0.09090000000000001
0.0 0.0 -10.0 15.0 0.0535
0.0 2.5 -10.0 15.0 0.116
0.0 5.0 -10.0 15.0 0.0293
0.0 7.5 -10.0 15.0 0.0004
0.0 10.0 -10.0 15.0 0.0
0.0 -5.0 -7.5 15.0 -0.1173
0.0 -2.5 -7.5 15.0 0.389
0.0 0.0 -7.5 15.0 0.2695
0.0 2.5 -7.5 15.0 0.081
0.0 5.0 -7.5 15.0 0.16340000000000002
0.0 7.5 -7.5 15.0 0.0856
0.0 10.0 -7.5 15.0 0.0023
0.0 -5.0 -5.0 15.0 -1.1755
0.0 -2.5 -5.0 15.0 -0.01590000000000001
0.0 0.0 -5.0 15.0 0.38999999999999996
0.0 2.5 -5.0 15.0 0.23319999999999996
0.0 5.0 -5.0 15.0 -0.1817
0.0 7.5 -5.0 15.0 0.0188
0.0 10.0 -5.0 15.0 0.0155
0.0 -5.0 -2.5 15.0 -1.7046
0.0 -2.5 -2.5 15.0 -0.6212
0.0 0.0 -2.5 15.0 0.038500000000000034
0.0 2.5 -2.5 15.0 0.24680000000000002
0.0 5.0 -2.5 15.0 0.0744
0.0 7.5 -2.5 15.0 0.013599999999999994
0.0 10.0 -2.5 15.0 0.0791
0.0 -5.0 0.0 15.0 -1.0633
0.0 -2.5 0.0 15.0 -1.0824
0.0 0.0 0.0 15.0 -1.8605
0.0 2.5 0.0 15.0 -1.1672
0.0 5.0 0.0 15.0 -0.6504000000000001
0.0 7.5 0.0 15.0 0.03839999999999999
0.0 10.0 0.0 15.0 -0.0844
0.0 -5.0 2.5 15.0 1.5845999999999998
0.0 -2.5 2.5 15.0 -0.7763
0.0 0.0 2.5 15.0 -3.6566
0.0 2.5 2.5 15.0 -3.6692
0.0 5.0 2.5 15.0 -1.9748
0.0 7.5 2.5 15.0 -0.023800000000000043
0.0 10.0 2.5 15.0 0.0937
0.0 -5.0 5.0 15.0 4.4621
0.0 -2.5 5.0 15.0 -0.2574000000000001
0.0 0.0 5.0 15.0 -6.5553
0.0 2.5 5.0 15.0 -8.7893
0.0 5.0 5.0 15.0 -5.5847
0.0 7.5 5.0 15.0 -0.9189
0.0 10.0 5.0 15.0 0.3703
0.0 -5.0 -10.0 16.25 0.0487
0.0 -2.5 -10.0 16.25 0.059
0.0 0.0 -10.0 16.25 0.07110000000000001
0.0 2.5 -10.0 16.25 0.055099999999999996
0.0 5.0 -10.0 16.25 0.0025
0.0 7.5 -10.0 16.25 0.0
0.0 10.0 -10.0 16.25 0.0
0.0 -5.0 -7.5 16.25 0.1085
0.0 -2.5 -7.5 16.25 0.12499999999999999
0.0 0.0 -7.5 16.25 0.1311
0.0 2.5 -7.5 16.25 0.15300000000000002
0.0 5.0 -7.5 16.25 0.1338
0.0 7.5 -7.5 16.25 0.0234
0.0 10.0 -7.5 16.25 0.0
0.0 -5.0 -5.0 16.25 -0.4042
0.0 -2.5 -5.0 16.25 0.2907
0.0 0.0 -5.0 16.25 0.6697000000000001
0.0 2.5 -5.0 16.25 0.3334
0.0 5.0 -5.0 16.25 0.1401
0.0 7.5 -5.0 16.25 0.11349999999999999
0.0 10.0 -5.0 16.25 0.037
0.0 -5.0 -2.5 16.25 -0.8798
0.0 -2.5 -2.5 16.25 0.37889999999999996
0.0 0.0 -2.5 16.25 0.6612
0.0 2.5 -2.5 16.25 0.6781
0.0 5.0 -2.5 16.25 0.424
0.0 7.5 -2.5 16.25 0.2741
0.0 10.0 -2.5 16.25 0.11800000000000001
0.0 -5.0 0.0 16.25 -0.479
0.0 -2.5 0.0 16.25 -0.1508
0.0 0.0 0.0 16.25 0.43270000000000003
0.0 2.5 0.0 16.25 0.19980000000000003
0.0 5.0 0.0 16.25 0.42739999999999995
0.0 7.5 0.0 16.25 0.3623
0.0 10.0 0.0 16.25 0.13720000000000002
0.0 -5.0 2.5 16.25 1.3556
0.0 -2.5 2.5 16.25 0.08040000000000003
0.0 0.0 2.5 16.25 -1.8246
0.0 2.5 2.5 16.25 -2.1678
0.0 5.0 2.5 16.25 -0.4219
0.0 7.5 2.5 16.25 0.29009999999999997
0.0 10.0 2.5 16.25 0.03640000000000001
0.0 -5.0 5.0 16.25 3.835
0.0 -2.5 5.0 16.25 0.15460000000000007
0.0 0.0 5.0 16.25 -3.5625999999999998
0.0 2.5 5.0 16.25 -4.9732
0.0 5.0 5.0 16.25 -2.5246
0.0 7.5 5.0 16.25 -0.6740999999999999
0.0 10.0 5.0 16.25 0.3545
60.0 -5.0 -10.0 3.75 5.2465
60.0 -2.5 -10.0 3.75 6.5802
60.0 0.0 -10.0 3.75 7.5778
60.0 2.5 -10.0 3.75 6.3809000000000005
60.0 5.0 -10.0 3.75 4.1777
60.0 7.5 -10.0 3.75 2.1513
60.0 10.0 -10.0 3.75 0.5383
60.0 -5.0 -7.5 3.75 9.8682
60.0 -2.5 -7.5 3.75 9.619599999999998
60.0 0.0 -7.5 3.75 8.8337
60.0 2.5 -7.5 3.75 8.5418
60.0 5.0 -7.5 3.75 5.8185
60.0 7.5 -7.5 3.75 2.6058
60.0 10.0 -7.5 3.75 1.0063000000000002
60.0 -5.0 -5.0 3.75 6541331.991
60.0 -2.5 -5.0 3.75 102878.3284
60.0 0.0 -5.0 3.75 1377.487
60.0 2.5 -5.0 3.75 5.663600000000001
60.0 5.0 -5.0 3.75 3.288
60.0 7.5 -5.0 3.75 -0.05740000000000001
60.0 10.0 -5.0 3.75 -0.3271
60.0 -5.0 -2.5 3.75 89229606.3563
60.0 -2.5 -2.5 3.75 10000000025.1238
60.0 0.0 -2.5 3.75 5447306301.187
60.0 2.5 -2.5 3.75 100035115.4513
60.0 5.0 -2.5 3.75 272386.1711
60.0 7.5 -2.5 3.75 -1.1523
60.0 10.0 -2.5 3.75 -3.0793
60.0 -5.0 0.0 3.75 360598833.2261
60.0 -2.5 0.0 3.75 10000000075.3498
60.0 0.0 0.0 3.75 8813890627.0452
60.0 2.5 0.0 3.75 9999999941.671501
60.0 5.0 0.0 3.75 2298325.8124
60.0 7.5 0.0 3.75 252.04809999999998
60.0 10.0 0.0 3.75 -7.2973
60.0 -5.0 2.5 3.75 10000000338.318
60.0 -2.5 2.5 3.75 9999999982.592701
60.0 0.0 2.5 3.75 1833054260.2101002
60.0 2.5 2.5 3.75 9999999946.7376
60.0 5.0 2.5 3.75 1349151067.8222
60.0 7.5 2.5 3.75 371.18780000000004
60.0 10.0 2.5 3.75 -11.488900000000001
60.0 -5.0 5.0 3.75 9999999748.846102
60.0 -2.5 5.0 3.75 9999999861.4503
60.0 0.0 5.0 3.75 9999999874.530401
60.0 2.5 5.0 3.75 8670567778.065
60.0 5.0 5.0 3.75 9999999976.955
60.0 7.5 5.0 3.75 10000000037.149101
60.0 10.0 5.0 3.75 236.8577
60.0 0.0 -2.5 6.25 10248.544699999999
60.0 0.0 2.5 6.25 10000000009.002
60.0 5.0 -7.5 7.5 1.8683999999999998
60.0 0.0 -5.0 7.5 555.4753000000001
60.0 0.0 -2.5 7.5 92.80000000000001
60.0 -2.5 0.0 7.5 11634.8159
60.0 0.0 0.0 7.5 26287.8194
60.0 -2.5 2.5 7.5 24701563.3303
60.0 0.0 2.5 7.5 8341606470.2994995
60.0 0.0 -7.5 8.75 1.1425999999999998
60.0 0.0 -5.0 8.75 5.5378
60.0 2.5 -5.0 8.75 4.075
60.0 0.0 -2.5 8.75 14.3457
60.0 -2.5 0.0 8.75 1644.2774000000002
60.0 0.0 0.0 8.75 6020.2657
60.0 -2.5 2.5 8.75 3836494837.2454996
60.0 0.0 2.5 8.75 10000000044.964602
60.0 2.5 2.5 8.75 354096403.6646
60.0 -5.0 5.0 8.75 218526245.55530003
60.0 -2.5 5.0 8.75 228139009.98279998
60.0 0.0 5.0 8.75 196367377.2554
60.0 0.0 -10.0 10.0 -1.1570999999999998
60.0 0.0 -7.5 10.0 -0.11130000000000004
60.0 2.5 -7.5 10.0 0.46029999999999993
60.0 5.0 -7.5 10.0 0.9233
60.0 0.0 -5.0 10.0 2.6972000000000005
60.0 2.5 -5.0 10.0 3.4318
60.0 0.0 -2.5 10.0 10.9747
60.0 -2.5 0.0 10.0 1021452869.1946
60.0 0.0 0.0 10.0 1289005.1628
60.0 -5.0 2.5 10.0 10000000030.869902
60.0 -2.5 2.5 10.0 10000000007.6882
60.0 0.0 2.5 10.0 118833926.2766
60.0 2.5 2.5 10.0 300069187.9052
60.0 -2.5 5.0 10.0 10000000192.329401
60.0 0.0 5.0 10.0 147620862.3617
60.0 2.5 5.0 10.0 117315914.2404
60.0 0.0 -10.0 11.25 -1.6870999999999998
60.0 7.5 -10.0 11.25 -0.062200000000000005
60.0 10.0 -10.0 11.25 0.0028
60.0 -2.5 -7.5 11.25 -2.8179
60.0 0.0 -7.5 11.25 -0.8201999999999999
60.0 2.5 -7.5 11.25 -0.11359999999999999
60.0 5.0 -7.5 11.25 0.13499999999999998
60.0 7.5 -7.5 11.25 0.4356
60.0 10.0 -7.5 11.25 0.2149
60.0 0.0 -5.0 11.25 2.6093
60.0 2.5 -5.0 11.25 1.7694
60.0 0.0 -2.5 11.25 8.4351
60.0 -2.5 0.0 11.25 3588587.7544
60.0 0.0 0.0 11.25 345673269.5308
60.0 2.5 0.0 11.25 407.8739
60.0 -5.0 2.5 11.25 15583.0561
60.0 -2.5 2.5 11.25 7094169.5219
60.0 0.0 2.5 11.25 13303949.3169
60.0 2.5 2.5 11.25 138999241.01599997
60.0 -5.0 5.0 11.25 74789.43179999999
60.0 -2.5 5.0 11.25 6500.9475
60.0 0.0 5.0 11.25 473966.678
60.0 2.5 5.0 11.25 6365990178.496
60.0 5.0 5.0 11.25 -1.3772
60.0 0.0 -10.0 12.5 -2.0337
60.0 2.5 -10.0 12.5 -1.5352999999999999
60.0 5.0 -10.0 12.5 -0.5471
60.0 7.5 -10.0 12.5 -0.0277
60.0 10.0 -10.0 12.5 0.0
60.0 -2.5 -7.5 12.5 -2.6227
60.0 0.0 -7.5 12.5 -1.6139000000000001
60.0 2.5 -7.5 12.5 -0.8715
60.0 5.0 -7.5 12.5 -0.0824
60.0 7.5 -7.5 12.5 0.0487
60.0 10.0 -7.5 12.5 0.0406
60.0 -5.0 -5.0 12.5 -2.1936
60.0 -2.5 -5.0 12.5 0.21549999999999997
60.0 0.0 -5.0 12.5 1.5154999999999998
60.0 2.5 -5.0 12.5 0.5954999999999999
60.0 -2.5 -2.5 12.5 6.0711
60.0 0.0 -2.5 12.5 6.1715
60.0 5.0 -2.5 12.5 1.6384999999999998
60.0 -5.0 0.0 12.5 10.0344
60.0 -2.5 0.0 12.5 3424.6044
60.0 0.0 0.0 12.5 5420.6251999999995
60.0 2.5 0.0 12.5 11.259699999999999
60.0 -5.0 2.5 12.5 44.8424
60.0 -2.5 2.5 12.5 871931.7633999999
60.0 0.0 2.5 12.5 96104.82179999999
60.0 2.5 2.5 12.5 52918.8683
60.0 -5.0 5.0 12.5 6279.2439
60.0 -2.5 5.0 12.5 28.9056
60.0 0.0 5.0 12.5 197.4473
60.0 2.5 5.0 12.5 18769.4876
60.0 5.0 5.0 12.5 -5.8895
60.0 -2.5 -10.0 13.75 -2.4445
60.0 0.0 -10.0 13.75 -2.0885
60.0 2.5 -10.0 13.75 -1.2537
60.0 5.0 -10.0 13.75 -0.2623
60.0 7.5 -10.0 13.75 0.0
60.0 10.0 -10.0 13.75 0.0
60.0 -2.5 -7.5 13.75 -2.5925000000000002
60.0 0.0 -7.5 13.75 -2.0755999999999997
60.0 2.5 -7.5 13.75 -1.1375
60.0 5.0 -7.5 13.75 -0.4092
60.0 7.5 -7.5 13.75 -0.0123
60.0 10.0 -7.5 13.75 0.0005
60.0 -5.0 -5.0 13.75 -1.874
60.0 -2.5 -5.0 13.75 -0.6846
60.0 0.0 -5.0 13.75 -0.2416
60.0 2.5 -5.0 13.75 -0.5278
60.0 5.0 -5.0 13.75 -0.3019
60.0 7.5 -5.0 13.75 0.1033
60.0 10.0 -5.0 13.75 0.0924
60.0 -5.0 -2.5 13.75 1.2705
60.0 -2.5 -2.5 13.75 4.2538
60.0 0.0 -2.5 13.75 4.0123
60.0 2.5 -2.5 13.75 2.8601
60.0 5.0 -2.5 13.75 1.1399
60.0 7.5 -2.5 13.75 0.018300000000000004
60.0 -5.0 0.0 13.75 3.1033999999999997
60.0 -2.5 0.0 13.75 11.855599999999999
60.0 0.0 0.0 13.75 47.79559999999999
60.0 2.5 0.0 13.75 4.2191
60.0 5.0 0.0 13.75 2.1661
60.0 -5.0 2.5 13.75 7.2086
60.0 -2.5 2.5 13.75 15.547699999999999
60.0 0.0 2.5 13.75 68.112
60.0 2.5 2.5 13.75 5.2842
60.0 -5.0 5.0 13.75 22.1428
60.0 -2.5 5.0 13.75 6.829599999999999
60.0 0.0 5.0 13.75 2.9411999999999994
60.0 2.5 5.0 13.75 -0.05210000000000026
60.0 5.0 5.0 13.75 -1.2450999999999999
60.0 -5.0 -10.0 15.0 -1.7907
60.0 -2.5 -10.0 15.0 -1.9149
60.0 0.0 -10.0 15.0 -1.4576
60.0 2.5 -10.0 15.0 -0.5378999999999999
60.0 5.0 -10.0 15.0 -0.0231
60.0 7.5 -10.0 15.0 0.0
60.0 10.0 -10.0 15.0 0.0
60.0 -5.0 -7.5 15.0 -2.6031
60.0 -2.5 -7.5 15.0 -2.5792
60.0 0.0 -7.5 15.0 -2.0660000000000003
60.0 2.5 -7.5 15.0 -1.1265999999999998
60.0 5.0 -7.5 15.0 -0.22160000000000002
60.0 7.5 -7.5 15.0 0.024
60.0 10.0 -7.5 15.0 0.0
60.0 -5.0 -5.0 15.0 -1.8745999999999998
60.0 -2.5 -5.0 15.0 -1.5174
60.0 0.0 -5.0 15.0 -1.3106
60.0 2.5 -5.0 15.0 -0.9101
60.0 5.0 -5.0 15.0 -0.38549999999999995
60.0 7.5 -5.0 15.0 0.1119
60.0 10.0 -5.0 15.0 0.0353
60.0 -5.0 -2.5 15.0 0.265
60.0 -2.5 -2.5 15.0 1.9463
60.0 0.0 -2.5 15.0 2.3415
60.0 2.5 -2.5 15.0 1.3819
60.0 5.0 -2.5 15.0 0.1497
60.0 7.5 -2.5 15.0 -0.2247
60.0 10.0 -2.5 15.0 0.0412
60.0 -5.0 0.0 15.0 2.8462
60.0 -2.5 0.0 15.0 5.5927
60.0 0.0 0.0 15.0 5.292
60.0 2.5 0.0 15.0 3.4506999999999994
60.0 5.0 0.0 15.0 1.7700999999999998
60.0 7.5 0.0 15.0 0.6503
60.0 10.0 0.0 15.0 0.14079999999999998
60.0 -5.0 2.5 15.0 6.9385
60.0 -2.5 2.5 15.0 8.288699999999999
60.0 0.0 2.5 15.0 7.4353
60.0 2.5 2.5 15.0 3.8211
60.0 5.0 2.5 15.0 1.5740999999999998
60.0 7.5 2.5 15.0 0.4176
60.0 10.0 2.5 15.0 0.379
60.0 -5.0 5.0 15.0 6.4498
60.0 -2.5 5.0 15.0 5.8041
60.0 0.0 5.0 15.0 3.6053999999999995
60.0 2.5 5.0 15.0 1.3599
60.0 5.0 5.0 15.0 -0.38349999999999995
60.0 -5.0 -10.0 16.25 -1.0752
60.0 -2.5 -10.0 16.25 -1.1214
60.0 0.0 -10.0 16.25 -0.6604
60.0 2.5 -10.0 16.25 -0.0778
60.0 5.0 -10.0 16.25 0.0
60.0 7.5 -10.0 16.25 0.0
60.0 10.0 -10.0 16.25 0.0
60.0 -5.0 -7.5 16.25 -1.881
60.0 -2.5 -7.5 16.25 -1.9851999999999999
60.0 0.0 -7.5 16.25 -1.3311
60.0 2.5 -7.5 16.25 -0.38789999999999997
60.0 5.0 -7.5 16.25 0.0578
60.0 7.5 -7.5 16.25 0.0061
60.0 10.0 -7.5 16.25 0.0
60.0 -5.0 -5.0 16.25 -1.7305000000000001
60.0 -2.5 -5.0 16.25 -1.5519
60.0 0.0 -5.0 16.25 -1.2462
60.0 2.5 -5.0 16.25 -0.8372
60.0 5.0 -5.0 16.25 -0.1069
60.0 7.5 -5.0 16.25 0.09330000000000001
60.0 10.0 -5.0 16.25 0.0151
60.0 -5.0 -2.5 16.25 -0.0005000000000000004
60.0 -2.5 -2.5 16.25 0.6076
60.0 0.0 -2.5 16.25 0.7924
60.0 2.5 -2.5 16.25 0.3589
60.0 5.0 -2.5 16.25 -0.3751
60.0 7.5 -2.5 16.25 -0.0667
60.0 10.0 -2.5 16.25 0.0482
60.0 -5.0 0.0 16.25 2.4992
60.0 -2.5 0.0 16.25 4.286300000000001
60.0 0.0 0.0 16.25 4.1468
60.0 2.5 0.0 16.25 2.4109000000000003
60.0 5.0 0.0 16.25 0.8204
60.0 7.5 0.0 16.25 0.157
60.0 10.0 0.0 16.25 0.0639
60.0 -5.0 2.5 16.25 4.716
60.0 -2.5 2.5 16.25 6.2625
60.0 0.0 2.5 16.25 5.2702
60.0 2.5 2.5 16.25 3.1984000000000004
60.0 5.0 2.5 16.25 1.3412000000000002
60.0 7.5 2.5 16.25 0.7368
60.0 10.0 2.5 16.25 0.22820000000000001
60.0 -5.0 5.0 16.25 4.9849
60.0 -2.5 5.0 16.25 4.8281
60.0 0.0 5.0 16.25 3.2492
60.0 2.5 5.0 16.25 1.9222
60.0 5.0 5.0 16.25 0.9752
60.0 7.5 5.0 16.25 0.3356
60.0 10.0 5.0 16.25 -0.09
120.0 -5.0 -10.0 3.75 0.08369999999999997
120.0 -2.5 -10.0 3.75 0.5204
120.0 0.0 -10.0 3.75 1.3511
120.0 2.5 -10.0 3.75 2.4088
120.0 5.0 -10.0 3.75 3.2419
120.0 7.5 -10.0 3.75 3.1046
120.0 10.0 -10.0 3.75 2.145
120.0 -5.0 -7.5 3.75 -0.9667999999999999
120.0 -2.5 -7.5 3.75 -0.11939999999999995
120.0 0.0 -7.5 3.75 1.4757000000000002
120.0 2.5 -7.5 3.75 3.8679
120.0 5.0 -7.5 3.75 5.6533
120.0 7.5 -7.5 3.75 6.7703
120.0 10.0 -7.5 3.75 5.2981
120.0 -5.0 -5.0 3.75 -5.7821
120.0 -2.5 -5.0 3.75 1737.1203
120.0 0.0 -5.0 3.75 112.0481
120.0 2.5 -5.0 3.75 29.8538
120.0 5.0 -5.0 3.75 7.5821000000000005
120.0 7.5 -5.0 3.75 8.4117
120.0 10.0 -5.0 3.75 7.922300000000001
120.0 -5.0 -2.5 3.75 2753266.8949
120.0 -2.5 -2.5 3.75 9999999876.526001
120.0 0.0 -2.5 3.75 10000000044.8209
120.0 2.5 -2.5 3.75 50056722.2508
120.0 5.0 -2.5 3.75 23092969.007799998
120.0 7.5 -2.5 3.75 5183.327
120.0 10.0 -2.5 3.75 5.2715
120.0 -5.0 0.0 3.75 92935594.45680001
120.0 -2.5 0.0 3.75 676353686.6996
120.0 0.0 0.0 3.75 3159455278.6687
120.0 2.5 0.0 3.75 209217599.90670002
120.0 5.0 0.0 3.75 173355328.57840002
120.0 7.5 0.0 3.75 23594499.5972
120.0 10.0 0.0 3.75 -11.5433
120.0 -5.0 2.5 3.75 3630929443.2511
120.0 -2.5 2.5 3.75 9999999945.9085
120.0 0.0 2.5 3.75 10000000089.5869
120.0 2.5 2.5 3.75 537849677.5583
120.0 5.0 2.5 3.75 144009986.7802
120.0 7.5 2.5 3.75 505807.90520000004
120.0 10.0 2.5 3.75 -32.928
120.0 -5.0 5.0 3.75 10000000081.779701
120.0 -2.5 5.0 3.75 9999999994.915602
120.0 0.0 5.0 3.75 9999999973.4496
120.0 2.5 5.0 3.75 10000000112.634401
120.0 5.0 5.0 3.75 9999999999.3894
120.0 7.5 5.0 3.75 6761586.0313
120.0 10.0 5.0 3.75 -37.9332
120.0 -2.5 0.0 5.0 227737713.7562
120.0 -2.5 2.5 5.0 7495014.5712
120.0 0.0 -2.5 6.25 51601.8957
120.0 -2.5 0.0 6.25 9999999958.8745
120.0 -2.5 2.5 6.25 1608781.5236
120.0 -2.5 5.0 6.25 9999999901.1149
120.0 0.0 -7.5 7.5 0.7394999999999999
120.0 -2.5 -5.0 7.5 5.651299999999999
120.0 0.0 -5.0 7.5 0.9907999999999997
120.0 -2.5 -2.5 7.5 9458153.9437
120.0 0.0 -2.5 7.5 11020.55
120.0 -2.5 0.0 7.5 8627218.9157
120.0 -2.5 2.5 7.5 5103027208.6795
120.0 0.0 2.5 7.5 614122216.6840999
120.0 -2.5 5.0 7.5 10000000011.900002
120.0 0.0 -7.5 8.75 -0.8522
120.0 -2.5 -5.0 8.75 15.5673
120.0 0.0 -5.0 8.75 -4.3368
120.0 2.5 -5.0 8.75 -11.738299999999999
120.0 -2.5 -2.5 8.75 165929242.56379998
120.0 0.0 -2.5 8.75 18766.8689
120.0 -2.5 0.0 8.75 1104106424.4773998
120.0 0.0 0.0 8.75 9307629.170599999
120.0 -2.5 2.5 8.75 9999999915.5436
120.0 0.0 2.5 8.75 5305177.661900001
120.0 -5.0 5.0 8.75 4370779365.2935
120.0 -2.5 5.0 8.75 191890136.5398
120.0 0.0 -7.5 10.0 -2.0313
120.0 2.5 -7.5 10.0 -2.3360000000000003
120.0 -2.5 -5.0 10.0 1.5356999999999998
120.0 0.0 -5.0 10.0 -4.7718
120.0 2.5 -5.0 10.0 -7.4441
120.0 -2.5 -2.5 10.0 25338770.6638
120.0 0.0 -2.5 10.0 40.4609
120.0 -2.5 0.0 10.0 76897871.6364
120.0 0.0 0.0 10.0 177041324.1126
120.0 -2.5 2.5 10.0 10000000031.1895
120.0 0.0 2.5 10.0 7644427622.2374
120.0 2.5 2.5 10.0 104786.0891
120.0 -5.0 5.0 10.0 71427910.4432
120.0 -2.5 5.0 10.0 137816194.5391
120.0 0.0 5.0 10.0 10000000035.8026
120.0 0.0 -10.0 11.25 -1.2465000000000002
120.0 2.5 -10.0 11.25 -1.7809000000000001
120.0 5.0 -10.0 11.25 -1.5428
120.0 7.5 -10.0 11.25 -1.1794
120.0 0.0 -7.5 11.25 -2.3493999999999997
120.0 2.5 -7.5 11.25 -2.7613
120.0 5.0 -7.5 11.25 -3.1018
120.0 -2.5 -5.0 11.25 -3.8451000000000004
120.0 0.0 -5.0 11.25 -4.090199999999999
120.0 2.5 -5.0 11.25 -4.2851
120.0 -5.0 -2.5 11.25 674.0238
120.0 -2.5 -2.5 11.25 506.26370000000003
120.0 0.0 -2.5 11.25 -5.3359000000000005
120.0 -5.0 0.0 11.25 1951.055
120.0 -2.5 0.0 11.25 225651.32270000002
120.0 0.0 0.0 11.25 2062.7586
120.0 2.5 0.0 11.25 3.3756999999999993
120.0 5.0 0.0 11.25 9.259799999999998
120.0 -5.0 2.5 11.25 6686257.8662
120.0 -2.5 2.5 11.25 15610057.5298
120.0 0.0 2.5 11.25 410849.69049999997
120.0 2.5 2.5 11.25 606.6873
120.0 -5.0 5.0 11.25 93090779.61050001
120.0 -2.5 5.0 11.25 1875205.2297
120.0 0.0 5.0 11.25 37779818.946899995
120.0 2.5 5.0 11.25 884409.9433
120.0 -5.0 -10.0 12.5 -0.1359
120.0 0.0 -10.0 12.5 -1.2382
120.0 2.5 -10.0 12.5 -1.6268
120.0 5.0 -10.0 12.5 -1.3332
120.0 7.5 -10.0 12.5 -0.9730000000000001
120.0 10.0 -10.0 12.5 -0.4178
120.0 -2.5 -7.5 12.5 -1.5108
120.0 0.0 -7.5 12.5 -2.3466
120.0 2.5 -7.5 12.5 -3.0065
120.0 5.0 -7.5 12.5 -2.6794
120.0 -2.5 -5.0 12.5 -3.5535
120.0 0.0 -5.0 12.5 -3.4702
120.0 2.5 -5.0 12.5 -3.3967
120.0 -5.0 -2.5 12.5 -5.753
120.0 -2.5 -2.5 12.5 -7.2529
120.0 0.0 -2.5 12.5 -4.8937
120.0 -5.0 0.0 12.5 19.4328
120.0 -2.5 0.0 12.5 145.7511
120.0 0.0 0.0 12.5 -1.8745
120.0 2.5 0.0 12.5 3.5789999999999997
120.0 5.0 0.0 12.5 6.7701
120.0 -5.0 2.5 12.5 5414.3412
120.0 -2.5 2.5 12.5 7279.633400000001
120.0 0.0 2.5 12.5 86410.2796
120.0 2.5 2.5 12.5 30.286
120.0 5.0 2.5 12.5 11.950399999999998
120.0 -5.0 5.0 12.5 86.2027
120.0 -2.5 5.0 12.5 1958.2107
120.0 0.0 5.0 12.5 65925.74690000001
120.0 2.5 5.0 12.5 23603.82
120.0 5.0 5.0 12.5 12.092500000000001
120.0 7.5 5.0 12.5 43.2893
120.0 -5.0 -10.0 13.75 0.0576
120.0 -2.5 -10.0 13.75 -0.3566
120.0 0.0 -10.0 13.75 -0.893
120.0 2.5 -10.0 13.75 -1.0068
120.0 5.0 -10.0 13.75 -0.9719
120.0 7.5 -10.0 13.75 -0.7269
120.0 10.0 -10.0 13.75 -0.1654
120.0 -2.5 -7.5 13.75 -1.0542
120.0 0.0 -7.5 13.75 -2.0442
120.0 2.5 -7.5 13.75 -2.8775999999999997
120.0 5.0 -7.5 13.75 -2.3329999999999997
120.0 7.5 -7.5 13.75 -1.6027
120.0 10.0 -7.5 13.75 -0.8599
120.0 -5.0 -5.0 13.75 -1.124
120.0 -2.5 -5.0 13.75 -2.3562
120.0 0.0 -5.0 13.75 -3.0042
120.0 2.5 -5.0 13.75 -2.9337999999999997
120.0 -5.0 -2.5 13.75 -4.0845
120.0 -2.5 -2.5 13.75 -5.6394
120.0 0.0 -2.5 13.75 -3.7076000000000002
120.0 2.5 -2.5 13.75 -1.3772
120.0 -5.0 0.0 13.75 -5.418
120.0 -2.5 0.0 13.75 -6.6604
120.0 0.0 0.0 13.75 -1.5878
120.0 2.5 0.0 13.75 2.3321000000000005
120.0 -5.0 2.5 13.75 3.3613
120.0 -2.5 2.5 13.75 9.6176
120.0 0.0 2.5 13.75 84.9661
120.0 2.5 2.5 13.75 6.746099999999999
120.0 5.0 2.5 13.75 8.4621
120.0 7.5 2.5 13.75 6.357200000000001
120.0 -5.0 5.0 13.75 -12.1662
120.0 -2.5 5.0 13.75 314.11220000000003
120.0 0.0 5.0 13.75 1968.8783999999998
120.0 2.5 5.0 13.75 4.9196
120.0 5.0 5.0 13.75 9.6243
120.0 7.5 5.0 13.75 9.142
120.0 -5.0 -10.0 15.0 0.1167
120.0 -2.5 -10.0 15.0 -0.219
120.0 0.0 -10.0 15.0 -0.46230000000000004
120.0 2.5 -10.0 15.0 -0.5714
120.0 5.0 -10.0 15.0 -0.6727
120.0 7.5 -10.0 15.0 -0.3634
120.0 10.0 -10.0 15.0 -0.0241
120.0 -5.0 -7.5 15.0 -0.0209
120.0 -2.5 -7.5 15.0 -0.6133
120.0 0.0 -7.5 15.0 -1.603
120.0 2.5 -7.5 15.0 -2.0515
120.0 5.0 -7.5 15.0 -1.7003
120.0 7.5 -7.5 15.0 -1.1259000000000001
120.0 10.0 -7.5 15.0 -0.3623
120.0 -5.0 -5.0 15.0 -0.6969000000000001
120.0 -2.5 -5.0 15.0 -1.6308
120.0 0.0 -5.0 15.0 -2.3634
120.0 2.5 -5.0 15.0 -2.7401
120.0 5.0 -5.0 15.0 -2.3123
120.0 7.5 -5.0 15.0 -1.6743999999999999
120.0 10.0 -5.0 15.0 -0.781
120.0 -5.0 -2.5 15.0 -1.4751
120.0 -2.5 -2.5 15.0 -2.468
120.0 0.0 -2.5 15.0 -2.2254
120.0 2.5 -2.5 15.0 -1.957
120.0 5.0 -2.5 15.0 -1.7444
120.0 7.5 -2.5 15.0 -1.0452000000000001
120.0 10.0 -2.5 15.0 -0.7852
120.0 -5.0 0.0 15.0 -2.1076
120.0 -2.5 0.0 15.0 -2.623
120.0 0.0 0.0 15.0 -1.1293
120.0 2.5 0.0 15.0 1.0228
120.0 5.0 0.0 15.0 1.6061999999999999
120.0 10.0 0.0 15.0 0.5426
120.0 -5.0 2.5 15.0 -2.206
120.0 -2.5 2.5 15.0 -1.4686000000000001
120.0 0.0 2.5 15.0 1.0324
120.0 2.5 2.5 15.0 3.9248000000000003
120.0 5.0 2.5 15.0 5.4799
120.0 7.5 2.5 15.0 4.5647
120.0 10.0 2.5 15.0 2.613
120.0 -5.0 5.0 15.0 -5.929
120.0 -2.5 5.0 15.0 1.2809
120.0 0.0 5.0 15.0 43.8549
120.0 2.5 5.0 15.0 3.1804
120.0 5.0 5.0 15.0 7.1339
120.0 7.5 5.0 15.0 7.2261999999999995
120.0 10.0 5.0 15.0 4.876200000000001
120.0 -5.0 -10.0 16.25 0.08940000000000001
120.0 -2.5 -10.0 16.25 0.016
120.0 0.0 -10.0 16.25 -0.2596
120.0 2.5 -10.0 16.25 -0.3735
120.0 5.0 -10.0 16.25 -0.2848
120.0 7.5 -10.0 16.25 -0.0314
120.0 10.0 -10.0 16.25 0.0
120.0 -5.0 -7.5 16.25 0.035100000000000006
120.0 -2.5 -7.5 16.25 -0.40059999999999996
120.0 0.0 -7.5 16.25 -0.9476
120.0 2.5 -7.5 16.25 -1.0554
120.0 5.0 -7.5 16.25 -0.9429
120.0 7.5 -7.5 16.25 -0.5561999999999999
120.0 10.0 -7.5 16.25 -0.0764
120.0 -5.0 -5.0 16.25 -0.061
120.0 -2.5 -5.0 16.25 -0.6594000000000001
120.0 0.0 -5.0 16.25 -1.3901000000000001
120.0 2.5 -5.0 16.25 -1.9599
120.0 5.0 -5.0 16.25 -1.7725
120.0 7.5 -5.0 16.25 -1.1005
120.0 10.0 -5.0 16.25 -0.2851
120.0 -5.0 -2.5 16.25 -0.1726
120.0 -2.5 -2.5 16.25 -0.9283
120.0 0.0 -2.5 16.25 -1.2338
120.0 2.5 -2.5 16.25 -1.5551
120.0 5.0 -2.5 16.25 -1.5177
120.0 7.5 -2.5 16.25 -0.9877
120.0 10.0 -2.5 16.25 -0.5356
120.0 -5.0 0.0 16.25 0.1225
120.0 -2.5 0.0 16.25 -0.572
120.0 0.0 0.0 16.25 -0.3882
120.0 2.5 0.0 16.25 0.1544
120.0 5.0 0.0 16.25 -0.1658
120.0 7.5 0.0 16.25 0.0372
120.0 10.0 0.0 16.25 0.1883
120.0 -5.0 2.5 16.25 -0.22639999999999993
120.0 -2.5 2.5 16.25 0.23450000000000015
120.0 0.0 2.5 16.25 1.4425
120.0 2.5 2.5 16.25 2.3443
120.0 5.0 2.5 16.25 3.2701000000000002
120.0 7.5 2.5 16.25 2.8068
120.0 10.0 2.5 16.25 1.3705
120.0 -5.0 5.0 16.25 -3.2372
120.0 -2.5 5.0 16.25 -2.5528
120.0 0.0 5.0 16.25 0.20650000000000013
120.0 2.5 5.0 16.25 3.1284
120.0 5.0 5.0 16.25 5.222700000000001
120.0 7.5 5.0 16.25 4.7031
120.0 10.0 5.0 16.25 2.7781
180.0 -5.0 -10.0 3.75 0.24309999999999998
180.0 -2.5 -10.0 3.75 0.22390000000000002
180.0 0.0 -10.0 3.75 0.2548
180.0 2.5 -10.0 3.75 0.3305
180.0 5.0 -10.0 3.75 0.15560000000000002
180.0 7.5 -10.0 3.75 -0.041499999999999995
180.0 10.0 -10.0 3.75 -0.2489
180.0 -5.0 -7.5 3.75 0.3617
180.0 -2.5 -7.5 3.75 -0.7901
180.0 0.0 -7.5 3.75 -1.7650000000000001
180.0 2.5 -7.5 3.75 -1.1436
180.0 5.0 -7.5 3.75 -0.7885
180.0 7.5 -7.5 3.75 -0.3747
180.0 10.0 -7.5 3.75 -0.25470000000000004
180.0 -5.0 -5.0 3.75 -1.2611000000000008
180.0 -2.5 -5.0 3.75 -3.6625000000000005
180.0 0.0 -5.0 3.75 -3.119200000000001
180.0 2.5 -5.0 3.75 -7.4709
180.0 5.0 -5.0 3.75 -3.1492
180.0 7.5 -5.0 3.75 -0.3227
180.0 10.0 -5.0 3.75 0.53
180.0 -5.0 -2.5 3.75 264225.4478
180.0 -2.5 -2.5 3.75 24834362.0436
180.0 0.0 -2.5 3.75 1891597.8184999998
180.0 2.5 -2.5 3.75 1101.5286
180.0 5.0 -2.5 3.75 83.3416
180.0 7.5 -2.5 3.75 -1.1667
180.0 10.0 -2.5 3.75 2.2401999999999997
180.0 -5.0 0.0 3.75 185424510.6903
180.0 -2.5 0.0 3.75 276462429.9651
180.0 0.0 0.0 3.75 9999999965.2145
180.0 2.5 0.0 3.75 9744756.6735
180.0 5.0 0.0 3.75 214647.3964
180.0 7.5 0.0 3.75 160064.779
180.0 10.0 0.0 3.75 7.477399999999999
180.0 -5.0 2.5 3.75 9999999387.301102
180.0 -2.5 2.5 3.75 9999999800.4561
180.0 0.0 2.5 3.75 1413429312.067
180.0 2.5 2.5 3.75 9999999927.288101
180.0 5.0 2.5 3.75 10000000109.1425
180.0 7.5 2.5 3.75 36778891.091199994
180.0 10.0 2.5 3.75 4.507
180.0 -5.0 5.0 3.75 9999999817.3398
180.0 -2.5 5.0 3.75 9999999973.8904
180.0 0.0 5.0 3.75 9999999943.8043
180.0 2.5 5.0 3.75 10000000013.598902
180.0 5.0 5.0 3.75 10000000124.0123
180.0 7.5 5.0 3.75 70773209.6134
180.0 10.0 5.0 3.75 77.77250000000001
180.0 -2.5 2.5 5.0 1561607393.2311
180.0 -2.5 -2.5 6.25 6222573.906900001
180.0 -2.5 0.0 6.25 145337839.7806
180.0 -2.5 -2.5 7.5 47902.4934
180.0 -2.5 0.0 7.5 2374402932.7036
180.0 -2.5 2.5 7.5 5409862051.057699
180.0 0.0 2.5 7.5 10000000206.3773
180.0 2.5 2.5 7.5 1646056245.7719
180.0 2.5 -10.0 8.75 -0.1847
180.0 -2.5 -7.5 8.75 -1.3971
180.0 2.5 -7.5 8.75 -0.9626
180.0 5.0 -7.5 8.75 -0.5854
180.0 -5.0 -5.0 8.75 359.96549999999996
180.0 -2.5 -5.0 8.75 19.9893
180.0 -5.0 -2.5 8.75 10698530.7866
180.0 -2.5 -2.5 8.75 10000000049.474602
180.0 0.0 -2.5 8.75 291288889.135
180.0 -5.0 0.0 8.75 9999999989.414701
180.0 -2.5 0.0 8.75 343974071.85830003
180.0 0.0 0.0 8.75 4187894330.8903003
180.0 -5.0 2.5 8.75 150811914.33400002
180.0 -2.5 2.5 8.75 571380485.3822
180.0 0.0 2.5 8.75 10000000072.527601
180.0 2.5 2.5 8.75 604954.9274
180.0 0.0 5.0 8.75 9999999975.8631
180.0 2.5 5.0 8.75 9999999768.2661
180.0 2.5 -10.0 10.0 -0.0294
180.0 -2.5 -7.5 10.0 -1.7125
180.0 0.0 -7.5 10.0 -1.0452
180.0 2.5 -7.5 10.0 -0.6963999999999999
180.0 5.0 -7.5 10.0 -0.3439
180.0 -5.0 -5.0 10.0 65.6307
180.0 -2.5 -5.0 10.0 6.127400000000001
180.0 0.0 -5.0 10.0 2.7801
180.0 -5.0 -2.5 10.0 1778541358.4402
180.0 -2.5 -2.5 10.0 244582419.9947
180.0 0.0 -2.5 10.0 479242062.1001
180.0 -5.0 0.0 10.0 593263.3777
180.0 -2.5 0.0 10.0 16057151.4991
180.0 0.0 0.0 10.0 16848666.5189
180.0 -5.0 2.5 10.0 36688008.1946
180.0 -2.5 2.5 10.0 664842711.301
180.0 0.0 2.5 10.0 4148057.7676999997
180.0 2.5 2.5 10.0 68861.5625
180.0 -2.5 5.0 10.0 10000000009.258501
180.0 0.0 5.0 10.0 10000000015.9845
180.0 2.5 5.0 10.0 421496791.6008
180.0 5.0 5.0 10.0 13342166.933
180.0 -2.5 -10.0 11.25 -0.2349
180.0 2.5 -10.0 11.25 0.0436
180.0 5.0 -10.0 11.25 0.0414
180.0 -2.5 -7.5 11.25 -1.6242999999999999
180.0 0.0 -7.5 11.25 -0.5683
180.0 2.5 -7.5 11.25 -0.327
180.0 5.0 -7.5 11.25 -0.2872
180.0 -5.0 -5.0 11.25 -8.3341
180.0 -2.5 -5.0 11.25 -6.4053
180.0 0.0 -5.0 11.25 -2.6909
180.0 -5.0 -2.5 11.25 132255224.3907
180.0 -2.5 -2.5 11.25 1888899.7565000001
180.0 0.0 -2.5 11.25 104028.7253
180.0 -5.0 0.0 11.25 2408.7205000000004
180.0 -2.5 0.0 11.25 757733.7671
180.0 0.0 0.0 11.25 38188.651600000005
180.0 -5.0 2.5 11.25 9999999937.2497
180.0 -2.5 2.5 11.25 107765468.0888
180.0 0.0 2.5 11.25 134632.1103
180.0 2.5 2.5 11.25 303.7405
180.0 -5.0 5.0 11.25 87580676.3425
180.0 -2.5 5.0 11.25 9999999868.8414
180.0 0.0 5.0 11.25 5880715682.6089
180.0 2.5 5.0 11.25 679823.3683
180.0 5.0 5.0 11.25 2900492252.6475
180.0 7.5 5.0 11.25 9.6634
180.0 -2.5 -10.0 12.5 -0.1911
180.0 0.0 -10.0 12.5 -0.0637
180.0 2.5 -10.0 12.5 -0.1156
180.0 5.0 -10.0 12.5 0.128
180.0 7.5 -10.0 12.5 0.0767
180.0 -2.5 -7.5 12.5 -0.6381
180.0 0.0 -7.5 12.5 -0.12459999999999999
180.0 2.5 -7.5 12.5 0.039599999999999996
180.0 5.0 -7.5 12.5 -0.05550000000000001
180.0 -5.0 -5.0 12.5 -1.5304
180.0 -2.5 -5.0 12.5 -2.3775
180.0 0.0 -5.0 12.5 -1.2335
180.0 2.5 -5.0 12.5 -1.2111999999999998
180.0 5.0 -5.0 12.5 -0.7798
180.0 -5.0 -2.5 12.5 43823.598099999996
180.0 -2.5 -2.5 12.5 384471.8753
180.0 0.0 -2.5 12.5 -0.5806
180.0 2.5 -2.5 12.5 38.6258
180.0 5.0 -2.5 12.5 -3.3728999999999996
180.0 -5.0 0.0 12.5 4.709
180.0 -2.5 0.0 12.5 98.8364
180.0 0.0 0.0 12.5 66.33749999999999
180.0 2.5 0.0 12.5 -6.5299
180.0 -5.0 2.5 12.5 112859.11940000001
180.0 -2.5 2.5 12.5 9999999999.926601
180.0 0.0 2.5 12.5 3535.5946
180.0 2.5 2.5 12.5 -10.5369
180.0 5.0 2.5 12.5 -5.6404
180.0 -5.0 5.0 12.5 987.8463999999999
180.0 -2.5 5.0 12.5 3644992.3533
180.0 0.0 5.0 12.5 14339225.0819
180.0 2.5 5.0 12.5 308.22860000000003
180.0 5.0 5.0 12.5 139297285.83049998
180.0 7.5 5.0 12.5 0.2250000000000001
180.0 10.0 5.0 12.5 -0.39930000000000004
180.0 -5.0 -10.0 13.75 -0.3127
180.0 -2.5 -10.0 13.75 -0.23020000000000002
180.0 0.0 -10.0 13.75 -0.1963
180.0 2.5 -10.0 13.75 -0.0623
180.0 5.0 -10.0 13.75 0.1257
180.0 7.5 -10.0 13.75 0.061500000000000006
180.0 -5.0 -7.5 13.75 -0.1648
180.0 -2.5 -7.5 13.75 -0.021900000000000003
180.0 0.0 -7.5 13.75 0.30300000000000005
180.0 2.5 -7.5 13.75 0.3352
180.0 5.0 -7.5 13.75 0.1137
180.0 10.0 -7.5 13.75 0.0657
180.0 -5.0 -5.0 13.75 1.3978000000000002
180.0 -2.5 -5.0 13.75 0.10509999999999997
180.0 0.0 -5.0 13.75 -0.10840000000000005
180.0 2.5 -5.0 13.75 -0.2752
180.0 5.0 -5.0 13.75 -0.33640000000000003
180.0 -5.0 -2.5 13.75 4.0672999999999995
180.0 -2.5 -2.5 13.75 46.9083
180.0 0.0 -2.5 13.75 -2.4967
180.0 2.5 -2.5 13.75 -2.1712
180.0 5.0 -2.5 13.75 -2.1489000000000003
180.0 -5.0 0.0 13.75 -0.5914999999999999
180.0 -2.5 0.0 13.75 -6.6103000000000005
180.0 0.0 0.0 13.75 -8.6757
180.0 2.5 0.0 13.75 -5.5877
180.0 5.0 0.0 13.75 -3.8806
180.0 7.5 0.0 13.75 -3.0515
180.0 -5.0 2.5 13.75 -5.2207
180.0 -2.5 2.5 13.75 232.0762
180.0 0.0 2.5 13.75 -7.3296
180.0 2.5 2.5 13.75 -7.2302
180.0 5.0 2.5 13.75 -4.3155
180.0 7.5 2.5 13.75 -3.1233
180.0 10.0 2.5 13.75 -2.3817
180.0 -5.0 5.0 13.75 -11.6425
180.0 -2.5 5.0 13.75 321.3176
180.0 0.0 5.0 13.75 31522997.5221
180.0 2.5 5.0 13.75 11.075
180.0 5.0 5.0 13.75 1795.6325000000002
180.0 7.5 5.0 13.75 -1.5999
180.0 -5.0 -10.0 15.0 -0.1268
180.0 -2.5 -10.0 15.0 -0.1236
180.0 0.0 -10.0 15.0 -0.09390000000000001
180.0 2.5 -10.0 15.0 0.0797
180.0 5.0 -10.0 15.0 0.0955
180.0 7.5 -10.0 15.0 0.0523
180.0 10.0 -10.0 15.0 0.0042
180.0 -5.0 -7.5 15.0 0.21899999999999997
180.0 -2.5 -7.5 15.0 0.4068
180.0 0.0 -7.5 15.0 0.45030000000000003
180.0 2.5 -7.5 15.0 0.1474
180.0 5.0 -7.5 15.0 0.0319
180.0 7.5 -7.5 15.0 0.1203
180.0 10.0 -7.5 15.0 0.030699999999999998
180.0 -5.0 -5.0 15.0 1.3657
180.0 -2.5 -5.0 15.0 1.0293999999999999
180.0 0.0 -5.0 15.0 0.5711999999999999
180.0 2.5 -5.0 15.0 0.39799999999999996
180.0 5.0 -5.0 15.0 -0.1057
180.0 7.5 -5.0 15.0 -0.026199999999999998
180.0 -5.0 -2.5 15.0 0.8673
180.0 -2.5 -2.5 15.0 -0.4885999999999999
180.0 0.0 -2.5 15.0 -0.6397
180.0 2.5 -2.5 15.0 -1.069
180.0 5.0 -2.5 15.0 -0.8439000000000001
180.0 7.5 -2.5 15.0 -0.6815
180.0 -5.0 0.0 15.0 -0.13340000000000019
180.0 -2.5 0.0 15.0 -2.7554999999999996
180.0 0.0 0.0 15.0 -3.9944
180.0 2.5 0.0 15.0 -2.9112
180.0 5.0 0.0 15.0 -2.319
180.0 7.5 0.0 15.0 -1.7619
180.0 -5.0 2.5 15.0 -4.8059
180.0 -2.5 2.5 15.0 -8.0964
180.0 0.0 2.5 15.0 -6.1364
180.0 2.5 2.5 15.0 -4.8850999999999996
180.0 5.0 2.5 15.0 -3.5228
180.0 7.5 2.5 15.0 -2.8127999999999997
180.0 10.0 2.5 15.0 -1.623
180.0 -5.0 5.0 15.0 -11.0815
180.0 -2.5 5.0 15.0 -10.769100000000002
180.0 0.0 5.0 15.0 1007.8409
180.0 2.5 5.0 15.0 -5.6188
180.0 5.0 5.0 15.0 30.8399
180.0 7.5 5.0 15.0 -2.1341
180.0 10.0 5.0 15.0 -1.2473999999999998
180.0 -5.0 -10.0 16.25 -0.0898
180.0 -2.5 -10.0 16.25 -0.0879
180.0 0.0 -10.0 16.25 -0.023799999999999998
180.0 2.5 -10.0 16.25 0.1086
180.0 5.0 -10.0 16.25 0.089
180.0 7.5 -10.0 16.25 0.0204
180.0 10.0 -10.0 16.25 0.0
180.0 -5.0 -7.5 16.25 0.22149999999999997
180.0 -2.5 -7.5 16.25 0.1988
180.0 0.0 -7.5 16.25 0.0039000000000000007
180.0 2.5 -7.5 16.25 -0.20959999999999998
180.0 5.0 -7.5 16.25 0.1081
180.0 7.5 -7.5 16.25 0.0993
180.0 10.0 -7.5 16.25 0.0241
180.0 -5.0 -5.0 16.25 1.3066
180.0 -2.5 -5.0 16.25 0.8947
180.0 0.0 -5.0 16.25 0.3816
180.0 2.5 -5.0 16.25 0.039999999999999994
180.0 5.0 -5.0 16.25 0.0683
180.0 7.5 -5.0 16.25 0.0625
180.0 10.0 -5.0 16.25 0.0174
180.0 -5.0 -2.5 16.25 1.1605
180.0 -2.5 -2.5 16.25 1.0015
180.0 0.0 -2.5 16.25 0.19039999999999996
180.0 2.5 -2.5 16.25 -0.2769
180.0 5.0 -2.5 16.25 -0.3522
180.0 7.5 -2.5 16.25 -0.18430000000000002
180.0 10.0 -2.5 16.25 -0.0113
180.0 -5.0 0.0 16.25 -0.5770000000000001
180.0 -2.5 0.0 16.25 -1.0438
180.0 0.0 0.0 16.25 -1.2233999999999998
180.0 2.5 0.0 16.25 -1.0171999999999999
180.0 5.0 0.0 16.25 -0.9889999999999999
180.0 7.5 0.0 16.25 -0.9641000000000001
180.0 10.0 0.0 16.25 -0.35910000000000003
180.0 -5.0 2.5 16.25 -3.3865999999999996
180.0 -2.5 2.5 16.25 -4.3722
180.0 0.0 2.5 16.25 -3.4394
180.0 2.5 2.5 16.25 -2.5643000000000002
180.0 5.0 2.5 16.25 -2.2646
180.0 7.5 2.5 16.25 -1.4605000000000001
180.0 10.0 2.5 16.25 -1.1505999999999998
180.0 -5.0 5.0 16.25 -6.5637
180.0 -2.5 5.0 16.25 -8.2953
180.0 0.0 5.0 16.25 40.7271
180.0 2.5 5.0 16.25 -3.7260999999999997
180.0 5.0 5.0 16.25 -2.3044000000000002
180.0 7.5 5.0 16.25 -1.5348
180.0 10.0 5.0 16.25 -1.215
240.0 -5.0 -10.0 3.75 1.4198
240.0 -2.5 -10.0 3.75 1.2176999999999998
240.0 0.0 -10.0 3.75 1.0101
240.0 2.5 -10.0 3.75 0.5888
240.0 5.0 -10.0 3.75 0.17099999999999999
240.0 7.5 -10.0 3.75 0.2599
240.0 10.0 -10.0 3.75 0.3654
240.0 -5.0 -7.5 3.75 4.9164
240.0 -2.5 -7.5 3.75 4.614800000000001
240.0 0.0 -7.5 3.75 1.2514999999999996
240.0 2.5 -7.5 3.75 0.2259
240.0 5.0 -7.5 3.75 -0.95
240.0 7.5 -7.5 3.75 -0.18309999999999998
240.0 10.0 -7.5 3.75 0.3688
240.0 -5.0 -5.0 3.75 16751.3863
240.0 -2.5 -5.0 3.75 974543.9677
240.0 0.0 -5.0 3.75 14200.8959
240.0 2.5 -5.0 3.75 63.0507
240.0 5.0 -5.0 3.75 -6.8536
240.0 7.5 -5.0 3.75 -3.3844000000000003
240.0 10.0 -5.0 3.75 -1.0196
240.0 -5.0 -2.5 3.75 1012409.684
240.0 -2.5 -2.5 3.75 10000000106.514801
240.0 0.0 -2.5 3.75 9988741577.6829
240.0 2.5 -2.5 3.75 1248357.4381000001
240.0 5.0 -2.5 3.75 1073063.073
240.0 7.5 -2.5 3.75 -10.233
240.0 10.0 -2.5 3.75 -3.6988
240.0 -5.0 0.0 3.75 9999999943.289701
240.0 -2.5 0.0 3.75 9999999920.737701
240.0 0.0 0.0 3.75 149633697.3609
240.0 2.5 0.0 3.75 17448276.1109
240.0 5.0 0.0 3.75 130351769.2255
240.0 7.5 0.0 3.75 6893.872899999999
240.0 10.0 0.0 3.75 -0.7242
240.0 -5.0 2.5 3.75 4157293247.0081
240.0 -2.5 2.5 3.75 7269087547.413
240.0 0.0 2.5 3.75 10000000378.7572
240.0 2.5 2.5 3.75 9999999937.699202
240.0 5.0 2.5 3.75 117375224.2691
240.0 7.5 2.5 3.75 497757640.4563
240.0 10.0 2.5 3.75 73.1224
240.0 -5.0 5.0 3.75 288443532.58
240.0 -2.5 5.0 3.75 10000000194.314001
240.0 0.0 5.0 3.75 9999999971.1189
240.0 2.5 5.0 3.75 10000000050.8631
240.0 5.0 5.0 3.75 2656278175.4927998
240.0 7.5 5.0 3.75 291305.6017
240.0 10.0 5.0 3.75 15471.3188
240.0 0.0 5.0 5.0 10000000042.6504
240.0 2.5 -7.5 6.25 -2.6623
240.0 0.0 -2.5 6.25 91282.4323
240.0 0.0 0.0 6.25 92642936.0295
240.0 -2.5 2.5 6.25 9999999693.771801
240.0 0.0 2.5 6.25 10000000012.7796
240.0 0.0 5.0 6.25 10000000056.909601
240.0 2.5 -7.5 7.5 -3.1235999999999997
240.0 0.0 -5.0 7.5 1378.7069000000001
240.0 2.5 -5.0 7.5 -4.788
240.0 0.0 -2.5 7.5 26963.6893
240.0 2.5 -2.5 7.5 154.047
240.0 0.0 0.0 7.5 10000000016.1737
240.0 2.5 0.0 7.5 10000000047.095701
240.0 0.0 2.5 7.5 10000000363.8591
240.0 -2.5 5.0 7.5 9999999925.095901
240.0 0.0 5.0 7.5 300983024.8609
240.0 2.5 -10.0 8.75 -2.4474
240.0 2.5 -7.5 8.75 -2.7542
240.0 0.0 -5.0 8.75 -8.2905
240.0 2.5 -5.0 8.75 -4.644
240.0 -2.5 -2.5 8.75 52560565.896699995
240.0 0.0 -2.5 8.75 182564.7207
240.0 2.5 -2.5 8.75 1983.1324
240.0 -5.0 0.0 8.75 506344724.42099994
240.0 -2.5 0.0 8.75 10190134.3521
240.0 0.0 0.0 8.75 10000000041.813501
240.0 2.5 0.0 8.75 9999999979.069601
240.0 -2.5 2.5 8.75 9999999979.129501
240.0 0.0 2.5 8.75 78581826.9313
240.0 2.5 2.5 8.75 6577351205.2315
240.0 -2.5 5.0 8.75 9999999995.549501
240.0 0.0 5.0 8.75 9999999966.909302
240.0 2.5 5.0 8.75 3223104454.4413996
240.0 2.5 -10.0 10.0 -2.013
240.0 5.0 -10.0 10.0 -1.1026
240.0 2.5 -7.5 10.0 -2.5225
240.0 -5.0 -5.0 10.0 6696.7623
240.0 0.0 -5.0 10.0 -7.422000000000001
240.0 2.5 -5.0 10.0 -4.5322
240.0 -5.0 -2.5 10.0 4429874.2451
240.0 -2.5 -2.5 10.0 540876.6337
240.0 0.0 -2.5 10.0 27495.3635
240.0 2.5 -2.5 10.0 3071.0487000000003
240.0 -5.0 0.0 10.0 54075.9656
240.0 -2.5 0.0 10.0 666961.2548999999
240.0 0.0 0.0 10.0 33353458.9677
240.0 2.5 0.0 10.0 358565028.72110003
240.0 -2.5 2.5 10.0 109465191.9471
240.0 0.0 2.5 10.0 13286971.972199999
240.0 2.5 2.5 10.0 23338390.8001
240.0 5.0 2.5 10.0 1246917.85
240.0 -2.5 5.0 10.0 9999999996.5221
240.0 0.0 5.0 10.0 4726798.9163999995
240.0 2.5 5.0 10.0 415471920.6877
240.0 5.0 5.0 10.0 15382420.159599999
240.0 -2.5 -10.0 11.25 -2.6282
240.0 2.5 -10.0 11.25 -1.6565
240.0 5.0 -10.0 11.25 -1.0274
240.0 10.0 -10.0 11.25 0.0057
240.0 2.5 -7.5 11.25 -1.9813999999999998
240.0 -5.0 -5.0 11.25 15.9985
240.0 -2.5 -5.0 11.25 -5.3853
240.0 0.0 -5.0 11.25 -5.3308
240.0 2.5 -5.0 11.25 -3.4596999999999998
240.0 -5.0 -2.5 11.25 322230.0387
240.0 -2.5 -2.5 11.25 604.4681
240.0 0.0 -2.5 11.25 246984.5844
240.0 2.5 -2.5 11.25 1346.5745
240.0 -5.0 0.0 11.25 1819.3932
240.0 -2.5 0.0 11.25 1968.8834000000002
240.0 0.0 0.0 11.25 25297.6776
240.0 2.5 0.0 11.25 2827628.088
240.0 -2.5 2.5 11.25 602046275.9932001
240.0 0.0 2.5 11.25 4818220551.44
240.0 2.5 2.5 11.25 358940055.08390003
240.0 5.0 2.5 11.25 35933.6022
240.0 -2.5 5.0 11.25 378405024.31369996
240.0 0.0 5.0 11.25 54196068.6163
240.0 2.5 5.0 11.25 187385560.8611
240.0 5.0 5.0 11.25 408710.7569
240.0 7.5 5.0 11.25 1.8310000000000002
240.0 -2.5 -10.0 12.5 -1.8436000000000001
240.0 0.0 -10.0 12.5 -1.7653999999999999
240.0 2.5 -10.0 12.5 -1.0136
240.0 5.0 -10.0 12.5 -0.5968
240.0 7.5 -10.0 12.5 -0.1542
240.0 10.0 -10.0 12.5 0.0255
240.0 -5.0 -7.5 12.5 -2.1283
240.0 0.0 -7.5 12.5 -1.9441
240.0 2.5 -7.5 12.5 -1.296
240.0 5.0 -7.5 12.5 -0.7299
240.0 7.5 -7.5 12.5 -0.4821
240.0 10.0 -7.5 12.5 -0.1361
240.0 -5.0 -5.0 12.5 -1.9371
240.0 -2.5 -5.0 12.5 -3.5607
240.0 0.0 -5.0 12.5 -3.5014000000000003
240.0 2.5 -5.0 12.5 -1.7641
240.0 5.0 -5.0 12.5 -0.8006
240.0 -5.0 -2.5 12.5 13.3581
240.0 -2.5 -2.5 12.5 20.392300000000002
240.0 0.0 -2.5 12.5 442.55
240.0 2.5 -2.5 12.5 534.6764999999999
240.0 -5.0 0.0 12.5 80.0829
240.0 -2.5 0.0 12.5 28.357
240.0 0.0 0.0 12.5 118.44489999999999
240.0 2.5 0.0 12.5 448.06809999999996
240.0 -2.5 2.5 12.5 1564241.0403
240.0 0.0 2.5 12.5 1020.733
240.0 2.5 2.5 12.5 102.19919999999999
240.0 5.0 2.5 12.5 13.4452
240.0 -2.5 5.0 12.5 556890567.2334
240.0 0.0 5.0 12.5 17825.883
240.0 2.5 5.0 12.5 9999999788.7338
240.0 5.0 5.0 12.5 19610.0334
240.0 7.5 5.0 12.5 -1.4958999999999998
240.0 10.0 5.0 12.5 0.29679999999999995
240.0 -5.0 -10.0 13.75 -0.8491000000000001
240.0 -2.5 -10.0 13.75 -0.9997
240.0 0.0 -10.0 13.75 -0.8746
240.0 2.5 -10.0 13.75 -0.5829
240.0 5.0 -10.0 13.75 -0.2574
240.0 7.5 -10.0 13.75 0.0336
240.0 10.0 -10.0 13.75 0.03
240.0 -5.0 -7.5 13.75 -0.9996
240.0 -2.5 -7.5 13.75 -1.4916
240.0 0.0 -7.5 13.75 -1.2277999999999998
240.0 2.5 -7.5 13.75 -0.4782
240.0 5.0 -7.5 13.75 -0.5321
240.0 7.5 -7.5 13.75 -0.3421
240.0 10.0 -7.5 13.75 -0.0059
240.0 -5.0 -5.0 13.75 -1.0405
240.0 -2.5 -5.0 13.75 -1.2682
240.0 0.0 -5.0 13.75 -1.0112999999999999
240.0 2.5 -5.0 13.75 -0.635
240.0 5.0 -5.0 13.75 -0.16060000000000002
240.0 7.5 -5.0 13.75 -0.2712
240.0 -5.0 -2.5 13.75 -1.4870999999999999
240.0 -2.5 -2.5 13.75 -0.0233000000000001
240.0 0.0 -2.5 13.75 4.3695
240.0 2.5 -2.5 13.75 4.8565000000000005
240.0 5.0 -2.5 13.75 0.3327999999999999
240.0 -5.0 0.0 13.75 -2.2356000000000003
240.0 -2.5 0.0 13.75 -2.4227000000000003
240.0 0.0 0.0 13.75 -3.999
240.0 2.5 0.0 13.75 0.003500000000000003
240.0 5.0 0.0 13.75 0.023900000000000032
240.0 -5.0 2.5 13.75 0.33000000000000007
240.0 -2.5 2.5 13.75 62.576699999999995
240.0 0.0 2.5 13.75 -13.438
240.0 2.5 2.5 13.75 -9.0425
240.0 5.0 2.5 13.75 -1.7146999999999997
240.0 7.5 2.5 13.75 1.1523
240.0 -2.5 5.0 13.75 13049.0501
240.0 0.0 5.0 13.75 801.3091999999999
240.0 2.5 5.0 13.75 107.2564
240.0 5.0 5.0 13.75 191493.6753
240.0 7.5 5.0 13.75 -1.3033000000000001
240.0 10.0 5.0 13.75 0.6536
240.0 -5.0 -10.0 15.0 -0.0792
240.0 -2.5 -10.0 15.0 -0.2094
240.0 0.0 -10.0 15.0 -0.2309
240.0 2.5 -10.0 15.0 -0.1144
240.0 5.0 -10.0 15.0 -0.054
240.0 7.5 -10.0 15.0 0.08249999999999999
240.0 10.0 -10.0 15.0 0.0143
240.0 -5.0 -7.5 15.0 -0.1268
240.0 -2.5 -7.5 15.0 -0.15150000000000002
240.0 0.0 -7.5 15.0 -0.184
240.0 2.5 -7.5 15.0 -0.33120000000000005
240.0 5.0 -7.5 15.0 -0.1782
240.0 7.5 -7.5 15.0 -0.2643
240.0 10.0 -7.5 15.0 0.0199
240.0 -5.0 -5.0 15.0 -0.053299999999999986
240.0 -2.5 -5.0 15.0 -0.3666
240.0 0.0 -5.0 15.0 -0.16620000000000001
240.0 2.5 -5.0 15.0 0.1079
240.0 5.0 -5.0 15.0 -0.0566
240.0 7.5 -5.0 15.0 -0.1292
240.0 10.0 -5.0 15.0 0.0165
240.0 -5.0 -2.5 15.0 -0.3345
240.0 -2.5 -2.5 15.0 -0.5254
240.0 0.0 -2.5 15.0 0.3802
240.0 2.5 -2.5 15.0 0.21199999999999997
240.0 5.0 -2.5 15.0 0.3551
240.0 7.5 -2.5 15.0 -0.1391
240.0 10.0 -2.5 15.0 -0.1368
240.0 -5.0 0.0 15.0 -1.6982
240.0 -2.5 0.0 15.0 -2.1786000000000003
240.0 0.0 0.0 15.0 -2.4135
240.0 2.5 0.0 15.0 -1.4970999999999999
240.0 5.0 0.0 15.0 0.02180000000000004
240.0 10.0 0.0 15.0 -0.042800000000000005
240.0 -5.0 2.5 15.0 -4.6704
240.0 -2.5 2.5 15.0 -7.814
240.0 0.0 2.5 15.0 -8.3192
240.0 2.5 2.5 15.0 -5.114800000000001
240.0 5.0 2.5 15.0 -0.6034
240.0 7.5 2.5 15.0 0.7277000000000001
240.0 -5.0 5.0 15.0 -9.2827
240.0 -2.5 5.0 15.0 -4.2258
240.0 0.0 5.0 15.0 -14.376900000000001
240.0 2.5 5.0 15.0 -8.5995
240.0 5.0 5.0 15.0 16.9608
240.0 7.5 5.0 15.0 -0.8058000000000001
240.0 10.0 5.0 15.0 0.6725000000000001
240.0 -5.0 -10.0 16.25 0.405
240.0 -2.5 -10.0 16.25 0.34809999999999997
240.0 0.0 -10.0 16.25 0.38889999999999997
240.0 2.5 -10.0 16.25 0.1626
240.0 5.0 -10.0 16.25 0.0441
240.0 7.5 -10.0 16.25 0.0733
240.0 10.0 -10.0 16.25 0.0006
240.0 -5.0 -7.5 16.25 0.48790000000000006
240.0 -2.5 -7.5 16.25 0.42669999999999997
240.0 0.0 -7.5 16.25 0.33409999999999995
240.0 2.5 -7.5 16.25 0.2013
240.0 5.0 -7.5 16.25 -0.0711
240.0 7.5 -7.5 16.25 -0.0483
240.0 10.0 -7.5 16.25 0.045599999999999995
240.0 -5.0 -5.0 16.25 0.81
240.0 -2.5 -5.0 16.25 0.6817
240.0 0.0 -5.0 16.25 0.3841
240.0 2.5 -5.0 16.25 0.5209
240.0 5.0 -5.0 16.25 0.0865
240.0 7.5 -5.0 16.25 -0.0933
240.0 10.0 -5.0 16.25 0.0216
240.0 -5.0 -2.5 16.25 0.276
240.0 -2.5 -2.5 16.25 -0.2707
240.0 0.0 -2.5 16.25 -0.06430000000000002
240.0 2.5 -2.5 16.25 0.20590000000000003
240.0 5.0 -2.5 16.25 0.06540000000000001
240.0 7.5 -2.5 16.25 -0.035
240.0 10.0 -2.5 16.25 0.06330000000000001
240.0 -5.0 0.0 16.25 -1.0635
240.0 -2.5 0.0 16.25 -2.0282
240.0 0.0 0.0 16.25 -1.9254000000000002
240.0 2.5 0.0 16.25 -1.2107999999999999
240.0 5.0 0.0 16.25 -0.1669
240.0 7.5 0.0 16.25 0.3954
240.0 10.0 0.0 16.25 0.08779999999999999
240.0 -5.0 2.5 16.25 -3.0653
240.0 -2.5 2.5 16.25 -5.2364
240.0 0.0 2.5 16.25 -5.176
240.0 2.5 2.5 16.25 -3.5292
240.0 5.0 2.5 16.25 -1.0176
240.0 7.5 2.5 16.25 0.4712
240.0 -5.0 5.0 16.25 -6.1985
240.0 -2.5 5.0 16.25 -10.0653
240.0 0.0 5.0 16.25 -9.5333
240.0 2.5 5.0 16.25 -6.306100000000001
240.0 5.0 5.0 16.25 -1.694
240.0 7.5 5.0 16.25 -0.45349999999999996
240.0 10.0 5.0 16.25 0.4796
300.0 -5.0 -10.0 3.75 0.5951
300.0 -2.5 -10.0 3.75 0.8267
300.0 0.0 -10.0 3.75 1.2919
300.0 2.5 -10.0 3.75 1.4738000000000002
300.0 5.0 -10.0 3.75 0.6332
300.0 7.5 -10.0 3.75 -0.03319999999999999
300.0 10.0 -10.0 3.75 -0.4007
300.0 -5.0 -7.5 3.75 96.80799999999999
300.0 -2.5 -7.5 3.75 8.7761
300.0 0.0 -7.5 3.75 0.14870000000000028
300.0 2.5 -7.5 3.75 0.48099999999999987
300.0 5.0 -7.5 3.75 -0.019499999999999962
300.0 7.5 -7.5 3.75 -1.0529000000000002
300.0 10.0 -7.5 3.75 -0.6531
300.0 -5.0 -5.0 3.75 790748173.1249
300.0 -2.5 -5.0 3.75 100249584.1471
300.0 0.0 -5.0 3.75 4833.2783
300.0 2.5 -5.0 3.75 -4.7604999999999995
300.0 5.0 -5.0 3.75 -5.0106
300.0 7.5 -5.0 3.75 -3.1081
300.0 10.0 -5.0 3.75 -0.6988000000000001
300.0 -5.0 -2.5 3.75 9128362.4311
300.0 -2.5 -2.5 3.75 25598512.201
300.0 0.0 -2.5 3.75 46078806.591900006
300.0 2.5 -2.5 3.75 99877.9962
300.0 5.0 -2.5 3.75 1247.672
300.0 7.5 -2.5 3.75 0.7477
300.0 10.0 -2.5 3.75 -4.884
300.0 -5.0 0.0 3.75 9999999927.181702
300.0 -2.5 0.0 3.75 9999999725.761301
300.0 0.0 0.0 3.75 9999999967.4489
300.0 2.5 0.0 3.75 9999999982.4712
300.0 5.0 0.0 3.75 544765208.6279
300.0 7.5 0.0 3.75 471399.0873
300.0 10.0 0.0 3.75 -11.9649
300.0 -5.0 2.5 3.75 9999999965.256102
300.0 -2.5 2.5 3.75 10000000017.503801
300.0 0.0 2.5 3.75 1278084332.6038
300.0 2.5 2.5 3.75 3923381967.8107996
300.0 5.0 2.5 3.75 10000000239.4789
300.0 7.5 2.5 3.75 141526.7837
300.0 10.0 2.5 3.75 -10.825099999999999
300.0 -5.0 5.0 3.75 10000000078.187
300.0 -2.5 5.0 3.75 10000000425.1637
300.0 0.0 5.0 3.75 10000000083.9841
300.0 2.5 5.0 3.75 9999999916.536901
300.0 5.0 5.0 3.75 10000000166.6149
300.0 7.5 5.0 3.75 7855485636.6087
300.0 10.0 5.0 3.75 802.3072
300.0 0.0 -2.5 5.0 198947027.9345
300.0 0.0 0.0 5.0 10000000142.2721
300.0 5.0 -7.5 6.25 -2.2485
300.0 0.0 -5.0 6.25 134.8072
300.0 0.0 -2.5 6.25 36018401.208
300.0 0.0 0.0 6.25 206120033.1693
300.0 0.0 2.5 6.25 9999999960.8803
300.0 0.0 5.0 6.25 5937658117.479601
300.0 5.0 -7.5 7.5 -2.9636
300.0 2.5 -5.0 7.5 283.80670000000003
300.0 0.0 -2.5 7.5 31129712.4211
300.0 2.5 -2.5 7.5 1917223.112
300.0 0.0 0.0 7.5 143795648.8072
300.0 -2.5 2.5 7.5 8117014883.128301
300.0 0.0 2.5 7.5 4940250774.9825
300.0 -2.5 5.0 7.5 9999999981.822601
300.0 0.0 5.0 7.5 9999999974.6026
300.0 2.5 -10.0 8.75 -1.3252000000000002
300.0 5.0 -7.5 8.75 -3.3063000000000002
300.0 0.0 -5.0 8.75 326151.9881
300.0 2.5 -5.0 8.75 2461.6801
300.0 5.0 -5.0 8.75 -5.3924
300.0 0.0 -2.5 8.75 1766790004.5328
300.0 2.5 -2.5 8.75 5063193.869399999
300.0 0.0 0.0 8.75 13628960.436900001
300.0 2.5 0.0 8.75 64830.4923
300.0 0.0 2.5 8.75 9999999983.418402
300.0 2.5 2.5 8.75 217123388.6656
300.0 -2.5 5.0 8.75 9999999968.547602
300.0 0.0 5.0 8.75 10000000034.695002
300.0 2.5 5.0 8.75 10000000000.852701
300.0 2.5 -10.0 10.0 -1.7198
300.0 2.5 -7.5 10.0 -3.3632999999999997
300.0 5.0 -7.5 10.0 -3.0282999999999998
300.0 7.5 -7.5 10.0 -2.4556
300.0 0.0 -5.0 10.0 1353.8085
300.0 2.5 -5.0 10.0 1877.0983
300.0 5.0 -5.0 10.0 -5.3378
300.0 0.0 -2.5 10.0 8046192.2703
300.0 2.5 -2.5 10.0 288916.9951
300.0 -5.0 0.0 10.0 53597648.6496
300.0 -2.5 0.0 10.0 498222030.7389
300.0 0.0 0.0 10.0 91930.539
300.0 2.5 0.0 10.0 1414.5633
300.0 5.0 0.0 10.0 31.775
300.0 -2.5 2.5 10.0 9999999992.924002
300.0 0.0 2.5 10.0 330341861.93479997
300.0 2.5 2.5 10.0 146081907.0331
300.0 5.0 2.5 10.0 44893.300299999995
300.0 -2.5 5.0 10.0 10000000320.5358
300.0 0.0 5.0 10.0 424164617.0861
300.0 2.5 5.0 10.0 9999999948.5345
300.0 2.5 -10.0 11.25 -1.2775
300.0 5.0 -10.0 11.25 -0.7913
300.0 7.5 -10.0 11.25 -0.2769
300.0 10.0 -10.0 11.25 0.056100000000000004
300.0 2.5 -7.5 11.25 -2.2891
300.0 5.0 -7.5 11.25 -2.0866
300.0 0.0 -5.0 11.25 -3.5806
300.0 2.5 -5.0 11.25 7.6067
300.0 5.0 -5.0 11.25 -3.6871
300.0 -2.5 -2.5 11.25 38.0233
300.0 0.0 -2.5 11.25 587.991
300.0 2.5 -2.5 11.25 861.249
300.0 -5.0 0.0 11.25 167813.1258
300.0 -2.5 0.0 11.25 1372955.419
300.0 0.0 0.0 11.25 426.62760000000003
300.0 2.5 0.0 11.25 2.2448000000000006
300.0 -2.5 2.5 11.25 285276853.675
300.0 0.0 2.5 11.25 61719624.500599995
300.0 2.5 2.5 11.25 233500819.8281
300.0 5.0 2.5 11.25 99083.9218
300.0 -2.5 5.0 11.25 9075015.2459
300.0 0.0 5.0 11.25 75979322.53699999
300.0 2.5 5.0 11.25 741551.1722
300.0 7.5 5.0 11.25 17.3334
300.0 -5.0 -10.0 12.5 -0.3849
300.0 2.5 -10.0 12.5 -0.747
300.0 5.0 -10.0 12.5 -0.2804
300.0 7.5 -10.0 12.5 -0.2031
300.0 10.0 -10.0 12.5 0.11860000000000001
300.0 2.5 -7.5 12.5 -1.4096
300.0 5.0 -7.5 12.5 -1.2776
300.0 7.5 -7.5 12.5 -0.7327
300.0 -5.0 -5.0 12.5 0.08810000000000007
300.0 -2.5 -5.0 12.5 -1.1432
300.0 0.0 -5.0 12.5 -1.3826
300.0 2.5 -5.0 12.5 -1.329
300.0 5.0 -5.0 12.5 -1.9923000000000002
300.0 -5.0 -2.5 12.5 -0.4790000000000001
300.0 -2.5 -2.5 12.5 -0.5120999999999998
300.0 0.0 -2.5 12.5 1.4900000000000002
300.0 2.5 -2.5 12.5 -0.7147
300.0 -5.0 0.0 12.5 883.2109
300.0 -2.5 0.0 12.5 1099.5865
300.0 0.0 0.0 12.5 10.016
300.0 2.5 0.0 12.5 -6.9030000000000005
300.0 5.0 0.0 12.5 -5.2026
300.0 -2.5 2.5 12.5 21520.8366
300.0 0.0 2.5 12.5 1612.8387
300.0 2.5 2.5 12.5 139495484.8324
300.0 5.0 2.5 12.5 87.4333
300.0 7.5 2.5 12.5 0.6617999999999999
300.0 10.0 2.5 12.5 2.2053
300.0 -2.5 5.0 12.5 5578.4416
300.0 0.0 5.0 12.5 375.1934
300.0 2.5 5.0 12.5 9543779.6916
300.0 5.0 5.0 12.5 9999999943.5172
300.0 7.5 5.0 12.5 4.5141
300.0 10.0 5.0 12.5 4.0949
300.0 0.0 -10.0 13.75 -0.5358
300.0 2.5 -10.0 13.75 -0.2223
300.0 5.0 -10.0 13.75 -0.12890000000000001
300.0 7.5 -10.0 13.75 -0.0282
300.0 10.0 -10.0 13.75 0.09280000000000001
300.0 -5.0 -7.5 13.75 -0.3041
300.0 -2.5 -7.5 13.75 -0.4764
300.0 2.5 -7.5 13.75 -0.5004
300.0 5.0 -7.5 13.75 -0.42619999999999997
300.0 7.5 -7.5 13.75 -0.1501
300.0 10.0 -7.5 13.75 0.0854
300.0 -5.0 -5.0 13.75 -0.2179
300.0 -2.5 -5.0 13.75 -0.3403
300.0 0.0 -5.0 13.75 -0.35050000000000003
300.0 2.5 -5.0 13.75 -0.6808000000000001
300.0 5.0 -5.0 13.75 -1.066
300.0 -5.0 -2.5 13.75 0.6505999999999998
300.0 -2.5 -2.5 13.75 0.1737000000000002
300.0 0.0 -2.5 13.75 -0.06000000000000005
300.0 2.5 -2.5 13.75 -1.7457
300.0 5.0 -2.5 13.75 -2.6178
300.0 -5.0 0.0 13.75 2.5505
300.0 -2.5 0.0 13.75 9.5786
300.0 0.0 0.0 13.75 -0.9628999999999999
300.0 2.5 0.0 13.75 -3.017
300.0 5.0 0.0 13.75 -3.5694
300.0 7.5 0.0 13.75 -1.6566
300.0 -2.5 2.5 13.75 17.6187
300.0 0.0 2.5 13.75 -5.2816
300.0 2.5 2.5 13.75 26.8915
300.0 5.0 2.5 13.75 -2.811
300.0 7.5 2.5 13.75 0.1935
300.0 10.0 2.5 13.75 0.9050999999999999
300.0 -2.5 5.0 13.75 -19.3767
300.0 0.0 5.0 13.75 -16.5437
300.0 2.5 5.0 13.75 49.883
300.0 5.0 5.0 13.75 23696.954299999998
300.0 7.5 5.0 13.75 -0.13260000000000005
300.0 10.0 5.0 13.75 2.0366
300.0 -5.0 -10.0 15.0 -0.0199
300.0 -2.5 -10.0 15.0 -0.0809
300.0 0.0 -10.0 15.0 0.014199999999999999
300.0 2.5 -10.0 15.0 0.0401
300.0 5.0 -10.0 15.0 0.0201
300.0 7.5 -10.0 15.0 0.1388
300.0 10.0 -10.0 15.0 0.0717
300.0 -5.0 -7.5 15.0 -0.0859
300.0 -2.5 -7.5 15.0 -0.1792
300.0 0.0 -7.5 15.0 -0.008
300.0 2.5 -7.5 15.0 0.27540000000000003
300.0 5.0 -7.5 15.0 0.3
300.0 7.5 -7.5 15.0 0.0713
300.0 10.0 -7.5 15.0 0.11019999999999999
300.0 -5.0 -5.0 15.0 0.09620000000000001
300.0 -2.5 -5.0 15.0 0.2088
300.0 0.0 -5.0 15.0 0.172
300.0 2.5 -5.0 15.0 0.0050000000000000044
300.0 5.0 -5.0 15.0 0.07440000000000001
300.0 7.5 -5.0 15.0 -0.0776
300.0 10.0 -5.0 15.0 0.2178
300.0 -5.0 -2.5 15.0 0.7827999999999999
300.0 -2.5 -2.5 15.0 0.6516000000000001
300.0 0.0 -2.5 15.0 -0.09849999999999992
300.0 2.5 -2.5 15.0 -0.8882
300.0 5.0 -2.5 15.0 -0.8219
300.0 10.0 -2.5 15.0 -0.0957
300.0 -5.0 0.0 15.0 0.9151
300.0 -2.5 0.0 15.0 0.4529000000000001
300.0 0.0 0.0 15.0 -0.09919999999999995
300.0 2.5 0.0 15.0 -1.7208999999999999
300.0 5.0 0.0 15.0 -1.728
300.0 7.5 0.0 15.0 -1.1195
300.0 -5.0 2.5 15.0 -2.8916
300.0 -2.5 2.5 15.0 -4.5311
300.0 0.0 2.5 15.0 -4.7837
300.0 2.5 2.5 15.0 -4.046
300.0 5.0 2.5 15.0 -3.1566
300.0 7.5 2.5 15.0 -0.7356
300.0 10.0 2.5 15.0 0.13799999999999998
300.0 -2.5 5.0 15.0 -11.5646
300.0 0.0 5.0 15.0 -13.036100000000001
300.0 2.5 5.0 15.0 -8.546
300.0 5.0 5.0 15.0 7.1506
300.0 7.5 5.0 15.0 -1.8138
300.0 10.0 5.0 15.0 0.6152
300.0 -5.0 -10.0 16.25 0.064
300.0 -2.5 -10.0 16.25 0.09849999999999999
300.0 0.0 -10.0 16.25 0.0934
300.0 2.5 -10.0 16.25 0.0898
300.0 5.0 -10.0 16.25 0.0922
300.0 7.5 -10.0 16.25 0.1999
300.0 10.0 -10.0 16.25 0.0474
300.0 -5.0 -7.5 16.25 0.165
300.0 -2.5 -7.5 16.25 0.2611
300.0 0.0 -7.5 16.25 0.40850000000000003
300.0 2.5 -7.5 16.25 0.5214
300.0 5.0 -7.5 16.25 0.2234
300.0 7.5 -7.5 16.25 0.1076
300.0 10.0 -7.5 16.25 0.1168
300.0 -5.0 -5.0 16.25 0.472
300.0 -2.5 -5.0 16.25 0.7417
300.0 0.0 -5.0 16.25 1.0593
300.0 2.5 -5.0 16.25 1.1127999999999998
300.0 5.0 -5.0 16.25 0.6868
300.0 7.5 -5.0 16.25 0.2569
300.0 10.0 -5.0 16.25 0.1621
300.0 -5.0 -2.5 16.25 0.9445999999999999
300.0 -2.5 -2.5 16.25 0.9341999999999999
300.0 0.0 -2.5 16.25 0.41290000000000004
300.0 2.5 -2.5 16.25 0.07100000000000001
300.0 5.0 -2.5 16.25 0.09079999999999999
300.0 7.5 -2.5 16.25 -0.0233
300.0 10.0 -2.5 16.25 0.0852
300.0 -5.0 0.0 16.25 1.1212
300.0 -2.5 0.0 16.25 0.18869999999999998
300.0 0.0 0.0 16.25 -0.4649
300.0 2.5 0.0 16.25 -1.3087
300.0 5.0 0.0 16.25 -1.6771
300.0 7.5 0.0 16.25 -0.5796
300.0 -5.0 2.5 16.25 -0.8986
300.0 -2.5 2.5 16.25 -1.2285
300.0 0.0 2.5 16.25 -2.513
300.0 2.5 2.5 16.25 -3.241
300.0 5.0 2.5 16.25 -2.5253
300.0 7.5 2.5 16.25 -1.1036
300.0 10.0 2.5 16.25 -0.2892
300.0 -5.0 5.0 16.25 -4.318
300.0 -2.5 5.0 16.25 -5.7608999999999995
300.0 0.0 5.0 16.25 -7.0948
300.0 2.5 5.0 16.25 -6.6263
300.0 5.0 5.0 16.25 -4.4699
300.0 7.5 5.0 16.25 -2.0952
300.0 10.0 5.0 16.25 -0.6109
