0.0 5.0 -7.5 6.25 0.6776
0.0 -2.5 5.0 6.25 4684638358.9866
0.0 0.0 2.5 7.5 9999999971.390701
0.0 -2.5 5.0 7.5 9999999997.763601
0.0 0.0 5.0 7.5 10000000009.616001
0.0 2.5 -10.0 8.75 -0.6996
0.0 5.0 -10.0 8.75 -0.4974
0.0 7.5 -10.0 8.75 -0.1828
0.0 0.0 -7.5 8.75 0.5079
0.0 5.0 -7.5 8.75 2.3211
0.0 0.0 0.0 8.75 5735154058.8294
0.0 0.0 2.5 8.75 386306785.8934
0.0 -2.5 5.0 8.75 131328022.5598
0.0 0.0 5.0 8.75 10000000025.7012
0.0 2.5 5.0 8.75 10000000042.7366
0.0 5.0 5.0 8.75 6012238591.953899
0.0 5.0 -10.0 10.0 0.054900000000000004
0.0 7.5 -10.0 10.0 0.1507
0.0 0.0 -7.5 10.0 0.9726000000000001
0.0 2.5 -7.5 10.0 2.8132
0.0 5.0 -7.5 10.0 3.0214000000000003
0.0 -2.5 -5.0 10.0 -1.3443
0.0 2.5 -5.0 10.0 5.5722000000000005
0.0 -2.5 -2.5 10.0 11.9651
0.0 0.0 -2.5 10.0 15.7058
0.0 -2.5 0.0 10.0 45.712900000000005
0.0 0.0 0.0 10.0 15248.7246
0.0 2.5 0.0 10.0 167183.9813
0.0 0.0 2.5 10.0 679446319.1251999
0.0 2.5 2.5 10.0 3256799135.2651
0.0 7.5 2.5 10.0 11284.650599999999
0.0 -2.5 5.0 10.0 704162299.854
0.0 0.0 5.0 10.0 62330524.317899995
0.0 2.5 5.0 10.0 5228686498.2027
0.0 5.0 5.0 10.0 10000000024.257801
0.0 2.5 -10.0 11.25 0.1905
0.0 5.0 -10.0 11.25 0.6921
0.0 7.5 -10.0 11.25 0.38270000000000004
0.0 10.0 -10.0 11.25 -0.036
0.0 0.0 -7.5 11.25 1.0217
0.0 2.5 -7.5 11.25 2.5862
0.0 5.0 -7.5 11.25 3.2331000000000003
0.0 7.5 -7.5 11.25 2.8185000000000002
0.0 -2.5 -5.0 11.25 1.2963
0.0 0.0 -5.0 11.25 3.9647000000000006
0.0 2.5 -5.0 11.25 5.7449
0.0 5.0 -5.0 11.25 6.231
0.0 -5.0 -2.5 11.25 6.8863
0.0 -2.5 -2.5 11.25 8.0351
0.0 0.0 -2.5 11.25 11.0922
0.0 7.5 -2.5 11.25 9.3622
0.0 -2.5 0.0 11.25 9.361600000000001
0.0 0.0 0.0 11.25 1063.598
0.0 2.5 0.0 11.25 1630.5571
0.0 -2.5 2.5 11.25 2329791.6115
0.0 0.0 2.5 11.25 31662478.3783
0.0 2.5 2.5 11.25 165660.1174
0.0 5.0 2.5 11.25 1246645947.2563002
0.0 7.5 2.5 11.25 5969500.0964
0.0 -5.0 5.0 11.25 43.4187
0.0 -2.5 5.0 11.25 15323.8448
0.0 0.0 5.0 11.25 429663.1533
0.0 2.5 5.0 11.25 5353296383.0319
0.0 5.0 5.0 11.25 17801996.6378
0.0 7.5 5.0 11.25 22528.0312
0.0 0.0 -10.0 12.5 -0.2705
0.0 2.5 -10.0 12.5 0.49810000000000004
0.0 5.0 -10.0 12.5 0.918
0.0 7.5 -10.0 12.5 0.6325999999999999
0.0 10.0 -10.0 12.5 0.2572
0.0 -2.5 -7.5 12.5 -0.6454
0.0 0.0 -7.5 12.5 1.0349
0.0 2.5 -7.5 12.5 2.549
0.0 5.0 -7.5 12.5 3.0505
0.0 7.5 -7.5 12.5 2.8164
0.0 10.0 -7.5 12.5 1.8500999999999999
0.0 -5.0 -5.0 12.5 -0.0527
0.0 -2.5 -5.0 12.5 1.8822
0.0 0.0 -5.0 12.5 3.8211000000000004
0.0 2.5 -5.0 12.5 5.338299999999999
0.0 5.0 -5.0 12.5 6.288399999999999
0.0 7.5 -5.0 12.5 6.0825
0.0 10.0 -5.0 12.5 3.7701
0.0 -5.0 -2.5 12.5 6.1324000000000005
0.0 -2.5 -2.5 12.5 6.5583
0.0 0.0 -2.5 12.5 8.1753
0.0 2.5 -2.5 12.5 5.7785
0.0 5.0 -2.5 12.5 13.0647
0.0 7.5 -2.5 12.5 16.8295
0.0 -5.0 0.0 12.5 11.0095
0.0 -2.5 0.0 12.5 5.3257
0.0 0.0 0.0 12.5 22.660899999999998
0.0 2.5 0.0 12.5 5.346
0.0 5.0 0.0 12.5 17846.8267
0.0 -2.5 2.5 12.5 11.2138
0.0 0.0 2.5 12.5 6480.9263
0.0 2.5 2.5 12.5 -12.9481
0.0 5.0 2.5 12.5 948434.0228
0.0 7.5 2.5 12.5 655072.0877
0.0 10.0 2.5 12.5 -14.2791
0.0 -5.0 5.0 12.5 -0.10339999999999971
0.0 -2.5 5.0 12.5 0.7931999999999988
0.0 0.0 5.0 12.5 483.5788
0.0 2.5 5.0 12.5 2797596.887
0.0 5.0 5.0 12.5 32876.921
0.0 7.5 5.0 12.5 1343.0361
0.0 10.0 5.0 12.5 -5.7131
0.0 0.0 -10.0 13.75 0.09280000000000001
0.0 2.5 -10.0 13.75 0.6074999999999999
0.0 5.0 -10.0 13.75 0.9792000000000001
0.0 7.5 -10.0 13.75 0.8476
0.0 10.0 -10.0 13.75 0.3953
0.0 -2.5 -7.5 13.75 -0.21050000000000002
0.0 0.0 -7.5 13.75 1.2586
0.0 2.5 -7.5 13.75 2.7856
0.0 5.0 -7.5 13.75 2.9579
0.0 7.5 -7.5 13.75 2.6116
0.0 10.0 -7.5 13.75 1.8261
0.0 -5.0 -5.0 13.75 0.14139999999999997
0.0 -2.5 -5.0 13.75 1.3507
0.0 0.0 -5.0 13.75 3.0847
0.0 2.5 -5.0 13.75 4.2602
0.0 5.0 -5.0 13.75 5.5664
0.0 7.5 -5.0 13.75 5.4195
0.0 10.0 -5.0 13.75 3.4415
0.0 -5.0 -2.5 13.75 3.6661
0.0 -2.5 -2.5 13.75 3.8909
0.0 0.0 -2.5 13.75 4.3056
0.0 2.5 -2.5 13.75 4.1002
0.0 5.0 -2.5 13.75 6.7993999999999994
0.0 7.5 -2.5 13.75 11.588099999999999
0.0 -5.0 0.0 13.75 7.381399999999999
0.0 -2.5 0.0 13.75 2.2972
0.0 0.0 0.0 13.75 -0.09079999999999999
0.0 2.5 0.0 13.75 -6.3792
0.0 5.0 0.0 13.75 8.1488
0.0 7.5 0.0 13.75 1311.6034
0.0 -5.0 2.5 13.75 4.9755
0.0 -2.5 2.5 13.75 -9.1552
0.0 0.0 2.5 13.75 -25.0229
0.0 2.5 2.5 13.75 -30.5413
0.0 5.0 2.5 13.75 20.617200000000004
0.0 7.5 2.5 13.75 1651.3701999999998
0.0 10.0 2.5 13.75 -12.5892
0.0 -5.0 5.0 13.75 0.20930000000000004
0.0 -2.5 5.0 13.75 -14.21
0.0 0.0 5.0 13.75 -35.2462
0.0 2.5 5.0 13.75 -43.3741
0.0 5.0 5.0 13.75 5.7043
0.0 7.5 5.0 13.75 47.2064
0.0 10.0 5.0 13.75 -5.73
0.0 -5.0 -10.0 15.0 -0.6422
0.0 -2.5 -10.0 15.0 -0.4904
0.0 0.0 -10.0 15.0 0.0158
0.0 2.5 -10.0 15.0 0.6095999999999999
0.0 5.0 -10.0 15.0 0.8852
0.0 7.5 -10.0 15.0 0.8765
0.0 10.0 -10.0 15.0 0.5207999999999999
0.0 -5.0 -7.5 15.0 -0.7316
0.0 -2.5 -7.5 15.0 0.041299999999999996
0.0 0.0 -7.5 15.0 1.3824
0.0 2.5 -7.5 15.0 2.5479000000000003
0.0 5.0 -7.5 15.0 3.0172
0.0 7.5 -7.5 15.0 2.3349
0.0 10.0 -7.5 15.0 1.6426
0.0 -5.0 -5.0 15.0 0.025100000000000004
0.0 -2.5 -5.0 15.0 1.1605
0.0 0.0 -5.0 15.0 2.3563
0.0 2.5 -5.0 15.0 3.5403000000000002
0.0 5.0 -5.0 15.0 4.1323
0.0 7.5 -5.0 15.0 4.1459
0.0 10.0 -5.0 15.0 2.7151
0.0 -5.0 -2.5 15.0 1.8762999999999999
0.0 -2.5 -2.5 15.0 1.7642
0.0 0.0 -2.5 15.0 1.7959999999999998
0.0 2.5 -2.5 15.0 2.4318
0.0 5.0 -2.5 15.0 4.4328
0.0 7.5 -2.5 15.0 6.4817
0.0 10.0 -2.5 15.0 3.4758999999999998
0.0 -5.0 0.0 15.0 3.6014
0.0 -2.5 0.0 15.0 -0.14679999999999999
0.0 0.0 0.0 15.0 -3.3049999999999997
0.0 2.5 0.0 15.0 -4.713900000000001
0.0 5.0 0.0 15.0 -3.9642999999999997
0.0 7.5 0.0 15.0 3.6641000000000004
0.0 10.0 0.0 15.0 -1.4673
0.0 -5.0 2.5 15.0 3.0717
0.0 -2.5 2.5 15.0 -6.5871
0.0 0.0 2.5 15.0 -16.1524
0.0 2.5 2.5 15.0 -19.2196
0.0 5.0 2.5 15.0 -15.9844
0.0 7.5 2.5 15.0 -12.5183
0.0 10.0 2.5 15.0 -7.7706
0.0 -5.0 5.0 15.0 -0.33690000000000003
0.0 -2.5 5.0 15.0 -11.4435
0.0 0.0 5.0 15.0 -24.491699999999998
0.0 2.5 5.0 15.0 -27.9903
0.0 5.0 5.0 15.0 -17.4142
0.0 7.5 5.0 15.0 -9.2793
0.0 10.0 5.0 15.0 -4.5005999999999995
0.0 -5.0 -10.0 16.25 -0.0687
0.0 -2.5 -10.0 16.25 -0.1244
0.0 0.0 -10.0 16.25 0.0342
0.0 2.5 -10.0 16.25 0.31070000000000003
0.0 5.0 -10.0 16.25 0.6308
0.0 7.5 -10.0 16.25 0.7425
0.0 10.0 -10.0 16.25 0.5578
0.0 -5.0 -7.5 16.25 -0.4331
0.0 -2.5 -7.5 16.25 0.1614
0.0 0.0 -7.5 16.25 1.0594
0.0 2.5 -7.5 16.25 1.9339000000000002
0.0 5.0 -7.5 16.25 2.4006
0.0 7.5 -7.5 16.25 2.0587
0.0 10.0 -7.5 16.25 1.5456999999999999
0.0 -5.0 -5.0 16.25 -0.0636
0.0 -2.5 -5.0 16.25 0.9206000000000001
0.0 0.0 -5.0 16.25 2.1782
0.0 2.5 -5.0 16.25 3.0456999999999996
0.0 5.0 -5.0 16.25 3.4770000000000003
0.0 7.5 -5.0 16.25 3.2274000000000003
0.0 10.0 -5.0 16.25 2.1313999999999997
0.0 -5.0 -2.5 16.25 0.7333
0.0 -2.5 -2.5 16.25 0.6346
0.0 0.0 -2.5 16.25 0.6445000000000001
0.0 2.5 -2.5 16.25 1.0577
0.0 5.0 -2.5 16.25 2.2958
0.0 7.5 -2.5 16.25 3.2821999999999996
0.0 10.0 -2.5 16.25 1.9571999999999998
0.0 -5.0 0.0 16.25 0.9866000000000001
0.0 -2.5 0.0 16.25 -1.4238000000000002
0.0 0.0 0.0 16.25 -3.7685
0.0 2.5 0.0 16.25 -4.5553
0.0 5.0 0.0 16.25 -2.9489
0.0 7.5 0.0 16.25 -1.0672000000000001
0.0 10.0 0.0 16.25 -1.1917
0.0 -5.0 2.5 16.25 0.3578
0.0 -2.5 2.5 16.25 -5.6291
0.0 0.0 2.5 16.25 -10.6979
0.0 2.5 2.5 16.25 -12.0838
0.0 5.0 2.5 16.25 -10.1867
0.0 7.5 2.5 16.25 -7.8693
0.0 10.0 2.5 16.25 -4.5626
0.0 -5.0 5.0 16.25 -1.0018
0.0 -2.5 5.0 16.25 -8.6022
0.0 0.0 5.0 16.25 -16.2809
0.0 2.5 5.0 16.25 -17.5229
0.0 5.0 5.0 16.25 -11.7371
0.0 7.5 5.0 16.25 -6.7915
0.0 10.0 5.0 16.25 -3.517
60.0 -5.0 -10.0 3.75 -6.5945
60.0 -2.5 -10.0 3.75 -6.8736
60.0 0.0 -10.0 3.75 -3.4775
60.0 2.5 -10.0 3.75 -0.5206999999999999
60.0 5.0 -10.0 3.75 1.0270000000000001
60.0 7.5 -10.0 3.75 1.3683999999999998
60.0 10.0 -10.0 3.75 0.5994999999999999
60.0 -5.0 -7.5 3.75 6863167.0465
60.0 -2.5 -7.5 3.75 498113.2026
60.0 0.0 -7.5 3.75 1395.7375
60.0 2.5 -7.5 3.75 18.6814
60.0 5.0 -7.5 3.75 6.242400000000001
60.0 7.5 -7.5 3.75 4.3675
60.0 10.0 -7.5 3.75 2.6454
60.0 -5.0 -5.0 3.75 1219717877.5642
60.0 -2.5 -5.0 3.75 249649664.9378
60.0 0.0 -5.0 3.75 21979579.275
60.0 2.5 -5.0 3.75 117117.1122
60.0 5.0 -5.0 3.75 9.6846
60.0 7.5 -5.0 3.75 5.178999999999999
60.0 10.0 -5.0 3.75 3.3689999999999998
60.0 -5.0 -2.5 3.75 9999999931.313501
60.0 -2.5 -2.5 3.75 9999999883.4375
60.0 0.0 -2.5 3.75 9999999896.6285
60.0 2.5 -2.5 3.75 660618828.1473
60.0 5.0 -2.5 3.75 21979.038800000002
60.0 7.5 -2.5 3.75 62.21
60.0 10.0 -2.5 3.75 0.692
60.0 -5.0 0.0 3.75 9131036776.870699
60.0 -2.5 0.0 3.75 5972713250.7085
60.0 0.0 0.0 3.75 80450128.5168
60.0 2.5 0.0 3.75 37327460.835
60.0 5.0 0.0 3.75 16261063.0875
60.0 7.5 0.0 3.75 9999999988.246101
60.0 10.0 0.0 3.75 5759.4268
60.0 -5.0 2.5 3.75 3053454947.2288003
60.0 -2.5 2.5 3.75 9999999953.8932
60.0 0.0 2.5 3.75 9999999927.7336
60.0 2.5 2.5 3.75 9999999958.4454
60.0 5.0 2.5 3.75 1687853652.9534
60.0 7.5 2.5 3.75 9999999999.1968
60.0 10.0 2.5 3.75 8861.911399999999
60.0 -5.0 5.0 3.75 10000000081.306301
60.0 -2.5 5.0 3.75 4413427133.3372
60.0 0.0 5.0 3.75 10000000087.7973
60.0 2.5 5.0 3.75 9999999971.9115
60.0 5.0 5.0 3.75 9999999850.401901
60.0 7.5 5.0 3.75 401984761.37609994
60.0 10.0 5.0 3.75 17586.0031
60.0 2.5 -2.5 5.0 406494938.6849
60.0 0.0 0.0 5.0 10000000138.648901
60.0 0.0 2.5 5.0 10000000131.0119
60.0 2.5 -2.5 6.25 1178406895.9243
60.0 0.0 0.0 6.25 90394919.0447
60.0 0.0 2.5 6.25 1208657227.7071002
60.0 0.0 5.0 6.25 10000000535.565601
60.0 2.5 -5.0 7.5 2868874519.4939
60.0 2.5 -2.5 7.5 4386672484.213301
60.0 5.0 -2.5 7.5 2707.4222999999997
60.0 -2.5 0.0 7.5 36043570.08400001
60.0 0.0 0.0 7.5 213864346.8568
60.0 2.5 0.0 7.5 989798421.6983
60.0 0.0 2.5 7.5 145063038.6413
60.0 0.0 5.0 7.5 10000000105.279202
60.0 2.5 -7.5 8.75 16838.5616
60.0 2.5 -5.0 8.75 821715.4628
60.0 5.0 -5.0 8.75 22228.9343
60.0 0.0 -2.5 8.75 581.0832
60.0 2.5 -2.5 8.75 5553745.998000001
60.0 -2.5 0.0 8.75 125057.3865
60.0 0.0 0.0 8.75 3553.7168
60.0 2.5 0.0 8.75 10000000000.7255
60.0 -2.5 2.5 8.75 33454.0008
60.0 0.0 2.5 8.75 264751.06789999997
60.0 0.0 5.0 8.75 10000000135.884901
60.0 5.0 -10.0 10.0 -5.8831999999999995
60.0 2.5 -7.5 10.0 18.1316
60.0 5.0 -7.5 10.0 1.4256
60.0 7.5 -7.5 10.0 1.3073000000000001
60.0 0.0 -5.0 10.0 14.9755
60.0 2.5 -5.0 10.0 30.8815
60.0 5.0 -5.0 10.0 24.8577
60.0 -2.5 -2.5 10.0 13.6555
60.0 0.0 -2.5 10.0 13.7317
60.0 2.5 -2.5 10.0 1424.0017
60.0 5.0 -2.5 10.0 1238.6563
60.0 7.5 -2.5 10.0 9.6447
60.0 -2.5 0.0 10.0 229.8247
60.0 0.0 0.0 10.0 15.6456
60.0 2.5 0.0 10.0 24101.3734
60.0 -2.5 2.5 10.0 734.6625
60.0 0.0 2.5 10.0 10134618.6928
60.0 2.5 2.5 10.0 300163317.1519
60.0 -2.5 5.0 10.0 13074226.932599999
60.0 0.0 5.0 10.0 229949466.7969
60.0 2.5 5.0 10.0 10000000008.7418
60.0 2.5 -10.0 11.25 -2.8547000000000002
60.0 5.0 -10.0 11.25 -3.2447
60.0 10.0 -10.0 11.25 -0.8097
60.0 0.0 -7.5 11.25 6.985200000000001
60.0 2.5 -7.5 11.25 3.9391
60.0 5.0 -7.5 11.25 1.7176999999999998
60.0 7.5 -7.5 11.25 1.2733
60.0 0.0 -5.0 11.25 12.0543
60.0 2.5 -5.0 11.25 9.619700000000002
60.0 5.0 -5.0 11.25 8.2134
60.0 -2.5 -2.5 11.25 11.16
60.0 0.0 -2.5 11.25 12.2023
60.0 2.5 -2.5 11.25 9.359000000000002
60.0 5.0 -2.5 11.25 10.082
60.0 7.5 -2.5 11.25 5.5731
60.0 -5.0 0.0 11.25 -0.9241000000000001
60.0 -2.5 0.0 11.25 10.4983
60.0 0.0 0.0 11.25 9.218
60.0 2.5 0.0 11.25 20.797600000000003
60.0 5.0 0.0 11.25 11801.1949
60.0 -5.0 2.5 11.25 0.2012999999999998
60.0 -2.5 2.5 11.25 79.8332
60.0 0.0 2.5 11.25 99.0594
60.0 2.5 2.5 11.25 399037.5933
60.0 5.0 2.5 11.25 156412928.4317
60.0 -2.5 5.0 11.25 24355658.8006
60.0 0.0 5.0 11.25 10000000043.672201
60.0 2.5 5.0 11.25 2900585552.8901
60.0 5.0 5.0 11.25 1544245727.4071
60.0 7.5 5.0 11.25 471301163.14570004
60.0 -2.5 -10.0 12.5 1.415
60.0 0.0 -10.0 12.5 0.2882
60.0 2.5 -10.0 12.5 -1.2955
60.0 5.0 -10.0 12.5 -1.8055999999999999
60.0 7.5 -10.0 12.5 -1.2898999999999998
60.0 10.0 -10.0 12.5 -0.7269000000000001
60.0 0.0 -7.5 12.5 5.3127
60.0 2.5 -7.5 12.5 3.6438
60.0 5.0 -7.5 12.5 2.0411
60.0 7.5 -7.5 12.5 1.3022
60.0 10.0 -7.5 12.5 0.7730999999999999
60.0 -2.5 -5.0 12.5 8.9786
60.0 0.0 -5.0 12.5 9.9002
60.0 2.5 -5.0 12.5 8.4661
60.0 5.0 -5.0 12.5 6.6163
60.0 7.5 -5.0 12.5 4.831
60.0 -5.0 -2.5 12.5 2.221
60.0 -2.5 -2.5 12.5 8.804499999999999
60.0 0.0 -2.5 12.5 10.5773
60.0 2.5 -2.5 12.5 9.2285
60.0 5.0 -2.5 12.5 7.617199999999999
60.0 7.5 -2.5 12.5 5.8681
60.0 -5.0 0.0 12.5 -0.17759999999999998
60.0 -2.5 0.0 12.5 6.576300000000001
60.0 0.0 0.0 12.5 8.3743
60.0 2.5 0.0 12.5 6.0143
60.0 5.0 0.0 12.5 13.319399999999998
60.0 -5.0 2.5 12.5 0.30180000000000007
60.0 -2.5 2.5 12.5 2.8364
60.0 0.0 2.5 12.5 7.672000000000001
60.0 2.5 2.5 12.5 183.8931
60.0 5.0 2.5 12.5 3851.1531
60.0 7.5 2.5 12.5 12562.924700000001
60.0 -5.0 5.0 12.5 4.9139
60.0 -2.5 5.0 12.5 1323.7614
60.0 0.0 5.0 12.5 83031.8664
60.0 2.5 5.0 12.5 5805.8061
60.0 5.0 5.0 12.5 13776065.3797
60.0 7.5 5.0 12.5 1809130.1064000002
60.0 10.0 5.0 12.5 62.84120000000001
60.0 -2.5 -10.0 13.75 0.6353
60.0 0.0 -10.0 13.75 0.1834
60.0 2.5 -10.0 13.75 -0.6863
60.0 5.0 -10.0 13.75 -1.3447
60.0 7.5 -10.0 13.75 -1.0677
60.0 10.0 -10.0 13.75 -0.499
60.0 0.0 -7.5 13.75 3.5736000000000003
60.0 2.5 -7.5 13.75 2.5979
60.0 5.0 -7.5 13.75 1.6282
60.0 7.5 -7.5 13.75 0.9454
60.0 10.0 -7.5 13.75 0.5596
60.0 -2.5 -5.0 13.75 6.7604999999999995
60.0 0.0 -5.0 13.75 8.0408
60.0 2.5 -5.0 13.75 7.0022
60.0 5.0 -5.0 13.75 5.166200000000001
60.0 7.5 -5.0 13.75 3.667
60.0 10.0 -5.0 13.75 2.6694
60.0 -5.0 -2.5 13.75 2.3531
60.0 -2.5 -2.5 13.75 7.2296
60.0 0.0 -2.5 13.75 8.9893
60.0 2.5 -2.5 13.75 8.3002
60.0 5.0 -2.5 13.75 6.9216999999999995
60.0 7.5 -2.5 13.75 5.5622
60.0 -5.0 0.0 13.75 0.5482
60.0 -2.5 0.0 13.75 4.4275
60.0 0.0 0.0 13.75 6.8792
60.0 2.5 0.0 13.75 5.9022
60.0 5.0 0.0 13.75 5.4124
60.0 -5.0 2.5 13.75 -0.4719999999999999
60.0 -2.5 2.5 13.75 0.56
60.0 0.0 2.5 13.75 1.7517999999999998
60.0 2.5 2.5 13.75 -2.2805999999999997
60.0 5.0 2.5 13.75 7.6725
60.0 7.5 2.5 13.75 81.826
60.0 -5.0 5.0 13.75 1.1138
60.0 -2.5 5.0 13.75 -6.1044
60.0 0.0 5.0 13.75 -16.1026
60.0 2.5 5.0 13.75 -13.5025
60.0 5.0 5.0 13.75 64760.2315
60.0 7.5 5.0 13.75 2305.8255999999997
60.0 10.0 5.0 13.75 -5.580299999999999
60.0 -5.0 -10.0 15.0 0.1813
60.0 -2.5 -10.0 15.0 0.17220000000000002
60.0 0.0 -10.0 15.0 -0.1862
60.0 2.5 -10.0 15.0 -0.8248
60.0 5.0 -10.0 15.0 -0.9561999999999999
60.0 7.5 -10.0 15.0 -0.7836
60.0 10.0 -10.0 15.0 -0.2989
60.0 -5.0 -7.5 15.0 1.8811
60.0 -2.5 -7.5 15.0 2.3835
60.0 0.0 -7.5 15.0 2.0454
60.0 2.5 -7.5 15.0 1.0959
60.0 5.0 -7.5 15.0 0.7086
60.0 7.5 -7.5 15.0 0.6202000000000001
60.0 10.0 -7.5 15.0 0.4899
60.0 -5.0 -5.0 15.0 3.3245
60.0 -2.5 -5.0 15.0 5.2422
60.0 0.0 -5.0 15.0 5.658099999999999
60.0 2.5 -5.0 15.0 4.856599999999999
60.0 5.0 -5.0 15.0 3.3701999999999996
60.0 7.5 -5.0 15.0 2.6235
60.0 10.0 -5.0 15.0 1.9788000000000001
60.0 -5.0 -2.5 15.0 2.5885000000000002
60.0 -2.5 -2.5 15.0 5.373
60.0 0.0 -2.5 15.0 7.257099999999999
60.0 2.5 -2.5 15.0 6.4278
60.0 5.0 -2.5 15.0 5.1986
60.0 7.5 -2.5 15.0 4.562
60.0 10.0 -2.5 15.0 3.1947
60.0 -5.0 0.0 15.0 0.5812
60.0 -2.5 0.0 15.0 3.1931
60.0 0.0 0.0 15.0 4.787599999999999
60.0 2.5 0.0 15.0 4.3062
60.0 5.0 0.0 15.0 4.5230999999999995
60.0 7.5 0.0 15.0 5.059900000000001
60.0 -5.0 2.5 15.0 -0.7063999999999999
60.0 -2.5 2.5 15.0 -0.461
60.0 0.0 2.5 15.0 -1.1732
60.0 2.5 2.5 15.0 -2.8465
60.0 5.0 2.5 15.0 -2.3877
60.0 7.5 2.5 15.0 4.5171
60.0 10.0 2.5 15.0 0.4034
60.0 -5.0 5.0 15.0 0.4658000000000001
60.0 -2.5 5.0 15.0 -5.1245
60.0 0.0 5.0 15.0 -11.475
60.0 2.5 5.0 15.0 -15.2085
60.0 5.0 5.0 15.0 -10.6981
60.0 7.5 5.0 15.0 -12.9558
60.0 10.0 5.0 15.0 -8.024799999999999
60.0 -5.0 -10.0 16.25 -0.0726
60.0 -2.5 -10.0 16.25 -0.1411
60.0 0.0 -10.0 16.25 -0.5038
60.0 2.5 -10.0 16.25 -0.6086
60.0 5.0 -10.0 16.25 -0.6529
60.0 7.5 -10.0 16.25 -0.4243
60.0 10.0 -10.0 16.25 -0.21580000000000002
60.0 -5.0 -7.5 16.25 0.8572000000000001
60.0 -2.5 -7.5 16.25 1.103
60.0 0.0 -7.5 16.25 0.7158
60.0 2.5 -7.5 16.25 0.2021
60.0 5.0 -7.5 16.25 0.1142
60.0 7.5 -7.5 16.25 0.27559999999999996
60.0 10.0 -7.5 16.25 0.2586
60.0 -5.0 -5.0 16.25 1.9138
60.0 -2.5 -5.0 16.25 2.9865999999999997
60.0 0.0 -5.0 16.25 2.9902
60.0 2.5 -5.0 16.25 2.5417
60.0 5.0 -5.0 16.25 2.1672
60.0 7.5 -5.0 16.25 1.9226
60.0 10.0 -5.0 16.25 1.581
60.0 -5.0 -2.5 16.25 2.2551
60.0 -2.5 -2.5 16.25 3.8933
60.0 0.0 -2.5 16.25 4.7405
60.0 2.5 -2.5 16.25 4.2309
60.0 5.0 -2.5 16.25 3.79
60.0 7.5 -2.5 16.25 3.3669
60.0 10.0 -2.5 16.25 2.4957000000000003
60.0 -5.0 0.0 16.25 0.8887
60.0 -2.5 0.0 16.25 2.783
60.0 0.0 0.0 16.25 3.1011
60.0 2.5 0.0 16.25 2.5325
60.0 5.0 0.0 16.25 2.8408
60.0 7.5 0.0 16.25 3.6513
60.0 10.0 0.0 16.25 2.3492
60.0 -5.0 2.5 16.25 -0.1308
60.0 -2.5 2.5 16.25 -0.7746999999999999
60.0 0.0 2.5 16.25 -1.5866
60.0 2.5 2.5 16.25 -2.7362
60.0 5.0 2.5 16.25 -1.6867
60.0 7.5 2.5 16.25 0.45030000000000014
60.0 10.0 2.5 16.25 0.04360000000000003
60.0 -5.0 5.0 16.25 -0.5642
60.0 -2.5 5.0 16.25 -4.2349
60.0 0.0 5.0 16.25 -8.6143
60.0 2.5 5.0 16.25 -10.6748
60.0 5.0 5.0 16.25 -9.3869
60.0 7.5 5.0 16.25 -7.5963
60.0 10.0 5.0 16.25 -4.5826
120.0 -5.0 -10.0 3.75 0.2118
120.0 -2.5 -10.0 3.75 2.6682
120.0 0.0 -10.0 3.75 4.1277
120.0 2.5 -10.0 3.75 2.6748
120.0 5.0 -10.0 3.75 1.0307
120.0 7.5 -10.0 3.75 0.06290000000000007
120.0 10.0 -10.0 3.75 -1.4743
120.0 -5.0 -7.5 3.75 -0.09260000000000002
120.0 -2.5 -7.5 3.75 0.7512999999999999
120.0 0.0 -7.5 3.75 21.214399999999998
120.0 2.5 -7.5 3.75 0.8638000000000003
120.0 5.0 -7.5 3.75 81.36319999999999
120.0 7.5 -7.5 3.75 13.182100000000002
120.0 10.0 -7.5 3.75 -5.9603
120.0 -5.0 -5.0 3.75 -2.5284999999999997
120.0 -2.5 -5.0 3.75 -12.758899999999999
120.0 0.0 -5.0 3.75 4786855.862500001
120.0 2.5 -5.0 3.75 3575.5401
120.0 5.0 -5.0 3.75 1012709748.7005
120.0 7.5 -5.0 3.75 349427381.0887
120.0 10.0 -5.0 3.75 1339.5607
120.0 -5.0 -2.5 3.75 -0.1896
120.0 -2.5 -2.5 3.75 1335.5348000000001
120.0 0.0 -2.5 3.75 1434022402.5898
120.0 2.5 -2.5 3.75 10000000003.6587
120.0 5.0 -2.5 3.75 9999999998.060001
120.0 7.5 -2.5 3.75 9999999974.896801
120.0 10.0 -2.5 3.75 3286864.6053
120.0 -5.0 0.0 3.75 450754.8128
120.0 -2.5 0.0 3.75 63140340.9772
120.0 0.0 0.0 3.75 405679762.4684
120.0 2.5 0.0 3.75 9999999924.637402
120.0 5.0 0.0 3.75 2019932558.6439998
120.0 7.5 0.0 3.75 2187389020.2854
120.0 10.0 0.0 3.75 309318906.7085
120.0 -5.0 2.5 3.75 4045602439.6177
120.0 -2.5 2.5 3.75 893823993.7742001
120.0 0.0 2.5 3.75 9999999942.6695
120.0 2.5 2.5 3.75 10000000108.074701
120.0 5.0 2.5 3.75 67980287.2231
120.0 7.5 2.5 3.75 103796969.0426
120.0 10.0 2.5 3.75 1766855656.9627001
120.0 -5.0 5.0 3.75 9999999976.3008
120.0 -2.5 5.0 3.75 9999999978.589401
120.0 0.0 5.0 3.75 9999999844.4787
120.0 2.5 5.0 3.75 9999999593.1539
120.0 5.0 5.0 3.75 7186977088.4601
120.0 7.5 5.0 3.75 208789538.1146
120.0 10.0 5.0 3.75 858.6658
120.0 -2.5 5.0 5.0 651069257.3695
120.0 -2.5 2.5 6.25 10000000062.0083
120.0 -2.5 5.0 6.25 1804358412.145
120.0 2.5 -7.5 7.5 -7.950699999999999
120.0 0.0 -5.0 7.5 -18.980800000000002
120.0 -2.5 0.0 7.5 1601048.7127
120.0 -2.5 2.5 7.5 10000000073.6886
120.0 0.0 2.5 7.5 10000000035.2066
120.0 -2.5 5.0 7.5 241479219.0247
120.0 0.0 5.0 7.5 277464486.6695
120.0 2.5 -7.5 8.75 -7.7448999999999995
120.0 5.0 -7.5 8.75 -6.9429
120.0 0.0 -5.0 8.75 -19.3276
120.0 0.0 0.0 8.75 7159520.601600001
120.0 -2.5 2.5 8.75 29771.356
120.0 0.0 2.5 8.75 9999999847.280602
120.0 -5.0 5.0 8.75 47921587.930700004
120.0 -2.5 5.0 8.75 654726852.214
120.0 0.0 5.0 8.75 9999999939.724201
120.0 2.5 5.0 8.75 258135969.5161
120.0 2.5 -10.0 10.0 -0.9661
120.0 2.5 -7.5 10.0 -6.5245999999999995
120.0 5.0 -7.5 10.0 -5.234100000000001
120.0 7.5 -7.5 10.0 -2.8266
120.0 -2.5 -5.0 10.0 -7.6321
120.0 0.0 -5.0 10.0 -13.4843
120.0 2.5 -5.0 10.0 -13.5383
120.0 0.0 -2.5 10.0 -18.5753
120.0 0.0 0.0 10.0 746.0532000000001
120.0 2.5 0.0 10.0 889.0421
120.0 -5.0 2.5 10.0 864494.6101
120.0 -2.5 2.5 10.0 725.762
120.0 0.0 2.5 10.0 92903218.8901
120.0 2.5 2.5 10.0 3463601.0196
120.0 -5.0 5.0 10.0 745268435.6964
120.0 -2.5 5.0 10.0 32826511.2092
120.0 0.0 5.0 10.0 77942256.72240001
120.0 2.5 5.0 10.0 833552842.1999
120.0 5.0 5.0 10.0 21152639.5028
120.0 2.5 -10.0 11.25 -0.7482
120.0 5.0 -10.0 11.25 -0.4987
120.0 10.0 -10.0 11.25 -1.0922999999999998
120.0 -2.5 -7.5 11.25 -3.9203
120.0 0.0 -7.5 11.25 -4.5457
120.0 2.5 -7.5 11.25 -4.7322
120.0 5.0 -7.5 11.25 -3.9692999999999996
120.0 7.5 -7.5 11.25 -2.4819
120.0 -2.5 -5.0 11.25 -5.2309
120.0 0.0 -5.0 11.25 -8.8279
120.0 2.5 -5.0 11.25 -7.8781
120.0 5.0 -5.0 11.25 -5.3543
120.0 7.5 -5.0 11.25 -3.3697
120.0 0.0 -2.5 11.25 -7.262
120.0 2.5 -2.5 11.25 -5.5892
120.0 -5.0 0.0 11.25 14.027099999999999
120.0 -2.5 0.0 11.25 8.0774
120.0 0.0 0.0 11.25 333.9669
120.0 2.5 0.0 11.25 14742.4075
120.0 -5.0 2.5 11.25 586.5834
120.0 -2.5 2.5 11.25 25.8763
120.0 0.0 2.5 11.25 104078.62359999999
120.0 2.5 2.5 11.25 7382722291.3956
120.0 -5.0 5.0 11.25 367485640.5228
120.0 -2.5 5.0 11.25 2868663.3389999997
120.0 0.0 5.0 11.25 407421.39739999996
120.0 2.5 5.0 11.25 10000000004.552301
120.0 5.0 5.0 11.25 9999999964.0657
120.0 7.5 5.0 11.25 58.418800000000005
120.0 -5.0 -10.0 12.5 -0.372
120.0 -2.5 -10.0 12.5 -0.5144000000000001
120.0 0.0 -10.0 12.5 -0.3689
120.0 2.5 -10.0 12.5 -0.2477
120.0 5.0 -10.0 12.5 -0.1885
120.0 7.5 -10.0 12.5 -0.32430000000000003
120.0 10.0 -10.0 12.5 -1.0052
120.0 -2.5 -7.5 12.5 -2.5077000000000003
120.0 0.0 -7.5 12.5 -3.2698
120.0 2.5 -7.5 12.5 -3.1725000000000003
120.0 5.0 -7.5 12.5 -2.6163000000000003
120.0 7.5 -7.5 12.5 -2.0749999999999997
120.0 10.0 -7.5 12.5 -2.3455
120.0 -2.5 -5.0 12.5 -3.2384
120.0 0.0 -5.0 12.5 -5.349200000000001
120.0 2.5 -5.0 12.5 -4.7819
120.0 5.0 -5.0 12.5 -2.8755
120.0 -5.0 -2.5 12.5 3.8446000000000002
120.0 -2.5 -2.5 12.5 0.8385
120.0 0.0 -2.5 12.5 -1.7076
120.0 2.5 -2.5 12.5 -1.1949999999999998
120.0 5.0 -2.5 12.5 2.1126
120.0 -5.0 0.0 12.5 10.7285
120.0 -2.5 0.0 12.5 6.9453000000000005
120.0 0.0 0.0 12.5 4.6324000000000005
120.0 2.5 0.0 12.5 7.9761999999999995
120.0 5.0 0.0 12.5 9.2311
120.0 -5.0 2.5 12.5 14.5273
120.0 -2.5 2.5 12.5 7.851400000000001
120.0 0.0 2.5 12.5 135.1423
120.0 2.5 2.5 12.5 28767.5114
120.0 5.0 2.5 12.5 988.3282
120.0 -5.0 5.0 12.5 14049.8718
120.0 -2.5 5.0 12.5 61.673199999999994
120.0 0.0 5.0 12.5 135.94809999999998
120.0 2.5 5.0 12.5 33036489.4267
120.0 5.0 5.0 12.5 2656580740.1568
120.0 7.5 5.0 12.5 37.473
120.0 -5.0 -10.0 13.75 -0.0818
120.0 -2.5 -10.0 13.75 -0.2739
120.0 0.0 -10.0 13.75 -0.2245
120.0 2.5 -10.0 13.75 0.1209
120.0 5.0 -10.0 13.75 0.37439999999999996
120.0 7.5 -10.0 13.75 0.0288
120.0 10.0 -10.0 13.75 -0.6437
120.0 -2.5 -7.5 13.75 -1.3293
120.0 0.0 -7.5 13.75 -1.7587000000000002
120.0 2.5 -7.5 13.75 -1.8364
120.0 5.0 -7.5 13.75 -1.5367000000000002
120.0 7.5 -7.5 13.75 -1.2372
120.0 10.0 -7.5 13.75 -1.2971
120.0 -2.5 -5.0 13.75 -1.8747
120.0 0.0 -5.0 13.75 -3.2331
120.0 2.5 -5.0 13.75 -2.4408
120.0 5.0 -5.0 13.75 -0.9863
120.0 7.5 -5.0 13.75 -0.053699999999999984
120.0 10.0 -5.0 13.75 -0.26680000000000004
120.0 -5.0 -2.5 13.75 2.887
120.0 -2.5 -2.5 13.75 1.4882
120.0 0.0 -2.5 13.75 -0.17720000000000002
120.0 2.5 -2.5 13.75 0.7342
120.0 5.0 -2.5 13.75 2.4923
120.0 -5.0 0.0 13.75 7.1668
120.0 -2.5 0.0 13.75 5.8119
120.0 0.0 0.0 13.75 3.7944999999999998
120.0 2.5 0.0 13.75 5.0597
120.0 5.0 0.0 13.75 8.2697
120.0 -5.0 2.5 13.75 8.8354
120.0 -2.5 2.5 13.75 6.249499999999999
120.0 0.0 2.5 13.75 3.1684
120.0 2.5 2.5 13.75 25.8322
120.0 5.0 2.5 13.75 17.9551
120.0 -5.0 5.0 13.75 4.6428
120.0 -2.5 5.0 13.75 0.023399999999999643
120.0 0.0 5.0 13.75 -8.3142
120.0 2.5 5.0 13.75 689.2803
120.0 5.0 5.0 13.75 1384.3451
120.0 7.5 5.0 13.75 5.7579
120.0 -5.0 -10.0 15.0 -0.0203
120.0 -2.5 -10.0 15.0 -0.1376
120.0 0.0 -10.0 15.0 -0.17509999999999998
120.0 2.5 -10.0 15.0 0.1323
120.0 5.0 -10.0 15.0 0.3813
120.0 7.5 -10.0 15.0 0.114
120.0 10.0 -10.0 15.0 -0.264
120.0 -5.0 -7.5 15.0 -0.512
120.0 -2.5 -7.5 15.0 -0.6089
120.0 0.0 -7.5 15.0 -0.7348
120.0 2.5 -7.5 15.0 -0.745
120.0 5.0 -7.5 15.0 -0.5471
120.0 7.5 -7.5 15.0 -0.6189
120.0 10.0 -7.5 15.0 -0.999
120.0 -5.0 -5.0 15.0 -0.5542999999999999
120.0 -2.5 -5.0 15.0 -0.828
120.0 0.0 -5.0 15.0 -1.3909
120.0 2.5 -5.0 15.0 -1.1203999999999998
120.0 5.0 -5.0 15.0 -0.0313
120.0 7.5 -5.0 15.0 0.3191
120.0 10.0 -5.0 15.0 -0.2697
120.0 -5.0 -2.5 15.0 1.9364999999999999
120.0 -2.5 -2.5 15.0 1.1907999999999999
120.0 0.0 -2.5 15.0 0.7545
120.0 2.5 -2.5 15.0 1.3204
120.0 5.0 -2.5 15.0 2.8912
120.0 7.5 -2.5 15.0 3.6637999999999997
120.0 10.0 -2.5 15.0 2.5198
120.0 -5.0 0.0 15.0 4.4504
120.0 -2.5 0.0 15.0 3.9266
120.0 0.0 0.0 15.0 2.9939
120.0 2.5 0.0 15.0 4.4158
120.0 5.0 0.0 15.0 6.6155
120.0 10.0 0.0 15.0 5.1657
120.0 -5.0 2.5 15.0 4.7867999999999995
120.0 -2.5 2.5 15.0 3.2542
120.0 0.0 2.5 15.0 1.3961999999999999
120.0 2.5 2.5 15.0 4.2736
120.0 5.0 2.5 15.0 8.5042
120.0 7.5 2.5 15.0 7.6331
120.0 -5.0 5.0 15.0 0.8069999999999999
120.0 -2.5 5.0 15.0 -3.5861
120.0 0.0 5.0 15.0 -6.8727
120.0 2.5 5.0 15.0 -4.6738
120.0 5.0 5.0 15.0 4.452999999999999
120.0 7.5 5.0 15.0 1.4371
120.0 10.0 5.0 15.0 1.4774
120.0 -5.0 -10.0 16.25 0.0
120.0 -2.5 -10.0 16.25 -0.0081
120.0 0.0 -10.0 16.25 -0.0414
120.0 2.5 -10.0 16.25 0.0605
120.0 5.0 -10.0 16.25 0.3336
120.0 7.5 -10.0 16.25 0.2641
120.0 10.0 -10.0 16.25 -0.0094
120.0 -5.0 -7.5 16.25 -0.1828
120.0 -2.5 -7.5 16.25 -0.3147
120.0 0.0 -7.5 16.25 -0.3
120.0 2.5 -7.5 16.25 -0.0611
120.0 5.0 -7.5 16.25 0.045500000000000006
120.0 7.5 -7.5 16.25 -0.1849
120.0 10.0 -7.5 16.25 -0.5544
120.0 -5.0 -5.0 16.25 -0.2286
120.0 -2.5 -5.0 16.25 -0.37520000000000003
120.0 0.0 -5.0 16.25 -0.1641
120.0 2.5 -5.0 16.25 -0.025300000000000003
120.0 5.0 -5.0 16.25 0.4313
120.0 7.5 -5.0 16.25 0.12450000000000001
120.0 10.0 -5.0 16.25 -0.31520000000000004
120.0 -5.0 -2.5 16.25 1.1713
120.0 -2.5 -2.5 16.25 1.1154
120.0 0.0 -2.5 16.25 0.7604
120.0 2.5 -2.5 16.25 1.4689
120.0 5.0 -2.5 16.25 2.2791
120.0 7.5 -2.5 16.25 2.4577
120.0 10.0 -2.5 16.25 1.4704000000000002
120.0 -5.0 0.0 16.25 2.7399
120.0 -2.5 0.0 16.25 2.4124
120.0 0.0 0.0 16.25 2.2039
120.0 2.5 0.0 16.25 3.4468
120.0 5.0 0.0 16.25 4.9805
120.0 7.5 0.0 16.25 4.7318
120.0 10.0 0.0 16.25 3.1174
120.0 -5.0 2.5 16.25 2.0862
120.0 -2.5 2.5 16.25 1.3568
120.0 0.0 2.5 16.25 0.6048
120.0 2.5 2.5 16.25 2.3302
120.0 5.0 2.5 16.25 5.2372
120.0 7.5 2.5 16.25 5.0284
120.0 10.0 2.5 16.25 2.9311
120.0 -5.0 5.0 16.25 -0.8519
120.0 -2.5 5.0 16.25 -3.6532
120.0 0.0 5.0 16.25 -5.3899
120.0 2.5 5.0 16.25 -3.6256000000000004
120.0 5.0 5.0 16.25 0.026700000000000057
120.0 7.5 5.0 16.25 0.8626
120.0 10.0 5.0 16.25 0.7173999999999999
180.0 -5.0 -10.0 3.75 3.482
180.0 -2.5 -10.0 3.75 0.6034
180.0 0.0 -10.0 3.75 -2.1482
180.0 2.5 -10.0 3.75 -3.2487
180.0 5.0 -10.0 3.75 -2.8856
180.0 7.5 -10.0 3.75 -1.9102000000000001
180.0 10.0 -10.0 3.75 -1.314
180.0 -5.0 -7.5 3.75 304.8083
180.0 -2.5 -7.5 3.75 3242.2043999999996
180.0 0.0 -7.5 3.75 130.7401
180.0 2.5 -7.5 3.75 -6.8614999999999995
180.0 5.0 -7.5 3.75 -3.5332000000000003
180.0 7.5 -7.5 3.75 0.4959
180.0 10.0 -7.5 3.75 2.4686
180.0 -5.0 -5.0 3.75 69595923.2067
180.0 -2.5 -5.0 3.75 9999999955.0727
180.0 0.0 -5.0 3.75 9999999962.2332
180.0 2.5 -5.0 3.75 262.8104
180.0 5.0 -5.0 3.75 3.7599
180.0 7.5 -5.0 3.75 5.9738999999999995
180.0 10.0 -5.0 3.75 7.4514
180.0 -5.0 -2.5 3.75 155479031.2938
180.0 -2.5 -2.5 3.75 832049807.6981
180.0 0.0 -2.5 3.75 181242617.01000002
180.0 2.5 -2.5 3.75 574040468.0187
180.0 5.0 -2.5 3.75 796.1008999999999
180.0 7.5 -2.5 3.75 15.906099999999999
180.0 10.0 -2.5 3.75 8.58
180.0 -5.0 0.0 3.75 9999999933.8463
180.0 -2.5 0.0 3.75 10000000111.0655
180.0 0.0 0.0 3.75 561105191.2133
180.0 2.5 0.0 3.75 730602.1454
180.0 5.0 0.0 3.75 4178.9966
180.0 7.5 0.0 3.75 3316.7256
180.0 10.0 0.0 3.75 33952.7614
180.0 -5.0 2.5 3.75 9999999923.255402
180.0 -2.5 2.5 3.75 1623983944.3838
180.0 0.0 2.5 3.75 10000000131.3868
180.0 2.5 2.5 3.75 5894463.8673
180.0 5.0 2.5 3.75 611885306.8119
180.0 7.5 2.5 3.75 9999999983.389502
180.0 10.0 2.5 3.75 9999999955.236
180.0 -5.0 5.0 3.75 10000000005.6289
180.0 -2.5 5.0 3.75 9999999978.7268
180.0 0.0 5.0 3.75 3135482584.7175
180.0 2.5 5.0 3.75 9999999946.5608
180.0 5.0 5.0 3.75 9999999966.606602
180.0 7.5 5.0 3.75 164954441.1152
180.0 10.0 5.0 3.75 9999999977.845001
180.0 -2.5 -2.5 7.5 6592391.3054
180.0 0.0 2.5 7.5 10000000058.749802
180.0 0.0 5.0 7.5 9870133090.2728
180.0 -5.0 -2.5 8.75 150.1199
180.0 -2.5 -2.5 8.75 154.31900000000002
180.0 2.5 -2.5 8.75 22446.7303
180.0 -5.0 0.0 8.75 3613.8655
180.0 0.0 0.0 8.75 10000000016.287401
180.0 0.0 2.5 8.75 61486419.946100004
180.0 0.0 -10.0 10.0 -0.7851999999999999
180.0 2.5 -10.0 10.0 -2.2763
180.0 0.0 -7.5 10.0 -1.4493
180.0 2.5 -7.5 10.0 -3.6075999999999997
180.0 5.0 -7.5 10.0 -5.7317
180.0 -2.5 -5.0 10.0 -1.4659
180.0 0.0 -5.0 10.0 0.5598999999999998
180.0 2.5 -5.0 10.0 50.210499999999996
180.0 5.0 -5.0 10.0 -8.889899999999999
180.0 -5.0 -2.5 10.0 -3.1621
180.0 -2.5 -2.5 10.0 1.3487999999999998
180.0 0.0 -2.5 10.0 8.4768
180.0 2.5 -2.5 10.0 104.3073
180.0 -5.0 0.0 10.0 751.3798
180.0 -2.5 0.0 10.0 160.1889
180.0 0.0 0.0 10.0 5545463.8602
180.0 -5.0 2.5 10.0 27162926.3593
180.0 0.0 2.5 10.0 10000000094.8848
180.0 2.5 2.5 10.0 5256693300.7606
180.0 0.0 5.0 10.0 260837154.99760002
180.0 2.5 5.0 10.0 18521760.5104
180.0 0.0 -10.0 11.25 -0.49329999999999996
180.0 2.5 -10.0 11.25 -1.6448999999999998
180.0 5.0 -10.0 11.25 -2.2016999999999998
180.0 0.0 -7.5 11.25 -0.623
180.0 2.5 -7.5 11.25 -2.0757
180.0 5.0 -7.5 11.25 -3.652
180.0 7.5 -7.5 11.25 -2.5696
180.0 -2.5 -5.0 11.25 1.2181000000000002
180.0 0.0 -5.0 11.25 1.9689999999999999
180.0 2.5 -5.0 11.25 1.3449999999999998
180.0 5.0 -5.0 11.25 -1.7632999999999999
180.0 -5.0 -2.5 11.25 -0.3385
180.0 -2.5 -2.5 11.25 4.2985
180.0 0.0 -2.5 11.25 6.8909
180.0 2.5 -2.5 11.25 40.9796
180.0 -5.0 0.0 11.25 26.3884
180.0 -2.5 0.0 11.25 9.397
180.0 0.0 0.0 11.25 77041.9608
180.0 -5.0 2.5 11.25 69600754.17750001
180.0 -2.5 2.5 11.25 8511.8618
180.0 0.0 2.5 11.25 14666376.9362
180.0 2.5 2.5 11.25 10000000047.303701
180.0 -5.0 5.0 11.25 2192489.2712
180.0 0.0 5.0 11.25 312719347.9156
180.0 2.5 5.0 11.25 4419314.7259
180.0 -5.0 -10.0 12.5 0.949
180.0 -2.5 -10.0 12.5 0.5820000000000001
180.0 0.0 -10.0 12.5 -0.10869999999999999
180.0 2.5 -10.0 12.5 -0.9772
180.0 5.0 -10.0 12.5 -1.5573000000000001
180.0 7.5 -10.0 12.5 -1.6094
180.0 10.0 -10.0 12.5 -1.1011
180.0 -2.5 -7.5 12.5 0.1705
180.0 0.0 -7.5 12.5 -0.3569
180.0 2.5 -7.5 12.5 -1.2699
180.0 5.0 -7.5 12.5 -2.1286
180.0 7.5 -7.5 12.5 -1.9353
180.0 -5.0 -5.0 12.5 0.7569999999999999
180.0 -2.5 -5.0 12.5 2.2059
180.0 0.0 -5.0 12.5 2.7685
180.0 2.5 -5.0 12.5 2.1832000000000003
180.0 5.0 -5.0 12.5 0.35359999999999997
180.0 -5.0 -2.5 12.5 1.7127000000000001
180.0 -2.5 -2.5 12.5 5.7207
180.0 0.0 -2.5 12.5 7.7942
180.0 2.5 -2.5 12.5 7.713799999999999
180.0 5.0 -2.5 12.5 5.2768999999999995
180.0 -5.0 0.0 12.5 1.6635000000000004
180.0 -2.5 0.0 12.5 7.0036000000000005
180.0 0.0 0.0 12.5 607.866
180.0 2.5 0.0 12.5 320.11620000000005
180.0 -5.0 2.5 12.5 9981.9466
180.0 -2.5 2.5 12.5 4.7347
180.0 0.0 2.5 12.5 27081.1574
180.0 2.5 2.5 12.5 8239908.6382
180.0 -5.0 5.0 12.5 1376.4180000000001
180.0 -2.5 5.0 12.5 10353.3112
180.0 0.0 5.0 12.5 16230.2014
180.0 2.5 5.0 12.5 5892714251.7932
180.0 5.0 5.0 12.5 1765.5095
180.0 7.5 5.0 12.5 -5.3984000000000005
180.0 10.0 5.0 12.5 -8.2027
180.0 -5.0 -10.0 13.75 0.6154000000000001
180.0 -2.5 -10.0 13.75 0.6092
180.0 0.0 -10.0 13.75 0.1626
180.0 2.5 -10.0 13.75 -0.5723
180.0 5.0 -10.0 13.75 -1.0271
180.0 7.5 -10.0 13.75 -1.1569
180.0 10.0 -10.0 13.75 -0.7271
180.0 -5.0 -7.5 13.75 0.47679999999999995
180.0 -2.5 -7.5 13.75 0.4079
180.0 0.0 -7.5 13.75 -0.1619
180.0 2.5 -7.5 13.75 -0.7272000000000001
180.0 5.0 -7.5 13.75 -1.4942
180.0 7.5 -7.5 13.75 -1.2305
180.0 10.0 -7.5 13.75 -0.5638
180.0 -5.0 -5.0 13.75 1.2633
180.0 -2.5 -5.0 13.75 2.5097
180.0 0.0 -5.0 13.75 2.8576
180.0 2.5 -5.0 13.75 1.9665
180.0 5.0 -5.0 13.75 0.8343
180.0 -5.0 -2.5 13.75 2.8121
180.0 -2.5 -2.5 13.75 5.7773
180.0 0.0 -2.5 13.75 7.2288
180.0 2.5 -2.5 13.75 6.1326
180.0 5.0 -2.5 13.75 4.4376
180.0 -5.0 0.0 13.75 2.7748999999999997
180.0 -2.5 0.0 13.75 6.5511
180.0 0.0 0.0 13.75 11.295100000000001
180.0 2.5 0.0 13.75 14.285300000000001
180.0 -5.0 2.5 13.75 1.0839999999999999
180.0 -2.5 2.5 13.75 1.2409999999999997
180.0 0.0 2.5 13.75 19.6232
180.0 2.5 2.5 13.75 19465.5219
180.0 5.0 2.5 13.75 10.538499999999999
180.0 -5.0 5.0 13.75 -16.3525
180.0 -2.5 5.0 13.75 -16.7162
180.0 0.0 5.0 13.75 17.9082
180.0 2.5 5.0 13.75 31168.834499999997
180.0 5.0 5.0 13.75 -5.6288
180.0 7.5 5.0 13.75 -7.4329
180.0 10.0 5.0 13.75 -5.3499
180.0 -5.0 -10.0 15.0 0.25579999999999997
180.0 -2.5 -10.0 15.0 0.3422
180.0 0.0 -10.0 15.0 0.008499999999999999
180.0 2.5 -10.0 15.0 -0.2974
180.0 5.0 -10.0 15.0 -0.7195
180.0 7.5 -10.0 15.0 -0.6734
180.0 10.0 -10.0 15.0 -0.3795
180.0 -5.0 -7.5 15.0 0.4662
180.0 -2.5 -7.5 15.0 0.1647
180.0 0.0 -7.5 15.0 -0.04
180.0 2.5 -7.5 15.0 -0.6114
180.0 5.0 -7.5 15.0 -0.7941
180.0 7.5 -7.5 15.0 -0.7468
180.0 10.0 -7.5 15.0 -0.5453
180.0 -5.0 -5.0 15.0 0.7288
180.0 -2.5 -5.0 15.0 1.8406
180.0 0.0 -5.0 15.0 2.2076
180.0 2.5 -5.0 15.0 1.7285
180.0 5.0 -5.0 15.0 0.9038999999999999
180.0 7.5 -5.0 15.0 0.16920000000000002
180.0 10.0 -5.0 15.0 0.2665
180.0 -5.0 -2.5 15.0 2.9819
180.0 -2.5 -2.5 15.0 4.6498
180.0 0.0 -2.5 15.0 5.2174000000000005
180.0 2.5 -2.5 15.0 4.6834
180.0 5.0 -2.5 15.0 3.0715000000000003
180.0 10.0 -2.5 15.0 1.3825
180.0 -5.0 0.0 15.0 2.7544
180.0 -2.5 0.0 15.0 5.1566
180.0 0.0 0.0 15.0 6.927500000000001
180.0 2.5 0.0 15.0 7.276
180.0 5.0 0.0 15.0 3.5741
180.0 -5.0 2.5 15.0 -1.1192
180.0 -2.5 2.5 15.0 0.3241999999999998
180.0 0.0 2.5 15.0 3.5643
180.0 2.5 2.5 15.0 10.0325
180.0 5.0 2.5 15.0 -0.48550000000000004
180.0 7.5 2.5 15.0 -2.6909
180.0 -5.0 5.0 15.0 -11.843499999999999
180.0 -2.5 5.0 15.0 -12.5678
180.0 0.0 5.0 15.0 -10.4058
180.0 2.5 5.0 15.0 -9.827599999999999
180.0 5.0 5.0 15.0 -7.7835
180.0 7.5 5.0 15.0 -4.9684
180.0 10.0 5.0 15.0 -3.1834
180.0 -5.0 -10.0 16.25 0.0752
180.0 -2.5 -10.0 16.25 0.1966
180.0 0.0 -10.0 16.25 0.1869
180.0 2.5 -10.0 16.25 -0.1345
180.0 5.0 -10.0 16.25 -0.2776
180.0 7.5 -10.0 16.25 -0.2983
180.0 10.0 -10.0 16.25 -0.2335
180.0 -5.0 -7.5 16.25 0.2691
180.0 -2.5 -7.5 16.25 0.29259999999999997
180.0 0.0 -7.5 16.25 0.0026999999999999993
180.0 2.5 -7.5 16.25 -0.1388
180.0 5.0 -7.5 16.25 -0.3308
180.0 7.5 -7.5 16.25 -0.4939
180.0 10.0 -7.5 16.25 -0.188
180.0 -5.0 -5.0 16.25 0.5634
180.0 -2.5 -5.0 16.25 1.0502
180.0 0.0 -5.0 16.25 1.3952
180.0 2.5 -5.0 16.25 1.3006
180.0 5.0 -5.0 16.25 0.7643000000000001
180.0 7.5 -5.0 16.25 0.23700000000000002
180.0 10.0 -5.0 16.25 0.1428
180.0 -5.0 -2.5 16.25 2.2215000000000003
180.0 -2.5 -2.5 16.25 3.4503
180.0 0.0 -2.5 16.25 3.8366000000000002
180.0 2.5 -2.5 16.25 3.2231
180.0 5.0 -2.5 16.25 2.29
180.0 7.5 -2.5 16.25 1.3037999999999998
180.0 10.0 -2.5 16.25 0.7715
180.0 -5.0 0.0 16.25 1.9868000000000001
180.0 -2.5 0.0 16.25 3.3484000000000003
180.0 0.0 0.0 16.25 4.7631000000000006
180.0 2.5 0.0 16.25 4.4916
180.0 5.0 0.0 16.25 2.7443999999999997
180.0 7.5 0.0 16.25 1.2981
180.0 -5.0 2.5 16.25 -1.4946
180.0 -2.5 2.5 16.25 -0.6188
180.0 0.0 2.5 16.25 1.4170000000000003
180.0 2.5 2.5 16.25 2.1418
180.0 5.0 2.5 16.25 0.18020000000000003
180.0 7.5 2.5 16.25 -1.3107000000000002
180.0 -5.0 5.0 16.25 -8.4705
180.0 -2.5 5.0 16.25 -8.3396
180.0 0.0 5.0 16.25 -6.7764999999999995
180.0 2.5 5.0 16.25 -5.8769
180.0 5.0 5.0 16.25 -4.3676
180.0 7.5 5.0 16.25 -3.2697
180.0 10.0 5.0 16.25 -1.9969
240.0 -5.0 -10.0 3.75 6.439
240.0 -2.5 -10.0 3.75 9.5287
240.0 0.0 -10.0 3.75 11.098700000000001
240.0 2.5 -10.0 3.75 8.7979
240.0 5.0 -10.0 3.75 8.7843
240.0 7.5 -10.0 3.75 6.443
240.0 10.0 -10.0 3.75 1.8971999999999998
240.0 -5.0 -7.5 3.75 8.8465
240.0 -2.5 -7.5 3.75 10.4176
240.0 0.0 -7.5 3.75 61.2253
240.0 2.5 -7.5 3.75 3073.6291
240.0 5.0 -7.5 3.75 175231853.4989
240.0 7.5 -7.5 3.75 421941.1445
240.0 10.0 -7.5 3.75 5.488999999999999
240.0 -5.0 -5.0 3.75 6.7237
240.0 -2.5 -5.0 3.75 229.8209
240.0 0.0 -5.0 3.75 1372142203.0095
240.0 2.5 -5.0 3.75 53200.577600000004
240.0 5.0 -5.0 3.75 9999999939.4216
240.0 7.5 -5.0 3.75 141913820.6888
240.0 10.0 -5.0 3.75 13519.5528
240.0 -5.0 -2.5 3.75 380006.1666
240.0 -2.5 -2.5 3.75 605.9816000000001
240.0 0.0 -2.5 3.75 9579901261.9497
240.0 2.5 -2.5 3.75 2527389726.8912997
240.0 5.0 -2.5 3.75 768642258.5237
240.0 7.5 -2.5 3.75 38683271.0879
240.0 10.0 -2.5 3.75 1544.6933
240.0 -5.0 0.0 3.75 9999999979.1474
240.0 -2.5 0.0 3.75 9999999964.0247
240.0 0.0 0.0 3.75 649631343.8524001
240.0 2.5 0.0 3.75 9999999923.6147
240.0 5.0 0.0 3.75 9999999953.4204
240.0 7.5 0.0 3.75 553593.9795
240.0 10.0 0.0 3.75 59.927099999999996
240.0 -5.0 2.5 3.75 9999999896.1872
240.0 -2.5 2.5 3.75 10000000071.1124
240.0 0.0 2.5 3.75 6764304695.278
240.0 2.5 2.5 3.75 4674554362.7653
240.0 5.0 2.5 3.75 9999999987.6506
240.0 7.5 2.5 3.75 4404023220.687201
240.0 10.0 2.5 3.75 419.7894
240.0 -5.0 5.0 3.75 9999999888.775301
240.0 -2.5 5.0 3.75 9999999935.7847
240.0 0.0 5.0 3.75 3536627700.4608
240.0 2.5 5.0 3.75 10000000017.963202
240.0 5.0 5.0 3.75 9999999850.070501
240.0 7.5 5.0 3.75 125260.2126
240.0 10.0 5.0 3.75 6.6068
240.0 0.0 0.0 5.0 9999999868.2527
240.0 -2.5 2.5 5.0 9999999979.4659
240.0 -2.5 5.0 5.0 9999999878.1557
240.0 0.0 0.0 6.25 10000000064.1028
240.0 -2.5 2.5 6.25 9999999959.343801
240.0 0.0 2.5 6.25 4744922338.8856
240.0 -5.0 5.0 6.25 9999999869.4535
240.0 -2.5 5.0 6.25 6574883098.2815
240.0 2.5 -10.0 7.5 4.6989
240.0 -2.5 -7.5 7.5 2.4645
240.0 0.0 -5.0 7.5 -11.147400000000001
240.0 0.0 0.0 7.5 56736337.9635
240.0 -2.5 2.5 7.5 9999999942.504501
240.0 0.0 2.5 7.5 3464295335.5754004
240.0 -5.0 5.0 7.5 9999999906.570002
240.0 -2.5 5.0 7.5 9999999907.4155
240.0 0.0 5.0 7.5 531093579.431
240.0 0.0 -10.0 8.75 3.2066000000000003
240.0 2.5 -10.0 8.75 3.7186
240.0 5.0 -10.0 8.75 4.3528
240.0 -2.5 -7.5 8.75 1.6047999999999998
240.0 0.0 -7.5 8.75 -1.312
240.0 2.5 -7.5 8.75 -4.3608
240.0 -2.5 -5.0 8.75 -6.3603000000000005
240.0 0.0 -5.0 8.75 -9.5969
240.0 0.0 -2.5 8.75 143405.1329
240.0 2.5 -2.5 8.75 64415.9551
240.0 -2.5 0.0 8.75 5410472.6888999995
240.0 0.0 0.0 8.75 47609315.1949
240.0 -2.5 2.5 8.75 10000000024.7903
240.0 0.0 2.5 8.75 10000000000.5011
240.0 2.5 2.5 8.75 9999999997.3223
240.0 -5.0 5.0 8.75 245409051.6171
240.0 -2.5 5.0 8.75 9999999879.3696
240.0 0.0 5.0 8.75 617672505.5182
240.0 0.0 -10.0 10.0 2.6198
240.0 2.5 -10.0 10.0 2.977
240.0 5.0 -10.0 10.0 3.2216
240.0 -2.5 -7.5 10.0 1.7944000000000002
240.0 0.0 -7.5 10.0 -0.5135
240.0 2.5 -7.5 10.0 -2.8515
240.0 -2.5 -5.0 10.0 -3.0135
240.0 0.0 -5.0 10.0 -7.8415
240.0 -5.0 -2.5 10.0 0.9988000000000001
240.0 -2.5 -2.5 10.0 1.678
240.0 0.0 -2.5 10.0 2061.7385
240.0 2.5 -2.5 10.0 24900.7456
240.0 -2.5 0.0 10.0 1580475.0489
240.0 0.0 0.0 10.0 57004806.5464
240.0 2.5 0.0 10.0 51242469.042899996
240.0 -5.0 2.5 10.0 9999999934.2
240.0 -2.5 2.5 10.0 1024287894.6284
240.0 0.0 2.5 10.0 2296396521.6702
240.0 2.5 2.5 10.0 9999999997.942501
240.0 -5.0 5.0 10.0 1949880.02
240.0 -2.5 5.0 10.0 9999999966.3279
240.0 0.0 5.0 10.0 2743539855.4059997
240.0 2.5 5.0 10.0 4329379.9482
240.0 7.5 5.0 10.0 23.4232
240.0 -2.5 -10.0 11.25 1.6404
240.0 0.0 -10.0 11.25 2.2474
240.0 2.5 -10.0 11.25 2.6352
240.0 5.0 -10.0 11.25 2.5566
240.0 7.5 -10.0 11.25 1.8762
240.0 10.0 -10.0 11.25 1.0961
240.0 -5.0 -7.5 11.25 2.9715
240.0 -2.5 -7.5 11.25 2.3305
240.0 0.0 -7.5 11.25 0.8264
240.0 2.5 -7.5 11.25 -0.9578
240.0 -2.5 -5.0 11.25 0.18310000000000004
240.0 0.0 -5.0 11.25 -3.2196
240.0 2.5 -5.0 11.25 -8.1039
240.0 -5.0 -2.5 11.25 4.1716999999999995
240.0 -2.5 -2.5 11.25 -1.5536000000000003
240.0 0.0 -2.5 11.25 4.8586
240.0 2.5 -2.5 11.25 5151.0626
240.0 -5.0 0.0 11.25 91.92819999999999
240.0 -2.5 0.0 11.25 3699.1919000000003
240.0 0.0 0.0 11.25 5236678702.8588
240.0 2.5 0.0 11.25 1204483775.7631001
240.0 -2.5 2.5 11.25 15305.6263
240.0 0.0 2.5 11.25 2331883800.9103
240.0 2.5 2.5 11.25 1185623457.6230001
240.0 5.0 2.5 11.25 10000000010.930601
240.0 7.5 2.5 11.25 596.6243000000001
240.0 -5.0 5.0 11.25 789.806
240.0 -2.5 5.0 11.25 1398487093.5473
240.0 0.0 5.0 11.25 9201146.7817
240.0 2.5 5.0 11.25 16201578.8266
240.0 7.5 5.0 11.25 5.379800000000001
240.0 -2.5 -10.0 12.5 1.125
240.0 0.0 -10.0 12.5 1.77
240.0 2.5 -10.0 12.5 2.3585000000000003
240.0 5.0 -10.0 12.5 2.1271
240.0 7.5 -10.0 12.5 1.5372999999999999
240.0 10.0 -10.0 12.5 1.0287
240.0 -5.0 -7.5 12.5 2.7615
240.0 -2.5 -7.5 12.5 2.9534
240.0 0.0 -7.5 12.5 2.1446
240.0 2.5 -7.5 12.5 0.9164
240.0 5.0 -7.5 12.5 0.3425
240.0 -5.0 -5.0 12.5 3.6248
240.0 -2.5 -5.0 12.5 2.4639
240.0 0.0 -5.0 12.5 0.27360000000000007
240.0 2.5 -5.0 12.5 -2.7842000000000002
240.0 5.0 -5.0 12.5 -3.6948999999999996
240.0 -5.0 -2.5 12.5 4.287800000000001
240.0 -2.5 -2.5 12.5 0.9228000000000001
240.0 0.0 -2.5 12.5 3.1521999999999997
240.0 2.5 -2.5 12.5 23.9833
240.0 -5.0 0.0 12.5 9.341600000000001
240.0 -2.5 0.0 12.5 11.8591
240.0 0.0 0.0 12.5 402648.3738
240.0 2.5 0.0 12.5 6693809.4766
240.0 5.0 0.0 12.5 917792.2797
240.0 -5.0 2.5 12.5 958.7239000000001
240.0 -2.5 2.5 12.5 105.40809999999999
240.0 0.0 2.5 12.5 12400.5895
240.0 2.5 2.5 12.5 109566.1046
240.0 5.0 2.5 12.5 2287.9674
240.0 7.5 2.5 12.5 117.6942
240.0 -5.0 5.0 12.5 -35.6383
240.0 -2.5 5.0 12.5 895594.5480000001
240.0 0.0 5.0 12.5 4078.4233999999997
240.0 2.5 5.0 12.5 57842.5745
240.0 5.0 5.0 12.5 221.89710000000002
240.0 7.5 5.0 12.5 2.6825
240.0 -2.5 -10.0 13.75 0.6913
240.0 0.0 -10.0 13.75 1.4521
240.0 2.5 -10.0 13.75 1.7856
240.0 5.0 -10.0 13.75 1.6748
240.0 7.5 -10.0 13.75 1.1429
240.0 10.0 -10.0 13.75 0.6927
240.0 -5.0 -7.5 13.75 2.3692
240.0 -2.5 -7.5 13.75 2.9506
240.0 0.0 -7.5 13.75 2.7786
240.0 2.5 -7.5 13.75 2.0764
240.0 5.0 -7.5 13.75 1.4286
240.0 7.5 -7.5 13.75 0.4836
240.0 10.0 -7.5 13.75 -0.4243
240.0 -5.0 -5.0 13.75 3.8460000000000005
240.0 -2.5 -5.0 13.75 3.609
240.0 0.0 -5.0 13.75 2.7661
240.0 2.5 -5.0 13.75 0.9517
240.0 5.0 -5.0 13.75 -0.3233
240.0 -5.0 -2.5 13.75 3.6398
240.0 -2.5 -2.5 13.75 2.2016
240.0 0.0 -2.5 13.75 3.3266
240.0 2.5 -2.5 13.75 3.1726
240.0 -5.0 0.0 13.75 -0.9283999999999999
240.0 -2.5 0.0 13.75 -5.9780999999999995
240.0 0.0 0.0 13.75 15.6146
240.0 2.5 0.0 13.75 349.1146
240.0 5.0 0.0 13.75 15506.956699999999
240.0 -5.0 2.5 13.75 -22.5883
240.0 -2.5 2.5 13.75 -25.3157
240.0 0.0 2.5 13.75 8.6098
240.0 2.5 2.5 13.75 454.1238
240.0 5.0 2.5 13.75 15.0323
240.0 7.5 2.5 13.75 -0.2318
240.0 10.0 2.5 13.75 1.8599999999999999
240.0 -5.0 5.0 13.75 -35.8883
240.0 -2.5 5.0 13.75 -38.1528
240.0 0.0 5.0 13.75 -14.884
240.0 2.5 5.0 13.75 -8.3664
240.0 5.0 5.0 13.75 -2.128
240.0 7.5 5.0 13.75 1.7527
240.0 10.0 5.0 13.75 2.2807000000000004
240.0 -5.0 -10.0 15.0 0.1044
240.0 -2.5 -10.0 15.0 0.295
240.0 0.0 -10.0 15.0 0.7865
240.0 2.5 -10.0 15.0 1.0902
240.0 5.0 -10.0 15.0 0.9083
240.0 7.5 -10.0 15.0 0.6287999999999999
240.0 10.0 -10.0 15.0 0.4844
240.0 -5.0 -7.5 15.0 1.8687
240.0 -2.5 -7.5 15.0 2.2771999999999997
240.0 0.0 -7.5 15.0 2.372
240.0 2.5 -7.5 15.0 2.3855
240.0 5.0 -7.5 15.0 1.7887
240.0 7.5 -7.5 15.0 0.8953
240.0 10.0 -7.5 15.0 -0.036000000000000004
240.0 -5.0 -5.0 15.0 3.3348999999999998
240.0 -2.5 -5.0 15.0 3.8017
240.0 0.0 -5.0 15.0 3.7807999999999997
240.0 2.5 -5.0 15.0 2.7056999999999998
240.0 5.0 -5.0 15.0 1.0404
240.0 10.0 -5.0 15.0 -0.6821999999999999
240.0 -5.0 -2.5 15.0 2.2578
240.0 -2.5 -2.5 15.0 2.4357
240.0 0.0 -2.5 15.0 3.2674000000000003
240.0 2.5 -2.5 15.0 3.2899999999999996
240.0 5.0 -2.5 15.0 0.7104999999999999
240.0 7.5 -2.5 15.0 -0.4433
240.0 -5.0 0.0 15.0 -3.1478
240.0 -2.5 0.0 15.0 -4.8681
240.0 0.0 0.0 15.0 -2.9417
240.0 2.5 0.0 15.0 2.665
240.0 5.0 0.0 15.0 0.5035000000000001
240.0 7.5 0.0 15.0 -1.3632
240.0 -5.0 2.5 15.0 -14.9383
240.0 -2.5 2.5 15.0 -16.534299999999998
240.0 0.0 2.5 15.0 -14.790700000000001
240.0 2.5 2.5 15.0 -13.5146
240.0 5.0 2.5 15.0 -5.5094
240.0 7.5 2.5 15.0 -0.9364
240.0 10.0 2.5 15.0 0.6480999999999999
240.0 -5.0 5.0 15.0 -23.9742
240.0 -2.5 5.0 15.0 -24.4285
240.0 0.0 5.0 15.0 -14.5826
240.0 2.5 5.0 15.0 -7.7555
240.0 5.0 5.0 15.0 -3.0917
240.0 7.5 5.0 15.0 0.038899999999999935
240.0 10.0 5.0 15.0 0.7007000000000001
240.0 -5.0 -10.0 16.25 0.0327
240.0 -2.5 -10.0 16.25 0.211
240.0 0.0 -10.0 16.25 0.27090000000000003
240.0 2.5 -10.0 16.25 0.3872
240.0 5.0 -10.0 16.25 0.4668
240.0 7.5 -10.0 16.25 0.32549999999999996
240.0 10.0 -10.0 16.25 0.3458
240.0 -5.0 -7.5 16.25 1.2254999999999998
240.0 -2.5 -7.5 16.25 1.8187
240.0 0.0 -7.5 16.25 2.02
240.0 2.5 -7.5 16.25 2.136
240.0 5.0 -7.5 16.25 1.6633
240.0 7.5 -7.5 16.25 0.6735
240.0 10.0 -7.5 16.25 0.014699999999999998
240.0 -5.0 -5.0 16.25 2.5629
240.0 -2.5 -5.0 16.25 3.1487999999999996
240.0 0.0 -5.0 16.25 3.4385999999999997
240.0 2.5 -5.0 16.25 2.7738
240.0 5.0 -5.0 16.25 1.7906
240.0 7.5 -5.0 16.25 0.7198
240.0 10.0 -5.0 16.25 -0.169
240.0 -5.0 -2.5 16.25 1.7137
240.0 -2.5 -2.5 16.25 1.9004999999999999
240.0 0.0 -2.5 16.25 2.77
240.0 2.5 -2.5 16.25 2.7037999999999998
240.0 5.0 -2.5 16.25 1.1407
240.0 7.5 -2.5 16.25 -0.19219999999999998
240.0 10.0 -2.5 16.25 -0.31410000000000005
240.0 -5.0 0.0 16.25 -2.9469
240.0 -2.5 0.0 16.25 -3.3517
240.0 0.0 0.0 16.25 -1.9905
240.0 2.5 0.0 16.25 -0.7835
240.0 5.0 0.0 16.25 -1.1469
240.0 7.5 0.0 16.25 -0.6773
240.0 -5.0 2.5 16.25 -10.7114
240.0 -2.5 2.5 16.25 -11.605
240.0 0.0 2.5 16.25 -8.883700000000001
240.0 2.5 2.5 16.25 -6.9873
240.0 5.0 2.5 16.25 -3.5579
240.0 7.5 2.5 16.25 -0.908
240.0 10.0 2.5 16.25 -0.11510000000000001
240.0 -5.0 5.0 16.25 -16.1321
240.0 -2.5 5.0 16.25 -16.1493
240.0 0.0 5.0 16.25 -10.311300000000001
240.0 2.5 5.0 16.25 -5.7516
240.0 5.0 5.0 16.25 -2.02
240.0 7.5 5.0 16.25 -0.424
240.0 10.0 5.0 16.25 0.1053
300.0 -5.0 -10.0 3.75 -1.1631
300.0 -2.5 -10.0 3.75 0.4317000000000001
300.0 0.0 -10.0 3.75 0.8495000000000001
300.0 2.5 -10.0 3.75 1.5727
300.0 5.0 -10.0 3.75 2.4206000000000003
300.0 7.5 -10.0 3.75 3.0436
300.0 10.0 -10.0 3.75 2.1497
300.0 -5.0 -7.5 3.75 180.1386
300.0 -2.5 -7.5 3.75 247.0075
300.0 0.0 -7.5 3.75 515.7797
300.0 2.5 -7.5 3.75 18254.9943
300.0 5.0 -7.5 3.75 10.4158
300.0 7.5 -7.5 3.75 4.871700000000001
300.0 10.0 -7.5 3.75 5.4192
300.0 -5.0 -5.0 3.75 1183575.0311
300.0 -2.5 -5.0 3.75 14866643.9903
300.0 0.0 -5.0 3.75 1065203.0541
300.0 2.5 -5.0 3.75 3756825.8647
300.0 5.0 -5.0 3.75 839.4055000000001
300.0 7.5 -5.0 3.75 1.1176999999999997
300.0 10.0 -5.0 3.75 4.706
300.0 -5.0 -2.5 3.75 10433508.9569
300.0 -2.5 -2.5 3.75 9690818357.6422
300.0 0.0 -2.5 3.75 14418681.4794
300.0 2.5 -2.5 3.75 666008404.8749
300.0 5.0 -2.5 3.75 5096.092000000001
300.0 7.5 -2.5 3.75 -4.7402
300.0 10.0 -2.5 3.75 10.8148
300.0 -5.0 0.0 3.75 1047121645.4398
300.0 -2.5 0.0 3.75 2426258679.8508
300.0 0.0 0.0 3.75 9999999848.5872
300.0 2.5 0.0 3.75 9999999941.5133
300.0 5.0 0.0 3.75 34721.7192
300.0 7.5 0.0 3.75 105.5102
300.0 10.0 0.0 3.75 55198784.0074
300.0 -5.0 2.5 3.75 9999999954.2014
300.0 -2.5 2.5 3.75 6299087231.4616
300.0 0.0 2.5 3.75 9999999914.333
300.0 2.5 2.5 3.75 2266257292.8165
300.0 5.0 2.5 3.75 301826197.36520004
300.0 7.5 2.5 3.75 122373.5359
300.0 10.0 2.5 3.75 9999999960.2661
300.0 -5.0 5.0 3.75 9999999928.0223
300.0 -2.5 5.0 3.75 10000000140.1114
300.0 0.0 5.0 3.75 10000000016.5224
300.0 2.5 5.0 3.75 9999999848.2791
300.0 5.0 5.0 3.75 9999999870.045502
300.0 7.5 5.0 3.75 9999999967.5242
300.0 10.0 5.0 3.75 61626673.5332
300.0 -2.5 -2.5 6.25 333406511.28040004
300.0 0.0 -2.5 6.25 2012440656.6357
300.0 2.5 -2.5 6.25 1194578317.0103998
300.0 2.5 -5.0 7.5 925336.466
300.0 -2.5 -2.5 7.5 8678174.538900001
300.0 0.0 -2.5 7.5 39400.3392
300.0 0.0 0.0 7.5 1300280030.2677
300.0 0.0 2.5 7.5 9999999897.7989
300.0 5.0 -10.0 8.75 0.7952999999999999
300.0 2.5 -7.5 8.75 0.2944
300.0 5.0 -7.5 8.75 -0.21960000000000002
300.0 0.0 -5.0 8.75 31.7697
300.0 2.5 -5.0 8.75 1911.71
300.0 5.0 -5.0 8.75 19747878.8164
300.0 -5.0 -2.5 8.75 33.4968
300.0 -2.5 -2.5 8.75 13999.035100000001
300.0 0.0 -2.5 8.75 388.91909999999996
300.0 2.5 -2.5 8.75 41703.4688
300.0 -5.0 0.0 8.75 3068.1052
300.0 0.0 0.0 8.75 15715950.4722
300.0 0.0 2.5 8.75 9999999988.979101
300.0 0.0 5.0 8.75 10000000027.981901
300.0 0.0 -10.0 10.0 1.9912999999999998
300.0 2.5 -10.0 10.0 1.3574
300.0 5.0 -10.0 10.0 1.1491
300.0 7.5 -10.0 10.0 1.6276
300.0 10.0 -10.0 10.0 1.2019
300.0 2.5 -7.5 10.0 3.4494999999999996
300.0 5.0 -7.5 10.0 2.4787999999999997
300.0 -5.0 -5.0 10.0 9.7387
300.0 0.0 -5.0 10.0 5.9559999999999995
300.0 2.5 -5.0 10.0 13.8884
300.0 5.0 -5.0 10.0 36.0157
300.0 -5.0 -2.5 10.0 12.2236
300.0 -2.5 -2.5 10.0 57.197
300.0 0.0 -2.5 10.0 1541.9197000000001
300.0 2.5 -2.5 10.0 1276.2947
300.0 -5.0 0.0 10.0 709.6073
300.0 -2.5 0.0 10.0 345831.7412
300.0 0.0 0.0 10.0 172519.5257
300.0 2.5 0.0 10.0 747041548.4573001
300.0 0.0 2.5 10.0 8274216.975
300.0 0.0 5.0 10.0 10000000043.9839
300.0 2.5 5.0 10.0 17714504.1207
300.0 0.0 -10.0 11.25 2.3207
300.0 2.5 -10.0 11.25 2.0052000000000003
300.0 5.0 -10.0 11.25 1.4768999999999999
300.0 7.5 -10.0 11.25 1.4671999999999998
300.0 10.0 -10.0 11.25 0.8467
300.0 -2.5 -7.5 11.25 5.8464
300.0 0.0 -7.5 11.25 6.0169
300.0 2.5 -7.5 11.25 5.004300000000001
300.0 5.0 -7.5 11.25 4.0457
300.0 7.5 -7.5 11.25 3.0778000000000003
300.0 -5.0 -5.0 11.25 8.4874
300.0 -2.5 -5.0 11.25 9.2797
300.0 0.0 -5.0 11.25 7.0802000000000005
300.0 2.5 -5.0 11.25 6.2992
300.0 5.0 -5.0 11.25 6.495799999999999
300.0 -5.0 -2.5 11.25 10.8585
300.0 -2.5 -2.5 11.25 17.8913
300.0 0.0 -2.5 11.25 101.62819999999999
300.0 2.5 -2.5 11.25 28866665.6895
300.0 -5.0 0.0 11.25 539.3669
300.0 -2.5 0.0 11.25 4539815.517
300.0 0.0 0.0 11.25 649.3609
300.0 2.5 0.0 11.25 9999999980.0447
300.0 -5.0 2.5 11.25 316.9549
300.0 -2.5 2.5 11.25 61055.8865
300.0 0.0 2.5 11.25 50415606.861999996
300.0 2.5 2.5 11.25 452810.8102
300.0 5.0 2.5 11.25 97283951.6664
300.0 0.0 5.0 11.25 6865243.7239
300.0 2.5 5.0 11.25 339638.9291
300.0 5.0 5.0 11.25 18049019.897
300.0 7.5 5.0 11.25 10410.931700000001
300.0 -2.5 -10.0 12.5 1.7405000000000002
300.0 0.0 -10.0 12.5 2.2841
300.0 2.5 -10.0 12.5 2.0495
300.0 5.0 -10.0 12.5 1.7418
300.0 7.5 -10.0 12.5 1.3372
300.0 10.0 -10.0 12.5 0.6658
300.0 -2.5 -7.5 12.5 4.9081
300.0 0.0 -7.5 12.5 5.37
300.0 2.5 -7.5 12.5 5.0985
300.0 5.0 -7.5 12.5 4.450900000000001
300.0 7.5 -7.5 12.5 2.8234000000000004
300.0 -5.0 -5.0 12.5 6.4619
300.0 -2.5 -5.0 12.5 7.608600000000001
300.0 0.0 -5.0 12.5 6.8959
300.0 2.5 -5.0 12.5 8.2207
300.0 5.0 -5.0 12.5 8.3012
300.0 -5.0 -2.5 12.5 6.7399000000000004
300.0 -2.5 -2.5 12.5 8.508899999999999
300.0 0.0 -2.5 12.5 1.7086999999999999
300.0 2.5 -2.5 12.5 22397.007100000003
300.0 5.0 -2.5 12.5 574.8453000000001
300.0 -5.0 0.0 12.5 -0.052799999999999514
300.0 -2.5 0.0 12.5 1138.7375000000002
300.0 0.0 0.0 12.5 -19.4458
300.0 2.5 0.0 12.5 14157.5039
300.0 5.0 0.0 12.5 879448958.7994001
300.0 7.5 0.0 12.5 6489.0736
300.0 -5.0 2.5 12.5 -20.0686
300.0 -2.5 2.5 12.5 167.7131
300.0 0.0 2.5 12.5 5250.2305
300.0 2.5 2.5 12.5 3745.2894
300.0 5.0 2.5 12.5 181756.89849999998
300.0 7.5 2.5 12.5 22878.3038
300.0 -5.0 5.0 12.5 -14.5613
300.0 -2.5 5.0 12.5 1298.3986
300.0 0.0 5.0 12.5 603507.0645999999
300.0 2.5 5.0 12.5 3697.2057999999997
300.0 5.0 5.0 12.5 711.2683999999999
300.0 7.5 5.0 12.5 10.7637
300.0 -2.5 -10.0 13.75 1.496
300.0 0.0 -10.0 13.75 1.9106
300.0 2.5 -10.0 13.75 1.9242000000000001
300.0 5.0 -10.0 13.75 1.7656
300.0 7.5 -10.0 13.75 1.256
300.0 10.0 -10.0 13.75 0.6897
300.0 -5.0 -7.5 13.75 2.9649
300.0 -2.5 -7.5 13.75 3.903
300.0 0.0 -7.5 13.75 4.337000000000001
300.0 2.5 -7.5 13.75 4.4590000000000005
300.0 5.0 -7.5 13.75 3.7195
300.0 7.5 -7.5 13.75 2.6342
300.0 -5.0 -5.0 13.75 4.3617
300.0 -2.5 -5.0 13.75 5.5526
300.0 0.0 -5.0 13.75 5.7384
300.0 2.5 -5.0 13.75 7.2559
300.0 5.0 -5.0 13.75 7.2753000000000005
300.0 -5.0 -2.5 13.75 3.0282
300.0 -2.5 -2.5 13.75 2.6567
300.0 0.0 -2.5 13.75 -0.12369999999999992
300.0 2.5 -2.5 13.75 11.095299999999998
300.0 5.0 -2.5 13.75 33.3113
300.0 7.5 -2.5 13.75 0.25970000000000004
300.0 -5.0 0.0 13.75 -8.4263
300.0 -2.5 0.0 13.75 -15.3601
300.0 0.0 0.0 13.75 -19.642
300.0 2.5 0.0 13.75 12.202300000000001
300.0 5.0 0.0 13.75 367372.51019999996
300.0 7.5 0.0 13.75 62.573899999999995
300.0 -5.0 2.5 13.75 -16.7457
300.0 -2.5 2.5 13.75 -34.7446
300.0 0.0 2.5 13.75 -40.004000000000005
300.0 2.5 2.5 13.75 -12.1984
300.0 5.0 2.5 13.75 69.823
300.0 7.5 2.5 13.75 127.24839999999999
300.0 10.0 2.5 13.75 -8.0011
300.0 -5.0 5.0 13.75 -16.1953
300.0 -2.5 5.0 13.75 12.560699999999997
300.0 0.0 5.0 13.75 10.562799999999996
300.0 2.5 5.0 13.75 -14.057100000000002
300.0 5.0 5.0 13.75 -6.0502
300.0 7.5 5.0 13.75 -8.437100000000001
300.0 10.0 5.0 13.75 -5.8753
300.0 -2.5 -10.0 15.0 1.2393999999999998
300.0 0.0 -10.0 15.0 1.5714000000000001
300.0 2.5 -10.0 15.0 1.7089
300.0 5.0 -10.0 15.0 1.5872
300.0 7.5 -10.0 15.0 1.1998
300.0 10.0 -10.0 15.0 0.6003000000000001
300.0 -5.0 -7.5 15.0 2.3045999999999998
300.0 -2.5 -7.5 15.0 3.1052999999999997
300.0 0.0 -7.5 15.0 3.5042
300.0 2.5 -7.5 15.0 3.6767000000000003
300.0 5.0 -7.5 15.0 3.0996
300.0 7.5 -7.5 15.0 2.2097
300.0 10.0 -7.5 15.0 1.1488999999999998
300.0 -5.0 -5.0 15.0 2.676
300.0 -2.5 -5.0 15.0 3.3767
300.0 0.0 -5.0 15.0 3.9907000000000004
300.0 2.5 -5.0 15.0 5.0928
300.0 5.0 -5.0 15.0 5.637
300.0 7.5 -5.0 15.0 3.0379
300.0 -5.0 -2.5 15.0 0.6081
300.0 -2.5 -2.5 15.0 -0.0013000000000000234
300.0 0.0 -2.5 15.0 -0.43000000000000005
300.0 2.5 -2.5 15.0 2.4462
300.0 5.0 -2.5 15.0 6.4703
300.0 7.5 -2.5 15.0 0.9772000000000001
300.0 10.0 -2.5 15.0 0.15309999999999999
300.0 -5.0 0.0 15.0 -5.890899999999999
300.0 -2.5 0.0 15.0 -11.018799999999999
300.0 0.0 0.0 15.0 -12.946299999999999
300.0 2.5 0.0 15.0 -12.3412
300.0 5.0 0.0 15.0 -11.3993
300.0 7.5 0.0 15.0 -6.4843
300.0 10.0 0.0 15.0 -3.0743
300.0 -5.0 2.5 15.0 -13.1197
300.0 -2.5 2.5 15.0 -23.309
300.0 0.0 2.5 15.0 -24.7029
300.0 2.5 2.5 15.0 -17.314500000000002
300.0 5.0 2.5 15.0 -13.4754
300.0 7.5 2.5 15.0 -8.7334
300.0 10.0 2.5 15.0 -4.5467
300.0 -5.0 5.0 15.0 -13.819099999999999
300.0 -2.5 5.0 15.0 -28.5465
300.0 0.0 5.0 15.0 -24.863
300.0 2.5 5.0 15.0 -12.806
300.0 5.0 5.0 15.0 -7.896100000000001
300.0 7.5 5.0 15.0 -5.512
300.0 10.0 5.0 15.0 -3.3406
300.0 -5.0 -10.0 16.25 0.4604
300.0 -2.5 -10.0 16.25 0.8914000000000001
300.0 0.0 -10.0 16.25 1.2677
300.0 2.5 -10.0 16.25 1.3602
300.0 5.0 -10.0 16.25 1.3098
300.0 7.5 -10.0 16.25 0.9688
300.0 10.0 -10.0 16.25 0.3926
300.0 -5.0 -7.5 16.25 1.4852999999999998
300.0 -2.5 -7.5 16.25 2.4227
300.0 0.0 -7.5 16.25 2.9429
300.0 2.5 -7.5 16.25 2.9175
300.0 5.0 -7.5 16.25 2.5198
300.0 7.5 -7.5 16.25 1.7466
300.0 10.0 -7.5 16.25 0.9139999999999999
300.0 -5.0 -5.0 16.25 1.5475
300.0 -2.5 -5.0 16.25 2.0984
300.0 0.0 -5.0 16.25 2.2657000000000003
300.0 2.5 -5.0 16.25 3.2981999999999996
300.0 5.0 -5.0 16.25 3.5278
300.0 7.5 -5.0 16.25 2.3976
300.0 10.0 -5.0 16.25 1.2707
300.0 -5.0 -2.5 16.25 -0.4575
300.0 -2.5 -2.5 16.25 -0.9371
300.0 0.0 -2.5 16.25 -0.8903000000000001
300.0 2.5 -2.5 16.25 0.7596
300.0 5.0 -2.5 16.25 2.174
300.0 7.5 -2.5 16.25 0.9040999999999999
300.0 10.0 -2.5 16.25 0.2211
300.0 -5.0 0.0 16.25 -4.8427999999999995
300.0 -2.5 0.0 16.25 -8.2114
300.0 0.0 0.0 16.25 -8.5942
300.0 2.5 0.0 16.25 -6.8999
300.0 5.0 0.0 16.25 -5.7413
300.0 7.5 0.0 16.25 -3.3728000000000002
300.0 10.0 0.0 16.25 -1.5551000000000001
300.0 -5.0 2.5 16.25 -8.8374
300.0 -2.5 2.5 16.25 -15.1052
300.0 0.0 2.5 16.25 -16.0534
300.0 2.5 2.5 16.25 -11.7351
300.0 5.0 2.5 16.25 -8.2652
300.0 7.5 2.5 16.25 -5.0828
300.0 10.0 2.5 16.25 -2.6384
300.0 -5.0 5.0 16.25 -9.9316
300.0 -2.5 5.0 16.25 -18.3859
300.0 0.0 5.0 16.25 -16.6607
300.0 2.5 5.0 16.25 -10.0155
300.0 5.0 5.0 16.25 -5.827400000000001
300.0 7.5 5.0 16.25 -3.3411
300.0 10.0 5.0 16.25 -1.9557
