0.0 -2.5 -7.5 10.0 10000000155.539501
0.0 -2.5 -5.0 10.0 9999999900.0555
0.0 -2.5 -2.5 10.0 9999999995.421202
0.0 0.0 0.0 10.0 9999999782.3211
0.0 -2.5 2.5 10.0 9999999784.449501
0.0 -5.0 5.0 10.0 9999999920.1481
0.0 -2.5 -7.5 11.25 9999999992.3528
0.0 0.0 -7.5 11.25 10000000203.906502
0.0 -5.0 -5.0 11.25 10000000059.6566
0.0 -2.5 -5.0 11.25 10000000151.487701
0.0 0.0 -5.0 11.25 10000000257.7075
0.0 -2.5 -2.5 11.25 10000000248.815
0.0 2.5 -2.5 11.25 9999999705.0919
0.0 5.0 -2.5 11.25 9999999770.098501
0.0 -2.5 0.0 11.25 9999999870.044601
0.0 0.0 0.0 11.25 9999999988.284101
0.0 -5.0 2.5 11.25 9999999831.939201
0.0 -2.5 2.5 11.25 10000000431.1151
0.0 0.0 2.5 11.25 9999999834.888102
0.0 -5.0 5.0 11.25 9999999768.009901
0.0 -2.5 5.0 11.25 9999999658.5344
0.0 0.0 -10.0 12.5 10000000467.139801
0.0 2.5 -10.0 12.5 10000000389.5471
0.0 -2.5 -7.5 12.5 9999999906.034801
0.0 0.0 -7.5 12.5 10000000398.626501
0.0 -5.0 -5.0 12.5 3583103681.8917
0.0 -2.5 -5.0 12.5 9999999836.293701
0.0 0.0 -5.0 12.5 10000000097.588902
0.0 2.5 -5.0 12.5 10000000192.364601
0.0 -2.5 -2.5 12.5 10000000278.541601
0.0 0.0 -2.5 12.5 9999999824.2548
0.0 2.5 -2.5 12.5 10000000221.4508
0.0 5.0 -2.5 12.5 10000000178.5041
0.0 -2.5 0.0 12.5 9999999492.9517
0.0 0.0 0.0 12.5 9999999902.2816
0.0 -5.0 2.5 12.5 9999999550.283201
0.0 -2.5 2.5 12.5 2741405501.2003
0.0 0.0 2.5 12.5 9999999793.897501
0.0 -5.0 5.0 12.5 9999999830.627602
0.0 -2.5 5.0 12.5 10000000156.4281
0.0 0.0 5.0 12.5 9999999967.1961
0.0 0.0 -10.0 13.75 10000000003.283201
0.0 2.5 -10.0 13.75 10000000236.344002
0.0 -5.0 -7.5 13.75 10000000327.5785
0.0 -2.5 -7.5 13.75 10000000016.2425
0.0 0.0 -7.5 13.75 10000000145.3136
0.0 5.0 -7.5 13.75 9999999684.6462
0.0 -5.0 -5.0 13.75 10000000122.241001
0.0 -2.5 -5.0 13.75 10000000253.541601
0.0 0.0 -5.0 13.75 10000000125.466702
0.0 2.5 -5.0 13.75 10000000049.256601
0.0 -5.0 -2.5 13.75 10000000019.038801
0.0 -2.5 -2.5 13.75 9999999885.4106
0.0 0.0 -2.5 13.75 10000000019.829
0.0 2.5 -2.5 13.75 10000000164.2122
0.0 5.0 -2.5 13.75 10000000156.186
0.0 7.5 -2.5 13.75 3276827242.8804
0.0 -5.0 0.0 13.75 9999999721.303501
0.0 -2.5 0.0 13.75 10000000001.515902
0.0 0.0 0.0 13.75 9999999611.991001
0.0 2.5 0.0 13.75 9999999911.7942
0.0 10.0 0.0 13.75 641800.3513
0.0 -5.0 2.5 13.75 9999999740.2949
0.0 -2.5 2.5 13.75 6512933538.419801
0.0 0.0 2.5 13.75 9999999912.384901
0.0 -5.0 5.0 13.75 9999999893.1446
0.0 -2.5 5.0 13.75 9999999741.127
0.0 0.0 5.0 13.75 9999999747.9806
0.0 -5.0 -10.0 15.0 10000000037.9853
0.0 -2.5 -10.0 15.0 4589016649.0479
0.0 0.0 -10.0 15.0 10000000170.175901
0.0 2.5 -10.0 15.0 467722305.8861
0.0 5.0 -10.0 15.0 5823867029.881499
0.0 7.5 -10.0 15.0 2393163171.7979
0.0 10.0 -10.0 15.0 291702.977
0.0 -5.0 -7.5 15.0 10000000063.492
0.0 -2.5 -7.5 15.0 10000000282.636301
0.0 0.0 -7.5 15.0 10000000243.0587
0.0 2.5 -7.5 15.0 10000000111.0606
0.0 5.0 -7.5 15.0 10000000452.8013
0.0 10.0 -7.5 15.0 400678570.22889996
0.0 -5.0 -5.0 15.0 10000000011.7509
0.0 -2.5 -5.0 15.0 10000000177.5972
0.0 0.0 -5.0 15.0 10000000317.272701
0.0 2.5 -5.0 15.0 10000000255.307402
0.0 5.0 -5.0 15.0 10000000265.6375
0.0 7.5 -5.0 15.0 1067290373.8740001
0.0 -5.0 -2.5 15.0 9999999618.504002
0.0 -2.5 -2.5 15.0 9999999982.9916
0.0 0.0 -2.5 15.0 10000000203.630402
0.0 2.5 -2.5 15.0 10000000201.335701
0.0 5.0 -2.5 15.0 10000000224.8155
0.0 7.5 -2.5 15.0 10000000069.934502
0.0 10.0 -2.5 15.0 9999999919.3327
0.0 -5.0 0.0 15.0 9999999674.5883
0.0 -2.5 0.0 15.0 9999999685.382301
0.0 0.0 0.0 15.0 10000000121.2672
0.0 2.5 0.0 15.0 9999999819.052301
0.0 5.0 0.0 15.0 9999999952.8437
0.0 7.5 0.0 15.0 417114131.6228
0.0 10.0 0.0 15.0 187594.4755
0.0 -5.0 2.5 15.0 9999999592.880001
0.0 -2.5 2.5 15.0 9999999826.946001
0.0 0.0 2.5 15.0 9999999883.619501
0.0 2.5 2.5 15.0 3971417834.1238003
0.0 5.0 2.5 15.0 9999999922.7987
0.0 7.5 2.5 15.0 599860557.8793
0.0 -5.0 5.0 15.0 9999999939.238201
0.0 -2.5 5.0 15.0 5906658528.555599
0.0 0.0 5.0 15.0 9999999864.426102
0.0 2.5 5.0 15.0 10000000054.2786
0.0 10.0 5.0 15.0 11327053.7735
0.0 -5.0 -10.0 16.25 2149265862.1902
0.0 -2.5 -10.0 16.25 9999999889.379501
0.0 0.0 -10.0 16.25 10000000272.013401
0.0 2.5 -10.0 16.25 10000000680.735102
0.0 5.0 -10.0 16.25 10000000114.1025
0.0 7.5 -10.0 16.25 293813798.7559
0.0 10.0 -10.0 16.25 6065.915
0.0 -5.0 -7.5 16.25 9999999861.0524
0.0 -2.5 -7.5 16.25 10000000126.8691
0.0 0.0 -7.5 16.25 10000000373.337502
0.0 2.5 -7.5 16.25 10000000177.0972
0.0 5.0 -7.5 16.25 10000000153.497702
0.0 7.5 -7.5 16.25 15111176.7013
0.0 10.0 -7.5 16.25 3180340.5394
0.0 -5.0 -5.0 16.25 10000000381.296001
0.0 -2.5 -5.0 16.25 10000000370.0498
0.0 0.0 -5.0 16.25 10000000223.686602
0.0 2.5 -5.0 16.25 10000000328.118801
0.0 5.0 -5.0 16.25 10000000538.629501
0.0 7.5 -5.0 16.25 9999999867.260601
0.0 10.0 -5.0 16.25 2271438767.3652
0.0 -5.0 -2.5 16.25 10000000058.2504
0.0 -2.5 -2.5 16.25 10000000263.8244
0.0 0.0 -2.5 16.25 10000000221.6285
0.0 2.5 -2.5 16.25 3139976419.0605
0.0 5.0 -2.5 16.25 10000000099.097301
0.0 7.5 -2.5 16.25 9999999985.5217
0.0 10.0 -2.5 16.25 132534418.8967
0.0 -5.0 0.0 16.25 5214035752.3327
0.0 -2.5 0.0 16.25 747703919.7888
0.0 0.0 0.0 16.25 10000000148.3582
0.0 2.5 0.0 16.25 10000000032.1784
0.0 5.0 0.0 16.25 7242483068.2035
0.0 7.5 0.0 16.25 1141705397.6739
0.0 10.0 0.0 16.25 68368.196
0.0 -5.0 2.5 16.25 9999999769.2064
0.0 -2.5 2.5 16.25 9999999768.633202
0.0 0.0 2.5 16.25 9999999785.5016
0.0 2.5 2.5 16.25 198041371.5487
0.0 5.0 2.5 16.25 10000000041.8195
0.0 7.5 2.5 16.25 100255.5724
0.0 10.0 2.5 16.25 -34.30120000000001
0.0 -5.0 5.0 16.25 9999999416.365301
0.0 -2.5 5.0 16.25 9999999599.3041
0.0 0.0 5.0 16.25 430230855.0048
0.0 2.5 5.0 16.25 10844664.424
0.0 5.0 5.0 16.25 425703464.8453
0.0 7.5 5.0 16.25 67926.71029999999
0.0 10.0 5.0 16.25 -133.8002
60.0 -5.0 -10.0 3.75 9999999636.5198
60.0 -2.5 -10.0 3.75 9999999791.855501
60.0 0.0 -10.0 3.75 10000000322.9176
60.0 2.5 -10.0 3.75 10000000230.520802
60.0 5.0 -10.0 3.75 10000000451.0734
60.0 7.5 -10.0 3.75 9999999972.207201
60.0 10.0 -10.0 3.75 10000000000.835402
60.0 -5.0 -7.5 3.75 10000000093.033602
60.0 -2.5 -7.5 3.75 9999999596.5513
60.0 0.0 -7.5 3.75 9999999986.1791
60.0 2.5 -7.5 3.75 10000000199.848501
60.0 5.0 -7.5 3.75 10000000063.739601
60.0 7.5 -7.5 3.75 9999999878.8477
60.0 10.0 -7.5 3.75 10000000013.501701
60.0 -5.0 -5.0 3.75 9999999917.1865
60.0 -2.5 -5.0 3.75 9999999866.341702
60.0 0.0 -5.0 3.75 10000000333.590302
60.0 2.5 -5.0 3.75 9999999613.5653
60.0 5.0 -5.0 3.75 9999999988.3113
60.0 7.5 -5.0 3.75 9999999858.0694
60.0 10.0 -5.0 3.75 10000000209.075
60.0 -5.0 -2.5 3.75 10000000625.234402
60.0 -2.5 -2.5 3.75 9999999812.9202
60.0 0.0 -2.5 3.75 9999999955.6527
60.0 2.5 -2.5 3.75 9999999691.150702
60.0 5.0 -2.5 3.75 9999999943.7507
60.0 7.5 -2.5 3.75 10000000074.1583
60.0 10.0 -2.5 3.75 10000000147.305
60.0 -5.0 0.0 3.75 10000000134.3813
60.0 -2.5 0.0 3.75 10000000118.598902
60.0 0.0 0.0 3.75 9999999998.704102
60.0 2.5 0.0 3.75 10000000068.624
60.0 5.0 0.0 3.75 9999999730.613
60.0 7.5 0.0 3.75 9999999961.793402
60.0 10.0 0.0 3.75 9999999782.4321
60.0 -5.0 2.5 3.75 10000000050.185202
60.0 -2.5 2.5 3.75 10000000002.2353
60.0 0.0 2.5 3.75 10000000283.3038
60.0 2.5 2.5 3.75 9999999888.343401
60.0 5.0 2.5 3.75 9999999935.231
60.0 7.5 2.5 3.75 10000000061.2087
60.0 10.0 2.5 3.75 9999999833.554901
60.0 -5.0 5.0 3.75 10000000116.000301
60.0 -2.5 5.0 3.75 9999999961.9908
60.0 0.0 5.0 3.75 10000000053.2446
60.0 2.5 5.0 3.75 10000000676.7169
60.0 5.0 5.0 3.75 9999999803.5849
60.0 7.5 5.0 3.75 830508332.0779
60.0 10.0 5.0 3.75 9999999866.924501
60.0 2.5 5.0 10.0 9999999939.8267
60.0 2.5 -10.0 11.25 9999999918.217001
60.0 7.5 -10.0 11.25 10000000031.205101
60.0 5.0 -7.5 11.25 10000000014.408901
60.0 -2.5 2.5 11.25 8646240348.7168
60.0 0.0 2.5 11.25 10000000056.6221
60.0 2.5 2.5 11.25 9999999810.6173
60.0 5.0 2.5 11.25 9999999747.7341
60.0 7.5 2.5 11.25 9999999939.0445
60.0 -2.5 5.0 11.25 6543419638.197
60.0 0.0 5.0 11.25 142089706.7956
60.0 2.5 5.0 11.25 5375019527.507
60.0 5.0 5.0 11.25 9999999765.4829
60.0 0.0 -10.0 12.5 9999999919.407202
60.0 2.5 -10.0 12.5 9999999742.777401
60.0 5.0 -10.0 12.5 1866275292.6971002
60.0 7.5 -10.0 12.5 9999999956.5723
60.0 0.0 -5.0 12.5 9999999835.206202
60.0 0.0 2.5 12.5 10000000115.461102
60.0 2.5 2.5 12.5 10000000043.266401
60.0 5.0 2.5 12.5 10000000098.198301
60.0 7.5 2.5 12.5 9999999867.7756
60.0 10.0 2.5 12.5 16748516.5004
60.0 0.0 5.0 12.5 10000000090.8407
60.0 2.5 5.0 12.5 10000000019.857
60.0 5.0 5.0 12.5 9999999822.788301
60.0 7.5 5.0 12.5 45899547.4388
60.0 10.0 5.0 12.5 297893756.4268
60.0 0.0 -10.0 13.75 9999999890.425201
60.0 2.5 -10.0 13.75 9999999706.6632
60.0 5.0 -10.0 13.75 2664566547.2955
60.0 7.5 -10.0 13.75 9999999961.5496
60.0 10.0 -10.0 13.75 10000000213.780602
60.0 -5.0 -7.5 13.75 10000000133.5771
60.0 2.5 -7.5 13.75 9999999902.8353
60.0 5.0 -7.5 13.75 10000000037.3108
60.0 7.5 -7.5 13.75 9999999760.1282
60.0 10.0 -7.5 13.75 137704888.5691
60.0 -2.5 -5.0 13.75 7814903805.942699
60.0 0.0 -5.0 13.75 9999999957.4727
60.0 5.0 -5.0 13.75 9999999568.5287
60.0 10.0 -5.0 13.75 10000000342.943901
60.0 -5.0 -2.5 13.75 9999999816.4661
60.0 -2.5 -2.5 13.75 9999999933.7527
60.0 0.0 -2.5 13.75 9999999485.2103
60.0 0.0 0.0 13.75 9999999938.1973
60.0 2.5 0.0 13.75 10000000138.432001
60.0 -2.5 2.5 13.75 10000000096.217402
60.0 0.0 2.5 13.75 10000000040.945702
60.0 2.5 2.5 13.75 10000000044.0182
60.0 5.0 2.5 13.75 9999999810.684301
60.0 7.5 2.5 13.75 9999999696.562101
60.0 10.0 2.5 13.75 10000000314.4943
60.0 0.0 5.0 13.75 50426284.965
60.0 2.5 5.0 13.75 9999999962.825602
60.0 5.0 5.0 13.75 4112007178.0266
60.0 7.5 5.0 13.75 9999999894.427101
60.0 10.0 5.0 13.75 9999999842.8906
60.0 -5.0 -10.0 15.0 4005336978.461
60.0 -2.5 -10.0 15.0 9999999862.8532
60.0 0.0 -10.0 15.0 2590850698.9865003
60.0 2.5 -10.0 15.0 10000000028.188702
60.0 5.0 -10.0 15.0 9999999860.7425
60.0 7.5 -10.0 15.0 337180297.8367
60.0 10.0 -10.0 15.0 962625734.2683
60.0 -5.0 -7.5 15.0 9999999859.114601
60.0 -2.5 -7.5 15.0 10000000029.9761
60.0 0.0 -7.5 15.0 9999999834.5599
60.0 2.5 -7.5 15.0 9999999711.717402
60.0 5.0 -7.5 15.0 9999999745.856401
60.0 7.5 -7.5 15.0 10000000076.930101
60.0 10.0 -7.5 15.0 10000000110.066301
60.0 -5.0 -5.0 15.0 10000000002.2835
60.0 -2.5 -5.0 15.0 9999999919.5774
60.0 0.0 -5.0 15.0 9999999867.7422
60.0 2.5 -5.0 15.0 9999999738.036402
60.0 5.0 -5.0 15.0 10000000213.983301
60.0 7.5 -5.0 15.0 10000000254.6588
60.0 10.0 -5.0 15.0 10000000214.8714
60.0 -5.0 -2.5 15.0 9999999840.3472
60.0 -2.5 -2.5 15.0 9999999743.6173
60.0 0.0 -2.5 15.0 10000000110.0317
60.0 2.5 -2.5 15.0 9999999917.4974
60.0 10.0 -2.5 15.0 372929317.2682
60.0 -2.5 0.0 15.0 10000000011.8957
60.0 0.0 0.0 15.0 9999999853.6818
60.0 2.5 0.0 15.0 10000000222.8418
60.0 7.5 0.0 15.0 10000000134.6606
60.0 -5.0 2.5 15.0 10000000030.8062
60.0 -2.5 2.5 15.0 9999999961.2474
60.0 0.0 2.5 15.0 9999999976.439901
60.0 2.5 2.5 15.0 10000000054.3183
60.0 5.0 2.5 15.0 10000000214.765001
60.0 7.5 2.5 15.0 10000000231.8146
60.0 10.0 2.5 15.0 9999999861.0751
60.0 -2.5 5.0 15.0 10000000038.0317
60.0 0.0 5.0 15.0 10000000072.360401
60.0 2.5 5.0 15.0 9999999994.4815
60.0 5.0 5.0 15.0 9999999915.1448
60.0 7.5 5.0 15.0 9999999940.109901
60.0 10.0 5.0 15.0 9999999932.520601
60.0 -5.0 -10.0 16.25 8317535357.3531
60.0 -2.5 -10.0 16.25 4004797285.5486
60.0 0.0 -10.0 16.25 8680051322.3787
60.0 2.5 -10.0 16.25 9999999828.449701
60.0 5.0 -10.0 16.25 9999999831.7761
60.0 7.5 -10.0 16.25 10000000002.0741
60.0 10.0 -10.0 16.25 2633849.0095
60.0 -5.0 -7.5 16.25 8446423474.5921
60.0 -2.5 -7.5 16.25 9999999590.686201
60.0 0.0 -7.5 16.25 9999999928.1047
60.0 2.5 -7.5 16.25 9999999856.6259
60.0 5.0 -7.5 16.25 2382202144.1
60.0 7.5 -7.5 16.25 10000000110.0102
60.0 10.0 -7.5 16.25 10000000077.0639
60.0 -5.0 -5.0 16.25 9999999859.166101
60.0 -2.5 -5.0 16.25 9999999958.7982
60.0 0.0 -5.0 16.25 7719855242.528399
60.0 2.5 -5.0 16.25 10000000120.887201
60.0 5.0 -5.0 16.25 10000000125.2462
60.0 7.5 -5.0 16.25 10000000251.405602
60.0 10.0 -5.0 16.25 7939368110.8885
60.0 -5.0 -2.5 16.25 9999999742.5242
60.0 -2.5 -2.5 16.25 9999999749.017101
60.0 0.0 -2.5 16.25 2881850511.8964
60.0 2.5 -2.5 16.25 10000000050.050201
60.0 5.0 -2.5 16.25 10000000663.406502
60.0 7.5 -2.5 16.25 10000000071.580502
60.0 10.0 -2.5 16.25 10000000109.088902
60.0 -5.0 0.0 16.25 10000000019.5557
60.0 -2.5 0.0 16.25 10000000051.689901
60.0 0.0 0.0 16.25 10000000094.4466
60.0 2.5 0.0 16.25 10000000225.6772
60.0 5.0 0.0 16.25 2879192128.1026998
60.0 7.5 0.0 16.25 10000000187.237902
60.0 10.0 0.0 16.25 10000000074.9578
60.0 -5.0 2.5 16.25 2049840179.8836
60.0 -2.5 2.5 16.25 496394497.094
60.0 0.0 2.5 16.25 9999999850.8787
60.0 2.5 2.5 16.25 10000000260.5904
60.0 5.0 2.5 16.25 9999999979.5776
60.0 7.5 2.5 16.25 10000000030.1499
60.0 10.0 2.5 16.25 300812642.0255
60.0 -5.0 5.0 16.25 14889.663499999999
60.0 -2.5 5.0 16.25 396319838.4411
60.0 0.0 5.0 16.25 6905371896.374101
60.0 2.5 5.0 16.25 8280689.1894
60.0 5.0 5.0 16.25 4035585777.7682
60.0 7.5 5.0 16.25 9999999916.8208
60.0 10.0 5.0 16.25 9999999982.901402
120.0 -5.0 -10.0 3.75 9999999942.318201
120.0 -2.5 -10.0 3.75 10000000126.326601
120.0 0.0 -10.0 3.75 10000000011.7245
120.0 2.5 -10.0 3.75 9999999547.591301
120.0 5.0 -10.0 3.75 9999999845.073801
120.0 7.5 -10.0 3.75 9999999745.7273
120.0 10.0 -10.0 3.75 10000000015.830502
120.0 -5.0 -7.5 3.75 9999999516.871601
120.0 -2.5 -7.5 3.75 10000000262.096802
120.0 0.0 -7.5 3.75 10000000284.9346
120.0 2.5 -7.5 3.75 9999999444.912802
120.0 5.0 -7.5 3.75 9999999880.714901
120.0 7.5 -7.5 3.75 9999999631.492802
120.0 10.0 -7.5 3.75 9999999630.248402
120.0 -5.0 -5.0 3.75 10000000259.7189
120.0 -2.5 -5.0 3.75 10000000050.1058
120.0 0.0 -5.0 3.75 10000000361.1196
120.0 2.5 -5.0 3.75 10000000176.4368
120.0 5.0 -5.0 3.75 9999999818.558401
120.0 7.5 -5.0 3.75 10000000174.309502
120.0 10.0 -5.0 3.75 10000000258.514801
120.0 -5.0 -2.5 3.75 10000000282.6853
120.0 -2.5 -2.5 3.75 10000000163.298302
120.0 0.0 -2.5 3.75 10000000093.539001
120.0 2.5 -2.5 3.75 10000000419.398201
120.0 5.0 -2.5 3.75 9999999973.795301
120.0 7.5 -2.5 3.75 10000000084.637201
120.0 10.0 -2.5 3.75 10000000056.6411
120.0 -5.0 0.0 3.75 9999999942.2759
120.0 -2.5 0.0 3.75 10000000229.6467
120.0 0.0 0.0 3.75 9999999274.665602
120.0 2.5 0.0 3.75 9999999888.3124
120.0 5.0 0.0 3.75 9999999701.303501
120.0 7.5 0.0 3.75 10000000097.2999
120.0 10.0 0.0 3.75 10000000220.764801
120.0 -5.0 2.5 3.75 9999999817.3623
120.0 -2.5 2.5 3.75 9999999582.9563
120.0 0.0 2.5 3.75 9999999754.957
120.0 2.5 2.5 3.75 10000000131.701601
120.0 5.0 2.5 3.75 9999999913.3724
120.0 7.5 2.5 3.75 9999999430.0377
120.0 10.0 2.5 3.75 9999999999.373402
120.0 -5.0 5.0 3.75 9999999806.959702
120.0 -2.5 5.0 3.75 9999999658.337801
120.0 0.0 5.0 3.75 10000000076.0825
120.0 2.5 5.0 3.75 9999999871.734201
120.0 5.0 5.0 3.75 9999999999.8722
120.0 7.5 5.0 3.75 8781250429.6507
120.0 10.0 5.0 3.75 9999999733.644001
120.0 2.5 2.5 7.5 10000000341.263102
120.0 2.5 5.0 7.5 9999999674.5704
120.0 2.5 -2.5 8.75 9999999823.211802
120.0 0.0 2.5 8.75 9999999733.3435
120.0 2.5 2.5 8.75 9999999338.3822
120.0 2.5 5.0 8.75 9999999773.638601
120.0 2.5 -2.5 10.0 10000000162.895401
120.0 0.0 0.0 10.0 9999999917.4575
120.0 2.5 0.0 10.0 9999999798.4472
120.0 5.0 0.0 10.0 9999999855.564701
120.0 0.0 2.5 10.0 9999999677.9276
120.0 2.5 2.5 10.0 9999999731.9631
120.0 5.0 2.5 10.0 9999999430.7343
120.0 0.0 5.0 10.0 9999999925.3222
120.0 2.5 5.0 10.0 10000000079.0573
120.0 2.5 -5.0 11.25 10000000112.9256
120.0 5.0 -5.0 11.25 10000000107.389801
120.0 2.5 -2.5 11.25 10000000139.3498
120.0 5.0 -2.5 11.25 9999999825.726301
120.0 7.5 -2.5 11.25 9999999977.220001
120.0 0.0 0.0 11.25 9999999879.8355
120.0 2.5 0.0 11.25 9999999609.8414
120.0 5.0 0.0 11.25 10000000224.9941
120.0 7.5 0.0 11.25 9999999549.880402
120.0 0.0 2.5 11.25 9999999795.6933
120.0 2.5 2.5 11.25 9999999734.4845
120.0 5.0 2.5 11.25 9999999474.384401
120.0 0.0 5.0 11.25 7302801931.048
120.0 2.5 5.0 11.25 9999999938.9207
120.0 2.5 -10.0 12.5 10000000176.8316
120.0 2.5 -5.0 12.5 9999999980.283602
120.0 5.0 -5.0 12.5 9999999942.9692
120.0 -2.5 -2.5 12.5 10000000181.524
120.0 0.0 -2.5 12.5 10000000437.626701
120.0 2.5 -2.5 12.5 10000000005.248901
120.0 5.0 -2.5 12.5 7963746128.0788
120.0 7.5 -2.5 12.5 9999999962.967001
120.0 0.0 0.0 12.5 9999999947.751001
120.0 2.5 0.0 12.5 9999999823.8736
120.0 5.0 0.0 12.5 9999999846.9211
120.0 7.5 0.0 12.5 9999999891.84
120.0 0.0 2.5 12.5 10000000014.225
120.0 2.5 2.5 12.5 10000000275.4568
120.0 5.0 2.5 12.5 9999999955.6119
120.0 7.5 2.5 12.5 9999999937.515501
120.0 0.0 5.0 12.5 9999999875.733002
120.0 2.5 5.0 12.5 10000000018.8497
120.0 5.0 5.0 12.5 10000000236.7416
120.0 -2.5 -10.0 13.75 10000000232.674301
120.0 0.0 -10.0 13.75 5242244952.6781
120.0 5.0 -10.0 13.75 9999999762.7271
120.0 10.0 -10.0 13.75 9999999842.240702
120.0 2.5 -7.5 13.75 10000000135.0188
120.0 5.0 -7.5 13.75 10000000008.147902
120.0 7.5 -7.5 13.75 9999999810.6735
120.0 -2.5 -5.0 13.75 10000000310.630901
120.0 0.0 -5.0 13.75 10000000404.824902
120.0 2.5 -5.0 13.75 9999999844.9008
120.0 5.0 -5.0 13.75 10000000261.618801
120.0 -5.0 -2.5 13.75 286968557.92639995
120.0 -2.5 -2.5 13.75 10000000151.136702
120.0 0.0 -2.5 13.75 10000000161.189001
120.0 2.5 -2.5 13.75 10000000296.2127
120.0 5.0 -2.5 13.75 9999999812.1816
120.0 7.5 -2.5 13.75 10000000173.570301
120.0 10.0 -2.5 13.75 9999999856.509201
120.0 -5.0 0.0 13.75 6439993189.0828
120.0 0.0 0.0 13.75 10000000061.975
120.0 2.5 0.0 13.75 9537074912.028801
120.0 5.0 0.0 13.75 9999999838.2865
120.0 7.5 0.0 13.75 9999999775.315102
120.0 0.0 2.5 13.75 10000000217.137001
120.0 2.5 2.5 13.75 9999999899.356901
120.0 5.0 2.5 13.75 9999999967.6427
120.0 7.5 2.5 13.75 9999999813.037
120.0 0.0 5.0 13.75 9999999841.534801
120.0 2.5 5.0 13.75 9999999805.626202
120.0 5.0 5.0 13.75 9999999352.125301
120.0 7.5 5.0 13.75 9999999947.506401
120.0 -5.0 -10.0 15.0 1539314967.7068002
120.0 -2.5 -10.0 15.0 10000000226.3201
120.0 0.0 -10.0 15.0 10000000049.891201
120.0 2.5 -10.0 15.0 10000000064.6464
120.0 5.0 -10.0 15.0 9999999921.5522
120.0 10.0 -10.0 15.0 585458.2923999999
120.0 -5.0 -7.5 15.0 9086795248.704
120.0 -2.5 -7.5 15.0 6216134122.6819
120.0 0.0 -7.5 15.0 10000000449.237001
120.0 2.5 -7.5 15.0 10000000054.431501
120.0 5.0 -7.5 15.0 9999999901.123402
120.0 7.5 -7.5 15.0 9999999785.8208
120.0 -5.0 -5.0 15.0 52188134.4058
120.0 -2.5 -5.0 15.0 10000000367.0844
120.0 0.0 -5.0 15.0 10000000146.2805
120.0 2.5 -5.0 15.0 10000000059.943401
120.0 5.0 -5.0 15.0 10000000068.1639
120.0 7.5 -5.0 15.0 9999999555.486
120.0 10.0 -5.0 15.0 150252900.1734
120.0 -5.0 -2.5 15.0 23697332.9816
120.0 -2.5 -2.5 15.0 10000000378.066
120.0 0.0 -2.5 15.0 7232907212.4804
120.0 2.5 -2.5 15.0 9999999995.5438
120.0 5.0 -2.5 15.0 9999999756.269201
120.0 7.5 -2.5 15.0 9999999816.317902
120.0 10.0 -2.5 15.0 9999999811.7159
120.0 -5.0 0.0 15.0 3312102988.052
120.0 -2.5 0.0 15.0 10000000162.0287
120.0 0.0 0.0 15.0 10000000033.5188
120.0 2.5 0.0 15.0 9999999795.190802
120.0 5.0 0.0 15.0 9999999697.2765
120.0 7.5 0.0 15.0 9999999479.050001
120.0 10.0 0.0 15.0 9999999834.8075
120.0 0.0 2.5 15.0 9999999655.716501
120.0 2.5 2.5 15.0 9999999626.2675
120.0 5.0 2.5 15.0 9999999836.828701
120.0 7.5 2.5 15.0 10000000039.924002
120.0 10.0 2.5 15.0 547378945.3939999
120.0 0.0 5.0 15.0 9999999781.5688
120.0 2.5 5.0 15.0 7958233545.029
120.0 5.0 5.0 15.0 10000000257.0774
120.0 7.5 5.0 15.0 9999999920.271101
120.0 10.0 5.0 15.0 9999999867.235
120.0 -5.0 -10.0 16.25 520342777.4318
120.0 -2.5 -10.0 16.25 5862555863.2171
120.0 0.0 -10.0 16.25 1732582316.5347002
120.0 2.5 -10.0 16.25 10000000058.743801
120.0 5.0 -10.0 16.25 9999999928.5308
120.0 7.5 -10.0 16.25 671827923.9012
120.0 10.0 -10.0 16.25 7791237448.0501
120.0 -5.0 -7.5 16.25 10000000371.040201
120.0 -2.5 -7.5 16.25 10000000706.221601
120.0 0.0 -7.5 16.25 10000000135.6609
120.0 2.5 -7.5 16.25 10000000368.5219
120.0 5.0 -7.5 16.25 174576773.7087
120.0 7.5 -7.5 16.25 9999999703.0806
120.0 10.0 -7.5 16.25 2492666801.1359
120.0 -5.0 -5.0 16.25 373062470.6778
120.0 -2.5 -5.0 16.25 26185826.3753
120.0 0.0 -5.0 16.25 10000000140.049702
120.0 2.5 -5.0 16.25 8926291422.486
120.0 5.0 -5.0 16.25 9999999997.519001
120.0 7.5 -5.0 16.25 3930343396.9639997
120.0 10.0 -5.0 16.25 9999999627.0375
120.0 -5.0 -2.5 16.25 9462590391.7588
120.0 -2.5 -2.5 16.25 10000000413.993801
120.0 0.0 -2.5 16.25 10000000168.276901
120.0 2.5 -2.5 16.25 10000000015.860802
120.0 5.0 -2.5 16.25 9999999692.7786
120.0 7.5 -2.5 16.25 1549218701.6667
120.0 10.0 -2.5 16.25 9999999744.7474
120.0 -5.0 0.0 16.25 10000000144.8351
120.0 -2.5 0.0 16.25 1132015250.0605
120.0 0.0 0.0 16.25 9999999924.8575
120.0 2.5 0.0 16.25 10000000075.126501
120.0 5.0 0.0 16.25 10000000113.7374
120.0 7.5 0.0 16.25 2234662454.8407
120.0 10.0 0.0 16.25 9999999897.1126
120.0 -5.0 2.5 16.25 10000000126.5814
120.0 -2.5 2.5 16.25 10000000091.524101
120.0 0.0 2.5 16.25 10000000153.2148
120.0 2.5 2.5 16.25 10000000015.9731
120.0 5.0 2.5 16.25 9999999984.5259
120.0 7.5 2.5 16.25 9999999911.2723
120.0 10.0 2.5 16.25 1639256334.7317
120.0 -2.5 5.0 16.25 9999999836.3911
120.0 0.0 5.0 16.25 3007101190.7082005
120.0 2.5 5.0 16.25 9999999720.5382
120.0 5.0 5.0 16.25 9999999863.6854
120.0 7.5 5.0 16.25 10000000428.048801
120.0 10.0 5.0 16.25 10000000310.8808
180.0 -5.0 -10.0 3.75 10000000015.005402
180.0 -2.5 -10.0 3.75 10000000042.8486
180.0 0.0 -10.0 3.75 10000000014.2661
180.0 2.5 -10.0 3.75 10000000211.198101
180.0 5.0 -10.0 3.75 10000000331.208801
180.0 7.5 -10.0 3.75 9999999933.9557
180.0 10.0 -10.0 3.75 9999999745.523201
180.0 -5.0 -7.5 3.75 10000000141.9552
180.0 -2.5 -7.5 3.75 10000000409.937801
180.0 0.0 -7.5 3.75 10000000115.731401
180.0 2.5 -7.5 3.75 9999999744.444101
180.0 5.0 -7.5 3.75 9999999991.6266
180.0 7.5 -7.5 3.75 9999999882.268702
180.0 10.0 -7.5 3.75 10000000045.0548
180.0 -5.0 -5.0 3.75 9999999963.8321
180.0 -2.5 -5.0 3.75 9999999642.234001
180.0 0.0 -5.0 3.75 9999999930.4253
180.0 2.5 -5.0 3.75 9999999785.1602
180.0 5.0 -5.0 3.75 9999999933.787802
180.0 7.5 -5.0 3.75 9999999991.979
180.0 10.0 -5.0 3.75 10000000148.771801
180.0 -5.0 -2.5 3.75 9999999982.1116
180.0 -2.5 -2.5 3.75 9999999577.646301
180.0 0.0 -2.5 3.75 9999999535.335901
180.0 2.5 -2.5 3.75 9999999580.1289
180.0 5.0 -2.5 3.75 10000000220.2301
180.0 7.5 -2.5 3.75 10000000028.218801
180.0 10.0 -2.5 3.75 9999999885.695002
180.0 -5.0 0.0 3.75 9999999615.8661
180.0 -2.5 0.0 3.75 10000000415.784101
180.0 0.0 0.0 3.75 9999999920.1548
180.0 2.5 0.0 3.75 9999999455.6884
180.0 5.0 0.0 3.75 10000000046.895802
180.0 7.5 0.0 3.75 10000000217.482801
180.0 10.0 0.0 3.75 10000000400.6581
180.0 -5.0 2.5 3.75 9999999893.6714
180.0 -2.5 2.5 3.75 9999999964.241701
180.0 0.0 2.5 3.75 10000000090.697802
180.0 2.5 2.5 3.75 10000000046.1044
180.0 5.0 2.5 3.75 9999999944.2523
180.0 7.5 2.5 3.75 9999999947.7952
180.0 10.0 2.5 3.75 9999999959.8609
180.0 -5.0 5.0 3.75 10000000057.152802
180.0 -2.5 5.0 3.75 9999999637.618101
180.0 0.0 5.0 3.75 9999999644.705502
180.0 2.5 5.0 3.75 9999999964.849201
180.0 5.0 5.0 3.75 10000000219.7623
180.0 7.5 5.0 3.75 10000000075.497702
180.0 10.0 5.0 3.75 10000000066.663301
180.0 5.0 -2.5 8.75 9999999838.9433
180.0 5.0 -2.5 10.0 9999999529.581501
180.0 2.5 2.5 10.0 9999999609.263102
180.0 5.0 -10.0 11.25 9999999960.409801
180.0 7.5 -10.0 11.25 10000000029.690601
180.0 -2.5 -7.5 11.25 10000000056.728401
180.0 5.0 -7.5 11.25 9999999714.5625
180.0 2.5 -5.0 11.25 10000000108.9449
180.0 5.0 -5.0 11.25 9999999783.973902
180.0 7.5 -5.0 11.25 10000000382.124601
180.0 10.0 -5.0 11.25 10000000052.830801
180.0 5.0 -2.5 11.25 9999999984.0132
180.0 0.0 0.0 11.25 9999999821.572601
180.0 -2.5 2.5 11.25 9999999355.327301
180.0 2.5 2.5 11.25 9999999631.684101
180.0 -5.0 5.0 11.25 9999999860.624802
180.0 5.0 5.0 11.25 10000000012.730902
180.0 0.0 -10.0 12.5 10000000146.898
180.0 2.5 -10.0 12.5 9999999994.6653
180.0 5.0 -10.0 12.5 10000000023.987202
180.0 7.5 -10.0 12.5 10000000098.1933
180.0 10.0 -10.0 12.5 4508545625.495001
180.0 -2.5 -7.5 12.5 10000000030.509602
180.0 0.0 -7.5 12.5 10000000022.4573
180.0 2.5 -7.5 12.5 9999999959.415401
180.0 5.0 -7.5 12.5 10000000106.527102
180.0 7.5 -7.5 12.5 9999999928.7196
180.0 10.0 -7.5 12.5 9999999981.815102
180.0 2.5 -5.0 12.5 9999999833.6592
180.0 5.0 -5.0 12.5 9999999926.8281
180.0 7.5 -5.0 12.5 10000000159.0421
180.0 10.0 -5.0 12.5 10000000015.5739
180.0 2.5 -2.5 12.5 10000000199.3248
180.0 5.0 -2.5 12.5 9999999735.321402
180.0 0.0 0.0 12.5 9533432173.338
180.0 2.5 0.0 12.5 9999999991.6651
180.0 5.0 0.0 12.5 9999999855.069601
180.0 -2.5 2.5 12.5 9999999934.597502
180.0 0.0 2.5 12.5 9999999912.284
180.0 2.5 2.5 12.5 9999999946.3803
180.0 -5.0 5.0 12.5 9999999928.2574
180.0 2.5 5.0 12.5 9999999630.7478
180.0 5.0 5.0 12.5 9999999979.661901
180.0 -5.0 -10.0 13.75 1100722.7746000001
180.0 -2.5 -10.0 13.75 10000000056.6382
180.0 0.0 -10.0 13.75 10000000184.051802
180.0 2.5 -10.0 13.75 9999999927.365702
180.0 5.0 -10.0 13.75 10000000018.1292
180.0 7.5 -10.0 13.75 4489794944.607901
180.0 10.0 -10.0 13.75 10000000177.324701
180.0 -2.5 -7.5 13.75 646410945.397
180.0 0.0 -7.5 13.75 9999999906.7793
180.0 2.5 -7.5 13.75 137565203.6896
180.0 5.0 -7.5 13.75 10000000306.435001
180.0 7.5 -7.5 13.75 10000000132.1418
180.0 10.0 -7.5 13.75 9999999896.6504
180.0 -2.5 -5.0 13.75 9999999926.073
180.0 0.0 -5.0 13.75 9999999970.7949
180.0 2.5 -5.0 13.75 9999999959.768301
180.0 5.0 -5.0 13.75 9999999861.060701
180.0 7.5 -5.0 13.75 10000000140.355001
180.0 10.0 -5.0 13.75 10000000141.6497
180.0 2.5 -2.5 13.75 9999999797.813002
180.0 5.0 -2.5 13.75 9999999907.021301
180.0 7.5 -2.5 13.75 9999999968.019201
180.0 -2.5 0.0 13.75 9999999863.6338
180.0 0.0 0.0 13.75 9999999878.876701
180.0 2.5 0.0 13.75 9999999742.4363
180.0 5.0 0.0 13.75 9999999691.3938
180.0 -5.0 2.5 13.75 2361659125.5018
180.0 -2.5 2.5 13.75 9999999989.7922
180.0 0.0 2.5 13.75 9999999987.873001
180.0 2.5 2.5 13.75 9999999733.0758
180.0 -5.0 5.0 13.75 1121237641.2702
180.0 -2.5 5.0 13.75 10000000207.909801
180.0 0.0 5.0 13.75 10000000079.8395
180.0 2.5 5.0 13.75 9999999666.845901
180.0 5.0 5.0 13.75 9999999957.9969
180.0 -5.0 -10.0 15.0 3253607.3048
180.0 -2.5 -10.0 15.0 99861112.00889999
180.0 0.0 -10.0 15.0 10000000064.157001
180.0 2.5 -10.0 15.0 10000000219.3822
180.0 5.0 -10.0 15.0 10000000041.6389
180.0 7.5 -10.0 15.0 9999999999.735601
180.0 10.0 -10.0 15.0 17008248.0274
180.0 -5.0 -7.5 15.0 5881964933.1098
180.0 -2.5 -7.5 15.0 10000000056.708302
180.0 0.0 -7.5 15.0 10000000078.208601
180.0 2.5 -7.5 15.0 9999999993.1401
180.0 5.0 -7.5 15.0 9999999983.4895
180.0 7.5 -7.5 15.0 4456408741.2983
180.0 10.0 -7.5 15.0 5996268261.5405
180.0 -2.5 -5.0 15.0 575348454.132
180.0 0.0 -5.0 15.0 10000000094.560202
180.0 2.5 -5.0 15.0 9999999928.044601
180.0 5.0 -5.0 15.0 10000000108.3661
180.0 7.5 -5.0 15.0 10000000335.0554
180.0 10.0 -5.0 15.0 10000000330.611101
180.0 -2.5 -2.5 15.0 1035408595.4707
180.0 0.0 -2.5 15.0 9999999643.2229
180.0 2.5 -2.5 15.0 9999999868.1567
180.0 5.0 -2.5 15.0 9999999939.2043
180.0 7.5 -2.5 15.0 9455939312.9815
180.0 10.0 -2.5 15.0 10000000134.392101
180.0 -2.5 0.0 15.0 9999999833.1532
180.0 0.0 0.0 15.0 9999999813.1587
180.0 2.5 0.0 15.0 9999999628.140701
180.0 5.0 0.0 15.0 100085577.5912
180.0 7.5 0.0 15.0 9999999949.100601
180.0 10.0 0.0 15.0 9999999958.1005
180.0 -5.0 2.5 15.0 10000000117.4188
180.0 -2.5 2.5 15.0 1399694440.9898
180.0 0.0 2.5 15.0 9999999640.9265
180.0 2.5 2.5 15.0 10000000081.119501
180.0 5.0 2.5 15.0 9999999623.3089
180.0 7.5 2.5 15.0 9999999894.8062
180.0 10.0 2.5 15.0 122424747.07
180.0 -5.0 5.0 15.0 9999999946.6735
180.0 -2.5 5.0 15.0 9999999812.2833
180.0 0.0 5.0 15.0 9999999706.060202
180.0 2.5 5.0 15.0 9999999895.647701
180.0 5.0 5.0 15.0 9999999745.5732
180.0 7.5 5.0 15.0 9999999545.9088
180.0 10.0 5.0 15.0 243278502.63630003
180.0 -5.0 -10.0 16.25 148059.3925
180.0 -2.5 -10.0 16.25 153013418.88840002
180.0 0.0 -10.0 16.25 747383.7803
180.0 2.5 -10.0 16.25 460348194.2442
180.0 5.0 -10.0 16.25 9999999971.6518
180.0 7.5 -10.0 16.25 9999999971.453201
180.0 10.0 -10.0 16.25 10000000161.4824
180.0 -5.0 -7.5 16.25 263319748.726
180.0 -2.5 -7.5 16.25 530485010.0324
180.0 0.0 -7.5 16.25 6432029453.903601
180.0 2.5 -7.5 16.25 414696945.4637
180.0 5.0 -7.5 16.25 10000000201.983702
180.0 7.5 -7.5 16.25 10000000530.3787
180.0 10.0 -7.5 16.25 10000000209.7905
180.0 -5.0 -5.0 16.25 10000000061.449501
180.0 -2.5 -5.0 16.25 2049574375.7788
180.0 0.0 -5.0 16.25 10000000065.171001
180.0 2.5 -5.0 16.25 10000000079.801601
180.0 5.0 -5.0 16.25 6309927862.6223
180.0 7.5 -5.0 16.25 10000000141.659302
180.0 10.0 -5.0 16.25 10000000427.033201
180.0 -5.0 -2.5 16.25 509385614.32320005
180.0 -2.5 -2.5 16.25 9999999996.422201
180.0 0.0 -2.5 16.25 10000000121.5526
180.0 2.5 -2.5 16.25 9999999987.766401
180.0 5.0 -2.5 16.25 9999999926.9249
180.0 7.5 -2.5 16.25 9999999973.6382
180.0 10.0 -2.5 16.25 10000000120.7259
180.0 -2.5 0.0 16.25 6240213457.2092
180.0 0.0 0.0 16.25 9999999966.993502
180.0 2.5 0.0 16.25 9999999734.512201
180.0 5.0 0.0 16.25 9999999708.0725
180.0 7.5 0.0 16.25 9999999781.084702
180.0 10.0 0.0 16.25 707539604.0714
180.0 -5.0 2.5 16.25 9999999999.9347
180.0 -2.5 2.5 16.25 9999999956.752602
180.0 0.0 2.5 16.25 9999999868.023401
180.0 2.5 2.5 16.25 9908474826.082
180.0 5.0 2.5 16.25 2239778084.0750003
180.0 7.5 2.5 16.25 9999999776.508001
180.0 10.0 2.5 16.25 9999999669.073101
180.0 -5.0 5.0 16.25 10000000016.408201
180.0 -2.5 5.0 16.25 9999999912.301401
180.0 0.0 5.0 16.25 10000000026.932201
180.0 2.5 5.0 16.25 9999999795.7844
180.0 5.0 5.0 16.25 9999999904.7803
180.0 7.5 5.0 16.25 3458464536.0915003
180.0 10.0 5.0 16.25 274159009.3473
240.0 -5.0 -10.0 3.75 10000000055.593102
240.0 -2.5 -10.0 3.75 9999999960.362902
240.0 0.0 -10.0 3.75 9999999973.653101
240.0 2.5 -10.0 3.75 10000000033.288101
240.0 5.0 -10.0 3.75 9999999953.926802
240.0 7.5 -10.0 3.75 9999999762.6807
240.0 10.0 -10.0 3.75 9999999548.897701
240.0 -5.0 -7.5 3.75 9999999911.487001
240.0 -2.5 -7.5 3.75 9999999481.021
240.0 0.0 -7.5 3.75 9999999504.7926
240.0 2.5 -7.5 3.75 9999999684.9631
240.0 5.0 -7.5 3.75 9999999409.1889
240.0 7.5 -7.5 3.75 9999999657.974901
240.0 10.0 -7.5 3.75 9999999868.918402
240.0 -5.0 -5.0 3.75 10000000075.848902
240.0 -2.5 -5.0 3.75 9999999790.8847
240.0 0.0 -5.0 3.75 10000000011.165401
240.0 2.5 -5.0 3.75 10000000072.1506
240.0 5.0 -5.0 3.75 9999999485.657001
240.0 7.5 -5.0 3.75 9999999636.8677
240.0 10.0 -5.0 3.75 9999999660.8971
240.0 -5.0 -2.5 3.75 10000000087.158201
240.0 -2.5 -2.5 3.75 10000000308.037601
240.0 0.0 -2.5 3.75 10000000720.402802
240.0 2.5 -2.5 3.75 10000000198.077301
240.0 5.0 -2.5 3.75 9999999937.4508
240.0 7.5 -2.5 3.75 9999999831.333101
240.0 10.0 -2.5 3.75 10000000037.7084
240.0 -5.0 0.0 3.75 10000000299.4281
240.0 -2.5 0.0 3.75 10000000052.903801
240.0 0.0 0.0 3.75 10000000156.8181
240.0 2.5 0.0 3.75 10000000254.810501
240.0 5.0 0.0 3.75 10000000291.734402
240.0 7.5 0.0 3.75 9999999696.771801
240.0 10.0 0.0 3.75 9999999576.492102
240.0 -5.0 2.5 3.75 10000000231.373201
240.0 -2.5 2.5 3.75 10000000399.665602
240.0 0.0 2.5 3.75 10000000212.8159
240.0 2.5 2.5 3.75 10000000201.897501
240.0 5.0 2.5 3.75 10000000101.614101
240.0 7.5 2.5 3.75 10000000110.2318
240.0 10.0 2.5 3.75 9999999883.9671
240.0 -5.0 5.0 3.75 9999999972.176401
240.0 -2.5 5.0 3.75 10000000058.1802
240.0 0.0 5.0 3.75 9999999988.581001
240.0 2.5 5.0 3.75 10000000113.7373
240.0 5.0 5.0 3.75 10000000076.9454
240.0 7.5 5.0 3.75 9999999370.301601
240.0 10.0 5.0 3.75 9999999628.836601
240.0 -2.5 -10.0 11.25 10000000107.7793
240.0 5.0 -10.0 11.25 10000000027.5997
240.0 10.0 -10.0 11.25 9999999841.922
240.0 5.0 -7.5 11.25 9999999938.7838
240.0 -2.5 -2.5 11.25 9999999705.935001
240.0 -5.0 0.0 11.25 10000000141.903101
240.0 -2.5 0.0 11.25 9999999985.0266
240.0 0.0 0.0 11.25 9999999743.279902
240.0 -5.0 2.5 11.25 9999999910.867802
240.0 0.0 2.5 11.25 9999999729.970701
240.0 0.0 5.0 11.25 9999999657.1571
240.0 -5.0 -10.0 12.5 338838169.0207
240.0 -2.5 -10.0 12.5 10000000094.522902
240.0 0.0 -10.0 12.5 9999999895.640202
240.0 5.0 -10.0 12.5 493464159.71440005
240.0 7.5 -10.0 12.5 10000000057.4675
240.0 10.0 -10.0 12.5 9999999823.0501
240.0 5.0 -7.5 12.5 7894717292.5349
240.0 7.5 -7.5 12.5 3613962513.7788997
240.0 10.0 -7.5 12.5 9999999863.4347
240.0 2.5 -5.0 12.5 9999999836.944601
240.0 -5.0 -2.5 12.5 9999999925.392302
240.0 -2.5 -2.5 12.5 9999999771.8209
240.0 0.0 -2.5 12.5 9999999572.047
240.0 -5.0 0.0 12.5 8160439955.9208
240.0 -2.5 0.0 12.5 9999999759.0091
240.0 0.0 0.0 12.5 9999999534.040901
240.0 2.5 0.0 12.5 10000000049.069101
240.0 -5.0 2.5 12.5 9999999721.769901
240.0 0.0 2.5 12.5 10000000559.715302
240.0 0.0 5.0 12.5 10000000012.6826
240.0 -2.5 -10.0 13.75 691831926.6204001
240.0 0.0 -10.0 13.75 318328540.4163
240.0 2.5 -10.0 13.75 39196006.0587
240.0 5.0 -10.0 13.75 10000000015.1765
240.0 7.5 -10.0 13.75 10000000026.3665
240.0 10.0 -10.0 13.75 11886435.2067
240.0 -5.0 -7.5 13.75 9999999902.2565
240.0 2.5 -7.5 13.75 9999999949.873901
240.0 5.0 -7.5 13.75 3668532796.4153
240.0 7.5 -7.5 13.75 1641397210.2548
240.0 10.0 -7.5 13.75 9999999888.557402
240.0 -5.0 -5.0 13.75 10000000005.420502
240.0 -2.5 -5.0 13.75 464284311.4118
240.0 2.5 -5.0 13.75 9999999869.9522
240.0 10.0 -5.0 13.75 49105729.5748
240.0 -5.0 -2.5 13.75 2600169656.4089003
240.0 -2.5 -2.5 13.75 9999999912.295801
240.0 0.0 -2.5 13.75 9999999926.269001
240.0 2.5 -2.5 13.75 9999999783.439901
240.0 -5.0 0.0 13.75 9999999870.324001
240.0 -2.5 0.0 13.75 9999999727.844002
240.0 0.0 0.0 13.75 9999999731.497002
240.0 2.5 0.0 13.75 9999999807.203402
240.0 -5.0 2.5 13.75 10000000002.288502
240.0 0.0 2.5 13.75 10000000029.414001
240.0 2.5 2.5 13.75 10000000098.1296
240.0 -5.0 5.0 13.75 9999999768.2696
240.0 0.0 5.0 13.75 10000000090.156301
240.0 2.5 5.0 13.75 10000000483.609701
240.0 -5.0 -10.0 15.0 3560389.5476
240.0 -2.5 -10.0 15.0 1021440.0809000001
240.0 0.0 -10.0 15.0 243032091.358
240.0 2.5 -10.0 15.0 6619691393.6342
240.0 5.0 -10.0 15.0 9999999990.0785
240.0 7.5 -10.0 15.0 2727073.194
240.0 10.0 -10.0 15.0 9999999910.5342
240.0 -5.0 -7.5 15.0 28709433.9871
240.0 -2.5 -7.5 15.0 9999999792.219002
240.0 0.0 -7.5 15.0 9704055402.755901
240.0 2.5 -7.5 15.0 217143255.327
240.0 5.0 -7.5 15.0 2881573255.1398
240.0 7.5 -7.5 15.0 174874109.7837
240.0 10.0 -7.5 15.0 1365580.1501
240.0 -5.0 -5.0 15.0 10000000003.464
240.0 -2.5 -5.0 15.0 9999999919.3894
240.0 0.0 -5.0 15.0 9999999875.496601
240.0 2.5 -5.0 15.0 490716204.1162
240.0 5.0 -5.0 15.0 9999999767.123201
240.0 7.5 -5.0 15.0 1458240677.8397002
240.0 10.0 -5.0 15.0 4611537916.136
240.0 -5.0 -2.5 15.0 9999999838.8677
240.0 -2.5 -2.5 15.0 9999999727.1793
240.0 0.0 -2.5 15.0 10000000115.158201
240.0 2.5 -2.5 15.0 9999999785.8421
240.0 5.0 -2.5 15.0 9999999762.890902
240.0 7.5 -2.5 15.0 9999999681.848701
240.0 10.0 -2.5 15.0 9999999587.730202
240.0 -5.0 0.0 15.0 9999999876.5261
240.0 -2.5 0.0 15.0 9999999753.526901
240.0 0.0 0.0 15.0 9999999855.108301
240.0 2.5 0.0 15.0 9999999710.913301
240.0 5.0 0.0 15.0 9999999774.1439
240.0 10.0 0.0 15.0 9999999879.5976
240.0 -5.0 2.5 15.0 9999999739.3446
240.0 -2.5 2.5 15.0 9999999768.7182
240.0 0.0 2.5 15.0 9999999871.606
240.0 2.5 2.5 15.0 9999999976.7917
240.0 5.0 2.5 15.0 3113362144.8966002
240.0 10.0 2.5 15.0 9999999581.1457
240.0 -5.0 5.0 15.0 10000000005.876001
240.0 0.0 5.0 15.0 10000000248.387201
240.0 2.5 5.0 15.0 9999999945.323502
240.0 5.0 5.0 15.0 10000000074.5804
240.0 -5.0 -10.0 16.25 104118.56090000001
240.0 -2.5 -10.0 16.25 37981.6589
240.0 0.0 -10.0 16.25 43717383.9705
240.0 2.5 -10.0 16.25 116430176.3486
240.0 5.0 -10.0 16.25 1940154191.3655
240.0 7.5 -10.0 16.25 669066.0728
240.0 10.0 -10.0 16.25 7339.2001
240.0 -5.0 -7.5 16.25 48266308.5549
240.0 -2.5 -7.5 16.25 9999999991.946901
240.0 0.0 -7.5 16.25 200057085.40870002
240.0 2.5 -7.5 16.25 267300194.352
240.0 5.0 -7.5 16.25 15838860.214200001
240.0 7.5 -7.5 16.25 498663.4534
240.0 10.0 -7.5 16.25 239907459.9968
240.0 -5.0 -5.0 16.25 9999999933.622702
240.0 -2.5 -5.0 16.25 9999999848.7682
240.0 0.0 -5.0 16.25 9999999936.089401
240.0 2.5 -5.0 16.25 9999999814.6881
240.0 5.0 -5.0 16.25 9999999864.8759
240.0 7.5 -5.0 16.25 14622063.0378
240.0 10.0 -5.0 16.25 9999999959.690102
240.0 -5.0 -2.5 16.25 2843418578.7031
240.0 -2.5 -2.5 16.25 9999999712.8973
240.0 0.0 -2.5 16.25 10000000289.4913
240.0 2.5 -2.5 16.25 7742426591.4869995
240.0 5.0 -2.5 16.25 222757170.2937
240.0 7.5 -2.5 16.25 10000000467.422602
240.0 10.0 -2.5 16.25 3961614144.9659
240.0 -5.0 0.0 16.25 6015022306.394199
240.0 -2.5 0.0 16.25 9999999724.3976
240.0 0.0 0.0 16.25 9999999709.0377
240.0 2.5 0.0 16.25 9999999634.134201
240.0 5.0 0.0 16.25 604978291.0905
240.0 7.5 0.0 16.25 9999999874.686
240.0 10.0 0.0 16.25 9999999670.3771
240.0 -5.0 2.5 16.25 9999999618.134201
240.0 -2.5 2.5 16.25 9999999807.390001
240.0 0.0 2.5 16.25 10000000080.2502
240.0 2.5 2.5 16.25 9999999864.0228
240.0 5.0 2.5 16.25 10000000106.3467
240.0 7.5 2.5 16.25 9998184619.0224
240.0 10.0 2.5 16.25 9999999844.0013
240.0 -5.0 5.0 16.25 9999999992.541601
240.0 -2.5 5.0 16.25 9999999928.1697
240.0 0.0 5.0 16.25 8275988085.015
240.0 2.5 5.0 16.25 9999999963.204401
240.0 5.0 5.0 16.25 9999999925.4866
240.0 7.5 5.0 16.25 10000000033.8118
240.0 10.0 5.0 16.25 10000000016.2056
300.0 -5.0 -10.0 3.75 9999999748.2887
300.0 -2.5 -10.0 3.75 9999999972.2723
300.0 0.0 -10.0 3.75 10000000205.850601
300.0 2.5 -10.0 3.75 9999999866.083302
300.0 5.0 -10.0 3.75 10000000327.442701
300.0 7.5 -10.0 3.75 10000000170.392302
300.0 10.0 -10.0 3.75 10000000153.779001
300.0 -5.0 -7.5 3.75 10000000256.065802
300.0 -2.5 -7.5 3.75 10000000497.413
300.0 0.0 -7.5 3.75 10000000209.3227
300.0 2.5 -7.5 3.75 10000000175.473202
300.0 5.0 -7.5 3.75 10000000090.532501
300.0 7.5 -7.5 3.75 10000000111.536701
300.0 10.0 -7.5 3.75 10000000150.425402
300.0 -5.0 -5.0 3.75 10000000474.4878
300.0 -2.5 -5.0 3.75 10000000372.450201
300.0 0.0 -5.0 3.75 10000000424.1187
300.0 2.5 -5.0 3.75 10000000075.398
300.0 5.0 -5.0 3.75 10000000342.848202
300.0 7.5 -5.0 3.75 9999999686.6002
300.0 10.0 -5.0 3.75 9999999662.83
300.0 -5.0 -2.5 3.75 10000000283.7108
300.0 -2.5 -2.5 3.75 10000000300.6592
300.0 0.0 -2.5 3.75 10000000312.7534
300.0 2.5 -2.5 3.75 9999999810.4365
300.0 5.0 -2.5 3.75 9999999891.8216
300.0 7.5 -2.5 3.75 9999999578.1807
300.0 10.0 -2.5 3.75 9999999592.714901
300.0 -5.0 0.0 3.75 10000000248.2612
300.0 -2.5 0.0 3.75 9999999917.3621
300.0 0.0 0.0 3.75 10000000032.107101
300.0 2.5 0.0 3.75 10000000116.616901
300.0 5.0 0.0 3.75 10000000216.19
300.0 7.5 0.0 3.75 9999999929.8525
300.0 10.0 0.0 3.75 9999999846.4755
300.0 -5.0 2.5 3.75 10000000021.9463
300.0 -2.5 2.5 3.75 9999999538.0568
300.0 0.0 2.5 3.75 10000000033.5053
300.0 2.5 2.5 3.75 9999999591.9398
300.0 5.0 2.5 3.75 9999999241.225302
300.0 7.5 2.5 3.75 9999999139.027401
300.0 10.0 2.5 3.75 9999999746.536701
300.0 -5.0 5.0 3.75 10000000121.741901
300.0 -2.5 5.0 3.75 10000000069.1699
300.0 0.0 5.0 3.75 10000000049.0716
300.0 2.5 5.0 3.75 9999999686.4304
300.0 5.0 5.0 3.75 9999999255.481602
300.0 7.5 5.0 3.75 9999999765.2248
300.0 10.0 5.0 3.75 9999999939.449501
300.0 -2.5 -5.0 8.75 10000000190.687302
300.0 -5.0 5.0 8.75 10000000135.595701
300.0 -2.5 -10.0 10.0 9999999969.0316
300.0 -2.5 -7.5 10.0 10000000163.5848
300.0 -2.5 -5.0 10.0 10000000300.6184
300.0 -5.0 -2.5 10.0 10000000101.5144
300.0 -2.5 2.5 10.0 10000000200.098202
300.0 -5.0 5.0 10.0 10000000209.349401
300.0 -2.5 5.0 10.0 10000000039.071701
300.0 0.0 5.0 10.0 9999999853.295801
300.0 -2.5 -10.0 11.25 10000000056.775501
300.0 0.0 -10.0 11.25 10000000136.749601
300.0 2.5 -10.0 11.25 1021536949.3946
300.0 -2.5 -7.5 11.25 10000000233.6303
300.0 0.0 -7.5 11.25 9999999696.799301
300.0 -2.5 -5.0 11.25 10000000112.7581
300.0 -2.5 0.0 11.25 10000000423.1576
300.0 -5.0 2.5 11.25 3102161850.3204
300.0 -2.5 2.5 11.25 10000000291.5121
300.0 -5.0 5.0 11.25 10000000087.685001
300.0 -2.5 5.0 11.25 10000000047.597301
300.0 0.0 5.0 11.25 10000000155.150702
300.0 5.0 5.0 11.25 9999999831.3913
300.0 -2.5 -10.0 12.5 26304453.6891
300.0 0.0 -10.0 12.5 10000000083.5417
300.0 2.5 -10.0 12.5 10000000003.707201
300.0 5.0 -10.0 12.5 10000000125.867802
300.0 7.5 -10.0 12.5 1462186103.1153998
300.0 -5.0 -7.5 12.5 8976561892.950201
300.0 -2.5 -7.5 12.5 10000000038.9221
300.0 0.0 -7.5 12.5 10000000064.866701
300.0 2.5 -7.5 12.5 9999999999.1037
300.0 -5.0 -5.0 12.5 9999999869.953001
300.0 -2.5 -5.0 12.5 10000000167.647001
300.0 0.0 -5.0 12.5 10000000698.912601
300.0 -5.0 -2.5 12.5 10000000167.7453
300.0 -2.5 0.0 12.5 10000000239.8448
300.0 -5.0 2.5 12.5 10000000065.3169
300.0 -2.5 2.5 12.5 10000000375.499802
300.0 0.0 2.5 12.5 9999999934.698502
300.0 -5.0 5.0 12.5 10000000187.0827
300.0 -2.5 5.0 12.5 10000000187.459501
300.0 0.0 5.0 12.5 9999999806.7205
300.0 5.0 5.0 12.5 9999999463.031502
300.0 7.5 5.0 12.5 7330125023.0060005
300.0 -5.0 -10.0 13.75 7866770271.5249
300.0 -2.5 -10.0 13.75 1366898462.3894
300.0 0.0 -10.0 13.75 9999999910.8365
300.0 2.5 -10.0 13.75 10000000066.8497
300.0 5.0 -10.0 13.75 9999999829.5449
300.0 7.5 -10.0 13.75 166048622.60029998
300.0 10.0 -10.0 13.75 1961.5055
300.0 -5.0 -7.5 13.75 9999999839.140202
300.0 -2.5 -7.5 13.75 10000000017.0009
300.0 0.0 -7.5 13.75 9999999939.0321
300.0 2.5 -7.5 13.75 2911528895.2243
300.0 5.0 -7.5 13.75 2409888335.9824
300.0 -5.0 -5.0 13.75 10000000104.4164
300.0 -2.5 -5.0 13.75 10000000065.5398
300.0 0.0 -5.0 13.75 9999999639.490501
300.0 2.5 -2.5 13.75 10000000388.4934
300.0 -5.0 0.0 13.75 10000000330.9256
300.0 -2.5 0.0 13.75 9999999874.7047
300.0 -5.0 2.5 13.75 10000000311.6931
300.0 -2.5 2.5 13.75 10000000293.0454
300.0 0.0 2.5 13.75 10000000180.650702
300.0 10.0 2.5 13.75 9999999243.599201
300.0 -5.0 5.0 13.75 10000000295.262901
300.0 -2.5 5.0 13.75 10000000277.1779
300.0 0.0 5.0 13.75 9999999707.347301
300.0 2.5 5.0 13.75 9999999743.401901
300.0 7.5 5.0 13.75 9999999568.0599
300.0 10.0 5.0 13.75 26654538.8846
300.0 -5.0 -10.0 15.0 9999999962.2499
300.0 -2.5 -10.0 15.0 9999999710.3393
300.0 0.0 -10.0 15.0 426844115.06509995
300.0 2.5 -10.0 15.0 2305133713.4926
300.0 5.0 -10.0 15.0 836474.6582000001
300.0 7.5 -10.0 15.0 2011998.5825
300.0 10.0 -10.0 15.0 69.3199
300.0 -5.0 -7.5 15.0 9999999848.085901
300.0 -2.5 -7.5 15.0 10000000155.249601
300.0 0.0 -7.5 15.0 9999999845.3812
300.0 2.5 -7.5 15.0 2777792148.5808
300.0 5.0 -7.5 15.0 39687936.9489
300.0 7.5 -7.5 15.0 1319711019.6747
300.0 10.0 -7.5 15.0 79990.2216
300.0 -5.0 -5.0 15.0 9999999912.041101
300.0 -2.5 -5.0 15.0 10000000409.3964
300.0 0.0 -5.0 15.0 10000000158.414902
300.0 2.5 -5.0 15.0 9999999804.818602
300.0 5.0 -5.0 15.0 10000000039.2492
300.0 7.5 -5.0 15.0 74507411.8301
300.0 -5.0 -2.5 15.0 9999999955.2304
300.0 -2.5 -2.5 15.0 9999999986.720901
300.0 0.0 -2.5 15.0 10000000019.0198
300.0 2.5 -2.5 15.0 9999999908.464
300.0 7.5 -2.5 15.0 229581454.6254
300.0 -5.0 0.0 15.0 10000000257.2828
300.0 -2.5 0.0 15.0 10000000307.2542
300.0 0.0 0.0 15.0 9999999815.9561
300.0 2.5 0.0 15.0 9999999967.7033
300.0 5.0 0.0 15.0 9999999806.401201
300.0 -5.0 2.5 15.0 10000000487.3637
300.0 -2.5 2.5 15.0 10000000302.239801
300.0 0.0 2.5 15.0 10000000193.4545
300.0 2.5 2.5 15.0 10000000028.715
300.0 5.0 2.5 15.0 9999999516.3405
300.0 7.5 2.5 15.0 9999999618.9745
300.0 10.0 2.5 15.0 12086656.768099999
300.0 -5.0 5.0 15.0 10000000154.776901
300.0 -2.5 5.0 15.0 10000000189.2849
300.0 0.0 5.0 15.0 10000000207.776402
300.0 2.5 5.0 15.0 9999999775.127201
300.0 5.0 5.0 15.0 9999999835.708
300.0 7.5 5.0 15.0 7644147776.7092
300.0 10.0 5.0 15.0 5125898.1447
300.0 -5.0 -10.0 16.25 2607493582.2311
300.0 -2.5 -10.0 16.25 2187471168.7346
300.0 0.0 -10.0 16.25 9999999890.1842
300.0 2.5 -10.0 16.25 21201080.2649
300.0 5.0 -10.0 16.25 65569405.6619
300.0 7.5 -10.0 16.25 136396.0467
300.0 10.0 -10.0 16.25 104.43079999999999
300.0 -5.0 -7.5 16.25 9999999850.459501
300.0 -2.5 -7.5 16.25 9999999921.619701
300.0 0.0 -7.5 16.25 1582530486.8609002
300.0 2.5 -7.5 16.25 1855371261.0171
300.0 5.0 -7.5 16.25 9999999974.9095
300.0 7.5 -7.5 16.25 2625543077.5632997
300.0 10.0 -7.5 16.25 62308856.894
300.0 -5.0 -5.0 16.25 9999999968.1266
300.0 -2.5 -5.0 16.25 9999999714.112902
300.0 0.0 -5.0 16.25 9999999894.7189
300.0 2.5 -5.0 16.25 1275853543.8727
300.0 5.0 -5.0 16.25 106130487.4006
300.0 7.5 -5.0 16.25 348267107.0927
300.0 10.0 -5.0 16.25 8070070.842599999
300.0 -5.0 -2.5 16.25 10000000448.047602
300.0 -2.5 -2.5 16.25 10000000169.2112
300.0 0.0 -2.5 16.25 10000000269.1224
300.0 2.5 -2.5 16.25 9999999768.2005
300.0 5.0 -2.5 16.25 9999999961.979502
300.0 7.5 -2.5 16.25 46407886.286
300.0 10.0 -2.5 16.25 30096332.558199998
300.0 -5.0 0.0 16.25 10000000543.2434
300.0 -2.5 0.0 16.25 10000000455.8581
300.0 0.0 0.0 16.25 9999999974.656301
300.0 2.5 0.0 16.25 10000000025.0569
300.0 5.0 0.0 16.25 2860937.7465
300.0 10.0 0.0 16.25 6666.5072
300.0 -5.0 2.5 16.25 485127142.67120004
300.0 -2.5 2.5 16.25 9999999969.597502
300.0 0.0 2.5 16.25 10000000323.7973
300.0 2.5 2.5 16.25 9999999974.8861
300.0 5.0 2.5 16.25 256925232.92830002
300.0 7.5 2.5 16.25 6096869401.6551
300.0 10.0 2.5 16.25 1548926557.9212
300.0 -5.0 5.0 16.25 7818034601.1123
300.0 -2.5 5.0 16.25 10000000454.8563
300.0 0.0 5.0 16.25 10000000347.1366
300.0 2.5 5.0 16.25 9999999900.0524
300.0 5.0 5.0 16.25 9999999745.628302
300.0 7.5 5.0 16.25 3875730120.2992
300.0 10.0 5.0 16.25 9999999822.2858
