0.0 5.0 -7.5 6.25 9999999916.718401
0.0 -2.5 5.0 6.25 100.1706
0.0 0.0 2.5 7.5 7034.9377
0.0 -2.5 5.0 7.5 -1.4204
0.0 0.0 5.0 7.5 65.521
0.0 2.5 -10.0 8.75 4779384780.6936
0.0 5.0 -10.0 8.75 9999999852.5963
0.0 7.5 -10.0 8.75 10000000471.812
0.0 0.0 -7.5 8.75 657281131.4896001
0.0 5.0 -7.5 8.75 10000000056.903502
0.0 0.0 0.0 8.75 9999999952.407701
0.0 0.0 2.5 8.75 1446.9626
0.0 -2.5 5.0 8.75 -4.509
0.0 0.0 5.0 8.75 1407.5083000000002
0.0 2.5 5.0 8.75 114136802.1425
0.0 5.0 5.0 8.75 7361951452.362901
0.0 5.0 -10.0 10.0 936788250.6784
0.0 7.5 -10.0 10.0 9999999743.778502
0.0 0.0 -7.5 10.0 9999999645.0897
0.0 2.5 -7.5 10.0 10000000066.610601
0.0 5.0 -7.5 10.0 9999999801.642601
0.0 -2.5 -5.0 10.0 9999999861.1163
0.0 2.5 -5.0 10.0 10000000099.506802
0.0 -2.5 -2.5 10.0 4046141202.9439
0.0 0.0 -2.5 10.0 9999999990.4009
0.0 -2.5 0.0 10.0 1218.1741
0.0 0.0 0.0 10.0 22599.0833
0.0 2.5 0.0 10.0 37341223.2381
0.0 0.0 2.5 10.0 7908.7773
0.0 2.5 2.5 10.0 26408000.0515
0.0 7.5 2.5 10.0 6674302922.098
0.0 -2.5 5.0 10.0 -5.073499999999999
0.0 0.0 5.0 10.0 510.9262
0.0 2.5 5.0 10.0 31824404.7357
0.0 5.0 5.0 10.0 2478571911.186
0.0 2.5 -10.0 11.25 9999999971.586401
0.0 5.0 -10.0 11.25 10000000043.4431
0.0 7.5 -10.0 11.25 9999999888.548101
0.0 10.0 -10.0 11.25 9999999440.3866
0.0 0.0 -7.5 11.25 9999999682.9437
0.0 2.5 -7.5 11.25 10000000079.442902
0.0 5.0 -7.5 11.25 10000000140.6755
0.0 7.5 -7.5 11.25 10000000011.745901
0.0 -2.5 -5.0 11.25 322119423.8111
0.0 0.0 -5.0 11.25 9999999655.729101
0.0 2.5 -5.0 11.25 10000000007.8335
0.0 5.0 -5.0 11.25 10000000067.6277
0.0 -5.0 -2.5 11.25 42866571.9161
0.0 -2.5 -2.5 11.25 9611858.7418
0.0 0.0 -2.5 11.25 9999999996.575201
0.0 7.5 -2.5 11.25 10000000010.9615
0.0 -2.5 0.0 11.25 261.7029
0.0 0.0 0.0 11.25 56436.8824
0.0 2.5 0.0 11.25 154437639.64459997
0.0 -2.5 2.5 11.25 297.19259999999997
0.0 0.0 2.5 11.25 4487.4312
0.0 2.5 2.5 11.25 329561369.9856
0.0 5.0 2.5 11.25 10000000018.987501
0.0 7.5 2.5 11.25 10000000069.492802
0.0 -5.0 5.0 11.25 -2.7568
0.0 -2.5 5.0 11.25 -5.186
0.0 0.0 5.0 11.25 3518.2093999999997
0.0 2.5 5.0 11.25 35868.3323
0.0 5.0 5.0 11.25 845628418.0645
0.0 7.5 5.0 11.25 12013.538
0.0 0.0 -10.0 12.5 10000000211.1166
0.0 2.5 -10.0 12.5 10000000049.264502
0.0 5.0 -10.0 12.5 10000000326.903301
0.0 7.5 -10.0 12.5 10000000060.620901
0.0 10.0 -10.0 12.5 10000000058.5786
0.0 -2.5 -7.5 12.5 295909215.3736
0.0 0.0 -7.5 12.5 9999999860.8663
0.0 2.5 -7.5 12.5 9999999569.7212
0.0 5.0 -7.5 12.5 1958484133.0184002
0.0 7.5 -7.5 12.5 2809278368.0492997
0.0 10.0 -7.5 12.5 10000000231.4824
0.0 -5.0 -5.0 12.5 279332116.678
0.0 -2.5 -5.0 12.5 9999999889.4629
0.0 0.0 -5.0 12.5 9999999971.686602
0.0 2.5 -5.0 12.5 3065025723.053
0.0 5.0 -5.0 12.5 908253569.2038
0.0 7.5 -5.0 12.5 10000000089.0624
0.0 10.0 -5.0 12.5 10000000147.3789
0.0 -5.0 -2.5 12.5 2429415.6821
0.0 -2.5 -2.5 12.5 7040963.9455
0.0 0.0 -2.5 12.5 9999999982.8943
0.0 2.5 -2.5 12.5 1996165965.5695999
0.0 5.0 -2.5 12.5 9999999987.7745
0.0 7.5 -2.5 12.5 10000000113.578001
0.0 -5.0 0.0 12.5 -35.0223
0.0 -2.5 0.0 12.5 489.9341
0.0 0.0 0.0 12.5 9999999908.328901
0.0 2.5 0.0 12.5 10000000123.889
0.0 5.0 0.0 12.5 10000000164.235102
0.0 -2.5 2.5 12.5 3551.37
0.0 0.0 2.5 12.5 6092236.783
0.0 2.5 2.5 12.5 603388119.8856
0.0 5.0 2.5 12.5 10000000104.053902
0.0 7.5 2.5 12.5 1020548.5564
0.0 10.0 2.5 12.5 523588.6962
0.0 -5.0 5.0 12.5 -4.463
0.0 -2.5 5.0 12.5 -5.3789
0.0 0.0 5.0 12.5 126.32159999999999
0.0 2.5 5.0 12.5 7213.466899999999
0.0 5.0 5.0 12.5 7093376.7576
0.0 7.5 5.0 12.5 18390.1059
0.0 10.0 5.0 12.5 -4.7782
0.0 0.0 -10.0 13.75 10000000039.478802
0.0 2.5 -10.0 13.75 9999999997.160002
0.0 5.0 -10.0 13.75 9999999913.4598
0.0 7.5 -10.0 13.75 526683352.3814
0.0 10.0 -10.0 13.75 9999999939.515501
0.0 -2.5 -7.5 13.75 9999999999.7327
0.0 0.0 -7.5 13.75 4896407941.878099
0.0 2.5 -7.5 13.75 1066535473.0607
0.0 5.0 -7.5 13.75 4010202322.8332
0.0 7.5 -7.5 13.75 9999999930.9887
0.0 10.0 -7.5 13.75 5813052751.2057
0.0 -5.0 -5.0 13.75 153412745.01740003
0.0 -2.5 -5.0 13.75 9999999999.3456
0.0 0.0 -5.0 13.75 10000000055.846102
0.0 2.5 -5.0 13.75 10000000179.565802
0.0 5.0 -5.0 13.75 10000000065.2113
0.0 7.5 -5.0 13.75 10000000124.607801
0.0 10.0 -5.0 13.75 10000000007.8607
0.0 -5.0 -2.5 13.75 11013.9822
0.0 -2.5 -2.5 13.75 3478.3238
0.0 0.0 -2.5 13.75 749956.9717
0.0 2.5 -2.5 13.75 10000000027.0613
0.0 5.0 -2.5 13.75 9999999983.5839
0.0 7.5 -2.5 13.75 217477275.12489998
0.0 -5.0 0.0 13.75 -31.0101
0.0 -2.5 0.0 13.75 561.638
0.0 0.0 0.0 13.75 9999999981.9192
0.0 2.5 0.0 13.75 5927680610.489
0.0 5.0 0.0 13.75 10000000013.6784
0.0 7.5 0.0 13.75 23322112.5259
0.0 -5.0 2.5 13.75 -13.4456
0.0 -2.5 2.5 13.75 1501.0491000000002
0.0 0.0 2.5 13.75 10000000014.8426
0.0 2.5 2.5 13.75 10000000067.465101
0.0 5.0 2.5 13.75 2694244409.7774
0.0 7.5 2.5 13.75 10283.8723
0.0 10.0 2.5 13.75 80116431.93259999
0.0 -5.0 5.0 13.75 -4.7309
0.0 -2.5 5.0 13.75 -4.4726
0.0 0.0 5.0 13.75 49.8497
0.0 2.5 5.0 13.75 19326.9579
0.0 5.0 5.0 13.75 2288.3506
0.0 7.5 5.0 13.75 24.716099999999997
0.0 10.0 5.0 13.75 -12.357099999999999
0.0 -5.0 -10.0 15.0 9999999838.7338
0.0 -2.5 -10.0 15.0 19097869.7209
0.0 0.0 -10.0 15.0 10000000013.528801
0.0 2.5 -10.0 15.0 10000000084.1471
0.0 5.0 -10.0 15.0 10000000077.586
0.0 7.5 -10.0 15.0 10000000038.0286
0.0 10.0 -10.0 15.0 4929094008.5636
0.0 -5.0 -7.5 15.0 1151681832.6819
0.0 -2.5 -7.5 15.0 37116026.815500006
0.0 0.0 -7.5 15.0 436196127.6364
0.0 2.5 -7.5 15.0 435030170.18829995
0.0 5.0 -7.5 15.0 10000000068.8027
0.0 7.5 -7.5 15.0 9999999927.7056
0.0 10.0 -7.5 15.0 9999999659.9388
0.0 -5.0 -5.0 15.0 115975056.3819
0.0 -2.5 -5.0 15.0 9999999995.2304
0.0 0.0 -5.0 15.0 314792686.01159996
0.0 2.5 -5.0 15.0 424554469.75430006
0.0 5.0 -5.0 15.0 10000000181.230501
0.0 7.5 -5.0 15.0 10000000030.9333
0.0 10.0 -5.0 15.0 10000000018.660301
0.0 -5.0 -2.5 15.0 22.5728
0.0 -2.5 -2.5 15.0 353.9459
0.0 0.0 -2.5 15.0 27190011.9375
0.0 2.5 -2.5 15.0 10000000043.879002
0.0 5.0 -2.5 15.0 10000000589.071402
0.0 7.5 -2.5 15.0 689189.8427
0.0 10.0 -2.5 15.0 10000000051.087101
0.0 -5.0 0.0 15.0 -24.5119
0.0 -2.5 0.0 15.0 121.0199
0.0 0.0 0.0 15.0 83733498.8766
0.0 2.5 0.0 15.0 90542508.25140001
0.0 5.0 0.0 15.0 10000000210.633202
0.0 7.5 0.0 15.0 947964.5197000001
0.0 10.0 0.0 15.0 280751.1028
0.0 -5.0 2.5 15.0 -12.3978
0.0 -2.5 2.5 15.0 73073.32059999999
0.0 0.0 2.5 15.0 97426864.78909999
0.0 2.5 2.5 15.0 2231494.0452
0.0 5.0 2.5 15.0 47139761.1395
0.0 7.5 2.5 15.0 415.9642
0.0 10.0 2.5 15.0 3905280.7232
0.0 -5.0 5.0 15.0 -4.7725
0.0 -2.5 5.0 15.0 -3.7405
0.0 0.0 5.0 15.0 9.102
0.0 2.5 5.0 15.0 960.0776
0.0 5.0 5.0 15.0 2936.8623000000002
0.0 7.5 5.0 15.0 5.241200000000001
0.0 10.0 5.0 15.0 -10.5234
0.0 -5.0 -10.0 16.25 24263.015300000003
0.0 -2.5 -10.0 16.25 1794.3841
0.0 0.0 -10.0 16.25 399666.9106
0.0 2.5 -10.0 16.25 10000000122.238401
0.0 5.0 -10.0 16.25 10000000128.896502
0.0 7.5 -10.0 16.25 9999999995.378601
0.0 10.0 -10.0 16.25 9999999952.718401
0.0 -5.0 -7.5 16.25 239555.1562
0.0 -2.5 -7.5 16.25 6415343.1314
0.0 0.0 -7.5 16.25 1244690710.48
0.0 2.5 -7.5 16.25 98396361.38059999
0.0 5.0 -7.5 16.25 693170292.5759001
0.0 7.5 -7.5 16.25 136711480.3713
0.0 10.0 -7.5 16.25 10000000110.4027
0.0 -5.0 -5.0 16.25 402667480.6466
0.0 -2.5 -5.0 16.25 623150.6408
0.0 0.0 -5.0 16.25 9999999983.027802
0.0 2.5 -5.0 16.25 2409697.7969
0.0 5.0 -5.0 16.25 9999999935.1622
0.0 7.5 -5.0 16.25 9999999936.471802
0.0 10.0 -5.0 16.25 310869698.7021
0.0 -5.0 -2.5 16.25 -17.8472
0.0 -2.5 -2.5 16.25 92.0309
0.0 0.0 -2.5 16.25 1367089885.5688002
0.0 2.5 -2.5 16.25 547479163.4103999
0.0 5.0 -2.5 16.25 10000000057.0499
0.0 7.5 -2.5 16.25 8202100.2099
0.0 10.0 -2.5 16.25 1327568073.3508
0.0 -5.0 0.0 16.25 -17.875799999999998
0.0 -2.5 0.0 16.25 -19.0808
0.0 0.0 0.0 16.25 19522757.900999997
0.0 2.5 0.0 16.25 426687.7512
0.0 5.0 0.0 16.25 10000000040.110601
0.0 7.5 0.0 16.25 379.1189
0.0 10.0 0.0 16.25 161787.0258
0.0 -5.0 2.5 16.25 -9.0804
0.0 -2.5 2.5 16.25 186.4268
0.0 0.0 2.5 16.25 2959.1863
0.0 2.5 2.5 16.25 1843.6321
0.0 5.0 2.5 16.25 395.4937
0.0 7.5 2.5 16.25 15.511
0.0 10.0 2.5 16.25 6093560.1801
0.0 -5.0 5.0 16.25 -4.1081
0.0 -2.5 5.0 16.25 -2.1908
0.0 0.0 5.0 16.25 4.094799999999999
0.0 2.5 5.0 16.25 38.9483
0.0 5.0 5.0 16.25 14.385499999999999
0.0 7.5 5.0 16.25 2.9257999999999997
0.0 10.0 5.0 16.25 -10.9316
60.0 -5.0 -10.0 3.75 190648625.39060003
60.0 -2.5 -10.0 3.75 9999999891.5732
60.0 0.0 -10.0 3.75 10000000158.9141
60.0 2.5 -10.0 3.75 10000000149.2527
60.0 5.0 -10.0 3.75 10000000071.5566
60.0 7.5 -10.0 3.75 2090043135.7224
60.0 10.0 -10.0 3.75 9999999988.9248
60.0 -5.0 -7.5 3.75 9999999990.1453
60.0 -2.5 -7.5 3.75 10000000047.0156
60.0 0.0 -7.5 3.75 10000000042.256102
60.0 2.5 -7.5 3.75 6109780279.3447
60.0 5.0 -7.5 3.75 10000000033.101301
60.0 7.5 -7.5 3.75 7822511330.0888
60.0 10.0 -7.5 3.75 9999999967.0753
60.0 -5.0 -5.0 3.75 232059783.6682
60.0 -2.5 -5.0 3.75 77601860.25510001
60.0 0.0 -5.0 3.75 9999999848.1005
60.0 2.5 -5.0 3.75 9999999894.6249
60.0 5.0 -5.0 3.75 9999999983.159101
60.0 7.5 -5.0 3.75 846100472.8012
60.0 10.0 -5.0 3.75 9999999905.4964
60.0 -5.0 -2.5 3.75 315423418.5165
60.0 -2.5 -2.5 3.75 9999999941.6551
60.0 0.0 -2.5 3.75 9999999910.9543
60.0 2.5 -2.5 3.75 9999999901.4157
60.0 5.0 -2.5 3.75 9999999846.0625
60.0 7.5 -2.5 3.75 9999999442.9076
60.0 10.0 -2.5 3.75 10000000078.125502
60.0 -5.0 0.0 3.75 481712969.0084
60.0 -2.5 0.0 3.75 10000000014.3679
60.0 0.0 0.0 3.75 9999999846.050701
60.0 2.5 0.0 3.75 9999999888.652401
60.0 5.0 0.0 3.75 9999999904.0414
60.0 7.5 0.0 3.75 9999999856.304
60.0 10.0 0.0 3.75 1096258.1797
60.0 -5.0 2.5 3.75 9506530860.8833
60.0 -2.5 2.5 3.75 10000000009.349901
60.0 0.0 2.5 3.75 86539664.5074
60.0 2.5 2.5 3.75 10000000002.9465
60.0 5.0 2.5 3.75 1533528.7585
60.0 7.5 2.5 3.75 33964348.2701
60.0 10.0 2.5 3.75 226707.8182
60.0 -5.0 5.0 3.75 3546903394.4211
60.0 -2.5 5.0 3.75 653252026.7697
60.0 0.0 5.0 3.75 752305.9673
60.0 2.5 5.0 3.75 3673216.6344000003
60.0 5.0 5.0 3.75 22263.3697
60.0 7.5 5.0 3.75 25195.082000000002
60.0 10.0 5.0 3.75 -17.0375
60.0 2.5 -2.5 5.0 9999999753.777601
60.0 0.0 0.0 5.0 10000000005.0337
60.0 0.0 2.5 5.0 5104413374.5957
60.0 2.5 -2.5 6.25 2000200635.5864
60.0 0.0 0.0 6.25 2423109788.8198
60.0 0.0 2.5 6.25 106351065.1286
60.0 0.0 5.0 6.25 1323677800.9328
60.0 2.5 -5.0 7.5 9999999450.5076
60.0 2.5 -2.5 7.5 4079220700.4785
60.0 5.0 -2.5 7.5 9999999559.7689
60.0 -2.5 0.0 7.5 6058688034.5852
60.0 0.0 0.0 7.5 9999999979.1294
60.0 2.5 0.0 7.5 9999999872.0223
60.0 0.0 2.5 7.5 9999999937.122301
60.0 0.0 5.0 7.5 710627840.4363999
60.0 2.5 -7.5 8.75 10000000125.0452
60.0 2.5 -5.0 8.75 9999999990.9671
60.0 5.0 -5.0 8.75 9999999959.710201
60.0 0.0 -2.5 8.75 10000000024.877
60.0 2.5 -2.5 8.75 9999999460.7359
60.0 -2.5 0.0 8.75 2595451626.3101997
60.0 0.0 0.0 8.75 3927695572.237
60.0 2.5 0.0 8.75 9667201483.700901
60.0 -2.5 2.5 8.75 9999999993.535501
60.0 0.0 2.5 8.75 9999999979.963001
60.0 0.0 5.0 8.75 9999999901.309301
60.0 5.0 -10.0 10.0 1227314759.1219
60.0 2.5 -7.5 10.0 9999999968.476002
60.0 5.0 -7.5 10.0 10000000012.648901
60.0 7.5 -7.5 10.0 366515852.65639997
60.0 0.0 -5.0 10.0 9999999947.6429
60.0 2.5 -5.0 10.0 7101914209.7088
60.0 5.0 -5.0 10.0 2686760204.5694
60.0 -2.5 -2.5 10.0 155183996.0106
60.0 0.0 -2.5 10.0 1474871213.6669
60.0 2.5 -2.5 10.0 10000000102.6781
60.0 5.0 -2.5 10.0 9999999889.443
60.0 7.5 -2.5 10.0 9999999835.9545
60.0 -2.5 0.0 10.0 11542312.8073
60.0 0.0 0.0 10.0 10000000036.7248
60.0 2.5 0.0 10.0 3667204441.0683
60.0 -2.5 2.5 10.0 10000000102.068401
60.0 0.0 2.5 10.0 9999999942.8069
60.0 2.5 2.5 10.0 124156699.6543
60.0 -2.5 5.0 10.0 3904658533.2699
60.0 0.0 5.0 10.0 9999999886.228802
60.0 2.5 5.0 10.0 977568.5597
60.0 2.5 -10.0 11.25 10000000380.870201
60.0 5.0 -10.0 11.25 2790325406.1665
60.0 10.0 -10.0 11.25 9999999851.5758
60.0 0.0 -7.5 11.25 9999999972.177301
60.0 2.5 -7.5 11.25 10000000102.6758
60.0 5.0 -7.5 11.25 10000000001.0914
60.0 7.5 -7.5 11.25 529425665.0677
60.0 0.0 -5.0 11.25 10000000003.7119
60.0 2.5 -5.0 11.25 10000000055.2313
60.0 5.0 -5.0 11.25 10000000100.7765
60.0 -2.5 -2.5 11.25 18894624.6171
60.0 0.0 -2.5 11.25 10000000036.08
60.0 2.5 -2.5 11.25 10000000274.4885
60.0 5.0 -2.5 11.25 10000000021.914001
60.0 7.5 -2.5 11.25 715386405.4118
60.0 -5.0 0.0 11.25 19078666.2628
60.0 -2.5 0.0 11.25 4757148462.875
60.0 0.0 0.0 11.25 275741455.7336
60.0 2.5 0.0 11.25 223555379.2557
60.0 5.0 0.0 11.25 10000000007.952301
60.0 -5.0 2.5 11.25 2038255218.6653998
60.0 -2.5 2.5 11.25 10000000057.748001
60.0 0.0 2.5 11.25 10000000011.476501
60.0 2.5 2.5 11.25 1740287.5264
60.0 5.0 2.5 11.25 706367933.7097
60.0 -2.5 5.0 11.25 7292548971.3855
60.0 0.0 5.0 11.25 7861477.7852
60.0 2.5 5.0 11.25 4587.1538
60.0 5.0 5.0 11.25 364454273.8668
60.0 7.5 5.0 11.25 16523015.178199999
60.0 -2.5 -10.0 12.5 30136005.469
60.0 0.0 -10.0 12.5 9999999941.1979
60.0 2.5 -10.0 12.5 9999999809.6163
60.0 5.0 -10.0 12.5 1208314961.4039998
60.0 7.5 -10.0 12.5 9999999963.068602
60.0 10.0 -10.0 12.5 6678566325.4059
60.0 0.0 -7.5 12.5 10000000098.069801
60.0 2.5 -7.5 12.5 10000000062.4388
60.0 5.0 -7.5 12.5 10000000178.354301
60.0 7.5 -7.5 12.5 10000000029.184101
60.0 10.0 -7.5 12.5 9999999969.9323
60.0 -2.5 -5.0 12.5 1158698.8692
60.0 0.0 -5.0 12.5 10000000083.034601
60.0 2.5 -5.0 12.5 10000000072.1327
60.0 5.0 -5.0 12.5 9999999943.014801
60.0 7.5 -5.0 12.5 9999999894.073101
60.0 -5.0 -2.5 12.5 75551419.3936
60.0 -2.5 -2.5 12.5 111787458.4023
60.0 0.0 -2.5 12.5 9999999982.405602
60.0 2.5 -2.5 12.5 10000000015.196402
60.0 5.0 -2.5 12.5 9999999996.8782
60.0 7.5 -2.5 12.5 9999999959.3897
60.0 -5.0 0.0 12.5 24454742.1877
60.0 -2.5 0.0 12.5 2079054031.9099
60.0 0.0 0.0 12.5 9999999965.124802
60.0 2.5 0.0 12.5 9999999965.661201
60.0 5.0 0.0 12.5 10000000094.616201
60.0 -5.0 2.5 12.5 180637355.2505
60.0 -2.5 2.5 12.5 89585233.2663
60.0 0.0 2.5 12.5 640559598.5095999
60.0 2.5 2.5 12.5 17831507.2626
60.0 5.0 2.5 12.5 579830334.3073001
60.0 7.5 2.5 12.5 2843339649.9733
60.0 -5.0 5.0 12.5 29623281.434299998
60.0 -2.5 5.0 12.5 9999999904.0044
60.0 0.0 5.0 12.5 1796400.6334
60.0 2.5 5.0 12.5 -38.7888
60.0 5.0 5.0 12.5 158.12939999999998
60.0 7.5 5.0 12.5 1438810537.6792998
60.0 10.0 5.0 12.5 52390.8611
60.0 -2.5 -10.0 13.75 9821497.443599999
60.0 0.0 -10.0 13.75 19354856.9285
60.0 2.5 -10.0 13.75 10000000096.211102
60.0 5.0 -10.0 13.75 10000000111.498701
60.0 7.5 -10.0 13.75 9999999845.587801
60.0 10.0 -10.0 13.75 9999999876.153502
60.0 0.0 -7.5 13.75 10000000035.476301
60.0 2.5 -7.5 13.75 10000000098.0856
60.0 5.0 -7.5 13.75 840619974.1865001
60.0 7.5 -7.5 13.75 10000000114.9946
60.0 10.0 -7.5 13.75 654473838.3657
60.0 -2.5 -5.0 13.75 84408331.0621
60.0 0.0 -5.0 13.75 9049820074.790201
60.0 2.5 -5.0 13.75 3537309853.7026
60.0 5.0 -5.0 13.75 3160783195.2728004
60.0 7.5 -5.0 13.75 10000000020.9708
60.0 10.0 -5.0 13.75 9999999894.623402
60.0 -5.0 -2.5 13.75 19645030.2573
60.0 -2.5 -2.5 13.75 10000000192.4571
60.0 0.0 -2.5 13.75 9999999939.3684
60.0 2.5 -2.5 13.75 10000000044.981
60.0 5.0 -2.5 13.75 10000000012.558401
60.0 7.5 -2.5 13.75 10000000056.064201
60.0 -5.0 0.0 13.75 10000000006.2369
60.0 -2.5 0.0 13.75 7627823617.1615
60.0 0.0 0.0 13.75 341591106.2167
60.0 2.5 0.0 13.75 9999999911.983702
60.0 5.0 0.0 13.75 3810356801.4993
60.0 -5.0 2.5 13.75 10000000006.4171
60.0 -2.5 2.5 13.75 9999999991.486801
60.0 0.0 2.5 13.75 8055813.8218
60.0 2.5 2.5 13.75 44119.3541
60.0 5.0 2.5 13.75 2179029.7584
60.0 7.5 2.5 13.75 332276988.3491
60.0 -5.0 5.0 13.75 2602.5564000000004
60.0 -2.5 5.0 13.75 917.8527
60.0 0.0 5.0 13.75 20.759499999999996
60.0 2.5 5.0 13.75 -40.3072
60.0 5.0 5.0 13.75 129.9696
60.0 7.5 5.0 13.75 38495500.5201
60.0 10.0 5.0 13.75 42353.917
60.0 -5.0 -10.0 15.0 118.6206
60.0 -2.5 -10.0 15.0 31427778.1361
60.0 0.0 -10.0 15.0 273681988.9156
60.0 2.5 -10.0 15.0 6584856178.9466
60.0 5.0 -10.0 15.0 9999999980.230701
60.0 7.5 -10.0 15.0 10000000017.583
60.0 10.0 -10.0 15.0 1201399126.4196
60.0 -5.0 -7.5 15.0 4.5821
60.0 -2.5 -7.5 15.0 11651280.545400001
60.0 0.0 -7.5 15.0 463885320.9271
60.0 2.5 -7.5 15.0 10000000102.5569
60.0 5.0 -7.5 15.0 10000000122.8841
60.0 7.5 -7.5 15.0 1314032026.3576002
60.0 10.0 -7.5 15.0 4611155596.0562
60.0 -5.0 -5.0 15.0 572.9376000000001
60.0 -2.5 -5.0 15.0 309242450.15849996
60.0 0.0 -5.0 15.0 666880742.1109
60.0 2.5 -5.0 15.0 9171935062.515501
60.0 5.0 -5.0 15.0 10000000042.487902
60.0 7.5 -5.0 15.0 9999999797.305601
60.0 10.0 -5.0 15.0 9999999989.0214
60.0 -5.0 -2.5 15.0 9999999965.5291
60.0 -2.5 -2.5 15.0 16036324.9256
60.0 0.0 -2.5 15.0 10000000133.012901
60.0 2.5 -2.5 15.0 9999999995.442202
60.0 5.0 -2.5 15.0 10000000157.4794
60.0 7.5 -2.5 15.0 9999999996.3579
60.0 10.0 -2.5 15.0 2035347517.0197
60.0 -5.0 0.0 15.0 39951490.5126
60.0 -2.5 0.0 15.0 33542726.530500002
60.0 0.0 0.0 15.0 9999999966.6714
60.0 2.5 0.0 15.0 50223095.9393
60.0 5.0 0.0 15.0 10000000089.427801
60.0 7.5 0.0 15.0 9999999950.942701
60.0 -5.0 2.5 15.0 772778.6832999999
60.0 -2.5 2.5 15.0 4032.2828
60.0 0.0 2.5 15.0 403.6868
60.0 2.5 2.5 15.0 10975.705
60.0 5.0 2.5 15.0 21727.8512
60.0 7.5 2.5 15.0 5824620876.8587
60.0 10.0 2.5 15.0 594980074.0014
60.0 -5.0 5.0 15.0 1336.5818000000002
60.0 -2.5 5.0 15.0 23.0332
60.0 0.0 5.0 15.0 -18.3468
60.0 2.5 5.0 15.0 -29.1374
60.0 5.0 5.0 15.0 115.35640000000001
60.0 7.5 5.0 15.0 1381338774.3955998
60.0 10.0 5.0 15.0 21629.6581
60.0 -5.0 -10.0 16.25 -1.8911999999999998
60.0 -2.5 -10.0 16.25 29379.6932
60.0 0.0 -10.0 16.25 23646588.1244
60.0 2.5 -10.0 16.25 10000000113.3871
60.0 5.0 -10.0 16.25 271891418.1727
60.0 7.5 -10.0 16.25 6193880195.7718
60.0 10.0 -10.0 16.25 50324157.777799994
60.0 -5.0 -7.5 16.25 6.5633
60.0 -2.5 -7.5 16.25 967301116.1148
60.0 0.0 -7.5 16.25 4696993.898
60.0 2.5 -7.5 16.25 6611978616.023299
60.0 5.0 -7.5 16.25 711590780.2179999
60.0 7.5 -7.5 16.25 867300266.0561
60.0 10.0 -7.5 16.25 9999999953.4094
60.0 -5.0 -5.0 16.25 18.453699999999998
60.0 -2.5 -5.0 16.25 134384.2352
60.0 0.0 -5.0 16.25 3695100.1163
60.0 2.5 -5.0 16.25 10000000068.718401
60.0 5.0 -5.0 16.25 1434561369.2376
60.0 7.5 -5.0 16.25 1084668163.2275999
60.0 10.0 -5.0 16.25 9999999931.6938
60.0 -5.0 -2.5 16.25 1587824.926
60.0 -2.5 -2.5 16.25 9579086804.4586
60.0 0.0 -2.5 16.25 9999999941.4178
60.0 2.5 -2.5 16.25 10000000152.6544
60.0 5.0 -2.5 16.25 575106272.3836
60.0 7.5 -2.5 16.25 9999999981.496
60.0 10.0 -2.5 16.25 9999999836.1453
60.0 -5.0 0.0 16.25 29141.1051
60.0 -2.5 0.0 16.25 456275.25570000004
60.0 0.0 0.0 16.25 11695384.932599999
60.0 2.5 0.0 16.25 10577482.3124
60.0 5.0 0.0 16.25 285842540.73249996
60.0 7.5 0.0 16.25 9999999941.015501
60.0 10.0 0.0 16.25 482355550.39180005
60.0 -5.0 2.5 16.25 5288.2266
60.0 -2.5 2.5 16.25 15.590800000000002
60.0 0.0 2.5 16.25 5.462
60.0 2.5 2.5 16.25 4929.087100000001
60.0 5.0 2.5 16.25 110805.8468
60.0 7.5 2.5 16.25 9999999929.743502
60.0 10.0 2.5 16.25 317562.1982
60.0 -5.0 5.0 16.25 1.6197
60.0 -2.5 5.0 16.25 -3.7784000000000004
60.0 0.0 5.0 16.25 -12.7829
60.0 2.5 5.0 16.25 -19.2858
60.0 5.0 5.0 16.25 -8.618300000000001
60.0 7.5 5.0 16.25 1756.3067
60.0 10.0 5.0 16.25 762.0036
120.0 -5.0 -10.0 3.75 10000000062.3607
120.0 -2.5 -10.0 3.75 10000000041.826601
120.0 0.0 -10.0 3.75 9999999995.8467
120.0 2.5 -10.0 3.75 9999999943.3731
120.0 5.0 -10.0 3.75 10000000274.3404
120.0 7.5 -10.0 3.75 9999999853.055302
120.0 10.0 -10.0 3.75 184203236.63669997
120.0 -5.0 -7.5 3.75 8840968532.6189
120.0 -2.5 -7.5 3.75 2424488155.7929
120.0 0.0 -7.5 3.75 10000000114.188002
120.0 2.5 -7.5 3.75 10000000230.4041
120.0 5.0 -7.5 3.75 5475184418.6153
120.0 7.5 -7.5 3.75 9999999979.4636
120.0 10.0 -7.5 3.75 9999999996.5291
120.0 -5.0 -5.0 3.75 9999999832.116001
120.0 -2.5 -5.0 3.75 9999999952.6147
120.0 0.0 -5.0 3.75 1820971907.2524998
120.0 2.5 -5.0 3.75 10000000082.536201
120.0 5.0 -5.0 3.75 9999999867.0002
120.0 7.5 -5.0 3.75 10000000063.522001
120.0 10.0 -5.0 3.75 10000000057.3679
120.0 -5.0 -2.5 3.75 9999999956.1625
120.0 -2.5 -2.5 3.75 10000000048.365301
120.0 0.0 -2.5 3.75 9999999811.051601
120.0 2.5 -2.5 3.75 2833074940.3607
120.0 5.0 -2.5 3.75 9999999994.859901
120.0 7.5 -2.5 3.75 9999999961.0807
120.0 10.0 -2.5 3.75 131052943.906
120.0 -5.0 0.0 3.75 5138742.511899999
120.0 -2.5 0.0 3.75 2678533949.2678
120.0 0.0 0.0 3.75 9999999935.8969
120.0 2.5 0.0 3.75 8125740202.521601
120.0 5.0 0.0 3.75 987406377.8352001
120.0 7.5 0.0 3.75 2556714.0962
120.0 10.0 0.0 3.75 54594696.9202
120.0 -5.0 2.5 3.75 687965.7359
120.0 -2.5 2.5 3.75 9999999946.4092
120.0 0.0 2.5 3.75 9999999888.4626
120.0 2.5 2.5 3.75 37191957.0609
120.0 5.0 2.5 3.75 168268321.95250002
120.0 7.5 2.5 3.75 3635243082.0073
120.0 10.0 2.5 3.75 22977.5661
120.0 -5.0 5.0 3.75 9878.1254
120.0 -2.5 5.0 3.75 232492228.7416
120.0 0.0 5.0 3.75 690478775.9417001
120.0 2.5 5.0 3.75 142720848.6794
120.0 5.0 5.0 3.75 1099156.6986
120.0 7.5 5.0 3.75 25410.7062
120.0 10.0 5.0 3.75 3.4842000000000004
120.0 -2.5 5.0 5.0 15641301.605800001
120.0 -2.5 2.5 6.25 9999999954.055
120.0 -2.5 5.0 6.25 87175.4548
120.0 2.5 -7.5 7.5 10000000081.8244
120.0 0.0 -5.0 7.5 9999999929.6284
120.0 -2.5 0.0 7.5 9999999955.6366
120.0 -2.5 2.5 7.5 10000000008.809
120.0 0.0 2.5 7.5 9999999962.9701
120.0 -2.5 5.0 7.5 15.6852
120.0 0.0 5.0 7.5 1851.9585
120.0 2.5 -7.5 8.75 9999999982.2745
120.0 5.0 -7.5 8.75 9999999718.915201
120.0 0.0 -5.0 8.75 9999999758.5116
120.0 0.0 0.0 8.75 9999999959.303501
120.0 -2.5 2.5 8.75 12185371.851
120.0 0.0 2.5 8.75 2959440.0818000003
120.0 -5.0 5.0 8.75 2.8240000000000003
120.0 -2.5 5.0 8.75 -12.216899999999999
120.0 0.0 5.0 8.75 7884.5885
120.0 2.5 5.0 8.75 10000000012.5566
120.0 2.5 -10.0 10.0 943693599.8827
120.0 2.5 -7.5 10.0 221748574.59910002
120.0 5.0 -7.5 10.0 7607050891.1328
120.0 7.5 -7.5 10.0 10000000083.6933
120.0 -2.5 -5.0 10.0 10000000114.6767
120.0 0.0 -5.0 10.0 9999999741.229
120.0 2.5 -5.0 10.0 9999999858.665602
120.0 0.0 -2.5 10.0 864048390.913
120.0 0.0 0.0 10.0 6361020186.1632
120.0 2.5 0.0 10.0 10000000087.994202
120.0 -5.0 2.5 10.0 -13.105599999999999
120.0 -2.5 2.5 10.0 973.2008999999999
120.0 0.0 2.5 10.0 2021242493.647
120.0 2.5 2.5 10.0 2033187304.1792
120.0 -5.0 5.0 10.0 0.7622
120.0 -2.5 5.0 10.0 -11.836
120.0 0.0 5.0 10.0 14032.8739
120.0 2.5 5.0 10.0 9999999982.316502
120.0 5.0 5.0 10.0 5216541.063999999
120.0 2.5 -10.0 11.25 2723332123.2027
120.0 5.0 -10.0 11.25 9999999997.7975
120.0 10.0 -10.0 11.25 10000000084.310202
120.0 -2.5 -7.5 11.25 2900493846.9288
120.0 0.0 -7.5 11.25 9999999953.9055
120.0 2.5 -7.5 11.25 10000000109.8969
120.0 5.0 -7.5 11.25 9999999836.7124
120.0 7.5 -7.5 11.25 9999999987.7931
120.0 -2.5 -5.0 11.25 10000000104.0065
120.0 0.0 -5.0 11.25 9999999884.586802
120.0 2.5 -5.0 11.25 2631881680.9954
120.0 5.0 -5.0 11.25 9999999956.873701
120.0 7.5 -5.0 11.25 10000000099.444101
120.0 0.0 -2.5 11.25 9999999957.3645
120.0 2.5 -2.5 11.25 9972930119.5018
120.0 -5.0 0.0 11.25 12377.882800000001
120.0 -2.5 0.0 11.25 158843.1797
120.0 0.0 0.0 11.25 9999999968.3932
120.0 2.5 0.0 11.25 9999999823.648602
120.0 -5.0 2.5 11.25 -15.375800000000002
120.0 -2.5 2.5 11.25 620.747
120.0 0.0 2.5 11.25 1511217420.4814
120.0 2.5 2.5 11.25 322137513.4655
120.0 -5.0 5.0 11.25 -0.4264999999999999
120.0 -2.5 5.0 11.25 206.21910000000003
120.0 0.0 5.0 11.25 11018409.6438
120.0 2.5 5.0 11.25 759194.0079
120.0 5.0 5.0 11.25 1581773946.9681
120.0 7.5 5.0 11.25 341.9521
120.0 -5.0 -10.0 12.5 225779.2548
120.0 -2.5 -10.0 12.5 64411099.4216
120.0 0.0 -10.0 12.5 78320736.584
120.0 2.5 -10.0 12.5 9999999947.357801
120.0 5.0 -10.0 12.5 10000000012.3665
120.0 7.5 -10.0 12.5 9999999911.993801
120.0 10.0 -10.0 12.5 10000000142.7975
120.0 -2.5 -7.5 12.5 6691533200.4975
120.0 0.0 -7.5 12.5 5297075831.9237995
120.0 2.5 -7.5 12.5 9999999748.883202
120.0 5.0 -7.5 12.5 9999999639.249401
120.0 7.5 -7.5 12.5 9999999952.1525
120.0 10.0 -7.5 12.5 9999999874.450201
120.0 -2.5 -5.0 12.5 10000000276.956902
120.0 0.0 -5.0 12.5 9999999997.728401
120.0 2.5 -5.0 12.5 9999999864.554401
120.0 5.0 -5.0 12.5 9999999891.583801
120.0 -5.0 -2.5 12.5 28631.825699999998
120.0 -2.5 -2.5 12.5 48540581.952599995
120.0 0.0 -2.5 12.5 10000000205.844301
120.0 2.5 -2.5 12.5 5193855446.403
120.0 5.0 -2.5 12.5 9814679587.2729
120.0 -5.0 0.0 12.5 -43.5244
120.0 -2.5 0.0 12.5 89698.425
120.0 0.0 0.0 12.5 2944342738.9003997
120.0 2.5 0.0 12.5 9500916452.6829
120.0 5.0 0.0 12.5 9999999774.064402
120.0 -5.0 2.5 12.5 -10.9612
120.0 -2.5 2.5 12.5 9799.8687
120.0 0.0 2.5 12.5 9999999915.2148
120.0 2.5 2.5 12.5 10000000034.925901
120.0 5.0 2.5 12.5 1992364194.9761
120.0 -5.0 5.0 12.5 -0.24119999999999986
120.0 -2.5 5.0 12.5 4133.741800000001
120.0 0.0 5.0 12.5 1232149570.6984
120.0 2.5 5.0 12.5 1064115.0088
120.0 5.0 5.0 12.5 144691.82340000002
120.0 7.5 5.0 12.5 287.52
120.0 -5.0 -10.0 13.75 36082731.8002
120.0 -2.5 -10.0 13.75 13370816.2914
120.0 0.0 -10.0 13.75 115390367.1211
120.0 2.5 -10.0 13.75 10000000040.391401
120.0 5.0 -10.0 13.75 1174710991.602
120.0 7.5 -10.0 13.75 10000000423.2849
120.0 10.0 -10.0 13.75 9999999791.413502
120.0 -2.5 -7.5 13.75 9999999917.492102
120.0 0.0 -7.5 13.75 10000000032.6662
120.0 2.5 -7.5 13.75 10000000072.6917
120.0 5.0 -7.5 13.75 10000000042.958601
120.0 7.5 -7.5 13.75 9999999604.6004
120.0 10.0 -7.5 13.75 5104935231.676701
120.0 -2.5 -5.0 13.75 9999999873.1252
120.0 0.0 -5.0 13.75 609334441.9082
120.0 2.5 -5.0 13.75 1441514508.3337
120.0 5.0 -5.0 13.75 10000000153.6821
120.0 7.5 -5.0 13.75 9999999983.9321
120.0 10.0 -5.0 13.75 1365813911.3319001
120.0 -5.0 -2.5 13.75 47696.94960000001
120.0 -2.5 -2.5 13.75 5894188770.5949
120.0 0.0 -2.5 13.75 10000000066.9776
120.0 2.5 -2.5 13.75 9999999817.000801
120.0 5.0 -2.5 13.75 9999999847.8167
120.0 -5.0 0.0 13.75 16.840700000000002
120.0 -2.5 0.0 13.75 10000000001.052
120.0 0.0 0.0 13.75 9999999890.7653
120.0 2.5 0.0 13.75 2608547362.0974
120.0 5.0 0.0 13.75 10000000052.5337
120.0 -5.0 2.5 13.75 -7.2746
120.0 -2.5 2.5 13.75 4355500.850199999
120.0 0.0 2.5 13.75 263877821.3734
120.0 2.5 2.5 13.75 5439263008.2535
120.0 5.0 2.5 13.75 47710.1637
120.0 -5.0 5.0 13.75 0.5851999999999999
120.0 -2.5 5.0 13.75 4710.257500000001
120.0 0.0 5.0 13.75 2919832.8721999996
120.0 2.5 5.0 13.75 16255.4714
120.0 5.0 5.0 13.75 147.2554
120.0 7.5 5.0 13.75 11.4674
120.0 -5.0 -10.0 15.0 41530.573
120.0 -2.5 -10.0 15.0 3494251.5297
120.0 0.0 -10.0 15.0 57440780.9401
120.0 2.5 -10.0 15.0 10000000058.658
120.0 5.0 -10.0 15.0 1189870273.3561
120.0 7.5 -10.0 15.0 10000000011.901701
120.0 10.0 -10.0 15.0 103668156.8811
120.0 -5.0 -7.5 15.0 526175623.52720004
120.0 -2.5 -7.5 15.0 9999999896.550402
120.0 0.0 -7.5 15.0 9999999967.063002
120.0 2.5 -7.5 15.0 1381484451.3722
120.0 5.0 -7.5 15.0 9999999982.2423
120.0 7.5 -7.5 15.0 9999999979.556002
120.0 10.0 -7.5 15.0 1755970871.1176
120.0 -5.0 -5.0 15.0 1109072.1213
120.0 -2.5 -5.0 15.0 1429625440.2029
120.0 0.0 -5.0 15.0 10000000029.098501
120.0 2.5 -5.0 15.0 9999999911.849
120.0 5.0 -5.0 15.0 3129737658.0906997
120.0 7.5 -5.0 15.0 2140376740.8038
120.0 10.0 -5.0 15.0 9999999920.463902
120.0 -5.0 -2.5 15.0 83884.0634
120.0 -2.5 -2.5 15.0 1278798087.8598
120.0 0.0 -2.5 15.0 9999999785.802502
120.0 2.5 -2.5 15.0 9999999984.3658
120.0 5.0 -2.5 15.0 9999999955.0629
120.0 7.5 -2.5 15.0 9999999956.921701
120.0 10.0 -2.5 15.0 10000000018.0305
120.0 -5.0 0.0 15.0 1665.2323999999999
120.0 -2.5 0.0 15.0 9999999899.8197
120.0 0.0 0.0 15.0 1124350060.0272
120.0 2.5 0.0 15.0 9999999993.7954
120.0 5.0 0.0 15.0 3513901.8543
120.0 10.0 0.0 15.0 186855261.305
120.0 -5.0 2.5 15.0 -2.83
120.0 -2.5 2.5 15.0 2617715270.0664
120.0 0.0 2.5 15.0 5661312.9792
120.0 2.5 2.5 15.0 73546559.3816
120.0 5.0 2.5 15.0 38549.39
120.0 7.5 2.5 15.0 141077.72540000002
120.0 -5.0 5.0 15.0 0.8864999999999998
120.0 -2.5 5.0 15.0 67.5505
120.0 0.0 5.0 15.0 3513.374
120.0 2.5 5.0 15.0 265.5874
120.0 5.0 5.0 15.0 5.776400000000001
120.0 7.5 5.0 15.0 3.613600000000001
120.0 10.0 5.0 15.0 210313.0724
120.0 -5.0 -10.0 16.25 83.2082
120.0 -2.5 -10.0 16.25 486090.2247
120.0 0.0 -10.0 16.25 8490.324999999999
120.0 2.5 -10.0 16.25 915550701.8118
120.0 5.0 -10.0 16.25 34271569.887
120.0 7.5 -10.0 16.25 10000000096.5044
120.0 10.0 -10.0 16.25 59396.992699999995
120.0 -5.0 -7.5 16.25 9582.7171
120.0 -2.5 -7.5 16.25 21982.902
120.0 0.0 -7.5 16.25 10505963.703599999
120.0 2.5 -7.5 16.25 1856721525.6532001
120.0 5.0 -7.5 16.25 9999999990.6578
120.0 7.5 -7.5 16.25 9999999900.407001
120.0 10.0 -7.5 16.25 1225779450.9095001
120.0 -5.0 -5.0 16.25 2946.3855
120.0 -2.5 -5.0 16.25 10075361.9103
120.0 0.0 -5.0 16.25 933730688.7255
120.0 2.5 -5.0 16.25 5072651928.9294
120.0 5.0 -5.0 16.25 1029784370.1777
120.0 7.5 -5.0 16.25 794231937.7957001
120.0 10.0 -5.0 16.25 9999999912.1872
120.0 -5.0 -2.5 16.25 9999999974.6058
120.0 -2.5 -2.5 16.25 2165561.8947
120.0 0.0 -2.5 16.25 549212223.8759
120.0 2.5 -2.5 16.25 10000000073.992802
120.0 5.0 -2.5 16.25 443698473.3265
120.0 7.5 -2.5 16.25 9999999958.955101
120.0 10.0 -2.5 16.25 9999999948.456202
120.0 -5.0 0.0 16.25 1251908.1294
120.0 -2.5 0.0 16.25 1376815.8882
120.0 0.0 0.0 16.25 236776820.4743
120.0 2.5 0.0 16.25 173530284.362
120.0 5.0 0.0 16.25 6208640.1936
120.0 7.5 0.0 16.25 509171.9583
120.0 10.0 0.0 16.25 9999999907.6292
120.0 -5.0 2.5 16.25 0.15440000000000004
120.0 -2.5 2.5 16.25 171709.838
120.0 0.0 2.5 16.25 10000000003.2465
120.0 2.5 2.5 16.25 43963.0615
120.0 5.0 2.5 16.25 236.33249999999998
120.0 7.5 2.5 16.25 161.0908
120.0 10.0 2.5 16.25 798165830.2499
120.0 -5.0 5.0 16.25 1.689
120.0 -2.5 5.0 16.25 1.4818
120.0 0.0 5.0 16.25 11.646
120.0 2.5 5.0 16.25 9.8743
120.0 5.0 5.0 16.25 4.864800000000001
120.0 7.5 5.0 16.25 3.2254
120.0 10.0 5.0 16.25 39149475.1075
180.0 -5.0 -10.0 3.75 9999999988.1671
180.0 -2.5 -10.0 3.75 9999999980.1783
180.0 0.0 -10.0 3.75 9999999916.153801
180.0 2.5 -10.0 3.75 10000000016.702002
180.0 5.0 -10.0 3.75 842033432.6637
180.0 7.5 -10.0 3.75 10000000082.7
180.0 10.0 -10.0 3.75 7759126467.0005
180.0 -5.0 -7.5 3.75 7992211025.6102
180.0 -2.5 -7.5 3.75 10000000013.398401
180.0 0.0 -7.5 3.75 2765743381.4681
180.0 2.5 -7.5 3.75 9999999998.707
180.0 5.0 -7.5 3.75 10000000319.333302
180.0 7.5 -7.5 3.75 64672576.3647
180.0 10.0 -7.5 3.75 9999999920.477201
180.0 -5.0 -5.0 3.75 10000000097.1788
180.0 -2.5 -5.0 3.75 10000000017.0531
180.0 0.0 -5.0 3.75 9999999904.5398
180.0 2.5 -5.0 3.75 9999999916.889
180.0 5.0 -5.0 3.75 10000000029.415201
180.0 7.5 -5.0 3.75 10000000242.3831
180.0 10.0 -5.0 3.75 661630227.3894
180.0 -5.0 -2.5 3.75 9999999998.373901
180.0 -2.5 -2.5 3.75 10000000047.836601
180.0 0.0 -2.5 3.75 746192018.5827
180.0 2.5 -2.5 3.75 9999999938.5119
180.0 5.0 -2.5 3.75 9999999928.9657
180.0 7.5 -2.5 3.75 5818901163.4529
180.0 10.0 -2.5 3.75 131201159.3569
180.0 -5.0 0.0 3.75 844150422.8479
180.0 -2.5 0.0 3.75 4849090753.355901
180.0 0.0 0.0 3.75 10000000041.421001
180.0 2.5 0.0 3.75 9999999940.553202
180.0 5.0 0.0 3.75 9999999977.7194
180.0 7.5 0.0 3.75 9999999961.626202
180.0 10.0 0.0 3.75 10000000040.779202
180.0 -5.0 2.5 3.75 10000000036.329601
180.0 -2.5 2.5 3.75 9999999964.2663
180.0 0.0 2.5 3.75 9999999935.0083
180.0 2.5 2.5 3.75 8090445124.5497
180.0 5.0 2.5 3.75 646638022.1285
180.0 7.5 2.5 3.75 439674.86
180.0 10.0 2.5 3.75 891473.7181
180.0 -5.0 5.0 3.75 57.968900000000005
180.0 -2.5 5.0 3.75 908.29
180.0 0.0 5.0 3.75 8745.992699999999
180.0 2.5 5.0 3.75 44.2602
180.0 5.0 5.0 3.75 2507.0706999999998
180.0 7.5 5.0 3.75 11.6625
180.0 10.0 5.0 3.75 17.6681
180.0 -2.5 -2.5 7.5 10000000029.419102
180.0 0.0 2.5 7.5 38228090.6762
180.0 0.0 5.0 7.5 1665.5533999999998
180.0 -5.0 -2.5 8.75 1453545602.4199998
180.0 -2.5 -2.5 8.75 9181486785.3533
180.0 2.5 -2.5 8.75 9006686964.0989
180.0 -5.0 0.0 8.75 9999999930.3188
180.0 0.0 0.0 8.75 402956064.46889997
180.0 0.0 2.5 8.75 18910848.0114
180.0 0.0 -10.0 10.0 5148649013.2435
180.0 2.5 -10.0 10.0 10000000100.564001
180.0 0.0 -7.5 10.0 9999999877.7994
180.0 2.5 -7.5 10.0 3587218463.0804
180.0 5.0 -7.5 10.0 9999999980.9281
180.0 -2.5 -5.0 10.0 185045636.4813
180.0 0.0 -5.0 10.0 426875463.8556
180.0 2.5 -5.0 10.0 9999999836.6182
180.0 5.0 -5.0 10.0 10000000145.752
180.0 -5.0 -2.5 10.0 9999999944.788
180.0 -2.5 -2.5 10.0 9999999916.3864
180.0 0.0 -2.5 10.0 9999999968.313702
180.0 2.5 -2.5 10.0 9999999937.525002
180.0 -5.0 0.0 10.0 747783023.9883001
180.0 -2.5 0.0 10.0 463560192.8584
180.0 0.0 0.0 10.0 427062146.3563
180.0 -5.0 2.5 10.0 249512064.74060002
180.0 0.0 2.5 10.0 2739261.9576
180.0 2.5 2.5 10.0 10000000085.880201
180.0 0.0 5.0 10.0 174647557.4023
180.0 2.5 5.0 10.0 2917.8345
180.0 0.0 -10.0 11.25 2881398011.6700997
180.0 2.5 -10.0 11.25 468363372.0558
180.0 5.0 -10.0 11.25 10000000073.546501
180.0 0.0 -7.5 11.25 9999999984.9606
180.0 2.5 -7.5 11.25 10000000414.457602
180.0 5.0 -7.5 11.25 9999999969.5144
180.0 7.5 -7.5 11.25 7083316698.357699
180.0 -2.5 -5.0 11.25 9999999983.3607
180.0 0.0 -5.0 11.25 476725542.32820004
180.0 2.5 -5.0 11.25 10000000287.0702
180.0 5.0 -5.0 11.25 9999999947.166801
180.0 -5.0 -2.5 11.25 662143100.0771999
180.0 -2.5 -2.5 11.25 9999999945.352001
180.0 0.0 -2.5 11.25 10000000238.325201
180.0 2.5 -2.5 11.25 9999999720.367601
180.0 -5.0 0.0 11.25 217365766.4294
180.0 -2.5 0.0 11.25 10000000038.588501
180.0 0.0 0.0 11.25 10000000113.0382
180.0 -5.0 2.5 11.25 20783.9952
180.0 -2.5 2.5 11.25 800028.7732
180.0 0.0 2.5 11.25 8768056.8691
180.0 2.5 2.5 11.25 38320.7347
180.0 -5.0 5.0 11.25 211.7988
180.0 0.0 5.0 11.25 280.4114
180.0 2.5 5.0 11.25 51.1468
180.0 -5.0 -10.0 12.5 14651342.3881
180.0 -2.5 -10.0 12.5 9999999935.8047
180.0 0.0 -10.0 12.5 9999999938.447802
180.0 2.5 -10.0 12.5 10000000024.383701
180.0 5.0 -10.0 12.5 4975940517.1694
180.0 7.5 -10.0 12.5 10000000066.9185
180.0 10.0 -10.0 12.5 9999999966.8234
180.0 -2.5 -7.5 12.5 1870410487.8397
180.0 0.0 -7.5 12.5 9999999810.5662
180.0 2.5 -7.5 12.5 10000000027.248901
180.0 5.0 -7.5 12.5 9999999798.9909
180.0 7.5 -7.5 12.5 9999999930.8054
180.0 -5.0 -5.0 12.5 11506826.9976
180.0 -2.5 -5.0 12.5 9999999966.111
180.0 0.0 -5.0 12.5 10000000025.9615
180.0 2.5 -5.0 12.5 9999999902.5582
180.0 5.0 -5.0 12.5 9999999409.4304
180.0 -5.0 -2.5 12.5 2069721351.9991
180.0 -2.5 -2.5 12.5 9795760921.7504
180.0 0.0 -2.5 12.5 9999999964.2026
180.0 2.5 -2.5 12.5 10000000042.2684
180.0 5.0 -2.5 12.5 9999999996.205301
180.0 -5.0 0.0 12.5 5939670601.8071995
180.0 -2.5 0.0 12.5 10000000007.231602
180.0 0.0 0.0 12.5 9999999980.6651
180.0 2.5 0.0 12.5 10000000008.2817
180.0 -5.0 2.5 12.5 392.411
180.0 -2.5 2.5 12.5 93745104.1886
180.0 0.0 2.5 12.5 336486884.9336
180.0 2.5 2.5 12.5 399304.1898
180.0 -5.0 5.0 12.5 3.1212999999999997
180.0 -2.5 5.0 12.5 17.1981
180.0 0.0 5.0 12.5 18.4855
180.0 2.5 5.0 12.5 0.33809999999999985
180.0 5.0 5.0 12.5 -4.6942
180.0 7.5 5.0 12.5 -6.5474
180.0 10.0 5.0 12.5 9.0806
180.0 -5.0 -10.0 13.75 127074244.54370001
180.0 -2.5 -10.0 13.75 10000000106.031502
180.0 0.0 -10.0 13.75 164622576.02629998
180.0 2.5 -10.0 13.75 8220636700.5203
180.0 5.0 -10.0 13.75 9999999709.6448
180.0 7.5 -10.0 13.75 10000000142.3314
180.0 10.0 -10.0 13.75 10000000014.2789
180.0 -5.0 -7.5 13.75 7397.0614000000005
180.0 -2.5 -7.5 13.75 380905913.21169996
180.0 0.0 -7.5 13.75 10000000030.477201
180.0 2.5 -7.5 13.75 138331531.3623
180.0 5.0 -7.5 13.75 2166823399.8536
180.0 7.5 -7.5 13.75 9999999970.034601
180.0 10.0 -7.5 13.75 8086567833.7138
180.0 -5.0 -5.0 13.75 9999999928.4176
180.0 -2.5 -5.0 13.75 10000000217.565802
180.0 0.0 -5.0 13.75 2349585908.8312
180.0 2.5 -5.0 13.75 5742841869.1857
180.0 5.0 -5.0 13.75 10000000024.409302
180.0 -5.0 -2.5 13.75 9999999925.4183
180.0 -2.5 -2.5 13.75 10000000019.627201
180.0 0.0 -2.5 13.75 10000000099.659302
180.0 2.5 -2.5 13.75 9999999939.900702
180.0 5.0 -2.5 13.75 992359536.9571999
180.0 -5.0 0.0 13.75 10710744.9588
180.0 -2.5 0.0 13.75 55371069.4663
180.0 0.0 0.0 13.75 6406433535.2666
180.0 2.5 0.0 13.75 10000000012.611101
180.0 -5.0 2.5 13.75 3230.3876999999998
180.0 -2.5 2.5 13.75 161061.5858
180.0 0.0 2.5 13.75 20304.8071
180.0 2.5 2.5 13.75 365.7603
180.0 5.0 2.5 13.75 11639170.5505
180.0 -5.0 5.0 13.75 2.7521000000000004
180.0 -2.5 5.0 13.75 8.529300000000001
180.0 0.0 5.0 13.75 12.1856
180.0 2.5 5.0 13.75 2.3145
180.0 5.0 5.0 13.75 -5.3291
180.0 7.5 5.0 13.75 -6.554399999999999
180.0 10.0 5.0 13.75 14.325
180.0 -5.0 -10.0 15.0 7790.9160999999995
180.0 -2.5 -10.0 15.0 1362353270.7977
180.0 0.0 -10.0 15.0 302163872.4088
180.0 2.5 -10.0 15.0 9999999956.862501
180.0 5.0 -10.0 15.0 10000000041.770401
180.0 7.5 -10.0 15.0 10000000041.849401
180.0 10.0 -10.0 15.0 10000000072.2021
180.0 -5.0 -7.5 15.0 8400011.3098
180.0 -2.5 -7.5 15.0 393613279.8916
180.0 0.0 -7.5 15.0 212872305.8331
180.0 2.5 -7.5 15.0 2199036772.6384
180.0 5.0 -7.5 15.0 618772023.1405
180.0 7.5 -7.5 15.0 9999999946.366201
180.0 10.0 -7.5 15.0 9999999897.761501
180.0 -5.0 -5.0 15.0 4443514.7767
180.0 -2.5 -5.0 15.0 1385624347.8504999
180.0 0.0 -5.0 15.0 1359674235.7225
180.0 2.5 -5.0 15.0 9999999898.2987
180.0 5.0 -5.0 15.0 9999999949.708
180.0 7.5 -5.0 15.0 9999999944.9913
180.0 10.0 -5.0 15.0 2745103939.2022
180.0 -5.0 -2.5 15.0 777455092.2332
180.0 -2.5 -2.5 15.0 2032849764.7769
180.0 0.0 -2.5 15.0 66782623.3996
180.0 2.5 -2.5 15.0 9999999967.7957
180.0 5.0 -2.5 15.0 963499114.5031999
180.0 10.0 -2.5 15.0 10000000200.128302
180.0 -5.0 0.0 15.0 12206275.9244
180.0 -2.5 0.0 15.0 184075050.80629998
180.0 0.0 0.0 15.0 5665385412.9136
180.0 2.5 0.0 15.0 545919.5538
180.0 5.0 0.0 15.0 9999999983.532202
180.0 -5.0 2.5 15.0 1502750.5544
180.0 -2.5 2.5 15.0 2714.3572
180.0 0.0 2.5 15.0 366.0198
180.0 2.5 2.5 15.0 51.39319999999999
180.0 5.0 2.5 15.0 138421.51700000002
180.0 7.5 2.5 15.0 11289.6716
180.0 -5.0 5.0 15.0 4.0381
180.0 -2.5 5.0 15.0 9.1341
180.0 0.0 5.0 15.0 10.734
180.0 2.5 5.0 15.0 2.3034
180.0 5.0 5.0 15.0 -5.5133
180.0 7.5 5.0 15.0 -6.572900000000001
180.0 10.0 5.0 15.0 0.30290000000000006
180.0 -5.0 -10.0 16.25 0.2804
180.0 -2.5 -10.0 16.25 5637.4344
180.0 0.0 -10.0 16.25 11845377.405800002
180.0 2.5 -10.0 16.25 9999999912.7196
180.0 5.0 -10.0 16.25 10000000104.7553
180.0 7.5 -10.0 16.25 9999999904.777102
180.0 10.0 -10.0 16.25 3873292871.7511997
180.0 -5.0 -7.5 16.25 7447.9557
180.0 -2.5 -7.5 16.25 7773562837.416901
180.0 0.0 -7.5 16.25 9999999913.6331
180.0 2.5 -7.5 16.25 424435308.6459
180.0 5.0 -7.5 16.25 9999999943.6998
180.0 7.5 -7.5 16.25 9999999721.511702
180.0 10.0 -7.5 16.25 9999999911.877
180.0 -5.0 -5.0 16.25 16227547.037
180.0 -2.5 -5.0 16.25 6411661659.8976
180.0 0.0 -5.0 16.25 10000000113.0575
180.0 2.5 -5.0 16.25 568749195.6243
180.0 5.0 -5.0 16.25 9999999978.0233
180.0 7.5 -5.0 16.25 9999999803.646101
180.0 10.0 -5.0 16.25 219884697.5093
180.0 -5.0 -2.5 16.25 1613978.9661
180.0 -2.5 -2.5 16.25 88006443.972
180.0 0.0 -2.5 16.25 3673677463.2633996
180.0 2.5 -2.5 16.25 9999999851.193602
180.0 5.0 -2.5 16.25 9999999877.483501
180.0 7.5 -2.5 16.25 5034680296.6528
180.0 10.0 -2.5 16.25 9999999998.762701
180.0 -5.0 0.0 16.25 494008.53369999997
180.0 -2.5 0.0 16.25 304565.8175
180.0 0.0 0.0 16.25 152871.7645
180.0 2.5 0.0 16.25 367097.09359999996
180.0 5.0 0.0 16.25 9999999884.6142
180.0 7.5 0.0 16.25 43318.562999999995
180.0 -5.0 2.5 16.25 219.5576
180.0 -2.5 2.5 16.25 7.285299999999999
180.0 0.0 2.5 16.25 27.680600000000002
180.0 2.5 2.5 16.25 30.3081
180.0 5.0 2.5 16.25 2349831.0147
180.0 7.5 2.5 16.25 456.36719999999997
180.0 -5.0 5.0 16.25 4.1753
180.0 -2.5 5.0 16.25 8.0886
180.0 0.0 5.0 16.25 8.3942
180.0 2.5 5.0 16.25 0.30200000000000005
180.0 5.0 5.0 16.25 -5.9482
180.0 7.5 5.0 16.25 -6.2207
180.0 10.0 5.0 16.25 -0.30679999999999996
240.0 -5.0 -10.0 3.75 1309246246.7317002
240.0 -2.5 -10.0 3.75 10000000012.658901
240.0 0.0 -10.0 3.75 9999999993.0953
240.0 2.5 -10.0 3.75 5800915679.5399
240.0 5.0 -10.0 3.75 10000000121.326101
240.0 7.5 -10.0 3.75 595887447.0353999
240.0 10.0 -10.0 3.75 49931808.782
240.0 -5.0 -7.5 3.75 4675090795.367399
240.0 -2.5 -7.5 3.75 9999999859.2551
240.0 0.0 -7.5 3.75 10000000520.404902
240.0 2.5 -7.5 3.75 10000000012.1152
240.0 5.0 -7.5 3.75 9999999978.6268
240.0 7.5 -7.5 3.75 10000000205.262001
240.0 10.0 -7.5 3.75 10000000056.4382
240.0 -5.0 -5.0 3.75 9999999959.2427
240.0 -2.5 -5.0 3.75 8944733532.4356
240.0 0.0 -5.0 3.75 9999999832.8747
240.0 2.5 -5.0 3.75 9999999969.1016
240.0 5.0 -5.0 3.75 10000000364.4139
240.0 7.5 -5.0 3.75 10000000006.201601
240.0 10.0 -5.0 3.75 10000000003.135
240.0 -5.0 -2.5 3.75 9999999911.3889
240.0 -2.5 -2.5 3.75 242490985.8874
240.0 0.0 -2.5 3.75 9999999929.0349
240.0 2.5 -2.5 3.75 9999999961.0417
240.0 5.0 -2.5 3.75 9999999936.1473
240.0 7.5 -2.5 3.75 10000000027.673302
240.0 10.0 -2.5 3.75 312755463.2374
240.0 -5.0 0.0 3.75 9999999966.8983
240.0 -2.5 0.0 3.75 9999999978.2113
240.0 0.0 0.0 3.75 3893345399.8551
240.0 2.5 0.0 3.75 10000000093.8052
240.0 5.0 0.0 3.75 9999999977.5156
240.0 7.5 0.0 3.75 9999999948.5844
240.0 10.0 0.0 3.75 10000000000.212301
240.0 -5.0 2.5 3.75 156.63649999999998
240.0 -2.5 2.5 3.75 5824754.2694999995
240.0 0.0 2.5 3.75 9999999929.6749
240.0 2.5 2.5 3.75 9999999997.3507
240.0 5.0 2.5 3.75 10000000159.141401
240.0 7.5 2.5 3.75 10000000021.9267
240.0 10.0 2.5 3.75 257633512.9903
240.0 -5.0 5.0 3.75 11.7712
240.0 -2.5 5.0 3.75 1942442.6335
240.0 0.0 5.0 3.75 10000000137.602701
240.0 2.5 5.0 3.75 10000000067.7057
240.0 5.0 5.0 3.75 137543102.8996
240.0 7.5 5.0 3.75 10000000018.4255
240.0 10.0 5.0 3.75 6257120571.9933
240.0 0.0 0.0 5.0 9999999980.3768
240.0 -2.5 2.5 5.0 894049.1533
240.0 -2.5 5.0 5.0 1360189.3255
240.0 0.0 0.0 6.25 940263117.8515
240.0 -2.5 2.5 6.25 2895738.3778999997
240.0 0.0 2.5 6.25 3421758591.0133
240.0 -5.0 5.0 6.25 3.0757999999999996
240.0 -2.5 5.0 6.25 56415.757099999995
240.0 2.5 -10.0 7.5 3182666365.8661
240.0 -2.5 -7.5 7.5 9999999991.983501
240.0 0.0 -5.0 7.5 9999999919.7623
240.0 0.0 0.0 7.5 9999999983.924002
240.0 -2.5 2.5 7.5 91400.6838
240.0 0.0 2.5 7.5 63664390.9802
240.0 -5.0 5.0 7.5 2.3598000000000003
240.0 -2.5 5.0 7.5 37.3499
240.0 0.0 5.0 7.5 55380.5014
240.0 0.0 -10.0 8.75 7227177185.3273
240.0 2.5 -10.0 8.75 3976445745.8568997
240.0 5.0 -10.0 8.75 9999999708.5998
240.0 -2.5 -7.5 8.75 9999999905.634901
240.0 0.0 -7.5 8.75 480882790.75500005
240.0 2.5 -7.5 8.75 10000000038.380701
240.0 -2.5 -5.0 8.75 9999999984.041801
240.0 0.0 -5.0 8.75 9999999900.289902
240.0 0.0 -2.5 8.75 9999999716.903301
240.0 2.5 -2.5 8.75 10000000046.217001
240.0 -2.5 0.0 8.75 16871529.378
240.0 0.0 0.0 8.75 210142603.9324
240.0 -2.5 2.5 8.75 15136.0934
240.0 0.0 2.5 8.75 1303738.9157
240.0 2.5 2.5 8.75 9999999755.4395
240.0 -5.0 5.0 8.75 -0.11059999999999981
240.0 -2.5 5.0 8.75 -1.8436000000000003
240.0 0.0 5.0 8.75 2630.2599999999998
240.0 0.0 -10.0 10.0 10000000125.022001
240.0 2.5 -10.0 10.0 9999999853.984901
240.0 5.0 -10.0 10.0 9999999960.2514
240.0 -2.5 -7.5 10.0 10000000083.790901
240.0 0.0 -7.5 10.0 9999999820.783401
240.0 2.5 -7.5 10.0 9999999875.647001
240.0 -2.5 -5.0 10.0 10000000061.2183
240.0 0.0 -5.0 10.0 9999999939.3402
240.0 -5.0 -2.5 10.0 26038.410000000003
240.0 -2.5 -2.5 10.0 9999999938.1695
240.0 0.0 -2.5 10.0 3531430072.6903
240.0 2.5 -2.5 10.0 1931976572.3308
240.0 -2.5 0.0 10.0 142665.4654
240.0 0.0 0.0 10.0 9285591981.3184
240.0 2.5 0.0 10.0 9999999981.496601
240.0 -5.0 2.5 10.0 9.4682
240.0 -2.5 2.5 10.0 61079.5386
240.0 0.0 2.5 10.0 14120265.6729
240.0 2.5 2.5 10.0 10000000265.894701
240.0 -5.0 5.0 10.0 -2.0214
240.0 -2.5 5.0 10.0 -7.1744
240.0 0.0 5.0 10.0 1330.9719
240.0 2.5 5.0 10.0 10000000001.6404
240.0 7.5 5.0 10.0 54572183.684700005
240.0 -2.5 -10.0 11.25 14988356.7576
240.0 0.0 -10.0 11.25 9999999841.676601
240.0 2.5 -10.0 11.25 9999999902.1893
240.0 5.0 -10.0 11.25 10000000042.496801
240.0 7.5 -10.0 11.25 10000000281.060501
240.0 10.0 -10.0 11.25 330158229.2949
240.0 -5.0 -7.5 11.25 152227776.8217
240.0 -2.5 -7.5 11.25 9999999986.983501
240.0 0.0 -7.5 11.25 10000000042.953001
240.0 2.5 -7.5 11.25 9999999906.6846
240.0 -2.5 -5.0 11.25 10000000096.8173
240.0 0.0 -5.0 11.25 9999999554.211601
240.0 2.5 -5.0 11.25 9999999992.3122
240.0 -5.0 -2.5 11.25 13925115.4321
240.0 -2.5 -2.5 11.25 150845115.08490002
240.0 0.0 -2.5 11.25 9999999827.0414
240.0 2.5 -2.5 11.25 9999999924.873402
240.0 -5.0 0.0 11.25 11994.6772
240.0 -2.5 0.0 11.25 10102.910600000001
240.0 0.0 0.0 11.25 9999999837.8418
240.0 2.5 0.0 11.25 9999999947.2388
240.0 -2.5 2.5 11.25 1060.3882
240.0 0.0 2.5 11.25 9372.8334
240.0 2.5 2.5 11.25 10000000066.0881
240.0 5.0 2.5 11.25 286751212.90650004
240.0 7.5 2.5 11.25 3104629889.6270003
240.0 -5.0 5.0 11.25 -4.2709
240.0 -2.5 5.0 11.25 -8.7965
240.0 0.0 5.0 11.25 240.031
240.0 2.5 5.0 11.25 67393099.7036
240.0 7.5 5.0 11.25 506106.32649999997
240.0 -2.5 -10.0 12.5 23517227.277400002
240.0 0.0 -10.0 12.5 9999999965.7859
240.0 2.5 -10.0 12.5 9999999840.3815
240.0 5.0 -10.0 12.5 9999999836.508701
240.0 7.5 -10.0 12.5 9398585544.363
240.0 10.0 -10.0 12.5 2156200876.6468
240.0 -5.0 -7.5 12.5 2560033657.2174997
240.0 -2.5 -7.5 12.5 10000000085.356401
240.0 0.0 -7.5 12.5 9999999734.6187
240.0 2.5 -7.5 12.5 9999999826.647202
240.0 5.0 -7.5 12.5 9999999884.8075
240.0 -5.0 -5.0 12.5 1063267476.6956999
240.0 -2.5 -5.0 12.5 9999999983.161001
240.0 0.0 -5.0 12.5 9999999802.159101
240.0 2.5 -5.0 12.5 9999999802.675001
240.0 5.0 -5.0 12.5 6556009917.501
240.0 -5.0 -2.5 12.5 3618968633.2763
240.0 -2.5 -2.5 12.5 168077526.8285
240.0 0.0 -2.5 12.5 43401191.5028
240.0 2.5 -2.5 12.5 10000000002.2191
240.0 -5.0 0.0 12.5 1113581.3817
240.0 -2.5 0.0 12.5 1715968.4109
240.0 0.0 0.0 12.5 9999999915.6217
240.0 2.5 0.0 12.5 119203067.5521
240.0 5.0 0.0 12.5 889631268.1777999
240.0 -5.0 2.5 12.5 -7.3887
240.0 -2.5 2.5 12.5 23.6858
240.0 0.0 2.5 12.5 9640342.6107
240.0 2.5 2.5 12.5 10000000064.9727
240.0 5.0 2.5 12.5 1981620497.6054
240.0 7.5 2.5 12.5 10000000040.1245
240.0 -5.0 5.0 12.5 -5.6076999999999995
240.0 -2.5 5.0 12.5 1.9446000000000003
240.0 0.0 5.0 12.5 5883928.7261
240.0 2.5 5.0 12.5 218180201.0357
240.0 5.0 5.0 12.5 9999999919.6944
240.0 7.5 5.0 12.5 5489.421600000001
240.0 -2.5 -10.0 13.75 3219266648.2266
240.0 0.0 -10.0 13.75 2345251912.6132
240.0 2.5 -10.0 13.75 10000000368.7052
240.0 5.0 -10.0 13.75 9999999925.0547
240.0 7.5 -10.0 13.75 10000000148.1154
240.0 10.0 -10.0 13.75 9999999934.066301
240.0 -5.0 -7.5 13.75 10000000046.4195
240.0 -2.5 -7.5 13.75 9999999959.5995
240.0 0.0 -7.5 13.75 484922576.2946
240.0 2.5 -7.5 13.75 10000000021.595901
240.0 5.0 -7.5 13.75 10000000053.9692
240.0 7.5 -7.5 13.75 10000000086.5463
240.0 10.0 -7.5 13.75 10000000117.729101
240.0 -5.0 -5.0 13.75 1763606734.4216
240.0 -2.5 -5.0 13.75 235182111.92090002
240.0 0.0 -5.0 13.75 10000000062.3288
240.0 2.5 -5.0 13.75 9999999974.115702
240.0 5.0 -5.0 13.75 4599425059.0708
240.0 -5.0 -2.5 13.75 125106613.0641
240.0 -2.5 -2.5 13.75 1241887577.6780002
240.0 0.0 -2.5 13.75 9999999930.519901
240.0 2.5 -2.5 13.75 1179215651.2548
240.0 -5.0 0.0 13.75 56434.1479
240.0 -2.5 0.0 13.75 7304853.196099999
240.0 0.0 0.0 13.75 998288282.7615
240.0 2.5 0.0 13.75 10071807.8358
240.0 5.0 0.0 13.75 2869655524.7514
240.0 -5.0 2.5 13.75 -5.9155
240.0 -2.5 2.5 13.75 -5.0456
240.0 0.0 2.5 13.75 10000000543.718601
240.0 2.5 2.5 13.75 9999999597.6711
240.0 5.0 2.5 13.75 10000000080.6313
240.0 7.5 2.5 13.75 4192691.0417
240.0 10.0 2.5 13.75 1141870.4967
240.0 -5.0 5.0 13.75 -5.762899999999999
240.0 -2.5 5.0 13.75 753.4569
240.0 0.0 5.0 13.75 3747826966.9205
240.0 2.5 5.0 13.75 612083187.9953
240.0 5.0 5.0 13.75 31125.5766
240.0 7.5 5.0 13.75 207.8192
240.0 10.0 5.0 13.75 61526.046899999994
240.0 -5.0 -10.0 15.0 10064730.4018
240.0 -2.5 -10.0 15.0 10000000108.101002
240.0 0.0 -10.0 15.0 9999999960.8724
240.0 2.5 -10.0 15.0 84817652.7933
240.0 5.0 -10.0 15.0 10000000009.539202
240.0 7.5 -10.0 15.0 10000000033.5368
240.0 10.0 -10.0 15.0 310389169.5748
240.0 -5.0 -7.5 15.0 10000000011.8419
240.0 -2.5 -7.5 15.0 9999999913.443401
240.0 0.0 -7.5 15.0 1538171325.0059001
240.0 2.5 -7.5 15.0 9999999992.572601
240.0 5.0 -7.5 15.0 9999999955.6958
240.0 7.5 -7.5 15.0 137619588.4265
240.0 10.0 -7.5 15.0 10000000065.5554
240.0 -5.0 -5.0 15.0 108789146.2436
240.0 -2.5 -5.0 15.0 13399537.7535
240.0 0.0 -5.0 15.0 9999999976.2499
240.0 2.5 -5.0 15.0 62004853.2812
240.0 5.0 -5.0 15.0 345081513.7659
240.0 10.0 -5.0 15.0 10000000069.1937
240.0 -5.0 -2.5 15.0 4388.923
240.0 -2.5 -2.5 15.0 203384114.092
240.0 0.0 -2.5 15.0 9999999987.340801
240.0 2.5 -2.5 15.0 133814946.4103
240.0 5.0 -2.5 15.0 7129664.0517
240.0 7.5 -2.5 15.0 10000000018.694601
240.0 -5.0 0.0 15.0 393.42379999999997
240.0 -2.5 0.0 15.0 297204564.6172
240.0 0.0 0.0 15.0 10000000077.4503
240.0 2.5 0.0 15.0 18371950.156099997
240.0 5.0 0.0 15.0 12518055.1007
240.0 7.5 0.0 15.0 120309489.1638
240.0 -5.0 2.5 15.0 -5.0683
240.0 -2.5 2.5 15.0 -15.020399999999999
240.0 0.0 2.5 15.0 249836.4114
240.0 2.5 2.5 15.0 5853670605.8785
240.0 5.0 2.5 15.0 1760421.1739
240.0 7.5 2.5 15.0 498765.0772
240.0 10.0 2.5 15.0 30589.7003
240.0 -5.0 5.0 15.0 -5.4969
240.0 -2.5 5.0 15.0 981.7211000000001
240.0 0.0 5.0 15.0 5163217.255799999
240.0 2.5 5.0 15.0 11890775.384300001
240.0 5.0 5.0 15.0 2616.984
240.0 7.5 5.0 15.0 42.8435
240.0 10.0 5.0 15.0 70784.7074
240.0 -5.0 -10.0 16.25 4364.7985
240.0 -2.5 -10.0 16.25 549327.4506
240.0 0.0 -10.0 16.25 9999999893.901001
240.0 2.5 -10.0 16.25 2025401421.6669998
240.0 5.0 -10.0 16.25 9999999966.2756
240.0 7.5 -10.0 16.25 9999999946.6686
240.0 10.0 -10.0 16.25 730817542.2332
240.0 -5.0 -7.5 16.25 219204.0295
240.0 -2.5 -7.5 16.25 8998207.909599999
240.0 0.0 -7.5 16.25 173169518.61990002
240.0 2.5 -7.5 16.25 5453987.6962
240.0 5.0 -7.5 16.25 8779354916.545
240.0 7.5 -7.5 16.25 713490950.0977999
240.0 10.0 -7.5 16.25 10000000092.5589
240.0 -5.0 -5.0 16.25 45249.1684
240.0 -2.5 -5.0 16.25 12837766.3585
240.0 0.0 -5.0 16.25 9999999890.091501
240.0 2.5 -5.0 16.25 9999999885.854
240.0 5.0 -5.0 16.25 512818119.3783
240.0 7.5 -5.0 16.25 9999999914.4676
240.0 10.0 -5.0 16.25 1673259480.757
240.0 -5.0 -2.5 16.25 12.5867
240.0 -2.5 -2.5 16.25 17326715.9202
240.0 0.0 -2.5 16.25 133791485.06109999
240.0 2.5 -2.5 16.25 436340.7117
240.0 5.0 -2.5 16.25 743374.3097999999
240.0 7.5 -2.5 16.25 1094762684.7075
240.0 10.0 -2.5 16.25 9999999957.0737
240.0 -5.0 0.0 16.25 0.039000000000000146
240.0 -2.5 0.0 16.25 3606473.5301
240.0 0.0 0.0 16.25 125996526.7201
240.0 2.5 0.0 16.25 19337.715099999998
240.0 5.0 0.0 16.25 75627.9305
240.0 7.5 0.0 16.25 46551341.9338
240.0 -5.0 2.5 16.25 -3.6284
240.0 -2.5 2.5 16.25 -6.1813
240.0 0.0 2.5 16.25 2161.0997
240.0 2.5 2.5 16.25 10930.6777
240.0 5.0 2.5 16.25 6456.9331
240.0 7.5 2.5 16.25 256.00030000000004
240.0 10.0 2.5 16.25 894.9095000000001
240.0 -5.0 5.0 16.25 -5.152
240.0 -2.5 5.0 16.25 -5.59
240.0 0.0 5.0 16.25 104.1795
240.0 2.5 5.0 16.25 10364.4045
240.0 5.0 5.0 16.25 129.6416
240.0 7.5 5.0 16.25 36.460699999999996
240.0 10.0 5.0 16.25 21349.199699999997
300.0 -5.0 -10.0 3.75 236792482.5278
300.0 -2.5 -10.0 3.75 9999999897.287601
300.0 0.0 -10.0 3.75 9999999971.589401
300.0 2.5 -10.0 3.75 10000000900.328701
300.0 5.0 -10.0 3.75 2772674273.3651
300.0 7.5 -10.0 3.75 9999999937.4557
300.0 10.0 -10.0 3.75 291726616.5622
300.0 -5.0 -7.5 3.75 9999999997.5869
300.0 -2.5 -7.5 3.75 9999999974.5834
300.0 0.0 -7.5 3.75 9999999914.621302
300.0 2.5 -7.5 3.75 9999999651.3988
300.0 5.0 -7.5 3.75 3442317961.7718
300.0 7.5 -7.5 3.75 2171998810.0601997
300.0 10.0 -7.5 3.75 1368769094.13
300.0 -5.0 -5.0 3.75 3124909329.5157
300.0 -2.5 -5.0 3.75 10000000156.8981
300.0 0.0 -5.0 3.75 3446585393.0848002
300.0 2.5 -5.0 3.75 9999999969.843
300.0 5.0 -5.0 3.75 10000000034.8929
300.0 7.5 -5.0 3.75 9999999918.301
300.0 10.0 -5.0 3.75 9999999976.6131
300.0 -5.0 -2.5 3.75 3825094206.3191
300.0 -2.5 -2.5 3.75 9999999887.7551
300.0 0.0 -2.5 3.75 9999999943.703701
300.0 2.5 -2.5 3.75 7774760744.3566
300.0 5.0 -2.5 3.75 9999999921.911901
300.0 7.5 -2.5 3.75 3857053225.6819
300.0 10.0 -2.5 3.75 9999999989.2929
300.0 -5.0 0.0 3.75 9999999781.7616
300.0 -2.5 0.0 3.75 9999999896.887901
300.0 0.0 0.0 3.75 1131205959.3992002
300.0 2.5 0.0 3.75 9999999947.4666
300.0 5.0 0.0 3.75 10000000032.6909
300.0 7.5 0.0 3.75 10000000000.138802
300.0 10.0 0.0 3.75 8901288780.9353
300.0 -5.0 2.5 3.75 9999999942.220402
300.0 -2.5 2.5 3.75 10000000073.654001
300.0 0.0 2.5 3.75 438021050.8504
300.0 2.5 2.5 3.75 9999999858.678701
300.0 5.0 2.5 3.75 35584.9787
300.0 7.5 2.5 3.75 1437.5706
300.0 10.0 2.5 3.75 187.1801
300.0 -5.0 5.0 3.75 135369779.5703
300.0 -2.5 5.0 3.75 200690985.9564
300.0 0.0 5.0 3.75 4970886345.0697
300.0 2.5 5.0 3.75 738199418.7924
300.0 5.0 5.0 3.75 5.4817
300.0 7.5 5.0 3.75 -0.2245999999999997
300.0 10.0 5.0 3.75 2.333
300.0 -2.5 -2.5 6.25 10000000209.050201
300.0 0.0 -2.5 6.25 1417516504.5723999
300.0 2.5 -2.5 6.25 9999999817.2185
300.0 2.5 -5.0 7.5 9999999816.4773
300.0 -2.5 -2.5 7.5 10000000459.349401
300.0 0.0 -2.5 7.5 1673988826.3646
300.0 0.0 0.0 7.5 10000000136.371
300.0 0.0 2.5 7.5 9999999979.482801
300.0 5.0 -10.0 8.75 9999999969.7381
300.0 2.5 -7.5 8.75 9999999904.2677
300.0 5.0 -7.5 8.75 10000000024.6371
300.0 0.0 -5.0 8.75 9999999802.771301
300.0 2.5 -5.0 8.75 9999999704.1886
300.0 5.0 -5.0 8.75 10000000064.544802
300.0 -5.0 -2.5 8.75 251761808.0467
300.0 -2.5 -2.5 8.75 9999999950.256802
300.0 0.0 -2.5 8.75 10000000186.7073
300.0 2.5 -2.5 8.75 10000000032.608501
300.0 -5.0 0.0 8.75 60624196.5937
300.0 0.0 0.0 8.75 9999999706.5301
300.0 0.0 2.5 8.75 5641330.9481999995
300.0 0.0 5.0 8.75 9999999711.682402
300.0 0.0 -10.0 10.0 10000000063.995
300.0 2.5 -10.0 10.0 7083229621.6763
300.0 5.0 -10.0 10.0 9999999987.7155
300.0 7.5 -10.0 10.0 974818031.1895
300.0 10.0 -10.0 10.0 10000000026.6875
300.0 2.5 -7.5 10.0 9999999792.725101
300.0 5.0 -7.5 10.0 9999999693.8313
300.0 -5.0 -5.0 10.0 50682.5479
300.0 0.0 -5.0 10.0 9999999965.5604
300.0 2.5 -5.0 10.0 10000000155.435902
300.0 5.0 -5.0 10.0 9999999907.268702
300.0 -5.0 -2.5 10.0 174167.9478
300.0 -2.5 -2.5 10.0 10000000166.8948
300.0 0.0 -2.5 10.0 10000000048.821402
300.0 2.5 -2.5 10.0 4179546581.2398005
300.0 -5.0 0.0 10.0 8231931.6049
300.0 -2.5 0.0 10.0 9999999958.1161
300.0 0.0 0.0 10.0 23904877.578900002
300.0 2.5 0.0 10.0 2813541678.6727
300.0 0.0 2.5 10.0 264670335.9853
300.0 0.0 5.0 10.0 10625551.823
300.0 2.5 5.0 10.0 295.1031
300.0 0.0 -10.0 11.25 1728632629.4949
300.0 2.5 -10.0 11.25 918726857.4961
300.0 5.0 -10.0 11.25 9999999968.359402
300.0 7.5 -10.0 11.25 10000000238.387701
300.0 10.0 -10.0 11.25 10000000067.4321
300.0 -2.5 -7.5 11.25 142465939.2002
300.0 0.0 -7.5 11.25 9999999965.611
300.0 2.5 -7.5 11.25 10000000165.405
300.0 5.0 -7.5 11.25 10000000222.715801
300.0 7.5 -7.5 11.25 9999999931.139801
300.0 -5.0 -5.0 11.25 1365969178.8723
300.0 -2.5 -5.0 11.25 10000000086.4633
300.0 0.0 -5.0 11.25 9999999712.613602
300.0 2.5 -5.0 11.25 9999999714.4279
300.0 5.0 -5.0 11.25 10000000093.0625
300.0 -5.0 -2.5 11.25 32919448.4537
300.0 -2.5 -2.5 11.25 3512950131.2751
300.0 0.0 -2.5 11.25 160436592.6526
300.0 2.5 -2.5 11.25 10000000137.225601
300.0 -5.0 0.0 11.25 114525951.0098
300.0 -2.5 0.0 11.25 10000000030.236502
300.0 0.0 0.0 11.25 10000000037.024302
300.0 2.5 0.0 11.25 9999999889.1086
300.0 -5.0 2.5 11.25 426224455.46099997
300.0 -2.5 2.5 11.25 68256814.4293
300.0 0.0 2.5 11.25 139157.39250000002
300.0 2.5 2.5 11.25 9999999802.493
300.0 5.0 2.5 11.25 3112406245.7468
300.0 0.0 5.0 11.25 2749250366.1523
300.0 2.5 5.0 11.25 629.8349000000001
300.0 5.0 5.0 11.25 577.7526
300.0 7.5 5.0 11.25 32411.8432
300.0 -2.5 -10.0 12.5 10000000077.978401
300.0 0.0 -10.0 12.5 10000000415.036201
300.0 2.5 -10.0 12.5 9999999767.8372
300.0 5.0 -10.0 12.5 10000000093.821701
300.0 7.5 -10.0 12.5 9999999925.860802
300.0 10.0 -10.0 12.5 10000000020.079
300.0 -2.5 -7.5 12.5 10000000078.1996
300.0 0.0 -7.5 12.5 9999999848.475801
300.0 2.5 -7.5 12.5 10000000112.5449
300.0 5.0 -7.5 12.5 10000000194.576601
300.0 7.5 -7.5 12.5 5558065223.7113
300.0 -5.0 -5.0 12.5 3427097677.1699
300.0 -2.5 -5.0 12.5 647529605.5074999
300.0 0.0 -5.0 12.5 1416814455.1014
300.0 2.5 -5.0 12.5 8014235682.6821995
300.0 5.0 -5.0 12.5 10000000163.6821
300.0 -5.0 -2.5 12.5 7080916.2663
300.0 -2.5 -2.5 12.5 10000000109.532202
300.0 0.0 -2.5 12.5 9999999837.905201
300.0 2.5 -2.5 12.5 9999999667.1221
300.0 5.0 -2.5 12.5 10000000119.790401
300.0 -5.0 0.0 12.5 240002887.7628
300.0 -2.5 0.0 12.5 10000000086.359001
300.0 0.0 0.0 12.5 9999999609.378302
300.0 2.5 0.0 12.5 9999999747.6159
300.0 5.0 0.0 12.5 10000000013.652102
300.0 7.5 0.0 12.5 9173577009.1301
300.0 -5.0 2.5 12.5 894650955.6464
300.0 -2.5 2.5 12.5 10000000029.0319
300.0 0.0 2.5 12.5 594718.9804
300.0 2.5 2.5 12.5 27808430.0572
300.0 5.0 2.5 12.5 63660625.4221
300.0 7.5 2.5 12.5 4319241728.222199
300.0 -5.0 5.0 12.5 28223.887000000002
300.0 -2.5 5.0 12.5 175446.27
300.0 0.0 5.0 12.5 446.7586
300.0 2.5 5.0 12.5 -26.9818
300.0 5.0 5.0 12.5 131769.5265
300.0 7.5 5.0 12.5 83755.849
300.0 -2.5 -10.0 13.75 2443383822.6225996
300.0 0.0 -10.0 13.75 10000000243.3272
300.0 2.5 -10.0 13.75 9999999975.3397
300.0 5.0 -10.0 13.75 9999999907.012901
300.0 7.5 -10.0 13.75 9999999888.694302
300.0 10.0 -10.0 13.75 1573853428.0572
300.0 -5.0 -7.5 13.75 1382336.3435
300.0 -2.5 -7.5 13.75 960687712.8162
300.0 0.0 -7.5 13.75 2902747531.4474
300.0 2.5 -7.5 13.75 4123125946.6802
300.0 5.0 -7.5 13.75 64054309.144999996
300.0 7.5 -7.5 13.75 5059942757.566999
300.0 -5.0 -5.0 13.75 1510437350.3724
300.0 -2.5 -5.0 13.75 10000000100.2987
300.0 0.0 -5.0 13.75 1899902610.1104
300.0 2.5 -5.0 13.75 9999999986.577501
300.0 5.0 -5.0 13.75 10000000099.1879
300.0 -5.0 -2.5 13.75 95483464.7411
300.0 -2.5 -2.5 13.75 10000000029.9475
300.0 0.0 -2.5 13.75 10000000119.381
300.0 2.5 -2.5 13.75 39970126.465
300.0 5.0 -2.5 13.75 10000000118.951
300.0 7.5 -2.5 13.75 10000000037.313501
300.0 -5.0 0.0 13.75 9999999795.135101
300.0 -2.5 0.0 13.75 2626397493.5919003
300.0 0.0 0.0 13.75 211904.56590000002
300.0 2.5 0.0 13.75 20264801.6355
300.0 5.0 0.0 13.75 9999999991.137201
300.0 7.5 0.0 13.75 67290326.5026
300.0 -5.0 2.5 13.75 488814577.731
300.0 -2.5 2.5 13.75 10000000062.317501
300.0 0.0 2.5 13.75 32003.404300000002
300.0 2.5 2.5 13.75 39507.9223
300.0 5.0 2.5 13.75 6034641.231
300.0 7.5 2.5 13.75 163206129.2604
300.0 10.0 2.5 13.75 38214.9463
300.0 -5.0 5.0 13.75 2081.0992
300.0 -2.5 5.0 13.75 364142.7929
300.0 0.0 5.0 13.75 22.6881
300.0 2.5 5.0 13.75 -26.4908
300.0 5.0 5.0 13.75 17857.09
300.0 7.5 5.0 13.75 9999999938.295801
300.0 10.0 5.0 13.75 41.7893
300.0 -2.5 -10.0 15.0 13726103.019000001
300.0 0.0 -10.0 15.0 48350194.6493
300.0 2.5 -10.0 15.0 10000000137.998201
300.0 5.0 -10.0 15.0 10000000013.2886
300.0 7.5 -10.0 15.0 10000000025.916302
300.0 10.0 -10.0 15.0 9999999978.101702
300.0 -5.0 -7.5 15.0 3497.9308
300.0 -2.5 -7.5 15.0 5912629858.7044
300.0 0.0 -7.5 15.0 10713470.5876
300.0 2.5 -7.5 15.0 10000000003.0272
300.0 5.0 -7.5 15.0 10000000025.024801
300.0 7.5 -7.5 15.0 9999999973.2401
300.0 10.0 -7.5 15.0 10000000053.803701
300.0 -5.0 -5.0 15.0 4542.1573
300.0 -2.5 -5.0 15.0 38303935.2456
300.0 0.0 -5.0 15.0 4225106727.6135
300.0 2.5 -5.0 15.0 9999999945.9339
300.0 5.0 -5.0 15.0 9999999998.690601
300.0 7.5 -5.0 15.0 2403445977.3905997
300.0 -5.0 -2.5 15.0 232878518.9376
300.0 -2.5 -2.5 15.0 10000000111.520401
300.0 0.0 -2.5 15.0 1357255552.8334
300.0 2.5 -2.5 15.0 1667917.0519
300.0 5.0 -2.5 15.0 10000000028.8306
300.0 7.5 -2.5 15.0 9999999961.474401
300.0 10.0 -2.5 15.0 57534621.0858
300.0 -5.0 0.0 15.0 10000000312.2014
300.0 -2.5 0.0 15.0 307673921.5712
300.0 0.0 0.0 15.0 6001.9899
300.0 2.5 0.0 15.0 72586.3714
300.0 5.0 0.0 15.0 328095246.8018
300.0 7.5 0.0 15.0 5065415.3896
300.0 10.0 0.0 15.0 130861107.4788
300.0 -5.0 2.5 15.0 3535681.9982000003
300.0 -2.5 2.5 15.0 895672.3184000001
300.0 0.0 2.5 15.0 485.9839
300.0 2.5 2.5 15.0 234710.616
300.0 5.0 2.5 15.0 347274131.6048
300.0 7.5 2.5 15.0 406649802.58599997
300.0 10.0 2.5 15.0 20288.272699999998
300.0 -5.0 5.0 15.0 23.3734
300.0 -2.5 5.0 15.0 43.6622
300.0 0.0 5.0 15.0 -9.8977
300.0 2.5 5.0 15.0 140.95250000000001
300.0 5.0 5.0 15.0 5072.03
300.0 7.5 5.0 15.0 1092185.0151999998
300.0 10.0 5.0 15.0 36.7808
300.0 -5.0 -10.0 16.25 9.0342
300.0 -2.5 -10.0 16.25 257.1547
300.0 0.0 -10.0 16.25 272106.8413
300.0 2.5 -10.0 16.25 456620935.8895
300.0 5.0 -10.0 16.25 9999999844.1077
300.0 7.5 -10.0 16.25 9999999965.406301
300.0 10.0 -10.0 16.25 9999999866.8637
300.0 -5.0 -7.5 16.25 28.8699
300.0 -2.5 -7.5 16.25 112470.9038
300.0 0.0 -7.5 16.25 2773767.7013000003
300.0 2.5 -7.5 16.25 10000000056.0387
300.0 5.0 -7.5 16.25 9999999942.9244
300.0 7.5 -7.5 16.25 9999999901.6196
300.0 10.0 -7.5 16.25 10000000056.7348
300.0 -5.0 -5.0 16.25 3282.4089999999997
300.0 -2.5 -5.0 16.25 10000000026.180101
300.0 0.0 -5.0 16.25 90373305.0432
300.0 2.5 -5.0 16.25 10000000019.312302
300.0 5.0 -5.0 16.25 3620530371.4044
300.0 7.5 -5.0 16.25 10000000035.3973
300.0 10.0 -5.0 16.25 9999999973.660301
300.0 -5.0 -2.5 16.25 12137.8187
300.0 -2.5 -2.5 16.25 10000000048.891
300.0 0.0 -2.5 16.25 1106933.9359000002
300.0 2.5 -2.5 16.25 1010747.4102
300.0 5.0 -2.5 16.25 210475955.9409
300.0 7.5 -2.5 16.25 10000000053.540602
300.0 10.0 -2.5 16.25 10000000011.1268
300.0 -5.0 0.0 16.25 115181.3829
300.0 -2.5 0.0 16.25 164266332.4156
300.0 0.0 0.0 16.25 153.5169
300.0 2.5 0.0 16.25 9889.462300000001
300.0 5.0 0.0 16.25 22967228.8488
300.0 7.5 0.0 16.25 25171437.5741
300.0 10.0 0.0 16.25 17340720.004
300.0 -5.0 2.5 16.25 86.8763
300.0 -2.5 2.5 16.25 20.1271
300.0 0.0 2.5 16.25 -11.7293
300.0 2.5 2.5 16.25 102360.4165
300.0 5.0 2.5 16.25 3899612.3163
300.0 7.5 2.5 16.25 5535052.2648
300.0 10.0 2.5 16.25 5431.189
300.0 -5.0 5.0 16.25 8.5934
300.0 -2.5 5.0 16.25 7.3918
300.0 0.0 5.0 16.25 -7.4084
300.0 2.5 5.0 16.25 -9.3875
300.0 5.0 5.0 16.25 798.974
300.0 7.5 5.0 16.25 239684077.4244
300.0 10.0 5.0 16.25 12.1818
