0.0 5.0 -7.5 6.25 10000000068.787401
0.0 -2.5 5.0 6.25 62501.3315
0.0 0.0 2.5 7.5 171649728.5789
0.0 -2.5 5.0 7.5 349.2955
0.0 0.0 5.0 7.5 763703019.9043
0.0 2.5 -10.0 8.75 2636416210.9765997
0.0 5.0 -10.0 8.75 10000000052.9281
0.0 7.5 -10.0 8.75 10000000176.8218
0.0 0.0 -7.5 8.75 10000000145.0524
0.0 5.0 -7.5 8.75 10000000003.3008
0.0 0.0 0.0 8.75 10000000045.254301
0.0 0.0 2.5 8.75 9999999930.654902
0.0 -2.5 5.0 8.75 -32.725300000000004
0.0 0.0 5.0 8.75 78868512.3092
0.0 2.5 5.0 8.75 10000000137.8862
0.0 5.0 5.0 8.75 9999999805.8397
0.0 5.0 -10.0 10.0 10000000097.1137
0.0 7.5 -10.0 10.0 378701569.4283
0.0 0.0 -7.5 10.0 7320647369.459
0.0 2.5 -7.5 10.0 9999999835.751202
0.0 5.0 -7.5 10.0 10000000041.3398
0.0 -2.5 -5.0 10.0 306407522.1
0.0 2.5 -5.0 10.0 9999999802.8563
0.0 -2.5 -2.5 10.0 9999999966.9944
0.0 0.0 -2.5 10.0 9999999784.584301
0.0 -2.5 0.0 10.0 1513206951.0911999
0.0 0.0 0.0 10.0 1628607572.8898
0.0 2.5 0.0 10.0 10000000127.1571
0.0 0.0 2.5 10.0 9999999966.7035
0.0 2.5 2.5 10.0 9999999809.2805
0.0 7.5 2.5 10.0 9999999953.040901
0.0 -2.5 5.0 10.0 -43.6028
0.0 0.0 5.0 10.0 10000000188.193401
0.0 2.5 5.0 10.0 9999999920.266201
0.0 5.0 5.0 10.0 1445657892.9917
0.0 2.5 -10.0 11.25 1183802608.9026
0.0 5.0 -10.0 11.25 10000000090.917501
0.0 7.5 -10.0 11.25 910595467.6626
0.0 10.0 -10.0 11.25 10000000075.6679
0.0 0.0 -7.5 11.25 10000000164.6986
0.0 2.5 -7.5 11.25 10000000011.606
0.0 5.0 -7.5 11.25 10000000021.787401
0.0 7.5 -7.5 11.25 9999999922.625101
0.0 -2.5 -5.0 11.25 382112781.7652
0.0 0.0 -5.0 11.25 9999999913.4249
0.0 2.5 -5.0 11.25 9999999607.985
0.0 5.0 -5.0 11.25 1833030426.0524
0.0 -5.0 -2.5 11.25 24097207.3604
0.0 -2.5 -2.5 11.25 10000000079.786701
0.0 0.0 -2.5 11.25 10000000118.661201
0.0 7.5 -2.5 11.25 10000000123.558102
0.0 -2.5 0.0 11.25 10000000054.638
0.0 0.0 0.0 11.25 51408027.6464
0.0 2.5 0.0 11.25 418438936.6741
0.0 -2.5 2.5 11.25 142859.0785
0.0 0.0 2.5 11.25 1270098766.3483
0.0 2.5 2.5 11.25 422358069.6931
0.0 5.0 2.5 11.25 9999999833.574501
0.0 7.5 2.5 11.25 9999999937.483301
0.0 -5.0 5.0 11.25 -27.2774
0.0 -2.5 5.0 11.25 -45.6674
0.0 0.0 5.0 11.25 21009762.7314
0.0 2.5 5.0 11.25 979602469.8583
0.0 5.0 5.0 11.25 484587805.8832
0.0 7.5 5.0 11.25 116555314.4273
0.0 0.0 -10.0 12.5 10000000034.410702
0.0 2.5 -10.0 12.5 96342199.4789
0.0 5.0 -10.0 12.5 1734741604.2403
0.0 7.5 -10.0 12.5 842358550.2448
0.0 10.0 -10.0 12.5 3481238.4125
0.0 -2.5 -7.5 12.5 225047.2416
0.0 0.0 -7.5 12.5 146585005.7644
0.0 2.5 -7.5 12.5 5525698210.7879
0.0 5.0 -7.5 12.5 10000000057.485601
0.0 7.5 -7.5 12.5 233880200.8728
0.0 10.0 -7.5 12.5 10000000002.292002
0.0 -5.0 -5.0 12.5 60773386.4498
0.0 -2.5 -5.0 12.5 1351789511.2108
0.0 0.0 -5.0 12.5 10000000203.0601
0.0 2.5 -5.0 12.5 2140261236.5361998
0.0 5.0 -5.0 12.5 10000000013.0571
0.0 7.5 -5.0 12.5 9406190366.8526
0.0 10.0 -5.0 12.5 66309543.3948
0.0 -5.0 -2.5 12.5 4045999455.8526
0.0 -2.5 -2.5 12.5 10000000206.4533
0.0 0.0 -2.5 12.5 3249313956.3328
0.0 2.5 -2.5 12.5 9999999918.5153
0.0 5.0 -2.5 12.5 10000000024.679401
0.0 7.5 -2.5 12.5 9999999941.7282
0.0 -5.0 0.0 12.5 12197398.801099999
0.0 -2.5 0.0 12.5 6374279.6054
0.0 0.0 0.0 12.5 385150966.69159997
0.0 2.5 0.0 12.5 9999999835.109402
0.0 5.0 0.0 12.5 2463216875.7871003
0.0 -2.5 2.5 12.5 40869.6245
0.0 0.0 2.5 12.5 970463.6259
0.0 2.5 2.5 12.5 10000000085.158
0.0 5.0 2.5 12.5 360392001.73370004
0.0 7.5 2.5 12.5 9999999976.691101
0.0 10.0 2.5 12.5 10000000057.7991
0.0 -5.0 5.0 12.5 -22.6984
0.0 -2.5 5.0 12.5 -36.3054
0.0 0.0 5.0 12.5 13659914.927
0.0 2.5 5.0 12.5 10000000006.591501
0.0 5.0 5.0 12.5 5088576906.8507
0.0 7.5 5.0 12.5 10000000104.0946
0.0 10.0 5.0 12.5 22605216.590699997
0.0 0.0 -10.0 13.75 14539251.177000001
0.0 2.5 -10.0 13.75 7135211.756
0.0 5.0 -10.0 13.75 1917340213.7866
0.0 7.5 -10.0 13.75 429339690.1761
0.0 10.0 -10.0 13.75 114.66159999999999
0.0 -2.5 -7.5 13.75 30495780.584200002
0.0 0.0 -7.5 13.75 27042964.6173
0.0 2.5 -7.5 13.75 10000000214.8948
0.0 5.0 -7.5 13.75 9999999966.3945
0.0 7.5 -7.5 13.75 123683602.8748
0.0 10.0 -7.5 13.75 405537.5706
0.0 -5.0 -5.0 13.75 1273003046.5505002
0.0 -2.5 -5.0 13.75 72528723.964
0.0 0.0 -5.0 13.75 1032528381.0289
0.0 2.5 -5.0 13.75 496085222.6461
0.0 5.0 -5.0 13.75 341203043.4757
0.0 7.5 -5.0 13.75 10000000010.2891
0.0 10.0 -5.0 13.75 10000000037.721401
0.0 -5.0 -2.5 13.75 6114673.8975
0.0 -2.5 -2.5 13.75 319648719.3561
0.0 0.0 -2.5 13.75 10000000008.7423
0.0 2.5 -2.5 13.75 9999999943.014502
0.0 5.0 -2.5 13.75 2126885357.9154
0.0 7.5 -2.5 13.75 9999999956.1194
0.0 -5.0 0.0 13.75 33194.2479
0.0 -2.5 0.0 13.75 637786.9674000001
0.0 0.0 0.0 13.75 835630.7189
0.0 2.5 0.0 13.75 10000000093.4981
0.0 5.0 0.0 13.75 10000000020.8822
0.0 7.5 0.0 13.75 309629761.4803
0.0 -5.0 2.5 13.75 291.74399999999997
0.0 -2.5 2.5 13.75 1231.1018000000001
0.0 0.0 2.5 13.75 10292.2381
0.0 2.5 2.5 13.75 4588926270.3027
0.0 5.0 2.5 13.75 94485590.185
0.0 7.5 2.5 13.75 9999999975.9981
0.0 10.0 2.5 13.75 24574880.3096
0.0 -5.0 5.0 13.75 -17.1897
0.0 -2.5 5.0 13.75 -23.016
0.0 0.0 5.0 13.75 2459978.5369
0.0 2.5 5.0 13.75 3268975469.4088
0.0 5.0 5.0 13.75 6937506.7876
0.0 7.5 5.0 13.75 10534985.8445
0.0 10.0 5.0 13.75 25893.435
0.0 -5.0 -10.0 15.0 787589242.6337999
0.0 -2.5 -10.0 15.0 6417149287.3709
0.0 0.0 -10.0 15.0 154711276.629
0.0 2.5 -10.0 15.0 2673909182.514
0.0 5.0 -10.0 15.0 2203484.8184
0.0 7.5 -10.0 15.0 6954.515
0.0 10.0 -10.0 15.0 20.4713
0.0 -5.0 -7.5 15.0 19.2299
0.0 -2.5 -7.5 15.0 638334.799
0.0 0.0 -7.5 15.0 10000000042.9447
0.0 2.5 -7.5 15.0 10000000064.904001
0.0 5.0 -7.5 15.0 74058.4731
0.0 7.5 -7.5 15.0 62912340.189100005
0.0 10.0 -7.5 15.0 1263860485.4919
0.0 -5.0 -5.0 15.0 2187.1526999999996
0.0 -2.5 -5.0 15.0 23741.4734
0.0 0.0 -5.0 15.0 3189589.2229999998
0.0 2.5 -5.0 15.0 10000000013.7127
0.0 5.0 -5.0 15.0 10742395.3238
0.0 7.5 -5.0 15.0 9999999980.3057
0.0 10.0 -5.0 15.0 160086015.5745
0.0 -5.0 -2.5 15.0 1129049.3583
0.0 -2.5 -2.5 15.0 3404349.5467
0.0 0.0 -2.5 15.0 103774705.405
0.0 2.5 -2.5 15.0 10000000011.171501
0.0 5.0 -2.5 15.0 5129892703.2529
0.0 7.5 -2.5 15.0 10000000171.0126
0.0 10.0 -2.5 15.0 103124022.2764
0.0 -5.0 0.0 15.0 156.1162
0.0 -2.5 0.0 15.0 24632.6716
0.0 0.0 0.0 15.0 2056056.1568
0.0 2.5 0.0 15.0 2621101576.7825
0.0 5.0 0.0 15.0 9999999990.418901
0.0 7.5 0.0 15.0 1469477992.443
0.0 10.0 0.0 15.0 8645598.7541
0.0 -5.0 2.5 15.0 -12.066799999999999
0.0 -2.5 2.5 15.0 -4.2343
0.0 0.0 2.5 15.0 84.86340000000001
0.0 2.5 2.5 15.0 59228456.9293
0.0 5.0 2.5 15.0 48760271.052200004
0.0 7.5 2.5 15.0 98137458.4249
0.0 10.0 2.5 15.0 8671.7071
0.0 -5.0 5.0 15.0 -11.365
0.0 -2.5 5.0 15.0 -12.1439
0.0 0.0 5.0 15.0 146.921
0.0 2.5 5.0 15.0 88099.45400000001
0.0 5.0 5.0 15.0 26857.2892
0.0 7.5 5.0 15.0 1081496.0547
0.0 10.0 5.0 15.0 12.0583
0.0 -5.0 -10.0 16.25 1817783453.3834
0.0 -2.5 -10.0 16.25 246728680.4069
0.0 0.0 -10.0 16.25 61072918.5975
0.0 2.5 -10.0 16.25 421983596.47220004
0.0 5.0 -10.0 16.25 6008.5837
0.0 7.5 -10.0 16.25 29.4092
0.0 10.0 -10.0 16.25 76.5728
0.0 -5.0 -7.5 16.25 6.4476
0.0 -2.5 -7.5 16.25 7368639.080700001
0.0 0.0 -7.5 16.25 10000000048.142302
0.0 2.5 -7.5 16.25 10000000025.153502
0.0 5.0 -7.5 16.25 8254.5282
0.0 7.5 -7.5 16.25 209001.6869
0.0 10.0 -7.5 16.25 3851828.4409
0.0 -5.0 -5.0 16.25 19.744799999999998
0.0 -2.5 -5.0 16.25 191.9615
0.0 0.0 -5.0 16.25 4489.357599999999
0.0 2.5 -5.0 16.25 538407823.6637
0.0 5.0 -5.0 16.25 1591093837.8598
0.0 7.5 -5.0 16.25 24416737.2794
0.0 10.0 -5.0 16.25 1357387407.4263
0.0 -5.0 -2.5 16.25 104.2013
0.0 -2.5 -2.5 16.25 287.80039999999997
0.0 0.0 -2.5 16.25 521058.87830000004
0.0 2.5 -2.5 16.25 10000000041.0452
0.0 5.0 -2.5 16.25 14740700.4727
0.0 7.5 -2.5 16.25 556128.4078
0.0 10.0 -2.5 16.25 1194948695.4223
0.0 -5.0 0.0 16.25 3.0700000000000003
0.0 -2.5 0.0 16.25 1700.3701999999998
0.0 0.0 0.0 16.25 38313.9159
0.0 2.5 0.0 16.25 4546899312.383599
0.0 5.0 0.0 16.25 9999999976.047602
0.0 7.5 0.0 16.25 4431790.017499999
0.0 10.0 0.0 16.25 666423.6259999999
0.0 -5.0 2.5 16.25 -5.4598
0.0 -2.5 2.5 16.25 -1.7660999999999998
0.0 0.0 2.5 16.25 6.6426
0.0 2.5 2.5 16.25 236538.75009999998
0.0 5.0 2.5 16.25 817357798.2429
0.0 7.5 2.5 16.25 2295641165.3195004
0.0 10.0 2.5 16.25 17967.474
0.0 -5.0 5.0 16.25 -6.9503
0.0 -2.5 5.0 16.25 -5.3899
0.0 0.0 5.0 16.25 3.8352000000000004
0.0 2.5 5.0 16.25 77.11269999999999
0.0 5.0 5.0 16.25 111.38119999999999
0.0 7.5 5.0 16.25 963.7701000000001
0.0 10.0 5.0 16.25 -7.3554
60.0 -5.0 -10.0 3.75 4387477973.3952
60.0 -2.5 -10.0 3.75 9999999763.891602
60.0 0.0 -10.0 3.75 10000000193.218
60.0 2.5 -10.0 3.75 10000000041.2143
60.0 5.0 -10.0 3.75 810255996.7997
60.0 7.5 -10.0 3.75 10000000012.5776
60.0 10.0 -10.0 3.75 31635.392600000003
60.0 -5.0 -7.5 3.75 9999999271.763802
60.0 -2.5 -7.5 3.75 10000000110.7525
60.0 0.0 -7.5 3.75 6484013088.4821
60.0 2.5 -7.5 3.75 10000000086.51
60.0 5.0 -7.5 3.75 9999999985.6916
60.0 7.5 -7.5 3.75 7335270050.0333
60.0 10.0 -7.5 3.75 38361416.939500004
60.0 -5.0 -5.0 3.75 1113083160.092
60.0 -2.5 -5.0 3.75 9999999961.6123
60.0 0.0 -5.0 3.75 9999999909.205301
60.0 2.5 -5.0 3.75 10000000062.7695
60.0 5.0 -5.0 3.75 9999999873.6639
60.0 7.5 -5.0 3.75 10000000037.9512
60.0 10.0 -5.0 3.75 10000000020.185001
60.0 -5.0 -2.5 3.75 683181698.5451
60.0 -2.5 -2.5 3.75 8967675069.7968
60.0 0.0 -2.5 3.75 10000000495.8805
60.0 2.5 -2.5 3.75 9999999979.242601
60.0 5.0 -2.5 3.75 10000000024.579601
60.0 7.5 -2.5 3.75 9999999892.1669
60.0 10.0 -2.5 3.75 9999999997.876701
60.0 -5.0 0.0 3.75 40673944.37
60.0 -2.5 0.0 3.75 506841939.16239995
60.0 0.0 0.0 3.75 10000000088.457
60.0 2.5 0.0 3.75 291180028.8677
60.0 5.0 0.0 3.75 9999999972.2675
60.0 7.5 0.0 3.75 395682696.98190004
60.0 10.0 0.0 3.75 30525051.1053
60.0 -5.0 2.5 3.75 68887728.098
60.0 -2.5 2.5 3.75 10000000021.9006
60.0 0.0 2.5 3.75 10000000096.516602
60.0 2.5 2.5 3.75 124213902.7071
60.0 5.0 2.5 3.75 1640668939.487
60.0 7.5 2.5 3.75 2527480671.8401
60.0 10.0 2.5 3.75 9999999655.0912
60.0 -5.0 5.0 3.75 5194078.381899999
60.0 -2.5 5.0 3.75 304232116.0406
60.0 0.0 5.0 3.75 10000000094.9016
60.0 2.5 5.0 3.75 9999999965.4829
60.0 5.0 5.0 3.75 9999999885.912401
60.0 7.5 5.0 3.75 449007397.1523
60.0 10.0 5.0 3.75 2910301963.2558002
60.0 2.5 -2.5 5.0 9999999693.339
60.0 0.0 0.0 5.0 10000000295.7127
60.0 0.0 2.5 5.0 10000000081.3381
60.0 2.5 -2.5 6.25 10000000129.801102
60.0 0.0 0.0 6.25 10000000130.836
60.0 0.0 2.5 6.25 10000000065.1271
60.0 0.0 5.0 6.25 9999999960.026402
60.0 2.5 -5.0 7.5 9999999922.2301
60.0 2.5 -2.5 7.5 10000000491.321001
60.0 5.0 -2.5 7.5 10000000089.4002
60.0 -2.5 0.0 7.5 881615870.6533
60.0 0.0 0.0 7.5 10000000129.8286
60.0 2.5 0.0 7.5 9999999885.192501
60.0 0.0 2.5 7.5 10000000228.8449
60.0 0.0 5.0 7.5 10000000137.237202
60.0 2.5 -7.5 8.75 9999999546.8588
60.0 2.5 -5.0 8.75 10000000291.8356
60.0 5.0 -5.0 8.75 10000000068.8332
60.0 0.0 -2.5 8.75 9999999986.9382
60.0 2.5 -2.5 8.75 10000000070.335901
60.0 -2.5 0.0 8.75 10000000041.645601
60.0 0.0 0.0 8.75 406252763.5891
60.0 2.5 0.0 8.75 10000000033.4806
60.0 -2.5 2.5 8.75 9999999939.562801
60.0 0.0 2.5 8.75 613837656.2206999
60.0 0.0 5.0 8.75 9999999944.106602
60.0 5.0 -10.0 10.0 6112869362.630799
60.0 2.5 -7.5 10.0 272331195.18539995
60.0 5.0 -7.5 10.0 9999999942.330801
60.0 7.5 -7.5 10.0 10000000018.5708
60.0 0.0 -5.0 10.0 4231029410.761
60.0 2.5 -5.0 10.0 9999999972.9678
60.0 5.0 -5.0 10.0 2561759374.17
60.0 -2.5 -2.5 10.0 10000000020.661402
60.0 0.0 -2.5 10.0 5384368923.4031
60.0 2.5 -2.5 10.0 10000000017.569302
60.0 5.0 -2.5 10.0 9999999937.4354
60.0 7.5 -2.5 10.0 10000000045.046501
60.0 -2.5 0.0 10.0 9575162296.4043
60.0 0.0 0.0 10.0 2542261484.3516
60.0 2.5 0.0 10.0 9999999961.1037
60.0 -2.5 2.5 10.0 2726095998.7170997
60.0 0.0 2.5 10.0 9999999898.2162
60.0 2.5 2.5 10.0 10000000523.967901
60.0 -2.5 5.0 10.0 1149561817.0212998
60.0 0.0 5.0 10.0 10000000071.627602
60.0 2.5 5.0 10.0 10000000004.7677
60.0 2.5 -10.0 11.25 9999999991.208302
60.0 5.0 -10.0 11.25 4139808743.7316
60.0 10.0 -10.0 11.25 1368139329.093
60.0 0.0 -7.5 11.25 10000000059.4214
60.0 2.5 -7.5 11.25 10000000183.0331
60.0 5.0 -7.5 11.25 2453998586.9013
60.0 7.5 -7.5 11.25 1502077248.6853998
60.0 0.0 -5.0 11.25 2016645450.2662
60.0 2.5 -5.0 11.25 10000000075.0652
60.0 5.0 -5.0 11.25 1270681459.8192
60.0 -2.5 -2.5 11.25 5200660791.1291
60.0 0.0 -2.5 11.25 2006081356.7194998
60.0 2.5 -2.5 11.25 10000000031.295101
60.0 5.0 -2.5 11.25 9999999954.893501
60.0 7.5 -2.5 11.25 10000000117.965101
60.0 -5.0 0.0 11.25 9999999943.382502
60.0 -2.5 0.0 11.25 10000000070.980202
60.0 0.0 0.0 11.25 9999999829.3432
60.0 2.5 0.0 11.25 10000000059.415201
60.0 5.0 0.0 11.25 10000000019.416302
60.0 -5.0 2.5 11.25 161898442.3244
60.0 -2.5 2.5 11.25 9999999949.815102
60.0 0.0 2.5 11.25 10000000089.9701
60.0 2.5 2.5 11.25 9999999879.9752
60.0 5.0 2.5 11.25 9999999975.9521
60.0 -2.5 5.0 11.25 4171885.7177999998
60.0 0.0 5.0 11.25 9433575357.1543
60.0 2.5 5.0 11.25 20630485.8853
60.0 5.0 5.0 11.25 10000000211.780401
60.0 7.5 5.0 11.25 59214009.130799994
60.0 -2.5 -10.0 12.5 9999999964.7033
60.0 0.0 -10.0 12.5 1615345385.2870998
60.0 2.5 -10.0 12.5 10000000050.479
60.0 5.0 -10.0 12.5 72978397.6296
60.0 7.5 -10.0 12.5 244617798.5178
60.0 10.0 -10.0 12.5 395.32550000000003
60.0 0.0 -7.5 12.5 1516599060.9667
60.0 2.5 -7.5 12.5 10000000181.792301
60.0 5.0 -7.5 12.5 2680508510.9497
60.0 7.5 -7.5 12.5 10000000157.5492
60.0 10.0 -7.5 12.5 8024669.6731
60.0 -2.5 -5.0 12.5 10000000002.4578
60.0 0.0 -5.0 12.5 9999999939.1098
60.0 2.5 -5.0 12.5 9999999927.929201
60.0 5.0 -5.0 12.5 10000000056.245401
60.0 7.5 -5.0 12.5 259090651.7983
60.0 -5.0 -2.5 12.5 1539698677.9759
60.0 -2.5 -2.5 12.5 978785381.2083
60.0 0.0 -2.5 12.5 10000000011.915901
60.0 2.5 -2.5 12.5 114920359.8716
60.0 5.0 -2.5 12.5 10000000067.0856
60.0 7.5 -2.5 12.5 10000000011.1709
60.0 -5.0 0.0 12.5 72214.5909
60.0 -2.5 0.0 12.5 3480834185.8543
60.0 0.0 0.0 12.5 9999999951.543201
60.0 2.5 0.0 12.5 10000000105.2726
60.0 5.0 0.0 12.5 9999999918.8363
60.0 -5.0 2.5 12.5 137960.8707
60.0 -2.5 2.5 12.5 4155103951.4411
60.0 0.0 2.5 12.5 10000000365.2152
60.0 2.5 2.5 12.5 4592971335.1566
60.0 5.0 2.5 12.5 9999999986.1544
60.0 7.5 2.5 12.5 9999999910.009602
60.0 -5.0 5.0 12.5 9919.7602
60.0 -2.5 5.0 12.5 566940026.1524
60.0 0.0 5.0 12.5 10000000020.3255
60.0 2.5 5.0 12.5 1385367.1803
60.0 5.0 5.0 12.5 124014052.2538
60.0 7.5 5.0 12.5 86491349.787
60.0 10.0 5.0 12.5 60721253.2765
60.0 -2.5 -10.0 13.75 82798.1597
60.0 0.0 -10.0 13.75 9999999995.760101
60.0 2.5 -10.0 13.75 10000000056.0767
60.0 5.0 -10.0 13.75 88106678.0159
60.0 7.5 -10.0 13.75 1154675056.2001
60.0 10.0 -10.0 13.75 155.9955
60.0 0.0 -7.5 13.75 9999999809.5457
60.0 2.5 -7.5 13.75 10000000024.556301
60.0 5.0 -7.5 13.75 36572077.2407
60.0 7.5 -7.5 13.75 408626835.2096
60.0 10.0 -7.5 13.75 112564506.1956
60.0 -2.5 -5.0 13.75 9999999948.6417
60.0 0.0 -5.0 13.75 9999999936.658401
60.0 2.5 -5.0 13.75 9999999993.396
60.0 5.0 -5.0 13.75 2686652387.6398997
60.0 7.5 -5.0 13.75 796700388.7483
60.0 10.0 -5.0 13.75 86234.7816
60.0 -5.0 -2.5 13.75 834018816.2934
60.0 -2.5 -2.5 13.75 276048.9701
60.0 0.0 -2.5 13.75 4344969825.4876
60.0 2.5 -2.5 13.75 10000000141.3558
60.0 5.0 -2.5 13.75 200778563.326
60.0 7.5 -2.5 13.75 10000000022.745201
60.0 -5.0 0.0 13.75 208.64000000000001
60.0 -2.5 0.0 13.75 302783.5665
60.0 0.0 0.0 13.75 326979002.63479996
60.0 2.5 0.0 13.75 483843639.22419995
60.0 5.0 0.0 13.75 434063410.7656
60.0 -5.0 2.5 13.75 2015.3684
60.0 -2.5 2.5 13.75 10000000078.702002
60.0 0.0 2.5 13.75 125885413.5957
60.0 2.5 2.5 13.75 10000000170.806702
60.0 5.0 2.5 13.75 10000000021.844702
60.0 7.5 2.5 13.75 1116134124.5399
60.0 -5.0 5.0 13.75 295.9723
60.0 -2.5 5.0 13.75 34702591.8574
60.0 0.0 5.0 13.75 9999999981.7
60.0 2.5 5.0 13.75 547835.6993
60.0 5.0 5.0 13.75 768028.5547
60.0 7.5 5.0 13.75 72704246.4284
60.0 10.0 5.0 13.75 3717765.0612000003
60.0 -5.0 -10.0 15.0 -13.6415
60.0 -2.5 -10.0 15.0 7635.3249000000005
60.0 0.0 -10.0 15.0 103185.75959999999
60.0 2.5 -10.0 15.0 299519.3192
60.0 5.0 -10.0 15.0 753.9099
60.0 7.5 -10.0 15.0 5290.1728
60.0 10.0 -10.0 15.0 68.3028
60.0 -5.0 -7.5 15.0 88851.1814
60.0 -2.5 -7.5 15.0 30568275.074
60.0 0.0 -7.5 15.0 9999999990.668901
60.0 2.5 -7.5 15.0 10000000023.182701
60.0 5.0 -7.5 15.0 1375513.6254
60.0 7.5 -7.5 15.0 13731.5439
60.0 10.0 -7.5 15.0 5922056.1749
60.0 -5.0 -5.0 15.0 14690.584700000001
60.0 -2.5 -5.0 15.0 4002876.4075
60.0 0.0 -5.0 15.0 15386693.802900001
60.0 2.5 -5.0 15.0 12229721.8388
60.0 5.0 -5.0 15.0 3380217166.0352
60.0 7.5 -5.0 15.0 10000000027.734402
60.0 10.0 -5.0 15.0 125255916.4494
60.0 -5.0 -2.5 15.0 2354.311
60.0 -2.5 -2.5 15.0 390.5688
60.0 0.0 -2.5 15.0 275288515.40139997
60.0 2.5 -2.5 15.0 547571963.7536
60.0 5.0 -2.5 15.0 10000000015.438002
60.0 7.5 -2.5 15.0 3508553334.0191
60.0 10.0 -2.5 15.0 122758970.05070001
60.0 -5.0 0.0 15.0 -4.1290000000000004
60.0 -2.5 0.0 15.0 192335.6459
60.0 0.0 0.0 15.0 10000000015.496801
60.0 2.5 0.0 15.0 10000000054.1709
60.0 5.0 0.0 15.0 63661306.073
60.0 7.5 0.0 15.0 514635277.607
60.0 -5.0 2.5 15.0 7.1663
60.0 -2.5 2.5 15.0 131036.4734
60.0 0.0 2.5 15.0 202658155.25820002
60.0 2.5 2.5 15.0 127284458.6379
60.0 5.0 2.5 15.0 32920363.4731
60.0 7.5 2.5 15.0 9999999888.1984
60.0 10.0 2.5 15.0 969328598.2449001
60.0 -5.0 5.0 15.0 3.8766999999999996
60.0 -2.5 5.0 15.0 346638.9028
60.0 0.0 5.0 15.0 3156821.1781
60.0 2.5 5.0 15.0 1474434.5846
60.0 5.0 5.0 15.0 693597.9497
60.0 7.5 5.0 15.0 971817.6477000001
60.0 10.0 5.0 15.0 316456.30809999997
60.0 -5.0 -10.0 16.25 -10.3159
60.0 -2.5 -10.0 16.25 202.7506
60.0 0.0 -10.0 16.25 7444.185
60.0 2.5 -10.0 16.25 610.667
60.0 5.0 -10.0 16.25 14.263
60.0 7.5 -10.0 16.25 24.7605
60.0 10.0 -10.0 16.25 14.509699999999999
60.0 -5.0 -7.5 16.25 7050.6657
60.0 -2.5 -7.5 16.25 16618975.9879
60.0 0.0 -7.5 16.25 1072603136.5985
60.0 2.5 -7.5 16.25 9764688216.150799
60.0 5.0 -7.5 16.25 5047.751
60.0 7.5 -7.5 16.25 2411.2653999999998
60.0 10.0 -7.5 16.25 1532.2388999999998
60.0 -5.0 -5.0 16.25 216.6142
60.0 -2.5 -5.0 16.25 156703.0716
60.0 0.0 -5.0 16.25 2462966.444
60.0 2.5 -5.0 16.25 90948.0784
60.0 5.0 -5.0 16.25 115359.243
60.0 7.5 -5.0 16.25 33171454.9414
60.0 10.0 -5.0 16.25 159509433.3541
60.0 -5.0 -2.5 16.25 -5.111
60.0 -2.5 -2.5 16.25 -1.9356999999999998
60.0 0.0 -2.5 16.25 1047105.9817
60.0 2.5 -2.5 16.25 60460453.792600006
60.0 5.0 -2.5 16.25 1507923982.9536002
60.0 7.5 -2.5 16.25 293975450.3567
60.0 10.0 -2.5 16.25 1145145.8028000002
60.0 -5.0 0.0 16.25 -2.4258999999999995
60.0 -2.5 0.0 16.25 29.8825
60.0 0.0 0.0 16.25 10000000045.091301
60.0 2.5 0.0 16.25 10000000084.226501
60.0 5.0 0.0 16.25 38218673.6272
60.0 7.5 0.0 16.25 46643.7129
60.0 10.0 0.0 16.25 1421.7253
60.0 -5.0 2.5 16.25 2.5983
60.0 -2.5 2.5 16.25 51.5518
60.0 0.0 2.5 16.25 11174.7427
60.0 2.5 2.5 16.25 40506249.6687
60.0 5.0 2.5 16.25 3936027.2739999997
60.0 7.5 2.5 16.25 10000000063.1208
60.0 10.0 2.5 16.25 1837015312.1016998
60.0 -5.0 5.0 16.25 4.0266
60.0 -2.5 5.0 16.25 28.0634
60.0 0.0 5.0 16.25 1696.4225999999999
60.0 2.5 5.0 16.25 1324.211
60.0 5.0 5.0 16.25 10909.357999999998
60.0 7.5 5.0 16.25 328597.7148
60.0 10.0 5.0 16.25 8750.4317
120.0 -5.0 -10.0 3.75 9999999921.2289
120.0 -2.5 -10.0 3.75 227820126.45430002
120.0 0.0 -10.0 3.75 10000000380.8332
120.0 2.5 -10.0 3.75 10000000095.813301
120.0 5.0 -10.0 3.75 1406085930.6041
120.0 7.5 -10.0 3.75 3324832621.0906
120.0 10.0 -10.0 3.75 1069095558.7501
120.0 -5.0 -7.5 3.75 10000000064.8227
120.0 -2.5 -7.5 3.75 810630269.191
120.0 0.0 -7.5 3.75 10000000171.0998
120.0 2.5 -7.5 3.75 10000000120.463701
120.0 5.0 -7.5 3.75 447444950.77250004
120.0 7.5 -7.5 3.75 343255583.8751
120.0 10.0 -7.5 3.75 5746328334.480399
120.0 -5.0 -5.0 3.75 10000000102.668701
120.0 -2.5 -5.0 3.75 10000000066.042501
120.0 0.0 -5.0 3.75 10000000045.0799
120.0 2.5 -5.0 3.75 10000000118.033
120.0 5.0 -5.0 3.75 10000000092.791601
120.0 7.5 -5.0 3.75 10000000063.5081
120.0 10.0 -5.0 3.75 9999999908.162401
120.0 -5.0 -2.5 3.75 8187990156.8452
120.0 -2.5 -2.5 3.75 9999999639.0056
120.0 0.0 -2.5 3.75 7598089488.6085005
120.0 2.5 -2.5 3.75 10000000061.392302
120.0 5.0 -2.5 3.75 2618498617.3621
120.0 7.5 -2.5 3.75 650830015.0145
120.0 10.0 -2.5 3.75 156704025.6442
120.0 -5.0 0.0 3.75 354767307.4541
120.0 -2.5 0.0 3.75 9999999921.803501
120.0 0.0 0.0 3.75 10000000081.4841
120.0 2.5 0.0 3.75 9999999807.861
120.0 5.0 0.0 3.75 6145492943.9332
120.0 7.5 0.0 3.75 9999999952.809
120.0 10.0 0.0 3.75 10000000003.9895
120.0 -5.0 2.5 3.75 2904217.5427
120.0 -2.5 2.5 3.75 4392434978.9583
120.0 0.0 2.5 3.75 201813457.1161
120.0 2.5 2.5 3.75 9999999954.6231
120.0 5.0 2.5 3.75 867049789.3913
120.0 7.5 2.5 3.75 10000000080.0638
120.0 10.0 2.5 3.75 6808515.1458
120.0 -5.0 5.0 3.75 607329.9261
120.0 -2.5 5.0 3.75 9999999950.003101
120.0 0.0 5.0 3.75 9999999971.577301
120.0 2.5 5.0 3.75 10000000052.352001
120.0 5.0 5.0 3.75 9999999862.9754
120.0 7.5 5.0 3.75 9999999815.419102
120.0 10.0 5.0 3.75 9999999997.6474
120.0 -2.5 5.0 5.0 4134871465.4347
120.0 -2.5 2.5 6.25 6098106370.9469
120.0 -2.5 5.0 6.25 113976275.6864
120.0 2.5 -7.5 7.5 470892815.38269997
120.0 0.0 -5.0 7.5 9999999965.451302
120.0 -2.5 0.0 7.5 3723994449.3076997
120.0 -2.5 2.5 7.5 9999999934.1755
120.0 0.0 2.5 7.5 9999999759.6016
120.0 -2.5 5.0 7.5 6024.5018
120.0 0.0 5.0 7.5 51798363.7853
120.0 2.5 -7.5 8.75 10000000095.8789
120.0 5.0 -7.5 8.75 319830507.8555
120.0 0.0 -5.0 8.75 10000000427.662802
120.0 0.0 0.0 8.75 10000000065.521101
120.0 -2.5 2.5 8.75 852901391.1014
120.0 0.0 2.5 8.75 9999999968.3493
120.0 -5.0 5.0 8.75 1.8335
120.0 -2.5 5.0 8.75 154182.0865
120.0 0.0 5.0 8.75 10000000090.5809
120.0 2.5 5.0 8.75 9999999915.5578
120.0 2.5 -10.0 10.0 10000000088.7247
120.0 2.5 -7.5 10.0 10000000107.641901
120.0 5.0 -7.5 10.0 10000000014.266
120.0 7.5 -7.5 10.0 804720756.3122
120.0 -2.5 -5.0 10.0 434600148.7
120.0 0.0 -5.0 10.0 10000000071.3325
120.0 2.5 -5.0 10.0 10000000011.5165
120.0 0.0 -2.5 10.0 10000000010.1382
120.0 0.0 0.0 10.0 10000000045.4699
120.0 2.5 0.0 10.0 5369778286.158
120.0 -5.0 2.5 10.0 4426593.6724
120.0 -2.5 2.5 10.0 9999999882.9496
120.0 0.0 2.5 10.0 70493788.109
120.0 2.5 2.5 10.0 9999999998.541801
120.0 -5.0 5.0 10.0 110.7535
120.0 -2.5 5.0 10.0 437815171.34849995
120.0 0.0 5.0 10.0 499424954.95290005
120.0 2.5 5.0 10.0 10000000075.657701
120.0 5.0 5.0 10.0 10000000118.9852
120.0 2.5 -10.0 11.25 10000000057.666302
120.0 5.0 -10.0 11.25 50097083.1875
120.0 10.0 -10.0 11.25 183109243.1758
120.0 -2.5 -7.5 11.25 2954219727.8576
120.0 0.0 -7.5 11.25 10000000009.9533
120.0 2.5 -7.5 11.25 10000000120.2131
120.0 5.0 -7.5 11.25 45718294.74079999
120.0 7.5 -7.5 11.25 9999999931.186201
120.0 -2.5 -5.0 11.25 10000000060.828701
120.0 0.0 -5.0 11.25 10000000201.3278
120.0 2.5 -5.0 11.25 9999999900.0948
120.0 5.0 -5.0 11.25 10000000101.070702
120.0 7.5 -5.0 11.25 309040180.7441
120.0 0.0 -2.5 11.25 620839314.4636
120.0 2.5 -2.5 11.25 2147269508.201
120.0 -5.0 0.0 11.25 9999999912.3395
120.0 -2.5 0.0 11.25 4387904547.196199
120.0 0.0 0.0 11.25 10000000010.511702
120.0 2.5 0.0 11.25 9999999601.526402
120.0 -5.0 2.5 11.25 28211118.8957
120.0 -2.5 2.5 11.25 9999999964.9895
120.0 0.0 2.5 11.25 9999999963.5102
120.0 2.5 2.5 11.25 9999999983.811602
120.0 -5.0 5.0 11.25 142.9755
120.0 -2.5 5.0 11.25 2389109.7177000004
120.0 0.0 5.0 11.25 9999999991.8157
120.0 2.5 5.0 11.25 9999999972.3806
120.0 5.0 5.0 11.25 2456333378.7405
120.0 7.5 5.0 11.25 557975615.6058999
120.0 -5.0 -10.0 12.5 96033375.48279999
120.0 -2.5 -10.0 12.5 35796.2202
120.0 0.0 -10.0 12.5 6835374150.9839
120.0 2.5 -10.0 12.5 3309189331.9858
120.0 5.0 -10.0 12.5 318938.73010000004
120.0 7.5 -10.0 12.5 3357517.9966
120.0 10.0 -10.0 12.5 83664.62310000001
120.0 -2.5 -7.5 12.5 10000000071.2968
120.0 0.0 -7.5 12.5 10000000043.3733
120.0 2.5 -7.5 12.5 10000000080.5161
120.0 5.0 -7.5 12.5 16758597.4847
120.0 7.5 -7.5 12.5 149919989.5173
120.0 10.0 -7.5 12.5 10000000024.117102
120.0 -2.5 -5.0 12.5 10000000062.060501
120.0 0.0 -5.0 12.5 10000000183.1636
120.0 2.5 -5.0 12.5 10000000185.833601
120.0 5.0 -5.0 12.5 9999999621.995
120.0 -5.0 -2.5 12.5 10000000031.430101
120.0 -2.5 -2.5 12.5 10000000004.322102
120.0 0.0 -2.5 12.5 10000000174.4547
120.0 2.5 -2.5 12.5 10000000335.752602
120.0 5.0 -2.5 12.5 1356881440.7574
120.0 -5.0 0.0 12.5 9999999991.4391
120.0 -2.5 0.0 12.5 26237039.643099997
120.0 0.0 0.0 12.5 10000000113.498402
120.0 2.5 0.0 12.5 10000000059.882502
120.0 5.0 0.0 12.5 9999999946.147001
120.0 -5.0 2.5 12.5 188275.14789999998
120.0 -2.5 2.5 12.5 597572836.5573
120.0 0.0 2.5 12.5 9999999990.269201
120.0 2.5 2.5 12.5 9999999937.941101
120.0 5.0 2.5 12.5 10000000008.9733
120.0 -5.0 5.0 12.5 -1.3778000000000001
120.0 -2.5 5.0 12.5 87908.06300000001
120.0 0.0 5.0 12.5 18253350.3227
120.0 2.5 5.0 12.5 24247934.5894
120.0 5.0 5.0 12.5 3601607319.6443996
120.0 7.5 5.0 12.5 113107510.8783
120.0 -5.0 -10.0 13.75 54574609.8763
120.0 -2.5 -10.0 13.75 13785806.3484
120.0 0.0 -10.0 13.75 10000000018.1273
120.0 2.5 -10.0 13.75 10000000030.814402
120.0 5.0 -10.0 13.75 5020.8132
120.0 7.5 -10.0 13.75 388.6746
120.0 10.0 -10.0 13.75 1182.7322
120.0 -2.5 -7.5 13.75 9999999814.734901
120.0 0.0 -7.5 13.75 10000000023.6933
120.0 2.5 -7.5 13.75 10000000013.022701
120.0 5.0 -7.5 13.75 95979.8402
120.0 7.5 -7.5 13.75 484112.8124
120.0 10.0 -7.5 13.75 750518504.104
120.0 -2.5 -5.0 13.75 10000000124.208101
120.0 0.0 -5.0 13.75 10000000111.083601
120.0 2.5 -5.0 13.75 9999999929.8831
120.0 5.0 -5.0 13.75 903505583.6233001
120.0 7.5 -5.0 13.75 9999999940.193401
120.0 10.0 -5.0 13.75 10000000118.0519
120.0 -5.0 -2.5 13.75 10000000004.8976
120.0 -2.5 -2.5 13.75 3415457458.0118003
120.0 0.0 -2.5 13.75 9999999867.2504
120.0 2.5 -2.5 13.75 300666623.3327
120.0 5.0 -2.5 13.75 10000000037.7147
120.0 -5.0 0.0 13.75 5529895.7861
120.0 -2.5 0.0 13.75 2891931089.984
120.0 0.0 0.0 13.75 10000000132.0287
120.0 2.5 0.0 13.75 10000000043.945301
120.0 5.0 0.0 13.75 9999999939.201801
120.0 -5.0 2.5 13.75 4527.1064
120.0 -2.5 2.5 13.75 50270644.636199996
120.0 0.0 2.5 13.75 4122693961.5924
120.0 2.5 2.5 13.75 1168697845.2379
120.0 5.0 2.5 13.75 397235738.8718
120.0 -5.0 5.0 13.75 -4.6906
120.0 -2.5 5.0 13.75 6191.956999999999
120.0 0.0 5.0 13.75 10000000019.1004
120.0 2.5 5.0 13.75 2511638663.8367
120.0 5.0 5.0 13.75 1713819637.4623
120.0 7.5 5.0 13.75 425691008.517
120.0 -5.0 -10.0 15.0 9844782.4434
120.0 -2.5 -10.0 15.0 2331658.1070999997
120.0 0.0 -10.0 15.0 1887736.6642
120.0 2.5 -10.0 15.0 287247.625
120.0 5.0 -10.0 15.0 702.5497
120.0 7.5 -10.0 15.0 -12.5025
120.0 10.0 -10.0 15.0 -3.7191
120.0 -5.0 -7.5 15.0 687807.5992
120.0 -2.5 -7.5 15.0 68679058.2949
120.0 0.0 -7.5 15.0 187399.912
120.0 2.5 -7.5 15.0 36491.7091
120.0 5.0 -7.5 15.0 15357119.6191
120.0 7.5 -7.5 15.0 272.1024
120.0 10.0 -7.5 15.0 4809.7635
120.0 -5.0 -5.0 15.0 50678.0563
120.0 -2.5 -5.0 15.0 6302329.2817
120.0 0.0 -5.0 15.0 55668083.6849
120.0 2.5 -5.0 15.0 791406.0924999999
120.0 5.0 -5.0 15.0 10000000028.761501
120.0 7.5 -5.0 15.0 36266888.4055
120.0 10.0 -5.0 15.0 533336.0103000001
120.0 -5.0 -2.5 15.0 2523.1056
120.0 -2.5 -2.5 15.0 1359170977.0221
120.0 0.0 -2.5 15.0 10000000233.5543
120.0 2.5 -2.5 15.0 9999999998.9242
120.0 5.0 -2.5 15.0 9999999971.670301
120.0 7.5 -2.5 15.0 10000000002.9615
120.0 10.0 -2.5 15.0 205779.4187
120.0 -5.0 0.0 15.0 14969.651000000002
120.0 -2.5 0.0 15.0 10000000049.958302
120.0 0.0 0.0 15.0 10000000104.564701
120.0 2.5 0.0 15.0 10000000014.5785
120.0 5.0 0.0 15.0 10000000026.4134
120.0 10.0 0.0 15.0 4822486661.4256
120.0 -5.0 2.5 15.0 -5.732799999999999
120.0 -2.5 2.5 15.0 84531.2218
120.0 0.0 2.5 15.0 1093331.9211000002
120.0 2.5 2.5 15.0 10000000130.6737
120.0 5.0 2.5 15.0 10000000056.1867
120.0 7.5 2.5 15.0 388784226.9297
120.0 -5.0 5.0 15.0 0.8582000000000001
120.0 -2.5 5.0 15.0 247.2482
120.0 0.0 5.0 15.0 530230.4624
120.0 2.5 5.0 15.0 9999999966.034801
120.0 5.0 5.0 15.0 34744.65
120.0 7.5 5.0 15.0 14911.5252
120.0 10.0 5.0 15.0 17.8825
120.0 -5.0 -10.0 16.25 1678.3687
120.0 -2.5 -10.0 16.25 12276875.0828
120.0 0.0 -10.0 16.25 325008.84369999997
120.0 2.5 -10.0 16.25 22216210.700799998
120.0 5.0 -10.0 16.25 19.5798
120.0 7.5 -10.0 16.25 -5.013199999999999
120.0 10.0 -10.0 16.25 -6.593400000000001
120.0 -5.0 -7.5 16.25 20265335.976999998
120.0 -2.5 -7.5 16.25 4304550075.2053
120.0 0.0 -7.5 16.25 36321237.168400005
120.0 2.5 -7.5 16.25 7709.193
120.0 5.0 -7.5 16.25 10944.333299999998
120.0 7.5 -7.5 16.25 45.535
120.0 10.0 -7.5 16.25 7.0128
120.0 -5.0 -5.0 16.25 13779.7794
120.0 -2.5 -5.0 16.25 58935828.7068
120.0 0.0 -5.0 16.25 61188861.7026
120.0 2.5 -5.0 16.25 4822.4318
120.0 5.0 -5.0 16.25 41760545.7088
120.0 7.5 -5.0 16.25 1207144.1705
120.0 10.0 -5.0 16.25 1136.3711
120.0 -5.0 -2.5 16.25 2.6258999999999997
120.0 -2.5 -2.5 16.25 4342.603800000001
120.0 0.0 -2.5 16.25 10000000037.944101
120.0 2.5 -2.5 16.25 283489666.27540004
120.0 5.0 -2.5 16.25 1833853284.9717
120.0 7.5 -2.5 16.25 9999999954.853401
120.0 10.0 -2.5 16.25 2191.5673
120.0 -5.0 0.0 16.25 3.714100000000001
120.0 -2.5 0.0 16.25 11468.1798
120.0 0.0 0.0 16.25 1453568028.5799
120.0 2.5 0.0 16.25 10000000028.998901
120.0 5.0 0.0 16.25 46250510.1738
120.0 7.5 0.0 16.25 10000000039.7907
120.0 10.0 0.0 16.25 1313.5017
120.0 -5.0 2.5 16.25 2.2456000000000005
120.0 -2.5 2.5 16.25 88.8258
120.0 0.0 2.5 16.25 167844.7816
120.0 2.5 2.5 16.25 49605167.019999996
120.0 5.0 2.5 16.25 2731698.9030000004
120.0 7.5 2.5 16.25 900299263.2092
120.0 10.0 2.5 16.25 4.323300000000001
120.0 -5.0 5.0 16.25 3.4370000000000003
120.0 -2.5 5.0 16.25 22.107300000000002
120.0 0.0 5.0 16.25 2632.6761
120.0 2.5 5.0 16.25 110103.1298
120.0 5.0 5.0 16.25 23763.6237
120.0 7.5 5.0 16.25 402867.4642
120.0 10.0 5.0 16.25 -13.9347
180.0 -5.0 -10.0 3.75 3783993510.7731004
180.0 -2.5 -10.0 3.75 99047270.4884
180.0 0.0 -10.0 3.75 10000000094.925001
180.0 2.5 -10.0 3.75 10000000092.6215
180.0 5.0 -10.0 3.75 8499764847.1559
180.0 7.5 -10.0 3.75 53816268.8386
180.0 10.0 -10.0 3.75 10000000212.794601
180.0 -5.0 -7.5 3.75 3930238680.0973
180.0 -2.5 -7.5 3.75 9999999927.732601
180.0 0.0 -7.5 3.75 9999999903.681501
180.0 2.5 -7.5 3.75 9999999922.8831
180.0 5.0 -7.5 3.75 1308240164.5586998
180.0 7.5 -7.5 3.75 19950187.6302
180.0 10.0 -7.5 3.75 1360366.5489
180.0 -5.0 -5.0 3.75 10000000028.372002
180.0 -2.5 -5.0 3.75 9999999936.2455
180.0 0.0 -5.0 3.75 9999999918.7905
180.0 2.5 -5.0 3.75 10000000170.5412
180.0 5.0 -5.0 3.75 10000000099.432701
180.0 7.5 -5.0 3.75 4232529703.3287
180.0 10.0 -5.0 3.75 9999999900.625801
180.0 -5.0 -2.5 3.75 9999999819.927
180.0 -2.5 -2.5 3.75 9999999889.581902
180.0 0.0 -2.5 3.75 9999999758.6179
180.0 2.5 -2.5 3.75 9999999859.4647
180.0 5.0 -2.5 3.75 10000000179.047401
180.0 7.5 -2.5 3.75 3116905564.0836
180.0 10.0 -2.5 3.75 10000000035.045801
180.0 -5.0 0.0 3.75 10000000056.918402
180.0 -2.5 0.0 3.75 9999999920.686901
180.0 0.0 0.0 3.75 9999999906.780901
180.0 2.5 0.0 3.75 10000000029.7586
180.0 5.0 0.0 3.75 10000000159.8579
180.0 7.5 0.0 3.75 1253638322.5685
180.0 10.0 0.0 3.75 9999999854.0508
180.0 -5.0 2.5 3.75 153164800.62669998
180.0 -2.5 2.5 3.75 1293773086.5627
180.0 0.0 2.5 3.75 9999999979.709301
180.0 2.5 2.5 3.75 9999999995.465801
180.0 5.0 2.5 3.75 9999999982.3931
180.0 7.5 2.5 3.75 9999999944.7908
180.0 10.0 2.5 3.75 47697165.6061
180.0 -5.0 5.0 3.75 8680.7944
180.0 -2.5 5.0 3.75 98651859.1781
180.0 0.0 5.0 3.75 4827635737.3097
180.0 2.5 5.0 3.75 57459351.283599995
180.0 5.0 5.0 3.75 240395241.2953
180.0 7.5 5.0 3.75 10000000013.2663
180.0 10.0 5.0 3.75 418584256.01669997
180.0 -2.5 -2.5 7.5 9999999802.268301
180.0 0.0 2.5 7.5 10000000012.984701
180.0 0.0 5.0 7.5 10000000076.5349
180.0 -5.0 -2.5 8.75 9999999922.6935
180.0 -2.5 -2.5 8.75 10000000009.0997
180.0 2.5 -2.5 8.75 10000000092.5519
180.0 -5.0 0.0 8.75 10000000255.4221
180.0 0.0 0.0 8.75 10000000025.998901
180.0 0.0 2.5 8.75 10000000062.9309
180.0 0.0 -10.0 10.0 3600612171.8953
180.0 2.5 -10.0 10.0 516790169.59190005
180.0 0.0 -7.5 10.0 7655183621.3031
180.0 2.5 -7.5 10.0 10000000038.5909
180.0 5.0 -7.5 10.0 10000000033.988602
180.0 -2.5 -5.0 10.0 1713506514.7894
180.0 0.0 -5.0 10.0 10000000035.395601
180.0 2.5 -5.0 10.0 2390689749.2147
180.0 5.0 -5.0 10.0 9478229468.310299
180.0 -5.0 -2.5 10.0 9999999981.550402
180.0 -2.5 -2.5 10.0 9999999909.166801
180.0 0.0 -2.5 10.0 10000000135.3575
180.0 2.5 -2.5 10.0 9999999957.5235
180.0 -5.0 0.0 10.0 10000000060.234201
180.0 -2.5 0.0 10.0 9999999895.7122
180.0 0.0 0.0 10.0 9999999910.1457
180.0 -5.0 2.5 10.0 4241701870.3311
180.0 0.0 2.5 10.0 10000000049.4337
180.0 2.5 2.5 10.0 9999999867.8059
180.0 0.0 5.0 10.0 6560636148.1087
180.0 2.5 5.0 10.0 1889150107.1635
180.0 0.0 -10.0 11.25 5855970126.7591
180.0 2.5 -10.0 11.25 18929447.1004
180.0 5.0 -10.0 11.25 4487179792.8799
180.0 0.0 -7.5 11.25 10000000115.3232
180.0 2.5 -7.5 11.25 9999999851.5505
180.0 5.0 -7.5 11.25 10000000004.5552
180.0 7.5 -7.5 11.25 3250772176.6712003
180.0 -2.5 -5.0 11.25 10000000016.239601
180.0 0.0 -5.0 11.25 10000000007.953901
180.0 2.5 -5.0 11.25 10000000015.9239
180.0 5.0 -5.0 11.25 10000000056.4116
180.0 -5.0 -2.5 11.25 10000000029.2091
180.0 -2.5 -2.5 11.25 9999999964.817202
180.0 0.0 -2.5 11.25 3708913066.3647
180.0 2.5 -2.5 11.25 2939514013.6043
180.0 -5.0 0.0 11.25 1147005925.9498
180.0 -2.5 0.0 11.25 9999999939.988
180.0 0.0 0.0 11.25 9999999862.5172
180.0 -5.0 2.5 11.25 77846840.22000001
180.0 -2.5 2.5 11.25 9999999885.273201
180.0 0.0 2.5 11.25 9999999866.1861
180.0 2.5 2.5 11.25 9999999939.0461
180.0 -5.0 5.0 11.25 135222640.1626
180.0 0.0 5.0 11.25 9999999953.0394
180.0 2.5 5.0 11.25 2955989825.1727
180.0 -5.0 -10.0 12.5 8411383346.0076
180.0 -2.5 -10.0 12.5 1669427484.9078999
180.0 0.0 -10.0 12.5 540039916.086
180.0 2.5 -10.0 12.5 1057509.0241999999
180.0 5.0 -10.0 12.5 60244884.1788
180.0 7.5 -10.0 12.5 7197845083.4719
180.0 10.0 -10.0 12.5 16149.1718
180.0 -2.5 -7.5 12.5 9999999946.567202
180.0 0.0 -7.5 12.5 10000000035.140701
180.0 2.5 -7.5 12.5 5708624666.6667
180.0 5.0 -7.5 12.5 10000000016.7049
180.0 7.5 -7.5 12.5 49689715.2148
180.0 -5.0 -5.0 12.5 12113747.9626
180.0 -2.5 -5.0 12.5 10000000046.7794
180.0 0.0 -5.0 12.5 9521079468.4469
180.0 2.5 -5.0 12.5 9999999985.506
180.0 5.0 -5.0 12.5 5375477642.3557005
180.0 -5.0 -2.5 12.5 145204374.8322
180.0 -2.5 -2.5 12.5 9999999985.3034
180.0 0.0 -2.5 12.5 818079136.7654
180.0 2.5 -2.5 12.5 10000000035.4657
180.0 5.0 -2.5 12.5 4802766483.5759
180.0 -5.0 0.0 12.5 364875987.2003
180.0 -2.5 0.0 12.5 9999999920.4797
180.0 0.0 0.0 12.5 3561229684.8594
180.0 2.5 0.0 12.5 9999999966.2001
180.0 -5.0 2.5 12.5 5160036760.7428
180.0 -2.5 2.5 12.5 10000000021.053202
180.0 0.0 2.5 12.5 4833050349.8328
180.0 2.5 2.5 12.5 10000000177.0499
180.0 -5.0 5.0 12.5 10000000054.387901
180.0 -2.5 5.0 12.5 9999999994.4435
180.0 0.0 5.0 12.5 22190875.5685
180.0 2.5 5.0 12.5 10000000031.9729
180.0 5.0 5.0 12.5 9999999964.195501
180.0 7.5 5.0 12.5 2863.2724
180.0 10.0 5.0 12.5 85362.3209
180.0 -5.0 -10.0 13.75 85831100.5913
180.0 -2.5 -10.0 13.75 10000000078.3855
180.0 0.0 -10.0 13.75 794235803.5885
180.0 2.5 -10.0 13.75 8192.9997
180.0 5.0 -10.0 13.75 2595.0121
180.0 7.5 -10.0 13.75 71485.3108
180.0 10.0 -10.0 13.75 1476.8462
180.0 -5.0 -7.5 13.75 2452809659.4048
180.0 -2.5 -7.5 13.75 1222231588.342
180.0 0.0 -7.5 13.75 394852651.9663
180.0 2.5 -7.5 13.75 9999999985.9454
180.0 5.0 -7.5 13.75 10000000064.976002
180.0 7.5 -7.5 13.75 9999999827.3624
180.0 10.0 -7.5 13.75 1301.6236999999999
180.0 -5.0 -5.0 13.75 100135.3322
180.0 -2.5 -5.0 13.75 154828603.8754
180.0 0.0 -5.0 13.75 9999999953.3286
180.0 2.5 -5.0 13.75 799679159.1533
180.0 5.0 -5.0 13.75 9999999907.565102
180.0 -5.0 -2.5 13.75 88043346.4049
180.0 -2.5 -2.5 13.75 10000000025.3068
180.0 0.0 -2.5 13.75 1654459889.6921
180.0 2.5 -2.5 13.75 9999999867.360601
180.0 5.0 -2.5 13.75 5912231589.7747
180.0 -5.0 0.0 13.75 15891242.9597
180.0 -2.5 0.0 13.75 10000000066.4908
180.0 0.0 0.0 13.75 3756998208.8746
180.0 2.5 0.0 13.75 10000000163.065601
180.0 -5.0 2.5 13.75 46975.572199999995
180.0 -2.5 2.5 13.75 9021336374.6421
180.0 0.0 2.5 13.75 3609630697.66
180.0 2.5 2.5 13.75 9999999961.637001
180.0 5.0 2.5 13.75 9999999913.499
180.0 -5.0 5.0 13.75 4194.7636999999995
180.0 -2.5 5.0 13.75 7035950685.1608
180.0 0.0 5.0 13.75 524266.4476
180.0 2.5 5.0 13.75 4785527.6898
180.0 5.0 5.0 13.75 23041225.2566
180.0 7.5 5.0 13.75 207.8089
180.0 10.0 5.0 13.75 343280646.2182
180.0 -5.0 -10.0 15.0 2699846939.4743
180.0 -2.5 -10.0 15.0 284084416.7271
180.0 0.0 -10.0 15.0 210385909.3843
180.0 2.5 -10.0 15.0 933.6235
180.0 5.0 -10.0 15.0 13821.797
180.0 7.5 -10.0 15.0 26.576999999999998
180.0 10.0 -10.0 15.0 18.7836
180.0 -5.0 -7.5 15.0 10000000028.7381
180.0 -2.5 -7.5 15.0 464872702.67620003
180.0 0.0 -7.5 15.0 10545710.9376
180.0 2.5 -7.5 15.0 605382816.093
180.0 5.0 -7.5 15.0 128743032.0873
180.0 7.5 -7.5 15.0 7281654.3983000005
180.0 10.0 -7.5 15.0 7.7540000000000004
180.0 -5.0 -5.0 15.0 733071.9672000001
180.0 -2.5 -5.0 15.0 200505509.374
180.0 0.0 -5.0 15.0 1335902872.0923
180.0 2.5 -5.0 15.0 22715337.1603
180.0 5.0 -5.0 15.0 10000000202.6571
180.0 7.5 -5.0 15.0 25900736.864099998
180.0 10.0 -5.0 15.0 319.8792
180.0 -5.0 -2.5 15.0 548.4262
180.0 -2.5 -2.5 15.0 10000000017.302502
180.0 0.0 -2.5 15.0 9999999995.5778
180.0 2.5 -2.5 15.0 9999999965.847502
180.0 5.0 -2.5 15.0 10000000016.4738
180.0 10.0 -2.5 15.0 5275377.1932
180.0 -5.0 0.0 15.0 9646.0446
180.0 -2.5 0.0 15.0 10000000021.7752
180.0 0.0 0.0 15.0 694616478.1445
180.0 2.5 0.0 15.0 252857524.7111
180.0 5.0 0.0 15.0 9999999938.3691
180.0 -5.0 2.5 15.0 2943.1917
180.0 -2.5 2.5 15.0 2436187280.3246
180.0 0.0 2.5 15.0 191492796.031
180.0 2.5 2.5 15.0 89841269.3327
180.0 5.0 2.5 15.0 15980673.3575
180.0 7.5 2.5 15.0 3570923.3157
180.0 -5.0 5.0 15.0 41.0287
180.0 -2.5 5.0 15.0 13195739.168699998
180.0 0.0 5.0 15.0 899039890.3813
180.0 2.5 5.0 15.0 2415.3157
180.0 5.0 5.0 15.0 2829.3123
180.0 7.5 5.0 15.0 20.2285
180.0 10.0 5.0 15.0 708.4771
180.0 -5.0 -10.0 16.25 634408765.4786999
180.0 -2.5 -10.0 16.25 368442680.673
180.0 0.0 -10.0 16.25 10000000002.106
180.0 2.5 -10.0 16.25 341.5137
180.0 5.0 -10.0 16.25 116.823
180.0 7.5 -10.0 16.25 -0.7092999999999998
180.0 10.0 -10.0 16.25 4.4651
180.0 -5.0 -7.5 16.25 10000000044.802101
180.0 -2.5 -7.5 16.25 10000000004.3561
180.0 0.0 -7.5 16.25 2493500914.1429
180.0 2.5 -7.5 16.25 66627.8745
180.0 5.0 -7.5 16.25 67546.8936
180.0 7.5 -7.5 16.25 116016157.16219999
180.0 10.0 -7.5 16.25 4.742
180.0 -5.0 -5.0 16.25 36488.650499999996
180.0 -2.5 -5.0 16.25 48412.851
180.0 0.0 -5.0 16.25 836924.2417
180.0 2.5 -5.0 16.25 10000000025.108501
180.0 5.0 -5.0 16.25 3297014.2394
180.0 7.5 -5.0 16.25 132909.3153
180.0 10.0 -5.0 16.25 2.590299999999999
180.0 -5.0 -2.5 16.25 20.752100000000002
180.0 -2.5 -2.5 16.25 640071218.8736
180.0 0.0 -2.5 16.25 10000000016.3619
180.0 2.5 -2.5 16.25 10000000018.4419
180.0 5.0 -2.5 16.25 86783638.27419999
180.0 7.5 -2.5 16.25 2280.4657
180.0 10.0 -2.5 16.25 2744.4666
180.0 -5.0 0.0 16.25 36.2076
180.0 -2.5 0.0 16.25 441833.9148
180.0 0.0 0.0 16.25 10000000113.3509
180.0 2.5 0.0 16.25 33209521.1269
180.0 5.0 0.0 16.25 4668943277.363601
180.0 7.5 0.0 16.25 674935312.6264
180.0 -5.0 2.5 16.25 30.111400000000003
180.0 -2.5 2.5 16.25 4870.5668
180.0 0.0 2.5 16.25 263411684.3404
180.0 2.5 2.5 16.25 4592158440.417601
180.0 5.0 2.5 16.25 10000000025.217901
180.0 7.5 2.5 16.25 9925580.4725
180.0 -5.0 5.0 16.25 15.2207
180.0 -2.5 5.0 16.25 1238.8712
180.0 0.0 5.0 16.25 417.8668
180.0 2.5 5.0 16.25 63.1508
180.0 5.0 5.0 16.25 12.636
180.0 7.5 5.0 16.25 179.62310000000002
180.0 10.0 5.0 16.25 -1.4417999999999997
240.0 -5.0 -10.0 3.75 4753793943.9684
240.0 -2.5 -10.0 3.75 9999999983.2304
240.0 0.0 -10.0 3.75 9999999966.568201
240.0 2.5 -10.0 3.75 9999999838.4074
240.0 5.0 -10.0 3.75 9999999960.5277
240.0 7.5 -10.0 3.75 9999999886.957201
240.0 10.0 -10.0 3.75 4414681.0528
240.0 -5.0 -7.5 3.75 10000000190.358501
240.0 -2.5 -7.5 3.75 9999999873.786701
240.0 0.0 -7.5 3.75 467201971.6248
240.0 2.5 -7.5 3.75 6230525362.5357
240.0 5.0 -7.5 3.75 7707681852.464601
240.0 7.5 -7.5 3.75 202473509.8965
240.0 10.0 -7.5 3.75 6457647.0524
240.0 -5.0 -5.0 3.75 626989545.9683
240.0 -2.5 -5.0 3.75 3188232591.3419
240.0 0.0 -5.0 3.75 10000000049.640701
240.0 2.5 -5.0 3.75 10000000030.156101
240.0 5.0 -5.0 3.75 10000000045.451601
240.0 7.5 -5.0 3.75 9999999919.644201
240.0 10.0 -5.0 3.75 4910252646.4432
240.0 -5.0 -2.5 3.75 9999999916.9004
240.0 -2.5 -2.5 3.75 9999999926.8125
240.0 0.0 -2.5 3.75 9999999884.2635
240.0 2.5 -2.5 3.75 2914404630.2715
240.0 5.0 -2.5 3.75 10000000045.462301
240.0 7.5 -2.5 3.75 10000000097.6756
240.0 10.0 -2.5 3.75 9730141142.3979
240.0 -5.0 0.0 3.75 9999999961.3854
240.0 -2.5 0.0 3.75 6460960690.3207
240.0 0.0 0.0 3.75 3282119507.942
240.0 2.5 0.0 3.75 9999999890.089602
240.0 5.0 0.0 3.75 9999999816.1781
240.0 7.5 0.0 3.75 10000000045.6242
240.0 10.0 0.0 3.75 10000000066.019402
240.0 -5.0 2.5 3.75 746631093.8663
240.0 -2.5 2.5 3.75 10000000273.829802
240.0 0.0 2.5 3.75 10000000119.1467
240.0 2.5 2.5 3.75 243917337.49400002
240.0 5.0 2.5 3.75 9999999905.173801
240.0 7.5 2.5 3.75 10000000134.9477
240.0 10.0 2.5 3.75 16493831.1853
240.0 -5.0 5.0 3.75 34.8122
240.0 -2.5 5.0 3.75 386893.34479999996
240.0 0.0 5.0 3.75 10000000000.799702
240.0 2.5 5.0 3.75 9999999934.233301
240.0 5.0 5.0 3.75 10000000031.5513
240.0 7.5 5.0 3.75 9999999927.926401
240.0 10.0 5.0 3.75 154038935.9318
240.0 0.0 0.0 5.0 9999999583.138601
240.0 -2.5 2.5 5.0 119465060.0407
240.0 -2.5 5.0 5.0 9999999956.766201
240.0 0.0 0.0 6.25 9999999860.118502
240.0 -2.5 2.5 6.25 9999999908.7544
240.0 0.0 2.5 6.25 10000000025.406301
240.0 -5.0 5.0 6.25 15799394.7709
240.0 -2.5 5.0 6.25 3084027.9954
240.0 2.5 -10.0 7.5 10000000061.4426
240.0 -2.5 -7.5 7.5 10000000003.507801
240.0 0.0 -5.0 7.5 9999999892.8698
240.0 0.0 0.0 7.5 9999999554.1476
240.0 -2.5 2.5 7.5 5504209722.188801
240.0 0.0 2.5 7.5 9999999827.1851
240.0 -5.0 5.0 7.5 115516559.2303
240.0 -2.5 5.0 7.5 37484710.3286
240.0 0.0 5.0 7.5 10000000005.552101
240.0 0.0 -10.0 8.75 10000000012.033201
240.0 2.5 -10.0 8.75 1270514039.0918999
240.0 5.0 -10.0 8.75 2544072935.6940002
240.0 -2.5 -7.5 8.75 10000000175.167702
240.0 0.0 -7.5 8.75 840152306.5347
240.0 2.5 -7.5 8.75 10000000080.2681
240.0 -2.5 -5.0 8.75 9999999911.869202
240.0 0.0 -5.0 8.75 10000000042.069601
240.0 0.0 -2.5 8.75 10000000082.882101
240.0 2.5 -2.5 8.75 9999999941.050402
240.0 -2.5 0.0 8.75 9999999844.300701
240.0 0.0 0.0 8.75 10000000006.8582
240.0 -2.5 2.5 8.75 9999999936.988201
240.0 0.0 2.5 8.75 10000000006.165201
240.0 2.5 2.5 8.75 9999999700.7703
240.0 -5.0 5.0 8.75 1326286790.5678
240.0 -2.5 5.0 8.75 9999999934.951801
240.0 0.0 5.0 8.75 327777913.3057
240.0 0.0 -10.0 10.0 10000000081.206501
240.0 2.5 -10.0 10.0 162061486.87060001
240.0 5.0 -10.0 10.0 10000000052.280401
240.0 -2.5 -7.5 10.0 2020737654.2573001
240.0 0.0 -7.5 10.0 3049558257.4613996
240.0 2.5 -7.5 10.0 10000000065.9571
240.0 -2.5 -5.0 10.0 10000000027.514801
240.0 0.0 -5.0 10.0 9999999827.0081
240.0 -5.0 -2.5 10.0 187819647.26900002
240.0 -2.5 -2.5 10.0 7821742575.0964
240.0 0.0 -2.5 10.0 9999999594.790401
240.0 2.5 -2.5 10.0 10000000279.441101
240.0 -2.5 0.0 10.0 10000000053.7275
240.0 0.0 0.0 10.0 10000000067.2304
240.0 2.5 0.0 10.0 9999999864.9768
240.0 -5.0 2.5 10.0 191913.025
240.0 -2.5 2.5 10.0 15117618.412
240.0 0.0 2.5 10.0 291758855.1766
240.0 2.5 2.5 10.0 10000000072.780201
240.0 -5.0 5.0 10.0 847.1665
240.0 -2.5 5.0 10.0 930400.5734
240.0 0.0 5.0 10.0 10000000047.9137
240.0 2.5 5.0 10.0 9999999994.034101
240.0 7.5 5.0 10.0 2330696403.5841
240.0 -2.5 -10.0 11.25 341535489.14610004
240.0 0.0 -10.0 11.25 1546646582.6223
240.0 2.5 -10.0 11.25 5652274469.6004
240.0 5.0 -10.0 11.25 273085077.29899997
240.0 7.5 -10.0 11.25 667698007.9243
240.0 10.0 -10.0 11.25 28321921.9812
240.0 -5.0 -7.5 11.25 4031625774.3959
240.0 -2.5 -7.5 11.25 10000000085.350801
240.0 0.0 -7.5 11.25 10000000066.9283
240.0 2.5 -7.5 11.25 10000000067.9493
240.0 -2.5 -5.0 11.25 3260486443.505
240.0 0.0 -5.0 11.25 8206809768.6964
240.0 2.5 -5.0 11.25 129143240.6428
240.0 -5.0 -2.5 11.25 166815.8254
240.0 -2.5 -2.5 11.25 766760277.7179999
240.0 0.0 -2.5 11.25 10000000288.6448
240.0 2.5 -2.5 11.25 9999999916.1256
240.0 -5.0 0.0 11.25 39586215.9476
240.0 -2.5 0.0 11.25 10000000023.6324
240.0 0.0 0.0 11.25 10000000061.586601
240.0 2.5 0.0 11.25 9999999881.2427
240.0 -2.5 2.5 11.25 937597524.5825
240.0 0.0 2.5 11.25 9999999907.055
240.0 2.5 2.5 11.25 10000000060.7949
240.0 5.0 2.5 11.25 9999999940.0077
240.0 7.5 2.5 11.25 3177125888.3228
240.0 -5.0 5.0 11.25 -1.2919
240.0 -2.5 5.0 11.25 12300826.2187
240.0 0.0 5.0 11.25 3655253618.434
240.0 2.5 5.0 11.25 10000000026.429901
240.0 7.5 5.0 11.25 9999999994.215101
240.0 -2.5 -10.0 12.5 10000000176.3209
240.0 0.0 -10.0 12.5 25122623.854399998
240.0 2.5 -10.0 12.5 61318944.3898
240.0 5.0 -10.0 12.5 10000000061.7026
240.0 7.5 -10.0 12.5 11350439.0941
240.0 10.0 -10.0 12.5 33117.731400000004
240.0 -5.0 -7.5 12.5 9999999985.0921
240.0 -2.5 -7.5 12.5 731500333.6539
240.0 0.0 -7.5 12.5 4566151448.578
240.0 2.5 -7.5 12.5 9999999968.8488
240.0 5.0 -7.5 12.5 10000000018.6679
240.0 -5.0 -5.0 12.5 354629494.1408
240.0 -2.5 -5.0 12.5 9999999939.730902
240.0 0.0 -5.0 12.5 10000000040.218801
240.0 2.5 -5.0 12.5 10000000262.6236
240.0 5.0 -5.0 12.5 9999999915.852402
240.0 -5.0 -2.5 12.5 145298221.3282
240.0 -2.5 -2.5 12.5 10574888.7271
240.0 0.0 -2.5 12.5 10000000045.2569
240.0 2.5 -2.5 12.5 10000000055.627401
240.0 -5.0 0.0 12.5 234899683.4657
240.0 -2.5 0.0 12.5 75376759.0455
240.0 0.0 0.0 12.5 10000000006.989302
240.0 2.5 0.0 12.5 10000000021.9909
240.0 5.0 0.0 12.5 21558195.257400002
240.0 -5.0 2.5 12.5 63.2014
240.0 -2.5 2.5 12.5 7443668.927
240.0 0.0 2.5 12.5 10000000056.106602
240.0 2.5 2.5 12.5 6870621760.2118
240.0 5.0 2.5 12.5 180621651.1
240.0 7.5 2.5 12.5 2318618213.2594004
240.0 -5.0 5.0 12.5 0.1598000000000006
240.0 -2.5 5.0 12.5 393.5783
240.0 0.0 5.0 12.5 553837854.8817999
240.0 2.5 5.0 12.5 10116899.5191
240.0 5.0 5.0 12.5 9999999964.001001
240.0 7.5 5.0 12.5 83327063.97739999
240.0 -2.5 -10.0 13.75 1334143463.2214
240.0 0.0 -10.0 13.75 265217286.1264
240.0 2.5 -10.0 13.75 1262471940.0236
240.0 5.0 -10.0 13.75 179553.8696
240.0 7.5 -10.0 13.75 204784.7254
240.0 10.0 -10.0 13.75 19982.5329
240.0 -5.0 -7.5 13.75 429547443.8675
240.0 -2.5 -7.5 13.75 32852507.594
240.0 0.0 -7.5 13.75 138481773.28779998
240.0 2.5 -7.5 13.75 436307334.0517
240.0 5.0 -7.5 13.75 9999999985.651001
240.0 7.5 -7.5 13.75 542848409.7199
240.0 10.0 -7.5 13.75 11950524.140999999
240.0 -5.0 -5.0 13.75 20499122.4743
240.0 -2.5 -5.0 13.75 9999999949.3005
240.0 0.0 -5.0 13.75 9999999930.3243
240.0 2.5 -5.0 13.75 9999999946.2066
240.0 5.0 -5.0 13.75 9999999944.177101
240.0 -5.0 -2.5 13.75 24411070.7393
240.0 -2.5 -2.5 13.75 1727394857.9803
240.0 0.0 -2.5 13.75 10000000129.5706
240.0 2.5 -2.5 13.75 536969308.3888
240.0 -5.0 0.0 13.75 1557.6725
240.0 -2.5 0.0 13.75 1358369883.4802
240.0 0.0 0.0 13.75 6606054602.9925
240.0 2.5 0.0 13.75 9999999923.429602
240.0 5.0 0.0 13.75 9999999962.237902
240.0 -5.0 2.5 13.75 21.3768
240.0 -2.5 2.5 13.75 12945.195899999999
240.0 0.0 2.5 13.75 247868930.9685
240.0 2.5 2.5 13.75 10000000005.2213
240.0 5.0 2.5 13.75 3214264483.9663
240.0 7.5 2.5 13.75 172901.95190000001
240.0 10.0 2.5 13.75 1291.8147
240.0 -5.0 5.0 13.75 5.7227
240.0 -2.5 5.0 13.75 31.5486
240.0 0.0 5.0 13.75 2977907.5062
240.0 2.5 5.0 13.75 2815405.4135
240.0 5.0 5.0 13.75 16912.9081
240.0 7.5 5.0 13.75 1145780.5786000001
240.0 10.0 5.0 13.75 20933.899100000002
240.0 -5.0 -10.0 15.0 10000000234.222502
240.0 -2.5 -10.0 15.0 10000000032.183
240.0 0.0 -10.0 15.0 10000000066.5536
240.0 2.5 -10.0 15.0 20613253.1931
240.0 5.0 -10.0 15.0 5012650.1971
240.0 7.5 -10.0 15.0 11500.7963
240.0 10.0 -10.0 15.0 19.2657
240.0 -5.0 -7.5 15.0 6245.677900000001
240.0 -2.5 -7.5 15.0 15117912.4208
240.0 0.0 -7.5 15.0 16669924.6445
240.0 2.5 -7.5 15.0 5372179.5254
240.0 5.0 -7.5 15.0 9999999968.7077
240.0 7.5 -7.5 15.0 155974788.9748
240.0 10.0 -7.5 15.0 132615.4927
240.0 -5.0 -5.0 15.0 6474.883900000001
240.0 -2.5 -5.0 15.0 36092909.6614
240.0 0.0 -5.0 15.0 10000000028.613
240.0 2.5 -5.0 15.0 10000000005.9349
240.0 5.0 -5.0 15.0 9999999984.826101
240.0 10.0 -5.0 15.0 21620982.898000002
240.0 -5.0 -2.5 15.0 974.8009
240.0 -2.5 -2.5 15.0 19607715.9272
240.0 0.0 -2.5 15.0 10000000016.3199
240.0 2.5 -2.5 15.0 9999999892.2738
240.0 5.0 -2.5 15.0 9999999895.163101
240.0 7.5 -2.5 15.0 3717657553.5078998
240.0 -5.0 0.0 15.0 146.2023
240.0 -2.5 0.0 15.0 574125.3919
240.0 0.0 0.0 15.0 14746369.2137
240.0 2.5 0.0 15.0 9999999962.246601
240.0 5.0 0.0 15.0 44831773.0545
240.0 7.5 0.0 15.0 1871592.1876
240.0 -5.0 2.5 15.0 20.6709
240.0 -2.5 2.5 15.0 737656.4668
240.0 0.0 2.5 15.0 8777011.8799
240.0 2.5 2.5 15.0 418278057.6079
240.0 5.0 2.5 15.0 586149286.0359
240.0 7.5 2.5 15.0 12215.3717
240.0 10.0 2.5 15.0 -3.364
240.0 -5.0 5.0 15.0 8.7812
240.0 -2.5 5.0 15.0 3.2123
240.0 0.0 5.0 15.0 996.6773000000001
240.0 2.5 5.0 15.0 17968235.9823
240.0 5.0 5.0 15.0 9999999979.279202
240.0 7.5 5.0 15.0 1077.9053000000001
240.0 10.0 5.0 15.0 14.7666
240.0 -5.0 -10.0 16.25 10000000045.5487
240.0 -2.5 -10.0 16.25 10000000017.7292
240.0 0.0 -10.0 16.25 10000000055.1581
240.0 2.5 -10.0 16.25 15900220.0085
240.0 5.0 -10.0 16.25 787.7485
240.0 7.5 -10.0 16.25 82.6292
240.0 10.0 -10.0 16.25 -13.6137
240.0 -5.0 -7.5 16.25 514.1287
240.0 -2.5 -7.5 16.25 91007828.1198
240.0 0.0 -7.5 16.25 129200.51580000001
240.0 2.5 -7.5 16.25 1378606.4427
240.0 5.0 -7.5 16.25 9593707.219899999
240.0 7.5 -7.5 16.25 10000000006.120602
240.0 10.0 -7.5 16.25 9999999931.229502
240.0 -5.0 -5.0 16.25 59.075900000000004
240.0 -2.5 -5.0 16.25 46270111.258899994
240.0 0.0 -5.0 16.25 49161562.5865
240.0 2.5 -5.0 16.25 149860326.3894
240.0 5.0 -5.0 16.25 9999999900.8945
240.0 7.5 -5.0 16.25 1576266.4908
240.0 10.0 -5.0 16.25 42924.4663
240.0 -5.0 -2.5 16.25 40.1122
240.0 -2.5 -2.5 16.25 381300.57149999996
240.0 0.0 -2.5 16.25 9999999967.3871
240.0 2.5 -2.5 16.25 10000000051.9344
240.0 5.0 -2.5 16.25 52298120.9048
240.0 7.5 -2.5 16.25 68178.83279999999
240.0 10.0 -2.5 16.25 2017.3185
240.0 -5.0 0.0 16.25 24.3737
240.0 -2.5 0.0 16.25 476.7208
240.0 0.0 0.0 16.25 2592563029.5992002
240.0 2.5 0.0 16.25 243939.28960000002
240.0 5.0 0.0 16.25 107127205.48449999
240.0 7.5 0.0 16.25 31290.1181
240.0 -5.0 2.5 16.25 17.7429
240.0 -2.5 2.5 16.25 148.6326
240.0 0.0 2.5 16.25 7274.5211
240.0 2.5 2.5 16.25 4429696.139099999
240.0 5.0 2.5 16.25 612473.4698999999
240.0 7.5 2.5 16.25 64.5781
240.0 10.0 2.5 16.25 -1.1031999999999997
240.0 -5.0 5.0 16.25 9.302100000000001
240.0 -2.5 5.0 16.25 5.222099999999999
240.0 0.0 5.0 16.25 115.397
240.0 2.5 5.0 16.25 2661.1
240.0 5.0 5.0 16.25 67044.374
240.0 7.5 5.0 16.25 52.9827
240.0 10.0 5.0 16.25 -2.9640000000000004
300.0 -5.0 -10.0 3.75 9999999961.099201
300.0 -2.5 -10.0 3.75 101672767.81580001
300.0 0.0 -10.0 3.75 10000000029.4606
300.0 2.5 -10.0 3.75 10000000253.5941
300.0 5.0 -10.0 3.75 9999999972.7854
300.0 7.5 -10.0 3.75 10000000067.315601
300.0 10.0 -10.0 3.75 3823254642.2057
300.0 -5.0 -7.5 3.75 6167129506.5188
300.0 -2.5 -7.5 3.75 9999999947.345901
300.0 0.0 -7.5 3.75 9999999878.7513
300.0 2.5 -7.5 3.75 9999999979.123701
300.0 5.0 -7.5 3.75 9999999792.5202
300.0 7.5 -7.5 3.75 1902937087.9255
300.0 10.0 -7.5 3.75 30614597.8439
300.0 -5.0 -5.0 3.75 9999999965.687801
300.0 -2.5 -5.0 3.75 10000000124.959301
300.0 0.0 -5.0 3.75 10000000332.0156
300.0 2.5 -5.0 3.75 9999999984.224201
300.0 5.0 -5.0 3.75 9999999972.9477
300.0 7.5 -5.0 3.75 6927780318.7335005
300.0 10.0 -5.0 3.75 547660.5737000001
300.0 -5.0 -2.5 3.75 10000000062.364101
300.0 -2.5 -2.5 3.75 9999999974.1884
300.0 0.0 -2.5 3.75 10000000023.785501
300.0 2.5 -2.5 3.75 9999999608.391201
300.0 5.0 -2.5 3.75 9999999999.9468
300.0 7.5 -2.5 3.75 9999999876.0618
300.0 10.0 -2.5 3.75 6757736747.4098
300.0 -5.0 0.0 3.75 9999999906.383701
300.0 -2.5 0.0 3.75 10000000164.008202
300.0 0.0 0.0 3.75 10000000059.1305
300.0 2.5 0.0 3.75 9999999913.707
300.0 5.0 0.0 3.75 5965174750.4507
300.0 7.5 0.0 3.75 9999999947.048601
300.0 10.0 0.0 3.75 10000000032.902802
300.0 -5.0 2.5 3.75 2763898425.1362996
300.0 -2.5 2.5 3.75 26799622.9276
300.0 0.0 2.5 3.75 10000000026.449202
300.0 2.5 2.5 3.75 9999999783.2336
300.0 5.0 2.5 3.75 5958499395.225699
300.0 7.5 2.5 3.75 230624160.30139998
300.0 10.0 2.5 3.75 9999999936.449501
300.0 -5.0 5.0 3.75 162593797.1535
300.0 -2.5 5.0 3.75 9999999978.9265
300.0 0.0 5.0 3.75 1753416726.2294998
300.0 2.5 5.0 3.75 279242863.73279995
300.0 5.0 5.0 3.75 9999999938.6158
300.0 7.5 5.0 3.75 935973.276
300.0 10.0 5.0 3.75 31519670.302699998
300.0 -2.5 -2.5 6.25 10000000023.2103
300.0 0.0 -2.5 6.25 10000000096.1541
300.0 2.5 -2.5 6.25 10000000283.3782
300.0 2.5 -5.0 7.5 9999999918.909601
300.0 -2.5 -2.5 7.5 10000000034.4316
300.0 0.0 -2.5 7.5 10000000026.7968
300.0 0.0 0.0 7.5 10000000195.792501
300.0 0.0 2.5 7.5 741325893.1854
300.0 5.0 -10.0 8.75 9999999889.610102
300.0 2.5 -7.5 8.75 9999999884.849401
300.0 5.0 -7.5 8.75 9999999924.060701
300.0 0.0 -5.0 8.75 10000000121.5624
300.0 2.5 -5.0 8.75 9999999875.9792
300.0 5.0 -5.0 8.75 9999999919.710701
300.0 -5.0 -2.5 8.75 9999999982.7094
300.0 -2.5 -2.5 8.75 10000000061.5083
300.0 0.0 -2.5 8.75 9999999874.606401
300.0 2.5 -2.5 8.75 9999999940.2495
300.0 -5.0 0.0 8.75 10000000034.783201
300.0 0.0 0.0 8.75 408681808.325
300.0 0.0 2.5 8.75 9999999979.9556
300.0 0.0 5.0 8.75 9999999975.6622
300.0 0.0 -10.0 10.0 1359499552.5531
300.0 2.5 -10.0 10.0 301525334.15620005
300.0 5.0 -10.0 10.0 9999999978.814402
300.0 7.5 -10.0 10.0 6473013098.0779
300.0 10.0 -10.0 10.0 1171949596.9416
300.0 2.5 -7.5 10.0 9999999918.7019
300.0 5.0 -7.5 10.0 9999999999.3866
300.0 -5.0 -5.0 10.0 203097092.2983
300.0 0.0 -5.0 10.0 9999999892.0275
300.0 2.5 -5.0 10.0 9999999994.736801
300.0 5.0 -5.0 10.0 10000000068.648602
300.0 -5.0 -2.5 10.0 10000000023.8407
300.0 -2.5 -2.5 10.0 9452991032.9028
300.0 0.0 -2.5 10.0 437651130.61969995
300.0 2.5 -2.5 10.0 10000000177.278101
300.0 -5.0 0.0 10.0 30458356.5057
300.0 -2.5 0.0 10.0 299469730.7004
300.0 0.0 0.0 10.0 10000000148.5652
300.0 2.5 0.0 10.0 9999999827.838701
300.0 0.0 2.5 10.0 1171267937.4577
300.0 0.0 5.0 10.0 1048186760.3804001
300.0 2.5 5.0 10.0 93147271.4568
300.0 0.0 -10.0 11.25 10000000146.9923
300.0 2.5 -10.0 11.25 10000000093.9171
300.0 5.0 -10.0 11.25 9999999976.78
300.0 7.5 -10.0 11.25 9999999934.1231
300.0 10.0 -10.0 11.25 25643850.9266
300.0 -2.5 -7.5 11.25 1368265538.3728
300.0 0.0 -7.5 11.25 108370649.34040001
300.0 2.5 -7.5 11.25 10000000268.5104
300.0 5.0 -7.5 11.25 10000000077.5862
300.0 7.5 -7.5 11.25 44362843.5479
300.0 -5.0 -5.0 11.25 435710197.33460003
300.0 -2.5 -5.0 11.25 9999999799.6537
300.0 0.0 -5.0 11.25 9999999940.821201
300.0 2.5 -5.0 11.25 9999999981.1226
300.0 5.0 -5.0 11.25 10000000003.500101
300.0 -5.0 -2.5 11.25 9999999929.381601
300.0 -2.5 -2.5 11.25 6033184760.7529
300.0 0.0 -2.5 11.25 10000000011.222502
300.0 2.5 -2.5 11.25 779451714.6705999
300.0 -5.0 0.0 11.25 1650946720.2542
300.0 -2.5 0.0 11.25 10000000034.574902
300.0 0.0 0.0 11.25 923079806.4857
300.0 2.5 0.0 11.25 10000000178.575602
300.0 -5.0 2.5 11.25 1684116396.0874999
300.0 -2.5 2.5 11.25 4756456030.0076
300.0 0.0 2.5 11.25 9999999979.0755
300.0 2.5 2.5 11.25 10000000109.4335
300.0 5.0 2.5 11.25 10000000170.707901
300.0 0.0 5.0 11.25 10000000121.823
300.0 2.5 5.0 11.25 4495214921.745
300.0 5.0 5.0 11.25 124362.0194
300.0 7.5 5.0 11.25 370214639.106
300.0 -2.5 -10.0 12.5 56280713.1188
300.0 0.0 -10.0 12.5 1395258339.3471
300.0 2.5 -10.0 12.5 10000000057.5778
300.0 5.0 -10.0 12.5 9999999928.5354
300.0 7.5 -10.0 12.5 16240337.0143
300.0 10.0 -10.0 12.5 2983707238.6513996
300.0 -2.5 -7.5 12.5 1724898904.0353
300.0 0.0 -7.5 12.5 10000000065.976702
300.0 2.5 -7.5 12.5 10000000094.200201
300.0 5.0 -7.5 12.5 9999999930.3703
300.0 7.5 -7.5 12.5 510308092.22290003
300.0 -5.0 -5.0 12.5 858700903.6956
300.0 -2.5 -5.0 12.5 3105554982.605
300.0 0.0 -5.0 12.5 9999999971.9566
300.0 2.5 -5.0 12.5 10000000164.7269
300.0 5.0 -5.0 12.5 10000000045.397501
300.0 -5.0 -2.5 12.5 9999999964.6702
300.0 -2.5 -2.5 12.5 10000000007.042002
300.0 0.0 -2.5 12.5 10000000023.436602
300.0 2.5 -2.5 12.5 9999999865.706902
300.0 5.0 -2.5 12.5 9999999974.818
300.0 -5.0 0.0 12.5 47305.8681
300.0 -2.5 0.0 12.5 9999999913.1756
300.0 0.0 0.0 12.5 9999999983.8405
300.0 2.5 0.0 12.5 9999999946.5421
300.0 5.0 0.0 12.5 9999999995.4165
300.0 7.5 0.0 12.5 10000000135.650702
300.0 -5.0 2.5 12.5 77807250.6083
300.0 -2.5 2.5 12.5 211096086.5831
300.0 0.0 2.5 12.5 149576747.6524
300.0 2.5 2.5 12.5 10000000171.9864
300.0 5.0 2.5 12.5 73124433.0791
300.0 7.5 2.5 12.5 9999999992.6879
300.0 -5.0 5.0 12.5 174947705.1816
300.0 -2.5 5.0 12.5 174523661.35399997
300.0 0.0 5.0 12.5 39570335.4028
300.0 2.5 5.0 12.5 11551474.0444
300.0 5.0 5.0 12.5 12678.9099
300.0 7.5 5.0 12.5 869.1510999999999
300.0 -2.5 -10.0 13.75 4564868809.9579
300.0 0.0 -10.0 13.75 2389492741.8617
300.0 2.5 -10.0 13.75 2229627170.7851
300.0 5.0 -10.0 13.75 5265842.2961
300.0 7.5 -10.0 13.75 1305495.4168999998
300.0 10.0 -10.0 13.75 430260.6524
300.0 -5.0 -7.5 13.75 11758174.6666
300.0 -2.5 -7.5 13.75 296070159.608
300.0 0.0 -7.5 13.75 9999999973.964401
300.0 2.5 -7.5 13.75 10000000064.5583
300.0 5.0 -7.5 13.75 1639594229.2161
300.0 7.5 -7.5 13.75 9999999924.3229
300.0 -5.0 -5.0 13.75 28353729.2959
300.0 -2.5 -5.0 13.75 620873.9622000001
300.0 0.0 -5.0 13.75 9999999959.628101
300.0 2.5 -5.0 13.75 8169040346.2923
300.0 5.0 -5.0 13.75 9999999949.382
300.0 -5.0 -2.5 13.75 16673.4404
300.0 -2.5 -2.5 13.75 13726069.7258
300.0 0.0 -2.5 13.75 2256532788.6142
300.0 2.5 -2.5 13.75 5851241945.2446
300.0 5.0 -2.5 13.75 10000000148.1611
300.0 7.5 -2.5 13.75 389381001.1577
300.0 -5.0 0.0 13.75 118.3673
300.0 -2.5 0.0 13.75 171145.27469999998
300.0 0.0 0.0 13.75 1379982499.192
300.0 2.5 0.0 13.75 898606315.4444
300.0 5.0 0.0 13.75 9999999936.6975
300.0 7.5 0.0 13.75 10000000047.1
300.0 -5.0 2.5 13.75 11410.5797
300.0 -2.5 2.5 13.75 17158211.0151
300.0 0.0 2.5 13.75 81485302.8407
300.0 2.5 2.5 13.75 10000000133.0632
300.0 5.0 2.5 13.75 930909.3724
300.0 7.5 2.5 13.75 30910591.8641
300.0 10.0 2.5 13.75 30681053.1425
300.0 -5.0 5.0 13.75 9999999935.457602
300.0 -2.5 5.0 13.75 1295503041.4921
300.0 0.0 5.0 13.75 9999999964.0625
300.0 2.5 5.0 13.75 4961.7555
300.0 5.0 5.0 13.75 337.4972
300.0 7.5 5.0 13.75 6921.6347
300.0 10.0 5.0 13.75 1270.5725
300.0 -2.5 -10.0 15.0 18416069.0413
300.0 0.0 -10.0 15.0 527972144.7487
300.0 2.5 -10.0 15.0 355581821.204
300.0 5.0 -10.0 15.0 1499687.2482
300.0 7.5 -10.0 15.0 96770.04169999999
300.0 10.0 -10.0 15.0 611.9322
300.0 -5.0 -7.5 15.0 102460516.8302
300.0 -2.5 -7.5 15.0 7202107.901199999
300.0 0.0 -7.5 15.0 3694088.0597
300.0 2.5 -7.5 15.0 9510469.7063
300.0 5.0 -7.5 15.0 326009246.8405
300.0 7.5 -7.5 15.0 9999999982.920502
300.0 10.0 -7.5 15.0 367504547.7995
300.0 -5.0 -5.0 15.0 7345.4584
300.0 -2.5 -5.0 15.0 28690.8082
300.0 0.0 -5.0 15.0 39671061.6716
300.0 2.5 -5.0 15.0 225809359.1515
300.0 5.0 -5.0 15.0 45150713.7246
300.0 7.5 -5.0 15.0 10000000007.0879
300.0 -5.0 -2.5 15.0 388.29089999999997
300.0 -2.5 -2.5 15.0 1648.953
300.0 0.0 -2.5 15.0 4794403.5598
300.0 2.5 -2.5 15.0 9999999995.796202
300.0 5.0 -2.5 15.0 1289218355.2143
300.0 7.5 -2.5 15.0 147413643.41709998
300.0 10.0 -2.5 15.0 41876679.9386
300.0 -5.0 0.0 15.0 -4.741199999999999
300.0 -2.5 0.0 15.0 41457.0905
300.0 0.0 0.0 15.0 10000000027.748201
300.0 2.5 0.0 15.0 3031462.7912999997
300.0 5.0 0.0 15.0 10000000011.3736
300.0 7.5 0.0 15.0 494032554.0826
300.0 10.0 0.0 15.0 7264348.3299
300.0 -5.0 2.5 15.0 50.7321
300.0 -2.5 2.5 15.0 35318.404899999994
300.0 0.0 2.5 15.0 867641450.7514
300.0 2.5 2.5 15.0 274506211.5523
300.0 5.0 2.5 15.0 2403.7517
300.0 7.5 2.5 15.0 34579.180199999995
300.0 10.0 2.5 15.0 19791.5093
300.0 -5.0 5.0 15.0 1481.4697
300.0 -2.5 5.0 15.0 1831944.1324
300.0 0.0 5.0 15.0 2969.6154
300.0 2.5 5.0 15.0 1115.453
300.0 5.0 5.0 15.0 13.2438
300.0 7.5 5.0 15.0 1264.3897
300.0 10.0 5.0 15.0 11558.6347
300.0 -5.0 -10.0 16.25 1124438.5222
300.0 -2.5 -10.0 16.25 4164264541.0816
300.0 0.0 -10.0 16.25 4086890741.8929996
300.0 2.5 -10.0 16.25 233653850.4153
300.0 5.0 -10.0 16.25 185064.9958
300.0 7.5 -10.0 16.25 3465.1992
300.0 10.0 -10.0 16.25 -2.4883000000000006
300.0 -5.0 -7.5 16.25 2869.7314
300.0 -2.5 -7.5 16.25 119746.01209999999
300.0 0.0 -7.5 16.25 47538695.1269
300.0 2.5 -7.5 16.25 128519.0982
300.0 5.0 -7.5 16.25 129604.7501
300.0 7.5 -7.5 16.25 32503951.007
300.0 10.0 -7.5 16.25 96077355.1705
300.0 -5.0 -5.0 16.25 31.5771
300.0 -2.5 -5.0 16.25 54.5503
300.0 0.0 -5.0 16.25 4171956.1958999997
300.0 2.5 -5.0 16.25 114986288.1769
300.0 5.0 -5.0 16.25 4815180647.913099
300.0 7.5 -5.0 16.25 27504.8312
300.0 10.0 -5.0 16.25 3388079512.3395
300.0 -5.0 -2.5 16.25 -1.0431
300.0 -2.5 -2.5 16.25 23.4833
300.0 0.0 -2.5 16.25 1882498.3618
300.0 2.5 -2.5 16.25 10000000019.6331
300.0 5.0 -2.5 16.25 1846722530.9435
300.0 7.5 -2.5 16.25 10000000077.3055
300.0 10.0 -2.5 16.25 2351.6602
300.0 -5.0 0.0 16.25 0.9249999999999998
300.0 -2.5 0.0 16.25 425.9174
300.0 0.0 0.0 16.25 5921318951.5399
300.0 2.5 0.0 16.25 228058723.17279997
300.0 5.0 0.0 16.25 22428591.5355
300.0 7.5 0.0 16.25 5174885646.051701
300.0 10.0 0.0 16.25 46487.123100000004
300.0 -5.0 2.5 16.25 5.7219999999999995
300.0 -2.5 2.5 16.25 24.5396
300.0 0.0 2.5 16.25 437853.18
300.0 2.5 2.5 16.25 187346.2408
300.0 5.0 2.5 16.25 91.57600000000001
300.0 7.5 2.5 16.25 906.7562
300.0 10.0 2.5 16.25 174.45569999999998
300.0 -5.0 5.0 16.25 13.237400000000001
300.0 -2.5 5.0 16.25 96.3784
300.0 0.0 5.0 16.25 27.3921
300.0 2.5 5.0 16.25 83.3029
300.0 5.0 5.0 16.25 -4.4833
300.0 7.5 5.0 16.25 8.9545
300.0 10.0 5.0 16.25 123.3884
