0.0 5.0 -7.5 6.25 13256.121799999999
0.0 -2.5 5.0 6.25 3697070.8312000004
0.0 0.0 2.5 7.5 288515.87549999997
0.0 -2.5 5.0 7.5 195436649.2344
0.0 0.0 5.0 7.5 741.4156
0.0 2.5 -10.0 8.75 9999999997.903801
0.0 5.0 -10.0 8.75 178572108.27679998
0.0 7.5 -10.0 8.75 2653.7108
0.0 0.0 -7.5 8.75 9808815289.3403
0.0 5.0 -7.5 8.75 47389.2197
0.0 0.0 0.0 8.75 352360040.02489996
0.0 0.0 2.5 8.75 59.1891
0.0 -2.5 5.0 8.75 14725.290299999999
0.0 0.0 5.0 8.75 45.7703
0.0 2.5 5.0 8.75 33.729699999999994
0.0 5.0 5.0 8.75 21.303800000000003
0.0 5.0 -10.0 10.0 44195414.808299996
0.0 7.5 -10.0 10.0 4475.4072
0.0 0.0 -7.5 10.0 10000000010.9876
0.0 2.5 -7.5 10.0 10000000028.835901
0.0 5.0 -7.5 10.0 65096.554
0.0 -2.5 -5.0 10.0 1031292286.2344999
0.0 2.5 -5.0 10.0 215538272.3725
0.0 -2.5 -2.5 10.0 9999999940.1011
0.0 0.0 -2.5 10.0 89662667.5288
0.0 -2.5 0.0 10.0 671826324.7588
0.0 0.0 0.0 10.0 8961.2425
0.0 2.5 0.0 10.0 363.2504
0.0 0.0 2.5 10.0 32.7231
0.0 2.5 2.5 10.0 25.4298
0.0 7.5 2.5 10.0 8.7813
0.0 -2.5 5.0 10.0 58.0181
0.0 0.0 5.0 10.0 35.360299999999995
0.0 2.5 5.0 10.0 26.255799999999997
0.0 5.0 5.0 10.0 16.0412
0.0 2.5 -10.0 11.25 51505574.5044
0.0 5.0 -10.0 11.25 68101.913
0.0 7.5 -10.0 11.25 31.168599999999998
0.0 10.0 -10.0 11.25 7.1396999999999995
0.0 0.0 -7.5 11.25 4727926115.2597
0.0 2.5 -7.5 11.25 464937.9335
0.0 5.0 -7.5 11.25 133.43970000000002
0.0 7.5 -7.5 11.25 13.842600000000001
0.0 -2.5 -5.0 11.25 9999999811.484901
0.0 0.0 -5.0 11.25 1594384370.5012
0.0 2.5 -5.0 11.25 437936092.00740004
0.0 5.0 -5.0 11.25 37.9419
0.0 -5.0 -2.5 11.25 2728866042.9323
0.0 -2.5 -2.5 11.25 10000000057.586401
0.0 0.0 -2.5 11.25 18142888.6187
0.0 7.5 -2.5 11.25 11.3137
0.0 -2.5 0.0 11.25 74692.6119
0.0 0.0 0.0 11.25 453497.95650000003
0.0 2.5 0.0 11.25 17.209000000000003
0.0 -2.5 2.5 11.25 558.46
0.0 0.0 2.5 11.25 27.2506
0.0 2.5 2.5 11.25 20.1957
0.0 5.0 2.5 11.25 11.050500000000001
0.0 7.5 2.5 11.25 5.7431
0.0 -5.0 5.0 11.25 490593622.5881
0.0 -2.5 5.0 11.25 22.9143
0.0 0.0 5.0 11.25 27.7762
0.0 2.5 5.0 11.25 19.6771
0.0 5.0 5.0 11.25 11.154800000000002
0.0 7.5 5.0 11.25 4.1766
0.0 0.0 -10.0 12.5 4007996352.004
0.0 2.5 -10.0 12.5 1019013320.9409
0.0 5.0 -10.0 12.5 218217.1508
0.0 7.5 -10.0 12.5 14.0478
0.0 10.0 -10.0 12.5 7.6751000000000005
0.0 -2.5 -7.5 12.5 10000000047.1098
0.0 0.0 -7.5 12.5 34485088.8054
0.0 2.5 -7.5 12.5 40645.6195
0.0 5.0 -7.5 12.5 26.882599999999996
0.0 7.5 -7.5 12.5 13.7098
0.0 10.0 -7.5 12.5 7.7043
0.0 -5.0 -5.0 12.5 1523104075.8453999
0.0 -2.5 -5.0 12.5 9999999821.8465
0.0 0.0 -5.0 12.5 445134887.9432
0.0 2.5 -5.0 12.5 40077.8904
0.0 5.0 -5.0 12.5 22.4343
0.0 7.5 -5.0 12.5 13.368099999999998
0.0 10.0 -5.0 12.5 6.646
0.0 -5.0 -2.5 12.5 13192880.2021
0.0 -2.5 -2.5 12.5 831426.8918000001
0.0 0.0 -2.5 12.5 1580733.5514
0.0 2.5 -2.5 12.5 47.5998
0.0 5.0 -2.5 12.5 11.8047
0.0 7.5 -2.5 12.5 8.571599999999998
0.0 -5.0 0.0 12.5 29477519.0036
0.0 -2.5 0.0 12.5 5621.6972
0.0 0.0 0.0 12.5 64.1844
0.0 2.5 0.0 12.5 12.486799999999999
0.0 5.0 0.0 12.5 7.539199999999999
0.0 -2.5 2.5 12.5 19.2315
0.0 0.0 2.5 12.5 22.4922
0.0 2.5 2.5 12.5 15.209499999999998
0.0 5.0 2.5 12.5 6.9681
0.0 7.5 2.5 12.5 3.3493
0.0 10.0 2.5 12.5 1.4255
0.0 -5.0 5.0 12.5 8605.1611
0.0 -2.5 5.0 12.5 19.522
0.0 0.0 5.0 12.5 21.093799999999998
0.0 2.5 5.0 12.5 14.0064
0.0 5.0 5.0 12.5 7.021
0.0 7.5 5.0 12.5 2.1358
0.0 10.0 5.0 12.5 0.47790000000000005
0.0 0.0 -10.0 13.75 52640618.363699995
0.0 2.5 -10.0 13.75 1232426.3759
0.0 5.0 -10.0 13.75 96.61449999999999
0.0 7.5 -10.0 13.75 14.274999999999999
0.0 10.0 -10.0 13.75 7.413399999999999
0.0 -2.5 -7.5 13.75 10000000509.6615
0.0 0.0 -7.5 13.75 29873.1783
0.0 2.5 -7.5 13.75 3087.4625
0.0 5.0 -7.5 13.75 16.7483
0.0 7.5 -7.5 13.75 11.8776
0.0 10.0 -7.5 13.75 7.1646
0.0 -5.0 -5.0 13.75 16879414.7094
0.0 -2.5 -5.0 13.75 836208518.8056
0.0 0.0 -5.0 13.75 715937.988
0.0 2.5 -5.0 13.75 14.908299999999999
0.0 5.0 -5.0 13.75 14.9743
0.0 7.5 -5.0 13.75 10.417300000000001
0.0 10.0 -5.0 13.75 5.3957
0.0 -5.0 -2.5 13.75 107275.1897
0.0 -2.5 -2.5 13.75 926.9696
0.0 0.0 -2.5 13.75 704.8413999999999
0.0 2.5 -2.5 13.75 10.524199999999999
0.0 5.0 -2.5 13.75 8.266
0.0 7.5 -2.5 13.75 5.9817
0.0 -5.0 0.0 13.75 16497.8305
0.0 -2.5 0.0 13.75 45.256699999999995
0.0 0.0 0.0 13.75 17.575400000000002
0.0 2.5 0.0 13.75 9.8709
0.0 5.0 0.0 13.75 4.6290000000000004
0.0 7.5 0.0 13.75 2.9778
0.0 -5.0 2.5 13.75 36133.5349
0.0 -2.5 2.5 13.75 18.5293
0.0 0.0 2.5 13.75 18.1517
0.0 2.5 2.5 13.75 10.6579
0.0 5.0 2.5 13.75 4.1977
0.0 7.5 2.5 13.75 1.5238
0.0 10.0 2.5 13.75 0.5629
0.0 -5.0 5.0 13.75 39.7216
0.0 -2.5 5.0 13.75 17.618900000000004
0.0 0.0 5.0 13.75 15.8705
0.0 2.5 5.0 13.75 9.242600000000001
0.0 5.0 5.0 13.75 3.8759
0.0 7.5 5.0 13.75 0.6854
0.0 10.0 5.0 13.75 -0.0141
0.0 -5.0 -10.0 15.0 3247489601.4146
0.0 -2.5 -10.0 15.0 10000000002.9741
0.0 0.0 -10.0 15.0 4184824.0256000003
0.0 2.5 -10.0 15.0 2584.404
0.0 5.0 -10.0 15.0 14.9816
0.0 7.5 -10.0 15.0 11.6762
0.0 10.0 -10.0 15.0 6.715400000000001
0.0 -5.0 -7.5 15.0 71017190.9751
0.0 -2.5 -7.5 15.0 221734039.01689997
0.0 0.0 -7.5 15.0 592824.4763
0.0 2.5 -7.5 15.0 10.5653
0.0 5.0 -7.5 15.0 10.502500000000001
0.0 7.5 -7.5 15.0 9.8189
0.0 10.0 -7.5 15.0 6.0164
0.0 -5.0 -5.0 15.0 1684406.0455
0.0 -2.5 -5.0 15.0 5882534.9967
0.0 0.0 -5.0 15.0 114.9488
0.0 2.5 -5.0 15.0 7.981199999999999
0.0 5.0 -5.0 15.0 9.5717
0.0 7.5 -5.0 15.0 7.7684
0.0 10.0 -5.0 15.0 4.6374
0.0 -5.0 -2.5 15.0 5009.8081
0.0 -2.5 -2.5 15.0 32.4867
0.0 0.0 -2.5 15.0 16.461299999999998
0.0 2.5 -2.5 15.0 7.882300000000001
0.0 5.0 -2.5 15.0 5.553
0.0 7.5 -2.5 15.0 4.1121
0.0 10.0 -2.5 15.0 2.5266
0.0 -5.0 0.0 15.0 117.2897
0.0 -2.5 0.0 15.0 25.6627
0.0 0.0 0.0 15.0 15.203800000000001
0.0 2.5 0.0 15.0 6.9556000000000004
0.0 5.0 0.0 15.0 2.252
0.0 7.5 0.0 15.0 1.9466
0.0 10.0 0.0 15.0 1.0505
0.0 -5.0 2.5 15.0 37.197900000000004
0.0 -2.5 2.5 15.0 19.134
0.0 0.0 2.5 15.0 14.3626
0.0 2.5 2.5 15.0 7.3914
0.0 5.0 2.5 15.0 1.8988
0.0 7.5 2.5 15.0 0.49760000000000004
0.0 10.0 2.5 15.0 0.1329
0.0 -5.0 5.0 15.0 17.383300000000002
0.0 -2.5 5.0 15.0 15.611299999999998
0.0 0.0 5.0 15.0 12.2266
0.0 2.5 5.0 15.0 6.0739
0.0 5.0 5.0 15.0 1.5645
0.0 7.5 5.0 15.0 -0.0173
0.0 10.0 5.0 15.0 -0.0252
0.0 -5.0 -10.0 16.25 30786857.549900003
0.0 -2.5 -10.0 16.25 170450109.4725
0.0 0.0 -10.0 16.25 412867.7396
0.0 2.5 -10.0 16.25 2.8038
0.0 5.0 -10.0 16.25 8.2561
0.0 7.5 -10.0 16.25 9.116200000000001
0.0 10.0 -10.0 16.25 5.2675
0.0 -5.0 -7.5 16.25 1194729.4467
0.0 -2.5 -7.5 16.25 15949423.241
0.0 0.0 -7.5 16.25 94.5678
0.0 2.5 -7.5 16.25 2.2623000000000006
0.0 5.0 -7.5 16.25 7.613299999999999
0.0 7.5 -7.5 16.25 7.5141
0.0 10.0 -7.5 16.25 4.5377
0.0 -5.0 -5.0 16.25 2336.6642
0.0 -2.5 -5.0 16.25 105.6268
0.0 0.0 -5.0 16.25 4.6561
0.0 2.5 -5.0 16.25 6.200999999999999
0.0 5.0 -5.0 16.25 6.3971
0.0 7.5 -5.0 16.25 5.688
0.0 10.0 -5.0 16.25 3.7175000000000002
0.0 -5.0 -2.5 16.25 103.3994
0.0 -2.5 -2.5 16.25 22.325000000000003
0.0 0.0 -2.5 16.25 11.2397
0.0 2.5 -2.5 16.25 5.4001
0.0 5.0 -2.5 16.25 3.485
0.0 7.5 -2.5 16.25 2.6867
0.0 10.0 -2.5 16.25 1.8308
0.0 -5.0 0.0 16.25 43.0586
0.0 -2.5 0.0 16.25 22.4549
0.0 0.0 0.0 16.25 11.264000000000001
0.0 2.5 0.0 16.25 4.4027
0.0 5.0 0.0 16.25 1.2406
0.0 7.5 0.0 16.25 1.0183000000000002
0.0 10.0 0.0 16.25 0.7029000000000001
0.0 -5.0 2.5 16.25 17.9508
0.0 -2.5 2.5 16.25 16.9096
0.0 0.0 2.5 16.25 10.8511
0.0 2.5 2.5 16.25 4.5453
0.0 5.0 2.5 16.25 0.6692
0.0 7.5 2.5 16.25 0.1124
0.0 10.0 2.5 16.25 0.07569999999999999
0.0 -5.0 5.0 16.25 11.5573
0.0 -2.5 5.0 16.25 12.3726
0.0 0.0 5.0 16.25 8.951
0.0 2.5 5.0 16.25 3.8568
0.0 5.0 5.0 16.25 0.5759000000000001
0.0 7.5 5.0 16.25 -0.1238
0.0 10.0 5.0 16.25 0.0013
60.0 -5.0 -10.0 3.75 9999999987.791601
60.0 -2.5 -10.0 3.75 1913556835.8044
60.0 0.0 -10.0 3.75 9999999932.908901
60.0 2.5 -10.0 3.75 9999999996.8596
60.0 5.0 -10.0 3.75 122244076.1629
60.0 7.5 -10.0 3.75 6642829.4569999995
60.0 10.0 -10.0 3.75 11319.301399999998
60.0 -5.0 -7.5 3.75 634333301.446
60.0 -2.5 -7.5 3.75 10000000013.283602
60.0 0.0 -7.5 3.75 1389003439.3295999
60.0 2.5 -7.5 3.75 5485975.0786999995
60.0 5.0 -7.5 3.75 1704362.2511999998
60.0 7.5 -7.5 3.75 2737.1103
60.0 10.0 -7.5 3.75 -3.4556999999999998
60.0 -5.0 -5.0 3.75 9999999964.110102
60.0 -2.5 -5.0 3.75 9999999936.4624
60.0 0.0 -5.0 3.75 9999999883.956202
60.0 2.5 -5.0 3.75 629.0535
60.0 5.0 -5.0 3.75 59.091
60.0 7.5 -5.0 3.75 1.3853
60.0 10.0 -5.0 3.75 1.3086999999999998
60.0 -5.0 -2.5 3.75 10000000007.4312
60.0 -2.5 -2.5 3.75 418170064.04990005
60.0 0.0 -2.5 3.75 1288891273.1428
60.0 2.5 -2.5 3.75 133163518.6513
60.0 5.0 -2.5 3.75 21.0682
60.0 7.5 -2.5 3.75 8.5905
60.0 10.0 -2.5 3.75 4.0057
60.0 -5.0 0.0 3.75 882016746.8865
60.0 -2.5 0.0 3.75 18701685.145800002
60.0 0.0 0.0 3.75 155153.8369
60.0 2.5 0.0 3.75 2176.7058
60.0 5.0 0.0 3.75 22.5811
60.0 7.5 0.0 3.75 13.4779
60.0 10.0 0.0 3.75 4.2062
60.0 -5.0 2.5 3.75 9999999865.5853
60.0 -2.5 2.5 3.75 1674437421.4173
60.0 0.0 2.5 3.75 1605123.5692
60.0 2.5 2.5 3.75 48.151199999999996
60.0 5.0 2.5 3.75 34.6842
60.0 7.5 2.5 3.75 14.4227
60.0 10.0 2.5 3.75 3.7518
60.0 -5.0 5.0 3.75 712832866.4621
60.0 -2.5 5.0 3.75 9999999988.0645
60.0 0.0 5.0 3.75 582162122.5370001
60.0 2.5 5.0 3.75 9999999965.600101
60.0 5.0 5.0 3.75 24.023
60.0 7.5 5.0 3.75 9.8993
60.0 10.0 5.0 3.75 2.8977
60.0 2.5 -2.5 5.0 1166643.5281
60.0 0.0 0.0 5.0 518154.82519999996
60.0 0.0 2.5 5.0 23953.3139
60.0 2.5 -2.5 6.25 16884710.0089
60.0 0.0 0.0 6.25 117702578.1801
60.0 0.0 2.5 6.25 4203.0956
60.0 0.0 5.0 6.25 3598.7101
60.0 2.5 -5.0 7.5 475111287.55770004
60.0 2.5 -2.5 7.5 2830909.1980999997
60.0 5.0 -2.5 7.5 1104.1902
60.0 -2.5 0.0 7.5 323757832.3283
60.0 0.0 0.0 7.5 814269751.2209
60.0 2.5 0.0 7.5 190040.071
60.0 0.0 2.5 7.5 217721.0931
60.0 0.0 5.0 7.5 893.9448
60.0 2.5 -7.5 8.75 9999999967.3159
60.0 2.5 -5.0 8.75 10000000086.1956
60.0 5.0 -5.0 8.75 5361851509.759199
60.0 0.0 -2.5 8.75 100835748.964
60.0 2.5 -2.5 8.75 87287.7553
60.0 -2.5 0.0 8.75 189609929.7679
60.0 0.0 0.0 8.75 121245248.7462
60.0 2.5 0.0 8.75 2080.2194
60.0 -2.5 2.5 8.75 27534995.397499997
60.0 0.0 2.5 8.75 900.3262000000001
60.0 0.0 5.0 8.75 342.8335
60.0 5.0 -10.0 10.0 9392196.3502
60.0 2.5 -7.5 10.0 339239701.7767
60.0 5.0 -7.5 10.0 6970271155.1336
60.0 7.5 -7.5 10.0 6734.564200000001
60.0 0.0 -5.0 10.0 3088100530.7554
60.0 2.5 -5.0 10.0 1149061733.8052
60.0 5.0 -5.0 10.0 93665.0249
60.0 -2.5 -2.5 10.0 10000000056.1551
60.0 0.0 -2.5 10.0 2189587.816
60.0 2.5 -2.5 10.0 65990.38780000001
60.0 5.0 -2.5 10.0 23.752299999999998
60.0 7.5 -2.5 10.0 8.2125
60.0 -2.5 0.0 10.0 10000000082.5277
60.0 0.0 0.0 10.0 12023.310899999999
60.0 2.5 0.0 10.0 24.901500000000002
60.0 -2.5 2.5 10.0 146691.94770000002
60.0 0.0 2.5 10.0 33.1636
60.0 2.5 2.5 10.0 18.1648
60.0 -2.5 5.0 10.0 4191653236.3094
60.0 0.0 5.0 10.0 19.0343
60.0 2.5 5.0 10.0 15.9881
60.0 2.5 -10.0 11.25 5675391227.1031
60.0 5.0 -10.0 11.25 8543.6307
60.0 10.0 -10.0 11.25 3.7541
60.0 0.0 -7.5 11.25 10000000356.2735
60.0 2.5 -7.5 11.25 3594900507.2988
60.0 5.0 -7.5 11.25 89517.6838
60.0 7.5 -7.5 11.25 23.8482
60.0 0.0 -5.0 11.25 1120231353.1822
60.0 2.5 -5.0 11.25 139124892.2218
60.0 5.0 -5.0 11.25 22821.6827
60.0 -2.5 -2.5 11.25 492824789.91830003
60.0 0.0 -2.5 11.25 504568.793
60.0 2.5 -2.5 11.25 3067.7558999999997
60.0 5.0 -2.5 11.25 11.8875
60.0 7.5 -2.5 11.25 7.1827000000000005
60.0 -5.0 0.0 11.25 1438842970.9921
60.0 -2.5 0.0 11.25 595157.955
60.0 0.0 0.0 11.25 61.7171
60.0 2.5 0.0 11.25 16.3854
60.0 5.0 0.0 11.25 11.6669
60.0 -5.0 2.5 11.25 342101606.2771
60.0 -2.5 2.5 11.25 1795.8746
60.0 0.0 2.5 11.25 19.8587
60.0 2.5 2.5 11.25 15.387500000000001
60.0 5.0 2.5 11.25 10.6068
60.0 -2.5 5.0 11.25 139412.3909
60.0 0.0 5.0 11.25 13.8546
60.0 2.5 5.0 11.25 12.5551
60.0 5.0 5.0 11.25 8.179699999999999
60.0 7.5 5.0 11.25 4.1136
60.0 -2.5 -10.0 12.5 7505745566.3758
60.0 0.0 -10.0 12.5 10000000120.5986
60.0 2.5 -10.0 12.5 428334422.2005
60.0 5.0 -10.0 12.5 3941.5955
60.0 7.5 -10.0 12.5 1.6149000000000004
60.0 10.0 -10.0 12.5 3.0427
60.0 0.0 -7.5 12.5 8750488499.4556
60.0 2.5 -7.5 12.5 1362849317.2779
60.0 5.0 -7.5 12.5 52052.4407
60.0 7.5 -7.5 12.5 6.9354
60.0 10.0 -7.5 12.5 3.873
60.0 -2.5 -5.0 12.5 10000000135.6518
60.0 0.0 -5.0 12.5 20851840.9265
60.0 2.5 -5.0 12.5 16342742.2862
60.0 5.0 -5.0 12.5 99.6752
60.0 7.5 -5.0 12.5 6.9832
60.0 -5.0 -2.5 12.5 5513062342.8198
60.0 -2.5 -2.5 12.5 128273541.2633
60.0 0.0 -2.5 12.5 13990.015099999999
60.0 2.5 -2.5 12.5 22.270200000000003
60.0 5.0 -2.5 12.5 9.8247
60.0 7.5 -2.5 12.5 5.6271
60.0 -5.0 0.0 12.5 2547184.5164
60.0 -2.5 0.0 12.5 278.1962
60.0 0.0 0.0 12.5 23.7505
60.0 2.5 0.0 12.5 16.0246
60.0 5.0 0.0 12.5 9.083
60.0 -5.0 2.5 12.5 9999999806.4838
60.0 -2.5 2.5 12.5 247.7099
60.0 0.0 2.5 12.5 20.6084
60.0 2.5 2.5 12.5 13.2271
60.0 5.0 2.5 12.5 7.8144
60.0 7.5 2.5 12.5 3.2853
60.0 -5.0 5.0 12.5 825358.1056
60.0 -2.5 5.0 12.5 151.9913
60.0 0.0 5.0 12.5 14.883400000000002
60.0 2.5 5.0 12.5 9.9068
60.0 5.0 5.0 12.5 5.6509
60.0 7.5 5.0 12.5 2.1925
60.0 10.0 5.0 12.5 0.4984
60.0 -2.5 -10.0 13.75 193244448.91579998
60.0 0.0 -10.0 13.75 4003687381.5632
60.0 2.5 -10.0 13.75 1710863482.6276002
60.0 5.0 -10.0 13.75 108414.78869999999
60.0 7.5 -10.0 13.75 5.0312
60.0 10.0 -10.0 13.75 3.0417
60.0 0.0 -7.5 13.75 202979434.1296
60.0 2.5 -7.5 13.75 215467.1153
60.0 5.0 -7.5 13.75 182.2138
60.0 7.5 -7.5 13.75 7.8985
60.0 10.0 -7.5 13.75 3.9651
60.0 -2.5 -5.0 13.75 842363.7848
60.0 0.0 -5.0 13.75 39831.549100000004
60.0 2.5 -5.0 13.75 321.88169999999997
60.0 5.0 -5.0 13.75 7.7944
60.0 7.5 -5.0 13.75 6.3904
60.0 10.0 -5.0 13.75 3.2735000000000003
60.0 -5.0 -2.5 13.75 67329752.9992
60.0 -2.5 -2.5 13.75 130590.091
60.0 0.0 -2.5 13.75 73.2171
60.0 2.5 -2.5 13.75 10.5342
60.0 5.0 -2.5 13.75 7.3558
60.0 7.5 -2.5 13.75 4.5801
60.0 -5.0 0.0 13.75 304248.4298
60.0 -2.5 0.0 13.75 86.2367
60.0 0.0 0.0 13.75 24.828400000000002
60.0 2.5 0.0 13.75 13.798300000000001
60.0 5.0 0.0 13.75 5.661
60.0 -5.0 2.5 13.75 4109608.5335999997
60.0 -2.5 2.5 13.75 33.0225
60.0 0.0 2.5 13.75 18.932499999999997
60.0 2.5 2.5 13.75 10.6549
60.0 5.0 2.5 13.75 4.7332
60.0 7.5 2.5 13.75 1.4462000000000002
60.0 -5.0 5.0 13.75 976.9999
60.0 -2.5 5.0 13.75 20.7746
60.0 0.0 5.0 13.75 13.445500000000001
60.0 2.5 5.0 13.75 7.8766
60.0 5.0 5.0 13.75 3.2733000000000003
60.0 7.5 5.0 13.75 0.666
60.0 10.0 5.0 13.75 0.0738
60.0 -5.0 -10.0 15.0 10000000077.2661
60.0 -2.5 -10.0 15.0 157507075.3858
60.0 0.0 -10.0 15.0 25142.8052
60.0 2.5 -10.0 15.0 101406.2793
60.0 5.0 -10.0 15.0 407.9656
60.0 7.5 -10.0 15.0 5.508900000000001
60.0 10.0 -10.0 15.0 2.7701
60.0 -5.0 -7.5 15.0 9999999942.005701
60.0 -2.5 -7.5 15.0 10000000036.781301
60.0 0.0 -7.5 15.0 45622872.4733
60.0 2.5 -7.5 15.0 304.264
60.0 5.0 -7.5 15.0 13.3113
60.0 7.5 -7.5 15.0 7.563899999999999
60.0 10.0 -7.5 15.0 3.6116
60.0 -5.0 -5.0 15.0 54171054.232099995
60.0 -2.5 -5.0 15.0 2227835.593
60.0 0.0 -5.0 15.0 452.93530000000004
60.0 2.5 -5.0 15.0 11.0264
60.0 5.0 -5.0 15.0 6.8448
60.0 7.5 -5.0 15.0 5.4649
60.0 10.0 -5.0 15.0 2.8314
60.0 -5.0 -2.5 15.0 108584461.8838
60.0 -2.5 -2.5 15.0 231.8636
60.0 0.0 -2.5 15.0 15.1386
60.0 2.5 -2.5 15.0 8.1766
60.0 5.0 -2.5 15.0 5.1785
60.0 7.5 -2.5 15.0 3.442
60.0 10.0 -2.5 15.0 1.7392
60.0 -5.0 0.0 15.0 104461.5352
60.0 -2.5 0.0 15.0 33.7534
60.0 0.0 0.0 15.0 20.9861
60.0 2.5 0.0 15.0 9.9308
60.0 5.0 0.0 15.0 3.7253000000000003
60.0 7.5 0.0 15.0 1.9735000000000003
60.0 -5.0 2.5 15.0 222.7097
60.0 -2.5 2.5 15.0 22.4009
60.0 0.0 2.5 15.0 15.853399999999999
60.0 2.5 2.5 15.0 7.7498000000000005
60.0 5.0 2.5 15.0 2.5021000000000004
60.0 7.5 2.5 15.0 0.5613
60.0 10.0 2.5 15.0 0.0858
60.0 -5.0 5.0 15.0 22.428
60.0 -2.5 5.0 15.0 16.3099
60.0 0.0 5.0 15.0 10.7227
60.0 2.5 5.0 15.0 5.5824
60.0 5.0 5.0 15.0 1.4354
60.0 7.5 5.0 15.0 -0.034699999999999995
60.0 10.0 5.0 15.0 -0.0014
60.0 -5.0 -10.0 16.25 10000000067.546202
60.0 -2.5 -10.0 16.25 10000000018.3985
60.0 0.0 -10.0 16.25 5507269754.7149
60.0 2.5 -10.0 16.25 6.7862
60.0 5.0 -10.0 16.25 6.5908999999999995
60.0 7.5 -10.0 16.25 5.305000000000001
60.0 10.0 -10.0 16.25 2.5965
60.0 -5.0 -7.5 16.25 9999999988.955502
60.0 -2.5 -7.5 16.25 21532113.2275
60.0 0.0 -7.5 16.25 13855.8249
60.0 2.5 -7.5 16.25 3.2548999999999992
60.0 5.0 -7.5 16.25 8.5625
60.0 7.5 -7.5 16.25 6.7023
60.0 10.0 -7.5 16.25 2.9604
60.0 -5.0 -5.0 16.25 651732.8952
60.0 -2.5 -5.0 16.25 732.1863
60.0 0.0 -5.0 16.25 38.308099999999996
60.0 2.5 -5.0 16.25 2.6575
60.0 5.0 -5.0 16.25 5.4491000000000005
60.0 7.5 -5.0 16.25 4.4311
60.0 10.0 -5.0 16.25 2.0474
60.0 -5.0 -2.5 16.25 237.2317
60.0 -2.5 -2.5 16.25 14.9017
60.0 0.0 -2.5 16.25 11.0177
60.0 2.5 -2.5 16.25 6.5499
60.0 5.0 -2.5 16.25 3.6259999999999994
60.0 7.5 -2.5 16.25 2.4491
60.0 10.0 -2.5 16.25 1.4883
60.0 -5.0 0.0 16.25 68.34479999999999
60.0 -2.5 0.0 16.25 25.79
60.0 0.0 0.0 16.25 16.046300000000002
60.0 2.5 0.0 16.25 7.0324
60.0 5.0 0.0 16.25 2.7506999999999997
60.0 7.5 0.0 16.25 1.4465000000000001
60.0 10.0 0.0 16.25 0.5487
60.0 -5.0 2.5 16.25 51.6338
60.0 -2.5 2.5 16.25 19.878500000000003
60.0 0.0 2.5 16.25 12.0304
60.0 2.5 2.5 16.25 5.2701
60.0 5.0 2.5 16.25 1.0606
60.0 7.5 2.5 16.25 0.2357
60.0 10.0 2.5 16.25 0.0193
60.0 -5.0 5.0 16.25 13.804299999999998
60.0 -2.5 5.0 16.25 12.5211
60.0 0.0 5.0 16.25 8.009500000000001
60.0 2.5 5.0 16.25 3.645
60.0 5.0 5.0 16.25 0.49579999999999996
60.0 7.5 5.0 16.25 -0.2071
60.0 10.0 5.0 16.25 0.0
120.0 -5.0 -10.0 3.75 9999999890.3103
120.0 -2.5 -10.0 3.75 9999999950.083801
120.0 0.0 -10.0 3.75 10000000014.543001
120.0 2.5 -10.0 3.75 965472580.7769
120.0 5.0 -10.0 3.75 2074407.9798
120.0 7.5 -10.0 3.75 676.0413000000001
120.0 10.0 -10.0 3.75 -24.6382
120.0 -5.0 -7.5 3.75 10000000254.8094
120.0 -2.5 -7.5 3.75 9999999722.199902
120.0 0.0 -7.5 3.75 187985882.88410002
120.0 2.5 -7.5 3.75 2403625236.0815997
120.0 5.0 -7.5 3.75 31760.7239
120.0 7.5 -7.5 3.75 -31.4201
120.0 10.0 -7.5 3.75 -23.7152
120.0 -5.0 -5.0 3.75 9999999749.0583
120.0 -2.5 -5.0 3.75 9999999916.326
120.0 0.0 -5.0 3.75 10000000000.012402
120.0 2.5 -5.0 3.75 22882871.747100003
120.0 5.0 -5.0 3.75 55.81660000000001
120.0 7.5 -5.0 3.75 -28.641
120.0 10.0 -5.0 3.75 -23.105600000000003
120.0 -5.0 -2.5 3.75 9999999487.693201
120.0 -2.5 -2.5 3.75 3559703179.1373
120.0 0.0 -2.5 3.75 5638486878.915
120.0 2.5 -2.5 3.75 257.665
120.0 5.0 -2.5 3.75 -20.4451
120.0 7.5 -2.5 3.75 -22.638299999999997
120.0 10.0 -2.5 3.75 -18.7636
120.0 -5.0 0.0 3.75 1011565195.6239
120.0 -2.5 0.0 3.75 9999999964.778502
120.0 0.0 0.0 3.75 6890.4917
120.0 2.5 0.0 3.75 3265.1013000000003
120.0 5.0 0.0 3.75 -9.5539
120.0 7.5 0.0 3.75 -13.1471
120.0 10.0 0.0 3.75 -11.6322
120.0 -5.0 2.5 3.75 9999999962.2926
120.0 -2.5 2.5 3.75 7533053912.5863
120.0 0.0 2.5 3.75 23964.8642
120.0 2.5 2.5 3.75 4518.0049
120.0 5.0 2.5 3.75 0.7580999999999998
120.0 7.5 2.5 3.75 -3.9655
120.0 10.0 2.5 3.75 -4.9434
120.0 -5.0 5.0 3.75 120701179.3076
120.0 -2.5 5.0 3.75 9660255.3445
120.0 0.0 5.0 3.75 20543127.5977
120.0 2.5 5.0 3.75 18254.214099999997
120.0 5.0 5.0 3.75 5.875500000000001
120.0 7.5 5.0 3.75 1.3294000000000001
120.0 10.0 5.0 3.75 -0.8804000000000001
120.0 -2.5 5.0 5.0 1180066173.1298
120.0 -2.5 2.5 6.25 154133.223
120.0 -2.5 5.0 6.25 1642.8178
120.0 2.5 -7.5 7.5 217424239.2175
120.0 0.0 -5.0 7.5 2860786356.3912
120.0 -2.5 0.0 7.5 21415269.2024
120.0 -2.5 2.5 7.5 62467.9267
120.0 0.0 2.5 7.5 31.4134
120.0 -2.5 5.0 7.5 58.1874
120.0 0.0 5.0 7.5 25.7181
120.0 2.5 -7.5 8.75 10000000220.2278
120.0 5.0 -7.5 8.75 1454702.8716
120.0 0.0 -5.0 8.75 10000000018.999802
120.0 0.0 0.0 8.75 219.2056
120.0 -2.5 2.5 8.75 134.27429999999998
120.0 0.0 2.5 8.75 23.523
120.0 -5.0 5.0 8.75 182996077.1828
120.0 -2.5 5.0 8.75 18.5992
120.0 0.0 5.0 8.75 21.0273
120.0 2.5 5.0 8.75 17.052599999999998
120.0 2.5 -10.0 10.0 10000000017.377201
120.0 2.5 -7.5 10.0 55924438.2865
120.0 5.0 -7.5 10.0 198.2312
120.0 7.5 -7.5 10.0 -8.512
120.0 -2.5 -5.0 10.0 9999999951.2898
120.0 0.0 -5.0 10.0 4172765.7798
120.0 2.5 -5.0 10.0 312556389.238
120.0 0.0 -2.5 10.0 3090.0274
120.0 0.0 0.0 10.0 13.2159
120.0 2.5 0.0 10.0 2.4914000000000005
120.0 -5.0 2.5 10.0 155961.11450000003
120.0 -2.5 2.5 10.0 29.6662
120.0 0.0 2.5 10.0 21.5719
120.0 2.5 2.5 10.0 13.5489
120.0 -5.0 5.0 10.0 1778149.4712
120.0 -2.5 5.0 10.0 20.0944
120.0 0.0 5.0 10.0 18.595599999999997
120.0 2.5 5.0 10.0 13.8651
120.0 5.0 5.0 10.0 7.314500000000001
120.0 2.5 -10.0 11.25 138434216.4812
120.0 5.0 -10.0 11.25 190.90630000000002
120.0 10.0 -10.0 11.25 -1.9334
120.0 -2.5 -7.5 11.25 10000000052.6709
120.0 0.0 -7.5 11.25 1656844742.9404001
120.0 2.5 -7.5 11.25 7361.771
120.0 5.0 -7.5 11.25 -15.0562
120.0 7.5 -7.5 11.25 -4.5882000000000005
120.0 -2.5 -5.0 11.25 10000000659.580801
120.0 0.0 -5.0 11.25 3614074.8778000004
120.0 2.5 -5.0 11.25 101.00229999999999
120.0 5.0 -5.0 11.25 -11.383700000000001
120.0 7.5 -5.0 11.25 -4.7047
120.0 0.0 -2.5 11.25 173.2757
120.0 2.5 -2.5 11.25 -10.0759
120.0 -5.0 0.0 11.25 286693519.26320004
120.0 -2.5 0.0 11.25 223648.0704
120.0 0.0 0.0 11.25 11.1949
120.0 2.5 0.0 11.25 3.0633
120.0 -5.0 2.5 11.25 105186.3245
120.0 -2.5 2.5 11.25 31.406899999999997
120.0 0.0 2.5 11.25 20.6112
120.0 2.5 2.5 11.25 10.8507
120.0 -5.0 5.0 11.25 98.9834
120.0 -2.5 5.0 11.25 20.1832
120.0 0.0 5.0 11.25 16.523
120.0 2.5 5.0 11.25 11.1097
120.0 5.0 5.0 11.25 4.9199
120.0 7.5 5.0 11.25 1.2876999999999998
120.0 -5.0 -10.0 12.5 9999999981.4801
120.0 -2.5 -10.0 12.5 9999999929.8026
120.0 0.0 -10.0 12.5 9999999961.5244
120.0 2.5 -10.0 12.5 5583.4406
120.0 5.0 -10.0 12.5 0.4897
120.0 7.5 -10.0 12.5 -1.0482
120.0 10.0 -10.0 12.5 -1.1037
120.0 -2.5 -7.5 12.5 9999999964.994501
120.0 0.0 -7.5 12.5 734389447.3072001
120.0 2.5 -7.5 12.5 864.3062
120.0 5.0 -7.5 12.5 -4.8399
120.0 7.5 -7.5 12.5 -1.8161
120.0 10.0 -7.5 12.5 0.241
120.0 -2.5 -5.0 12.5 29039512.6218
120.0 0.0 -5.0 12.5 348849987.0212
120.0 2.5 -5.0 12.5 94.1653
120.0 5.0 -5.0 12.5 -5.1917
120.0 -5.0 -2.5 12.5 10000000054.070002
120.0 -2.5 -2.5 12.5 34293576.592
120.0 0.0 -2.5 12.5 -5.7663
120.0 2.5 -2.5 12.5 -6.7127
120.0 5.0 -2.5 12.5 -3.2502
120.0 -5.0 0.0 12.5 689528778.9066
120.0 -2.5 0.0 12.5 236.9027
120.0 0.0 0.0 12.5 10.9754
120.0 2.5 0.0 12.5 2.9722999999999997
120.0 5.0 0.0 12.5 0.8231000000000002
120.0 -5.0 2.5 12.5 106.56190000000001
120.0 -2.5 2.5 12.5 31.2288
120.0 0.0 2.5 12.5 17.8154
120.0 2.5 2.5 12.5 7.9990000000000006
120.0 5.0 2.5 12.5 3.4539
120.0 -5.0 5.0 12.5 19.4266
120.0 -2.5 5.0 12.5 19.8927
120.0 0.0 5.0 12.5 13.4872
120.0 2.5 5.0 12.5 8.2479
120.0 5.0 5.0 12.5 2.9986
120.0 7.5 5.0 12.5 0.5646
120.0 -5.0 -10.0 13.75 3773024067.0694
120.0 -2.5 -10.0 13.75 9999999995.0081
120.0 0.0 -10.0 13.75 12235540.748399999
120.0 2.5 -10.0 13.75 10244.8717
120.0 5.0 -10.0 13.75 -1.5893000000000002
120.0 7.5 -10.0 13.75 0.38160000000000005
120.0 10.0 -10.0 13.75 -0.6275000000000001
120.0 -2.5 -7.5 13.75 1229338023.1121001
120.0 0.0 -7.5 13.75 61129411.3235
120.0 2.5 -7.5 13.75 21140.8424
120.0 5.0 -7.5 13.75 0.3961999999999999
120.0 7.5 -7.5 13.75 0.6664
120.0 10.0 -7.5 13.75 0.9487
120.0 -2.5 -5.0 13.75 10000000042.435501
120.0 0.0 -5.0 13.75 1549.2528
120.0 2.5 -5.0 13.75 4.1262
120.0 5.0 -5.0 13.75 -1.424
120.0 7.5 -5.0 13.75 -0.031700000000000006
120.0 10.0 -5.0 13.75 1.3662999999999998
120.0 -5.0 -2.5 13.75 19132.660200000002
120.0 -2.5 -2.5 13.75 51980.924
120.0 0.0 -2.5 13.75 -1.3660999999999999
120.0 2.5 -2.5 13.75 -2.9229000000000003
120.0 5.0 -2.5 13.75 -0.7231
120.0 -5.0 0.0 13.75 43629.4653
120.0 -2.5 0.0 13.75 25.3295
120.0 0.0 0.0 13.75 10.7201
120.0 2.5 0.0 13.75 2.5268
120.0 5.0 0.0 13.75 0.9826999999999999
120.0 -5.0 2.5 13.75 51.4465
120.0 -2.5 2.5 13.75 27.8091
120.0 0.0 2.5 13.75 14.374600000000001
120.0 2.5 2.5 13.75 5.5495
120.0 5.0 2.5 13.75 2.2387
120.0 -5.0 5.0 13.75 21.2781
120.0 -2.5 5.0 13.75 17.8554
120.0 0.0 5.0 13.75 10.684800000000001
120.0 2.5 5.0 13.75 5.1392999999999995
120.0 5.0 5.0 13.75 1.3348
120.0 7.5 5.0 13.75 -0.0027
120.0 -5.0 -10.0 15.0 9999999941.4225
120.0 -2.5 -10.0 15.0 12128797.2032
120.0 0.0 -10.0 15.0 5410728.7149
120.0 2.5 -10.0 15.0 5.582600000000001
120.0 5.0 -10.0 15.0 -0.3360000000000001
120.0 7.5 -10.0 15.0 1.9148
120.0 10.0 -10.0 15.0 -0.01580000000000001
120.0 -5.0 -7.5 15.0 9999999949.226301
120.0 -2.5 -7.5 15.0 245698.5142
120.0 0.0 -7.5 15.0 1246.5823
120.0 2.5 -7.5 15.0 67.2736
120.0 5.0 -7.5 15.0 1.6709000000000003
120.0 7.5 -7.5 15.0 2.3531999999999997
120.0 10.0 -7.5 15.0 1.2208
120.0 -5.0 -5.0 15.0 10000000136.064402
120.0 -2.5 -5.0 15.0 192842.7543
120.0 0.0 -5.0 15.0 -10.991900000000001
120.0 2.5 -5.0 15.0 -1.3454
120.0 5.0 -5.0 15.0 1.0282
120.0 7.5 -5.0 15.0 1.3620999999999999
120.0 10.0 -5.0 15.0 1.6395
120.0 -5.0 -2.5 15.0 38.9656
120.0 -2.5 -2.5 15.0 16.1506
120.0 0.0 -2.5 15.0 -2.7889
120.0 2.5 -2.5 15.0 -0.2844
120.0 5.0 -2.5 15.0 -0.15980000000000003
120.0 7.5 -2.5 15.0 0.5711999999999999
120.0 10.0 -2.5 15.0 0.9361999999999999
120.0 -5.0 0.0 15.0 70.1933
120.0 -2.5 0.0 15.0 20.0501
120.0 0.0 0.0 15.0 8.9178
120.0 2.5 0.0 15.0 1.7937999999999998
120.0 5.0 0.0 15.0 0.46020000000000005
120.0 10.0 0.0 15.0 0.2824
120.0 -5.0 2.5 15.0 34.806599999999996
120.0 -2.5 2.5 15.0 22.677999999999997
120.0 0.0 2.5 15.0 11.5187
120.0 2.5 2.5 15.0 3.9829999999999997
120.0 5.0 2.5 15.0 1.2467
120.0 7.5 2.5 15.0 -0.0314
120.0 -5.0 5.0 15.0 21.5409
120.0 -2.5 5.0 15.0 14.7292
120.0 0.0 5.0 15.0 8.3027
120.0 2.5 5.0 15.0 2.8878000000000004
120.0 5.0 5.0 15.0 0.7076
120.0 7.5 5.0 15.0 -0.0554
120.0 10.0 5.0 15.0 0.0
120.0 -5.0 -10.0 16.25 9999999969.546202
120.0 -2.5 -10.0 16.25 563800616.2117
120.0 0.0 -10.0 16.25 614.4234
120.0 2.5 -10.0 16.25 -3.5765
120.0 5.0 -10.0 16.25 1.7684
120.0 7.5 -10.0 16.25 2.4288000000000003
120.0 10.0 -10.0 16.25 0.441
120.0 -5.0 -7.5 16.25 2237937357.3525
120.0 -2.5 -7.5 16.25 581584.2481
120.0 0.0 -7.5 16.25 -14.7239
120.0 2.5 -7.5 16.25 -0.6375000000000002
120.0 5.0 -7.5 16.25 3.2197000000000005
120.0 7.5 -7.5 16.25 2.7437
120.0 10.0 -7.5 16.25 1.7167
120.0 -5.0 -5.0 16.25 28290.9074
120.0 -2.5 -5.0 16.25 10140.117400000001
120.0 0.0 -5.0 16.25 -9.9908
120.0 2.5 -5.0 16.25 -0.49760000000000004
120.0 5.0 -5.0 16.25 1.5815000000000001
120.0 7.5 -5.0 16.25 1.9217
120.0 10.0 -5.0 16.25 1.4773
120.0 -5.0 -2.5 16.25 3.6296
120.0 -2.5 -2.5 16.25 -3.7495000000000003
120.0 0.0 -2.5 16.25 -2.1355
120.0 2.5 -2.5 16.25 -0.12090000000000001
120.0 5.0 -2.5 16.25 -0.4325
120.0 7.5 -2.5 16.25 0.5977
120.0 10.0 -2.5 16.25 0.8736
120.0 -5.0 0.0 16.25 24.487900000000003
120.0 -2.5 0.0 16.25 15.480800000000002
120.0 0.0 0.0 16.25 6.582199999999999
120.0 2.5 0.0 16.25 1.7057
120.0 5.0 0.0 16.25 0.348
120.0 7.5 0.0 16.25 0.38670000000000004
120.0 10.0 0.0 16.25 0.26180000000000003
120.0 -5.0 2.5 16.25 29.0226
120.0 -2.5 2.5 16.25 18.1307
120.0 0.0 2.5 16.25 8.803799999999999
120.0 2.5 2.5 16.25 2.5443000000000002
120.0 5.0 2.5 16.25 0.5755
120.0 7.5 2.5 16.25 0.0334
120.0 10.0 2.5 16.25 0.0049
120.0 -5.0 5.0 16.25 19.0436
120.0 -2.5 5.0 16.25 11.5441
120.0 0.0 5.0 16.25 5.3586
120.0 2.5 5.0 16.25 1.5401
120.0 5.0 5.0 16.25 0.19549999999999998
120.0 7.5 5.0 16.25 0.0006
120.0 10.0 5.0 16.25 0.0
180.0 -5.0 -10.0 3.75 9999999656.670301
180.0 -2.5 -10.0 3.75 10000000001.236101
180.0 0.0 -10.0 3.75 9999999973.6079
180.0 2.5 -10.0 3.75 131391669.5431
180.0 5.0 -10.0 3.75 1049054302.5233
180.0 7.5 -10.0 3.75 455172.2031
180.0 10.0 -10.0 3.75 1457872961.9515
180.0 -5.0 -7.5 3.75 9999999974.5718
180.0 -2.5 -7.5 3.75 10000000063.0069
180.0 0.0 -7.5 3.75 161056098.2624
180.0 2.5 -7.5 3.75 10000000044.742601
180.0 5.0 -7.5 3.75 3997882834.0358
180.0 7.5 -7.5 3.75 83683.0863
180.0 10.0 -7.5 3.75 10.2638
180.0 -5.0 -5.0 3.75 10000000171.469002
180.0 -2.5 -5.0 3.75 10000000092.949202
180.0 0.0 -5.0 3.75 3244962381.2445
180.0 2.5 -5.0 3.75 28090085.8138
180.0 5.0 -5.0 3.75 27406.0418
180.0 7.5 -5.0 3.75 15.0577
180.0 10.0 -5.0 3.75 7.556600000000001
180.0 -5.0 -2.5 3.75 10000000039.6634
180.0 -2.5 -2.5 3.75 9999999987.868301
180.0 0.0 -2.5 3.75 5622600670.2491
180.0 2.5 -2.5 3.75 1641911529.6506
180.0 5.0 -2.5 3.75 1070.9195
180.0 7.5 -2.5 3.75 6.701700000000001
180.0 10.0 -2.5 3.75 5.607
180.0 -5.0 0.0 3.75 1106141426.4703
180.0 -2.5 0.0 3.75 10000000125.9631
180.0 0.0 0.0 3.75 218532.80380000002
180.0 2.5 0.0 3.75 2690.555
180.0 5.0 0.0 3.75 -16.215899999999998
180.0 7.5 0.0 3.75 -7.7332
180.0 10.0 0.0 3.75 -3.2765999999999997
180.0 -5.0 2.5 3.75 9999999944.737202
180.0 -2.5 2.5 3.75 10000000290.1529
180.0 0.0 2.5 3.75 21464795.4871
180.0 2.5 2.5 3.75 575.688
180.0 5.0 2.5 3.75 -19.2504
180.0 7.5 2.5 3.75 -18.5894
180.0 10.0 2.5 3.75 -16.4106
180.0 -5.0 5.0 3.75 10000000047.2991
180.0 -2.5 5.0 3.75 211470489.214
180.0 0.0 5.0 3.75 518206841.98149997
180.0 2.5 5.0 3.75 91487.1885
180.0 5.0 5.0 3.75 -1.4540000000000006
180.0 7.5 5.0 3.75 -24.2415
180.0 10.0 5.0 3.75 -21.1857
180.0 -2.5 -2.5 7.5 9999999801.2091
180.0 0.0 2.5 7.5 5439.4872
180.0 0.0 5.0 7.5 30796.212499999998
180.0 -5.0 -2.5 8.75 9601919591.687302
180.0 -2.5 -2.5 8.75 4035977342.5965
180.0 2.5 -2.5 8.75 487971.2759
180.0 -5.0 0.0 8.75 807382230.5447
180.0 0.0 0.0 8.75 9999999968.8323
180.0 0.0 2.5 8.75 13271.7646
180.0 0.0 -10.0 10.0 4274632673.8848
180.0 2.5 -10.0 10.0 1344760113.9945
180.0 0.0 -7.5 10.0 9999999922.3127
180.0 2.5 -7.5 10.0 3435316963.9676003
180.0 5.0 -7.5 10.0 896901.9976
180.0 -2.5 -5.0 10.0 9999999957.059801
180.0 0.0 -5.0 10.0 10000000006.756601
180.0 2.5 -5.0 10.0 163567259.9869
180.0 5.0 -5.0 10.0 346212.6642
180.0 -5.0 -2.5 10.0 194928760.19709998
180.0 -2.5 -2.5 10.0 550618933.1959
180.0 0.0 -2.5 10.0 3343269507.8271003
180.0 2.5 -2.5 10.0 677.928
180.0 -5.0 0.0 10.0 9999999813.3355
180.0 -2.5 0.0 10.0 18683349.2748
180.0 0.0 0.0 10.0 16305283.335499998
180.0 -5.0 2.5 10.0 9999999923.2541
180.0 0.0 2.5 10.0 428922.2064
180.0 2.5 2.5 10.0 -32.4978
180.0 0.0 5.0 10.0 37092.6006
180.0 2.5 5.0 10.0 -28.1799
180.0 0.0 -10.0 11.25 10000000045.754301
180.0 2.5 -10.0 11.25 1097644951.7256
180.0 5.0 -10.0 11.25 444744900.39049995
180.0 0.0 -7.5 11.25 9999999794.7861
180.0 2.5 -7.5 11.25 726376922.6009
180.0 5.0 -7.5 11.25 5142323.1628
180.0 7.5 -7.5 11.25 109.24249999999999
180.0 -2.5 -5.0 11.25 9073053.1698
180.0 0.0 -5.0 11.25 10000000086.566502
180.0 2.5 -5.0 11.25 166296905.69950002
180.0 5.0 -5.0 11.25 2515174719.2795
180.0 -5.0 -2.5 11.25 10000000150.097502
180.0 -2.5 -2.5 11.25 9096666.2785
180.0 0.0 -2.5 11.25 1844470.2826999999
180.0 2.5 -2.5 11.25 1303.3863999999999
180.0 -5.0 0.0 11.25 2917871604.7932
180.0 -2.5 0.0 11.25 546183.1025
180.0 0.0 0.0 11.25 150329.2917
180.0 -5.0 2.5 11.25 26651127.8103
180.0 -2.5 2.5 11.25 9999999905.182001
180.0 0.0 2.5 11.25 139.66270000000003
180.0 2.5 2.5 11.25 -27.0502
180.0 -5.0 5.0 11.25 1299109.989
180.0 0.0 5.0 11.25 9999999606.2141
180.0 2.5 5.0 11.25 -27.457900000000002
180.0 -5.0 -10.0 12.5 10000000010.259901
180.0 -2.5 -10.0 12.5 10000000002.5181
180.0 0.0 -10.0 12.5 9999999996.7816
180.0 2.5 -10.0 12.5 8265142.045700001
180.0 5.0 -10.0 12.5 810501.3556
180.0 7.5 -10.0 12.5 4.008900000000001
180.0 10.0 -10.0 12.5 -9.3143
180.0 -2.5 -7.5 12.5 1031754374.2041
180.0 0.0 -7.5 12.5 218829023.3046
180.0 2.5 -7.5 12.5 916191.4744
180.0 5.0 -7.5 12.5 9999999993.8539
180.0 7.5 -7.5 12.5 208.27779999999998
180.0 -5.0 -5.0 12.5 505755854.7971
180.0 -2.5 -5.0 12.5 10000000056.6289
180.0 0.0 -5.0 12.5 70771355.7414
180.0 2.5 -5.0 12.5 63810.6963
180.0 5.0 -5.0 12.5 7294.7467
180.0 -5.0 -2.5 12.5 10000000163.9391
180.0 -2.5 -2.5 12.5 2895657.7871000003
180.0 0.0 -2.5 12.5 1781210.3710999999
180.0 2.5 -2.5 12.5 621.6101
180.0 5.0 -2.5 12.5 14.4421
180.0 -5.0 0.0 12.5 18277345.3497
180.0 -2.5 0.0 12.5 249419.4127
180.0 0.0 0.0 12.5 0.027200000000000557
180.0 2.5 0.0 12.5 -10.696200000000001
180.0 -5.0 2.5 12.5 161395350.21829998
180.0 -2.5 2.5 12.5 8040.9678
180.0 0.0 2.5 12.5 -28.5028
180.0 2.5 2.5 12.5 -21.361
180.0 -5.0 5.0 12.5 389369.01259999996
180.0 -2.5 5.0 12.5 2334.1956
180.0 0.0 5.0 12.5 1085.0978
180.0 2.5 5.0 12.5 -21.2579
180.0 5.0 5.0 12.5 -11.4916
180.0 7.5 5.0 12.5 -5.5745000000000005
180.0 10.0 5.0 12.5 -1.9419
180.0 -5.0 -10.0 13.75 27469488.4089
180.0 -2.5 -10.0 13.75 341611882.1416
180.0 0.0 -10.0 13.75 458600516.399
180.0 2.5 -10.0 13.75 679265.8901
180.0 5.0 -10.0 13.75 3341.2498
180.0 7.5 -10.0 13.75 -25.977899999999998
180.0 10.0 -10.0 13.75 -9.9217
180.0 -5.0 -7.5 13.75 43186812.047299996
180.0 -2.5 -7.5 13.75 153506792.15210003
180.0 0.0 -7.5 13.75 4483888.1533
180.0 2.5 -7.5 13.75 384752422.2328
180.0 5.0 -7.5 13.75 24213176.774
180.0 7.5 -7.5 13.75 10.8642
180.0 10.0 -7.5 13.75 -8.9525
180.0 -5.0 -5.0 13.75 3115114665.4848
180.0 -2.5 -5.0 13.75 102788.4497
180.0 0.0 -5.0 13.75 6825.617899999999
180.0 2.5 -5.0 13.75 196.2872
180.0 5.0 -5.0 13.75 204.3736
180.0 -5.0 -2.5 13.75 9140355762.3433
180.0 -2.5 -2.5 13.75 16200638.522599999
180.0 0.0 -2.5 13.75 4061.9824
180.0 2.5 -2.5 13.75 81.9153
180.0 5.0 -2.5 13.75 3.8787000000000003
180.0 -5.0 0.0 13.75 400276667.7227
180.0 -2.5 0.0 13.75 481.7878
180.0 0.0 0.0 13.75 -14.831900000000001
180.0 2.5 0.0 13.75 -6.905200000000001
180.0 -5.0 2.5 13.75 10000000747.752201
180.0 -2.5 2.5 13.75 1601502.5559999999
180.0 0.0 2.5 13.75 -19.4373
180.0 2.5 2.5 13.75 -16.1654
180.0 5.0 2.5 13.75 -9.374699999999999
180.0 -5.0 5.0 13.75 99.1638
180.0 -2.5 5.0 13.75 6.709800000000001
180.0 0.0 5.0 13.75 -9.7904
180.0 2.5 5.0 13.75 -15.188400000000001
180.0 5.0 5.0 13.75 -8.4966
180.0 7.5 5.0 13.75 -3.6078
180.0 10.0 5.0 13.75 -1.2576
180.0 -5.0 -10.0 15.0 634101449.7938
180.0 -2.5 -10.0 15.0 23940309.2569
180.0 0.0 -10.0 15.0 280289998.05579996
180.0 2.5 -10.0 15.0 288.80600000000004
180.0 5.0 -10.0 15.0 31.7327
180.0 7.5 -10.0 15.0 -20.929
180.0 10.0 -10.0 15.0 -8.3794
180.0 -5.0 -7.5 15.0 59442821.1897
180.0 -2.5 -7.5 15.0 6645500.4321
180.0 0.0 -7.5 15.0 443.6681
180.0 2.5 -7.5 15.0 1339.4825
180.0 5.0 -7.5 15.0 1864.9000999999998
180.0 7.5 -7.5 15.0 -16.9751
180.0 10.0 -7.5 15.0 -7.712899999999999
180.0 -5.0 -5.0 15.0 4343397.3204
180.0 -2.5 -5.0 15.0 30689.5594
180.0 0.0 -5.0 15.0 26.9742
180.0 2.5 -5.0 15.0 6.113499999999999
180.0 5.0 -5.0 15.0 -2.2288
180.0 7.5 -5.0 15.0 -4.4851
180.0 10.0 -5.0 15.0 -4.0797
180.0 -5.0 -2.5 15.0 166447.184
180.0 -2.5 -2.5 15.0 12044.1682
180.0 0.0 -2.5 15.0 8.1659
180.0 2.5 -2.5 15.0 2.3727
180.0 5.0 -2.5 15.0 1.6736999999999997
180.0 10.0 -2.5 15.0 -1.8316
180.0 -5.0 0.0 15.0 11118.677099999999
180.0 -2.5 0.0 15.0 33.397099999999995
180.0 0.0 0.0 15.0 -9.7975
180.0 2.5 0.0 15.0 -5.0115
180.0 5.0 0.0 15.0 -2.9055
180.0 -5.0 2.5 15.0 3136677.4575
180.0 -2.5 2.5 15.0 8540.7457
180.0 0.0 2.5 15.0 -16.1269
180.0 2.5 2.5 15.0 -12.0571
180.0 5.0 2.5 15.0 -6.7281
180.0 7.5 2.5 15.0 -2.8817
180.0 -5.0 5.0 15.0 3.565
180.0 -2.5 5.0 15.0 -4.8502
180.0 0.0 5.0 15.0 -10.375300000000001
180.0 2.5 5.0 15.0 -10.3145
180.0 5.0 5.0 15.0 -5.3709
180.0 7.5 5.0 15.0 -2.3037
180.0 10.0 5.0 15.0 -0.7908999999999999
180.0 -5.0 -10.0 16.25 187830591.1114
180.0 -2.5 -10.0 16.25 9999999942.257301
180.0 0.0 -10.0 16.25 9790.0457
180.0 2.5 -10.0 16.25 -7.1735
180.0 5.0 -10.0 16.25 -11.0334
180.0 7.5 -10.0 16.25 -12.343900000000001
180.0 10.0 -10.0 16.25 -6.4779
180.0 -5.0 -7.5 16.25 18219.1642
180.0 -2.5 -7.5 16.25 3029.0785
180.0 0.0 -7.5 16.25 14.0552
180.0 2.5 -7.5 16.25 7.170800000000001
180.0 5.0 -7.5 16.25 -3.6718
180.0 7.5 -7.5 16.25 -10.3679
180.0 10.0 -7.5 16.25 -5.9255
180.0 -5.0 -5.0 16.25 124.0949
180.0 -2.5 -5.0 16.25 66.38730000000001
180.0 0.0 -5.0 16.25 12.3536
180.0 2.5 -5.0 16.25 6.970700000000001
180.0 5.0 -5.0 16.25 -0.19310000000000005
180.0 7.5 -5.0 16.25 -2.6174
180.0 10.0 -5.0 16.25 -3.3811
180.0 -5.0 -2.5 16.25 50.3545
180.0 -2.5 -2.5 16.25 15.694099999999999
180.0 0.0 -2.5 16.25 0.6537000000000002
180.0 2.5 -2.5 16.25 3.0119999999999996
180.0 5.0 -2.5 16.25 1.6758
180.0 7.5 -2.5 16.25 -0.2077
180.0 10.0 -2.5 16.25 -1.5553000000000001
180.0 -5.0 0.0 16.25 -1.0746
180.0 -2.5 0.0 16.25 -13.704799999999999
180.0 0.0 0.0 16.25 -8.1112
180.0 2.5 0.0 16.25 -4.0136
180.0 5.0 0.0 16.25 -1.6461
180.0 7.5 0.0 16.25 -0.7361
180.0 -5.0 2.5 16.25 -8.068100000000001
180.0 -2.5 2.5 16.25 -25.2109
180.0 0.0 2.5 16.25 -13.3971
180.0 2.5 2.5 16.25 -8.7858
180.0 5.0 2.5 16.25 -4.448
180.0 7.5 2.5 16.25 -1.4119
180.0 -5.0 5.0 16.25 -5.113899999999999
180.0 -2.5 5.0 16.25 -8.5232
180.0 0.0 5.0 16.25 -8.9038
180.0 2.5 5.0 16.25 -6.9539
180.0 5.0 5.0 16.25 -3.4492000000000003
180.0 7.5 5.0 16.25 -1.5672
180.0 10.0 5.0 16.25 -0.4252
240.0 -5.0 -10.0 3.75 9999999933.704
240.0 -2.5 -10.0 3.75 10000000099.9501
240.0 0.0 -10.0 3.75 899575161.2598001
240.0 2.5 -10.0 3.75 9999999984.8293
240.0 5.0 -10.0 3.75 102737.9902
240.0 7.5 -10.0 3.75 954.3326
240.0 10.0 -10.0 3.75 -4.5435
240.0 -5.0 -7.5 3.75 1828480242.1622002
240.0 -2.5 -7.5 3.75 155395820.5883
240.0 0.0 -7.5 3.75 144268868.084
240.0 2.5 -7.5 3.75 6008530515.7118
240.0 5.0 -7.5 3.75 91723630.0869
240.0 7.5 -7.5 3.75 2950.5557
240.0 10.0 -7.5 3.75 -0.1976
240.0 -5.0 -5.0 3.75 9999999779.986801
240.0 -2.5 -5.0 3.75 10000000028.3321
240.0 0.0 -5.0 3.75 10000000013.1061
240.0 2.5 -5.0 3.75 13766773.0903
240.0 5.0 -5.0 3.75 158124169.5436
240.0 7.5 -5.0 3.75 -6.8498
240.0 10.0 -5.0 3.75 -1.887
240.0 -5.0 -2.5 3.75 6465386396.1257
240.0 -2.5 -2.5 3.75 4403489643.9356
240.0 0.0 -2.5 3.75 2374493541.1646
240.0 2.5 -2.5 3.75 4499014.8488
240.0 5.0 -2.5 3.75 1232.5375999999999
240.0 7.5 -2.5 3.75 -12.7276
240.0 10.0 -2.5 3.75 -4.758900000000001
240.0 -5.0 0.0 3.75 10000000178.4831
240.0 -2.5 0.0 3.75 4899955273.268
240.0 0.0 0.0 3.75 3929934228.4351
240.0 2.5 0.0 3.75 649.7066
240.0 5.0 0.0 3.75 -11.9289
240.0 7.5 0.0 3.75 -10.8752
240.0 10.0 0.0 3.75 -4.3891
240.0 -5.0 2.5 3.75 10000000012.7022
240.0 -2.5 2.5 3.75 335928437.66870004
240.0 0.0 2.5 3.75 28461548.261
240.0 2.5 2.5 3.75 34.068
240.0 5.0 2.5 3.75 -0.8424
240.0 7.5 2.5 3.75 -1.7106
240.0 10.0 2.5 3.75 0.3655
240.0 -5.0 5.0 3.75 1328196362.5859
240.0 -2.5 5.0 3.75 65397057.9656
240.0 0.0 5.0 3.75 93024.4283
240.0 2.5 5.0 3.75 4.4102
240.0 5.0 5.0 3.75 4.8727
240.0 7.5 5.0 3.75 6.325699999999999
240.0 10.0 5.0 3.75 4.5246
240.0 0.0 0.0 5.0 3390604.5951
240.0 -2.5 2.5 5.0 7927909874.941999
240.0 -2.5 5.0 5.0 10000000035.9876
240.0 0.0 0.0 6.25 205838858.7804
240.0 -2.5 2.5 6.25 10000000171.3397
240.0 0.0 2.5 6.25 28740846.9575
240.0 -5.0 5.0 6.25 9999999882.0561
240.0 -2.5 5.0 6.25 81956242.45490001
240.0 2.5 -10.0 7.5 116203046.4995
240.0 -2.5 -7.5 7.5 9999999937.3696
240.0 0.0 -5.0 7.5 5114717921.122499
240.0 0.0 0.0 7.5 10000000020.279902
240.0 -2.5 2.5 7.5 113816.0411
240.0 0.0 2.5 7.5 1344029.3124
240.0 -5.0 5.0 7.5 4338473788.5547
240.0 -2.5 5.0 7.5 47592.9954
240.0 0.0 5.0 7.5 228.6923
240.0 0.0 -10.0 8.75 4398986657.1461
240.0 2.5 -10.0 8.75 5033243.8493
240.0 5.0 -10.0 8.75 443.1547
240.0 -2.5 -7.5 8.75 10000000175.9435
240.0 0.0 -7.5 8.75 10000000032.1536
240.0 2.5 -7.5 8.75 25801208.5812
240.0 -2.5 -5.0 8.75 9999999813.2691
240.0 0.0 -5.0 8.75 9999999865.7369
240.0 0.0 -2.5 8.75 6519830924.8118
240.0 2.5 -2.5 8.75 1194765353.7846
240.0 -2.5 0.0 8.75 53370455.5269
240.0 0.0 0.0 8.75 201400.8414
240.0 -2.5 2.5 8.75 50771775.715900004
240.0 0.0 2.5 8.75 328.7446
240.0 2.5 2.5 8.75 25.793200000000002
240.0 -5.0 5.0 8.75 1934984779.9650998
240.0 -2.5 5.0 8.75 111149.8971
240.0 0.0 5.0 8.75 22.2517
240.0 0.0 -10.0 10.0 117964090.9829
240.0 2.5 -10.0 10.0 1382670764.3854
240.0 5.0 -10.0 10.0 149.32840000000002
240.0 -2.5 -7.5 10.0 7793673479.319
240.0 0.0 -7.5 10.0 690870447.0754
240.0 2.5 -7.5 10.0 103301376.6935
240.0 -2.5 -5.0 10.0 9999999789.142101
240.0 0.0 -5.0 10.0 2892706277.9423003
240.0 -5.0 -2.5 10.0 9999999826.1308
240.0 -2.5 -2.5 10.0 10000000006.345201
240.0 0.0 -2.5 10.0 10000000078.8397
240.0 2.5 -2.5 10.0 83215.0605
240.0 -2.5 0.0 10.0 10000000019.3313
240.0 0.0 0.0 10.0 17573.1748
240.0 2.5 0.0 10.0 281.9085
240.0 -5.0 2.5 10.0 59528.5951
240.0 -2.5 2.5 10.0 5696.4905
240.0 0.0 2.5 10.0 9.0245
240.0 2.5 2.5 10.0 -4.3889000000000005
240.0 -5.0 5.0 10.0 21057.959300000002
240.0 -2.5 5.0 10.0 88.539
240.0 0.0 5.0 10.0 15.8198
240.0 2.5 5.0 10.0 8.0887
240.0 7.5 5.0 10.0 0.36819999999999997
240.0 -2.5 -10.0 11.25 5407503860.8054
240.0 0.0 -10.0 11.25 10000000028.506401
240.0 2.5 -10.0 11.25 663823.0534
240.0 5.0 -10.0 11.25 25.8277
240.0 7.5 -10.0 11.25 -1.348
240.0 10.0 -10.0 11.25 -3.6834000000000002
240.0 -5.0 -7.5 11.25 10000000093.3766
240.0 -2.5 -7.5 11.25 5955812367.2447
240.0 0.0 -7.5 11.25 10000000109.9601
240.0 2.5 -7.5 11.25 6296001.8659
240.0 -2.5 -5.0 11.25 84384650.428
240.0 0.0 -5.0 11.25 2141938467.1035001
240.0 2.5 -5.0 11.25 20221.117299999998
240.0 -5.0 -2.5 11.25 9999999946.744202
240.0 -2.5 -2.5 11.25 1976028723.4037
240.0 0.0 -2.5 11.25 23455867.4506
240.0 2.5 -2.5 11.25 36004.911700000004
240.0 -5.0 0.0 11.25 6181031895.2282
240.0 -2.5 0.0 11.25 191981710.0016
240.0 0.0 0.0 11.25 1081.7350000000001
240.0 2.5 0.0 11.25 -19.261899999999997
240.0 -2.5 2.5 11.25 647781.3541
240.0 0.0 2.5 11.25 15.884900000000002
240.0 2.5 2.5 11.25 -3.9191
240.0 5.0 2.5 11.25 -4.2931
240.0 7.5 2.5 11.25 -1.5695999999999999
240.0 -5.0 5.0 11.25 621.0948
240.0 -2.5 5.0 11.25 20.011
240.0 0.0 5.0 11.25 14.6708
240.0 2.5 5.0 11.25 6.549
240.0 7.5 5.0 11.25 -0.3494
240.0 -2.5 -10.0 12.5 10000000219.128801
240.0 0.0 -10.0 12.5 145145.05479999998
240.0 2.5 -10.0 12.5 4742.5442
240.0 5.0 -10.0 12.5 11.4787
240.0 7.5 -10.0 12.5 1.6166
240.0 10.0 -10.0 12.5 -1.8434000000000001
240.0 -5.0 -7.5 12.5 10000000009.2385
240.0 -2.5 -7.5 12.5 9999999984.234201
240.0 0.0 -7.5 12.5 33521695.7795
240.0 2.5 -7.5 12.5 1145.8062
240.0 5.0 -7.5 12.5 15.6767
240.0 -5.0 -5.0 12.5 98958680.3942
240.0 -2.5 -5.0 12.5 341050478.83150005
240.0 0.0 -5.0 12.5 27819942.3547
240.0 2.5 -5.0 12.5 770.4814
240.0 5.0 -5.0 12.5 5.651200000000001
240.0 -5.0 -2.5 12.5 2947979.5273
240.0 -2.5 -2.5 12.5 5031752129.4834
240.0 0.0 -2.5 12.5 43080.3761
240.0 2.5 -2.5 12.5 576.6769999999999
240.0 -5.0 0.0 12.5 790544686.9331001
240.0 -2.5 0.0 12.5 1107770.9216
240.0 0.0 0.0 12.5 91.1218
240.0 2.5 0.0 12.5 -15.1836
240.0 5.0 0.0 12.5 -8.16
240.0 -5.0 2.5 12.5 3586.587
240.0 -2.5 2.5 12.5 750.3273
240.0 0.0 2.5 12.5 9.395199999999999
240.0 2.5 2.5 12.5 -2.5888999999999998
240.0 5.0 2.5 12.5 -3.1586000000000003
240.0 7.5 2.5 12.5 -1.2423000000000002
240.0 -5.0 5.0 12.5 44.3243
240.0 -2.5 5.0 12.5 15.745
240.0 0.0 5.0 12.5 11.869299999999999
240.0 2.5 5.0 12.5 5.2267
240.0 5.0 5.0 12.5 0.6121
240.0 7.5 5.0 12.5 -0.5688
240.0 -2.5 -10.0 13.75 246912434.06890002
240.0 0.0 -10.0 13.75 303.47679999999997
240.0 2.5 -10.0 13.75 19.854499999999998
240.0 5.0 -10.0 13.75 9.290099999999999
240.0 7.5 -10.0 13.75 2.3044
240.0 10.0 -10.0 13.75 -0.7779
240.0 -5.0 -7.5 13.75 29405487.339199997
240.0 -2.5 -7.5 13.75 3697238288.8886
240.0 0.0 -7.5 13.75 12439.9888
240.0 2.5 -7.5 13.75 12.755799999999999
240.0 5.0 -7.5 13.75 12.1828
240.0 7.5 -7.5 13.75 5.7097
240.0 10.0 -7.5 13.75 2.1845
240.0 -5.0 -5.0 13.75 358268.86620000005
240.0 -2.5 -5.0 13.75 618828.401
240.0 0.0 -5.0 13.75 8816.6627
240.0 2.5 -5.0 13.75 22.9283
240.0 5.0 -5.0 13.75 5.253
240.0 -5.0 -2.5 13.75 1347228.6332
240.0 -2.5 -2.5 13.75 16203343.367700001
240.0 0.0 -2.5 13.75 96170.5879
240.0 2.5 -2.5 13.75 -11.773
240.0 -5.0 0.0 13.75 69229.9276
240.0 -2.5 0.0 13.75 7469.3944
240.0 0.0 0.0 13.75 7.572799999999999
240.0 2.5 0.0 13.75 -11.3991
240.0 5.0 0.0 13.75 -6.223599999999999
240.0 -5.0 2.5 13.75 466.0409
240.0 -2.5 2.5 13.75 11.2682
240.0 0.0 2.5 13.75 4.8041
240.0 2.5 2.5 13.75 -1.5051999999999999
240.0 5.0 2.5 13.75 -2.7689
240.0 7.5 2.5 13.75 -0.9414
240.0 10.0 2.5 13.75 -0.2395
240.0 -5.0 5.0 13.75 20.7894
240.0 -2.5 5.0 13.75 12.4125
240.0 0.0 5.0 13.75 9.1198
240.0 2.5 5.0 13.75 3.6719999999999997
240.0 5.0 5.0 13.75 -0.043
240.0 7.5 5.0 13.75 -0.7019000000000001
240.0 10.0 5.0 13.75 -0.3721
240.0 -5.0 -10.0 15.0 1509677550.3537002
240.0 -2.5 -10.0 15.0 7379962.2266
240.0 0.0 -10.0 15.0 3.4704999999999995
240.0 2.5 -10.0 15.0 8.6059
240.0 5.0 -10.0 15.0 6.4951
240.0 7.5 -10.0 15.0 2.4144
240.0 10.0 -10.0 15.0 -0.0756
240.0 -5.0 -7.5 15.0 126943547.5528
240.0 -2.5 -7.5 15.0 3793100.6093
240.0 0.0 -7.5 15.0 -8.4124
240.0 2.5 -7.5 15.0 7.4658
240.0 5.0 -7.5 15.0 8.8095
240.0 7.5 -7.5 15.0 5.0199
240.0 10.0 -7.5 15.0 1.8733000000000002
240.0 -5.0 -5.0 15.0 1266.0516
240.0 -2.5 -5.0 15.0 606.9970999999999
240.0 0.0 -5.0 15.0 -21.1264
240.0 2.5 -5.0 15.0 -1.7036000000000002
240.0 5.0 -5.0 15.0 3.7576
240.0 10.0 -5.0 15.0 2.3749
240.0 -5.0 -2.5 15.0 456.9361
240.0 -2.5 -2.5 15.0 2209.0785
240.0 0.0 -2.5 15.0 -29.2012
240.0 2.5 -2.5 15.0 -10.126100000000001
240.0 5.0 -2.5 15.0 -2.0899
240.0 7.5 -2.5 15.0 0.9884000000000001
240.0 -5.0 0.0 15.0 28.9236
240.0 -2.5 0.0 15.0 25.445999999999998
240.0 0.0 0.0 15.0 -11.3261
240.0 2.5 0.0 15.0 -8.5852
240.0 5.0 0.0 15.0 -4.1457
240.0 7.5 0.0 15.0 -0.6556
240.0 -5.0 2.5 15.0 15.6203
240.0 -2.5 2.5 15.0 8.1968
240.0 0.0 2.5 15.0 2.8238
240.0 2.5 2.5 15.0 -1.4672999999999998
240.0 5.0 2.5 15.0 -2.4219
240.0 7.5 2.5 15.0 -0.8454
240.0 10.0 2.5 15.0 -0.152
240.0 -5.0 5.0 15.0 14.5485
240.0 -2.5 5.0 15.0 9.9035
240.0 0.0 5.0 15.0 6.3932
240.0 2.5 5.0 15.0 1.9345999999999999
240.0 5.0 5.0 15.0 -0.3851
240.0 7.5 5.0 15.0 -0.5887
240.0 10.0 5.0 15.0 -0.2949
240.0 -5.0 -10.0 16.25 21155511.422599997
240.0 -2.5 -10.0 16.25 24559.3315
240.0 0.0 -10.0 16.25 4.3807
240.0 2.5 -10.0 16.25 6.545999999999999
240.0 5.0 -10.0 16.25 4.8304
240.0 7.5 -10.0 16.25 1.8024
240.0 10.0 -10.0 16.25 0.0388
240.0 -5.0 -7.5 16.25 6003.886100000001
240.0 -2.5 -7.5 16.25 13931.0385
240.0 0.0 -7.5 16.25 -4.8676
240.0 2.5 -7.5 16.25 4.4938
240.0 5.0 -7.5 16.25 6.1224
240.0 7.5 -7.5 16.25 3.6316
240.0 10.0 -7.5 16.25 1.4877
240.0 -5.0 -5.0 16.25 -25.7273
240.0 -2.5 -5.0 16.25 -23.343500000000002
240.0 0.0 -5.0 16.25 -16.9887
240.0 2.5 -5.0 16.25 -3.3390000000000004
240.0 5.0 -5.0 16.25 2.1891
240.0 7.5 -5.0 16.25 2.6231
240.0 10.0 -5.0 16.25 2.0423999999999998
240.0 -5.0 -2.5 16.25 -7.7025999999999994
240.0 -2.5 -2.5 16.25 -17.5449
240.0 0.0 -2.5 16.25 -18.529600000000002
240.0 2.5 -2.5 16.25 -7.5723
240.0 5.0 -2.5 16.25 -1.1235
240.0 7.5 -2.5 16.25 0.9385
240.0 10.0 -2.5 16.25 1.3535
240.0 -5.0 0.0 16.25 14.3895
240.0 -2.5 0.0 16.25 0.6956000000000002
240.0 0.0 0.0 16.25 -7.5573
240.0 2.5 0.0 16.25 -6.3686
240.0 5.0 0.0 16.25 -2.6277
240.0 7.5 0.0 16.25 -0.2592
240.0 -5.0 2.5 16.25 15.8603
240.0 -2.5 2.5 16.25 8.3463
240.0 0.0 2.5 16.25 1.9240999999999997
240.0 2.5 2.5 16.25 -1.4981
240.0 5.0 2.5 16.25 -1.842
240.0 7.5 2.5 16.25 -0.7764
240.0 10.0 2.5 16.25 -0.0543
240.0 -5.0 5.0 16.25 11.6658
240.0 -2.5 5.0 16.25 8.0104
240.0 0.0 5.0 16.25 4.428299999999999
240.0 2.5 5.0 16.25 0.9449
240.0 5.0 5.0 16.25 -0.4269
240.0 7.5 5.0 16.25 -0.6132
240.0 10.0 5.0 16.25 -0.0343
300.0 -5.0 -10.0 3.75 10000000226.669102
300.0 -2.5 -10.0 3.75 10000000025.9838
300.0 0.0 -10.0 3.75 1142948406.6634
300.0 2.5 -10.0 3.75 3409799832.0861998
300.0 5.0 -10.0 3.75 2955900732.8381996
300.0 7.5 -10.0 3.75 10000000016.244701
300.0 10.0 -10.0 3.75 292559.1045
300.0 -5.0 -7.5 3.75 10000000034.536201
300.0 -2.5 -7.5 3.75 362223019.0376
300.0 0.0 -7.5 3.75 400428870.5877
300.0 2.5 -7.5 3.75 43051541.6154
300.0 5.0 -7.5 3.75 219568.0385
300.0 7.5 -7.5 3.75 1028.3913
300.0 10.0 -7.5 3.75 11.9918
300.0 -5.0 -5.0 3.75 9999999828.091702
300.0 -2.5 -5.0 3.75 10000000125.214901
300.0 0.0 -5.0 3.75 3680521841.2593
300.0 2.5 -5.0 3.75 15693638.8302
300.0 5.0 -5.0 3.75 51271.421800000004
300.0 7.5 -5.0 3.75 26.1718
300.0 10.0 -5.0 3.75 14.8429
300.0 -5.0 -2.5 3.75 1203922414.9225
300.0 -2.5 -2.5 3.75 9999999827.257301
300.0 0.0 -2.5 3.75 6712993.5074
300.0 2.5 -2.5 3.75 236359.4081
300.0 5.0 -2.5 3.75 47.154300000000006
300.0 7.5 -2.5 3.75 24.6174
300.0 10.0 -2.5 3.75 15.873099999999999
300.0 -5.0 0.0 3.75 9999999984.391
300.0 -2.5 0.0 3.75 3577883431.6606
300.0 0.0 0.0 3.75 761951912.8063
300.0 2.5 0.0 3.75 38714.9741
300.0 5.0 0.0 3.75 20.7372
300.0 7.5 0.0 3.75 14.3053
300.0 10.0 0.0 3.75 11.3392
300.0 -5.0 2.5 3.75 9999999882.6009
300.0 -2.5 2.5 3.75 2435713495.5046
300.0 0.0 2.5 3.75 10000000005.474602
300.0 2.5 2.5 3.75 23135.212900000002
300.0 5.0 2.5 3.75 -7.6264
300.0 7.5 2.5 3.75 0.3629
300.0 10.0 2.5 3.75 4.0333000000000006
300.0 -5.0 5.0 3.75 46359767.766200006
300.0 -2.5 5.0 3.75 332523762.4375
300.0 0.0 5.0 3.75 10000000024.68
300.0 2.5 5.0 3.75 16368.176000000001
300.0 5.0 5.0 3.75 -16.5894
300.0 7.5 5.0 3.75 -8.1682
300.0 10.0 5.0 3.75 -0.9319000000000001
300.0 -2.5 -2.5 6.25 708148936.4194
300.0 0.0 -2.5 6.25 10000000015.159801
300.0 2.5 -2.5 6.25 79247824.4697
300.0 2.5 -5.0 7.5 3896489.6004
300.0 -2.5 -2.5 7.5 1210162910.1875
300.0 0.0 -2.5 7.5 92711694.1707
300.0 0.0 0.0 7.5 51373618.8485
300.0 0.0 2.5 7.5 21224.3924
300.0 5.0 -10.0 8.75 2552387342.1900997
300.0 2.5 -7.5 8.75 608816716.8338
300.0 5.0 -7.5 8.75 10000000032.113
300.0 0.0 -5.0 8.75 10000000053.416
300.0 2.5 -5.0 8.75 124710.10269999999
300.0 5.0 -5.0 8.75 575470.1457
300.0 -5.0 -2.5 8.75 10000000016.7632
300.0 -2.5 -2.5 8.75 4446567021.506
300.0 0.0 -2.5 8.75 115375361.6419
300.0 2.5 -2.5 8.75 85800.86809999999
300.0 -5.0 0.0 8.75 9999999863.8703
300.0 0.0 0.0 8.75 72719.4711
300.0 0.0 2.5 8.75 64409890.2265
300.0 0.0 5.0 8.75 -16.2328
300.0 0.0 -10.0 10.0 5372249919.2311
300.0 2.5 -10.0 10.0 10000000005.702501
300.0 5.0 -10.0 10.0 2707047.3037
300.0 7.5 -10.0 10.0 9999999975.2786
300.0 10.0 -10.0 10.0 34.7155
300.0 2.5 -7.5 10.0 288284607.5804
300.0 5.0 -7.5 10.0 388858.8997
300.0 -5.0 -5.0 10.0 10000000034.0519
300.0 0.0 -5.0 10.0 10000000167.087502
300.0 2.5 -5.0 10.0 1631.5136
300.0 5.0 -5.0 10.0 343.2599
300.0 -5.0 -2.5 10.0 10000000238.8446
300.0 -2.5 -2.5 10.0 319659986.4587
300.0 0.0 -2.5 10.0 1017072.0511
300.0 2.5 -2.5 10.0 75.6597
300.0 -5.0 0.0 10.0 9999999948.642
300.0 -2.5 0.0 10.0 11736011.3463
300.0 0.0 0.0 10.0 872.9565
300.0 2.5 0.0 10.0 17.654600000000002
300.0 0.0 2.5 10.0 88.7762
300.0 0.0 5.0 10.0 -15.682200000000002
300.0 2.5 5.0 10.0 -4.2164
300.0 0.0 -10.0 11.25 9999999946.8276
300.0 2.5 -10.0 11.25 9999999960.8584
300.0 5.0 -10.0 11.25 3517591.6823
300.0 7.5 -10.0 11.25 1365.4291
300.0 10.0 -10.0 11.25 0.8483999999999998
300.0 -2.5 -7.5 11.25 98815490.5089
300.0 0.0 -7.5 11.25 10000000073.1604
300.0 2.5 -7.5 11.25 357317905.08580005
300.0 5.0 -7.5 11.25 905863.1291
300.0 7.5 -7.5 11.25 -9.4076
300.0 -5.0 -5.0 11.25 2557047687.5024996
300.0 -2.5 -5.0 11.25 377769956.7778
300.0 0.0 -5.0 11.25 9782941.8856
300.0 2.5 -5.0 11.25 759.4138
300.0 5.0 -5.0 11.25 10.9783
300.0 -5.0 -2.5 11.25 10000000020.4263
300.0 -2.5 -2.5 11.25 307496555.5634
300.0 0.0 -2.5 11.25 10456.2672
300.0 2.5 -2.5 11.25 31.044000000000004
300.0 -5.0 0.0 11.25 10000000045.5951
300.0 -2.5 0.0 11.25 65194.5234
300.0 0.0 0.0 11.25 7.1738
300.0 2.5 0.0 11.25 13.958000000000002
300.0 -5.0 2.5 11.25 11644124.7247
300.0 -2.5 2.5 11.25 2658107.9494
300.0 0.0 2.5 11.25 10.226600000000001
300.0 2.5 2.5 11.25 0.46630000000000016
300.0 5.0 2.5 11.25 4.1329
300.0 0.0 5.0 11.25 -13.1899
300.0 2.5 5.0 11.25 -3.9527
300.0 5.0 5.0 11.25 -0.12340000000000001
300.0 7.5 5.0 11.25 0.4643
300.0 -2.5 -10.0 12.5 10000000100.7486
300.0 0.0 -10.0 12.5 10000000018.651701
300.0 2.5 -10.0 12.5 256601897.3914
300.0 5.0 -10.0 12.5 158980949.55029997
300.0 7.5 -10.0 12.5 -2.4053999999999998
300.0 10.0 -10.0 12.5 0.42889999999999984
300.0 -2.5 -7.5 12.5 9187953375.7265
300.0 0.0 -7.5 12.5 9999999953.3705
300.0 2.5 -7.5 12.5 152187.92260000002
300.0 5.0 -7.5 12.5 503.1578
300.0 7.5 -7.5 12.5 -5.7412
300.0 -5.0 -5.0 12.5 10000000213.3519
300.0 -2.5 -5.0 12.5 454602374.6336
300.0 0.0 -5.0 12.5 924558.7135000001
300.0 2.5 -5.0 12.5 107.7833
300.0 5.0 -5.0 12.5 5.658799999999999
300.0 -5.0 -2.5 12.5 443383801.9811
300.0 -2.5 -2.5 12.5 188955.1483
300.0 0.0 -2.5 12.5 26.661699999999996
300.0 2.5 -2.5 12.5 23.9483
300.0 5.0 -2.5 12.5 11.068900000000001
300.0 -5.0 0.0 12.5 1299246.8943999999
300.0 -2.5 0.0 12.5 38.3782
300.0 0.0 0.0 12.5 2.2195
300.0 2.5 0.0 12.5 10.0593
300.0 5.0 0.0 12.5 7.0839
300.0 7.5 0.0 12.5 2.493
300.0 -5.0 2.5 12.5 8850.9797
300.0 -2.5 2.5 12.5 9469.746200000001
300.0 0.0 2.5 12.5 -11.1872
300.0 2.5 2.5 12.5 -0.05510000000000004
300.0 5.0 2.5 12.5 2.6708999999999996
300.0 7.5 2.5 12.5 1.3626
300.0 -5.0 5.0 12.5 133677.20930000002
300.0 -2.5 5.0 12.5 -20.692500000000003
300.0 0.0 5.0 12.5 -10.1852
300.0 2.5 5.0 12.5 -3.3156999999999996
300.0 5.0 5.0 12.5 -0.1147
300.0 7.5 5.0 12.5 0.4439
300.0 -2.5 -10.0 13.75 723108845.6721001
300.0 0.0 -10.0 13.75 534347.5741999999
300.0 2.5 -10.0 13.75 1334170535.2092
300.0 5.0 -10.0 13.75 1403.6502
300.0 7.5 -10.0 13.75 -3.491
300.0 10.0 -10.0 13.75 0.4545000000000001
300.0 -5.0 -7.5 13.75 131413711.7994
300.0 -2.5 -7.5 13.75 678272.9652
300.0 0.0 -7.5 13.75 1891634.8371
300.0 2.5 -7.5 13.75 869.2546
300.0 5.0 -7.5 13.75 3.8150000000000004
300.0 7.5 -7.5 13.75 -4.1859
300.0 -5.0 -5.0 13.75 294537011.6036
300.0 -2.5 -5.0 13.75 4808.9823
300.0 0.0 -5.0 13.75 664.5445
300.0 2.5 -5.0 13.75 17.472600000000003
300.0 5.0 -5.0 13.75 3.1215999999999995
300.0 -5.0 -2.5 13.75 4234852558.7599
300.0 -2.5 -2.5 13.75 836.5852
300.0 0.0 -2.5 13.75 19.714299999999998
300.0 2.5 -2.5 13.75 16.923199999999998
300.0 5.0 -2.5 13.75 6.737900000000001
300.0 7.5 -2.5 13.75 0.6741
300.0 -5.0 0.0 13.75 79007632.66669999
300.0 -2.5 0.0 13.75 8.3617
300.0 0.0 0.0 13.75 4.128299999999999
300.0 2.5 0.0 13.75 7.1753
300.0 5.0 0.0 13.75 4.3259
300.0 7.5 0.0 13.75 1.5263
300.0 -5.0 2.5 13.75 -7.242600000000001
300.0 -2.5 2.5 13.75 -12.9011
300.0 0.0 2.5 13.75 -8.1854
300.0 2.5 2.5 13.75 -0.8667
300.0 5.0 2.5 13.75 1.7308
300.0 7.5 2.5 13.75 0.8707
300.0 10.0 2.5 13.75 0.023
300.0 -5.0 5.0 13.75 17.3423
300.0 -2.5 5.0 13.75 -15.927200000000001
300.0 0.0 5.0 13.75 -7.8396
300.0 2.5 5.0 13.75 -2.7761
300.0 5.0 5.0 13.75 -0.2612
300.0 7.5 5.0 13.75 0.19619999999999999
300.0 10.0 5.0 13.75 0.0258
300.0 -2.5 -10.0 15.0 10000000072.439901
300.0 0.0 -10.0 15.0 2377.0814
300.0 2.5 -10.0 15.0 10492082.3746
300.0 5.0 -10.0 15.0 -5.6228
300.0 7.5 -10.0 15.0 -2.4463999999999997
300.0 10.0 -10.0 15.0 0.653
300.0 -5.0 -7.5 15.0 10000000024.945301
300.0 -2.5 -7.5 15.0 2067131129.9132001
300.0 0.0 -7.5 15.0 27477.3927
300.0 2.5 -7.5 15.0 0.6799999999999997
300.0 5.0 -7.5 15.0 -5.9841999999999995
300.0 7.5 -7.5 15.0 -3.2561
300.0 10.0 -7.5 15.0 -1.9198
300.0 -5.0 -5.0 15.0 1460789.558
300.0 -2.5 -5.0 15.0 50.444900000000004
300.0 0.0 -5.0 15.0 24.1498
300.0 2.5 -5.0 15.0 8.1053
300.0 5.0 -5.0 15.0 1.7043
300.0 7.5 -5.0 15.0 -1.7924
300.0 -5.0 -2.5 15.0 2263.8247
300.0 -2.5 -2.5 15.0 33.5107
300.0 0.0 -2.5 15.0 15.965799999999998
300.0 2.5 -2.5 15.0 12.0992
300.0 5.0 -2.5 15.0 4.5128
300.0 7.5 -2.5 15.0 0.1694
300.0 10.0 -2.5 15.0 -0.9368
300.0 -5.0 0.0 15.0 7130628.2078
300.0 -2.5 0.0 15.0 0.8384
300.0 0.0 0.0 15.0 4.2498
300.0 2.5 0.0 15.0 4.6998999999999995
300.0 5.0 0.0 15.0 2.9246
300.0 7.5 0.0 15.0 0.8678
300.0 10.0 0.0 15.0 -0.3421
300.0 -5.0 2.5 15.0 -17.2493
300.0 -2.5 2.5 15.0 -12.0292
300.0 0.0 2.5 15.0 -5.2887
300.0 2.5 2.5 15.0 -1.1791
300.0 5.0 2.5 15.0 1.1718000000000002
300.0 7.5 2.5 15.0 0.5442
300.0 10.0 2.5 15.0 0.0525
300.0 -5.0 5.0 15.0 -5.8561
300.0 -2.5 5.0 15.0 -9.7237
300.0 0.0 5.0 15.0 -5.2354
300.0 2.5 5.0 15.0 -1.9044
300.0 5.0 5.0 15.0 -0.0311
300.0 7.5 5.0 15.0 0.1691
300.0 10.0 5.0 15.0 0.0009
300.0 -5.0 -10.0 16.25 1552337.1484
300.0 -2.5 -10.0 16.25 9999999982.6091
300.0 0.0 -10.0 16.25 849811.5319000001
300.0 2.5 -10.0 16.25 10.6323
300.0 5.0 -10.0 16.25 -6.4379
300.0 7.5 -10.0 16.25 -1.6801
300.0 10.0 -10.0 16.25 0.6496999999999999
300.0 -5.0 -7.5 16.25 5502095.2741
300.0 -2.5 -7.5 16.25 884.096
300.0 0.0 -7.5 16.25 33.703599999999994
300.0 2.5 -7.5 16.25 -6.0625
300.0 5.0 -7.5 16.25 -5.1376
300.0 7.5 -7.5 16.25 -2.0266
300.0 10.0 -7.5 16.25 -1.5406
300.0 -5.0 -5.0 16.25 2562.2599999999998
300.0 -2.5 -5.0 16.25 22.574
300.0 0.0 -5.0 16.25 15.9431
300.0 2.5 -5.0 16.25 6.1226
300.0 5.0 -5.0 16.25 0.8566
300.0 7.5 -5.0 16.25 -1.5524
300.0 10.0 -5.0 16.25 -1.2397
300.0 -5.0 -2.5 16.25 15.2841
300.0 -2.5 -2.5 16.25 17.646
300.0 0.0 -2.5 16.25 12.9738
300.0 2.5 -2.5 16.25 8.309
300.0 5.0 -2.5 16.25 2.7232000000000003
300.0 7.5 -2.5 16.25 -0.0824
300.0 10.0 -2.5 16.25 -0.4212
300.0 -5.0 0.0 16.25 234.4176
300.0 -2.5 0.0 16.25 2.5866000000000002
300.0 0.0 0.0 16.25 3.6835
300.0 2.5 0.0 16.25 2.7134
300.0 5.0 0.0 16.25 2.1021
300.0 7.5 0.0 16.25 0.3633
300.0 10.0 0.0 16.25 -0.30720000000000003
300.0 -5.0 2.5 16.25 -12.7935
300.0 -2.5 2.5 16.25 -7.0286
300.0 0.0 2.5 16.25 -3.1444
300.0 2.5 2.5 16.25 -0.6882999999999999
300.0 5.0 2.5 16.25 0.665
300.0 7.5 2.5 16.25 0.3656
300.0 10.0 2.5 16.25 0.0026
300.0 -5.0 5.0 16.25 -5.5883
300.0 -2.5 5.0 16.25 -6.4254
300.0 0.0 5.0 16.25 -4.0145
300.0 2.5 5.0 16.25 -1.1143999999999998
300.0 5.0 5.0 16.25 0.0189
300.0 7.5 5.0 16.25 0.1052
300.0 10.0 5.0 16.25 0.0
