0.0 5.0 -7.5 6.25 10000000025.0678
0.0 -2.5 5.0 6.25 9999999996.742401
0.0 0.0 2.5 7.5 9999999997.515001
0.0 -2.5 5.0 7.5 402210358.3598
0.0 0.0 5.0 7.5 9999999990.6014
0.0 2.5 -10.0 8.75 531749135.1333
0.0 5.0 -10.0 8.75 10000000181.648602
0.0 7.5 -10.0 8.75 1297071277.3676999
0.0 0.0 -7.5 8.75 9999999961.313002
0.0 5.0 -7.5 8.75 9999999957.0811
0.0 0.0 0.0 8.75 9999999881.7907
0.0 0.0 2.5 8.75 9999999898.268702
0.0 -2.5 5.0 8.75 9999999975.130201
0.0 0.0 5.0 8.75 9999999974.915901
0.0 2.5 5.0 8.75 9999999983.187601
0.0 5.0 5.0 8.75 9999999942.3339
0.0 5.0 -10.0 10.0 58270288.274799995
0.0 7.5 -10.0 10.0 43971007.155899994
0.0 0.0 -7.5 10.0 9999999900.6931
0.0 2.5 -7.5 10.0 9999999820.139502
0.0 5.0 -7.5 10.0 9999999898.6047
0.0 -2.5 -5.0 10.0 9999999988.9216
0.0 2.5 -5.0 10.0 4651152846.8218
0.0 -2.5 -2.5 10.0 9999999948.7887
0.0 0.0 -2.5 10.0 10000000021.186401
0.0 -2.5 0.0 10.0 10000000000.37
0.0 0.0 0.0 10.0 10000000165.143702
0.0 2.5 0.0 10.0 10000000024.3929
0.0 0.0 2.5 10.0 9999999709.3089
0.0 2.5 2.5 10.0 3513825857.6717
0.0 7.5 2.5 10.0 7483468.274300001
0.0 -2.5 5.0 10.0 10000000033.196402
0.0 0.0 5.0 10.0 9999999874.095901
0.0 2.5 5.0 10.0 2074313144.0188
0.0 5.0 5.0 10.0 10000000000.450602
0.0 2.5 -10.0 11.25 1149011944.7497
0.0 5.0 -10.0 11.25 10000000474.1987
0.0 7.5 -10.0 11.25 9999999872.272001
0.0 10.0 -10.0 11.25 829743.4059
0.0 0.0 -7.5 11.25 9999999971.063501
0.0 2.5 -7.5 11.25 1916483173.0219
0.0 5.0 -7.5 11.25 9999999937.642302
0.0 7.5 -7.5 11.25 66934767.7672
0.0 -2.5 -5.0 11.25 9999999999.566301
0.0 0.0 -5.0 11.25 9999999979.780901
0.0 2.5 -5.0 11.25 10000000133.3831
0.0 5.0 -5.0 11.25 9999999928.073502
0.0 -5.0 -2.5 11.25 10000000047.0116
0.0 -2.5 -2.5 11.25 102099913.6656
0.0 0.0 -2.5 11.25 10000000210.155401
0.0 7.5 -2.5 11.25 1235408447.4557
0.0 -2.5 0.0 11.25 10000000089.7416
0.0 0.0 0.0 11.25 9999999908.0335
0.0 2.5 0.0 11.25 673472967.701
0.0 -2.5 2.5 11.25 10000000000.4703
0.0 0.0 2.5 11.25 4174342830.906
0.0 2.5 2.5 11.25 9999999913.499601
0.0 5.0 2.5 11.25 4537365577.4881
0.0 7.5 2.5 11.25 9999999982.3553
0.0 -5.0 5.0 11.25 280210559.5078
0.0 -2.5 5.0 11.25 10000000120.9367
0.0 0.0 5.0 11.25 9999999987.8048
0.0 2.5 5.0 11.25 9999999989.843801
0.0 5.0 5.0 11.25 10000000039.0613
0.0 7.5 5.0 11.25 2377421.4261
0.0 0.0 -10.0 12.5 45988965.7663
0.0 2.5 -10.0 12.5 32270337.0704
0.0 5.0 -10.0 12.5 13246564.696
0.0 7.5 -10.0 12.5 93054670.5078
0.0 10.0 -10.0 12.5 40172.1721
0.0 -2.5 -7.5 12.5 9999999924.735401
0.0 0.0 -7.5 12.5 9999999994.412802
0.0 2.5 -7.5 12.5 604254941.8289
0.0 5.0 -7.5 12.5 9999999914.731901
0.0 7.5 -7.5 12.5 9999999986.2359
0.0 10.0 -7.5 12.5 16433.425600000002
0.0 -5.0 -5.0 12.5 1297682658.6347
0.0 -2.5 -5.0 12.5 10000000019.547901
0.0 0.0 -5.0 12.5 840330622.8228999
0.0 2.5 -5.0 12.5 9999999911.730202
0.0 5.0 -5.0 12.5 10000000071.1383
0.0 7.5 -5.0 12.5 164734043.8526
0.0 10.0 -5.0 12.5 141491354.5544
0.0 -5.0 -2.5 12.5 9999999968.585001
0.0 -2.5 -2.5 12.5 1149898619.6608002
0.0 0.0 -2.5 12.5 10000000013.5976
0.0 2.5 -2.5 12.5 8195473076.6773
0.0 5.0 -2.5 12.5 8439027019.588301
0.0 7.5 -2.5 12.5 9999999930.625301
0.0 -5.0 0.0 12.5 1336591875.0667
0.0 -2.5 0.0 12.5 10000000156.4216
0.0 0.0 0.0 12.5 10000000053.3157
0.0 2.5 0.0 12.5 2012399700.7368
0.0 5.0 0.0 12.5 10000000008.267
0.0 -2.5 2.5 12.5 4999582100.8794
0.0 0.0 2.5 12.5 10000000042.686
0.0 2.5 2.5 12.5 106149129.596
0.0 5.0 2.5 12.5 10000000075.5473
0.0 7.5 2.5 12.5 3018659.3030999997
0.0 10.0 2.5 12.5 16.984499999999997
0.0 -5.0 5.0 12.5 2524972600.5881
0.0 -2.5 5.0 12.5 138737433.64479998
0.0 0.0 5.0 12.5 9999999957.843
0.0 2.5 5.0 12.5 10000000454.3663
0.0 5.0 5.0 12.5 10000000043.301401
0.0 7.5 5.0 12.5 854208895.2495
0.0 10.0 5.0 12.5 36020.1
0.0 0.0 -10.0 13.75 424142529.9559
0.0 2.5 -10.0 13.75 3149022594.0148997
0.0 5.0 -10.0 13.75 748465916.6601
0.0 7.5 -10.0 13.75 131586102.14809999
0.0 10.0 -10.0 13.75 11828.4323
0.0 -2.5 -7.5 13.75 9999999988.7716
0.0 0.0 -7.5 13.75 1044075354.737
0.0 2.5 -7.5 13.75 4120387553.5057
0.0 5.0 -7.5 13.75 1865752361.6126
0.0 7.5 -7.5 13.75 9999999789.342901
0.0 10.0 -7.5 13.75 1409.3928
0.0 -5.0 -5.0 13.75 947732515.6892
0.0 -2.5 -5.0 13.75 5488961160.6587
0.0 0.0 -5.0 13.75 864559.1677
0.0 2.5 -5.0 13.75 9999999914.7738
0.0 5.0 -5.0 13.75 13565364.1502
0.0 7.5 -5.0 13.75 451537237.3641
0.0 10.0 -5.0 13.75 3993674.5872000004
0.0 -5.0 -2.5 13.75 1917912005.0983
0.0 -2.5 -2.5 13.75 7271788953.233999
0.0 0.0 -2.5 13.75 10000000156.4673
0.0 2.5 -2.5 13.75 9999999876.2014
0.0 5.0 -2.5 13.75 9999999937.2705
0.0 7.5 -2.5 13.75 33102283.5684
0.0 -5.0 0.0 13.75 1065218734.2897999
0.0 -2.5 0.0 13.75 9999999919.322102
0.0 0.0 0.0 13.75 10000000130.1049
0.0 2.5 0.0 13.75 9999999912.328402
0.0 5.0 0.0 13.75 9999999915.9913
0.0 7.5 0.0 13.75 299181912.9745
0.0 -5.0 2.5 13.75 10000000007.896
0.0 -2.5 2.5 13.75 129806100.50510001
0.0 0.0 2.5 13.75 6365462080.7861
0.0 2.5 2.5 13.75 63693642.6985
0.0 5.0 2.5 13.75 9999999810.452501
0.0 7.5 2.5 13.75 34129279.4532
0.0 10.0 2.5 13.75 15.4832
0.0 -5.0 5.0 13.75 23400729.742700003
0.0 -2.5 5.0 13.75 10000000034.1924
0.0 0.0 5.0 13.75 9999999979.1973
0.0 2.5 5.0 13.75 938835573.9472001
0.0 5.0 5.0 13.75 9999999947.4916
0.0 7.5 5.0 13.75 9999999967.3313
0.0 10.0 5.0 13.75 53.8883
0.0 -5.0 -10.0 15.0 69859.95740000001
0.0 -2.5 -10.0 15.0 5805901.891
0.0 0.0 -10.0 15.0 10000000019.8103
0.0 2.5 -10.0 15.0 1228405821.0930002
0.0 5.0 -10.0 15.0 59360998.5172
0.0 7.5 -10.0 15.0 9999999876.904202
0.0 10.0 -10.0 15.0 412.7641
0.0 -5.0 -7.5 15.0 105575947.0031
0.0 -2.5 -7.5 15.0 9999999977.8668
0.0 0.0 -7.5 15.0 65480015.4863
0.0 2.5 -7.5 15.0 129205194.8988
0.0 5.0 -7.5 15.0 9999999990.5933
0.0 7.5 -7.5 15.0 182109219.54839998
0.0 10.0 -7.5 15.0 53.102900000000005
0.0 -5.0 -5.0 15.0 178958.6442
0.0 -2.5 -5.0 15.0 206398649.7497
0.0 0.0 -5.0 15.0 141704646.33380002
0.0 2.5 -5.0 15.0 10000000005.6081
0.0 5.0 -5.0 15.0 9999999944.2985
0.0 7.5 -5.0 15.0 15560092.543
0.0 10.0 -5.0 15.0 3891.9089
0.0 -5.0 -2.5 15.0 1248424434.8994
0.0 -2.5 -2.5 15.0 114106152.619
0.0 0.0 -2.5 15.0 323515050.5457
0.0 2.5 -2.5 15.0 9999999874.670502
0.0 5.0 -2.5 15.0 161100779.89609998
0.0 7.5 -2.5 15.0 2135032.5202
0.0 10.0 -2.5 15.0 139067.6649
0.0 -5.0 0.0 15.0 9999999979.4766
0.0 -2.5 0.0 15.0 9999999868.7936
0.0 0.0 0.0 15.0 9999999994.9291
0.0 2.5 0.0 15.0 10000000010.2318
0.0 5.0 0.0 15.0 9999999999.947802
0.0 7.5 0.0 15.0 7742082292.425301
0.0 10.0 0.0 15.0 160.6121
0.0 -5.0 2.5 15.0 9999999925.5454
0.0 -2.5 2.5 15.0 3837261.7476000004
0.0 0.0 2.5 15.0 31928855.9225
0.0 2.5 2.5 15.0 1713839690.6411
0.0 5.0 2.5 15.0 203447248.66
0.0 7.5 2.5 15.0 879270.9839
0.0 10.0 2.5 15.0 11.192499999999999
0.0 -5.0 5.0 15.0 91048121.301
0.0 -2.5 5.0 15.0 290309.2301
0.0 0.0 5.0 15.0 15705658.0428
0.0 2.5 5.0 15.0 7009846473.030499
0.0 5.0 5.0 15.0 13897551.9302
0.0 7.5 5.0 15.0 2314.5084
0.0 10.0 5.0 15.0 9.5332
0.0 -5.0 -10.0 16.25 9100.6888
0.0 -2.5 -10.0 16.25 2148210857.3389
0.0 0.0 -10.0 16.25 9999999957.7178
0.0 2.5 -10.0 16.25 44038027.0236
0.0 5.0 -10.0 16.25 232113.74699999997
0.0 7.5 -10.0 16.25 10000000065.0312
0.0 10.0 -10.0 16.25 12.918000000000003
0.0 -5.0 -7.5 16.25 3652.9549
0.0 -2.5 -7.5 16.25 206964740.8728
0.0 0.0 -7.5 16.25 7787337595.5422
0.0 2.5 -7.5 16.25 13885801.1595
0.0 5.0 -7.5 16.25 2093505491.4906
0.0 7.5 -7.5 16.25 7624192.0625
0.0 10.0 -7.5 16.25 -29.7349
0.0 -5.0 -5.0 16.25 6369397.5141
0.0 -2.5 -5.0 16.25 13481294.6439
0.0 0.0 -5.0 16.25 36380912.5461
0.0 2.5 -5.0 16.25 9999999941.8861
0.0 5.0 -5.0 16.25 9999999985.8747
0.0 7.5 -5.0 16.25 1831.2066000000002
0.0 10.0 -5.0 16.25 -17.6335
0.0 -5.0 -2.5 16.25 9999999984.6336
0.0 -2.5 -2.5 16.25 425395542.3269
0.0 0.0 -2.5 16.25 9999999987.0898
0.0 2.5 -2.5 16.25 9999999946.848202
0.0 5.0 -2.5 16.25 987139359.4603001
0.0 7.5 -2.5 16.25 566813.4064999999
0.0 10.0 -2.5 16.25 3949.3833000000004
0.0 -5.0 0.0 16.25 52337437.6166
0.0 -2.5 0.0 16.25 9999999961.367
0.0 0.0 0.0 16.25 10000000002.6478
0.0 2.5 0.0 16.25 9999999944.730501
0.0 5.0 0.0 16.25 9999999991.075401
0.0 7.5 0.0 16.25 43174712.1736
0.0 10.0 0.0 16.25 28.28
0.0 -5.0 2.5 16.25 55551.3352
0.0 -2.5 2.5 16.25 41868513.7832
0.0 0.0 2.5 16.25 229066393.13799998
0.0 2.5 2.5 16.25 7852496.4319
0.0 5.0 2.5 16.25 675880700.4197999
0.0 7.5 2.5 16.25 202.3631
0.0 10.0 2.5 16.25 8.91
0.0 -5.0 5.0 16.25 2222.6076000000003
0.0 -2.5 5.0 16.25 9294.078599999999
0.0 0.0 5.0 16.25 507.17819999999995
0.0 2.5 5.0 16.25 1678.7040000000002
0.0 5.0 5.0 16.25 2126.2693
0.0 7.5 5.0 16.25 6.6155
0.0 10.0 5.0 16.25 7.694100000000001
60.0 -5.0 -10.0 3.75 742898804.4596
60.0 -2.5 -10.0 3.75 9999999804.077301
60.0 0.0 -10.0 3.75 322445397.9149
60.0 2.5 -10.0 3.75 9999999842.241001
60.0 5.0 -10.0 3.75 10000000036.7766
60.0 7.5 -10.0 3.75 18921623.9207
60.0 10.0 -10.0 3.75 1045.5011
60.0 -5.0 -7.5 3.75 935548817.5393001
60.0 -2.5 -7.5 3.75 10000000179.8964
60.0 0.0 -7.5 3.75 10000000291.6389
60.0 2.5 -7.5 3.75 9999999878.9669
60.0 5.0 -7.5 3.75 9999999984.325
60.0 7.5 -7.5 3.75 16179949.9333
60.0 10.0 -7.5 3.75 21972.8286
60.0 -5.0 -5.0 3.75 10000000080.3693
60.0 -2.5 -5.0 3.75 10000000052.972301
60.0 0.0 -5.0 3.75 10000000214.8271
60.0 2.5 -5.0 3.75 10000000122.2077
60.0 5.0 -5.0 3.75 2242492606.0765
60.0 7.5 -5.0 3.75 434759400.6465
60.0 10.0 -5.0 3.75 122960495.9968
60.0 -5.0 -2.5 3.75 4508361062.5913
60.0 -2.5 -2.5 3.75 8930174957.8297
60.0 0.0 -2.5 3.75 10000000465.8444
60.0 2.5 -2.5 3.75 10000000404.192701
60.0 5.0 -2.5 3.75 924986455.9248
60.0 7.5 -2.5 3.75 10000000090.170502
60.0 10.0 -2.5 3.75 67314313.9051
60.0 -5.0 0.0 3.75 3761182129.0081997
60.0 -2.5 0.0 3.75 9999999920.411402
60.0 0.0 0.0 3.75 10000000144.975
60.0 2.5 0.0 3.75 9999999970.822601
60.0 5.0 0.0 3.75 979400229.4307
60.0 7.5 0.0 3.75 1064871336.5302
60.0 10.0 0.0 3.75 5341605.901
60.0 -5.0 2.5 3.75 204542873.9719
60.0 -2.5 2.5 3.75 10000000168.8897
60.0 0.0 2.5 3.75 9999999689.4669
60.0 2.5 2.5 3.75 16166293.988200001
60.0 5.0 2.5 3.75 1411635295.1539998
60.0 7.5 2.5 3.75 425106364.40999997
60.0 10.0 2.5 3.75 110363193.3605
60.0 -5.0 5.0 3.75 100124475.33649999
60.0 -2.5 5.0 3.75 9999999973.124601
60.0 0.0 5.0 3.75 9999999902.123201
60.0 2.5 5.0 3.75 37923220.0698
60.0 5.0 5.0 3.75 451150.843
60.0 7.5 5.0 3.75 9999999943.693602
60.0 10.0 5.0 3.75 9999999961.9291
60.0 2.5 -2.5 5.0 10000000056.098501
60.0 0.0 0.0 5.0 10000000348.6623
60.0 0.0 2.5 5.0 9999999876.3673
60.0 2.5 -2.5 6.25 9999999806.1779
60.0 0.0 0.0 6.25 10000000042.3925
60.0 0.0 2.5 6.25 702648864.9810001
60.0 0.0 5.0 6.25 9999999888.478102
60.0 2.5 -5.0 7.5 9999999751.9113
60.0 2.5 -2.5 7.5 10000000339.920301
60.0 5.0 -2.5 7.5 9999999752.1704
60.0 -2.5 0.0 7.5 9999999978.975
60.0 0.0 0.0 7.5 10000000074.332602
60.0 2.5 0.0 7.5 9999999907.382301
60.0 0.0 2.5 7.5 9999999944.031
60.0 0.0 5.0 7.5 9999999995.999401
60.0 2.5 -7.5 8.75 10000000091.9209
60.0 2.5 -5.0 8.75 6206682837.9293
60.0 5.0 -5.0 8.75 912162219.0834
60.0 0.0 -2.5 8.75 10000000374.9755
60.0 2.5 -2.5 8.75 10000000120.480902
60.0 -2.5 0.0 8.75 9999999998.3901
60.0 0.0 0.0 8.75 9999999885.6819
60.0 2.5 0.0 8.75 9999999773.8785
60.0 -2.5 2.5 8.75 9999999974.743101
60.0 0.0 2.5 8.75 9999999817.114601
60.0 0.0 5.0 8.75 10000000000.019402
60.0 5.0 -10.0 10.0 73404.3896
60.0 2.5 -7.5 10.0 1414700610.2429998
60.0 5.0 -7.5 10.0 9999999928.3066
60.0 7.5 -7.5 10.0 517381164.5835
60.0 0.0 -5.0 10.0 9183650970.657501
60.0 2.5 -5.0 10.0 10000000008.709501
60.0 5.0 -5.0 10.0 9999999827.835701
60.0 -2.5 -2.5 10.0 9999999984.6394
60.0 0.0 -2.5 10.0 10000000119.030201
60.0 2.5 -2.5 10.0 9999999968.661001
60.0 5.0 -2.5 10.0 1154677505.2049
60.0 7.5 -2.5 10.0 1471997119.0156
60.0 -2.5 0.0 10.0 10000000081.521801
60.0 0.0 0.0 10.0 10000000144.355501
60.0 2.5 0.0 10.0 1360611237.9696
60.0 -2.5 2.5 10.0 6533498144.9276
60.0 0.0 2.5 10.0 10000000068.031801
60.0 2.5 2.5 10.0 9999999930.486
60.0 -2.5 5.0 10.0 8621248053.386702
60.0 0.0 5.0 10.0 9999999964.7833
60.0 2.5 5.0 10.0 7482631039.4835005
60.0 2.5 -10.0 11.25 202264828.5385
60.0 5.0 -10.0 11.25 146130437.1731
60.0 10.0 -10.0 11.25 -37.607699999999994
60.0 0.0 -7.5 11.25 8403992127.2652
60.0 2.5 -7.5 11.25 6708183422.0676
60.0 5.0 -7.5 11.25 1605801319.3366
60.0 7.5 -7.5 11.25 9999999927.6056
60.0 0.0 -5.0 11.25 2680571634.6016
60.0 2.5 -5.0 11.25 9999999996.5701
60.0 5.0 -5.0 11.25 9999999993.051
60.0 -2.5 -2.5 11.25 10000000122.3227
60.0 0.0 -2.5 11.25 9999999954.401201
60.0 2.5 -2.5 11.25 10000000125.0706
60.0 5.0 -2.5 11.25 9999999976.679602
60.0 7.5 -2.5 11.25 679168937.8780999
60.0 -5.0 0.0 11.25 9999999839.8712
60.0 -2.5 0.0 11.25 9999999972.8582
60.0 0.0 0.0 11.25 303379928.99300003
60.0 2.5 0.0 11.25 9999999967.702501
60.0 5.0 0.0 11.25 10000000078.4141
60.0 -5.0 2.5 11.25 10000000052.8929
60.0 -2.5 2.5 11.25 10000000070.8808
60.0 0.0 2.5 11.25 10000000055.4379
60.0 2.5 2.5 11.25 6844076203.881801
60.0 5.0 2.5 11.25 37163864.4628
60.0 -2.5 5.0 11.25 9999999946.4867
60.0 0.0 5.0 11.25 10000000035.4141
60.0 2.5 5.0 11.25 984735056.2754999
60.0 5.0 5.0 11.25 144485216.4993
60.0 7.5 5.0 11.25 129204078.199
60.0 -2.5 -10.0 12.5 871220452.8437
60.0 0.0 -10.0 12.5 10000000061.3314
60.0 2.5 -10.0 12.5 10000000095.9827
60.0 5.0 -10.0 12.5 1530140479.8277001
60.0 7.5 -10.0 12.5 251212.866
60.0 10.0 -10.0 12.5 -28.3367
60.0 0.0 -7.5 12.5 86998792.2449
60.0 2.5 -7.5 12.5 10000000059.912802
60.0 5.0 -7.5 12.5 10000000067.2709
60.0 7.5 -7.5 12.5 24658420.0583
60.0 10.0 -7.5 12.5 -63.5899
60.0 -2.5 -5.0 12.5 10000000004.944801
60.0 0.0 -5.0 12.5 10000000176.7296
60.0 2.5 -5.0 12.5 263686346.33209997
60.0 5.0 -5.0 12.5 10000000029.776001
60.0 7.5 -5.0 12.5 65066742.4534
60.0 -5.0 -2.5 12.5 7369322991.6721
60.0 -2.5 -2.5 12.5 9999999925.5764
60.0 0.0 -2.5 12.5 10000000047.203402
60.0 2.5 -2.5 12.5 9999999850.846802
60.0 5.0 -2.5 12.5 9999999862.639101
60.0 7.5 -2.5 12.5 9999999969.423601
60.0 -5.0 0.0 12.5 9999999986.447802
60.0 -2.5 0.0 12.5 9999999957.439402
60.0 0.0 0.0 12.5 10000000074.276201
60.0 2.5 0.0 12.5 9999999914.759201
60.0 5.0 0.0 12.5 2836773584.4091
60.0 -5.0 2.5 12.5 9999999978.5217
60.0 -2.5 2.5 12.5 10000000039.7019
60.0 0.0 2.5 12.5 9999999781.228401
60.0 2.5 2.5 12.5 10000000008.599
60.0 5.0 2.5 12.5 10000000079.1452
60.0 7.5 2.5 12.5 905226422.0031
60.0 -5.0 5.0 12.5 9999999966.7479
60.0 -2.5 5.0 12.5 908354135.9671
60.0 0.0 5.0 12.5 1896634423.7428
60.0 2.5 5.0 12.5 1361458715.8293998
60.0 5.0 5.0 12.5 480745882.4562
60.0 7.5 5.0 12.5 4653944664.7846
60.0 10.0 5.0 12.5 2780413.4510999997
60.0 -2.5 -10.0 13.75 10000000220.345201
60.0 0.0 -10.0 13.75 515003812.9362
60.0 2.5 -10.0 13.75 10000000076.726501
60.0 5.0 -10.0 13.75 124784509.2399
60.0 7.5 -10.0 13.75 615825.6888
60.0 10.0 -10.0 13.75 -20.6921
60.0 0.0 -7.5 13.75 10000000039.115002
60.0 2.5 -7.5 13.75 292184595.7432
60.0 5.0 -7.5 13.75 1160297275.0381
60.0 7.5 -7.5 13.75 172083.6007
60.0 10.0 -7.5 13.75 -38.5004
60.0 -2.5 -5.0 13.75 233655194.7281
60.0 0.0 -5.0 13.75 726551790.803
60.0 2.5 -5.0 13.75 10000000018.193201
60.0 5.0 -5.0 13.75 9999999972.630901
60.0 7.5 -5.0 13.75 22685624.657899998
60.0 10.0 -5.0 13.75 78726.1481
60.0 -5.0 -2.5 13.75 36578902.5353
60.0 -2.5 -2.5 13.75 2421858815.9674
60.0 0.0 -2.5 13.75 9999999969.399
60.0 2.5 -2.5 13.75 8003915656.8762
60.0 5.0 -2.5 13.75 9999999985.9029
60.0 7.5 -2.5 13.75 905352265.2937
60.0 -5.0 0.0 13.75 9999999927.358501
60.0 -2.5 0.0 13.75 9999999905.477901
60.0 0.0 0.0 13.75 10000000094.3584
60.0 2.5 0.0 13.75 9999999987.6392
60.0 5.0 0.0 13.75 289752793.1944
60.0 -5.0 2.5 13.75 815035411.117
60.0 -2.5 2.5 13.75 9999999967.9311
60.0 0.0 2.5 13.75 9999999936.8418
60.0 2.5 2.5 13.75 10000000011.0151
60.0 5.0 2.5 13.75 409377583.4616
60.0 7.5 2.5 13.75 72550869.9825
60.0 -5.0 5.0 13.75 10000000015.6285
60.0 -2.5 5.0 13.75 1765559902.5089998
60.0 0.0 5.0 13.75 9999999944.598701
60.0 2.5 5.0 13.75 378784043.1853
60.0 5.0 5.0 13.75 9155677141.1402
60.0 7.5 5.0 13.75 365056321.7198
60.0 10.0 5.0 13.75 59836.0117
60.0 -5.0 -10.0 15.0 26124.3979
60.0 -2.5 -10.0 15.0 9999999950.9874
60.0 0.0 -10.0 15.0 10000000246.066502
60.0 2.5 -10.0 15.0 10000000059.8717
60.0 5.0 -10.0 15.0 10000000032.4104
60.0 7.5 -10.0 15.0 15166.002
60.0 10.0 -10.0 15.0 -13.3647
60.0 -5.0 -7.5 15.0 2999.222
60.0 -2.5 -7.5 15.0 1178586.5454
60.0 0.0 -7.5 15.0 6498811.6471
60.0 2.5 -7.5 15.0 56508465.3844
60.0 5.0 -7.5 15.0 332250492.4946
60.0 7.5 -7.5 15.0 2214388.284
60.0 10.0 -7.5 15.0 -29.473
60.0 -5.0 -5.0 15.0 528564030.3578
60.0 -2.5 -5.0 15.0 3255267.3503
60.0 0.0 -5.0 15.0 648648692.6979
60.0 2.5 -5.0 15.0 1540841424.9217
60.0 5.0 -5.0 15.0 1179102280.682
60.0 7.5 -5.0 15.0 2845195534.4057
60.0 10.0 -5.0 15.0 1824.5481
60.0 -5.0 -2.5 15.0 561412.9400000001
60.0 -2.5 -2.5 15.0 1953400748.3724
60.0 0.0 -2.5 15.0 9999999884.516901
60.0 2.5 -2.5 15.0 10000000001.932901
60.0 5.0 -2.5 15.0 5559975.3903
60.0 7.5 -2.5 15.0 4797933020.3332
60.0 10.0 -2.5 15.0 15049.324999999999
60.0 -5.0 0.0 15.0 9318506249.9083
60.0 -2.5 0.0 15.0 1058564026.9039
60.0 0.0 0.0 15.0 60883760.735199995
60.0 2.5 0.0 15.0 689891540.4201001
60.0 5.0 0.0 15.0 6854347704.7463
60.0 7.5 0.0 15.0 134553751.7117
60.0 -5.0 2.5 15.0 16464764.2514
60.0 -2.5 2.5 15.0 3339489377.2514
60.0 0.0 2.5 15.0 9999999951.2773
60.0 2.5 2.5 15.0 9999999972.829802
60.0 5.0 2.5 15.0 1743396150.9102
60.0 7.5 2.5 15.0 8427396321.774
60.0 10.0 2.5 15.0 476813.09239999996
60.0 -5.0 5.0 15.0 9999999988.759602
60.0 -2.5 5.0 15.0 1337847114.2298
60.0 0.0 5.0 15.0 2391895468.2398996
60.0 2.5 5.0 15.0 1009426384.6661999
60.0 5.0 5.0 15.0 371925.7035
60.0 7.5 5.0 15.0 371241.9766
60.0 10.0 5.0 15.0 126.2554
60.0 -5.0 -10.0 16.25 20.116300000000003
60.0 -2.5 -10.0 16.25 575.0991
60.0 0.0 -10.0 16.25 58683029.3006
60.0 2.5 -10.0 16.25 10000000020.468601
60.0 5.0 -10.0 16.25 3035452.86
60.0 7.5 -10.0 16.25 214.2175
60.0 10.0 -10.0 16.25 -6.909800000000001
60.0 -5.0 -7.5 16.25 292.2714
60.0 -2.5 -7.5 16.25 98.7866
60.0 0.0 -7.5 16.25 433531233.32
60.0 2.5 -7.5 16.25 10000000070.329601
60.0 5.0 -7.5 16.25 4417342.0598
60.0 7.5 -7.5 16.25 9787.693800000001
60.0 10.0 -7.5 16.25 -17.996100000000002
60.0 -5.0 -5.0 16.25 5153516.5167000005
60.0 -2.5 -5.0 16.25 324951.2843
60.0 0.0 -5.0 16.25 9999999952.895601
60.0 2.5 -5.0 16.25 9999999990.9951
60.0 5.0 -5.0 16.25 10000000065.649101
60.0 7.5 -5.0 16.25 10000000009.7402
60.0 10.0 -5.0 16.25 320.6116
60.0 -5.0 -2.5 16.25 9646972433.3301
60.0 -2.5 -2.5 16.25 9999999984.0641
60.0 0.0 -2.5 16.25 10000000002.9561
60.0 2.5 -2.5 16.25 263014289.1217
60.0 5.0 -2.5 16.25 90369490.25320001
60.0 7.5 -2.5 16.25 363796601.84840006
60.0 10.0 -2.5 16.25 96.8184
60.0 -5.0 0.0 16.25 5757127.2933
60.0 -2.5 0.0 16.25 49128028.8188
60.0 0.0 0.0 16.25 217909096.91120002
60.0 2.5 0.0 16.25 9999999879.914701
60.0 5.0 0.0 16.25 579635124.9175999
60.0 7.5 0.0 16.25 16099.4483
60.0 10.0 0.0 16.25 -9.3896
60.0 -5.0 2.5 16.25 517462.10599999997
60.0 -2.5 2.5 16.25 7057084174.458099
60.0 0.0 2.5 16.25 1121966.3539999998
60.0 2.5 2.5 16.25 11788994.8689
60.0 5.0 2.5 16.25 9999999925.5466
60.0 7.5 2.5 16.25 69432480.9013
60.0 10.0 2.5 16.25 32.6168
60.0 -5.0 5.0 16.25 109472823.53060001
60.0 -2.5 5.0 16.25 352024823.8882
60.0 0.0 5.0 16.25 516961.71030000004
60.0 2.5 5.0 16.25 37098.020099999994
60.0 5.0 5.0 16.25 44714.8807
60.0 7.5 5.0 16.25 6105.6026
60.0 10.0 5.0 16.25 2.1095
120.0 -5.0 -10.0 3.75 675986985.5827
120.0 -2.5 -10.0 3.75 1307102648.487
120.0 0.0 -10.0 3.75 10000000006.1912
120.0 2.5 -10.0 3.75 9999999887.8617
120.0 5.0 -10.0 3.75 2348389778.7209
120.0 7.5 -10.0 3.75 9999999736.9822
120.0 10.0 -10.0 3.75 92973.7748
120.0 -5.0 -7.5 3.75 9999999953.559502
120.0 -2.5 -7.5 3.75 22521722.420700002
120.0 0.0 -7.5 3.75 10000000313.4281
120.0 2.5 -7.5 3.75 10000000193.727001
120.0 5.0 -7.5 3.75 9999999810.0256
120.0 7.5 -7.5 3.75 10000000131.034
120.0 10.0 -7.5 3.75 9999999638.985802
120.0 -5.0 -5.0 3.75 9999999774.6956
120.0 -2.5 -5.0 3.75 9999999770.4451
120.0 0.0 -5.0 3.75 10000000064.350801
120.0 2.5 -5.0 3.75 9999999721.8341
120.0 5.0 -5.0 3.75 10000000421.8712
120.0 7.5 -5.0 3.75 724472845.9781001
120.0 10.0 -5.0 3.75 9999999895.701101
120.0 -5.0 -2.5 3.75 10000000068.7404
120.0 -2.5 -2.5 3.75 9999999837.834002
120.0 0.0 -2.5 3.75 9999999868.633902
120.0 2.5 -2.5 3.75 1717350769.6688
120.0 5.0 -2.5 3.75 9999999920.210001
120.0 7.5 -2.5 3.75 466510092.3304
120.0 10.0 -2.5 3.75 14639.0909
120.0 -5.0 0.0 3.75 10000000008.415602
120.0 -2.5 0.0 3.75 9999999961.2304
120.0 0.0 0.0 3.75 10000000203.1737
120.0 2.5 0.0 3.75 1173790470.536
120.0 5.0 0.0 3.75 78672463.7762
120.0 7.5 0.0 3.75 753860903.0095
120.0 10.0 0.0 3.75 33.7293
120.0 -5.0 2.5 3.75 1640337897.1208
120.0 -2.5 2.5 3.75 25875087.992000002
120.0 0.0 2.5 3.75 1046881253.3213
120.0 2.5 2.5 3.75 10000000132.2094
120.0 5.0 2.5 3.75 411786223.6114
120.0 7.5 2.5 3.75 31665387.173499998
120.0 10.0 2.5 3.75 3294.291
120.0 -5.0 5.0 3.75 144.04240000000001
120.0 -2.5 5.0 3.75 716771.7011000001
120.0 0.0 5.0 3.75 251453211.8062
120.0 2.5 5.0 3.75 3397563469.2767997
120.0 5.0 5.0 3.75 334698970.70589995
120.0 7.5 5.0 3.75 3071172.7634
120.0 10.0 5.0 3.75 38.9511
120.0 -2.5 5.0 5.0 5438346.4415
120.0 -2.5 2.5 6.25 10000000050.6417
120.0 -2.5 5.0 6.25 107149658.2421
120.0 2.5 -7.5 7.5 10000000141.1513
120.0 0.0 -5.0 7.5 10000000074.528502
120.0 -2.5 0.0 7.5 9999999882.9326
120.0 -2.5 2.5 7.5 1129604529.6905
120.0 0.0 2.5 7.5 610901636.9300001
120.0 -2.5 5.0 7.5 4040762651.4669
120.0 0.0 5.0 7.5 10000000277.4862
120.0 2.5 -7.5 8.75 10000000017.287
120.0 5.0 -7.5 8.75 9999999880.3581
120.0 0.0 -5.0 8.75 9999999846.7296
120.0 0.0 0.0 8.75 5717892968.7852
120.0 -2.5 2.5 8.75 9999999813.1877
120.0 0.0 2.5 8.75 9999999739.414001
120.0 -5.0 5.0 8.75 1687153416.6828
120.0 -2.5 5.0 8.75 2567885382.442
120.0 0.0 5.0 8.75 10000000000.7707
120.0 2.5 5.0 8.75 1224252527.1001
120.0 2.5 -10.0 10.0 297589709.4385
120.0 2.5 -7.5 10.0 9999999986.3535
120.0 5.0 -7.5 10.0 6463773945.486
120.0 7.5 -7.5 10.0 9046509015.5381
120.0 -2.5 -5.0 10.0 10000000002.266201
120.0 0.0 -5.0 10.0 10000000193.114601
120.0 2.5 -5.0 10.0 9999999741.0627
120.0 0.0 -2.5 10.0 9999999980.8635
120.0 0.0 0.0 10.0 9999999966.4037
120.0 2.5 0.0 10.0 9999999947.761002
120.0 -5.0 2.5 10.0 9999999971.065102
120.0 -2.5 2.5 10.0 9999999895.1376
120.0 0.0 2.5 10.0 10000000108.1411
120.0 2.5 2.5 10.0 9999999924.126202
120.0 -5.0 5.0 10.0 4920961185.898299
120.0 -2.5 5.0 10.0 10000000226.6084
120.0 0.0 5.0 10.0 551118982.9468
120.0 2.5 5.0 10.0 9999999999.891602
120.0 5.0 5.0 10.0 24033449.3063
120.0 2.5 -10.0 11.25 9999999992.2523
120.0 5.0 -10.0 11.25 9999999956.0844
120.0 10.0 -10.0 11.25 5358802.3388
120.0 -2.5 -7.5 11.25 9999999973.3155
120.0 0.0 -7.5 11.25 21355244.0641
120.0 2.5 -7.5 11.25 10000000066.543001
120.0 5.0 -7.5 11.25 3203250180.9436
120.0 7.5 -7.5 11.25 871203228.0258
120.0 -2.5 -5.0 11.25 10000000047.5356
120.0 0.0 -5.0 11.25 2292106368.8484
120.0 2.5 -5.0 11.25 10000000177.9044
120.0 5.0 -5.0 11.25 9999999898.328201
120.0 7.5 -5.0 11.25 1689961803.7208002
120.0 0.0 -2.5 11.25 9999999899.688702
120.0 2.5 -2.5 11.25 10000000103.125101
120.0 -5.0 0.0 11.25 409758062.33650005
120.0 -2.5 0.0 11.25 9999999877.185701
120.0 0.0 0.0 11.25 2426703253.1879997
120.0 2.5 0.0 11.25 2484462214.3371
120.0 -5.0 2.5 11.25 6209366155.9461
120.0 -2.5 2.5 11.25 10000000055.6292
120.0 0.0 2.5 11.25 9999999996.5639
120.0 2.5 2.5 11.25 10000000076.010601
120.0 -5.0 5.0 11.25 9999999902.008001
120.0 -2.5 5.0 11.25 9999999932.8327
120.0 0.0 5.0 11.25 3273447109.9032
120.0 2.5 5.0 11.25 10000000033.7882
120.0 5.0 5.0 11.25 9999999996.074001
120.0 7.5 5.0 11.25 25486247.5052
120.0 -5.0 -10.0 12.5 142723847.6363
120.0 -2.5 -10.0 12.5 7432207.1850000005
120.0 0.0 -10.0 12.5 213863.8341
120.0 2.5 -10.0 12.5 10000000025.170101
120.0 5.0 -10.0 12.5 98978393.8001
120.0 7.5 -10.0 12.5 384328.16949999996
120.0 10.0 -10.0 12.5 89875.1167
120.0 -2.5 -7.5 12.5 36250951.050299995
120.0 0.0 -7.5 12.5 10000000028.6893
120.0 2.5 -7.5 12.5 9999999991.791801
120.0 5.0 -7.5 12.5 9999999932.864302
120.0 7.5 -7.5 12.5 246066401.13230002
120.0 10.0 -7.5 12.5 80635705.8354
120.0 -2.5 -5.0 12.5 450411785.5763
120.0 0.0 -5.0 12.5 1197538620.2777
120.0 2.5 -5.0 12.5 10000000117.839401
120.0 5.0 -5.0 12.5 2761907081.1773
120.0 -5.0 -2.5 12.5 10000000095.8311
120.0 -2.5 -2.5 12.5 441594647.9167
120.0 0.0 -2.5 12.5 9370033764.3743
120.0 2.5 -2.5 12.5 10000000064.321701
120.0 5.0 -2.5 12.5 9999999978.607302
120.0 -5.0 0.0 12.5 10000000035.948
120.0 -2.5 0.0 12.5 10000000161.5484
120.0 0.0 0.0 12.5 10000000051.6749
120.0 2.5 0.0 12.5 1121216827.1144
120.0 5.0 0.0 12.5 9999999885.244001
120.0 -5.0 2.5 12.5 575264690.1018001
120.0 -2.5 2.5 12.5 10000000058.965302
120.0 0.0 2.5 12.5 10000000035.5837
120.0 2.5 2.5 12.5 10000000181.285501
120.0 5.0 2.5 12.5 10000000006.2838
120.0 -5.0 5.0 12.5 6727936047.496799
120.0 -2.5 5.0 12.5 10000000002.4241
120.0 0.0 5.0 12.5 3943902576.9467998
120.0 2.5 5.0 12.5 9999999958.606201
120.0 5.0 5.0 12.5 2057306708.0676
120.0 7.5 5.0 12.5 2785.1393000000003
120.0 -5.0 -10.0 13.75 2253609.8372
120.0 -2.5 -10.0 13.75 4530150.5343
120.0 0.0 -10.0 13.75 13432.8179
120.0 2.5 -10.0 13.75 8787709.8033
120.0 5.0 -10.0 13.75 20764005.7966
120.0 7.5 -10.0 13.75 3351882.8195
120.0 10.0 -10.0 13.75 43898.1921
120.0 -2.5 -7.5 13.75 84260099.8545
120.0 0.0 -7.5 13.75 713894.016
120.0 2.5 -7.5 13.75 9999999990.328001
120.0 5.0 -7.5 13.75 10000000057.7784
120.0 7.5 -7.5 13.75 33247.69439999999
120.0 10.0 -7.5 13.75 150949.9197
120.0 -2.5 -5.0 13.75 4070302164.6664
120.0 0.0 -5.0 13.75 255906695.5469
120.0 2.5 -5.0 13.75 9999999961.4118
120.0 5.0 -5.0 13.75 10000000000.0328
120.0 7.5 -5.0 13.75 10263399.7008
120.0 10.0 -5.0 13.75 50427345.913899995
120.0 -5.0 -2.5 13.75 613533933.8563
120.0 -2.5 -2.5 13.75 10000000001.468601
120.0 0.0 -2.5 13.75 9850400459.3208
120.0 2.5 -2.5 13.75 9999999980.897001
120.0 5.0 -2.5 13.75 754230794.8922
120.0 -5.0 0.0 13.75 1674705234.688
120.0 -2.5 0.0 13.75 9999999924.9078
120.0 0.0 0.0 13.75 9999999922.218
120.0 2.5 0.0 13.75 10000000051.6373
120.0 5.0 0.0 13.75 1515302847.6627
120.0 -5.0 2.5 13.75 5520642756.3096
120.0 -2.5 2.5 13.75 9999999877.6166
120.0 0.0 2.5 13.75 9999999997.312302
120.0 2.5 2.5 13.75 720987391.0697
120.0 5.0 2.5 13.75 4458030.4473
120.0 -5.0 5.0 13.75 1794317329.0758
120.0 -2.5 5.0 13.75 10000000011.640902
120.0 0.0 5.0 13.75 2536462322.427
120.0 2.5 5.0 13.75 9999999958.5186
120.0 5.0 5.0 13.75 328465.90760000004
120.0 7.5 5.0 13.75 976.7758
120.0 -5.0 -10.0 15.0 910888.3275
120.0 -2.5 -10.0 15.0 84051.0383
120.0 0.0 -10.0 15.0 773.7548
120.0 2.5 -10.0 15.0 1072995.9312
120.0 5.0 -10.0 15.0 32697477.0336
120.0 7.5 -10.0 15.0 1543474.8729
120.0 10.0 -10.0 15.0 2999.9442
120.0 -5.0 -7.5 15.0 6852623.545
120.0 -2.5 -7.5 15.0 2916439236.3792996
120.0 0.0 -7.5 15.0 10000000043.708101
120.0 2.5 -7.5 15.0 1389482.4459
120.0 5.0 -7.5 15.0 9999999957.5771
120.0 7.5 -7.5 15.0 26717.0446
120.0 10.0 -7.5 15.0 11376.2566
120.0 -5.0 -5.0 15.0 58796.4263
120.0 -2.5 -5.0 15.0 9992419672.9082
120.0 0.0 -5.0 15.0 3823813790.8611
120.0 2.5 -5.0 15.0 2240489543.7577
120.0 5.0 -5.0 15.0 150800277.9632
120.0 7.5 -5.0 15.0 28047.9574
120.0 10.0 -5.0 15.0 68319.023
120.0 -5.0 -2.5 15.0 24569034.051
120.0 -2.5 -2.5 15.0 10000000035.891602
120.0 0.0 -2.5 15.0 10000000064.5233
120.0 2.5 -2.5 15.0 951293028.8216
120.0 5.0 -2.5 15.0 1097757647.7839
120.0 7.5 -2.5 15.0 264799526.0133
120.0 10.0 -2.5 15.0 -20.273200000000003
120.0 -5.0 0.0 15.0 6757899333.1221
120.0 -2.5 0.0 15.0 73945573.1279
120.0 0.0 0.0 15.0 10000000001.7199
120.0 2.5 0.0 15.0 117697738.1013
120.0 5.0 0.0 15.0 1688332079.9917
120.0 10.0 0.0 15.0 -22.3689
120.0 -5.0 2.5 15.0 370614361.26850003
120.0 -2.5 2.5 15.0 2680444164.8618
120.0 0.0 2.5 15.0 10000000025.111101
120.0 2.5 2.5 15.0 603906390.0559
120.0 5.0 2.5 15.0 4089660.6313
120.0 7.5 2.5 15.0 458.09360000000004
120.0 -5.0 5.0 15.0 9999999892.9606
120.0 -2.5 5.0 15.0 52608701.4799
120.0 0.0 5.0 15.0 9999999987.3626
120.0 2.5 5.0 15.0 9999999971.071201
120.0 5.0 5.0 15.0 76638582.7423
120.0 7.5 5.0 15.0 11.370299999999999
120.0 10.0 5.0 15.0 -2.5978
120.0 -5.0 -10.0 16.25 3470828.5647
120.0 -2.5 -10.0 16.25 43462.1002
120.0 0.0 -10.0 16.25 26226.5566
120.0 2.5 -10.0 16.25 342421.86309999996
120.0 5.0 -10.0 16.25 3255581.0239
120.0 7.5 -10.0 16.25 131730586.5647
120.0 10.0 -10.0 16.25 351.2011
120.0 -5.0 -7.5 16.25 781054.0354
120.0 -2.5 -7.5 16.25 1066347817.4461
120.0 0.0 -7.5 16.25 1136216356.5026
120.0 2.5 -7.5 16.25 21609938.2729
120.0 5.0 -7.5 16.25 9999999973.0823
120.0 7.5 -7.5 16.25 69.6802
120.0 10.0 -7.5 16.25 -10.1636
120.0 -5.0 -5.0 16.25 121623.049
120.0 -2.5 -5.0 16.25 1326952262.2754
120.0 0.0 -5.0 16.25 2332325975.5913
120.0 2.5 -5.0 16.25 11169083.951499999
120.0 5.0 -5.0 16.25 138986484.26209998
120.0 7.5 -5.0 16.25 20.0041
120.0 10.0 -5.0 16.25 0.36780000000000257
120.0 -5.0 -2.5 16.25 1899721.0192
120.0 -2.5 -2.5 16.25 12722983.8661
120.0 0.0 -2.5 16.25 9999999961.334501
120.0 2.5 -2.5 16.25 1606256458.5461
120.0 5.0 -2.5 16.25 55246.6266
120.0 7.5 -2.5 16.25 1878.6285
120.0 10.0 -2.5 16.25 -18.3565
120.0 -5.0 0.0 16.25 683498494.398
120.0 -2.5 0.0 16.25 9999999996.5867
120.0 0.0 0.0 16.25 10000000040.4386
120.0 2.5 0.0 16.25 10000000051.4972
120.0 5.0 0.0 16.25 7187991.6189
120.0 7.5 0.0 16.25 453878.30600000004
120.0 10.0 0.0 16.25 -14.5892
120.0 -5.0 2.5 16.25 9999999983.7614
120.0 -2.5 2.5 16.25 34452442.0157
120.0 0.0 2.5 16.25 9999999866.020102
120.0 2.5 2.5 16.25 9999999931.8675
120.0 5.0 2.5 16.25 3188.9082
120.0 7.5 2.5 16.25 -13.2471
120.0 10.0 2.5 16.25 -7.4459
120.0 -5.0 5.0 16.25 138217790.5341
120.0 -2.5 5.0 16.25 132092.27790000002
120.0 0.0 5.0 16.25 15459.9996
120.0 2.5 5.0 16.25 9999999949.4391
120.0 5.0 5.0 16.25 342.58910000000003
120.0 7.5 5.0 16.25 -4.5356000000000005
120.0 10.0 5.0 16.25 -2.0079000000000002
180.0 -5.0 -10.0 3.75 10000000048.257301
180.0 -2.5 -10.0 3.75 9999999908.2499
180.0 0.0 -10.0 3.75 9999999849.1285
180.0 2.5 -10.0 3.75 3220451570.3272
180.0 5.0 -10.0 3.75 25141393.2129
180.0 7.5 -10.0 3.75 5743825.2402
180.0 10.0 -10.0 3.75 156079.0979
180.0 -5.0 -7.5 3.75 3653137048.9937
180.0 -2.5 -7.5 3.75 531672632.5998
180.0 0.0 -7.5 3.75 9999999681.8167
180.0 2.5 -7.5 3.75 9999999872.6692
180.0 5.0 -7.5 3.75 197597306.5047
180.0 7.5 -7.5 3.75 9999999915.4258
180.0 10.0 -7.5 3.75 10000000042.1247
180.0 -5.0 -5.0 3.75 9999999909.022701
180.0 -2.5 -5.0 3.75 10000000094.796001
180.0 0.0 -5.0 3.75 9999999681.3505
180.0 2.5 -5.0 3.75 9999999831.2173
180.0 5.0 -5.0 3.75 10000000258.6378
180.0 7.5 -5.0 3.75 10000000054.5373
180.0 10.0 -5.0 3.75 748935141.0385001
180.0 -5.0 -2.5 3.75 404690723.7892
180.0 -2.5 -2.5 3.75 10000000084.477201
180.0 0.0 -2.5 3.75 9999999963.140701
180.0 2.5 -2.5 3.75 9999999739.0795
180.0 5.0 -2.5 3.75 7758787852.6345
180.0 7.5 -2.5 3.75 732733006.4073
180.0 10.0 -2.5 3.75 447526528.7591
180.0 -5.0 0.0 3.75 9999999910.3003
180.0 -2.5 0.0 3.75 10000000033.9153
180.0 0.0 0.0 3.75 9999999809.1795
180.0 2.5 0.0 3.75 9999999941.4605
180.0 5.0 0.0 3.75 9999999926.9573
180.0 7.5 0.0 3.75 10000000001.1016
180.0 10.0 0.0 3.75 10000000129.786701
180.0 -5.0 2.5 3.75 837914.5231
180.0 -2.5 2.5 3.75 17179807.9631
180.0 0.0 2.5 3.75 10000000231.6287
180.0 2.5 2.5 3.75 10000000053.8423
180.0 5.0 2.5 3.75 6550917908.4775
180.0 7.5 2.5 3.75 25096226.7307
180.0 10.0 2.5 3.75 475957750.45900005
180.0 -5.0 5.0 3.75 12251761.5103
180.0 -2.5 5.0 3.75 3975594632.7189
180.0 0.0 5.0 3.75 1469158520.2450001
180.0 2.5 5.0 3.75 154603231.8021
180.0 5.0 5.0 3.75 10000000036.9136
180.0 7.5 5.0 3.75 469050.679
180.0 10.0 5.0 3.75 73352954.6873
180.0 -2.5 -2.5 7.5 10000000141.734901
180.0 0.0 2.5 7.5 10000000255.4936
180.0 0.0 5.0 7.5 9102702410.3512
180.0 -5.0 -2.5 8.75 10000000123.8106
180.0 -2.5 -2.5 8.75 10000000049.9071
180.0 2.5 -2.5 8.75 10000000343.430601
180.0 -5.0 0.0 8.75 10000000127.598202
180.0 0.0 0.0 8.75 9999999923.5245
180.0 0.0 2.5 8.75 1892097536.3051
180.0 0.0 -10.0 10.0 9999999872.9789
180.0 2.5 -10.0 10.0 900568251.8128
180.0 0.0 -7.5 10.0 10000000041.718
180.0 2.5 -7.5 10.0 9999999987.566101
180.0 5.0 -7.5 10.0 9999999872.411201
180.0 -2.5 -5.0 10.0 10000000077.8467
180.0 0.0 -5.0 10.0 8067776357.556
180.0 2.5 -5.0 10.0 9999999787.514101
180.0 5.0 -5.0 10.0 9999999574.8691
180.0 -5.0 -2.5 10.0 9999999950.939001
180.0 -2.5 -2.5 10.0 2575629264.7592998
180.0 0.0 -2.5 10.0 10000000143.857302
180.0 2.5 -2.5 10.0 9999999970.550201
180.0 -5.0 0.0 10.0 1559757241.6167
180.0 -2.5 0.0 10.0 9999999953.18
180.0 0.0 0.0 10.0 10000000092.8068
180.0 -5.0 2.5 10.0 1009799282.3039
180.0 0.0 2.5 10.0 10000000103.285002
180.0 2.5 2.5 10.0 8514492568.696401
180.0 0.0 5.0 10.0 10000000010.6469
180.0 2.5 5.0 10.0 10000000049.0135
180.0 0.0 -10.0 11.25 636701001.2671
180.0 2.5 -10.0 11.25 5655329995.6467
180.0 5.0 -10.0 11.25 18484.1496
180.0 0.0 -7.5 11.25 4735703299.4048
180.0 2.5 -7.5 11.25 2514323773.8608003
180.0 5.0 -7.5 11.25 10000000005.594501
180.0 7.5 -7.5 11.25 9999999908.300001
180.0 -2.5 -5.0 11.25 10000000030.180801
180.0 0.0 -5.0 11.25 9999999970.205801
180.0 2.5 -5.0 11.25 9999999899.2607
180.0 5.0 -5.0 11.25 2172012969.77
180.0 -5.0 -2.5 11.25 10000000179.546501
180.0 -2.5 -2.5 11.25 504387161.78249997
180.0 0.0 -2.5 11.25 9999999941.165401
180.0 2.5 -2.5 11.25 9999999895.6095
180.0 -5.0 0.0 11.25 10000000092.202702
180.0 -2.5 0.0 11.25 1293503820.7694001
180.0 0.0 0.0 11.25 9999999994.474602
180.0 -5.0 2.5 11.25 7938069622.0678005
180.0 -2.5 2.5 11.25 10000000011.165901
180.0 0.0 2.5 11.25 9999999987.6221
180.0 2.5 2.5 11.25 9999999910.2679
180.0 -5.0 5.0 11.25 9999999979.239601
180.0 0.0 5.0 11.25 9999999966.0673
180.0 2.5 5.0 11.25 10000000191.33
180.0 -5.0 -10.0 12.5 341411.17220000003
180.0 -2.5 -10.0 12.5 2350045.6585
180.0 0.0 -10.0 12.5 10000000056.114
180.0 2.5 -10.0 12.5 37663282.9084
180.0 5.0 -10.0 12.5 377.4701
180.0 7.5 -10.0 12.5 108396.97649999999
180.0 10.0 -10.0 12.5 41225.0556
180.0 -2.5 -7.5 12.5 3693783804.7572
180.0 0.0 -7.5 12.5 10000000120.426802
180.0 2.5 -7.5 12.5 798819555.1384001
180.0 5.0 -7.5 12.5 443343919.7795
180.0 7.5 -7.5 12.5 610684870.2632
180.0 -5.0 -5.0 12.5 1463784488.1876001
180.0 -2.5 -5.0 12.5 5429381895.2553
180.0 0.0 -5.0 12.5 10000000072.681002
180.0 2.5 -5.0 12.5 19383360.741
180.0 5.0 -5.0 12.5 9999999963.9302
180.0 -5.0 -2.5 12.5 10000000097.2562
180.0 -2.5 -2.5 12.5 8076474525.3291
180.0 0.0 -2.5 12.5 10000000010.633902
180.0 2.5 -2.5 12.5 9999999708.3936
180.0 5.0 -2.5 12.5 9999999972.9186
180.0 -5.0 0.0 12.5 9999999811.7614
180.0 -2.5 0.0 12.5 9999999988.256401
180.0 0.0 0.0 12.5 10000000144.7583
180.0 2.5 0.0 12.5 4774177137.785
180.0 -5.0 2.5 12.5 9019007301.5896
180.0 -2.5 2.5 12.5 10000000044.552502
180.0 0.0 2.5 12.5 6405875627.9138
180.0 2.5 2.5 12.5 211958990.3043
180.0 -5.0 5.0 12.5 8086023240.3927
180.0 -2.5 5.0 12.5 9999999902.689701
180.0 0.0 5.0 12.5 10000000020.8089
180.0 2.5 5.0 12.5 10000000148.2068
180.0 5.0 5.0 12.5 4865985.6961
180.0 7.5 5.0 12.5 54778.9322
180.0 10.0 5.0 12.5 376959269.4807
180.0 -5.0 -10.0 13.75 4097.5116
180.0 -2.5 -10.0 13.75 5975152.0335
180.0 0.0 -10.0 13.75 1813111968.8209
180.0 2.5 -10.0 13.75 1382257.6621
180.0 5.0 -10.0 13.75 49.457800000000006
180.0 7.5 -10.0 13.75 10979.8727
180.0 10.0 -10.0 13.75 7912435.8923
180.0 -5.0 -7.5 13.75 3681256660.6704
180.0 -2.5 -7.5 13.75 9999999996.795
180.0 0.0 -7.5 13.75 9999999994.1583
180.0 2.5 -7.5 13.75 3252396.1053
180.0 5.0 -7.5 13.75 37831230.2395
180.0 7.5 -7.5 13.75 10766337.687099999
180.0 10.0 -7.5 13.75 2706426.7255
180.0 -5.0 -5.0 13.75 10000000141.8048
180.0 -2.5 -5.0 13.75 8061413440.2197
180.0 0.0 -5.0 13.75 110686504.4279
180.0 2.5 -5.0 13.75 14514012.754800001
180.0 5.0 -5.0 13.75 9999999973.925901
180.0 -5.0 -2.5 13.75 10000000067.2082
180.0 -2.5 -2.5 13.75 9999999880.1651
180.0 0.0 -2.5 13.75 10000000072.0547
180.0 2.5 -2.5 13.75 9999999910.7528
180.0 5.0 -2.5 13.75 399018844.94399995
180.0 -5.0 0.0 13.75 9999999914.070501
180.0 -2.5 0.0 13.75 10000000040.014101
180.0 0.0 0.0 13.75 9999999872.252602
180.0 2.5 0.0 13.75 1917349505.8641
180.0 -5.0 2.5 13.75 68973193.54910001
180.0 -2.5 2.5 13.75 9999999957.1984
180.0 0.0 2.5 13.75 2439931164.8523
180.0 2.5 2.5 13.75 1764367172.7764
180.0 5.0 2.5 13.75 8971638314.791899
180.0 -5.0 5.0 13.75 386127438.0228
180.0 -2.5 5.0 13.75 9999999993.527802
180.0 0.0 5.0 13.75 2163104895.1794
180.0 2.5 5.0 13.75 49169.5795
180.0 5.0 5.0 13.75 708151.3702
180.0 7.5 5.0 13.75 9999999968.8999
180.0 10.0 5.0 13.75 90147.0113
180.0 -5.0 -10.0 15.0 121.6045
180.0 -2.5 -10.0 15.0 355976.7052
180.0 0.0 -10.0 15.0 7892402.7449
180.0 2.5 -10.0 15.0 223485.4182
180.0 5.0 -10.0 15.0 19.9665
180.0 7.5 -10.0 15.0 59.702
180.0 10.0 -10.0 15.0 461.1712
180.0 -5.0 -7.5 15.0 12941365.5842
180.0 -2.5 -7.5 15.0 637062599.0482
180.0 0.0 -7.5 15.0 407138981.2941
180.0 2.5 -7.5 15.0 9999999911.466501
180.0 5.0 -7.5 15.0 9999999938.576
180.0 7.5 -7.5 15.0 6707636.8584
180.0 10.0 -7.5 15.0 253306.1358
180.0 -5.0 -5.0 15.0 9999999983.554
180.0 -2.5 -5.0 15.0 9999999873.746601
180.0 0.0 -5.0 15.0 9999999998.9561
180.0 2.5 -5.0 15.0 9999999977.8637
180.0 5.0 -5.0 15.0 10000000007.5869
180.0 7.5 -5.0 15.0 10000000002.355902
180.0 10.0 -5.0 15.0 17105155.4056
180.0 -5.0 -2.5 15.0 9999999966.7632
180.0 -2.5 -2.5 15.0 9999999956.190102
180.0 0.0 -2.5 15.0 1656332372.9189
180.0 2.5 -2.5 15.0 151594008.8965
180.0 5.0 -2.5 15.0 5561941804.245501
180.0 10.0 -2.5 15.0 67744543.57620001
180.0 -5.0 0.0 15.0 9999999922.3686
180.0 -2.5 0.0 15.0 9999999971.8258
180.0 0.0 0.0 15.0 9999999990.3237
180.0 2.5 0.0 15.0 29171515.5456
180.0 5.0 0.0 15.0 9999999902.0258
180.0 -5.0 2.5 15.0 35143591.575
180.0 -2.5 2.5 15.0 3685676.1619
180.0 0.0 2.5 15.0 10000000074.421902
180.0 2.5 2.5 15.0 364002120.48120004
180.0 5.0 2.5 15.0 206329691.99469998
180.0 7.5 2.5 15.0 6832490.374
180.0 -5.0 5.0 15.0 526857.4732
180.0 -2.5 5.0 15.0 458993.2632
180.0 0.0 5.0 15.0 224372.68289999999
180.0 2.5 5.0 15.0 724.0431
180.0 5.0 5.0 15.0 663917.6219
180.0 7.5 5.0 15.0 710999.1403000001
180.0 10.0 5.0 15.0 1068.1012
180.0 -5.0 -10.0 16.25 826.9859
180.0 -2.5 -10.0 16.25 1559884.1748
180.0 0.0 -10.0 16.25 151964887.6595
180.0 2.5 -10.0 16.25 9036.9895
180.0 5.0 -10.0 16.25 -8.1572
180.0 7.5 -10.0 16.25 14.520299999999999
180.0 10.0 -10.0 16.25 75.6687
180.0 -5.0 -7.5 16.25 10000000012.7978
180.0 -2.5 -7.5 16.25 739236322.641
180.0 0.0 -7.5 16.25 10000000040.503302
180.0 2.5 -7.5 16.25 1000859.4818000001
180.0 5.0 -7.5 16.25 288465845.167
180.0 7.5 -7.5 16.25 2095.0072
180.0 10.0 -7.5 16.25 6104.2822
180.0 -5.0 -5.0 16.25 3572107321.3567
180.0 -2.5 -5.0 16.25 9999999990.997002
180.0 0.0 -5.0 16.25 893366903.0238999
180.0 2.5 -5.0 16.25 9999999914.9283
180.0 5.0 -5.0 16.25 398776762.4547
180.0 7.5 -5.0 16.25 123109277.3461
180.0 10.0 -5.0 16.25 21000.5304
180.0 -5.0 -2.5 16.25 9116867006.4671
180.0 -2.5 -2.5 16.25 116326727.0034
180.0 0.0 -2.5 16.25 48322662.8911
180.0 2.5 -2.5 16.25 334926496.4107
180.0 5.0 -2.5 16.25 2632043.2663
180.0 7.5 -2.5 16.25 1930881.1294
180.0 10.0 -2.5 16.25 326177.512
180.0 -5.0 0.0 16.25 727570502.7779
180.0 -2.5 0.0 16.25 9999999963.453001
180.0 0.0 0.0 16.25 9999999976.274
180.0 2.5 0.0 16.25 110380203.37900001
180.0 5.0 0.0 16.25 7681.246
180.0 7.5 0.0 16.25 4663574.7017
180.0 -5.0 2.5 16.25 508464668.5376
180.0 -2.5 2.5 16.25 24896623.981599998
180.0 0.0 2.5 16.25 9999999957.223001
180.0 2.5 2.5 16.25 4237131746.5552
180.0 5.0 2.5 16.25 155903004.7947
180.0 7.5 2.5 16.25 701.8238
180.0 -5.0 5.0 16.25 1299.6448
180.0 -2.5 5.0 16.25 526.9446
180.0 0.0 5.0 16.25 5740251.1515999995
180.0 2.5 5.0 16.25 47.9356
180.0 5.0 5.0 16.25 19.726300000000002
180.0 7.5 5.0 16.25 32.1668
180.0 10.0 5.0 16.25 4.5995
240.0 -5.0 -10.0 3.75 526517608.47849995
240.0 -2.5 -10.0 3.75 7734011974.8898
240.0 0.0 -10.0 3.75 9237550103.3055
240.0 2.5 -10.0 3.75 7167735209.4682
240.0 5.0 -10.0 3.75 9999999936.715101
240.0 7.5 -10.0 3.75 365383965.23190004
240.0 10.0 -10.0 3.75 604329130.7051
240.0 -5.0 -7.5 3.75 10000000185.4009
240.0 -2.5 -7.5 3.75 1161721887.1229
240.0 0.0 -7.5 3.75 9999999738.6893
240.0 2.5 -7.5 3.75 10000000051.640701
240.0 5.0 -7.5 3.75 618803682.141
240.0 7.5 -7.5 3.75 10000000160.417501
240.0 10.0 -7.5 3.75 309500.436
240.0 -5.0 -5.0 3.75 10000000085.9978
240.0 -2.5 -5.0 3.75 828773074.6075
240.0 0.0 -5.0 3.75 9999999908.2821
240.0 2.5 -5.0 3.75 10000000117.847
240.0 5.0 -5.0 3.75 9999999653.512201
240.0 7.5 -5.0 3.75 9999999892.4101
240.0 10.0 -5.0 3.75 988524.0101
240.0 -5.0 -2.5 3.75 10000000047.4507
240.0 -2.5 -2.5 3.75 9999999900.046001
240.0 0.0 -2.5 3.75 437700914.9631
240.0 2.5 -2.5 3.75 4031781542.9544
240.0 5.0 -2.5 3.75 10000000089.7915
240.0 7.5 -2.5 3.75 10000000063.182701
240.0 10.0 -2.5 3.75 31967335.259999998
240.0 -5.0 0.0 3.75 1019442158.5518
240.0 -2.5 0.0 3.75 9999999926.1072
240.0 0.0 0.0 3.75 9999999884.3757
240.0 2.5 0.0 3.75 9999999970.1749
240.0 5.0 0.0 3.75 1823499423.8889
240.0 7.5 0.0 3.75 31877170.767100003
240.0 10.0 0.0 3.75 3078.7923
240.0 -5.0 2.5 3.75 9999999987.357101
240.0 -2.5 2.5 3.75 10000000099.1578
240.0 0.0 2.5 3.75 9999999961.8342
240.0 2.5 2.5 3.75 10000000123.7646
240.0 5.0 2.5 3.75 6045643292.1344
240.0 7.5 2.5 3.75 2740493.9639
240.0 10.0 2.5 3.75 107.5121
240.0 -5.0 5.0 3.75 9999999966.59
240.0 -2.5 5.0 3.75 9999999914.1268
240.0 0.0 5.0 3.75 1528363889.1999002
240.0 2.5 5.0 3.75 34992534.208799995
240.0 5.0 5.0 3.75 10000000246.8731
240.0 7.5 5.0 3.75 265906.5543
240.0 10.0 5.0 3.75 104.14859999999999
240.0 0.0 0.0 5.0 735880770.3718001
240.0 -2.5 2.5 5.0 9999999993.7338
240.0 -2.5 5.0 5.0 690069559.2301999
240.0 0.0 0.0 6.25 9999999944.641602
240.0 -2.5 2.5 6.25 10000000034.728102
240.0 0.0 2.5 6.25 10000000002.295502
240.0 -5.0 5.0 6.25 334491728.0783
240.0 -2.5 5.0 6.25 10000000057.335901
240.0 2.5 -10.0 7.5 9999999922.2448
240.0 -2.5 -7.5 7.5 9999999877.8852
240.0 0.0 -5.0 7.5 9999999624.524101
240.0 0.0 0.0 7.5 9999999995.6275
240.0 -2.5 2.5 7.5 9999999895.290201
240.0 0.0 2.5 7.5 10000000000.487001
240.0 -5.0 5.0 7.5 10000000040.074701
240.0 -2.5 5.0 7.5 10000000103.8388
240.0 0.0 5.0 7.5 537434207.7606
240.0 0.0 -10.0 8.75 10000000032.559101
240.0 2.5 -10.0 8.75 9999999662.143002
240.0 5.0 -10.0 8.75 714278094.3402
240.0 -2.5 -7.5 8.75 10000000356.625
240.0 0.0 -7.5 8.75 9999999823.548302
240.0 2.5 -7.5 8.75 9999999884.9708
240.0 -2.5 -5.0 8.75 2620484863.4936996
240.0 0.0 -5.0 8.75 9999999938.7117
240.0 0.0 -2.5 8.75 9999999838.692202
240.0 2.5 -2.5 8.75 9999999957.8731
240.0 -2.5 0.0 8.75 9999999946.093601
240.0 0.0 0.0 8.75 10000000012.3616
240.0 -2.5 2.5 8.75 10000000054.051601
240.0 0.0 2.5 8.75 1497119347.4293
240.0 2.5 2.5 8.75 4477289377.4018
240.0 -5.0 5.0 8.75 9999999733.6516
240.0 -2.5 5.0 8.75 9999999948.141201
240.0 0.0 5.0 8.75 8154086140.545799
240.0 0.0 -10.0 10.0 132132219.9647
240.0 2.5 -10.0 10.0 504065901.56600004
240.0 5.0 -10.0 10.0 9999999943.354301
240.0 -2.5 -7.5 10.0 9999999793.298101
240.0 0.0 -7.5 10.0 400387693.3269
240.0 2.5 -7.5 10.0 491774484.342
240.0 -2.5 -5.0 10.0 9999999818.6924
240.0 0.0 -5.0 10.0 9999999969.482302
240.0 -5.0 -2.5 10.0 10000000218.037401
240.0 -2.5 -2.5 10.0 9999999884.177101
240.0 0.0 -2.5 10.0 9999999802.733301
240.0 2.5 -2.5 10.0 2557027633.0663
240.0 -2.5 0.0 10.0 3264315039.9393997
240.0 0.0 0.0 10.0 10000000002.731901
240.0 2.5 0.0 10.0 9999999961.1047
240.0 -5.0 2.5 10.0 9999999999.8719
240.0 -2.5 2.5 10.0 7692288825.7483
240.0 0.0 2.5 10.0 10000000151.924501
240.0 2.5 2.5 10.0 2184475913.1514997
240.0 -5.0 5.0 10.0 9999999933.982302
240.0 -2.5 5.0 10.0 10000000071.914701
240.0 0.0 5.0 10.0 408014700.2016
240.0 2.5 5.0 10.0 324763124.06090003
240.0 7.5 5.0 10.0 3218498492.4631
240.0 -2.5 -10.0 11.25 18565608.676
240.0 0.0 -10.0 11.25 43136736.9226
240.0 2.5 -10.0 11.25 9999999895.5527
240.0 5.0 -10.0 11.25 9999999891.9705
240.0 7.5 -10.0 11.25 11868506.6807
240.0 10.0 -10.0 11.25 -13.815
240.0 -5.0 -7.5 11.25 560950592.2854
240.0 -2.5 -7.5 11.25 4891886176.824201
240.0 0.0 -7.5 11.25 10000000130.5298
240.0 2.5 -7.5 11.25 9999999879.330101
240.0 -2.5 -5.0 11.25 10000000103.6958
240.0 0.0 -5.0 11.25 9999999923.735601
240.0 2.5 -5.0 11.25 9999999904.8458
240.0 -5.0 -2.5 11.25 9999999975.775501
240.0 -2.5 -2.5 11.25 10000000089.812
240.0 0.0 -2.5 11.25 10000000079.981401
240.0 2.5 -2.5 11.25 1476514534.1458
240.0 -5.0 0.0 11.25 9999999948.0436
240.0 -2.5 0.0 11.25 9999999933.135302
240.0 0.0 0.0 11.25 10000000081.327301
240.0 2.5 0.0 11.25 9999999974.1016
240.0 -2.5 2.5 11.25 10000000030.898401
240.0 0.0 2.5 11.25 9999999914.8405
240.0 2.5 2.5 11.25 645855422.4578
240.0 5.0 2.5 11.25 10000000011.790201
240.0 7.5 2.5 11.25 13539.2604
240.0 -5.0 5.0 11.25 3968332118.0271997
240.0 -2.5 5.0 11.25 9999999997.062101
240.0 0.0 5.0 11.25 10000000022.5879
240.0 2.5 5.0 11.25 362703087.4033
240.0 7.5 5.0 11.25 446164986.5273
240.0 -2.5 -10.0 12.5 1002934472.9931
240.0 0.0 -10.0 12.5 121232760.6047
240.0 2.5 -10.0 12.5 4427633166.289801
240.0 5.0 -10.0 12.5 9999999969.531101
240.0 7.5 -10.0 12.5 4972312583.4923
240.0 10.0 -10.0 12.5 -13.6054
240.0 -5.0 -7.5 12.5 8511567386.9782
240.0 -2.5 -7.5 12.5 10000000319.581501
240.0 0.0 -7.5 12.5 9999999892.462
240.0 2.5 -7.5 12.5 9999999843.9738
240.0 5.0 -7.5 12.5 66196601.8898
240.0 -5.0 -5.0 12.5 2706108699.6453004
240.0 -2.5 -5.0 12.5 9999999936.5883
240.0 0.0 -5.0 12.5 9999999886.896101
240.0 2.5 -5.0 12.5 2209337214.7125998
240.0 5.0 -5.0 12.5 562118779.3415
240.0 -5.0 -2.5 12.5 9999999960.5321
240.0 -2.5 -2.5 12.5 9999999849.5862
240.0 0.0 -2.5 12.5 10000000009.6893
240.0 2.5 -2.5 12.5 2115793734.7482998
240.0 -5.0 0.0 12.5 1369269508.617
240.0 -2.5 0.0 12.5 10000000060.5928
240.0 0.0 0.0 12.5 9999999882.603102
240.0 2.5 0.0 12.5 10000000078.472801
240.0 5.0 0.0 12.5 9999999972.898602
240.0 -5.0 2.5 12.5 9999999936.044
240.0 -2.5 2.5 12.5 9999999966.4405
240.0 0.0 2.5 12.5 2850410304.7850003
240.0 2.5 2.5 12.5 9999999993.8633
240.0 5.0 2.5 12.5 92168101.7452
240.0 7.5 2.5 12.5 112157.7877
240.0 -5.0 5.0 12.5 9999999955.401901
240.0 -2.5 5.0 12.5 102805211.2861
240.0 0.0 5.0 12.5 8372588831.6905
240.0 2.5 5.0 12.5 10000000119.5708
240.0 5.0 5.0 12.5 99497658.5405
240.0 7.5 5.0 12.5 131279.9205
240.0 -2.5 -10.0 13.75 10000000066.5088
240.0 0.0 -10.0 13.75 10000000018.4853
240.0 2.5 -10.0 13.75 5875491796.622399
240.0 5.0 -10.0 13.75 9809646.6196
240.0 7.5 -10.0 13.75 2492473.9666
240.0 10.0 -10.0 13.75 -10.2057
240.0 -5.0 -7.5 13.75 1893847766.6664999
240.0 -2.5 -7.5 13.75 2138199184.4951
240.0 0.0 -7.5 13.75 10000000069.6067
240.0 2.5 -7.5 13.75 9999999885.201801
240.0 5.0 -7.5 13.75 1919269.1601
240.0 7.5 -7.5 13.75 1444846601.1478
240.0 10.0 -7.5 13.75 -7.331499999999999
240.0 -5.0 -5.0 13.75 403517746.9546
240.0 -2.5 -5.0 13.75 10000000063.624401
240.0 0.0 -5.0 13.75 9999999977.7773
240.0 2.5 -5.0 13.75 9999999898.9605
240.0 5.0 -5.0 13.75 14843585.2734
240.0 -5.0 -2.5 13.75 9999999943.201601
240.0 -2.5 -2.5 13.75 10000000128.0254
240.0 0.0 -2.5 13.75 10000000197.945301
240.0 2.5 -2.5 13.75 9999999995.861301
240.0 -5.0 0.0 13.75 10000000023.5837
240.0 -2.5 0.0 13.75 9999999844.125101
240.0 0.0 0.0 13.75 3356874081.3136997
240.0 2.5 0.0 13.75 502547044.54429996
240.0 5.0 0.0 13.75 2755832432.7534
240.0 -5.0 2.5 13.75 168060607.03579998
240.0 -2.5 2.5 13.75 912723339.3921
240.0 0.0 2.5 13.75 4576233982.9381
240.0 2.5 2.5 13.75 10000000029.756802
240.0 5.0 2.5 13.75 29230803.0568
240.0 7.5 2.5 13.75 1645.7487999999998
240.0 10.0 2.5 13.75 6.2815
240.0 -5.0 5.0 13.75 9999999962.3036
240.0 -2.5 5.0 13.75 236146633.35689998
240.0 0.0 5.0 13.75 8244710.1518
240.0 2.5 5.0 13.75 1404117678.9894
240.0 5.0 5.0 13.75 433258.2868
240.0 7.5 5.0 13.75 1550.9823
240.0 10.0 5.0 13.75 29.134900000000002
240.0 -5.0 -10.0 15.0 585423930.1336
240.0 -2.5 -10.0 15.0 729092021.4976001
240.0 0.0 -10.0 15.0 183316907.90420002
240.0 2.5 -10.0 15.0 1104033973.6179
240.0 5.0 -10.0 15.0 265241157.6802
240.0 7.5 -10.0 15.0 76621.39640000001
240.0 10.0 -10.0 15.0 -5.0733
240.0 -5.0 -7.5 15.0 9999999947.3593
240.0 -2.5 -7.5 15.0 10000000015.5228
240.0 0.0 -7.5 15.0 9999999963.4164
240.0 2.5 -7.5 15.0 9999999948.4915
240.0 5.0 -7.5 15.0 2969783.928
240.0 7.5 -7.5 15.0 300368.26249999995
240.0 10.0 -7.5 15.0 -12.9269
240.0 -5.0 -5.0 15.0 10000000106.0226
240.0 -2.5 -5.0 15.0 9667643816.0668
240.0 0.0 -5.0 15.0 10000000040.5007
240.0 2.5 -5.0 15.0 9999999946.359701
240.0 5.0 -5.0 15.0 97906.27889999999
240.0 10.0 -5.0 15.0 -11.967100000000002
240.0 -5.0 -2.5 15.0 84928512.2678
240.0 -2.5 -2.5 15.0 9999999962.6138
240.0 0.0 -2.5 15.0 10000000024.5741
240.0 2.5 -2.5 15.0 10000000027.5599
240.0 5.0 -2.5 15.0 15692925.7379
240.0 7.5 -2.5 15.0 270535.9137
240.0 -5.0 0.0 15.0 2908166158.2636
240.0 -2.5 0.0 15.0 10000000010.5956
240.0 0.0 0.0 15.0 10000000011.8736
240.0 2.5 0.0 15.0 10000000025.640501
240.0 5.0 0.0 15.0 3744831.7038000003
240.0 7.5 0.0 15.0 1928.43
240.0 -5.0 2.5 15.0 9999999979.5788
240.0 -2.5 2.5 15.0 5514183603.0967
240.0 0.0 2.5 15.0 56563339.378699996
240.0 2.5 2.5 15.0 155039773.7483
240.0 5.0 2.5 15.0 145409.2401
240.0 7.5 2.5 15.0 250.53500000000003
240.0 10.0 2.5 15.0 5.5312
240.0 -5.0 5.0 15.0 113331.3561
240.0 -2.5 5.0 15.0 24732.1924
240.0 0.0 5.0 15.0 118239219.1752
240.0 2.5 5.0 15.0 9223712.8698
240.0 5.0 5.0 15.0 3434.0136
240.0 7.5 5.0 15.0 23.7297
240.0 10.0 5.0 15.0 7.3797
240.0 -5.0 -10.0 16.25 3279451.4684
240.0 -2.5 -10.0 16.25 1199115609.7633
240.0 0.0 -10.0 16.25 9999999994.448301
240.0 2.5 -10.0 16.25 5002224399.537
240.0 5.0 -10.0 16.25 9999999891.101301
240.0 7.5 -10.0 16.25 4889.3666
240.0 10.0 -10.0 16.25 -2.4566
240.0 -5.0 -7.5 16.25 3528778.5601000004
240.0 -2.5 -7.5 16.25 9999999987.6903
240.0 0.0 -7.5 16.25 9999999993.415201
240.0 2.5 -7.5 16.25 10000000002.582901
240.0 5.0 -7.5 16.25 136578.0392
240.0 7.5 -7.5 16.25 12834.1899
240.0 10.0 -7.5 16.25 -11.2117
240.0 -5.0 -5.0 16.25 9999999963.795
240.0 -2.5 -5.0 16.25 9999999803.1289
240.0 0.0 -5.0 16.25 9999999991.016201
240.0 2.5 -5.0 16.25 682449005.7121
240.0 5.0 -5.0 16.25 764565.7257000001
240.0 7.5 -5.0 16.25 197.5101
240.0 10.0 -5.0 16.25 -20.655800000000003
240.0 -5.0 -2.5 16.25 173566251.5334
240.0 -2.5 -2.5 16.25 9999999969.803701
240.0 0.0 -2.5 16.25 9999999968.880901
240.0 2.5 -2.5 16.25 9774188203.865
240.0 5.0 -2.5 16.25 26647817.5461
240.0 7.5 -2.5 16.25 161.6264
240.0 10.0 -2.5 16.25 8.182500000000001
240.0 -5.0 0.0 16.25 15456162.063199999
240.0 -2.5 0.0 16.25 6217778.4496
240.0 0.0 0.0 16.25 67514476.75649999
240.0 2.5 0.0 16.25 10000000075.6341
240.0 5.0 0.0 16.25 1216984.9483
240.0 7.5 0.0 16.25 122.8326
240.0 -5.0 2.5 16.25 253086930.3691
240.0 -2.5 2.5 16.25 151847705.5351
240.0 0.0 2.5 16.25 60232.7844
240.0 2.5 2.5 16.25 33756136.9014
240.0 5.0 2.5 16.25 25802.489800000003
240.0 7.5 2.5 16.25 13.7214
240.0 10.0 2.5 16.25 5.0773
240.0 -5.0 5.0 16.25 4531.9132
240.0 -2.5 5.0 16.25 7279.1216
240.0 0.0 5.0 16.25 178999836.9058
240.0 2.5 5.0 16.25 9999999892.9178
240.0 5.0 5.0 16.25 65.2035
240.0 7.5 5.0 16.25 7.9175
240.0 10.0 5.0 16.25 5.322
300.0 -5.0 -10.0 3.75 180366689.5494
300.0 -2.5 -10.0 3.75 9999999955.9199
300.0 0.0 -10.0 3.75 7562019187.3782
300.0 2.5 -10.0 3.75 10000000099.5116
300.0 5.0 -10.0 3.75 9999999955.9486
300.0 7.5 -10.0 3.75 1025479563.1276001
300.0 10.0 -10.0 3.75 10000000197.2884
300.0 -5.0 -7.5 3.75 10000000034.8995
300.0 -2.5 -7.5 3.75 10000000207.6403
300.0 0.0 -7.5 3.75 9124816057.3724
300.0 2.5 -7.5 3.75 10000000012.0044
300.0 5.0 -7.5 3.75 9999999737.7271
300.0 7.5 -7.5 3.75 587073513.3227
300.0 10.0 -7.5 3.75 13372359.726499999
300.0 -5.0 -5.0 3.75 1820060294.0833
300.0 -2.5 -5.0 3.75 10000000155.880001
300.0 0.0 -5.0 3.75 5291184908.288799
300.0 2.5 -5.0 3.75 9999999870.703701
300.0 5.0 -5.0 3.75 7415280692.154401
300.0 7.5 -5.0 3.75 384076940.32820004
300.0 10.0 -5.0 3.75 10000000210.7682
300.0 -5.0 -2.5 3.75 10000000125.4643
300.0 -2.5 -2.5 3.75 10000000285.618502
300.0 0.0 -2.5 3.75 10000000053.167702
300.0 2.5 -2.5 3.75 9999999924.018702
300.0 5.0 -2.5 3.75 9999999942.764801
300.0 7.5 -2.5 3.75 7770099.1324000005
300.0 10.0 -2.5 3.75 1488738354.3019
300.0 -5.0 0.0 3.75 9999999984.510801
300.0 -2.5 0.0 3.75 10000000095.7325
300.0 0.0 0.0 3.75 9999999941.0837
300.0 2.5 0.0 3.75 160325209.6527
300.0 5.0 0.0 3.75 9999999951.447401
300.0 7.5 0.0 3.75 9999999829.148
300.0 10.0 0.0 3.75 4416447737.9074
300.0 -5.0 2.5 3.75 9999999923.672401
300.0 -2.5 2.5 3.75 9999999882.1863
300.0 0.0 2.5 3.75 320452430.84650004
300.0 2.5 2.5 3.75 3522433.0312
300.0 5.0 2.5 3.75 1536176.9737999998
300.0 7.5 2.5 3.75 9999999911.4085
300.0 10.0 2.5 3.75 353923105.96140003
300.0 -5.0 5.0 3.75 9999999838.424301
300.0 -2.5 5.0 3.75 10000000062.212101
300.0 0.0 5.0 3.75 123567500.32329999
300.0 2.5 5.0 3.75 99268.0722
300.0 5.0 5.0 3.75 1864.8697
300.0 7.5 5.0 3.75 19739690.512999997
300.0 10.0 5.0 3.75 39990.8552
300.0 -2.5 -2.5 6.25 10000000066.0263
300.0 0.0 -2.5 6.25 10000000275.162102
300.0 2.5 -2.5 6.25 10000000077.751902
300.0 2.5 -5.0 7.5 9999999871.2127
300.0 -2.5 -2.5 7.5 10000000256.2854
300.0 0.0 -2.5 7.5 10000000105.620401
300.0 0.0 0.0 7.5 10000000214.927801
300.0 0.0 2.5 7.5 9999999975.9197
300.0 5.0 -10.0 8.75 9999999862.2632
300.0 2.5 -7.5 8.75 9999999879.9232
300.0 5.0 -7.5 8.75 9999999891.110102
300.0 0.0 -5.0 8.75 4496982595.245501
300.0 2.5 -5.0 8.75 9999999879.3176
300.0 5.0 -5.0 8.75 9999999886.846802
300.0 -5.0 -2.5 8.75 9999999589.6811
300.0 -2.5 -2.5 8.75 9999999865.1443
300.0 0.0 -2.5 8.75 10000000173.773401
300.0 2.5 -2.5 8.75 9999999769.6912
300.0 -5.0 0.0 8.75 10000000147.5182
300.0 0.0 0.0 8.75 10000000101.8185
300.0 0.0 2.5 8.75 9999999922.8521
300.0 0.0 5.0 8.75 3445374299.2139
300.0 0.0 -10.0 10.0 1944527871.8818
300.0 2.5 -10.0 10.0 9999999946.2071
300.0 5.0 -10.0 10.0 2740203084.8994
300.0 7.5 -10.0 10.0 352047.4875
300.0 10.0 -10.0 10.0 98984284.0912
300.0 2.5 -7.5 10.0 9999999947.552101
300.0 5.0 -7.5 10.0 9999999934.228802
300.0 -5.0 -5.0 10.0 10000000052.0198
300.0 0.0 -5.0 10.0 549931027.2588
300.0 2.5 -5.0 10.0 9999999867.5415
300.0 5.0 -5.0 10.0 8697362834.0715
300.0 -5.0 -2.5 10.0 9999999879.3342
300.0 -2.5 -2.5 10.0 3236594417.87
300.0 0.0 -2.5 10.0 9999999988.031502
300.0 2.5 -2.5 10.0 10000000046.8887
300.0 -5.0 0.0 10.0 10000000049.412401
300.0 -2.5 0.0 10.0 10000000073.5811
300.0 0.0 0.0 10.0 4334913483.214001
300.0 2.5 0.0 10.0 10000000042.560501
300.0 0.0 2.5 10.0 9999999984.911402
300.0 0.0 5.0 10.0 10000000085.3992
300.0 2.5 5.0 10.0 196450659.2738
300.0 0.0 -10.0 11.25 9999999978.733301
300.0 2.5 -10.0 11.25 335694938.37049997
300.0 5.0 -10.0 11.25 19465860.559499998
300.0 7.5 -10.0 11.25 192.26229999999998
300.0 10.0 -10.0 11.25 5989130654.414599
300.0 -2.5 -7.5 11.25 9999999964.579102
300.0 0.0 -7.5 11.25 9999999998.136002
300.0 2.5 -7.5 11.25 9999999874.8918
300.0 5.0 -7.5 11.25 9055477588.1276
300.0 7.5 -7.5 11.25 67288016.6715
300.0 -5.0 -5.0 11.25 9999999868.628601
300.0 -2.5 -5.0 11.25 1856328214.1396
300.0 0.0 -5.0 11.25 10000000197.441502
300.0 2.5 -5.0 11.25 10000000099.1613
300.0 5.0 -5.0 11.25 9999999908.3398
300.0 -5.0 -2.5 11.25 9999999953.962101
300.0 -2.5 -2.5 11.25 9999999759.3558
300.0 0.0 -2.5 11.25 9999999917.275702
300.0 2.5 -2.5 11.25 1946526895.5216
300.0 -5.0 0.0 11.25 9999999905.356201
300.0 -2.5 0.0 11.25 9999999939.0417
300.0 0.0 0.0 11.25 10000000123.9375
300.0 2.5 0.0 11.25 10000000074.797
300.0 -5.0 2.5 11.25 10000000008.7021
300.0 -2.5 2.5 11.25 9999999979.9486
300.0 0.0 2.5 11.25 5318122744.77
300.0 2.5 2.5 11.25 9999999996.492
300.0 5.0 2.5 11.25 296256800.64959997
300.0 0.0 5.0 11.25 9999999958.1383
300.0 2.5 5.0 11.25 9999999995.4041
300.0 5.0 5.0 11.25 4108787.769
300.0 7.5 5.0 11.25 9999999939.0611
300.0 -2.5 -10.0 12.5 1244652099.3861
300.0 0.0 -10.0 12.5 901006070.4660001
300.0 2.5 -10.0 12.5 488377713.5815
300.0 5.0 -10.0 12.5 251202674.35770002
300.0 7.5 -10.0 12.5 1973.2452
300.0 10.0 -10.0 12.5 9999999960.4279
300.0 -2.5 -7.5 12.5 9999999993.162
300.0 0.0 -7.5 12.5 6290954899.3071
300.0 2.5 -7.5 12.5 5716110634.842
300.0 5.0 -7.5 12.5 9999999845.9627
300.0 7.5 -7.5 12.5 15719557.692699999
300.0 -5.0 -5.0 12.5 5874044637.3611
300.0 -2.5 -5.0 12.5 10000000033.609901
300.0 0.0 -5.0 12.5 10000000040.058802
300.0 2.5 -5.0 12.5 1359600515.0156999
300.0 5.0 -5.0 12.5 9999999930.4146
300.0 -5.0 -2.5 12.5 2183158323.3764997
300.0 -2.5 -2.5 12.5 9999999861.3789
300.0 0.0 -2.5 12.5 10000000091.680302
300.0 2.5 -2.5 12.5 10000000004.2367
300.0 5.0 -2.5 12.5 9999999968.926802
300.0 -5.0 0.0 12.5 9999999867.7289
300.0 -2.5 0.0 12.5 9999999874.541801
300.0 0.0 0.0 12.5 9999999719.6783
300.0 2.5 0.0 12.5 480185456.1592
300.0 5.0 0.0 12.5 619164027.4949
300.0 7.5 0.0 12.5 9999999956.1149
300.0 -5.0 2.5 12.5 91781607.1815
300.0 -2.5 2.5 12.5 9999999915.7978
300.0 0.0 2.5 12.5 239734919.3951
300.0 2.5 2.5 12.5 3929945351.8513002
300.0 5.0 2.5 12.5 3587925524.0805
300.0 7.5 2.5 12.5 10000000329.86
300.0 -5.0 5.0 12.5 980632800.1946
300.0 -2.5 5.0 12.5 9999999988.193401
300.0 0.0 5.0 12.5 1197645962.5256
300.0 2.5 5.0 12.5 10000000025.5613
300.0 5.0 5.0 12.5 7379.9974
300.0 7.5 5.0 12.5 8909985.3211
300.0 -2.5 -10.0 13.75 3501145533.3391
300.0 0.0 -10.0 13.75 9999999987.764
300.0 2.5 -10.0 13.75 3932054407.3832
300.0 5.0 -10.0 13.75 5894390.0321
300.0 7.5 -10.0 13.75 2615.5710999999997
300.0 10.0 -10.0 13.75 3968467.1363999997
300.0 -5.0 -7.5 13.75 9999999971.304901
300.0 -2.5 -7.5 13.75 9999999987.001001
300.0 0.0 -7.5 13.75 2580031943.0611
300.0 2.5 -7.5 13.75 4395461311.5001
300.0 5.0 -7.5 13.75 1420629143.4220002
300.0 7.5 -7.5 13.75 1331784440.9987
300.0 -5.0 -5.0 13.75 9999999936.8911
300.0 -2.5 -5.0 13.75 966039782.3951
300.0 0.0 -5.0 13.75 10000000012.600601
300.0 2.5 -5.0 13.75 10000000131.2395
300.0 5.0 -5.0 13.75 9999999952.209002
300.0 -5.0 -2.5 13.75 10000000027.956902
300.0 -2.5 -2.5 13.75 10000000176.944
300.0 0.0 -2.5 13.75 3136435772.9426
300.0 2.5 -2.5 13.75 9999999960.0804
300.0 5.0 -2.5 13.75 10000000024.178701
300.0 7.5 -2.5 13.75 3550288.8337
300.0 -5.0 0.0 13.75 9999999966.9319
300.0 -2.5 0.0 13.75 9999999918.4396
300.0 0.0 0.0 13.75 9999999936.6502
300.0 2.5 0.0 13.75 9999999954.895401
300.0 5.0 0.0 13.75 10000000002.6072
300.0 7.5 0.0 13.75 180848831.3989
300.0 -5.0 2.5 13.75 9999999948.0233
300.0 -2.5 2.5 13.75 10000000006.1182
300.0 0.0 2.5 13.75 9999999995.328001
300.0 2.5 2.5 13.75 15455540.4534
300.0 5.0 2.5 13.75 295159026.04760003
300.0 7.5 2.5 13.75 1967816067.8399
300.0 10.0 2.5 13.75 458351.27170000004
300.0 -5.0 5.0 13.75 398205.8159
300.0 -2.5 5.0 13.75 10000000103.1312
300.0 0.0 5.0 13.75 3366735.2794
300.0 2.5 5.0 13.75 667336585.0269
300.0 5.0 5.0 13.75 54683.237199999996
300.0 7.5 5.0 13.75 13980686.7905
300.0 10.0 5.0 13.75 10.927100000000001
300.0 -2.5 -10.0 15.0 9999999988.5263
300.0 0.0 -10.0 15.0 4434664628.5657
300.0 2.5 -10.0 15.0 9999999996.661201
300.0 5.0 -10.0 15.0 57187458.8561
300.0 7.5 -10.0 15.0 20150.2143
300.0 10.0 -10.0 15.0 2256712.0919999997
300.0 -5.0 -7.5 15.0 105023.2565
300.0 -2.5 -7.5 15.0 9999999948.9878
300.0 0.0 -7.5 15.0 9999999833.391
300.0 2.5 -7.5 15.0 9999999991.3946
300.0 5.0 -7.5 15.0 9999999947.713001
300.0 7.5 -7.5 15.0 545959893.6219
300.0 10.0 -7.5 15.0 15621333.6248
300.0 -5.0 -5.0 15.0 141100.3139
300.0 -2.5 -5.0 15.0 4898005788.477401
300.0 0.0 -5.0 15.0 10000000035.730001
300.0 2.5 -5.0 15.0 9999999986.4584
300.0 5.0 -5.0 15.0 200386338.3712
300.0 7.5 -5.0 15.0 140179784.6863
300.0 -5.0 -2.5 15.0 16344299.3693
300.0 -2.5 -2.5 15.0 9999999963.4944
300.0 0.0 -2.5 15.0 10000000049.238602
300.0 2.5 -2.5 15.0 10000000032.9113
300.0 5.0 -2.5 15.0 4165143836.465
300.0 7.5 -2.5 15.0 231489.5766
300.0 10.0 -2.5 15.0 119.21209999999999
300.0 -5.0 0.0 15.0 9999999910.910702
300.0 -2.5 0.0 15.0 86219511.6141
300.0 0.0 0.0 15.0 9999999982.9986
300.0 2.5 0.0 15.0 1005358997.1180999
300.0 5.0 0.0 15.0 46393181.8358
300.0 7.5 0.0 15.0 61887771.6505
300.0 10.0 0.0 15.0 235461914.1378
300.0 -5.0 2.5 15.0 7894084385.7722
300.0 -2.5 2.5 15.0 9999999987.411402
300.0 0.0 2.5 15.0 10000000019.5284
300.0 2.5 2.5 15.0 330082.5444
300.0 5.0 2.5 15.0 2863750.6538
300.0 7.5 2.5 15.0 177545230.9455
300.0 10.0 2.5 15.0 557.3824000000001
300.0 -5.0 5.0 15.0 26731.9366
300.0 -2.5 5.0 15.0 24117.3603
300.0 0.0 5.0 15.0 533327.79
300.0 2.5 5.0 15.0 638587.4735000001
300.0 5.0 5.0 15.0 2346.6729
300.0 7.5 5.0 15.0 62.1798
300.0 10.0 5.0 15.0 5.1741
300.0 -5.0 -10.0 16.25 4304.9241999999995
300.0 -2.5 -10.0 16.25 471892.6178
300.0 0.0 -10.0 16.25 282730331.4225
300.0 2.5 -10.0 16.25 276100063.0241
300.0 5.0 -10.0 16.25 547139.2784000001
300.0 7.5 -10.0 16.25 -3.7020000000000017
300.0 10.0 -10.0 16.25 447.2691
300.0 -5.0 -7.5 16.25 108.0457
300.0 -2.5 -7.5 16.25 429564767.0329
300.0 0.0 -7.5 16.25 89165382.2826
300.0 2.5 -7.5 16.25 10000000055.4554
300.0 5.0 -7.5 16.25 1274013.0413
300.0 7.5 -7.5 16.25 29512722.1816
300.0 10.0 -7.5 16.25 46580.3204
300.0 -5.0 -5.0 16.25 760.8480999999999
300.0 -2.5 -5.0 16.25 58101192.3645
300.0 0.0 -5.0 16.25 94182762.0344
300.0 2.5 -5.0 16.25 9999999981.164501
300.0 5.0 -5.0 16.25 9999999970.0196
300.0 7.5 -5.0 16.25 9999999966.107101
300.0 10.0 -5.0 16.25 102566.153
300.0 -5.0 -2.5 16.25 1953937222.6712
300.0 -2.5 -2.5 16.25 268968489.1376
300.0 0.0 -2.5 16.25 463132731.6735
300.0 2.5 -2.5 16.25 9999999969.802
300.0 5.0 -2.5 16.25 9999999966.8446
300.0 7.5 -2.5 16.25 77020.07979999999
300.0 10.0 -2.5 16.25 4.0386999999999995
300.0 -5.0 0.0 16.25 370693529.73109996
300.0 -2.5 0.0 16.25 3700948558.1657996
300.0 0.0 0.0 16.25 10000000016.835001
300.0 2.5 0.0 16.25 115716581.3257
300.0 5.0 0.0 16.25 407766653.3095
300.0 7.5 0.0 16.25 483.7841
300.0 10.0 0.0 16.25 135.0032
300.0 -5.0 2.5 16.25 230925.08800000002
300.0 -2.5 2.5 16.25 20051070.5054
300.0 0.0 2.5 16.25 133470197.7749
300.0 2.5 2.5 16.25 768.1912000000001
300.0 5.0 2.5 16.25 164690.3736
300.0 7.5 2.5 16.25 704.8325
300.0 10.0 2.5 16.25 8.354800000000001
300.0 -5.0 5.0 16.25 741.1861
300.0 -2.5 5.0 16.25 65.4972
300.0 0.0 5.0 16.25 2.6928
300.0 2.5 5.0 16.25 157.0949
300.0 5.0 5.0 16.25 15.390699999999999
300.0 7.5 5.0 16.25 6.8365
300.0 10.0 5.0 16.25 4.1091999999999995
