0.0 0.0 2.5 5.0 78269735.73099999
0.0 2.5 2.5 5.0 9999999922.6791
0.0 0.0 5.0 5.0 254710.2528
0.0 2.5 0.0 6.25 10000000114.9491
0.0 0.0 2.5 6.25 10000000049.1732
0.0 0.0 5.0 6.25 145539651.3399
0.0 0.0 0.0 7.5 4844896774.1659
0.0 2.5 0.0 7.5 7733076493.808001
0.0 0.0 2.5 7.5 9999999999.031801
0.0 0.0 5.0 7.5 1423546.5467
0.0 0.0 -5.0 8.75 724287637.2897
0.0 5.0 -5.0 8.75 9999999943.183802
0.0 -2.5 -2.5 8.75 60973154.243700005
0.0 0.0 -2.5 8.75 2618125549.2987
0.0 -2.5 0.0 8.75 420644093.88
0.0 0.0 0.0 8.75 2370837034.1629
0.0 2.5 0.0 8.75 86574157.6945
0.0 0.0 2.5 8.75 10000000027.2947
0.0 2.5 2.5 8.75 10000000098.3139
0.0 0.0 5.0 8.75 1256970.9438999998
0.0 2.5 5.0 8.75 36112.711
0.0 5.0 -7.5 10.0 13057.937399999999
0.0 7.5 -7.5 10.0 23.561500000000002
0.0 -2.5 -5.0 10.0 2841107190.4067
0.0 0.0 -5.0 10.0 262041180.9106
0.0 2.5 -5.0 10.0 70957208.5994
0.0 5.0 -5.0 10.0 9999999756.3005
0.0 7.5 -5.0 10.0 2955559258.0096
0.0 -2.5 -2.5 10.0 10000000170.4009
0.0 0.0 -2.5 10.0 9999999934.351702
0.0 2.5 -2.5 10.0 9999999941.877401
0.0 5.0 -2.5 10.0 887924628.4577
0.0 -2.5 0.0 10.0 156222945.8482
0.0 0.0 0.0 10.0 10000000219.3348
0.0 2.5 0.0 10.0 96815548.9947
0.0 0.0 2.5 10.0 9999999965.9675
0.0 2.5 2.5 10.0 9092380290.5725
0.0 0.0 5.0 10.0 718653736.5124999
0.0 2.5 5.0 10.0 73285643.79589999
0.0 2.5 -10.0 11.25 84151.4671
0.0 5.0 -10.0 11.25 13.2749
0.0 10.0 -10.0 11.25 -1.9529
0.0 2.5 -7.5 11.25 6761511.2317
0.0 5.0 -7.5 11.25 578.6176
0.0 7.5 -7.5 11.25 -21.7123
0.0 0.0 -5.0 11.25 9608212354.1479
0.0 2.5 -5.0 11.25 27001312.762199998
0.0 5.0 -5.0 11.25 6035110.3956
0.0 -5.0 -2.5 11.25 5203.2822
0.0 -2.5 -2.5 11.25 101046329.0817
0.0 0.0 -2.5 11.25 46557325.6171
0.0 2.5 -2.5 11.25 293495061.5066
0.0 5.0 -2.5 11.25 10000000121.522701
0.0 -5.0 0.0 11.25 2547876.6017
0.0 -2.5 0.0 11.25 7435805966.2432
0.0 0.0 0.0 11.25 2095814671.7502
0.0 2.5 0.0 11.25 10000000146.6219
0.0 0.0 2.5 11.25 10000000017.594702
0.0 2.5 2.5 11.25 2410473.7085
0.0 0.0 5.0 11.25 25011145.7
0.0 2.5 5.0 11.25 1351888.9246
0.0 -2.5 -10.0 12.5 -7.1737
0.0 2.5 -10.0 12.5 12.498500000000002
0.0 5.0 -10.0 12.5 7.9304
0.0 7.5 -10.0 12.5 2.5136
0.0 10.0 -10.0 12.5 -1.4844
0.0 -5.0 -7.5 12.5 -18.585
0.0 0.0 -7.5 12.5 74728563.0859
0.0 2.5 -7.5 12.5 2872.1861
0.0 5.0 -7.5 12.5 5376.8596
0.0 7.5 -7.5 12.5 -12.6335
0.0 10.0 -7.5 12.5 -11.5856
0.0 -2.5 -5.0 12.5 599882.7227
0.0 0.0 -5.0 12.5 124027016.3845
0.0 2.5 -5.0 12.5 5553751063.3845
0.0 5.0 -5.0 12.5 156261706.1901
0.0 -2.5 -2.5 12.5 13605260.496
0.0 0.0 -2.5 12.5 527509145.4147
0.0 2.5 -2.5 12.5 27149131.4911
0.0 5.0 -2.5 12.5 567451.7434
0.0 -5.0 0.0 12.5 2384.0782
0.0 -2.5 0.0 12.5 2844801.6793
0.0 0.0 0.0 12.5 530957712.518
0.0 2.5 0.0 12.5 10000000149.613401
0.0 5.0 0.0 12.5 10000000073.105902
0.0 -2.5 2.5 12.5 3547.5237
0.0 0.0 2.5 12.5 2319300972.5049
0.0 2.5 2.5 12.5 978298.0239
0.0 7.5 2.5 12.5 -12.361899999999999
0.0 0.0 5.0 12.5 60050.5726
0.0 2.5 5.0 12.5 1174055.3701
0.0 5.0 5.0 12.5 59.255799999999994
0.0 -2.5 -10.0 13.75 -6.2286
0.0 0.0 -10.0 13.75 1.1617000000000002
0.0 2.5 -10.0 13.75 6.106199999999999
0.0 5.0 -10.0 13.75 6.8526
0.0 7.5 -10.0 13.75 2.7747
0.0 10.0 -10.0 13.75 -0.9185000000000001
0.0 -5.0 -7.5 13.75 -14.1452
0.0 -2.5 -7.5 13.75 783.7305
0.0 0.0 -7.5 13.75 1881.208
0.0 2.5 -7.5 13.75 439.5951
0.0 5.0 -7.5 13.75 499.3154
0.0 7.5 -7.5 13.75 -4.7181999999999995
0.0 10.0 -7.5 13.75 -5.6426
0.0 -2.5 -5.0 13.75 70.2508
0.0 0.0 -5.0 13.75 983224.3356
0.0 2.5 -5.0 13.75 9999999931.1721
0.0 5.0 -5.0 13.75 32479643.7938
0.0 7.5 -5.0 13.75 78.7471
0.0 -5.0 -2.5 13.75 -29.15
0.0 -2.5 -2.5 13.75 1575.5764
0.0 0.0 -2.5 13.75 255639.2739
0.0 2.5 -2.5 13.75 92803136.8967
0.0 5.0 -2.5 13.75 36173.0337
0.0 7.5 -2.5 13.75 1908.7791
0.0 -5.0 0.0 13.75 -26.861700000000003
0.0 -2.5 0.0 13.75 862.9317
0.0 0.0 0.0 13.75 20461.411500000002
0.0 2.5 0.0 13.75 20973.396
0.0 5.0 0.0 13.75 60696.3557
0.0 7.5 0.0 13.75 65.1037
0.0 10.0 0.0 13.75 3.221
0.0 -5.0 2.5 13.75 -13.1838
0.0 -2.5 2.5 13.75 22.1004
0.0 0.0 2.5 13.75 40271848.5965
0.0 2.5 2.5 13.75 16232.7264
0.0 5.0 2.5 13.75 10000000335.841301
0.0 7.5 2.5 13.75 7.9655000000000005
0.0 -2.5 5.0 13.75 -0.8409999999999997
0.0 0.0 5.0 13.75 36.0192
0.0 2.5 5.0 13.75 227.2975
0.0 5.0 5.0 13.75 34.846199999999996
0.0 7.5 5.0 13.75 -7.0293
0.0 10.0 5.0 13.75 -8.901
0.0 -5.0 -10.0 15.0 -4.5153
0.0 -2.5 -10.0 15.0 -5.003500000000001
0.0 0.0 -10.0 15.0 -1.3634
0.0 2.5 -10.0 15.0 3.4509
0.0 5.0 -10.0 15.0 4.5138
0.0 7.5 -10.0 15.0 2.1558
0.0 10.0 -10.0 15.0 -0.2313
0.0 -5.0 -7.5 15.0 -10.8702
0.0 -2.5 -7.5 15.0 -14.6577
0.0 0.0 -7.5 15.0 -12.463
0.0 2.5 -7.5 15.0 2.7157999999999998
0.0 5.0 -7.5 15.0 12.8377
0.0 7.5 -7.5 15.0 -0.1278999999999999
0.0 10.0 -7.5 15.0 -2.3585000000000003
0.0 -5.0 -5.0 15.0 -17.4001
0.0 -2.5 -5.0 15.0 -28.0592
0.0 0.0 -5.0 15.0 2.399799999999999
0.0 2.5 -5.0 15.0 6333642.0619
0.0 5.0 -5.0 15.0 11329.113000000001
0.0 7.5 -5.0 15.0 1.8411
0.0 10.0 -5.0 15.0 -1.633
0.0 -5.0 -2.5 15.0 -20.879
0.0 -2.5 -2.5 15.0 -27.122
0.0 0.0 -2.5 15.0 189.6036
0.0 2.5 -2.5 15.0 5036937.5913
0.0 5.0 -2.5 15.0 1874956.4261
0.0 7.5 -2.5 15.0 18.561799999999998
0.0 10.0 -2.5 15.0 28.7725
0.0 -5.0 0.0 15.0 -18.6193
0.0 -2.5 0.0 15.0 -22.8241
0.0 0.0 0.0 15.0 88.806
0.0 2.5 0.0 15.0 98.9494
0.0 5.0 0.0 15.0 2082.9296999999997
0.0 7.5 0.0 15.0 16.0399
0.0 10.0 0.0 15.0 5.5356000000000005
0.0 -5.0 2.5 15.0 -9.2317
0.0 -2.5 2.5 15.0 -10.9861
0.0 0.0 2.5 15.0 299.769
0.0 2.5 2.5 15.0 109.4036
0.0 5.0 2.5 15.0 9999999470.0547
0.0 7.5 2.5 15.0 15.492
0.0 10.0 2.5 15.0 1.0863
0.0 -5.0 5.0 15.0 -1.7346
0.0 -2.5 5.0 15.0 -0.9984999999999999
0.0 0.0 5.0 15.0 2.5519000000000003
0.0 2.5 5.0 15.0 7.7622
0.0 5.0 5.0 15.0 9.112
0.0 7.5 5.0 15.0 0.5793999999999999
0.0 10.0 5.0 15.0 -2.7189
0.0 -5.0 -10.0 16.25 -3.2262
0.0 -2.5 -10.0 16.25 -4.9855
0.0 0.0 -10.0 16.25 -2.4341999999999997
0.0 2.5 -10.0 16.25 1.9561000000000002
0.0 5.0 -10.0 16.25 3.5587
0.0 7.5 -10.0 16.25 2.5661
0.0 10.0 -10.0 16.25 -0.1244
0.0 -5.0 -7.5 16.25 -8.4808
0.0 -2.5 -7.5 16.25 -12.5094
0.0 0.0 -7.5 16.25 -10.913599999999999
0.0 2.5 -7.5 16.25 -3.3789
0.0 5.0 -7.5 16.25 1.4166
0.0 7.5 -7.5 16.25 2.0104
0.0 10.0 -7.5 16.25 0.6431
0.0 -5.0 -5.0 16.25 -12.704899999999999
0.0 -2.5 -5.0 16.25 -18.7197
0.0 0.0 -5.0 16.25 -19.2485
0.0 2.5 -5.0 16.25 6427.7149
0.0 5.0 -5.0 16.25 46.0278
0.0 7.5 -5.0 16.25 4.2145
0.0 10.0 -5.0 16.25 2.6487999999999996
0.0 -5.0 -2.5 16.25 -14.1105
0.0 -2.5 -2.5 16.25 -19.2405
0.0 0.0 -2.5 16.25 -20.3642
0.0 2.5 -2.5 16.25 51.151500000000006
0.0 5.0 -2.5 16.25 326.3206
0.0 7.5 -2.5 16.25 10.7871
0.0 10.0 -2.5 16.25 6.3247
0.0 -5.0 0.0 16.25 -11.007900000000001
0.0 -2.5 0.0 16.25 -14.1732
0.0 0.0 0.0 16.25 -15.329
0.0 2.5 0.0 16.25 -2.5125999999999995
0.0 5.0 0.0 16.25 32.3946
0.0 7.5 0.0 16.25 15.8174
0.0 10.0 0.0 16.25 8.2752
0.0 -5.0 2.5 16.25 -5.4364
0.0 -2.5 2.5 16.25 -5.808
0.0 0.0 2.5 16.25 -3.3619
0.0 2.5 2.5 16.25 5.555199999999999
0.0 5.0 2.5 16.25 326.7707
0.0 7.5 2.5 16.25 12.5211
0.0 10.0 2.5 16.25 4.7132
0.0 -5.0 5.0 16.25 -0.5919
0.0 -2.5 5.0 16.25 0.45240000000000014
0.0 0.0 5.0 16.25 2.7731000000000003
0.0 2.5 5.0 16.25 6.5893
0.0 5.0 5.0 16.25 11.164399999999999
0.0 7.5 5.0 16.25 5.0134
0.0 10.0 5.0 16.25 1.8344
60.0 -5.0 -10.0 3.75 1214500662.3249
60.0 -2.5 -10.0 3.75 368267771.41520005
60.0 0.0 -10.0 3.75 9999999231.8099
60.0 2.5 -10.0 3.75 10000000182.029902
60.0 5.0 -10.0 3.75 9999999700.367601
60.0 7.5 -10.0 3.75 10000000024.285301
60.0 10.0 -10.0 3.75 1652323.1864
60.0 -5.0 -7.5 3.75 9999999936.478601
60.0 -2.5 -7.5 3.75 9999999494.489801
60.0 0.0 -7.5 3.75 10000000369.9948
60.0 2.5 -7.5 3.75 10000000131.2541
60.0 5.0 -7.5 3.75 1866245636.6076999
60.0 7.5 -7.5 3.75 5795909668.2312
60.0 10.0 -7.5 3.75 67119.4674
60.0 -5.0 -5.0 3.75 10000000073.1151
60.0 -2.5 -5.0 3.75 6934644880.4195
60.0 0.0 -5.0 3.75 10000000097.066502
60.0 2.5 -5.0 3.75 9999999933.3876
60.0 5.0 -5.0 3.75 4979583070.5604
60.0 7.5 -5.0 3.75 10000000013.1229
60.0 10.0 -5.0 3.75 2645.021
60.0 -5.0 -2.5 3.75 10000000003.232801
60.0 -2.5 -2.5 3.75 9366875767.6438
60.0 0.0 -2.5 3.75 9999999983.789001
60.0 2.5 -2.5 3.75 6931870713.7638
60.0 5.0 -2.5 3.75 9999999786.3647
60.0 7.5 -2.5 3.75 341844637.1599
60.0 10.0 -2.5 3.75 147681.9742
60.0 -5.0 0.0 3.75 571650803.3416001
60.0 -2.5 0.0 3.75 9999999973.6714
60.0 0.0 0.0 3.75 10000000078.383701
60.0 2.5 0.0 3.75 960492047.7317001
60.0 5.0 0.0 3.75 10000000041.6665
60.0 7.5 0.0 3.75 9999999894.513601
60.0 10.0 0.0 3.75 4375882298.8307
60.0 -5.0 2.5 3.75 97175.9802
60.0 -2.5 2.5 3.75 1323373058.6236
60.0 0.0 2.5 3.75 10000000088.064001
60.0 2.5 2.5 3.75 321247042.5011
60.0 5.0 2.5 3.75 6664916837.987101
60.0 7.5 2.5 3.75 2107957205.6327
60.0 10.0 2.5 3.75 10000000124.751001
60.0 -5.0 5.0 3.75 401.8555
60.0 -2.5 5.0 3.75 10000000017.333601
60.0 0.0 5.0 3.75 404490941.60429996
60.0 2.5 5.0 3.75 153357285.4447
60.0 5.0 5.0 3.75 849772.1927
60.0 7.5 5.0 3.75 9999999930.060202
60.0 10.0 5.0 3.75 56929887.8358
60.0 0.0 -2.5 6.25 9999999837.4123
60.0 0.0 2.5 6.25 10000000109.8577
60.0 5.0 -7.5 7.5 9999999897.3574
60.0 0.0 -5.0 7.5 9999999907.443201
60.0 0.0 -2.5 7.5 10000000048.6783
60.0 -2.5 0.0 7.5 10000000105.175001
60.0 0.0 0.0 7.5 10000000072.7495
60.0 -2.5 2.5 7.5 9205175.2146
60.0 0.0 2.5 7.5 2264946034.1469
60.0 0.0 -7.5 8.75 1240970632.2524002
60.0 0.0 -5.0 8.75 9999999742.107601
60.0 2.5 -5.0 8.75 13057336.5898
60.0 0.0 -2.5 8.75 5280413925.9866
60.0 -2.5 0.0 8.75 3746357111.8015
60.0 0.0 0.0 8.75 9999999891.380201
60.0 -2.5 2.5 8.75 130823574.8878
60.0 0.0 2.5 8.75 7765802.0171
60.0 2.5 2.5 8.75 859010546.6251
60.0 -5.0 5.0 8.75 1117.2418
60.0 -2.5 5.0 8.75 2108.8080999999997
60.0 0.0 5.0 8.75 572569.825
60.0 0.0 -10.0 10.0 3809528.2808
60.0 0.0 -7.5 10.0 8495654.8601
60.0 2.5 -7.5 10.0 677364.2309
60.0 5.0 -7.5 10.0 25674.745
60.0 0.0 -5.0 10.0 10000000011.4036
60.0 2.5 -5.0 10.0 382507050.4051
60.0 0.0 -2.5 10.0 10000000038.5205
60.0 -2.5 0.0 10.0 9999999730.4087
60.0 0.0 0.0 10.0 473399140.63159996
60.0 -5.0 2.5 10.0 3701838360.6742997
60.0 -2.5 2.5 10.0 10000000088.9489
60.0 0.0 2.5 10.0 231386880.6219
60.0 2.5 2.5 10.0 10000000017.872702
60.0 -2.5 5.0 10.0 1318.007
60.0 0.0 5.0 10.0 969188.9914
60.0 2.5 5.0 10.0 183547994.8906
60.0 0.0 -10.0 11.25 116860.2472
60.0 7.5 -10.0 11.25 -23.330199999999998
60.0 10.0 -10.0 11.25 -1.0394
60.0 -2.5 -7.5 11.25 7790.5385
60.0 0.0 -7.5 11.25 4487203.3887
60.0 2.5 -7.5 11.25 18309.548600000002
60.0 5.0 -7.5 11.25 160.9378
60.0 7.5 -7.5 11.25 -21.7649
60.0 10.0 -7.5 11.25 4.7561
60.0 0.0 -5.0 11.25 10000000038.2672
60.0 2.5 -5.0 11.25 6607805849.978201
60.0 0.0 -2.5 11.25 3436488668.5128
60.0 -2.5 0.0 11.25 1230056303.9108
60.0 0.0 0.0 11.25 9999999844.929901
60.0 2.5 0.0 11.25 34357504.651599996
60.0 -5.0 2.5 11.25 438104559.32989997
60.0 -2.5 2.5 11.25 4984177060.0261
60.0 0.0 2.5 11.25 7917937.812
60.0 2.5 2.5 11.25 9999999977.549002
60.0 -5.0 5.0 11.25 2033.1393
60.0 -2.5 5.0 11.25 843.9863
60.0 0.0 5.0 11.25 1288.2042
60.0 2.5 5.0 11.25 999834552.977
60.0 5.0 5.0 11.25 167653047.8065
60.0 0.0 -10.0 12.5 -6.2804
60.0 2.5 -10.0 12.5 -45.7495
60.0 5.0 -10.0 12.5 -40.384
60.0 7.5 -10.0 12.5 -19.2361
60.0 10.0 -10.0 12.5 -2.2476
60.0 -2.5 -7.5 12.5 69.2796
60.0 0.0 -7.5 12.5 629000.6156
60.0 2.5 -7.5 12.5 603.1841999999999
60.0 5.0 -7.5 12.5 -44.4253
60.0 7.5 -7.5 12.5 -17.7117
60.0 10.0 -7.5 12.5 1.8805
60.0 -5.0 -5.0 12.5 112.2009
60.0 -2.5 -5.0 12.5 9015.089899999999
60.0 0.0 -5.0 12.5 89419170.3349
60.0 2.5 -5.0 12.5 65558871.6905
60.0 -2.5 -2.5 12.5 251265377.208
60.0 0.0 -2.5 12.5 943248959.4489001
60.0 5.0 -2.5 12.5 4676536007.8862
60.0 -5.0 0.0 12.5 960.5697
60.0 -2.5 0.0 12.5 14738533.9157
60.0 0.0 0.0 12.5 2418588957.1907
60.0 2.5 0.0 12.5 79209701.2321
60.0 -5.0 2.5 12.5 5190073.1603
60.0 -2.5 2.5 12.5 51772303.729
60.0 0.0 2.5 12.5 303165.8102
60.0 2.5 2.5 12.5 4322.7311
60.0 -5.0 5.0 12.5 107.638
60.0 -2.5 5.0 12.5 828.1001
60.0 0.0 5.0 12.5 1.1644000000000005
60.0 2.5 5.0 12.5 967.2786
60.0 5.0 5.0 12.5 8197.4444
60.0 -2.5 -10.0 13.75 4.327999999999999
60.0 0.0 -10.0 13.75 -14.9959
60.0 2.5 -10.0 13.75 -31.842000000000002
60.0 5.0 -10.0 13.75 -28.159599999999998
60.0 7.5 -10.0 13.75 -15.090900000000001
60.0 10.0 -10.0 13.75 -2.5719
60.0 -2.5 -7.5 13.75 -2.5216999999999996
60.0 0.0 -7.5 13.75 375.20980000000003
60.0 2.5 -7.5 13.75 -24.8954
60.0 5.0 -7.5 13.75 -30.9958
60.0 7.5 -7.5 13.75 -13.4934
60.0 10.0 -7.5 13.75 0.07630000000000003
60.0 -5.0 -5.0 13.75 -6.131799999999999
60.0 -2.5 -5.0 13.75 243.65390000000002
60.0 0.0 -5.0 13.75 15880.4054
60.0 2.5 -5.0 13.75 629.6255
60.0 5.0 -5.0 13.75 3920469079.394
60.0 7.5 -5.0 13.75 3348.8068000000003
60.0 10.0 -5.0 13.75 3.6318
60.0 -5.0 -2.5 13.75 230.22670000000002
60.0 -2.5 -2.5 13.75 525755.5143
60.0 0.0 -2.5 13.75 102228.171
60.0 2.5 -2.5 13.75 15055870.4855
60.0 5.0 -2.5 13.75 786269.3223
60.0 7.5 -2.5 13.75 1212517.2788
60.0 -5.0 0.0 13.75 17.1753
60.0 -2.5 0.0 13.75 2083.6883
60.0 0.0 0.0 13.75 40350576.3159
60.0 2.5 0.0 13.75 64865606.988800004
60.0 5.0 0.0 13.75 2430.5087
60.0 -5.0 2.5 13.75 960.0965
60.0 -2.5 2.5 13.75 42195577.29449999
60.0 0.0 2.5 13.75 9999999781.5379
60.0 2.5 2.5 13.75 46.3649
60.0 -5.0 5.0 13.75 -0.5366
60.0 -2.5 5.0 13.75 5.6626
60.0 0.0 5.0 13.75 -2.6741
60.0 2.5 5.0 13.75 -1.6183
60.0 5.0 5.0 13.75 13.9455
60.0 -5.0 -10.0 15.0 6.532
60.0 -2.5 -10.0 15.0 1.6033000000000002
60.0 0.0 -10.0 15.0 -10.806000000000001
60.0 2.5 -10.0 15.0 -20.186999999999998
60.0 5.0 -10.0 15.0 -19.5498
60.0 7.5 -10.0 15.0 -10.5365
60.0 10.0 -10.0 15.0 -2.1403000000000003
60.0 -5.0 -7.5 15.0 4.0036000000000005
60.0 -2.5 -7.5 15.0 -5.0236
60.0 0.0 -7.5 15.0 -21.026500000000002
60.0 2.5 -7.5 15.0 -29.9466
60.0 5.0 -7.5 15.0 -19.9502
60.0 7.5 -7.5 15.0 -8.2316
60.0 10.0 -7.5 15.0 0.0685
60.0 -5.0 -5.0 15.0 -4.9368
60.0 -2.5 -5.0 15.0 -12.5437
60.0 0.0 -5.0 15.0 93.38820000000001
60.0 2.5 -5.0 15.0 5.075900000000001
60.0 5.0 -5.0 15.0 55722.1203
60.0 7.5 -5.0 15.0 16.1488
60.0 10.0 -5.0 15.0 2.6466
60.0 -5.0 -2.5 15.0 -12.3176
60.0 -2.5 -2.5 15.0 105.375
60.0 0.0 -2.5 15.0 115.0249
60.0 2.5 -2.5 15.0 41191.7875
60.0 5.0 -2.5 15.0 868969.4885999999
60.0 7.5 -2.5 15.0 3315.2563
60.0 10.0 -2.5 15.0 4.4307
60.0 -5.0 0.0 15.0 -10.388300000000001
60.0 -2.5 0.0 15.0 -11.523
60.0 0.0 0.0 15.0 139227.5415
60.0 2.5 0.0 15.0 871.9248
60.0 5.0 0.0 15.0 27.728299999999997
60.0 7.5 0.0 15.0 9.302
60.0 10.0 0.0 15.0 2.8184
60.0 -5.0 2.5 15.0 6.285
60.0 -2.5 2.5 15.0 91.05980000000001
60.0 0.0 2.5 15.0 4130.5637
60.0 2.5 2.5 15.0 20.0532
60.0 5.0 2.5 15.0 29.168100000000003
60.0 7.5 2.5 15.0 20.633499999999998
60.0 10.0 2.5 15.0 -0.0877
60.0 -5.0 5.0 15.0 0.17620000000000013
60.0 -2.5 5.0 15.0 2.2497
60.0 0.0 5.0 15.0 2.7995
60.0 2.5 5.0 15.0 4.2867
60.0 5.0 5.0 15.0 6.161199999999999
60.0 -5.0 -10.0 16.25 4.6051
60.0 -2.5 -10.0 16.25 0.6233
60.0 0.0 -10.0 16.25 -6.634600000000001
60.0 2.5 -10.0 16.25 -13.308
60.0 5.0 -10.0 16.25 -12.6886
60.0 7.5 -10.0 16.25 -6.6880999999999995
60.0 10.0 -10.0 16.25 -1.498
60.0 -5.0 -7.5 16.25 2.0423999999999998
60.0 -2.5 -7.5 16.25 -4.4752
60.0 0.0 -7.5 16.25 -14.8352
60.0 2.5 -7.5 16.25 -17.6567
60.0 5.0 -7.5 16.25 -12.3743
60.0 7.5 -7.5 16.25 -4.7402
60.0 10.0 -7.5 16.25 -0.005299999999999999
60.0 -5.0 -5.0 16.25 -3.4413
60.0 -2.5 -5.0 16.25 -10.4348
60.0 0.0 -5.0 16.25 -19.281999999999996
60.0 2.5 -5.0 16.25 -17.1931
60.0 5.0 -5.0 16.25 755.5299
60.0 7.5 -5.0 16.25 1.0689
60.0 10.0 -5.0 16.25 2.4894
60.0 -5.0 -2.5 16.25 -6.9331
60.0 -2.5 -2.5 16.25 -11.73
60.0 0.0 -2.5 16.25 -16.8779
60.0 2.5 -2.5 16.25 28.8603
60.0 5.0 -2.5 16.25 329.6673
60.0 7.5 -2.5 16.25 8.2571
60.0 10.0 -2.5 16.25 3.8791
60.0 -5.0 0.0 16.25 -5.3351
60.0 -2.5 0.0 16.25 -6.504099999999999
60.0 0.0 0.0 16.25 146.27009999999999
60.0 2.5 0.0 16.25 15.0739
60.0 5.0 0.0 16.25 15.528
60.0 7.5 0.0 16.25 10.5887
60.0 10.0 0.0 16.25 4.1908
60.0 -5.0 2.5 16.25 -0.7015
60.0 -2.5 2.5 16.25 1.0714000000000001
60.0 0.0 2.5 16.25 48.656800000000004
60.0 2.5 2.5 16.25 16.9954
60.0 5.0 2.5 16.25 14.147400000000001
60.0 7.5 2.5 16.25 9.517499999999998
60.0 10.0 2.5 16.25 2.6006
60.0 -5.0 5.0 16.25 1.318
60.0 -2.5 5.0 16.25 3.5839
60.0 0.0 5.0 16.25 6.3899
60.0 2.5 5.0 16.25 8.2629
60.0 5.0 5.0 16.25 9.567
60.0 7.5 5.0 16.25 5.8556
60.0 10.0 5.0 16.25 1.1114
120.0 -5.0 -10.0 3.75 2299681194.7771
120.0 -2.5 -10.0 3.75 3703284575.6563
120.0 0.0 -10.0 3.75 9999999856.669
120.0 2.5 -10.0 3.75 10000000123.499102
120.0 5.0 -10.0 3.75 10000000114.995901
120.0 7.5 -10.0 3.75 10000000187.0545
120.0 10.0 -10.0 3.75 84064.1484
120.0 -5.0 -7.5 3.75 9999999970.1979
120.0 -2.5 -7.5 3.75 10000000069.860802
120.0 0.0 -7.5 3.75 10000000656.564201
120.0 2.5 -7.5 3.75 10000000052.575201
120.0 5.0 -7.5 3.75 10000000224.7457
120.0 7.5 -7.5 3.75 10000000109.4669
120.0 10.0 -7.5 3.75 822104594.9421
120.0 -5.0 -5.0 3.75 10000000108.107801
120.0 -2.5 -5.0 3.75 10000000267.6376
120.0 0.0 -5.0 3.75 9999999968.7681
120.0 2.5 -5.0 3.75 9999999696.3243
120.0 5.0 -5.0 3.75 9999999898.2078
120.0 7.5 -5.0 3.75 10000000031.478401
120.0 10.0 -5.0 3.75 9999999989.722101
120.0 -5.0 -2.5 3.75 10000000234.4335
120.0 -2.5 -2.5 3.75 10000000145.319601
120.0 0.0 -2.5 3.75 9999999712.267302
120.0 2.5 -2.5 3.75 10000000002.972301
120.0 5.0 -2.5 3.75 847353100.3112999
120.0 7.5 -2.5 3.75 9411419.6793
120.0 10.0 -2.5 3.75 21811800.7595
120.0 -5.0 0.0 3.75 3587169447.6866
120.0 -2.5 0.0 3.75 10000000081.682901
120.0 0.0 0.0 3.75 10000000145.3897
120.0 2.5 0.0 3.75 10000000028.379501
120.0 5.0 0.0 3.75 9999999997.5086
120.0 7.5 0.0 3.75 9999999916.801102
120.0 10.0 0.0 3.75 330140.52880000003
120.0 -5.0 2.5 3.75 3619440167.1958
120.0 -2.5 2.5 3.75 963923235.6276
120.0 0.0 2.5 3.75 10000000041.848701
120.0 2.5 2.5 3.75 9999999868.5657
120.0 5.0 2.5 3.75 9999999947.4715
120.0 7.5 2.5 3.75 9999999644.8952
120.0 10.0 2.5 3.75 5266.5697
120.0 -5.0 5.0 3.75 9677.1693
120.0 -2.5 5.0 3.75 10000000137.262001
120.0 0.0 5.0 3.75 2376959008.8704
120.0 2.5 5.0 3.75 10000000094.711102
120.0 5.0 5.0 3.75 55826118.5026
120.0 7.5 5.0 3.75 1450294.6393
120.0 10.0 5.0 3.75 30.3203
120.0 -2.5 0.0 5.0 9999999805.434301
120.0 -2.5 2.5 5.0 240246106.9594
120.0 0.0 -2.5 6.25 9999999987.3824
120.0 -2.5 0.0 6.25 9999999828.070002
120.0 -2.5 2.5 6.25 30419660.408600003
120.0 -2.5 5.0 6.25 9778495.5587
120.0 0.0 -7.5 7.5 6361201459.644
120.0 -2.5 -5.0 7.5 10000000097.2823
120.0 0.0 -5.0 7.5 9999999927.055101
120.0 -2.5 -2.5 7.5 10000000043.4521
120.0 0.0 -2.5 7.5 10000000010.587801
120.0 -2.5 0.0 7.5 9999999388.469501
120.0 -2.5 2.5 7.5 7658683034.609099
120.0 0.0 2.5 7.5 10000000070.583302
120.0 -2.5 5.0 7.5 54631382.9299
120.0 0.0 -7.5 8.75 130641379.0401
120.0 -2.5 -5.0 8.75 10000000137.2686
120.0 0.0 -5.0 8.75 9999999994.038301
120.0 2.5 -5.0 8.75 10000000110.664202
120.0 -2.5 -2.5 8.75 1902080445.5047
120.0 0.0 -2.5 8.75 9999999933.3274
120.0 -2.5 0.0 8.75 9999999818.689701
120.0 0.0 0.0 8.75 2674467001.3647003
120.0 -2.5 2.5 8.75 8291634593.4281
120.0 0.0 2.5 8.75 1140888085.2828
120.0 -5.0 5.0 8.75 9552856433.1917
120.0 -2.5 5.0 8.75 9999999905.541101
120.0 0.0 -7.5 10.0 342025933.2099
120.0 2.5 -7.5 10.0 28003458.3166
120.0 -2.5 -5.0 10.0 9999999922.3469
120.0 0.0 -5.0 10.0 3564066554.7408
120.0 2.5 -5.0 10.0 462228.9941
120.0 -2.5 -2.5 10.0 10000000006.6636
120.0 0.0 -2.5 10.0 10000000049.7077
120.0 -2.5 0.0 10.0 9999999893.4234
120.0 0.0 0.0 10.0 3851319002.6497
120.0 -2.5 2.5 10.0 597155591.829
120.0 0.0 2.5 10.0 9999999921.5632
120.0 2.5 2.5 10.0 167722657.4314
120.0 -5.0 5.0 10.0 3885882.582
120.0 -2.5 5.0 10.0 9999999919.8525
120.0 0.0 5.0 10.0 418327.5629
120.0 0.0 -10.0 11.25 76073.0004
120.0 2.5 -10.0 11.25 3680.9851
120.0 5.0 -10.0 11.25 8.9443
120.0 7.5 -10.0 11.25 -8.9945
120.0 0.0 -7.5 11.25 9999999871.701601
120.0 2.5 -7.5 11.25 9999999996.553501
120.0 5.0 -7.5 11.25 482.63070000000005
120.0 -2.5 -5.0 11.25 41575252.3284
120.0 0.0 -5.0 11.25 2516228379.3813
120.0 2.5 -5.0 11.25 5611728.905
120.0 -5.0 -2.5 11.25 9999999898.8831
120.0 -2.5 -2.5 11.25 199304173.3861
120.0 0.0 -2.5 11.25 9999999815.1683
120.0 -5.0 0.0 11.25 179018.0226
120.0 -2.5 0.0 11.25 6838096.8494
120.0 0.0 0.0 11.25 10000000027.113201
120.0 2.5 0.0 11.25 10000000026.555601
120.0 5.0 0.0 11.25 1161792.4664
120.0 -5.0 2.5 11.25 15146.3169
120.0 -2.5 2.5 11.25 5389528.6365
120.0 0.0 2.5 11.25 9999999976.846401
120.0 2.5 2.5 11.25 10000000236.543001
120.0 -5.0 5.0 11.25 552870.689
120.0 -2.5 5.0 11.25 9999999659.1464
120.0 0.0 5.0 11.25 8188.4604
120.0 2.5 5.0 11.25 5.5733000000000015
120.0 -5.0 -10.0 12.5 27.3064
120.0 0.0 -10.0 12.5 841.2009
120.0 2.5 -10.0 12.5 62.0874
120.0 5.0 -10.0 12.5 0.05549999999999944
120.0 7.5 -10.0 12.5 -14.8843
120.0 10.0 -10.0 12.5 -28.642500000000002
120.0 -2.5 -7.5 12.5 9226.863800000001
120.0 0.0 -7.5 12.5 10000000015.145
120.0 2.5 -7.5 12.5 21428112.0014
120.0 5.0 -7.5 12.5 -9.656400000000001
120.0 -2.5 -5.0 12.5 8024551.5825
120.0 0.0 -5.0 12.5 1698473.8961
120.0 2.5 -5.0 12.5 9999999869.644201
120.0 -5.0 -2.5 12.5 10000000031.720201
120.0 -2.5 -2.5 12.5 81184860.2344
120.0 0.0 -2.5 12.5 10000000051.029001
120.0 -5.0 0.0 12.5 2258.3822
120.0 -2.5 0.0 12.5 221901283.50860003
120.0 0.0 0.0 12.5 19801571.6381
120.0 2.5 0.0 12.5 262053206.3553
120.0 5.0 0.0 12.5 479781001.82809997
120.0 -5.0 2.5 12.5 20.265000000000004
120.0 -2.5 2.5 12.5 1378.7124000000001
120.0 0.0 2.5 12.5 9999999997.8549
120.0 2.5 2.5 12.5 372667.6103
120.0 5.0 2.5 12.5 2844.3234
120.0 -5.0 5.0 12.5 169.4746
120.0 -2.5 5.0 12.5 701.1349
120.0 0.0 5.0 12.5 4052.8014
120.0 2.5 5.0 12.5 -9.7642
120.0 5.0 5.0 12.5 -4.6425
120.0 7.5 5.0 12.5 4.8782000000000005
120.0 -5.0 -10.0 13.75 6.626999999999999
120.0 -2.5 -10.0 13.75 8.105
120.0 0.0 -10.0 13.75 26.4476
120.0 2.5 -10.0 13.75 8.071800000000001
120.0 5.0 -10.0 13.75 -3.448
120.0 7.5 -10.0 13.75 -14.035499999999999
120.0 10.0 -10.0 13.75 -22.0881
120.0 -2.5 -7.5 13.75 5.6098
120.0 0.0 -7.5 13.75 20474.9813
120.0 2.5 -7.5 13.75 1341.6306
120.0 5.0 -7.5 13.75 -23.567600000000002
120.0 7.5 -7.5 13.75 -28.7246
120.0 10.0 -7.5 13.75 -34.0606
120.0 -5.0 -5.0 13.75 505.2063
120.0 -2.5 -5.0 13.75 11179.465100000001
120.0 0.0 -5.0 13.75 3025.1692
120.0 2.5 -5.0 13.75 21988478.5514
120.0 -5.0 -2.5 13.75 2280618.9005
120.0 -2.5 -2.5 13.75 31235283.8105
120.0 0.0 -2.5 13.75 74762.85190000001
120.0 2.5 -2.5 13.75 8135034.9081
120.0 -5.0 0.0 13.75 59.525800000000004
120.0 -2.5 0.0 13.75 430.1048
120.0 0.0 0.0 13.75 1831311.7397999999
120.0 2.5 0.0 13.75 10000000004.8561
120.0 -5.0 2.5 13.75 -10.789200000000001
120.0 -2.5 2.5 13.75 0.8878999999999999
120.0 0.0 2.5 13.75 791585.8910000001
120.0 2.5 2.5 13.75 515.7656000000001
120.0 5.0 2.5 13.75 76.4451
120.0 7.5 2.5 13.75 2.5819
120.0 -5.0 5.0 13.75 -4.6166
120.0 -2.5 5.0 13.75 4.9808
120.0 0.0 5.0 13.75 31.5169
120.0 2.5 5.0 13.75 -2.5426999999999995
120.0 5.0 5.0 13.75 0.6512999999999998
120.0 7.5 5.0 13.75 3.6842
120.0 -5.0 -10.0 15.0 5.6954
120.0 -2.5 -10.0 15.0 7.2622
120.0 0.0 -10.0 15.0 8.3838
120.0 2.5 -10.0 15.0 3.7266000000000004
120.0 5.0 -10.0 15.0 -3.9336
120.0 7.5 -10.0 15.0 -11.1387
120.0 10.0 -10.0 15.0 -15.6393
120.0 -5.0 -7.5 15.0 -5.288600000000001
120.0 -2.5 -7.5 15.0 -2.8201000000000005
120.0 0.0 -7.5 15.0 41.947900000000004
120.0 2.5 -7.5 15.0 8.1923
120.0 5.0 -7.5 15.0 -17.029
120.0 7.5 -7.5 15.0 -20.55
120.0 10.0 -7.5 15.0 -23.2969
120.0 -5.0 -5.0 15.0 -19.3173
120.0 -2.5 -5.0 15.0 350.053
120.0 0.0 -5.0 15.0 162.3255
120.0 2.5 -5.0 15.0 1724.4760999999999
120.0 5.0 -5.0 15.0 -12.9088
120.0 7.5 -5.0 15.0 -21.7442
120.0 10.0 -5.0 15.0 -22.3059
120.0 -5.0 -2.5 15.0 128.7058
120.0 -2.5 -2.5 15.0 6085.1428
120.0 0.0 -2.5 15.0 6846.9034
120.0 2.5 -2.5 15.0 40246.098
120.0 5.0 -2.5 15.0 888502.7315999999
120.0 7.5 -2.5 15.0 19.595100000000002
120.0 10.0 -2.5 15.0 -12.378
120.0 -5.0 0.0 15.0 -6.347899999999999
120.0 -2.5 0.0 15.0 10.107099999999999
120.0 0.0 0.0 15.0 172.4451
120.0 2.5 0.0 15.0 1631.1444
120.0 5.0 0.0 15.0 27227.613299999997
120.0 10.0 0.0 15.0 -1.8362
120.0 -5.0 2.5 15.0 -2.7692
120.0 -2.5 2.5 15.0 3.2031
120.0 0.0 2.5 15.0 107.7879
120.0 2.5 2.5 15.0 12.6386
120.0 5.0 2.5 15.0 8.197899999999999
120.0 7.5 2.5 15.0 3.6238
120.0 10.0 2.5 15.0 2.9634
120.0 -5.0 5.0 15.0 0.5942999999999999
120.0 -2.5 5.0 15.0 5.3580000000000005
120.0 0.0 5.0 15.0 6.672599999999999
120.0 2.5 5.0 15.0 4.247999999999999
120.0 5.0 5.0 15.0 3.2374
120.0 7.5 5.0 15.0 3.1505
120.0 10.0 5.0 15.0 3.2251
120.0 -5.0 -10.0 16.25 3.9918
120.0 -2.5 -10.0 16.25 5.2828
120.0 0.0 -10.0 16.25 6.1915
120.0 2.5 -10.0 16.25 3.3519
120.0 5.0 -10.0 16.25 -2.3762
120.0 7.5 -10.0 16.25 -9.086699999999999
120.0 10.0 -10.0 16.25 -11.527800000000001
120.0 -5.0 -7.5 16.25 -2.2685000000000004
120.0 -2.5 -7.5 16.25 0.7214
120.0 0.0 -7.5 16.25 1.9377
120.0 2.5 -7.5 16.25 -2.2685999999999997
120.0 5.0 -7.5 16.25 -9.5539
120.0 7.5 -7.5 16.25 -14.1808
120.0 10.0 -7.5 16.25 -15.971
120.0 -5.0 -5.0 16.25 -8.8408
120.0 -2.5 -5.0 16.25 2.0588
120.0 0.0 -5.0 16.25 2.566
120.0 2.5 -5.0 16.25 -5.3779
120.0 5.0 -5.0 16.25 -10.9239
120.0 7.5 -5.0 16.25 -13.5952
120.0 10.0 -5.0 16.25 -14.76
120.0 -5.0 -2.5 16.25 -6.8701
120.0 -2.5 -2.5 16.25 39.3605
120.0 0.0 -2.5 16.25 29.9967
120.0 2.5 -2.5 16.25 119.2822
120.0 5.0 -2.5 16.25 1252.497
120.0 7.5 -2.5 16.25 -4.206
120.0 10.0 -2.5 16.25 -8.280800000000001
120.0 -5.0 0.0 16.25 -1.9531
120.0 -2.5 0.0 16.25 5.765599999999999
120.0 0.0 0.0 16.25 13.395300000000002
120.0 2.5 0.0 16.25 20.906000000000002
120.0 5.0 0.0 16.25 85.85400000000001
120.0 7.5 0.0 16.25 1.1955
120.0 10.0 0.0 16.25 -1.4741
120.0 -5.0 2.5 16.25 0.9519
120.0 -2.5 2.5 16.25 7.3843
120.0 0.0 2.5 16.25 13.073899999999998
120.0 2.5 2.5 16.25 11.984599999999999
120.0 5.0 2.5 16.25 7.833800000000001
120.0 7.5 2.5 16.25 3.5511000000000004
120.0 10.0 2.5 16.25 2.1512000000000002
120.0 -5.0 5.0 16.25 2.7420999999999998
120.0 -2.5 5.0 16.25 6.7775
120.0 0.0 5.0 16.25 8.4582
120.0 2.5 5.0 16.25 6.686999999999999
120.0 5.0 5.0 16.25 4.6553
120.0 7.5 5.0 16.25 2.6302000000000003
120.0 10.0 5.0 16.25 2.2411
180.0 -5.0 -10.0 3.75 10000000190.9094
180.0 -2.5 -10.0 3.75 7787028311.9028
180.0 0.0 -10.0 3.75 9999999899.4335
180.0 2.5 -10.0 3.75 10000000022.716301
180.0 5.0 -10.0 3.75 10000000069.4985
180.0 7.5 -10.0 3.75 2119866597.6217
180.0 10.0 -10.0 3.75 11402.7681
180.0 -5.0 -7.5 3.75 9999999760.2548
180.0 -2.5 -7.5 3.75 10000000146.0046
180.0 0.0 -7.5 3.75 9999999899.5515
180.0 2.5 -7.5 3.75 10000000075.615002
180.0 5.0 -7.5 3.75 9999999738.5191
180.0 7.5 -7.5 3.75 55906873.9414
180.0 10.0 -7.5 3.75 13462337.7741
180.0 -5.0 -5.0 3.75 4518780627.7962
180.0 -2.5 -5.0 3.75 821176875.7716
180.0 0.0 -5.0 3.75 9999999769.4922
180.0 2.5 -5.0 3.75 9999999955.2929
180.0 5.0 -5.0 3.75 9999999378.254301
180.0 7.5 -5.0 3.75 60110196.1564
180.0 10.0 -5.0 3.75 9999999751.805601
180.0 -5.0 -2.5 3.75 10000000118.2359
180.0 -2.5 -2.5 3.75 10000000018.8187
180.0 0.0 -2.5 3.75 9999999865.0688
180.0 2.5 -2.5 3.75 9999999878.6938
180.0 5.0 -2.5 3.75 10000000115.0342
180.0 7.5 -2.5 3.75 10000000102.2141
180.0 10.0 -2.5 3.75 1049511455.8154
180.0 -5.0 0.0 3.75 1559226342.95
180.0 -2.5 0.0 3.75 10000000109.649302
180.0 0.0 0.0 3.75 10000000009.797
180.0 2.5 0.0 3.75 9999999940.574501
180.0 5.0 0.0 3.75 9999999799.5317
180.0 7.5 0.0 3.75 2543033861.2188997
180.0 10.0 0.0 3.75 5881553093.218801
180.0 -5.0 2.5 3.75 253666021.0187
180.0 -2.5 2.5 3.75 9999999945.4449
180.0 0.0 2.5 3.75 6942153346.301101
180.0 2.5 2.5 3.75 10000000206.470402
180.0 5.0 2.5 3.75 9999999960.406
180.0 7.5 2.5 3.75 42037613.6766
180.0 10.0 2.5 3.75 24464768.0085
180.0 -5.0 5.0 3.75 28666379.3665
180.0 -2.5 5.0 3.75 1798735.7817
180.0 0.0 5.0 3.75 9999999954.924501
180.0 2.5 5.0 3.75 5753624919.2277
180.0 5.0 5.0 3.75 1166.3601
180.0 7.5 5.0 3.75 41.88590000000001
180.0 10.0 5.0 3.75 6034.657499999999
180.0 -2.5 2.5 5.0 456084627.9558
180.0 -2.5 -2.5 6.25 9999999997.6655
180.0 -2.5 0.0 6.25 9999999948.945702
180.0 -2.5 -2.5 7.5 9999999898.816
180.0 -2.5 0.0 7.5 2649687378.3374
180.0 -2.5 2.5 7.5 2682190.8592999997
180.0 0.0 2.5 7.5 20091201.9632
180.0 2.5 2.5 7.5 351808150.71140003
180.0 2.5 -10.0 8.75 9512652655.0984
180.0 -2.5 -7.5 8.75 8610748137.9394
180.0 2.5 -7.5 8.75 77693140.74309999
180.0 5.0 -7.5 8.75 1775661.0663
180.0 -5.0 -5.0 8.75 316571168.7035
180.0 -2.5 -5.0 8.75 9999999945.7282
180.0 -5.0 -2.5 8.75 9999999710.0482
180.0 -2.5 -2.5 8.75 10000000080.5949
180.0 0.0 -2.5 8.75 9999999902.6268
180.0 -5.0 0.0 8.75 9999999986.8904
180.0 -2.5 0.0 8.75 296278565.5796
180.0 0.0 0.0 8.75 9999999967.8267
180.0 -5.0 2.5 8.75 861890.8275
180.0 -2.5 2.5 8.75 9999999941.004501
180.0 0.0 2.5 8.75 302315482.6304
180.0 2.5 2.5 8.75 3335454.1225
180.0 0.0 5.0 8.75 3.0784000000000002
180.0 2.5 5.0 8.75 54.5062
180.0 2.5 -10.0 10.0 1102900049.2758
180.0 -2.5 -7.5 10.0 85883662.2613
180.0 0.0 -7.5 10.0 3459218918.0262003
180.0 2.5 -7.5 10.0 33716650.494600005
180.0 5.0 -7.5 10.0 2489739.9211
180.0 -5.0 -5.0 10.0 3389525.7547
180.0 -2.5 -5.0 10.0 9999999906.033
180.0 0.0 -5.0 10.0 9999999875.444601
180.0 -5.0 -2.5 10.0 10000000009.451
180.0 -2.5 -2.5 10.0 9999999888.529902
180.0 0.0 -2.5 10.0 10000000198.324001
180.0 -5.0 0.0 10.0 630574502.9454999
180.0 -2.5 0.0 10.0 9999999975.8962
180.0 0.0 0.0 10.0 9999999812.1074
180.0 -5.0 2.5 10.0 1049.3542
180.0 -2.5 2.5 10.0 124872191.2067
180.0 0.0 2.5 10.0 133367173.4906
180.0 2.5 2.5 10.0 550.0343
180.0 -2.5 5.0 10.0 377.40860000000004
180.0 0.0 5.0 10.0 117.5065
180.0 2.5 5.0 10.0 12.199399999999999
180.0 5.0 5.0 10.0 7.8028
180.0 -2.5 -10.0 11.25 823344213.8909
180.0 2.5 -10.0 11.25 6259320828.8099
180.0 5.0 -10.0 11.25 280.111
180.0 -2.5 -7.5 11.25 396261.5009
180.0 0.0 -7.5 11.25 1118683.8410999998
180.0 2.5 -7.5 11.25 806184.3189
180.0 5.0 -7.5 11.25 10000000088.4733
180.0 -5.0 -5.0 11.25 24823.764
180.0 -2.5 -5.0 11.25 167553353.4853
180.0 0.0 -5.0 11.25 10000000043.8043
180.0 -5.0 -2.5 11.25 885780169.0702
180.0 -2.5 -2.5 11.25 10000000062.2752
180.0 0.0 -2.5 11.25 9999999956.8897
180.0 -5.0 0.0 11.25 1633907.5785
180.0 -2.5 0.0 11.25 136544167.2993
180.0 0.0 0.0 11.25 23300604.5106
180.0 -5.0 2.5 11.25 10654.489
180.0 -2.5 2.5 11.25 5787779.3032
180.0 0.0 2.5 11.25 248397789.00640002
180.0 2.5 2.5 11.25 2999805342.4286003
180.0 -5.0 5.0 11.25 -8.5038
180.0 -2.5 5.0 11.25 8.9077
180.0 0.0 5.0 11.25 73.3108
180.0 2.5 5.0 11.25 7.8288
180.0 5.0 5.0 11.25 1.1107
180.0 7.5 5.0 11.25 -19.0612
180.0 -2.5 -10.0 12.5 416739681.195
180.0 0.0 -10.0 12.5 82.21780000000001
180.0 2.5 -10.0 12.5 11248.162
180.0 5.0 -10.0 12.5 -10.829799999999999
180.0 7.5 -10.0 12.5 5.3763000000000005
180.0 -2.5 -7.5 12.5 1339885.2179999999
180.0 0.0 -7.5 12.5 18164390.2117
180.0 2.5 -7.5 12.5 981254859.9078001
180.0 5.0 -7.5 12.5 437469.4816
180.0 -5.0 -5.0 12.5 45192.608
180.0 -2.5 -5.0 12.5 2095546055.9245
180.0 0.0 -5.0 12.5 37263488.0931
180.0 2.5 -5.0 12.5 2100561517.9864001
180.0 5.0 -5.0 12.5 9999999840.6685
180.0 -5.0 -2.5 12.5 21731.3407
180.0 -2.5 -2.5 12.5 9999999980.785501
180.0 0.0 -2.5 12.5 6633047608.2545
180.0 2.5 -2.5 12.5 10000000138.6979
180.0 5.0 -2.5 12.5 2370103.9433999998
180.0 -5.0 0.0 12.5 715.598
180.0 -2.5 0.0 12.5 11058703.8098
180.0 0.0 0.0 12.5 235771962.36740002
180.0 2.5 0.0 12.5 798860553.5269
180.0 -5.0 2.5 12.5 221.9161
180.0 -2.5 2.5 12.5 32332.1672
180.0 0.0 2.5 12.5 136701.46779999998
180.0 2.5 2.5 12.5 8638.2834
180.0 5.0 2.5 12.5 -6.9191
180.0 -5.0 5.0 12.5 -4.7374
180.0 -2.5 5.0 12.5 -2.7029
180.0 0.0 5.0 12.5 3.0854000000000004
180.0 2.5 5.0 12.5 5.6149000000000004
180.0 5.0 5.0 12.5 -1.5390000000000001
180.0 7.5 5.0 12.5 -16.1513
180.0 10.0 5.0 12.5 -26.1453
180.0 -5.0 -10.0 13.75 -7.904299999999999
180.0 -2.5 -10.0 13.75 4206.6716
180.0 0.0 -10.0 13.75 -11.4254
180.0 2.5 -10.0 13.75 -9.3253
180.0 5.0 -10.0 13.75 -13.7545
180.0 7.5 -10.0 13.75 -2.8798
180.0 -5.0 -7.5 13.75 -28.2502
180.0 -2.5 -7.5 13.75 399.24570000000006
180.0 0.0 -7.5 13.75 371897.49919999996
180.0 2.5 -7.5 13.75 1287199.7515999998
180.0 5.0 -7.5 13.75 586.9614
180.0 10.0 -7.5 13.75 -2.3181000000000003
180.0 -5.0 -5.0 13.75 -1.2728000000000002
180.0 -2.5 -5.0 13.75 16878323.1318
180.0 0.0 -5.0 13.75 9999999670.6809
180.0 2.5 -5.0 13.75 5911838.8040000005
180.0 5.0 -5.0 13.75 3328844.7587
180.0 -5.0 -2.5 13.75 78.2825
180.0 -2.5 -2.5 13.75 1996444698.0237
180.0 0.0 -2.5 13.75 5994.8394
180.0 2.5 -2.5 13.75 49726018.713800006
180.0 5.0 -2.5 13.75 6244.8453
180.0 -5.0 0.0 13.75 -7.367699999999999
180.0 -2.5 0.0 13.75 897.616
180.0 0.0 0.0 13.75 2782235.3907
180.0 2.5 0.0 13.75 10000000078.0252
180.0 5.0 0.0 13.75 1797842.3439
180.0 7.5 0.0 13.75 -19.915799999999997
180.0 -5.0 2.5 13.75 -6.1469000000000005
180.0 -2.5 2.5 13.75 1577.2778999999998
180.0 0.0 2.5 13.75 42123.5227
180.0 2.5 2.5 13.75 3181.5067000000004
180.0 5.0 2.5 13.75 -4.6482
180.0 7.5 2.5 13.75 -20.4563
180.0 10.0 2.5 13.75 -32.506
180.0 -5.0 5.0 13.75 -1.4384000000000001
180.0 -2.5 5.0 13.75 0.4755999999999998
180.0 0.0 5.0 13.75 3.5068
180.0 2.5 5.0 13.75 4.4489
180.0 5.0 5.0 13.75 -1.9922
180.0 7.5 5.0 13.75 -13.0746
180.0 -5.0 -10.0 15.0 -10.1576
180.0 -2.5 -10.0 15.0 -14.7264
180.0 0.0 -10.0 15.0 -10.3784
180.0 2.5 -10.0 15.0 1.3792
180.0 5.0 -10.0 15.0 -5.2892
180.0 7.5 -10.0 15.0 -1.6942
180.0 10.0 -10.0 15.0 -0.6799999999999999
180.0 -5.0 -7.5 15.0 -15.8095
180.0 -2.5 -7.5 15.0 -18.0001
180.0 0.0 -7.5 15.0 1723.808
180.0 2.5 -7.5 15.0 314064.2742
180.0 5.0 -7.5 15.0 0.7301
180.0 7.5 -7.5 15.0 146.7279
180.0 10.0 -7.5 15.0 -2.1432
180.0 -5.0 -5.0 15.0 -12.965900000000001
180.0 -2.5 -5.0 15.0 182.4548
180.0 0.0 -5.0 15.0 494.574
180.0 2.5 -5.0 15.0 946.242
180.0 5.0 -5.0 15.0 1108.8735000000001
180.0 7.5 -5.0 15.0 2.6673
180.0 -5.0 -2.5 15.0 -4.4368
180.0 -2.5 -2.5 15.0 258.4862
180.0 0.0 -2.5 15.0 71.5256
180.0 2.5 -2.5 15.0 9999999985.499601
180.0 5.0 -2.5 15.0 3829.9587
180.0 7.5 -2.5 15.0 -13.5531
180.0 -5.0 0.0 15.0 -2.3838
180.0 -2.5 0.0 15.0 16.6557
180.0 0.0 0.0 15.0 267.8293
180.0 2.5 0.0 15.0 5327931.9132
180.0 5.0 0.0 15.0 3060.1639999999998
180.0 7.5 0.0 15.0 -14.9368
180.0 -5.0 2.5 15.0 -1.0109
180.0 -2.5 2.5 15.0 2.1001999999999996
180.0 0.0 2.5 15.0 55.0583
180.0 2.5 2.5 15.0 383.5601
180.0 5.0 2.5 15.0 -3.053
180.0 7.5 2.5 15.0 -14.3651
180.0 10.0 2.5 15.0 -22.056600000000003
180.0 -5.0 5.0 15.0 -0.26280000000000003
180.0 -2.5 5.0 15.0 2.0317
180.0 0.0 5.0 15.0 4.1986
180.0 2.5 5.0 15.0 3.6453
180.0 5.0 5.0 15.0 -1.4426999999999999
180.0 7.5 5.0 15.0 -10.2448
180.0 10.0 5.0 15.0 -14.7227
180.0 -5.0 -10.0 16.25 -4.7143
180.0 -2.5 -10.0 16.25 -7.1913
180.0 0.0 -10.0 16.25 -2.649
180.0 2.5 -10.0 16.25 3.2147
180.0 5.0 -10.0 16.25 0.6762000000000001
180.0 7.5 -10.0 16.25 0.5854000000000001
180.0 10.0 -10.0 16.25 -0.1575
180.0 -5.0 -7.5 16.25 -7.8881
180.0 -2.5 -7.5 16.25 -7.532
180.0 0.0 -7.5 16.25 21.6556
180.0 2.5 -7.5 16.25 206.322
180.0 5.0 -7.5 16.25 3.7687
180.0 7.5 -7.5 16.25 -0.02629999999999999
180.0 10.0 -7.5 16.25 -2.1903
180.0 -5.0 -5.0 16.25 -4.679
180.0 -2.5 -5.0 16.25 -1.3506000000000002
180.0 0.0 -5.0 16.25 13.0552
180.0 2.5 -5.0 16.25 21.765700000000002
180.0 5.0 -5.0 16.25 6.5535000000000005
180.0 7.5 -5.0 16.25 -3.7221
180.0 10.0 -5.0 16.25 -6.4591
180.0 -5.0 -2.5 16.25 0.3872000000000002
180.0 -2.5 -2.5 16.25 5.5937
180.0 0.0 -2.5 16.25 14.471100000000002
180.0 2.5 -2.5 16.25 1160.3196
180.0 5.0 -2.5 16.25 12.8725
180.0 7.5 -2.5 16.25 -7.5358
180.0 10.0 -2.5 16.25 -12.208
180.0 -5.0 0.0 16.25 2.1938000000000004
180.0 -2.5 0.0 16.25 6.442900000000001
180.0 0.0 0.0 16.25 11.976499999999998
180.0 2.5 0.0 16.25 3340.5875
180.0 5.0 0.0 16.25 47.6069
180.0 7.5 0.0 16.25 -9.5741
180.0 10.0 0.0 16.25 -15.6178
180.0 -5.0 2.5 16.25 1.8687
180.0 -2.5 2.5 16.25 4.1255
180.0 0.0 2.5 16.25 7.0120000000000005
180.0 2.5 2.5 16.25 7.454599999999999
180.0 5.0 2.5 16.25 -0.4255
180.0 7.5 2.5 16.25 -10.229000000000001
180.0 10.0 2.5 16.25 -14.7651
180.0 -5.0 5.0 16.25 0.5893999999999999
180.0 -2.5 5.0 16.25 2.0325
180.0 0.0 5.0 16.25 3.7537
180.0 2.5 5.0 16.25 3.0391
180.0 5.0 5.0 16.25 -1.3098
180.0 7.5 5.0 16.25 -7.3835999999999995
180.0 10.0 5.0 16.25 -9.7763
240.0 -5.0 -10.0 3.75 9999999903.5832
240.0 -2.5 -10.0 3.75 10000000076.5955
240.0 0.0 -10.0 3.75 6733450823.5384
240.0 2.5 -10.0 3.75 10000000135.3117
240.0 5.0 -10.0 3.75 3677528250.3115
240.0 7.5 -10.0 3.75 9999999996.0119
240.0 10.0 -10.0 3.75 9907542.088299999
240.0 -5.0 -7.5 3.75 9999999906.7087
240.0 -2.5 -7.5 3.75 6549983238.522599
240.0 0.0 -7.5 3.75 10000000197.684101
240.0 2.5 -7.5 3.75 10000000201.0492
240.0 5.0 -7.5 3.75 1523353862.1673
240.0 7.5 -7.5 3.75 9999999977.754002
240.0 10.0 -7.5 3.75 9999999942.144901
240.0 -5.0 -5.0 3.75 9999999982.578402
240.0 -2.5 -5.0 3.75 9999999691.1657
240.0 0.0 -5.0 3.75 9999999946.127201
240.0 2.5 -5.0 3.75 9999999800.3001
240.0 5.0 -5.0 3.75 9999999511.326801
240.0 7.5 -5.0 3.75 10000000188.9227
240.0 10.0 -5.0 3.75 1759481816.7844
240.0 -5.0 -2.5 3.75 9999999917.968601
240.0 -2.5 -2.5 3.75 10000000134.5673
240.0 0.0 -2.5 3.75 9999999805.7977
240.0 2.5 -2.5 3.75 1157232442.1417
240.0 5.0 -2.5 3.75 10000000228.2875
240.0 7.5 -2.5 3.75 10000000013.1615
240.0 10.0 -2.5 3.75 20664935.4497
240.0 -5.0 0.0 3.75 1825814314.1543
240.0 -2.5 0.0 3.75 10000000036.704601
240.0 0.0 0.0 3.75 1536118054.8618999
240.0 2.5 0.0 3.75 10000000020.425201
240.0 5.0 0.0 3.75 10000000137.4097
240.0 7.5 0.0 3.75 10000000038.3162
240.0 10.0 0.0 3.75 11250667.091999998
240.0 -5.0 2.5 3.75 1068399671.3633
240.0 -2.5 2.5 3.75 5880960.8698
240.0 0.0 2.5 3.75 934074290.7177
240.0 2.5 2.5 3.75 275999411.45739996
240.0 5.0 2.5 3.75 403388983.1318
240.0 7.5 2.5 3.75 140683380.146
240.0 10.0 2.5 3.75 10000000002.2577
240.0 -5.0 5.0 3.75 11103671.2048
240.0 -2.5 5.0 3.75 16356.3233
240.0 0.0 5.0 3.75 2436650021.6520996
240.0 2.5 5.0 3.75 383469470.16789997
240.0 5.0 5.0 3.75 160980030.021
240.0 7.5 5.0 3.75 461296071.2479
240.0 10.0 5.0 3.75 440.6735
240.0 0.0 5.0 5.0 306111577.2812
240.0 2.5 -7.5 6.25 9999999309.212301
240.0 0.0 -2.5 6.25 10000000080.843401
240.0 0.0 0.0 6.25 6759607459.931601
240.0 -2.5 2.5 6.25 2654719.0172
240.0 0.0 2.5 6.25 9892039555.9964
240.0 0.0 5.0 6.25 10000000314.9629
240.0 2.5 -7.5 7.5 1136669518.0083
240.0 0.0 -5.0 7.5 10000000104.1495
240.0 2.5 -5.0 7.5 9999999881.3244
240.0 0.0 -2.5 7.5 10000000134.3386
240.0 2.5 -2.5 7.5 9999999857.063702
240.0 0.0 0.0 7.5 1568747715.5145
240.0 2.5 0.0 7.5 10000000093.399801
240.0 0.0 2.5 7.5 67370608.90390001
240.0 -2.5 5.0 7.5 6132.5851999999995
240.0 0.0 5.0 7.5 173082119.5534
240.0 2.5 -10.0 8.75 2033281186.1908998
240.0 2.5 -7.5 8.75 821617063.0950999
240.0 0.0 -5.0 8.75 5216740499.1062
240.0 2.5 -5.0 8.75 5890974750.9023
240.0 -2.5 -2.5 8.75 9999999903.596601
240.0 0.0 -2.5 8.75 10000000027.281
240.0 2.5 -2.5 8.75 10000000018.764801
240.0 -5.0 0.0 8.75 10000000010.059801
240.0 -2.5 0.0 8.75 4617639992.596399
240.0 0.0 0.0 8.75 9999999957.2569
240.0 2.5 0.0 8.75 7201694179.450701
240.0 -2.5 2.5 8.75 9349.2148
240.0 0.0 2.5 8.75 343947.6176
240.0 2.5 2.5 8.75 229031787.68109998
240.0 -2.5 5.0 8.75 67.1096
240.0 0.0 5.0 8.75 63414.0289
240.0 2.5 5.0 8.75 122924865.5309
240.0 2.5 -10.0 10.0 9999999633.9547
240.0 5.0 -10.0 10.0 21488.890199999998
240.0 2.5 -7.5 10.0 10711491.046
240.0 -5.0 -5.0 10.0 29567221.761
240.0 0.0 -5.0 10.0 903588829.0182999
240.0 2.5 -5.0 10.0 253809382.20049998
240.0 -5.0 -2.5 10.0 66422452.2946
240.0 -2.5 -2.5 10.0 10000000015.820702
240.0 0.0 -2.5 10.0 9999999844.8771
240.0 2.5 -2.5 10.0 10000000110.0104
240.0 -5.0 0.0 10.0 160860965.8626
240.0 -2.5 0.0 10.0 10000000075.7908
240.0 0.0 0.0 10.0 146494048.56559998
240.0 2.5 0.0 10.0 19357725.1179
240.0 -2.5 2.5 10.0 44038.3883
240.0 0.0 2.5 10.0 190.9218
240.0 2.5 2.5 10.0 4879.447999999999
240.0 5.0 2.5 10.0 361477.55889999995
240.0 -2.5 5.0 10.0 25.355999999999998
240.0 0.0 5.0 10.0 102.4682
240.0 2.5 5.0 10.0 57203.769799999995
240.0 5.0 5.0 10.0 10000000726.712101
240.0 -2.5 -10.0 11.25 79214750.4457
240.0 2.5 -10.0 11.25 89338.6344
240.0 5.0 -10.0 11.25 -27.098699999999997
240.0 10.0 -10.0 11.25 -16.8105
240.0 2.5 -7.5 11.25 2749596.693
240.0 -5.0 -5.0 11.25 1548228.4238
240.0 -2.5 -5.0 11.25 3353299.2911
240.0 0.0 -5.0 11.25 9999999611.548
240.0 2.5 -5.0 11.25 9999999921.179201
240.0 -5.0 -2.5 11.25 11238.8105
240.0 -2.5 -2.5 11.25 7602965.4714
240.0 0.0 -2.5 11.25 9999999925.2168
240.0 2.5 -2.5 11.25 2124276240.5739
240.0 -5.0 0.0 11.25 3381876210.9183
240.0 -2.5 0.0 11.25 3012893104.8840003
240.0 0.0 0.0 11.25 1807070624.6579
240.0 2.5 0.0 11.25 10000000061.966301
240.0 -2.5 2.5 11.25 8191466.3909
240.0 0.0 2.5 11.25 308893855.2016
240.0 2.5 2.5 11.25 88.5669
240.0 5.0 2.5 11.25 85.30680000000001
240.0 -2.5 5.0 11.25 16.0938
240.0 0.0 5.0 11.25 1.7111
240.0 2.5 5.0 11.25 55.440999999999995
240.0 5.0 5.0 11.25 95508.0386
240.0 7.5 5.0 11.25 -37.736900000000006
240.0 -2.5 -10.0 12.5 362.06269999999995
240.0 0.0 -10.0 12.5 3302765.947
240.0 2.5 -10.0 12.5 18426.8122
240.0 5.0 -10.0 12.5 -40.2885
240.0 7.5 -10.0 12.5 -27.988
240.0 10.0 -10.0 12.5 -12.883700000000001
240.0 -5.0 -7.5 12.5 41.5339
240.0 0.0 -7.5 12.5 1172572109.8957
240.0 2.5 -7.5 12.5 246986.2892
240.0 5.0 -7.5 12.5 1183595366.8321
240.0 7.5 -7.5 12.5 912207.0809999999
240.0 10.0 -7.5 12.5 -16.1278
240.0 -5.0 -5.0 12.5 190216.4007
240.0 -2.5 -5.0 12.5 13811633.452599999
240.0 0.0 -5.0 12.5 4930727.7870000005
240.0 2.5 -5.0 12.5 10000000143.301601
240.0 5.0 -5.0 12.5 10000000163.1725
240.0 -5.0 -2.5 12.5 500.4943
240.0 -2.5 -2.5 12.5 146113.7106
240.0 0.0 -2.5 12.5 646849930.9607999
240.0 2.5 -2.5 12.5 249254083.93919998
240.0 -5.0 0.0 12.5 73776.003
240.0 -2.5 0.0 12.5 3697774869.6337
240.0 0.0 0.0 12.5 381945281.6211
240.0 2.5 0.0 12.5 538122711.5644001
240.0 -2.5 2.5 12.5 396.88009999999997
240.0 0.0 2.5 12.5 1197.4098000000001
240.0 2.5 2.5 12.5 -12.767999999999999
240.0 5.0 2.5 12.5 -34.955
240.0 -2.5 5.0 12.5 9.504
240.0 0.0 5.0 12.5 -3.9587000000000003
240.0 2.5 5.0 12.5 -31.0444
240.0 5.0 5.0 12.5 -36.3379
240.0 7.5 5.0 12.5 -36.4075
240.0 10.0 5.0 12.5 -16.687900000000003
240.0 -5.0 -10.0 13.75 -9.6771
240.0 -2.5 -10.0 13.75 -23.2517
240.0 0.0 -10.0 13.75 133.8054
240.0 2.5 -10.0 13.75 171.8964
240.0 5.0 -10.0 13.75 -22.3783
240.0 7.5 -10.0 13.75 -13.3788
240.0 10.0 -10.0 13.75 -7.580500000000001
240.0 -5.0 -7.5 13.75 -18.775199999999998
240.0 -2.5 -7.5 13.75 -17.7862
240.0 0.0 -7.5 13.75 126440148.6577
240.0 2.5 -7.5 13.75 272.3864
240.0 5.0 -7.5 13.75 39540.4922
240.0 7.5 -7.5 13.75 2807.0438
240.0 10.0 -7.5 13.75 -9.4807
240.0 -5.0 -5.0 13.75 5.776299999999999
240.0 -2.5 -5.0 13.75 2458.832
240.0 0.0 -5.0 13.75 943.1394
240.0 2.5 -5.0 13.75 9999999990.684301
240.0 5.0 -5.0 13.75 1100559356.648
240.0 7.5 -5.0 13.75 4564.1627
240.0 -5.0 -2.5 13.75 4.4336
240.0 -2.5 -2.5 13.75 1007.5677
240.0 0.0 -2.5 13.75 492659149.37160003
240.0 2.5 -2.5 13.75 9999999985.1249
240.0 5.0 -2.5 13.75 25855.7861
240.0 -5.0 0.0 13.75 1567.9183
240.0 -2.5 0.0 13.75 5106408452.093
240.0 0.0 0.0 13.75 7573870054.7355
240.0 2.5 0.0 13.75 580415850.8972
240.0 5.0 0.0 13.75 6174.7301
240.0 -5.0 2.5 13.75 10.8391
240.0 -2.5 2.5 13.75 20.3309
240.0 0.0 2.5 13.75 32.3817
240.0 2.5 2.5 13.75 -12.6827
240.0 5.0 2.5 13.75 -30.9716
240.0 7.5 2.5 13.75 -22.812
240.0 -2.5 5.0 13.75 5.5718
240.0 0.0 5.0 13.75 -5.2162999999999995
240.0 2.5 5.0 13.75 -22.932199999999998
240.0 5.0 5.0 13.75 -34.8919
240.0 7.5 5.0 13.75 -27.718500000000002
240.0 10.0 5.0 13.75 -14.5085
240.0 -5.0 -10.0 15.0 -6.303800000000001
240.0 -2.5 -10.0 15.0 -12.7448
240.0 0.0 -10.0 15.0 -15.5248
240.0 2.5 -10.0 15.0 -14.3316
240.0 5.0 -10.0 15.0 -8.7239
240.0 7.5 -10.0 15.0 -4.0298
240.0 10.0 -10.0 15.0 -2.2725
240.0 -5.0 -7.5 15.0 -10.430900000000001
240.0 -2.5 -7.5 15.0 -18.9249
240.0 0.0 -7.5 15.0 183.8252
240.0 2.5 -7.5 15.0 -4.4072000000000005
240.0 5.0 -7.5 15.0 1118.1633000000002
240.0 7.5 -7.5 15.0 5480.6009
240.0 10.0 -7.5 15.0 -1.5946
240.0 -5.0 -5.0 15.0 -8.8569
240.0 -2.5 -5.0 15.0 -7.7895
240.0 0.0 -5.0 15.0 2.5789999999999997
240.0 2.5 -5.0 15.0 1126.1428
240.0 5.0 -5.0 15.0 1806.9523
240.0 7.5 -5.0 15.0 629.9326
240.0 10.0 -5.0 15.0 -1.1152000000000002
240.0 -5.0 -2.5 15.0 -1.4664
240.0 -2.5 -2.5 15.0 10.7076
240.0 0.0 -2.5 15.0 22222.4731
240.0 2.5 -2.5 15.0 9729848.7502
240.0 5.0 -2.5 15.0 778.2154
240.0 7.5 -2.5 15.0 28.397000000000002
240.0 10.0 -2.5 15.0 60.095499999999994
240.0 -5.0 0.0 15.0 6.0893999999999995
240.0 -2.5 0.0 15.0 698818.5346
240.0 0.0 0.0 15.0 300242.73150000005
240.0 2.5 0.0 15.0 2721.3192
240.0 5.0 0.0 15.0 3.4644999999999992
240.0 10.0 0.0 15.0 -3.9966
240.0 -5.0 2.5 15.0 7.3407
240.0 -2.5 2.5 15.0 8.5486
240.0 0.0 2.5 15.0 3.9531
240.0 2.5 2.5 15.0 -7.8517
240.0 5.0 2.5 15.0 -19.901600000000002
240.0 7.5 2.5 15.0 -17.2276
240.0 -5.0 5.0 15.0 4.3547
240.0 -2.5 5.0 15.0 2.732
240.0 0.0 5.0 15.0 -5.0745
240.0 2.5 5.0 15.0 -17.1158
240.0 5.0 5.0 15.0 -24.7592
240.0 7.5 5.0 15.0 -20.4209
240.0 10.0 5.0 15.0 -11.039700000000002
240.0 -5.0 -10.0 16.25 -3.9193
240.0 -2.5 -10.0 16.25 -6.5887
240.0 0.0 -10.0 16.25 -6.0733
240.0 2.5 -10.0 16.25 -4.0472
240.0 5.0 -10.0 16.25 -0.4538
240.0 7.5 -10.0 16.25 1.8667000000000002
240.0 10.0 -10.0 16.25 0.29519999999999996
240.0 -5.0 -7.5 16.25 -6.1182
240.0 -2.5 -7.5 16.25 -7.4346
240.0 0.0 -7.5 16.25 -4.0968
240.0 2.5 -7.5 16.25 2.9319
240.0 5.0 -7.5 16.25 25.472
240.0 7.5 -7.5 16.25 29.6462
240.0 10.0 -7.5 16.25 3.0124999999999997
240.0 -5.0 -5.0 16.25 -3.5884
240.0 -2.5 -5.0 16.25 -3.3739
240.0 0.0 -5.0 16.25 4.356699999999999
240.0 2.5 -5.0 16.25 26.731699999999996
240.0 5.0 -5.0 16.25 33.4327
240.0 7.5 -5.0 16.25 22.6145
240.0 10.0 -5.0 16.25 3.1969
240.0 -5.0 -2.5 16.25 0.8812
240.0 -2.5 -2.5 16.25 3.7151
240.0 0.0 -2.5 16.25 65.0258
240.0 2.5 -2.5 16.25 497.4415
240.0 5.0 -2.5 16.25 13.3817
240.0 7.5 -2.5 16.25 -0.7804000000000002
240.0 10.0 -2.5 16.25 0.8634000000000002
240.0 -5.0 0.0 16.25 4.6603
240.0 -2.5 0.0 16.25 9.529399999999999
240.0 0.0 0.0 16.25 28.256999999999998
240.0 2.5 0.0 16.25 25.7549
240.0 5.0 0.0 16.25 -5.4198
240.0 7.5 0.0 16.25 -8.4389
240.0 10.0 0.0 16.25 -2.8186
240.0 -5.0 2.5 16.25 4.3816999999999995
240.0 -2.5 2.5 16.25 6.1798
240.0 0.0 2.5 16.25 4.1004000000000005
240.0 2.5 2.5 16.25 -4.1312
240.0 5.0 2.5 16.25 -12.8373
240.0 7.5 2.5 16.25 -11.9291
240.0 -5.0 5.0 16.25 2.0949999999999998
240.0 -2.5 5.0 16.25 1.285
240.0 0.0 5.0 16.25 -3.6357
240.0 2.5 5.0 16.25 -11.6339
240.0 5.0 5.0 16.25 -16.569200000000002
240.0 7.5 5.0 16.25 -13.898499999999999
240.0 10.0 5.0 16.25 -7.2191
300.0 -5.0 -10.0 3.75 82172087.48079999
300.0 -2.5 -10.0 3.75 10000000087.025002
300.0 0.0 -10.0 3.75 10000000133.597801
300.0 2.5 -10.0 3.75 10000000095.8342
300.0 5.0 -10.0 3.75 10000000015.727701
300.0 7.5 -10.0 3.75 10000000075.446901
300.0 10.0 -10.0 3.75 10000000306.270401
300.0 -5.0 -7.5 3.75 10000000099.8759
300.0 -2.5 -7.5 3.75 10000000065.650301
300.0 0.0 -7.5 3.75 10000000043.483702
300.0 2.5 -7.5 3.75 10000000257.881802
300.0 5.0 -7.5 3.75 10000000105.970901
300.0 7.5 -7.5 3.75 10000000161.1527
300.0 10.0 -7.5 3.75 1747970.9218
300.0 -5.0 -5.0 3.75 460757001.9403
300.0 -2.5 -5.0 3.75 9999999993.6882
300.0 0.0 -5.0 3.75 9999999404.4262
300.0 2.5 -5.0 3.75 10000000277.201
300.0 5.0 -5.0 3.75 10000000134.9437
300.0 7.5 -5.0 3.75 9999999919.5037
300.0 10.0 -5.0 3.75 662356651.1819
300.0 -5.0 -2.5 3.75 1453527644.9393
300.0 -2.5 -2.5 3.75 9999999969.6259
300.0 0.0 -2.5 3.75 10000000028.2045
300.0 2.5 -2.5 3.75 10000000269.239801
300.0 5.0 -2.5 3.75 10000000138.9874
300.0 7.5 -2.5 3.75 9999999959.247002
300.0 10.0 -2.5 3.75 95354480.3675
300.0 -5.0 0.0 3.75 64941463.1481
300.0 -2.5 0.0 3.75 252985566.7556
300.0 0.0 0.0 3.75 10000000142.867102
300.0 2.5 0.0 3.75 2686494557.0168
300.0 5.0 0.0 3.75 750487519.121
300.0 7.5 0.0 3.75 2210260.3401
300.0 10.0 0.0 3.75 3889231.5107
300.0 -5.0 2.5 3.75 9999999874.176601
300.0 -2.5 2.5 3.75 10000000029.366001
300.0 0.0 2.5 3.75 3931182073.1179
300.0 2.5 2.5 3.75 10000000054.6464
300.0 5.0 2.5 3.75 2604720162.7967
300.0 7.5 2.5 3.75 160639877.2454
300.0 10.0 2.5 3.75 5009379.0471
300.0 -5.0 5.0 3.75 1103748.1035
300.0 -2.5 5.0 3.75 258890697.201
300.0 0.0 5.0 3.75 13535331.351799998
300.0 2.5 5.0 3.75 177154.24180000002
300.0 5.0 5.0 3.75 163993652.5478
300.0 7.5 5.0 3.75 70046628.2792
300.0 10.0 5.0 3.75 277443539.8621
300.0 0.0 -2.5 5.0 9999999955.2324
300.0 0.0 0.0 5.0 2355065578.0836
300.0 5.0 -7.5 6.25 10000000201.1184
300.0 0.0 -5.0 6.25 9999999814.751701
300.0 0.0 -2.5 6.25 10000000077.8104
300.0 0.0 0.0 6.25 866870475.9157
300.0 0.0 2.5 6.25 9999999936.223701
300.0 0.0 5.0 6.25 9999999984.8124
300.0 5.0 -7.5 7.5 56170180.8018
300.0 2.5 -5.0 7.5 9999999940.8393
300.0 0.0 -2.5 7.5 9999999848.9515
300.0 2.5 -2.5 7.5 9999999994.5076
300.0 0.0 0.0 7.5 9999999849.7077
300.0 -2.5 2.5 7.5 10000000084.545
300.0 0.0 2.5 7.5 9999999994.298801
300.0 -2.5 5.0 7.5 911023.1703
300.0 0.0 5.0 7.5 2105622080.2342
300.0 2.5 -10.0 8.75 2536589071.7164
300.0 5.0 -7.5 8.75 9999999770.0888
300.0 0.0 -5.0 8.75 10000000242.8507
300.0 2.5 -5.0 8.75 9999999972.2775
300.0 5.0 -5.0 8.75 844184473.4991001
300.0 0.0 -2.5 8.75 10000000002.7926
300.0 2.5 -2.5 8.75 10000000162.5667
300.0 0.0 0.0 8.75 10000000048.0142
300.0 2.5 0.0 8.75 335605835.5454
300.0 0.0 2.5 8.75 9999999958.059301
300.0 2.5 2.5 8.75 9999999847.611101
300.0 -2.5 5.0 8.75 3732.0305000000003
300.0 0.0 5.0 8.75 9999999990.248402
300.0 2.5 5.0 8.75 26007401.349000003
300.0 2.5 -10.0 10.0 569004431.9567
300.0 2.5 -7.5 10.0 10000000179.868801
300.0 5.0 -7.5 10.0 750537067.2943
300.0 7.5 -7.5 10.0 2089574.5949000001
300.0 0.0 -5.0 10.0 4696176630.580299
300.0 2.5 -5.0 10.0 6110014605.7588005
300.0 5.0 -5.0 10.0 9999999985.3932
300.0 0.0 -2.5 10.0 9999999928.736101
300.0 2.5 -2.5 10.0 10000000276.4123
300.0 -5.0 0.0 10.0 258.3557
300.0 -2.5 0.0 10.0 4304624.865300001
300.0 0.0 0.0 10.0 1226387175.7883
300.0 2.5 0.0 10.0 1584007867.5667999
300.0 5.0 0.0 10.0 1747917347.0609
300.0 -2.5 2.5 10.0 10000000291.9771
300.0 0.0 2.5 10.0 9999999921.134201
300.0 2.5 2.5 10.0 3105867117.006
300.0 5.0 2.5 10.0 9999999946.1558
300.0 -2.5 5.0 10.0 3608.9402
300.0 0.0 5.0 10.0 34177608.2781
300.0 2.5 5.0 10.0 1660155568.2353
300.0 2.5 -10.0 11.25 259545.1612
300.0 5.0 -10.0 11.25 11703.0355
300.0 7.5 -10.0 11.25 6023.0168
300.0 10.0 -10.0 11.25 -28.8371
300.0 2.5 -7.5 11.25 6763833564.849
300.0 5.0 -7.5 11.25 9999999976.2679
300.0 0.0 -5.0 11.25 9999999962.4088
300.0 2.5 -5.0 11.25 558376269.0857
300.0 5.0 -5.0 11.25 4461178.0644000005
300.0 -2.5 -2.5 11.25 11459719.4832
300.0 0.0 -2.5 11.25 2612087496.7654
300.0 2.5 -2.5 11.25 336164522.7553
300.0 -5.0 0.0 11.25 3422.9348
300.0 -2.5 0.0 11.25 1532506.52
300.0 0.0 0.0 11.25 793247506.2791
300.0 2.5 0.0 11.25 1765574656.6336
300.0 -2.5 2.5 11.25 4982662.4773
300.0 0.0 2.5 11.25 900239.8605
300.0 2.5 2.5 11.25 9999999961.8082
300.0 5.0 2.5 11.25 9999999698.1727
300.0 -2.5 5.0 11.25 -57.2859
300.0 0.0 5.0 11.25 9036721.473299999
300.0 2.5 5.0 11.25 322665.8663
300.0 7.5 5.0 11.25 -0.2847000000000002
300.0 -5.0 -10.0 12.5 -6.0748
300.0 2.5 -10.0 12.5 202.677
300.0 5.0 -10.0 12.5 97.58380000000001
300.0 7.5 -10.0 12.5 617507.0939000001
300.0 10.0 -10.0 12.5 -15.600999999999999
300.0 2.5 -7.5 12.5 1848.0443
300.0 5.0 -7.5 12.5 10000000003.8038
300.0 7.5 -7.5 12.5 385633545.34709996
300.0 -5.0 -5.0 12.5 200.2481
300.0 -2.5 -5.0 12.5 239507.2409
300.0 0.0 -5.0 12.5 105508599.7261
300.0 2.5 -5.0 12.5 9999999955.482302
300.0 5.0 -5.0 12.5 92181.1504
300.0 -5.0 -2.5 12.5 24441.4629
300.0 -2.5 -2.5 12.5 10000000030.869902
300.0 0.0 -2.5 12.5 10000000062.706701
300.0 2.5 -2.5 12.5 301880697.67840004
300.0 -5.0 0.0 12.5 93.43740000000001
300.0 -2.5 0.0 12.5 1884690.5567
300.0 0.0 0.0 12.5 209968.9834
300.0 2.5 0.0 12.5 1261505926.7458
300.0 5.0 0.0 12.5 488327820.58919996
300.0 -2.5 2.5 12.5 235.669
300.0 0.0 2.5 12.5 361264.5942
300.0 2.5 2.5 12.5 1376583.9523999998
300.0 5.0 2.5 12.5 10000000081.6987
300.0 7.5 2.5 12.5 45539.300800000005
300.0 10.0 2.5 12.5 -9.026299999999999
300.0 -2.5 5.0 12.5 -50.885600000000004
300.0 0.0 5.0 12.5 16.7179
300.0 2.5 5.0 12.5 2201.2369000000003
300.0 5.0 5.0 12.5 16278.942500000001
300.0 7.5 5.0 12.5 2.3108999999999997
300.0 10.0 5.0 12.5 -0.8966000000000001
300.0 0.0 -10.0 13.75 -9.3505
300.0 2.5 -10.0 13.75 -12.4586
300.0 5.0 -10.0 13.75 -6.644
300.0 7.5 -10.0 13.75 54.074600000000004
300.0 10.0 -10.0 13.75 -7.2219
300.0 -5.0 -7.5 13.75 -1.1276000000000002
300.0 -2.5 -7.5 13.75 469.3872
300.0 2.5 -7.5 13.75 51.867599999999996
300.0 5.0 -7.5 13.75 48368.0715
300.0 7.5 -7.5 13.75 1687.5764
300.0 10.0 -7.5 13.75 -7.741
300.0 -5.0 -5.0 13.75 2.2648
300.0 -2.5 -5.0 13.75 1010.5319999999999
300.0 0.0 -5.0 13.75 27935884.9318
300.0 2.5 -5.0 13.75 764269.0666
300.0 5.0 -5.0 13.75 397.5007
300.0 -5.0 -2.5 13.75 1228.6881
300.0 -2.5 -2.5 13.75 5685138541.5983
300.0 0.0 -2.5 13.75 5164686891.8806
300.0 2.5 -2.5 13.75 9999999934.898401
300.0 5.0 -2.5 13.75 41216624.145600006
300.0 -5.0 0.0 13.75 -6.5201
300.0 -2.5 0.0 13.75 44.3625
300.0 0.0 0.0 13.75 1998.2022
300.0 2.5 0.0 13.75 86728.7357
300.0 5.0 0.0 13.75 16698152.3969
300.0 7.5 0.0 13.75 9999999696.0993
300.0 -2.5 2.5 13.75 -35.39
300.0 0.0 2.5 13.75 452.9117
300.0 2.5 2.5 13.75 3586.406
300.0 5.0 2.5 13.75 4283467.5798
300.0 7.5 2.5 13.75 176.5622
300.0 10.0 2.5 13.75 -4.1674
300.0 -2.5 5.0 13.75 -34.2626
300.0 0.0 5.0 13.75 -30.5992
300.0 2.5 5.0 13.75 -7.3748
300.0 5.0 5.0 13.75 49.6659
300.0 7.5 5.0 13.75 1.198
300.0 10.0 5.0 13.75 0.38270000000000004
300.0 -5.0 -10.0 15.0 -1.3553
300.0 -2.5 -10.0 15.0 -3.7275
300.0 0.0 -10.0 15.0 -4.6341
300.0 2.5 -10.0 15.0 -5.9452
300.0 5.0 -10.0 15.0 -6.029
300.0 7.5 -10.0 15.0 -4.2939
300.0 10.0 -10.0 15.0 -2.53
300.0 -5.0 -7.5 15.0 -5.2269000000000005
300.0 -2.5 -7.5 15.0 -8.1309
300.0 0.0 -7.5 15.0 -13.075499999999998
300.0 2.5 -7.5 15.0 -0.9778
300.0 5.0 -7.5 15.0 40.7573
300.0 7.5 -7.5 15.0 13.572600000000001
300.0 10.0 -7.5 15.0 -0.5001
300.0 -5.0 -5.0 15.0 -2.0307
300.0 -2.5 -5.0 15.0 -6.794499999999999
300.0 0.0 -5.0 15.0 1052.6895
300.0 2.5 -5.0 15.0 8659.2909
300.0 5.0 -5.0 15.0 71.3884
300.0 7.5 -5.0 15.0 17.475
300.0 10.0 -5.0 15.0 1.6567
300.0 -5.0 -2.5 15.0 -0.13409999999999989
300.0 -2.5 -2.5 15.0 411433.2656
300.0 0.0 -2.5 15.0 280149.2198
300.0 2.5 -2.5 15.0 409033.0849
300.0 5.0 -2.5 15.0 1404.9104
300.0 10.0 -2.5 15.0 135.7784
300.0 -5.0 0.0 15.0 -6.6907
300.0 -2.5 0.0 15.0 -12.4499
300.0 0.0 0.0 15.0 -6.696000000000001
300.0 2.5 0.0 15.0 290.6362
300.0 5.0 0.0 15.0 268.3187
300.0 7.5 0.0 15.0 440.1801
300.0 -5.0 2.5 15.0 -15.0073
300.0 -2.5 2.5 15.0 -23.323
300.0 0.0 2.5 15.0 -24.087
300.0 2.5 2.5 15.0 -22.208000000000002
300.0 5.0 2.5 15.0 193.30020000000002
300.0 7.5 2.5 15.0 6.4834
300.0 10.0 2.5 15.0 1.0565
300.0 -2.5 5.0 15.0 -23.1556
300.0 0.0 5.0 15.0 -21.223200000000002
300.0 2.5 5.0 15.0 -12.9349
300.0 5.0 5.0 15.0 -1.7997
300.0 7.5 5.0 15.0 1.6157
300.0 10.0 5.0 15.0 1.0135
300.0 -5.0 -10.0 16.25 -1.3574000000000002
300.0 -2.5 -10.0 16.25 -1.7717
300.0 0.0 -10.0 16.25 -3.5083
300.0 2.5 -10.0 16.25 -2.5817
300.0 5.0 -10.0 16.25 -1.3901
300.0 7.5 -10.0 16.25 0.7665000000000001
300.0 10.0 -10.0 16.25 0.6245
300.0 -5.0 -7.5 16.25 -3.6654
300.0 -2.5 -7.5 16.25 -5.5943000000000005
300.0 0.0 -7.5 16.25 -6.8749
300.0 2.5 -7.5 16.25 -3.6517999999999997
300.0 5.0 -7.5 16.25 3.1949
300.0 7.5 -7.5 16.25 6.3281
300.0 10.0 -7.5 16.25 3.1905
300.0 -5.0 -5.0 16.25 -2.3198
300.0 -2.5 -5.0 16.25 -5.7423
300.0 0.0 -5.0 16.25 31.6407
300.0 2.5 -5.0 16.25 59.8193
300.0 5.0 -5.0 16.25 13.8167
300.0 7.5 -5.0 16.25 14.8693
300.0 10.0 -5.0 16.25 7.113300000000001
300.0 -5.0 -2.5 16.25 -1.0131999999999999
300.0 -2.5 -2.5 16.25 -2.6808
300.0 0.0 -2.5 16.25 27.1567
300.0 2.5 -2.5 16.25 161.3758
300.0 5.0 -2.5 16.25 15.468200000000001
300.0 7.5 -2.5 16.25 363.2688
300.0 10.0 -2.5 16.25 15.912700000000001
300.0 -5.0 0.0 16.25 -4.5491
300.0 -2.5 0.0 16.25 -8.725900000000001
300.0 0.0 0.0 16.25 -8.2477
300.0 2.5 0.0 16.25 -2.4760999999999997
300.0 5.0 0.0 16.25 5.3632
300.0 7.5 0.0 16.25 15.965
300.0 -5.0 2.5 16.25 -9.668
300.0 -2.5 2.5 16.25 -15.024
300.0 0.0 2.5 16.25 -14.8796
300.0 2.5 2.5 16.25 -10.4571
300.0 5.0 2.5 16.25 -1.0337999999999998
300.0 7.5 2.5 16.25 6.2073
300.0 10.0 2.5 16.25 3.2568
300.0 -5.0 5.0 16.25 -11.2679
300.0 -2.5 5.0 16.25 -14.522
300.0 0.0 5.0 16.25 -13.3934
300.0 2.5 5.0 16.25 -7.8098
300.0 5.0 5.0 16.25 -0.5726
300.0 7.5 5.0 16.25 2.6290999999999998
300.0 10.0 5.0 16.25 1.7235
