0.0 5.0 -7.5 6.25 2.5412999999999997
0.0 -2.5 5.0 6.25 10000000094.2488
0.0 0.0 2.5 7.5 89808554.8295
0.0 -2.5 5.0 7.5 9999999978.629301
0.0 0.0 5.0 7.5 9999999732.989601
0.0 2.5 -10.0 8.75 0.3692
0.0 5.0 -10.0 8.75 0.38589999999999997
0.0 7.5 -10.0 8.75 0.0714
0.0 0.0 -7.5 8.75 -0.7444999999999999
0.0 5.0 -7.5 8.75 1.5958999999999999
0.0 0.0 0.0 8.75 50572324.825799994
0.0 0.0 2.5 8.75 9999999980.605202
0.0 -2.5 5.0 8.75 1838639354.6424
0.0 0.0 5.0 8.75 325934002.7976
0.0 2.5 5.0 8.75 7980033523.6202
0.0 5.0 5.0 8.75 44158.1104
0.0 5.0 -10.0 10.0 0.33480000000000004
0.0 7.5 -10.0 10.0 0.0315
0.0 0.0 -7.5 10.0 -1.0920999999999998
0.0 2.5 -7.5 10.0 0.5121
0.0 5.0 -7.5 10.0 0.9398000000000001
0.0 -2.5 -5.0 10.0 -8.1297
0.0 2.5 -5.0 10.0 1.0316
0.0 -2.5 -2.5 10.0 105.00389999999999
0.0 0.0 -2.5 10.0 -6.562
0.0 -2.5 0.0 10.0 1092312.2935
0.0 0.0 0.0 10.0 13598.9724
0.0 2.5 0.0 10.0 498.3048
0.0 0.0 2.5 10.0 146564614.94219998
0.0 2.5 2.5 10.0 3859115.7046000003
0.0 7.5 2.5 10.0 -0.018600000000000172
0.0 -2.5 5.0 10.0 9999999875.0293
0.0 0.0 5.0 10.0 438112342.2111
0.0 2.5 5.0 10.0 942648252.3603001
0.0 5.0 5.0 10.0 8512.6725
0.0 2.5 -10.0 11.25 0.18589999999999998
0.0 5.0 -10.0 11.25 0.2311
0.0 7.5 -10.0 11.25 0.0205
0.0 10.0 -10.0 11.25 -0.0557
0.0 0.0 -7.5 11.25 -1.1676
0.0 2.5 -7.5 11.25 0.2059
0.0 5.0 -7.5 11.25 0.5625
0.0 7.5 -7.5 11.25 0.21109999999999998
0.0 -2.5 -5.0 11.25 -6.753
0.0 0.0 -5.0 11.25 -3.901
0.0 2.5 -5.0 11.25 -0.16500000000000004
0.0 5.0 -5.0 11.25 1.8271
0.0 -5.0 -2.5 11.25 -11.2212
0.0 -2.5 -2.5 11.25 -16.5305
0.0 0.0 -2.5 11.25 -14.1341
0.0 7.5 -2.5 11.25 2.9286
0.0 -2.5 0.0 11.25 60.75
0.0 0.0 0.0 11.25 10823.2032
0.0 2.5 0.0 11.25 745.2477
0.0 -2.5 2.5 11.25 1666890.8797
0.0 0.0 2.5 11.25 175245.3728
0.0 2.5 2.5 11.25 353.5179
0.0 5.0 2.5 11.25 5.5809999999999995
0.0 7.5 2.5 11.25 2.5115
0.0 -5.0 5.0 11.25 158052593.2878
0.0 -2.5 5.0 11.25 334731814.3017
0.0 0.0 5.0 11.25 1921490906.4720001
0.0 2.5 5.0 11.25 738170.0031
0.0 5.0 5.0 11.25 115.9687
0.0 7.5 5.0 11.25 -0.3776999999999999
0.0 0.0 -10.0 12.5 -0.2477
0.0 2.5 -10.0 12.5 0.0999
0.0 5.0 -10.0 12.5 0.1452
0.0 7.5 -10.0 12.5 -0.0006000000000000001
0.0 10.0 -10.0 12.5 -0.065
0.0 -2.5 -7.5 12.5 -1.6962000000000002
0.0 0.0 -7.5 12.5 -0.8708
0.0 2.5 -7.5 12.5 -0.0659
0.0 5.0 -7.5 12.5 0.38980000000000004
0.0 7.5 -7.5 12.5 0.24409999999999998
0.0 10.0 -7.5 12.5 -0.0837
0.0 -5.0 -5.0 12.5 -3.1161000000000003
0.0 -2.5 -5.0 12.5 -5.4847
0.0 0.0 -5.0 12.5 -3.9536
0.0 2.5 -5.0 12.5 -0.7343
0.0 5.0 -5.0 12.5 1.2000000000000002
0.0 7.5 -5.0 12.5 1.2339
0.0 10.0 -5.0 12.5 0.22
0.0 -5.0 -2.5 12.5 -7.6378
0.0 -2.5 -2.5 12.5 -12.819799999999999
0.0 0.0 -2.5 12.5 -11.101899999999999
0.0 2.5 -2.5 12.5 -1.9134
0.0 5.0 -2.5 12.5 2.5874
0.0 7.5 -2.5 12.5 2.8469
0.0 -5.0 0.0 12.5 137.3249
0.0 -2.5 0.0 12.5 -23.1612
0.0 0.0 0.0 12.5 56.0968
0.0 2.5 0.0 12.5 23.9773
0.0 5.0 0.0 12.5 5.4979
0.0 -2.5 2.5 12.5 21081.0225
0.0 0.0 2.5 12.5 429.6925
0.0 2.5 2.5 12.5 13.3796
0.0 5.0 2.5 12.5 6.091200000000001
0.0 7.5 2.5 12.5 2.9047
0.0 10.0 2.5 12.5 1.3609
0.0 -5.0 5.0 12.5 369089239.1218
0.0 -2.5 5.0 12.5 89396.5158
0.0 0.0 5.0 12.5 19168566.2013
0.0 2.5 5.0 12.5 1320.3771000000002
0.0 5.0 5.0 12.5 3.0417000000000005
0.0 7.5 5.0 12.5 2.0066
0.0 10.0 5.0 12.5 0.7093
0.0 0.0 -10.0 13.75 -0.1859
0.0 2.5 -10.0 13.75 -0.030699999999999998
0.0 5.0 -10.0 13.75 0.0149
0.0 7.5 -10.0 13.75 -0.018699999999999998
0.0 10.0 -10.0 13.75 0.0
0.0 -2.5 -7.5 13.75 -1.1603999999999999
0.0 0.0 -7.5 13.75 -0.7695
0.0 2.5 -7.5 13.75 -0.1408
0.0 5.0 -7.5 13.75 0.3773
0.0 7.5 -7.5 13.75 0.1859
0.0 10.0 -7.5 13.75 -0.0672
0.0 -5.0 -5.0 13.75 -2.1262
0.0 -2.5 -5.0 13.75 -3.8009
0.0 0.0 -5.0 13.75 -2.9578
0.0 2.5 -5.0 13.75 -0.6534
0.0 5.0 -5.0 13.75 0.7786
0.0 7.5 -5.0 13.75 0.9668000000000001
0.0 10.0 -5.0 13.75 0.3313
0.0 -5.0 -2.5 13.75 -4.6394
0.0 -2.5 -2.5 13.75 -9.616100000000001
0.0 0.0 -2.5 13.75 -8.3551
0.0 2.5 -2.5 13.75 -2.0438
0.0 5.0 -2.5 13.75 2.2211
0.0 7.5 -2.5 13.75 2.5366999999999997
0.0 -5.0 0.0 13.75 147.449
0.0 -2.5 0.0 13.75 -21.552899999999998
0.0 0.0 0.0 13.75 -15.1835
0.0 2.5 0.0 13.75 1.3361
0.0 5.0 0.0 13.75 4.0884
0.0 7.5 0.0 13.75 3.6203
0.0 -5.0 2.5 13.75 10000000227.9806
0.0 -2.5 2.5 13.75 30475.4039
0.0 0.0 2.5 13.75 -15.540199999999999
0.0 2.5 2.5 13.75 3.4875999999999996
0.0 5.0 2.5 13.75 5.3134
0.0 7.5 2.5 13.75 3.5754
0.0 10.0 2.5 13.75 1.2470999999999999
0.0 -5.0 5.0 13.75 29178125.2205
0.0 -2.5 5.0 13.75 28079.449900000003
0.0 0.0 5.0 13.75 4834.8628
0.0 2.5 5.0 13.75 6.9369
0.0 5.0 5.0 13.75 3.0659999999999994
0.0 7.5 5.0 13.75 2.9985999999999997
0.0 10.0 5.0 13.75 0.8937999999999999
0.0 -5.0 -10.0 15.0 -0.046099999999999995
0.0 -2.5 -10.0 15.0 -0.1654
0.0 0.0 -10.0 15.0 -0.1909
0.0 2.5 -10.0 15.0 -0.1069
0.0 5.0 -10.0 15.0 0.0156
0.0 7.5 -10.0 15.0 0.0018
0.0 10.0 -10.0 15.0 0.0
0.0 -5.0 -7.5 15.0 -0.2787
0.0 -2.5 -7.5 15.0 -0.7776
0.0 0.0 -7.5 15.0 -0.7811
0.0 2.5 -7.5 15.0 -0.1912
0.0 5.0 -7.5 15.0 0.1571
0.0 7.5 -7.5 15.0 0.1293
0.0 10.0 -7.5 15.0 -0.0169
0.0 -5.0 -5.0 15.0 -1.1544999999999999
0.0 -2.5 -5.0 15.0 -2.4669999999999996
0.0 0.0 -5.0 15.0 -2.0767
0.0 2.5 -5.0 15.0 -0.6843
0.0 5.0 -5.0 15.0 0.702
0.0 7.5 -5.0 15.0 0.7130000000000001
0.0 10.0 -5.0 15.0 0.289
0.0 -5.0 -2.5 15.0 -2.5402
0.0 -2.5 -2.5 15.0 -6.7636
0.0 0.0 -2.5 15.0 -5.5267
0.0 2.5 -2.5 15.0 -1.5572000000000001
0.0 5.0 -2.5 15.0 1.459
0.0 7.5 -2.5 15.0 1.9254
0.0 10.0 -2.5 15.0 1.0182
0.0 -5.0 0.0 15.0 7.2214
0.0 -2.5 0.0 15.0 -16.0119
0.0 0.0 0.0 15.0 -9.4241
0.0 2.5 0.0 15.0 -0.18969999999999998
0.0 5.0 0.0 15.0 3.3756999999999997
0.0 7.5 0.0 15.0 3.2177000000000002
0.0 10.0 0.0 15.0 1.9991
0.0 -5.0 2.5 15.0 817.4441
0.0 -2.5 2.5 15.0 78.3244
0.0 0.0 2.5 15.0 -9.7539
0.0 2.5 2.5 15.0 1.8713
0.0 5.0 2.5 15.0 4.7116
0.0 7.5 2.5 15.0 3.4605
0.0 10.0 2.5 15.0 2.1845
0.0 -5.0 5.0 15.0 4275.5486
0.0 -2.5 5.0 15.0 96.5955
0.0 0.0 5.0 15.0 15.8661
0.0 2.5 5.0 15.0 2.7762999999999995
0.0 5.0 5.0 15.0 4.7678
0.0 7.5 5.0 15.0 3.3621999999999996
0.0 10.0 5.0 15.0 1.0848
0.0 -5.0 -10.0 16.25 0.0964
0.0 -2.5 -10.0 16.25 -0.0339
0.0 0.0 -10.0 16.25 -0.0708
0.0 2.5 -10.0 16.25 -0.005
0.0 5.0 -10.0 16.25 0.0002
0.0 7.5 -10.0 16.25 0.0
0.0 10.0 -10.0 16.25 0.0
0.0 -5.0 -7.5 16.25 0.0615
0.0 -2.5 -7.5 16.25 -0.5706
0.0 0.0 -7.5 16.25 -0.6763
0.0 2.5 -7.5 16.25 -0.1625
0.0 5.0 -7.5 16.25 0.0934
0.0 7.5 -7.5 16.25 0.1392
0.0 10.0 -7.5 16.25 0.0
0.0 -5.0 -5.0 16.25 -0.3154
0.0 -2.5 -5.0 16.25 -1.5011
0.0 0.0 -5.0 16.25 -1.6679
0.0 2.5 -5.0 16.25 -0.5941000000000001
0.0 5.0 -5.0 16.25 0.4217
0.0 7.5 -5.0 16.25 0.5179
0.0 10.0 -5.0 16.25 0.2392
0.0 -5.0 -2.5 16.25 -0.7578
0.0 -2.5 -2.5 16.25 -3.9166000000000003
0.0 0.0 -2.5 16.25 -3.7784
0.0 2.5 -2.5 16.25 -1.5271
0.0 5.0 -2.5 16.25 0.6431
0.0 7.5 -2.5 16.25 1.3366
0.0 10.0 -2.5 16.25 0.7569
0.0 -5.0 0.0 16.25 -0.48150000000000004
0.0 -2.5 0.0 16.25 -8.9379
0.0 0.0 0.0 16.25 -5.5302999999999995
0.0 2.5 0.0 16.25 -0.5095000000000001
0.0 5.0 0.0 16.25 2.0379
0.0 7.5 0.0 16.25 2.3623000000000003
0.0 10.0 0.0 16.25 1.5574999999999999
0.0 -5.0 2.5 16.25 0.0814999999999999
0.0 -2.5 2.5 16.25 -13.67
0.0 0.0 2.5 16.25 -4.5968
0.0 2.5 2.5 16.25 1.9594999999999998
0.0 5.0 2.5 16.25 3.6542
0.0 7.5 2.5 16.25 3.1228
0.0 10.0 2.5 16.25 1.6959
0.0 -5.0 5.0 16.25 3.7887
0.0 -2.5 5.0 16.25 2.7489000000000003
0.0 0.0 5.0 16.25 5.422
0.0 2.5 5.0 16.25 4.5539
0.0 5.0 5.0 16.25 4.9275
0.0 7.5 5.0 16.25 3.0736000000000003
0.0 10.0 5.0 16.25 1.157
60.0 -5.0 -10.0 3.75 6.3686
60.0 -2.5 -10.0 3.75 5.0888
60.0 0.0 -10.0 3.75 -1.1597
60.0 2.5 -10.0 3.75 -4.0969999999999995
60.0 5.0 -10.0 3.75 -3.4000999999999997
60.0 7.5 -10.0 3.75 -1.8432
60.0 10.0 -10.0 3.75 -0.1635
60.0 -5.0 -7.5 3.75 2385172.9259
60.0 -2.5 -7.5 3.75 2558.9075000000003
60.0 0.0 -7.5 3.75 2.7178
60.0 2.5 -7.5 3.75 -5.2313
60.0 5.0 -7.5 3.75 -3.3126
60.0 7.5 -7.5 3.75 -0.7227
60.0 10.0 -7.5 3.75 0.6547000000000001
60.0 -5.0 -5.0 3.75 10000000046.151402
60.0 -2.5 -5.0 3.75 29280817.2309
60.0 0.0 -5.0 3.75 2546322.5222
60.0 2.5 -5.0 3.75 -10.4521
60.0 5.0 -5.0 3.75 0.0015000000000000568
60.0 7.5 -5.0 3.75 2.3725
60.0 10.0 -5.0 3.75 2.244
60.0 -5.0 -2.5 3.75 9999999785.919802
60.0 -2.5 -2.5 3.75 9999999928.229101
60.0 0.0 -2.5 3.75 71992349.34390001
60.0 2.5 -2.5 3.75 82.4331
60.0 5.0 -2.5 3.75 0.4267000000000003
60.0 7.5 -2.5 3.75 6.847099999999999
60.0 10.0 -2.5 3.75 4.6876
60.0 -5.0 0.0 3.75 49804211.429299995
60.0 -2.5 0.0 3.75 9999999911.401201
60.0 0.0 0.0 3.75 9999999935.3684
60.0 2.5 0.0 3.75 16136028.377799999
60.0 5.0 0.0 3.75 20694.021099999998
60.0 7.5 0.0 3.75 7.3938
60.0 10.0 0.0 3.75 4.0198
60.0 -5.0 2.5 3.75 10000000025.910501
60.0 -2.5 2.5 3.75 9999999917.5175
60.0 0.0 2.5 3.75 10000000051.033901
60.0 2.5 2.5 3.75 8919448619.9709
60.0 5.0 2.5 3.75 34717140.1627
60.0 7.5 2.5 3.75 36.4616
60.0 10.0 2.5 3.75 -0.5588000000000002
60.0 -5.0 5.0 3.75 9999999867.8901
60.0 -2.5 5.0 3.75 9999999844.678501
60.0 0.0 5.0 3.75 10000000035.429201
60.0 2.5 5.0 3.75 9999999897.369001
60.0 5.0 5.0 3.75 6122690704.180901
60.0 7.5 5.0 3.75 38863.8094
60.0 10.0 5.0 3.75 -6.6175
60.0 2.5 -2.5 5.0 3.2851999999999997
60.0 0.0 0.0 5.0 2110008.4803
60.0 0.0 2.5 5.0 10000000044.520102
60.0 2.5 -2.5 6.25 2.029299999999999
60.0 0.0 0.0 6.25 485790462.81979996
60.0 0.0 2.5 6.25 425948926.23999995
60.0 0.0 5.0 6.25 10000000105.329
60.0 2.5 -5.0 7.5 -11.1162
60.0 2.5 -2.5 7.5 -11.956199999999999
60.0 5.0 -2.5 7.5 -2.2767999999999997
60.0 -2.5 0.0 7.5 9999999945.6592
60.0 0.0 0.0 7.5 6207983.5474000005
60.0 2.5 0.0 7.5 1259.6217
60.0 0.0 2.5 7.5 9999999985.485102
60.0 0.0 5.0 7.5 9999999996.808601
60.0 2.5 -7.5 8.75 -5.112299999999999
60.0 2.5 -5.0 8.75 -7.87
60.0 5.0 -5.0 8.75 -4.3862
60.0 0.0 -2.5 8.75 -7.0403
60.0 2.5 -2.5 8.75 -9.078800000000001
60.0 -2.5 0.0 8.75 19808412.719
60.0 0.0 0.0 8.75 5715605.788199999
60.0 2.5 0.0 8.75 -9.859
60.0 -2.5 2.5 8.75 9999999963.7061
60.0 0.0 2.5 8.75 325236.5447
60.0 0.0 5.0 8.75 1433683867.5497
60.0 5.0 -10.0 10.0 -2.1628
60.0 2.5 -7.5 10.0 -4.1851
60.0 5.0 -7.5 10.0 -4.051900000000001
60.0 7.5 -7.5 10.0 -1.8054
60.0 0.0 -5.0 10.0 -5.1844
60.0 2.5 -5.0 10.0 -5.3531
60.0 5.0 -5.0 10.0 -4.422000000000001
60.0 -2.5 -2.5 10.0 1.193
60.0 0.0 -2.5 10.0 -11.425
60.0 2.5 -2.5 10.0 -6.879899999999999
60.0 5.0 -2.5 10.0 -2.3067
60.0 7.5 -2.5 10.0 0.3619
60.0 -2.5 0.0 10.0 477.4158
60.0 0.0 0.0 10.0 1799.7342
60.0 2.5 0.0 10.0 -10.9322
60.0 -2.5 2.5 10.0 49775.370500000005
60.0 0.0 2.5 10.0 3618464.1366
60.0 2.5 2.5 10.0 38.882
60.0 -2.5 5.0 10.0 10000000172.115002
60.0 0.0 5.0 10.0 25583921.4497
60.0 2.5 5.0 10.0 14584198.245000001
60.0 2.5 -10.0 11.25 -1.6368
60.0 5.0 -10.0 11.25 -1.4595
60.0 10.0 -10.0 11.25 0.0
60.0 0.0 -7.5 11.25 -0.2026
60.0 2.5 -7.5 11.25 -3.1803999999999997
60.0 5.0 -7.5 11.25 -3.061
60.0 7.5 -7.5 11.25 -1.0397
60.0 0.0 -5.0 11.25 -3.2157
60.0 2.5 -5.0 11.25 -4.5076
60.0 5.0 -5.0 11.25 -3.9768
60.0 -2.5 -2.5 11.25 -10.6743
60.0 0.0 -2.5 11.25 -9.513
60.0 2.5 -2.5 11.25 -6.1665
60.0 5.0 -2.5 11.25 -2.7447000000000004
60.0 7.5 -2.5 11.25 -0.1628
60.0 -5.0 0.0 11.25 1156.3525
60.0 -2.5 0.0 11.25 -35.044000000000004
60.0 0.0 0.0 11.25 -19.5383
60.0 2.5 0.0 11.25 -8.8279
60.0 5.0 0.0 11.25 0.5237
60.0 -5.0 2.5 11.25 6873487.6085
60.0 -2.5 2.5 11.25 481.913
60.0 0.0 2.5 11.25 539791.7614
60.0 2.5 2.5 11.25 65.8244
60.0 5.0 2.5 11.25 5.6488
60.0 -2.5 5.0 11.25 163073866.58819997
60.0 0.0 5.0 11.25 866756.7721
60.0 2.5 5.0 11.25 126366.0398
60.0 5.0 5.0 11.25 14.027
60.0 7.5 5.0 11.25 6.749499999999999
60.0 -2.5 -10.0 12.5 3.0615
60.0 0.0 -10.0 12.5 0.8152
60.0 2.5 -10.0 12.5 -1.2467
60.0 5.0 -10.0 12.5 -0.9558
60.0 7.5 -10.0 12.5 -0.1739
60.0 10.0 -10.0 12.5 0.0
60.0 0.0 -7.5 12.5 0.43979999999999997
60.0 2.5 -7.5 12.5 -1.9060000000000001
60.0 5.0 -7.5 12.5 -1.9398
60.0 7.5 -7.5 12.5 -0.5134
60.0 10.0 -7.5 12.5 0.0
60.0 -2.5 -5.0 12.5 -0.4094
60.0 0.0 -5.0 12.5 -2.0041
60.0 2.5 -5.0 12.5 -3.831
60.0 5.0 -5.0 12.5 -2.7858
60.0 7.5 -5.0 12.5 -0.8703
60.0 -5.0 -2.5 12.5 -10.3734
60.0 -2.5 -2.5 12.5 -9.326
60.0 0.0 -2.5 12.5 -8.0027
60.0 2.5 -2.5 12.5 -5.007599999999999
60.0 5.0 -2.5 12.5 -2.2683
60.0 7.5 -2.5 12.5 -0.17329999999999998
60.0 -5.0 0.0 12.5 -14.145700000000001
60.0 -2.5 0.0 12.5 -24.275800000000004
60.0 0.0 0.0 12.5 -16.7959
60.0 2.5 0.0 12.5 -7.0941
60.0 5.0 0.0 12.5 0.599
60.0 -5.0 2.5 12.5 3168.3779
60.0 -2.5 2.5 12.5 -32.5412
60.0 0.0 2.5 12.5 -7.342400000000001
60.0 2.5 2.5 12.5 -3.2048
60.0 5.0 2.5 12.5 5.167
60.0 7.5 2.5 12.5 5.2707999999999995
60.0 -5.0 5.0 12.5 9999999912.0084
60.0 -2.5 5.0 12.5 8874.824900000001
60.0 0.0 5.0 12.5 203.84009999999998
60.0 2.5 5.0 12.5 90.16470000000001
60.0 5.0 5.0 12.5 10.349599999999999
60.0 7.5 5.0 12.5 6.011299999999999
60.0 10.0 5.0 12.5 2.8188
60.0 -2.5 -10.0 13.75 2.1673999999999998
60.0 0.0 -10.0 13.75 0.3973
60.0 2.5 -10.0 13.75 -0.8895000000000001
60.0 5.0 -10.0 13.75 -0.5372
60.0 7.5 -10.0 13.75 -0.0042
60.0 10.0 -10.0 13.75 0.0
60.0 0.0 -7.5 13.75 0.6011
60.0 2.5 -7.5 13.75 -1.1981000000000002
60.0 5.0 -7.5 13.75 -1.041
60.0 7.5 -7.5 13.75 -0.1584
60.0 10.0 -7.5 13.75 0.0
60.0 -2.5 -5.0 13.75 -0.5063
60.0 0.0 -5.0 13.75 -1.4496
60.0 2.5 -5.0 13.75 -2.4987999999999997
60.0 5.0 -5.0 13.75 -1.5492
60.0 7.5 -5.0 13.75 -0.17880000000000001
60.0 10.0 -5.0 13.75 0.0431
60.0 -5.0 -2.5 13.75 -7.3493
60.0 -2.5 -2.5 13.75 -7.1844
60.0 0.0 -2.5 13.75 -6.122
60.0 2.5 -2.5 13.75 -4.323600000000001
60.0 5.0 -2.5 13.75 -1.7215
60.0 7.5 -2.5 13.75 0.3531
60.0 -5.0 0.0 13.75 -14.0475
60.0 -2.5 0.0 13.75 -16.4483
60.0 0.0 0.0 13.75 -13.2528
60.0 2.5 0.0 13.75 -5.6309000000000005
60.0 5.0 0.0 13.75 0.10169999999999998
60.0 -5.0 2.5 13.75 3.7157
60.0 -2.5 2.5 13.75 -26.0058
60.0 0.0 2.5 13.75 -19.775399999999998
60.0 2.5 2.5 13.75 -3.7842
60.0 5.0 2.5 13.75 3.919
60.0 7.5 2.5 13.75 4.1433
60.0 -5.0 5.0 13.75 17189942.0433
60.0 -2.5 5.0 13.75 86095.7266
60.0 0.0 5.0 13.75 -23.297500000000003
60.0 2.5 5.0 13.75 5.211400000000001
60.0 5.0 5.0 13.75 7.934199999999999
60.0 7.5 5.0 13.75 5.2506
60.0 10.0 5.0 13.75 2.739
60.0 -5.0 -10.0 15.0 1.7942
60.0 -2.5 -10.0 15.0 1.4875
60.0 0.0 -10.0 15.0 0.1353
60.0 2.5 -10.0 15.0 -0.4865
60.0 5.0 -10.0 15.0 -0.1871
60.0 7.5 -10.0 15.0 0.0
60.0 10.0 -10.0 15.0 0.0
60.0 -5.0 -7.5 15.0 1.7351
60.0 -2.5 -7.5 15.0 2.2706
60.0 0.0 -7.5 15.0 0.4875
60.0 2.5 -7.5 15.0 -0.8215
60.0 5.0 -7.5 15.0 -0.4168
60.0 7.5 -7.5 15.0 0.0018
60.0 10.0 -7.5 15.0 0.0
60.0 -5.0 -5.0 15.0 -0.6724
60.0 -2.5 -5.0 15.0 -0.015299999999999994
60.0 0.0 -5.0 15.0 -0.9722000000000001
60.0 2.5 -5.0 15.0 -1.3525
60.0 5.0 -5.0 15.0 -0.5352
60.0 7.5 -5.0 15.0 0.1181
60.0 10.0 -5.0 15.0 0.0
60.0 -5.0 -2.5 15.0 -4.383
60.0 -2.5 -2.5 15.0 -4.6454
60.0 0.0 -2.5 15.0 -4.3876
60.0 2.5 -2.5 15.0 -2.7776
60.0 5.0 -2.5 15.0 -0.6143000000000001
60.0 7.5 -2.5 15.0 0.4838
60.0 10.0 -2.5 15.0 0.2602
60.0 -5.0 0.0 15.0 -8.0481
60.0 -2.5 0.0 15.0 -11.0268
60.0 0.0 0.0 15.0 -9.0187
60.0 2.5 0.0 15.0 -4.6022
60.0 5.0 0.0 15.0 -0.0594
60.0 7.5 0.0 15.0 1.481
60.0 -5.0 2.5 15.0 -7.1783
60.0 -2.5 2.5 15.0 -18.0227
60.0 0.0 2.5 15.0 -12.8171
60.0 2.5 2.5 15.0 -2.7319
60.0 5.0 2.5 15.0 2.5604
60.0 7.5 2.5 15.0 3.1975000000000002
60.0 10.0 2.5 15.0 1.9979
60.0 -5.0 5.0 15.0 4114.6409
60.0 -2.5 5.0 15.0 61.6359
60.0 0.0 5.0 15.0 -14.1765
60.0 2.5 5.0 15.0 1.2377000000000002
60.0 5.0 5.0 15.0 5.3337
60.0 7.5 5.0 15.0 4.226
60.0 10.0 5.0 15.0 2.5948
60.0 -5.0 -10.0 16.25 1.0648
60.0 -2.5 -10.0 16.25 0.7232000000000001
60.0 0.0 -10.0 16.25 -0.149
60.0 2.5 -10.0 16.25 -0.248
60.0 5.0 -10.0 16.25 0.0
60.0 7.5 -10.0 16.25 0.0
60.0 10.0 -10.0 16.25 0.0
60.0 -5.0 -7.5 16.25 1.5916
60.0 -2.5 -7.5 16.25 1.2517
60.0 0.0 -7.5 16.25 0.07719999999999999
60.0 2.5 -7.5 16.25 -0.39840000000000003
60.0 5.0 -7.5 16.25 -0.069
60.0 7.5 -7.5 16.25 0.0
60.0 10.0 -7.5 16.25 0.0
60.0 -5.0 -5.0 16.25 0.3127
60.0 -2.5 -5.0 16.25 0.36010000000000003
60.0 0.0 -5.0 16.25 -0.5573
60.0 2.5 -5.0 16.25 -0.8099999999999999
60.0 5.0 -5.0 16.25 -0.065
60.0 7.5 -5.0 16.25 0.0647
60.0 10.0 -5.0 16.25 0.0
60.0 -5.0 -2.5 16.25 -2.0695
60.0 -2.5 -2.5 16.25 -2.7084
60.0 0.0 -2.5 16.25 -2.7273
60.0 2.5 -2.5 16.25 -1.6223
60.0 5.0 -2.5 16.25 0.0645
60.0 7.5 -2.5 16.25 0.4464
60.0 10.0 -2.5 16.25 0.1267
60.0 -5.0 0.0 16.25 -4.3346
60.0 -2.5 0.0 16.25 -6.7003
60.0 0.0 0.0 16.25 -5.9818
60.0 2.5 0.0 16.25 -2.8911000000000002
60.0 5.0 0.0 16.25 0.1539
60.0 7.5 0.0 16.25 1.2214
60.0 10.0 0.0 16.25 0.6098
60.0 -5.0 2.5 16.25 -3.7190000000000003
60.0 -2.5 2.5 16.25 -10.9491
60.0 0.0 2.5 16.25 -8.161900000000001
60.0 2.5 2.5 16.25 -2.3022
60.0 5.0 2.5 16.25 1.4218
60.0 7.5 2.5 16.25 2.4388
60.0 10.0 2.5 16.25 1.4945
60.0 -5.0 5.0 16.25 5.1872
60.0 -2.5 5.0 16.25 -16.5164
60.0 0.0 5.0 16.25 -7.0528
60.0 2.5 5.0 16.25 1.138
60.0 5.0 5.0 16.25 3.5157
60.0 7.5 5.0 16.25 3.4243
60.0 10.0 5.0 16.25 2.0541
120.0 -5.0 -10.0 3.75 -3.0992
120.0 -2.5 -10.0 3.75 -4.835500000000001
120.0 0.0 -10.0 3.75 -4.6547
120.0 2.5 -10.0 3.75 -0.9042
120.0 5.0 -10.0 3.75 2.8968
120.0 7.5 -10.0 3.75 2.6734
120.0 10.0 -10.0 3.75 0.7768
120.0 -5.0 -7.5 3.75 -7.925
120.0 -2.5 -7.5 3.75 -11.6025
120.0 0.0 -7.5 3.75 -7.1254
120.0 2.5 -7.5 3.75 -6.1501
120.0 5.0 -7.5 3.75 5.5522
120.0 7.5 -7.5 3.75 4.4248
120.0 10.0 -7.5 3.75 -0.29460000000000003
120.0 -5.0 -5.0 3.75 391.55830000000003
120.0 -2.5 -5.0 3.75 102.92830000000001
120.0 0.0 -5.0 3.75 6322044.2108
120.0 2.5 -5.0 3.75 3575979.5105999997
120.0 5.0 -5.0 3.75 10007.2423
120.0 7.5 -5.0 3.75 17.6371
120.0 10.0 -5.0 3.75 -4.853
120.0 -5.0 -2.5 3.75 83091717.9266
120.0 -2.5 -2.5 3.75 14697833.0109
120.0 0.0 -2.5 3.75 41781573.2824
120.0 2.5 -2.5 3.75 10000000099.7355
120.0 5.0 -2.5 3.75 103320005.1731
120.0 7.5 -2.5 3.75 8216916.966899999
120.0 10.0 -2.5 3.75 -13.717
120.0 -5.0 0.0 3.75 9999999913.002901
120.0 -2.5 0.0 3.75 120247082.7475
120.0 0.0 0.0 3.75 158451361.87179998
120.0 2.5 0.0 3.75 467360714.3754
120.0 5.0 0.0 3.75 143323640.1225
120.0 7.5 0.0 3.75 739641.8600999999
120.0 10.0 0.0 3.75 972.0352
120.0 -5.0 2.5 3.75 2302064757.1322
120.0 -2.5 2.5 3.75 9999999985.9389
120.0 0.0 2.5 3.75 9999999976.894201
120.0 2.5 2.5 3.75 10000000113.351702
120.0 5.0 2.5 3.75 1933334687.6516
120.0 7.5 2.5 3.75 717114441.4892
120.0 10.0 2.5 3.75 3918.7952
120.0 -5.0 5.0 3.75 10000000143.7465
120.0 -2.5 5.0 3.75 9999999978.927801
120.0 0.0 5.0 3.75 4823135171.2268
120.0 2.5 5.0 3.75 10000000149.453901
120.0 5.0 5.0 3.75 1058746734.9991
120.0 7.5 5.0 3.75 451852882.9406
120.0 10.0 5.0 3.75 10437.8233
120.0 -2.5 5.0 5.0 1174611868.1745
120.0 -2.5 2.5 6.25 10000000196.0974
120.0 -2.5 5.0 6.25 9999999925.952301
120.0 2.5 -7.5 7.5 0.3183
120.0 0.0 -5.0 7.5 -17.369
120.0 -2.5 0.0 7.5 93829948.4616
120.0 -2.5 2.5 7.5 10000000088.8941
120.0 0.0 2.5 7.5 8010111593.6963005
120.0 -2.5 5.0 7.5 1732527019.3204
120.0 0.0 5.0 7.5 333390988.7067
120.0 2.5 -7.5 8.75 1.0572
120.0 5.0 -7.5 8.75 6.8263
120.0 0.0 -5.0 8.75 -6.568900000000001
120.0 0.0 0.0 8.75 244783123.3969
120.0 -2.5 2.5 8.75 10000000015.568201
120.0 0.0 2.5 8.75 912803.8905
120.0 -5.0 5.0 8.75 279034699.3471
120.0 -2.5 5.0 8.75 760382883.6768
120.0 0.0 5.0 8.75 9999999996.4311
120.0 2.5 5.0 8.75 28338013.7132
120.0 2.5 -10.0 10.0 -0.8908
120.0 2.5 -7.5 10.0 0.6384
120.0 5.0 -7.5 10.0 4.9479
120.0 7.5 -7.5 10.0 4.0925
120.0 -2.5 -5.0 10.0 -21.458599999999997
120.0 0.0 -5.0 10.0 -9.1882
120.0 2.5 -5.0 10.0 7.867999999999999
120.0 0.0 -2.5 10.0 8953.0228
120.0 0.0 0.0 10.0 3616.2943
120.0 2.5 0.0 10.0 212.0162
120.0 -5.0 2.5 10.0 291403614.34790003
120.0 -2.5 2.5 10.0 188463040.3007
120.0 0.0 2.5 10.0 10903.332199999999
120.0 2.5 2.5 10.0 21074.8013
120.0 -5.0 5.0 10.0 1737919833.1649
120.0 -2.5 5.0 10.0 76145221.22780001
120.0 0.0 5.0 10.0 71819469.7435
120.0 2.5 5.0 10.0 2871.7133
120.0 5.0 5.0 10.0 2421.8632000000002
120.0 2.5 -10.0 11.25 -0.5104
120.0 5.0 -10.0 11.25 1.4241000000000001
120.0 10.0 -10.0 11.25 0.0067
120.0 -2.5 -7.5 11.25 -6.1624
120.0 0.0 -7.5 11.25 -5.0942
120.0 2.5 -7.5 11.25 0.1837
120.0 5.0 -7.5 11.25 3.5351
120.0 7.5 -7.5 11.25 2.9696000000000002
120.0 -2.5 -5.0 11.25 -13.3833
120.0 0.0 -5.0 11.25 -8.3681
120.0 2.5 -5.0 11.25 4.893
120.0 5.0 -5.0 11.25 7.231
120.0 7.5 -5.0 11.25 3.7169
120.0 0.0 -2.5 11.25 -0.9919000000000002
120.0 2.5 -2.5 11.25 15.6902
120.0 -5.0 0.0 11.25 2849.7915
120.0 -2.5 0.0 11.25 6.1065
120.0 0.0 0.0 11.25 1.9451999999999998
120.0 2.5 0.0 11.25 11.737000000000002
120.0 -5.0 2.5 11.25 27727.4982
120.0 -2.5 2.5 11.25 8013.5556
120.0 0.0 2.5 11.25 8.1697
120.0 2.5 2.5 11.25 -3.8342
120.0 -5.0 5.0 11.25 12450116.1117
120.0 -2.5 5.0 11.25 595127.6121
120.0 0.0 5.0 11.25 5342.790599999999
120.0 2.5 5.0 11.25 -15.533399999999999
120.0 5.0 5.0 11.25 -19.6278
120.0 7.5 5.0 11.25 -11.022
120.0 -5.0 -10.0 12.5 -0.22089999999999999
120.0 -2.5 -10.0 12.5 -2.1247000000000003
120.0 0.0 -10.0 12.5 -2.0429999999999997
120.0 2.5 -10.0 12.5 -0.31170000000000003
120.0 5.0 -10.0 12.5 1.0453999999999999
120.0 7.5 -10.0 12.5 0.8312
120.0 10.0 -10.0 12.5 -0.07719999999999999
120.0 -2.5 -7.5 12.5 -4.5661
120.0 0.0 -7.5 12.5 -3.7342999999999997
120.0 2.5 -7.5 12.5 -0.2037
120.0 5.0 -7.5 12.5 2.5777
120.0 7.5 -7.5 12.5 2.2248
120.0 10.0 -7.5 12.5 -0.039
120.0 -2.5 -5.0 12.5 -8.0623
120.0 0.0 -5.0 12.5 -5.2609
120.0 2.5 -5.0 12.5 2.3952999999999998
120.0 5.0 -5.0 12.5 4.4571000000000005
120.0 -5.0 -2.5 12.5 -1.9008
120.0 -2.5 -2.5 12.5 -9.863800000000001
120.0 0.0 -2.5 12.5 -5.4122
120.0 2.5 -2.5 12.5 6.2787
120.0 5.0 -2.5 12.5 5.4589
120.0 -5.0 0.0 12.5 8.7783
120.0 -2.5 0.0 12.5 -9.7229
120.0 0.0 0.0 12.5 -3.4583999999999997
120.0 2.5 0.0 12.5 3.9569
120.0 5.0 0.0 12.5 1.73
120.0 -5.0 2.5 12.5 336.5505
120.0 -2.5 2.5 12.5 -1.0865999999999998
120.0 0.0 2.5 12.5 -7.6645
120.0 2.5 2.5 12.5 -5.947
120.0 5.0 2.5 12.5 -7.237900000000001
120.0 -5.0 5.0 12.5 7199.398999999999
120.0 -2.5 5.0 12.5 374.0994
120.0 0.0 5.0 12.5 11.9692
120.0 2.5 5.0 12.5 -10.2956
120.0 5.0 5.0 12.5 -10.859399999999999
120.0 7.5 5.0 12.5 -8.0868
120.0 -5.0 -10.0 13.75 -0.1256
120.0 -2.5 -10.0 13.75 -1.4034
120.0 0.0 -10.0 13.75 -1.3560999999999999
120.0 2.5 -10.0 13.75 -0.1471
120.0 5.0 -10.0 13.75 0.7516
120.0 7.5 -10.0 13.75 0.38370000000000004
120.0 10.0 -10.0 13.75 -0.0847
120.0 -2.5 -7.5 13.75 -3.161
120.0 0.0 -7.5 13.75 -2.6563
120.0 2.5 -7.5 13.75 0.1
120.0 5.0 -7.5 13.75 1.9407
120.0 7.5 -7.5 13.75 1.2916999999999998
120.0 10.0 -7.5 13.75 -0.29819999999999997
120.0 -2.5 -5.0 13.75 -4.9102
120.0 0.0 -5.0 13.75 -3.3627
120.0 2.5 -5.0 13.75 0.8724
120.0 5.0 -5.0 13.75 2.9968000000000004
120.0 7.5 -5.0 13.75 2.3362000000000003
120.0 10.0 -5.0 13.75 -0.183
120.0 -5.0 -2.5 13.75 -1.1089
120.0 -2.5 -2.5 13.75 -5.7585999999999995
120.0 0.0 -2.5 13.75 -3.2868
120.0 2.5 -2.5 13.75 3.0197
120.0 5.0 -2.5 13.75 3.3578
120.0 -5.0 0.0 13.75 -3.9895
120.0 -2.5 0.0 13.75 -6.561299999999999
120.0 0.0 0.0 13.75 -2.4915000000000003
120.0 2.5 0.0 13.75 1.6266000000000003
120.0 5.0 0.0 13.75 0.5879000000000001
120.0 -5.0 2.5 13.75 -12.2937
120.0 -2.5 2.5 13.75 -11.697
120.0 0.0 2.5 13.75 -5.8988
120.0 2.5 2.5 13.75 -2.9074999999999998
120.0 5.0 2.5 13.75 -4.0455000000000005
120.0 -5.0 5.0 13.75 4485.789
120.0 -2.5 5.0 13.75 -20.964399999999998
120.0 0.0 5.0 13.75 -4.3964
120.0 2.5 5.0 13.75 -4.0844000000000005
120.0 5.0 5.0 13.75 -5.7636
120.0 7.5 5.0 13.75 -5.4113
120.0 -5.0 -10.0 15.0 -0.023
120.0 -2.5 -10.0 15.0 -0.8180999999999999
120.0 0.0 -10.0 15.0 -0.8230000000000001
120.0 2.5 -10.0 15.0 -0.0273
120.0 5.0 -10.0 15.0 0.4581
120.0 7.5 -10.0 15.0 0.0536
120.0 10.0 -10.0 15.0 -0.1247
120.0 -5.0 -7.5 15.0 -0.9581
120.0 -2.5 -7.5 15.0 -2.361
120.0 0.0 -7.5 15.0 -1.6574
120.0 2.5 -7.5 15.0 0.22039999999999998
120.0 5.0 -7.5 15.0 1.3065
120.0 7.5 -7.5 15.0 0.6010000000000001
120.0 10.0 -7.5 15.0 -0.3028
120.0 -5.0 -5.0 15.0 -0.9863
120.0 -2.5 -5.0 15.0 -3.2226
120.0 0.0 -5.0 15.0 -2.259
120.0 2.5 -5.0 15.0 0.6405
120.0 5.0 -5.0 15.0 2.4127
120.0 7.5 -5.0 15.0 1.3122
120.0 10.0 -5.0 15.0 -0.4273
120.0 -5.0 -2.5 15.0 -1.2165
120.0 -2.5 -2.5 15.0 -3.6681000000000004
120.0 0.0 -2.5 15.0 -1.7314
120.0 2.5 -2.5 15.0 1.2162
120.0 5.0 -2.5 15.0 2.0709000000000004
120.0 7.5 -2.5 15.0 1.2211999999999998
120.0 10.0 -2.5 15.0 -0.5644
120.0 -5.0 0.0 15.0 -2.1413
120.0 -2.5 0.0 15.0 -4.1223
120.0 0.0 0.0 15.0 -2.0007
120.0 2.5 0.0 15.0 0.5886
120.0 5.0 0.0 15.0 0.37549999999999994
120.0 10.0 0.0 15.0 -1.4485
120.0 -5.0 2.5 15.0 -8.3814
120.0 -2.5 2.5 15.0 -7.762700000000001
120.0 0.0 2.5 15.0 -3.9702
120.0 2.5 2.5 15.0 -1.4316
120.0 5.0 2.5 15.0 -2.1963
120.0 7.5 2.5 15.0 -2.378
120.0 -5.0 5.0 15.0 -17.2888
120.0 -2.5 5.0 15.0 -12.0487
120.0 0.0 5.0 15.0 -3.8097000000000003
120.0 2.5 5.0 15.0 -2.3724
120.0 5.0 5.0 15.0 -3.255
120.0 7.5 5.0 15.0 -3.3449
120.0 10.0 5.0 15.0 -2.0838
120.0 -5.0 -10.0 16.25 0.11080000000000001
120.0 -2.5 -10.0 16.25 -0.354
120.0 0.0 -10.0 16.25 -0.3177
120.0 2.5 -10.0 16.25 0.0972
120.0 5.0 -10.0 16.25 0.0043
120.0 7.5 -10.0 16.25 -0.03
120.0 10.0 -10.0 16.25 0.0
120.0 -5.0 -7.5 16.25 -0.4987
120.0 -2.5 -7.5 16.25 -1.2812
120.0 0.0 -7.5 16.25 -0.8992
120.0 2.5 -7.5 16.25 0.2165
120.0 5.0 -7.5 16.25 0.6755
120.0 7.5 -7.5 16.25 0.16979999999999998
120.0 10.0 -7.5 16.25 -0.17729999999999999
120.0 -5.0 -5.0 16.25 -0.9531
120.0 -2.5 -5.0 16.25 -2.1228
120.0 0.0 -5.0 16.25 -1.1682
120.0 2.5 -5.0 16.25 0.8021999999999999
120.0 5.0 -5.0 16.25 1.5409
120.0 7.5 -5.0 16.25 0.5508
120.0 10.0 -5.0 16.25 -0.3642
120.0 -5.0 -2.5 16.25 -1.071
120.0 -2.5 -2.5 16.25 -1.9603
120.0 0.0 -2.5 16.25 -1.1703999999999999
120.0 2.5 -2.5 16.25 1.072
120.0 5.0 -2.5 16.25 1.9067
120.0 7.5 -2.5 16.25 0.5724
120.0 10.0 -2.5 16.25 -0.62
120.0 -5.0 0.0 16.25 -2.1654999999999998
120.0 -2.5 0.0 16.25 -2.6243000000000003
120.0 0.0 0.0 16.25 -1.1711
120.0 2.5 0.0 16.25 0.7586999999999999
120.0 5.0 0.0 16.25 0.8708
120.0 7.5 0.0 16.25 -0.2881
120.0 10.0 0.0 16.25 -0.9797
120.0 -5.0 2.5 16.25 -5.078
120.0 -2.5 2.5 16.25 -4.757499999999999
120.0 0.0 2.5 16.25 -2.451
120.0 2.5 2.5 16.25 -0.8377
120.0 5.0 2.5 16.25 -0.7588
120.0 7.5 2.5 16.25 -1.2361
120.0 10.0 2.5 16.25 -1.39
120.0 -5.0 5.0 16.25 -10.958
120.0 -2.5 5.0 16.25 -7.3370999999999995
120.0 0.0 5.0 16.25 -2.7909
120.0 2.5 5.0 16.25 -1.4551
120.0 5.0 5.0 16.25 -1.7338
120.0 7.5 5.0 16.25 -1.5328
120.0 10.0 5.0 16.25 -1.3545
180.0 -5.0 -10.0 3.75 1.3703
180.0 -2.5 -10.0 3.75 3.0016
180.0 0.0 -10.0 3.75 1.8492000000000002
180.0 2.5 -10.0 3.75 -0.413
180.0 5.0 -10.0 3.75 -1.2657
180.0 7.5 -10.0 3.75 -0.9574999999999999
180.0 10.0 -10.0 3.75 -0.1923
180.0 -5.0 -7.5 3.75 3.9088999999999996
180.0 -2.5 -7.5 3.75 7.0466
180.0 0.0 -7.5 3.75 4.0755
180.0 2.5 -7.5 3.75 -1.9618000000000002
180.0 5.0 -7.5 3.75 -4.1697999999999995
180.0 7.5 -7.5 3.75 -2.8133
180.0 10.0 -7.5 3.75 -0.6359
180.0 -5.0 -5.0 3.75 9999999996.0345
180.0 -2.5 -5.0 3.75 3618.3327
180.0 0.0 -5.0 3.75 9.6222
180.0 2.5 -5.0 3.75 -7.274500000000001
180.0 5.0 -5.0 3.75 -9.246
180.0 7.5 -5.0 3.75 -4.388199999999999
180.0 10.0 -5.0 3.75 -0.387
180.0 -5.0 -2.5 3.75 1568444721.8883002
180.0 -2.5 -2.5 3.75 10000000063.543201
180.0 0.0 -2.5 3.75 826500.7184
180.0 2.5 -2.5 3.75 -9.706499999999998
180.0 5.0 -2.5 3.75 -16.430300000000003
180.0 7.5 -2.5 3.75 -6.0781
180.0 10.0 -2.5 3.75 2.1873
180.0 -5.0 0.0 3.75 9999999926.2686
180.0 -2.5 0.0 3.75 10000000066.1
180.0 0.0 0.0 3.75 27436.361999999997
180.0 2.5 0.0 3.75 436.09250000000003
180.0 5.0 0.0 3.75 458.6419
180.0 7.5 0.0 3.75 68.3255
180.0 10.0 0.0 3.75 6.174100000000001
180.0 -5.0 2.5 3.75 222962017.8519
180.0 -2.5 2.5 3.75 9999999982.672201
180.0 0.0 2.5 3.75 9999999992.378
180.0 2.5 2.5 3.75 3300549.2835999997
180.0 5.0 2.5 3.75 1253154089.4175
180.0 7.5 2.5 3.75 3111323335.638
180.0 10.0 2.5 3.75 1445.4419
180.0 -5.0 5.0 3.75 9999999939.7112
180.0 -2.5 5.0 3.75 10000000254.305801
180.0 0.0 5.0 3.75 9999999959.6858
180.0 2.5 5.0 3.75 976041553.3362999
180.0 5.0 5.0 3.75 10000000013.9754
180.0 7.5 5.0 3.75 16708961.425999999
180.0 10.0 5.0 3.75 24487.130400000002
180.0 -2.5 -2.5 7.5 3552.0066
180.0 0.0 2.5 7.5 10000000143.3083
180.0 0.0 5.0 7.5 9999999983.8173
180.0 -5.0 -2.5 8.75 1284.962
180.0 -2.5 -2.5 8.75 40.0077
180.0 2.5 -2.5 8.75 -11.1832
180.0 -5.0 0.0 8.75 94772714.4654
180.0 0.0 0.0 8.75 34.3519
180.0 0.0 2.5 8.75 1482980086.4433
180.0 0.0 -10.0 10.0 1.1058999999999999
180.0 2.5 -10.0 10.0 -0.019
180.0 0.0 -7.5 10.0 3.8510000000000004
180.0 2.5 -7.5 10.0 -0.0397
180.0 5.0 -7.5 10.0 -1.5571
180.0 -2.5 -5.0 10.0 11.3248
180.0 0.0 -5.0 10.0 5.170999999999999
180.0 2.5 -5.0 10.0 -1.9007
180.0 5.0 -5.0 10.0 -4.4904
180.0 -5.0 -2.5 10.0 1377.3126000000002
180.0 -2.5 -2.5 10.0 14.3218
180.0 0.0 -2.5 10.0 0.5181
180.0 2.5 -2.5 10.0 -6.164199999999999
180.0 -5.0 0.0 10.0 688.1095
180.0 -2.5 0.0 10.0 37261970.147
180.0 0.0 0.0 10.0 2.7112999999999996
180.0 -5.0 2.5 10.0 111855087.2338
180.0 0.0 2.5 10.0 825.0423
180.0 2.5 2.5 10.0 -12.0048
180.0 0.0 5.0 10.0 473707.29589999997
180.0 2.5 5.0 10.0 281.396
180.0 0.0 -10.0 11.25 0.77
180.0 2.5 -10.0 11.25 -0.08360000000000001
180.0 5.0 -10.0 11.25 -0.2733
180.0 0.0 -7.5 11.25 2.5203
180.0 2.5 -7.5 11.25 -0.07039999999999999
180.0 5.0 -7.5 11.25 -1.1228
180.0 7.5 -7.5 11.25 -0.6747000000000001
180.0 -2.5 -5.0 11.25 8.082999999999998
180.0 0.0 -5.0 11.25 4.455500000000001
180.0 2.5 -5.0 11.25 -0.863
180.0 5.0 -5.0 11.25 -3.0151
180.0 -5.0 -2.5 11.25 21.3042
180.0 -2.5 -2.5 11.25 9.6714
180.0 0.0 -2.5 11.25 2.1508000000000003
180.0 2.5 -2.5 11.25 -3.4308
180.0 -5.0 0.0 11.25 12.2711
180.0 -2.5 0.0 11.25 1406.7382
180.0 0.0 0.0 11.25 -0.2705000000000002
180.0 -5.0 2.5 11.25 11638.3165
180.0 -2.5 2.5 11.25 237298.743
180.0 0.0 2.5 11.25 -2.5927
180.0 2.5 2.5 11.25 -8.2728
180.0 -5.0 5.0 11.25 403611561.9868
180.0 0.0 5.0 11.25 134.12109999999998
180.0 2.5 5.0 11.25 -3.7968
180.0 -5.0 -10.0 12.5 0.1785
180.0 -2.5 -10.0 12.5 0.8297
180.0 0.0 -10.0 12.5 0.3919
180.0 2.5 -10.0 12.5 -0.0787
180.0 5.0 -10.0 12.5 -0.1602
180.0 7.5 -10.0 12.5 -0.0005
180.0 10.0 -10.0 12.5 0.0
180.0 -2.5 -7.5 12.5 2.6515
180.0 0.0 -7.5 12.5 1.7542
180.0 2.5 -7.5 12.5 -0.0476
180.0 5.0 -7.5 12.5 -0.6695
180.0 7.5 -7.5 12.5 -0.32489999999999997
180.0 -5.0 -5.0 12.5 1.9857
180.0 -2.5 -5.0 12.5 5.3377
180.0 0.0 -5.0 12.5 3.4802
180.0 2.5 -5.0 12.5 0.022199999999999998
180.0 5.0 -5.0 12.5 -2.0852
180.0 -5.0 -2.5 12.5 3.3364000000000003
180.0 -2.5 -2.5 12.5 5.7271
180.0 0.0 -2.5 12.5 2.2358000000000002
180.0 2.5 -2.5 12.5 -1.8165
180.0 5.0 -2.5 12.5 -3.6734999999999998
180.0 -5.0 0.0 12.5 -6.9031
180.0 -2.5 0.0 12.5 -0.6603000000000001
180.0 0.0 0.0 12.5 -0.9302
180.0 2.5 0.0 12.5 -2.9844
180.0 -5.0 2.5 12.5 181.6926
180.0 -2.5 2.5 12.5 125.1883
180.0 0.0 2.5 12.5 -5.231000000000001
180.0 2.5 2.5 12.5 -2.9229000000000003
180.0 -5.0 5.0 12.5 809092.2054
180.0 -2.5 5.0 12.5 543.6183000000001
180.0 0.0 5.0 12.5 -7.0436
180.0 2.5 5.0 12.5 0.18489999999999984
180.0 5.0 5.0 12.5 6.4977
180.0 7.5 5.0 12.5 6.0084
180.0 10.0 5.0 12.5 1.8376000000000001
180.0 -5.0 -10.0 13.75 0.0576
180.0 -2.5 -10.0 13.75 0.3921
180.0 0.0 -10.0 13.75 0.2251
180.0 2.5 -10.0 13.75 -0.0361
180.0 5.0 -10.0 13.75 -0.1151
180.0 7.5 -10.0 13.75 0.0
180.0 10.0 -10.0 13.75 0.0
180.0 -5.0 -7.5 13.75 0.5212
180.0 -2.5 -7.5 13.75 1.6554
180.0 0.0 -7.5 13.75 1.0966
180.0 2.5 -7.5 13.75 -0.1539
180.0 5.0 -7.5 13.75 -0.3736
180.0 7.5 -7.5 13.75 -0.1188
180.0 10.0 -7.5 13.75 0.0
180.0 -5.0 -5.0 13.75 1.2097
180.0 -2.5 -5.0 13.75 3.3866
180.0 0.0 -5.0 13.75 2.4875
180.0 2.5 -5.0 13.75 0.1419
180.0 5.0 -5.0 13.75 -1.2836999999999998
180.0 -5.0 -2.5 13.75 1.0606
180.0 -2.5 -2.5 13.75 3.407
180.0 0.0 -2.5 13.75 1.7504000000000002
180.0 2.5 -2.5 13.75 -0.7079
180.0 5.0 -2.5 13.75 -2.2634000000000003
180.0 -5.0 0.0 13.75 -6.5267
180.0 -2.5 0.0 13.75 -2.356
180.0 0.0 0.0 13.75 -1.0892
180.0 2.5 0.0 13.75 -1.1075
180.0 -5.0 2.5 13.75 -10.0136
180.0 -2.5 2.5 13.75 -10.044599999999999
180.0 0.0 2.5 13.75 -2.8545
180.0 2.5 2.5 13.75 -0.4756
180.0 5.0 2.5 13.75 1.3804
180.0 -5.0 5.0 13.75 467.8114
180.0 -2.5 5.0 13.75 -5.4112
180.0 0.0 5.0 13.75 -3.8986
180.0 2.5 5.0 13.75 1.6068999999999998
180.0 5.0 5.0 13.75 5.6957
180.0 7.5 5.0 13.75 4.0039
180.0 10.0 5.0 13.75 1.8178999999999998
180.0 -5.0 -10.0 15.0 -0.1264
180.0 -2.5 -10.0 15.0 0.2237
180.0 0.0 -10.0 15.0 0.053
180.0 2.5 -10.0 15.0 -0.0741
180.0 5.0 -10.0 15.0 -0.0008
180.0 7.5 -10.0 15.0 0.0
180.0 10.0 -10.0 15.0 0.0
180.0 -5.0 -7.5 15.0 0.3627
180.0 -2.5 -7.5 15.0 0.9098
180.0 0.0 -7.5 15.0 0.538
180.0 2.5 -7.5 15.0 -0.1109
180.0 5.0 -7.5 15.0 -0.2475
180.0 7.5 -7.5 15.0 0.0
180.0 10.0 -7.5 15.0 0.0
180.0 -5.0 -5.0 15.0 0.3278
180.0 -2.5 -5.0 15.0 1.8724
180.0 0.0 -5.0 15.0 1.3127
180.0 2.5 -5.0 15.0 0.1086
180.0 5.0 -5.0 15.0 -0.43170000000000003
180.0 7.5 -5.0 15.0 -0.0949
180.0 10.0 -5.0 15.0 0.0137
180.0 -5.0 -2.5 15.0 -0.4607
180.0 -2.5 -2.5 15.0 1.3552
180.0 0.0 -2.5 15.0 1.6217
180.0 2.5 -2.5 15.0 -0.039
180.0 5.0 -2.5 15.0 -1.3331
180.0 10.0 -2.5 15.0 0.20600000000000002
180.0 -5.0 0.0 15.0 -4.2576
180.0 -2.5 0.0 15.0 -1.9670999999999998
180.0 0.0 0.0 15.0 -0.4422
180.0 2.5 0.0 15.0 -0.6579
180.0 5.0 0.0 15.0 -1.3578000000000001
180.0 -5.0 2.5 15.0 -12.9608
180.0 -2.5 2.5 15.0 -6.5169
180.0 0.0 2.5 15.0 -2.1131
180.0 2.5 2.5 15.0 1.0832
180.0 5.0 2.5 15.0 1.0496999999999999
180.0 7.5 2.5 15.0 0.2581
180.0 -5.0 5.0 15.0 -15.4583
180.0 -2.5 5.0 15.0 -6.182
180.0 0.0 5.0 15.0 -1.4599
180.0 2.5 5.0 15.0 3.0088
180.0 5.0 5.0 15.0 4.941999999999999
180.0 7.5 5.0 15.0 2.5765
180.0 10.0 5.0 15.0 0.9335
180.0 -5.0 -10.0 16.25 -0.048900000000000006
180.0 -2.5 -10.0 16.25 -0.0095
180.0 0.0 -10.0 16.25 -0.006
180.0 2.5 -10.0 16.25 -0.0003
180.0 5.0 -10.0 16.25 0.0
180.0 7.5 -10.0 16.25 0.0
180.0 10.0 -10.0 16.25 0.0
180.0 -5.0 -7.5 16.25 -0.046599999999999996
180.0 -2.5 -7.5 16.25 0.4232
180.0 0.0 -7.5 16.25 0.27759999999999996
180.0 2.5 -7.5 16.25 -0.1292
180.0 5.0 -7.5 16.25 -0.0494
180.0 7.5 -7.5 16.25 0.0
180.0 10.0 -7.5 16.25 0.0
180.0 -5.0 -5.0 16.25 0.1613
180.0 -2.5 -5.0 16.25 1.1076
180.0 0.0 -5.0 16.25 0.9879
180.0 2.5 -5.0 16.25 0.08360000000000001
180.0 5.0 -5.0 16.25 -0.2035
180.0 7.5 -5.0 16.25 0.0
180.0 10.0 -5.0 16.25 0.0
180.0 -5.0 -2.5 16.25 -0.7111
180.0 -2.5 -2.5 16.25 0.9858
180.0 0.0 -2.5 16.25 1.1594000000000002
180.0 2.5 -2.5 16.25 0.09079999999999999
180.0 5.0 -2.5 16.25 -0.514
180.0 7.5 -2.5 16.25 0.0484
180.0 10.0 -2.5 16.25 0.0397
180.0 -5.0 0.0 16.25 -3.2977999999999996
180.0 -2.5 0.0 16.25 -1.7576999999999998
180.0 0.0 0.0 16.25 -0.05990000000000001
180.0 2.5 0.0 16.25 -0.009600000000000004
180.0 5.0 0.0 16.25 -0.7707999999999999
180.0 7.5 0.0 16.25 -0.1476
180.0 -5.0 2.5 16.25 -7.2594
180.0 -2.5 2.5 16.25 -4.1278
180.0 0.0 2.5 16.25 -0.8758999999999999
180.0 2.5 2.5 16.25 0.8171999999999999
180.0 5.0 2.5 16.25 0.5061
180.0 7.5 2.5 16.25 0.19640000000000002
180.0 -5.0 5.0 16.25 -9.1253
180.0 -2.5 5.0 16.25 -4.0423
180.0 0.0 5.0 16.25 0.023799999999999932
180.0 2.5 5.0 16.25 3.2269
180.0 5.0 5.0 16.25 3.2062
180.0 7.5 5.0 16.25 1.6
180.0 10.0 5.0 16.25 0.7249
240.0 -5.0 -10.0 3.75 -5.4625
240.0 -2.5 -10.0 3.75 -8.5715
240.0 0.0 -10.0 3.75 -8.9691
240.0 2.5 -10.0 3.75 -2.1058000000000003
240.0 5.0 -10.0 3.75 3.0168000000000004
240.0 7.5 -10.0 3.75 3.6695
240.0 10.0 -10.0 3.75 2.09
240.0 -5.0 -7.5 3.75 0.32289999999999974
240.0 -2.5 -7.5 3.75 -11.766599999999999
240.0 0.0 -7.5 3.75 2807.569
240.0 2.5 -7.5 3.75 582.6379000000001
240.0 5.0 -7.5 3.75 6.4259
240.0 7.5 -7.5 3.75 4.681100000000001
240.0 10.0 -7.5 3.75 2.2048
240.0 -5.0 -5.0 3.75 2377677902.1513
240.0 -2.5 -5.0 3.75 149769.6256
240.0 0.0 -5.0 3.75 2697153.6442
240.0 2.5 -5.0 3.75 595236595.8972
240.0 5.0 -5.0 3.75 13119.0803
240.0 7.5 -5.0 3.75 2.3251
240.0 10.0 -5.0 3.75 -0.7749
240.0 -5.0 -2.5 3.75 45389479.982999995
240.0 -2.5 -2.5 3.75 10000000031.465601
240.0 0.0 -2.5 3.75 117331526.9507
240.0 2.5 -2.5 3.75 2213516274.2465
240.0 5.0 -2.5 3.75 266245313.02879998
240.0 7.5 -2.5 3.75 -5.3435999999999995
240.0 10.0 -2.5 3.75 -6.448
240.0 -5.0 0.0 3.75 10000000043.0501
240.0 -2.5 0.0 3.75 10000000023.550001
240.0 0.0 0.0 3.75 43670769.20240001
240.0 2.5 0.0 3.75 1551379160.9452
240.0 5.0 0.0 3.75 5546472971.5604
240.0 7.5 0.0 3.75 23.6687
240.0 10.0 0.0 3.75 -13.675
240.0 -5.0 2.5 3.75 9999999863.3334
240.0 -2.5 2.5 3.75 10000000255.4437
240.0 0.0 2.5 3.75 10000000021.351002
240.0 2.5 2.5 3.75 10000000036.280901
240.0 5.0 2.5 3.75 8561136491.268
240.0 7.5 2.5 3.75 15663.874300000001
240.0 10.0 2.5 3.75 -12.8718
240.0 -5.0 5.0 3.75 9999999788.1007
240.0 -2.5 5.0 3.75 9999999895.542301
240.0 0.0 5.0 3.75 9999999888.956202
240.0 2.5 5.0 3.75 10000000033.6994
240.0 5.0 5.0 3.75 10000000076.034101
240.0 7.5 5.0 3.75 2577793.4661
240.0 10.0 5.0 3.75 29.910400000000003
240.0 0.0 0.0 5.0 10000000180.5039
240.0 -2.5 2.5 5.0 10000000330.9557
240.0 -2.5 5.0 5.0 7629124216.702499
240.0 0.0 0.0 6.25 9999999863.7483
240.0 -2.5 2.5 6.25 10000000015.666
240.0 0.0 2.5 6.25 10000000082.089
240.0 -5.0 5.0 6.25 9999999960.142601
240.0 -2.5 5.0 6.25 10000000004.653801
240.0 2.5 -10.0 7.5 -2.2074
240.0 -2.5 -7.5 7.5 -14.314900000000002
240.0 0.0 -5.0 7.5 -4.6056
240.0 0.0 0.0 7.5 5004943.7413
240.0 -2.5 2.5 7.5 2429631670.5135
240.0 0.0 2.5 7.5 10000000058.224401
240.0 -5.0 5.0 7.5 10000000089.9148
240.0 -2.5 5.0 7.5 7400560650.2993
240.0 0.0 5.0 7.5 10000000034.579601
240.0 0.0 -10.0 8.75 -4.454899999999999
240.0 2.5 -10.0 8.75 -1.9321
240.0 5.0 -10.0 8.75 0.8019
240.0 -2.5 -7.5 8.75 -10.153500000000001
240.0 0.0 -7.5 8.75 -6.1865000000000006
240.0 2.5 -7.5 8.75 -0.1729
240.0 -2.5 -5.0 8.75 24.8964
240.0 0.0 -5.0 8.75 -5.6183000000000005
240.0 0.0 -2.5 8.75 34.0384
240.0 2.5 -2.5 8.75 135.6218
240.0 -2.5 0.0 8.75 10000000065.051802
240.0 0.0 0.0 8.75 300281287.9522
240.0 -2.5 2.5 8.75 714026352.2236
240.0 0.0 2.5 8.75 10000000110.682001
240.0 2.5 2.5 8.75 4349145.7694
240.0 -5.0 5.0 8.75 1422824749.9831
240.0 -2.5 5.0 8.75 9999999882.933102
240.0 0.0 5.0 8.75 10000000037.219501
240.0 0.0 -10.0 10.0 -3.2758000000000003
240.0 2.5 -10.0 10.0 -1.5272000000000001
240.0 5.0 -10.0 10.0 0.597
240.0 -2.5 -7.5 10.0 -6.3688
240.0 0.0 -7.5 10.0 -4.4237
240.0 2.5 -7.5 10.0 -0.8497000000000001
240.0 -2.5 -5.0 10.0 -8.538599999999999
240.0 0.0 -5.0 10.0 -2.3367
240.0 -5.0 -2.5 10.0 4802.3123
240.0 -2.5 -2.5 10.0 1270.95
240.0 0.0 -2.5 10.0 7.2308
240.0 2.5 -2.5 10.0 12.520199999999999
240.0 -2.5 0.0 10.0 9999999993.7014
240.0 0.0 0.0 10.0 958270902.3399
240.0 2.5 0.0 10.0 20.497899999999998
240.0 -5.0 2.5 10.0 126335293.1301
240.0 -2.5 2.5 10.0 490824810.2615
240.0 0.0 2.5 10.0 430039722.9972
240.0 2.5 2.5 10.0 1751.8783
240.0 -5.0 5.0 10.0 43060699.6651
240.0 -2.5 5.0 10.0 7343037686.1895
240.0 0.0 5.0 10.0 393439365.1799
240.0 2.5 5.0 10.0 285288.82779999997
240.0 7.5 5.0 10.0 -9.886099999999999
240.0 -2.5 -10.0 11.25 -1.9157000000000002
240.0 0.0 -10.0 11.25 -2.4208
240.0 2.5 -10.0 11.25 -1.051
240.0 5.0 -10.0 11.25 0.4935
240.0 7.5 -10.0 11.25 0.6466
240.0 10.0 -10.0 11.25 0.16390000000000002
240.0 -5.0 -7.5 11.25 -1.1636
240.0 -2.5 -7.5 11.25 -3.9094
240.0 0.0 -7.5 11.25 -3.3342
240.0 2.5 -7.5 11.25 -1.0816999999999999
240.0 -2.5 -5.0 11.25 -5.0495
240.0 0.0 -5.0 11.25 -0.6785000000000001
240.0 2.5 -5.0 11.25 2.0879
240.0 -5.0 -2.5 11.25 1.8547000000000002
240.0 -2.5 -2.5 11.25 0.7023
240.0 0.0 -2.5 11.25 6.787100000000001
240.0 2.5 -2.5 11.25 10.5622
240.0 -5.0 0.0 11.25 19544.2239
240.0 -2.5 0.0 11.25 1720735.6084
240.0 0.0 0.0 11.25 1933.911
240.0 2.5 0.0 11.25 15.7121
240.0 -2.5 2.5 11.25 80106.2751
240.0 0.0 2.5 11.25 2420.2598
240.0 2.5 2.5 11.25 11.3457
240.0 5.0 2.5 11.25 0.22540000000000004
240.0 7.5 2.5 11.25 -3.3587
240.0 -5.0 5.0 11.25 9999999997.910301
240.0 -2.5 5.0 11.25 82810266.87830001
240.0 0.0 5.0 11.25 23894392.9417
240.0 2.5 5.0 11.25 43.5917
240.0 7.5 5.0 11.25 -6.3687000000000005
240.0 -2.5 -10.0 12.5 -1.3097
240.0 0.0 -10.0 12.5 -1.5711
240.0 2.5 -10.0 12.5 -0.6016
240.0 5.0 -10.0 12.5 0.35150000000000003
240.0 7.5 -10.0 12.5 0.3066
240.0 10.0 -10.0 12.5 0.0613
240.0 -5.0 -7.5 12.5 -0.8973
240.0 -2.5 -7.5 12.5 -2.7074
240.0 0.0 -7.5 12.5 -2.6913
240.0 2.5 -7.5 12.5 -0.9668
240.0 5.0 -7.5 12.5 0.44389999999999996
240.0 -5.0 -5.0 12.5 -3.1803
240.0 -2.5 -5.0 12.5 -2.8446000000000002
240.0 0.0 -5.0 12.5 -0.27529999999999993
240.0 2.5 -5.0 12.5 1.3363
240.0 5.0 -5.0 12.5 1.7262
240.0 -5.0 -2.5 12.5 -8.048
240.0 -2.5 -2.5 12.5 -2.4473000000000003
240.0 0.0 -2.5 12.5 5.4293000000000005
240.0 2.5 -2.5 12.5 7.353400000000001
240.0 -5.0 0.0 12.5 90.3763
240.0 -2.5 0.0 12.5 2441.0245
240.0 0.0 0.0 12.5 16.204600000000003
240.0 2.5 0.0 12.5 12.393600000000001
240.0 5.0 0.0 12.5 5.6685
240.0 -5.0 2.5 12.5 40091296.53960001
240.0 -2.5 2.5 12.5 54.4764
240.0 0.0 2.5 12.5 15.998000000000001
240.0 2.5 2.5 12.5 8.6023
240.0 5.0 2.5 12.5 2.1927000000000003
240.0 7.5 2.5 12.5 -1.6713
240.0 -5.0 5.0 12.5 1499569931.9239
240.0 -2.5 5.0 12.5 18009548.209200002
240.0 0.0 5.0 12.5 534.2188
240.0 2.5 5.0 12.5 -6.2131
240.0 5.0 5.0 12.5 -5.4371
240.0 7.5 5.0 12.5 -4.1973
240.0 -2.5 -10.0 13.75 -0.8163
240.0 0.0 -10.0 13.75 -0.8993
240.0 2.5 -10.0 13.75 -0.2996
240.0 5.0 -10.0 13.75 0.1739
240.0 7.5 -10.0 13.75 0.0925
240.0 10.0 -10.0 13.75 0.0196
240.0 -5.0 -7.5 13.75 -0.7682
240.0 -2.5 -7.5 13.75 -1.8775000000000002
240.0 0.0 -7.5 13.75 -1.7908
240.0 2.5 -7.5 13.75 -0.46240000000000003
240.0 5.0 -7.5 13.75 0.43860000000000005
240.0 7.5 -7.5 13.75 0.2567
240.0 10.0 -7.5 13.75 0.059899999999999995
240.0 -5.0 -5.0 13.75 -2.8368
240.0 -2.5 -5.0 13.75 -1.9756
240.0 0.0 -5.0 13.75 -0.2914
240.0 2.5 -5.0 13.75 0.6825
240.0 5.0 -5.0 13.75 0.819
240.0 -5.0 -2.5 13.75 -6.6124
240.0 -2.5 -2.5 13.75 -1.4398000000000002
240.0 0.0 -2.5 13.75 4.0237
240.0 2.5 -2.5 13.75 4.9544
240.0 -5.0 0.0 13.75 -11.2018
240.0 -2.5 0.0 13.75 2.3795
240.0 0.0 0.0 13.75 10.4105
240.0 2.5 0.0 13.75 9.0245
240.0 5.0 0.0 13.75 4.6611
240.0 -5.0 2.5 13.75 3183.2514
240.0 -2.5 2.5 13.75 5.7374
240.0 0.0 2.5 13.75 10.651600000000002
240.0 2.5 2.5 13.75 7.341799999999999
240.0 5.0 2.5 13.75 2.9265000000000003
240.0 7.5 2.5 13.75 -0.5328
240.0 10.0 2.5 13.75 -1.5038
240.0 -5.0 5.0 13.75 5205052.7507
240.0 -2.5 5.0 13.75 1815.2533
240.0 0.0 5.0 13.75 4.6525
240.0 2.5 5.0 13.75 -2.1466000000000003
240.0 5.0 5.0 13.75 -2.5947
240.0 7.5 5.0 13.75 -2.4468
240.0 10.0 5.0 13.75 -1.516
240.0 -5.0 -10.0 15.0 0.3131
240.0 -2.5 -10.0 15.0 -0.2551
240.0 0.0 -10.0 15.0 -0.4044
240.0 2.5 -10.0 15.0 -0.0334
240.0 5.0 -10.0 15.0 0.0699
240.0 7.5 -10.0 15.0 0.0293
240.0 10.0 -10.0 15.0 0.0
240.0 -5.0 -7.5 15.0 -0.4492
240.0 -2.5 -7.5 15.0 -1.0264
240.0 0.0 -7.5 15.0 -0.8899
240.0 2.5 -7.5 15.0 -0.3038
240.0 5.0 -7.5 15.0 0.08589999999999999
240.0 7.5 -7.5 15.0 0.1067
240.0 10.0 -7.5 15.0 0.0472
240.0 -5.0 -5.0 15.0 -2.2358
240.0 -2.5 -5.0 15.0 -1.47
240.0 0.0 -5.0 15.0 -0.1844
240.0 2.5 -5.0 15.0 0.5502
240.0 5.0 -5.0 15.0 0.5998
240.0 10.0 -5.0 15.0 -0.0376
240.0 -5.0 -2.5 15.0 -5.0938
240.0 -2.5 -2.5 15.0 -1.3020999999999998
240.0 0.0 -2.5 15.0 2.5804
240.0 2.5 -2.5 15.0 3.3621999999999996
240.0 5.0 -2.5 15.0 1.6882
240.0 7.5 -2.5 15.0 0.0587
240.0 -5.0 0.0 15.0 -8.350999999999999
240.0 -2.5 0.0 15.0 0.6822999999999999
240.0 0.0 0.0 15.0 5.9163
240.0 2.5 0.0 15.0 6.2713
240.0 5.0 0.0 15.0 3.5859
240.0 7.5 0.0 15.0 0.5740000000000001
240.0 -5.0 2.5 15.0 -4.4453
240.0 -2.5 2.5 15.0 2.8472000000000004
240.0 0.0 2.5 15.0 7.572399999999999
240.0 2.5 2.5 15.0 5.8414
240.0 5.0 2.5 15.0 2.6151
240.0 7.5 2.5 15.0 -0.0775
240.0 10.0 2.5 15.0 -0.5214000000000001
240.0 -5.0 5.0 15.0 1788.7022
240.0 -2.5 5.0 15.0 8.0017
240.0 0.0 5.0 15.0 2.0319
240.0 2.5 5.0 15.0 0.2659
240.0 5.0 5.0 15.0 -0.9513
240.0 7.5 5.0 15.0 -1.3393
240.0 10.0 5.0 15.0 -0.8506
240.0 -5.0 -10.0 16.25 0.306
240.0 -2.5 -10.0 16.25 0.006500000000000001
240.0 0.0 -10.0 16.25 -0.048600000000000004
240.0 2.5 -10.0 16.25 -0.0013
240.0 5.0 -10.0 16.25 0.0101
240.0 7.5 -10.0 16.25 0.0002
240.0 10.0 -10.0 16.25 0.0
240.0 -5.0 -7.5 16.25 0.0671
240.0 -2.5 -7.5 16.25 -0.2825
240.0 0.0 -7.5 16.25 -0.5378999999999999
240.0 2.5 -7.5 16.25 -0.162
240.0 5.0 -7.5 16.25 0.07759999999999999
240.0 7.5 -7.5 16.25 0.0437
240.0 10.0 -7.5 16.25 0.0002
240.0 -5.0 -5.0 16.25 -1.6406
240.0 -2.5 -5.0 16.25 -0.9107999999999999
240.0 0.0 -5.0 16.25 -0.0802
240.0 2.5 -5.0 16.25 0.4311
240.0 5.0 -5.0 16.25 0.07809999999999999
240.0 7.5 -5.0 16.25 0.0596
240.0 10.0 -5.0 16.25 0.0297
240.0 -5.0 -2.5 16.25 -3.9981999999999998
240.0 -2.5 -2.5 16.25 -0.9628
240.0 0.0 -2.5 16.25 1.7888
240.0 2.5 -2.5 16.25 1.979
240.0 5.0 -2.5 16.25 0.9720000000000001
240.0 7.5 -2.5 16.25 0.0563
240.0 10.0 -2.5 16.25 -0.1032
240.0 -5.0 0.0 16.25 -5.9025
240.0 -2.5 0.0 16.25 0.1570999999999999
240.0 0.0 0.0 16.25 4.1084
240.0 2.5 0.0 16.25 4.321400000000001
240.0 5.0 0.0 16.25 2.0492
240.0 7.5 0.0 16.25 0.0917
240.0 -5.0 2.5 16.25 -4.8172999999999995
240.0 -2.5 2.5 16.25 2.165
240.0 0.0 2.5 16.25 4.3697
240.0 2.5 2.5 16.25 3.8624
240.0 5.0 2.5 16.25 2.1305
240.0 7.5 2.5 16.25 0.0176
240.0 10.0 2.5 16.25 -0.24159999999999998
240.0 -5.0 5.0 16.25 1.9752999999999998
240.0 -2.5 5.0 16.25 3.3691999999999998
240.0 0.0 5.0 16.25 3.0303000000000004
240.0 2.5 5.0 16.25 1.5487000000000002
240.0 5.0 5.0 16.25 0.2012
240.0 7.5 5.0 16.25 -0.6148
240.0 10.0 5.0 16.25 -0.2417
300.0 -5.0 -10.0 3.75 0.23560000000000003
300.0 -2.5 -10.0 3.75 -1.4782
300.0 0.0 -10.0 3.75 -1.8801999999999999
300.0 2.5 -10.0 3.75 -0.3938
300.0 5.0 -10.0 3.75 0.186
300.0 7.5 -10.0 3.75 0.2544
300.0 10.0 -10.0 3.75 0.1028
300.0 -5.0 -7.5 3.75 88.9127
300.0 -2.5 -7.5 3.75 115.5284
300.0 0.0 -7.5 3.75 3.646
300.0 2.5 -7.5 3.75 -1.1676
300.0 5.0 -7.5 3.75 0.14849999999999997
300.0 7.5 -7.5 3.75 0.2564
300.0 10.0 -7.5 3.75 0.7223
300.0 -5.0 -5.0 3.75 6952347.6644
300.0 -2.5 -5.0 3.75 9999999964.6494
300.0 0.0 -5.0 3.75 6951416.781900001
300.0 2.5 -5.0 3.75 50.0055
300.0 5.0 -5.0 3.75 -1.1497
300.0 7.5 -5.0 3.75 -1.3667
300.0 10.0 -5.0 3.75 1.5136
300.0 -5.0 -2.5 3.75 319854533.3139
300.0 -2.5 -2.5 3.75 9999999976.9361
300.0 0.0 -2.5 3.75 310881155.0003
300.0 2.5 -2.5 3.75 1061.1291
300.0 5.0 -2.5 3.75 -12.761099999999999
300.0 7.5 -2.5 3.75 -11.1774
300.0 10.0 -2.5 3.75 0.47129999999999983
300.0 -5.0 0.0 3.75 1243240437.2635
300.0 -2.5 0.0 3.75 2415698394.9184
300.0 0.0 0.0 3.75 10000000176.1292
300.0 2.5 0.0 3.75 172853895.7038
300.0 5.0 0.0 3.75 44320.9691
300.0 7.5 0.0 3.75 69104904.80039999
300.0 10.0 0.0 3.75 17.8938
300.0 -5.0 2.5 3.75 4253261497.1654
300.0 -2.5 2.5 3.75 9999999805.384901
300.0 0.0 2.5 3.75 9999999972.291601
300.0 2.5 2.5 3.75 865146763.6688
300.0 5.0 2.5 3.75 9999999897.935701
300.0 7.5 2.5 3.75 1374518324.913
300.0 10.0 2.5 3.75 742.2827
300.0 -5.0 5.0 3.75 9999999471.149801
300.0 -2.5 5.0 3.75 1347519146.7804
300.0 0.0 5.0 3.75 10000000276.6341
300.0 2.5 5.0 3.75 9999999988.1485
300.0 5.0 5.0 3.75 9999999893.7199
300.0 7.5 5.0 3.75 371425751.76430005
300.0 10.0 5.0 3.75 980152.1220999999
300.0 -2.5 -2.5 6.25 3405762534.8685
300.0 0.0 -2.5 6.25 514813777.376
300.0 2.5 -2.5 6.25 16749560.6187
300.0 2.5 -5.0 7.5 -0.24129999999999985
300.0 -2.5 -2.5 7.5 6151.2092
300.0 0.0 -2.5 7.5 9999999949.5436
300.0 0.0 0.0 7.5 217270533.3531
300.0 0.0 2.5 7.5 10000000035.8148
300.0 5.0 -10.0 8.75 0.0649
300.0 2.5 -7.5 8.75 -0.3003
300.0 5.0 -7.5 8.75 0.2585
300.0 0.0 -5.0 8.75 7.680300000000001
300.0 2.5 -5.0 8.75 0.4064000000000003
300.0 5.0 -5.0 8.75 0.18989999999999996
300.0 -5.0 -2.5 8.75 160070.5234
300.0 -2.5 -2.5 8.75 1020.0583
300.0 0.0 -2.5 8.75 2909.3324000000002
300.0 2.5 -2.5 8.75 40.329499999999996
300.0 -5.0 0.0 8.75 9999999868.385302
300.0 0.0 0.0 8.75 6390851015.8491
300.0 0.0 2.5 8.75 4577088503.5464
300.0 0.0 5.0 8.75 10000000050.083
300.0 0.0 -10.0 10.0 -0.9833999999999999
300.0 2.5 -10.0 10.0 -0.595
300.0 5.0 -10.0 10.0 0.0288
300.0 7.5 -10.0 10.0 0.1652
300.0 10.0 -10.0 10.0 0.0598
300.0 2.5 -7.5 10.0 -0.2268
300.0 5.0 -7.5 10.0 0.2101
300.0 -5.0 -5.0 10.0 -0.7687999999999999
300.0 0.0 -5.0 10.0 -2.5981
300.0 2.5 -5.0 10.0 1.1599
300.0 5.0 -5.0 10.0 0.6797
300.0 -5.0 -2.5 10.0 432796.04949999996
300.0 -2.5 -2.5 10.0 51.075100000000006
300.0 0.0 -2.5 10.0 2.7979000000000003
300.0 2.5 -2.5 10.0 1.6005000000000003
300.0 -5.0 0.0 10.0 333894387.4683
300.0 -2.5 0.0 10.0 40522156.9588
300.0 0.0 0.0 10.0 5344588.6695
300.0 2.5 0.0 10.0 8.3731
300.0 0.0 2.5 10.0 10000000105.8936
300.0 0.0 5.0 10.0 6486847272.822
300.0 2.5 5.0 10.0 10000000019.0365
300.0 0.0 -10.0 11.25 -0.8438
300.0 2.5 -10.0 11.25 -0.47569999999999996
300.0 5.0 -10.0 11.25 0.11359999999999999
300.0 7.5 -10.0 11.25 0.08560000000000001
300.0 10.0 -10.0 11.25 0.0033
300.0 -2.5 -7.5 11.25 -1.8963999999999999
300.0 0.0 -7.5 11.25 -1.0851
300.0 2.5 -7.5 11.25 -0.217
300.0 5.0 -7.5 11.25 0.2697
300.0 7.5 -7.5 11.25 0.3823
300.0 -5.0 -5.0 11.25 -5.6495999999999995
300.0 -2.5 -5.0 11.25 -6.043699999999999
300.0 0.0 -5.0 11.25 -1.2313999999999998
300.0 2.5 -5.0 11.25 1.5557
300.0 5.0 -5.0 11.25 1.0783
300.0 -5.0 -2.5 11.25 845.1213
300.0 -2.5 -2.5 11.25 79.2674
300.0 0.0 -2.5 11.25 3.5216
300.0 2.5 -2.5 11.25 2.7260999999999997
300.0 -5.0 0.0 11.25 606122.0070999999
300.0 -2.5 0.0 11.25 5742930.2545
300.0 0.0 0.0 11.25 8423.3738
300.0 2.5 0.0 11.25 7.2123
300.0 -5.0 2.5 11.25 342239118.34679997
300.0 -2.5 2.5 11.25 9999999978.8747
300.0 0.0 2.5 11.25 24452.7751
300.0 2.5 2.5 11.25 269.6293
300.0 5.0 2.5 11.25 1.8767000000000005
300.0 0.0 5.0 11.25 9135488721.868101
300.0 2.5 5.0 11.25 55887633.05760001
300.0 5.0 5.0 11.25 1.5498000000000003
300.0 7.5 5.0 11.25 0.6313000000000002
300.0 -2.5 -10.0 12.5 -0.5119
300.0 0.0 -10.0 12.5 -0.6386000000000001
300.0 2.5 -10.0 12.5 -0.2427
300.0 5.0 -10.0 12.5 0.12110000000000001
300.0 7.5 -10.0 12.5 0.0492
300.0 10.0 -10.0 12.5 0.0
300.0 -2.5 -7.5 12.5 -1.7739
300.0 0.0 -7.5 12.5 -0.9002
300.0 2.5 -7.5 12.5 0.041800000000000004
300.0 5.0 -7.5 12.5 0.3527
300.0 7.5 -7.5 12.5 0.3335
300.0 -5.0 -5.0 12.5 -5.7538
300.0 -2.5 -5.0 12.5 -5.3588
300.0 0.0 -5.0 12.5 -1.2266
300.0 2.5 -5.0 12.5 1.0197
300.0 5.0 -5.0 12.5 1.3609
300.0 -5.0 -2.5 12.5 -18.2563
300.0 -2.5 -2.5 12.5 -9.0892
300.0 0.0 -2.5 12.5 2.5437
300.0 2.5 -2.5 12.5 3.4511000000000003
300.0 5.0 -2.5 12.5 1.0403
300.0 -5.0 0.0 12.5 165.9775
300.0 -2.5 0.0 12.5 1079.3362
300.0 0.0 0.0 12.5 125.26469999999999
300.0 2.5 0.0 12.5 7.1197
300.0 5.0 0.0 12.5 1.6609999999999998
300.0 7.5 0.0 12.5 -0.1961
300.0 -5.0 2.5 12.5 5646078372.1798
300.0 -2.5 2.5 12.5 12383.0229
300.0 0.0 2.5 12.5 236.1028
300.0 2.5 2.5 12.5 9.0674
300.0 5.0 2.5 12.5 3.7866
300.0 7.5 2.5 12.5 0.7897
300.0 -5.0 5.0 12.5 657122265.4092
300.0 -2.5 5.0 12.5 6710960167.6288
300.0 0.0 5.0 12.5 44587.0188
300.0 2.5 5.0 12.5 32.7672
300.0 5.0 5.0 12.5 4.271
300.0 7.5 5.0 12.5 1.5427000000000002
300.0 -2.5 -10.0 13.75 -0.3844
300.0 0.0 -10.0 13.75 -0.4526
300.0 2.5 -10.0 13.75 -0.049100000000000005
300.0 5.0 -10.0 13.75 0.0876
300.0 7.5 -10.0 13.75 0.0293
300.0 10.0 -10.0 13.75 0.0
300.0 -5.0 -7.5 13.75 -1.2208999999999999
300.0 -2.5 -7.5 13.75 -1.5112
300.0 0.0 -7.5 13.75 -0.8083
300.0 2.5 -7.5 13.75 0.2432
300.0 5.0 -7.5 13.75 0.6218
300.0 7.5 -7.5 13.75 0.1855
300.0 -5.0 -5.0 13.75 -5.2729
300.0 -2.5 -5.0 13.75 -4.6649
300.0 0.0 -5.0 13.75 -1.3852000000000002
300.0 2.5 -5.0 13.75 1.0912
300.0 5.0 -5.0 13.75 1.5122
300.0 -5.0 -2.5 13.75 -15.2438
300.0 -2.5 -2.5 13.75 -9.0666
300.0 0.0 -2.5 13.75 1.0898
300.0 2.5 -2.5 13.75 2.7982
300.0 5.0 -2.5 13.75 2.3579
300.0 7.5 -2.5 13.75 1.1765
300.0 -5.0 0.0 13.75 98.2678
300.0 -2.5 0.0 13.75 -9.729500000000002
300.0 0.0 0.0 13.75 10.328000000000001
300.0 2.5 0.0 13.75 5.6746
300.0 5.0 0.0 13.75 2.1133
300.0 7.5 0.0 13.75 0.6532
300.0 -5.0 2.5 13.75 268555335.3469
300.0 -2.5 2.5 13.75 44.1939
300.0 0.0 2.5 13.75 4.113100000000001
300.0 2.5 2.5 13.75 7.4549
300.0 5.0 2.5 13.75 3.6032
300.0 7.5 2.5 13.75 0.4964
300.0 10.0 2.5 13.75 0.48930000000000007
300.0 -5.0 5.0 13.75 35112131.3832
300.0 -2.5 5.0 13.75 704505.7747
300.0 0.0 5.0 13.75 114.68480000000001
300.0 2.5 5.0 13.75 7.215300000000001
300.0 5.0 5.0 13.75 5.0661
300.0 7.5 5.0 13.75 1.3304999999999998
300.0 10.0 5.0 13.75 0.9958
300.0 -2.5 -10.0 15.0 -0.3982
300.0 0.0 -10.0 15.0 -0.2739
300.0 2.5 -10.0 15.0 0.020900000000000002
300.0 5.0 -10.0 15.0 0.0673
300.0 7.5 -10.0 15.0 0.0013
300.0 10.0 -10.0 15.0 0.0
300.0 -5.0 -7.5 15.0 -0.8258
300.0 -2.5 -7.5 15.0 -1.3277999999999999
300.0 0.0 -7.5 15.0 -0.5773
300.0 2.5 -7.5 15.0 0.36069999999999997
300.0 5.0 -7.5 15.0 0.4979
300.0 7.5 -7.5 15.0 0.044199999999999996
300.0 10.0 -7.5 15.0 0.0
300.0 -5.0 -5.0 15.0 -3.7995
300.0 -2.5 -5.0 15.0 -3.5956
300.0 0.0 -5.0 15.0 -1.0755000000000001
300.0 2.5 -5.0 15.0 1.0742
300.0 5.0 -5.0 15.0 1.3444
300.0 7.5 -5.0 15.0 0.5424
300.0 -5.0 -2.5 15.0 -10.6848
300.0 -2.5 -2.5 15.0 -5.9619
300.0 0.0 -2.5 15.0 0.0404000000000001
300.0 2.5 -2.5 15.0 2.5465
300.0 5.0 -2.5 15.0 2.5244
300.0 7.5 -2.5 15.0 1.1249
300.0 10.0 -2.5 15.0 0.1415
300.0 -5.0 0.0 15.0 -19.8673
300.0 -2.5 0.0 15.0 -6.2193
300.0 0.0 0.0 15.0 3.9276
300.0 2.5 0.0 15.0 3.6864999999999997
300.0 5.0 0.0 15.0 2.4753
300.0 7.5 0.0 15.0 1.263
300.0 10.0 0.0 15.0 0.2767
300.0 -5.0 2.5 15.0 9782.0907
300.0 -2.5 2.5 15.0 -3.0751000000000004
300.0 0.0 2.5 15.0 5.0378
300.0 2.5 2.5 15.0 5.277100000000001
300.0 5.0 2.5 15.0 2.7361
300.0 7.5 2.5 15.0 0.9507
300.0 10.0 2.5 15.0 0.0722
300.0 -5.0 5.0 15.0 2454.5927
300.0 -2.5 5.0 15.0 132.0085
300.0 0.0 5.0 15.0 7.5623
300.0 2.5 5.0 15.0 7.0339
300.0 5.0 5.0 15.0 4.1136
300.0 7.5 5.0 15.0 1.2766
300.0 10.0 5.0 15.0 0.6554
300.0 -5.0 -10.0 16.25 -0.1282
300.0 -2.5 -10.0 16.25 -0.2926
300.0 0.0 -10.0 16.25 -0.0905
300.0 2.5 -10.0 16.25 0.0495
300.0 5.0 -10.0 16.25 0.0108
300.0 7.5 -10.0 16.25 0.0
300.0 10.0 -10.0 16.25 0.0
300.0 -5.0 -7.5 16.25 -0.8931
300.0 -2.5 -7.5 16.25 -1.1920000000000002
300.0 0.0 -7.5 16.25 -0.3466
300.0 2.5 -7.5 16.25 0.3674
300.0 5.0 -7.5 16.25 0.23099999999999998
300.0 7.5 -7.5 16.25 0.0228
300.0 10.0 -7.5 16.25 0.0
300.0 -5.0 -5.0 16.25 -2.6344
300.0 -2.5 -5.0 16.25 -2.4888
300.0 0.0 -5.0 16.25 -0.9663999999999999
300.0 2.5 -5.0 16.25 0.9318
300.0 5.0 -5.0 16.25 1.0912
300.0 7.5 -5.0 16.25 0.2078
300.0 10.0 -5.0 16.25 -0.0
300.0 -5.0 -2.5 16.25 -6.3832
300.0 -2.5 -2.5 16.25 -4.456600000000001
300.0 0.0 -2.5 16.25 -0.6206
300.0 2.5 -2.5 16.25 1.8734
300.0 5.0 -2.5 16.25 2.1774
300.0 7.5 -2.5 16.25 0.8328
300.0 10.0 -2.5 16.25 0.0325
300.0 -5.0 0.0 16.25 -12.943999999999999
300.0 -2.5 0.0 16.25 -3.8760000000000003
300.0 0.0 0.0 16.25 1.206
300.0 2.5 0.0 16.25 2.8622
300.0 5.0 0.0 16.25 2.961
300.0 7.5 0.0 16.25 1.2089
300.0 10.0 0.0 16.25 0.3604
300.0 -5.0 2.5 16.25 -6.381
300.0 -2.5 2.5 16.25 0.8902999999999999
300.0 0.0 2.5 16.25 4.5043
300.0 2.5 2.5 16.25 4.2302
300.0 5.0 2.5 16.25 2.9917
300.0 7.5 2.5 16.25 0.9759000000000001
300.0 10.0 2.5 16.25 0.668
300.0 -5.0 5.0 16.25 19.8384
300.0 -2.5 5.0 16.25 13.228299999999999
300.0 0.0 5.0 16.25 8.498899999999999
300.0 2.5 5.0 16.25 6.319599999999999
300.0 5.0 5.0 16.25 3.0804
300.0 7.5 5.0 16.25 0.9963
300.0 10.0 5.0 16.25 0.5883
