0.0 0.0 2.5 5.0 464024166.89220005
0.0 2.5 2.5 5.0 9999999988.055302
0.0 0.0 5.0 5.0 9999999932.6249
0.0 2.5 0.0 6.25 9999999839.7315
0.0 0.0 2.5 6.25 10000000064.118301
0.0 0.0 5.0 6.25 9999999961.6706
0.0 0.0 0.0 7.5 10000000055.349401
0.0 2.5 0.0 7.5 9999999795.3155
0.0 0.0 2.5 7.5 383244408.6914
0.0 0.0 5.0 7.5 10000000000.1755
0.0 0.0 -5.0 8.75 9999999963.7861
0.0 5.0 -5.0 8.75 9999999940.6805
0.0 -2.5 -2.5 8.75 9999999981.132
0.0 0.0 -2.5 8.75 9896009471.5628
0.0 -2.5 0.0 8.75 9999999979.0951
0.0 0.0 0.0 8.75 9999999857.480701
0.0 2.5 0.0 8.75 9999999888.038801
0.0 0.0 2.5 8.75 34909075.765200004
0.0 2.5 2.5 8.75 10000000210.3232
0.0 0.0 5.0 8.75 233060.50340000002
0.0 2.5 5.0 8.75 6712091.979499999
0.0 5.0 -7.5 10.0 9999999949.5629
0.0 7.5 -7.5 10.0 9999999956.3448
0.0 -2.5 -5.0 10.0 10000000268.252602
0.0 0.0 -5.0 10.0 9999999845.945702
0.0 2.5 -5.0 10.0 10000000047.138802
0.0 5.0 -5.0 10.0 9999999747.7935
0.0 7.5 -5.0 10.0 9999999865.532701
0.0 -2.5 -2.5 10.0 10000000059.139301
0.0 0.0 -2.5 10.0 5628114639.280999
0.0 2.5 -2.5 10.0 9999999891.5655
0.0 5.0 -2.5 10.0 9999999859.026001
0.0 -2.5 0.0 10.0 150077845.9277
0.0 0.0 0.0 10.0 270418492.8338
0.0 2.5 0.0 10.0 9999999987.159101
0.0 0.0 2.5 10.0 685333916.886
0.0 2.5 2.5 10.0 4067330280.0573
0.0 0.0 5.0 10.0 159727.03
0.0 2.5 5.0 10.0 1161694.0033
0.0 2.5 -10.0 11.25 9999999898.111
0.0 5.0 -10.0 11.25 9999999815.8904
0.0 10.0 -10.0 11.25 10000000204.011702
0.0 2.5 -7.5 11.25 10000000131.1942
0.0 5.0 -7.5 11.25 10000000011.6637
0.0 7.5 -7.5 11.25 9999999944.917702
0.0 0.0 -5.0 11.25 10000000392.8652
0.0 2.5 -5.0 11.25 9999999829.0706
0.0 5.0 -5.0 11.25 9999999823.505001
0.0 -5.0 -2.5 11.25 844627364.3597
0.0 -2.5 -2.5 11.25 2254212872.5889
0.0 0.0 -2.5 11.25 9999999918.8227
0.0 2.5 -2.5 11.25 10000000030.6245
0.0 5.0 -2.5 11.25 9999999967.089201
0.0 -5.0 0.0 11.25 12133890.494299999
0.0 -2.5 0.0 11.25 74958330.93900001
0.0 0.0 0.0 11.25 17156682.7655
0.0 2.5 0.0 11.25 9999999730.516
0.0 0.0 2.5 11.25 66670960.755600005
0.0 2.5 2.5 11.25 2846920868.3492002
0.0 0.0 5.0 11.25 62616357.322
0.0 2.5 5.0 11.25 775654982.1581
0.0 -2.5 -10.0 12.5 348933651.1559
0.0 2.5 -10.0 12.5 9999999898.2598
0.0 5.0 -10.0 12.5 55700687.1401
0.0 7.5 -10.0 12.5 2815263.4324
0.0 10.0 -10.0 12.5 555426.8011
0.0 -5.0 -7.5 12.5 10000000139.1182
0.0 0.0 -7.5 12.5 9999999988.9129
0.0 2.5 -7.5 12.5 10000000078.8139
0.0 5.0 -7.5 12.5 9999999848.5506
0.0 7.5 -7.5 12.5 9999999945.5881
0.0 10.0 -7.5 12.5 3339933928.3051996
0.0 -2.5 -5.0 12.5 555756249.1722
0.0 0.0 -5.0 12.5 9999999935.865301
0.0 2.5 -5.0 12.5 9999999921.2471
0.0 5.0 -5.0 12.5 10000000344.515701
0.0 -2.5 -2.5 12.5 10000000313.0337
0.0 0.0 -2.5 12.5 10000000010.430101
0.0 2.5 -2.5 12.5 9999999954.733301
0.0 5.0 -2.5 12.5 9999999888.916302
0.0 -5.0 0.0 12.5 317982.5135
0.0 -2.5 0.0 12.5 13807568.7748
0.0 0.0 0.0 12.5 494700201.5559
0.0 2.5 0.0 12.5 10927092.7114
0.0 5.0 0.0 12.5 10000000024.4144
0.0 -2.5 2.5 12.5 5029.0378
0.0 0.0 2.5 12.5 383120631.43399996
0.0 2.5 2.5 12.5 47627370.8895
0.0 7.5 2.5 12.5 535216343.2462
0.0 0.0 5.0 12.5 113152892.299
0.0 2.5 5.0 12.5 556852.6801
0.0 5.0 5.0 12.5 10000000001.5762
0.0 -2.5 -10.0 13.75 9999999997.657001
0.0 0.0 -10.0 13.75 9999999946.3766
0.0 2.5 -10.0 13.75 9999999951.655201
0.0 5.0 -10.0 13.75 2014464.1948
0.0 7.5 -10.0 13.75 89876620.4606
0.0 10.0 -10.0 13.75 3203275336.8717003
0.0 -5.0 -7.5 13.75 7718977186.577801
0.0 -2.5 -7.5 13.75 10000000123.245
0.0 0.0 -7.5 13.75 10000000024.4734
0.0 2.5 -7.5 13.75 9999999858.640701
0.0 5.0 -7.5 13.75 9999999947.977001
0.0 7.5 -7.5 13.75 9999999989.517302
0.0 10.0 -7.5 13.75 10000000006.502401
0.0 -2.5 -5.0 13.75 9609776393.6983
0.0 0.0 -5.0 13.75 6469993856.4845
0.0 2.5 -5.0 13.75 9999999940.9108
0.0 5.0 -5.0 13.75 9999999946.911402
0.0 7.5 -5.0 13.75 10000000070.2035
0.0 -5.0 -2.5 13.75 372978246.0318
0.0 -2.5 -2.5 13.75 10000000257.9871
0.0 0.0 -2.5 13.75 10000000065.1749
0.0 2.5 -2.5 13.75 9999999888.2418
0.0 5.0 -2.5 13.75 10000000093.1716
0.0 7.5 -2.5 13.75 9721671285.5215
0.0 -5.0 0.0 13.75 1131425263.3688002
0.0 -2.5 0.0 13.75 73465659.3717
0.0 0.0 0.0 13.75 10000000087.1828
0.0 2.5 0.0 13.75 10000000100.836102
0.0 5.0 0.0 13.75 10000000328.8223
0.0 7.5 0.0 13.75 10000000047.3952
0.0 10.0 0.0 13.75 3621106511.3052
0.0 -5.0 2.5 13.75 121.94200000000001
0.0 -2.5 2.5 13.75 29667.609
0.0 0.0 2.5 13.75 10000000159.8826
0.0 2.5 2.5 13.75 9999999986.595201
0.0 5.0 2.5 13.75 9999999714.9927
0.0 7.5 2.5 13.75 3803370.2865
0.0 -2.5 5.0 13.75 104757.6229
0.0 0.0 5.0 13.75 10000000278.343401
0.0 2.5 5.0 13.75 1986730.5625
0.0 5.0 5.0 13.75 29787883.429700002
0.0 7.5 5.0 13.75 308992.2851
0.0 10.0 5.0 13.75 69.8111
0.0 -5.0 -10.0 15.0 19499781.837399997
0.0 -2.5 -10.0 15.0 451213857.3168
0.0 0.0 -10.0 15.0 1811355519.7154
0.0 2.5 -10.0 15.0 127880316.70729999
0.0 5.0 -10.0 15.0 182053701.6521
0.0 7.5 -10.0 15.0 388183062.7185
0.0 10.0 -10.0 15.0 9969368.993700001
0.0 -5.0 -7.5 15.0 142088999.2029
0.0 -2.5 -7.5 15.0 2779949801.6395
0.0 0.0 -7.5 15.0 2481048227.0677
0.0 2.5 -7.5 15.0 9999999992.718401
0.0 5.0 -7.5 15.0 10000000023.8486
0.0 7.5 -7.5 15.0 3572787091.6052
0.0 10.0 -7.5 15.0 9999999988.2098
0.0 -5.0 -5.0 15.0 4536432491.104799
0.0 -2.5 -5.0 15.0 5927889025.881
0.0 0.0 -5.0 15.0 9999999946.498901
0.0 2.5 -5.0 15.0 10000000200.7598
0.0 5.0 -5.0 15.0 10000000018.2222
0.0 7.5 -5.0 15.0 1874288755.2026
0.0 10.0 -5.0 15.0 56433535.31519999
0.0 -5.0 -2.5 15.0 277803856.88530004
0.0 -2.5 -2.5 15.0 10000000291.976501
0.0 0.0 -2.5 15.0 9999999815.5484
0.0 2.5 -2.5 15.0 10000000000.2385
0.0 5.0 -2.5 15.0 10000000038.685501
0.0 7.5 -2.5 15.0 61320819.1699
0.0 10.0 -2.5 15.0 9833076815.7645
0.0 -5.0 0.0 15.0 74056877.0795
0.0 -2.5 0.0 15.0 2412117580.2874002
0.0 0.0 0.0 15.0 2109101332.1556
0.0 2.5 0.0 15.0 107270590.103
0.0 5.0 0.0 15.0 998440434.545
0.0 7.5 0.0 15.0 946048967.2206
0.0 10.0 0.0 15.0 10000000002.843
0.0 -5.0 2.5 15.0 7921.3423999999995
0.0 -2.5 2.5 15.0 3189.1283
0.0 0.0 2.5 15.0 5494727843.4453
0.0 2.5 2.5 15.0 2255795420.7033
0.0 5.0 2.5 15.0 10000000067.1952
0.0 7.5 2.5 15.0 9999999962.7803
0.0 10.0 2.5 15.0 8197150.993199999
0.0 -5.0 5.0 15.0 16.042099999999998
0.0 -2.5 5.0 15.0 19591.479600000002
0.0 0.0 5.0 15.0 9999999896.9398
0.0 2.5 5.0 15.0 104240132.1007
0.0 5.0 5.0 15.0 584011742.3409001
0.0 7.5 5.0 15.0 15462.8689
0.0 10.0 5.0 15.0 24.5328
0.0 -5.0 -10.0 16.25 55543.6108
0.0 -2.5 -10.0 16.25 9999999994.503302
0.0 0.0 -10.0 16.25 24420671.5176
0.0 2.5 -10.0 16.25 338355300.88119996
0.0 5.0 -10.0 16.25 261349840.1038
0.0 7.5 -10.0 16.25 1005276475.4344
0.0 10.0 -10.0 16.25 153996425.0743
0.0 -5.0 -7.5 16.25 1812198602.8049
0.0 -2.5 -7.5 16.25 10000000074.263401
0.0 0.0 -7.5 16.25 9999999928.879002
0.0 2.5 -7.5 16.25 10000000022.8759
0.0 5.0 -7.5 16.25 10000000102.9745
0.0 7.5 -7.5 16.25 10000000035.105001
0.0 10.0 -7.5 16.25 1733999.8988
0.0 -5.0 -5.0 16.25 10000000148.7968
0.0 -2.5 -5.0 16.25 10000000006.8728
0.0 0.0 -5.0 16.25 10000000079.5757
0.0 2.5 -5.0 16.25 10000000167.663101
0.0 5.0 -5.0 16.25 10000000097.515202
0.0 7.5 -5.0 16.25 9999999873.309801
0.0 10.0 -5.0 16.25 13238466.9667
0.0 -5.0 -2.5 16.25 4424707606.8952
0.0 -2.5 -2.5 16.25 2248465680.0096
0.0 0.0 -2.5 16.25 10000000247.4866
0.0 2.5 -2.5 16.25 9999999969.568401
0.0 5.0 -2.5 16.25 9999999975.064201
0.0 7.5 -2.5 16.25 440446304.36730003
0.0 10.0 -2.5 16.25 5895.527300000001
0.0 -5.0 0.0 16.25 158222.5407
0.0 -2.5 0.0 16.25 4486383.124399999
0.0 0.0 0.0 16.25 10000000025.760101
0.0 2.5 0.0 16.25 9999999929.5055
0.0 5.0 0.0 16.25 9999999975.7726
0.0 7.5 0.0 16.25 163305.0954
0.0 10.0 0.0 16.25 22162.070499999998
0.0 -5.0 2.5 16.25 216.4353
0.0 -2.5 2.5 16.25 204.847
0.0 0.0 2.5 16.25 604347.2859
0.0 2.5 2.5 16.25 175868.7549
0.0 5.0 2.5 16.25 1967251.6533000001
0.0 7.5 2.5 16.25 1264907362.6285
0.0 10.0 2.5 16.25 18150.864999999998
0.0 -5.0 5.0 16.25 14.875699999999998
0.0 -2.5 5.0 16.25 259.1642
0.0 0.0 5.0 16.25 126757.0003
0.0 2.5 5.0 16.25 229864.1072
0.0 5.0 5.0 16.25 2780485973.9481997
0.0 7.5 5.0 16.25 16717.2648
0.0 10.0 5.0 16.25 -1.2743000000000002
60.0 -5.0 -10.0 3.75 9999999662.263802
60.0 -2.5 -10.0 3.75 9999999583.6093
60.0 0.0 -10.0 3.75 10000000277.4164
60.0 2.5 -10.0 3.75 10000000706.048801
60.0 5.0 -10.0 3.75 10000000036.3906
60.0 7.5 -10.0 3.75 9999999902.833101
60.0 10.0 -10.0 3.75 9876404499.3207
60.0 -5.0 -7.5 3.75 9999999946.894201
60.0 -2.5 -7.5 3.75 10000000005.4214
60.0 0.0 -7.5 3.75 9999999879.4664
60.0 2.5 -7.5 3.75 9999999828.2084
60.0 5.0 -7.5 3.75 9999999905.211601
60.0 7.5 -7.5 3.75 9999999897.3526
60.0 10.0 -7.5 3.75 9999999917.3987
60.0 -5.0 -5.0 3.75 2948684579.7289996
60.0 -2.5 -5.0 3.75 9999999893.795801
60.0 0.0 -5.0 3.75 9999999951.423601
60.0 2.5 -5.0 3.75 9999999796.6972
60.0 5.0 -5.0 3.75 10000000078.7467
60.0 7.5 -5.0 3.75 9999999870.177
60.0 10.0 -5.0 3.75 10000000049.004301
60.0 -5.0 -2.5 3.75 9999999986.527802
60.0 -2.5 -2.5 3.75 9999999949.8784
60.0 0.0 -2.5 3.75 10000000233.765701
60.0 2.5 -2.5 3.75 9999999680.1082
60.0 5.0 -2.5 3.75 9999999764.283901
60.0 7.5 -2.5 3.75 9999999667.0286
60.0 10.0 -2.5 3.75 9999999818.5214
60.0 -5.0 0.0 3.75 593004048.0648999
60.0 -2.5 0.0 3.75 9999999974.0137
60.0 0.0 0.0 3.75 10000000182.8687
60.0 2.5 0.0 3.75 10000000107.4442
60.0 5.0 0.0 3.75 9999999917.5997
60.0 7.5 0.0 3.75 9999999944.443602
60.0 10.0 0.0 3.75 398674491.0786
60.0 -5.0 2.5 3.75 53099259.9934
60.0 -2.5 2.5 3.75 4685539327.221499
60.0 0.0 2.5 3.75 10000000068.240702
60.0 2.5 2.5 3.75 1860980832.6128
60.0 5.0 2.5 3.75 9999999611.0956
60.0 7.5 2.5 3.75 4665460695.1399
60.0 10.0 2.5 3.75 339198204.3887
60.0 -5.0 5.0 3.75 9999999975.7345
60.0 -2.5 5.0 3.75 174633960.35209998
60.0 0.0 5.0 3.75 10000000029.999102
60.0 2.5 5.0 3.75 9999999959.1338
60.0 5.0 5.0 3.75 9999999942.700901
60.0 7.5 5.0 3.75 93184125.2439
60.0 10.0 5.0 3.75 7547.8801
60.0 0.0 -2.5 6.25 9999999749.751701
60.0 0.0 2.5 6.25 10000000137.2381
60.0 5.0 -7.5 7.5 10000000103.520102
60.0 0.0 -5.0 7.5 10000000016.3194
60.0 0.0 -2.5 7.5 10000000188.4251
60.0 -2.5 0.0 7.5 10000000082.6952
60.0 0.0 0.0 7.5 9999999968.493502
60.0 -2.5 2.5 7.5 9701752601.314798
60.0 0.0 2.5 7.5 925215836.1056999
60.0 0.0 -7.5 8.75 391684083.1846
60.0 0.0 -5.0 8.75 9999999994.7915
60.0 2.5 -5.0 8.75 9999999999.3687
60.0 0.0 -2.5 8.75 9999999870.379301
60.0 -2.5 0.0 8.75 10000000264.7332
60.0 0.0 0.0 8.75 9999999866.627
60.0 -2.5 2.5 8.75 9999999994.8596
60.0 0.0 2.5 8.75 22738123.0986
60.0 2.5 2.5 8.75 10000000191.828901
60.0 -5.0 5.0 8.75 1639834.4579
60.0 -2.5 5.0 8.75 10000000047.313301
60.0 0.0 5.0 8.75 10000000019.998001
60.0 0.0 -10.0 10.0 10000000139.2856
60.0 0.0 -7.5 10.0 7589142857.135
60.0 2.5 -7.5 10.0 10000000084.124102
60.0 5.0 -7.5 10.0 10000000066.3616
60.0 0.0 -5.0 10.0 10000000096.8561
60.0 2.5 -5.0 10.0 9999999931.8747
60.0 0.0 -2.5 10.0 10000000196.0062
60.0 -2.5 0.0 10.0 5775451147.011
60.0 0.0 0.0 10.0 146911466.09170002
60.0 -5.0 2.5 10.0 276443.4716
60.0 -2.5 2.5 10.0 376523662.4571
60.0 0.0 2.5 10.0 469240172.371
60.0 2.5 2.5 10.0 9999999826.744001
60.0 -2.5 5.0 10.0 661681.8502
60.0 0.0 5.0 10.0 74420.3143
60.0 2.5 5.0 10.0 6305541646.3247
60.0 0.0 -10.0 11.25 10000000014.006
60.0 7.5 -10.0 11.25 2262620432.3821
60.0 10.0 -10.0 11.25 10000000015.0995
60.0 -2.5 -7.5 11.25 10000000134.171202
60.0 0.0 -7.5 11.25 10000000056.8041
60.0 2.5 -7.5 11.25 10000000435.5869
60.0 5.0 -7.5 11.25 10000000075.787802
60.0 7.5 -7.5 11.25 10000000036.909
60.0 10.0 -7.5 11.25 1572316.3173
60.0 0.0 -5.0 11.25 10000000194.7929
60.0 2.5 -5.0 11.25 10000000737.7507
60.0 0.0 -2.5 11.25 431961229.168
60.0 -2.5 0.0 11.25 8015854.7633
60.0 0.0 0.0 11.25 9999999948.048801
60.0 2.5 0.0 11.25 9999999644.994701
60.0 -5.0 2.5 11.25 346554.37519999995
60.0 -2.5 2.5 11.25 15563655.2469
60.0 0.0 2.5 11.25 3283143634.4964
60.0 2.5 2.5 11.25 10000000146.673
60.0 -5.0 5.0 11.25 74.2125
60.0 -2.5 5.0 11.25 245.3612
60.0 0.0 5.0 11.25 6055.5146
60.0 2.5 5.0 11.25 391690035.1703
60.0 5.0 5.0 11.25 330334398.2743
60.0 0.0 -10.0 12.5 10000000395.396301
60.0 2.5 -10.0 12.5 10000000121.5268
60.0 5.0 -10.0 12.5 10000000131.018501
60.0 7.5 -10.0 12.5 3683491.287
60.0 10.0 -10.0 12.5 9999999967.625
60.0 -2.5 -7.5 12.5 10000000048.0387
60.0 0.0 -7.5 12.5 10000000278.8924
60.0 2.5 -7.5 12.5 10000000137.6536
60.0 5.0 -7.5 12.5 10000000030.978102
60.0 7.5 -7.5 12.5 10000000016.833601
60.0 10.0 -7.5 12.5 9999999992.1734
60.0 -5.0 -5.0 12.5 9999999970.4144
60.0 -2.5 -5.0 12.5 9999999802.057402
60.0 0.0 -5.0 12.5 10000000113.2796
60.0 2.5 -5.0 12.5 1678290884.4789999
60.0 -2.5 -2.5 12.5 84866486.1798
60.0 0.0 -2.5 12.5 10000000072.1982
60.0 5.0 -2.5 12.5 10000000188.913801
60.0 -5.0 0.0 12.5 758743909.6977
60.0 -2.5 0.0 12.5 2541793621.6636
60.0 0.0 0.0 12.5 9999999719.808601
60.0 2.5 0.0 12.5 10000000232.3672
60.0 -5.0 2.5 12.5 3094.8335
60.0 -2.5 2.5 12.5 14578.7386
60.0 0.0 2.5 12.5 2571369480.299
60.0 2.5 2.5 12.5 4834411015.275901
60.0 -5.0 5.0 12.5 5.818999999999999
60.0 -2.5 5.0 12.5 371.3252
60.0 0.0 5.0 12.5 10349.963
60.0 2.5 5.0 12.5 243262.9408
60.0 5.0 5.0 12.5 10000000166.007801
60.0 -2.5 -10.0 13.75 10000000064.976301
60.0 0.0 -10.0 13.75 10000000060.737902
60.0 2.5 -10.0 13.75 10000000126.3766
60.0 5.0 -10.0 13.75 10000000093.235802
60.0 7.5 -10.0 13.75 257655.3531
60.0 10.0 -10.0 13.75 960980.2078
60.0 -2.5 -7.5 13.75 10000000185.6322
60.0 0.0 -7.5 13.75 10000000006.2306
60.0 2.5 -7.5 13.75 10000000128.5659
60.0 5.0 -7.5 13.75 10000000159.290401
60.0 7.5 -7.5 13.75 10000000038.8535
60.0 10.0 -7.5 13.75 378741534.24549997
60.0 -5.0 -5.0 13.75 10000000254.4953
60.0 -2.5 -5.0 13.75 10000000101.1681
60.0 0.0 -5.0 13.75 10000000301.4347
60.0 2.5 -5.0 13.75 2885113924.6247
60.0 5.0 -5.0 13.75 10000000033.387701
60.0 7.5 -5.0 13.75 4252112279.4879
60.0 10.0 -5.0 13.75 10000000285.461401
60.0 -5.0 -2.5 13.75 9999999980.3952
60.0 -2.5 -2.5 13.75 6968138796.917
60.0 0.0 -2.5 13.75 9999999997.8682
60.0 2.5 -2.5 13.75 10000000036.468801
60.0 5.0 -2.5 13.75 10000000041.913
60.0 7.5 -2.5 13.75 9999999988.0252
60.0 -5.0 0.0 13.75 1217600567.6213
60.0 -2.5 0.0 13.75 9999999922.620602
60.0 0.0 0.0 13.75 10000000067.590601
60.0 2.5 0.0 13.75 9999999904.905
60.0 5.0 0.0 13.75 2398542017.432
60.0 -5.0 2.5 13.75 44.7524
60.0 -2.5 2.5 13.75 27503.4404
60.0 0.0 2.5 13.75 24342398.4185
60.0 2.5 2.5 13.75 262700999.0675
60.0 -5.0 5.0 13.75 8.2059
60.0 -2.5 5.0 13.75 2717961.4964
60.0 0.0 5.0 13.75 785201.771
60.0 2.5 5.0 13.75 431329.9265
60.0 5.0 5.0 13.75 28800028.3554
60.0 -5.0 -10.0 15.0 297058559.796
60.0 -2.5 -10.0 15.0 3324451865.3502
60.0 0.0 -10.0 15.0 1386787413.3251
60.0 2.5 -10.0 15.0 2811033523.3219
60.0 5.0 -10.0 15.0 29532.749099999997
60.0 7.5 -10.0 15.0 9599432.3228
60.0 10.0 -10.0 15.0 10000000006.1016
60.0 -5.0 -7.5 15.0 306214782.6386
60.0 -2.5 -7.5 15.0 9524620887.724
60.0 0.0 -7.5 15.0 10000000081.239601
60.0 2.5 -7.5 15.0 100542363.1631
60.0 5.0 -7.5 15.0 10000000082.918402
60.0 7.5 -7.5 15.0 55922142.3414
60.0 10.0 -7.5 15.0 47104470.1367
60.0 -5.0 -5.0 15.0 9999999912.4353
60.0 -2.5 -5.0 15.0 10000000284.3983
60.0 0.0 -5.0 15.0 9999999687.0933
60.0 2.5 -5.0 15.0 4953876971.810801
60.0 5.0 -5.0 15.0 6775279626.9705
60.0 7.5 -5.0 15.0 2554713346.8064003
60.0 10.0 -5.0 15.0 2023392585.5885
60.0 -5.0 -2.5 15.0 1013291651.4504
60.0 -2.5 -2.5 15.0 9383465915.8226
60.0 0.0 -2.5 15.0 10000000040.2201
60.0 2.5 -2.5 15.0 10000000049.558102
60.0 5.0 -2.5 15.0 960291788.3254
60.0 7.5 -2.5 15.0 4518618457.0217
60.0 10.0 -2.5 15.0 124770978.3923
60.0 -5.0 0.0 15.0 131752013.9253
60.0 -2.5 0.0 15.0 119687071.9438
60.0 0.0 0.0 15.0 1471472793.1732001
60.0 2.5 0.0 15.0 10000000009.467402
60.0 5.0 0.0 15.0 10000000067.6825
60.0 7.5 0.0 15.0 9999999941.7798
60.0 10.0 0.0 15.0 20059.830599999998
60.0 -5.0 2.5 15.0 -4.8514
60.0 -2.5 2.5 15.0 9999999946.7607
60.0 0.0 2.5 15.0 210221482.92259997
60.0 2.5 2.5 15.0 10000000220.7185
60.0 5.0 2.5 15.0 7826780.0025
60.0 7.5 2.5 15.0 250100895.0184
60.0 10.0 2.5 15.0 496.1733
60.0 -5.0 5.0 15.0 4.789
60.0 -2.5 5.0 15.0 51673.5698
60.0 0.0 5.0 15.0 233086634.5763
60.0 2.5 5.0 15.0 10801008.954
60.0 5.0 5.0 15.0 35784022.7231
60.0 -5.0 -10.0 16.25 289318507.7251
60.0 -2.5 -10.0 16.25 90066754.3045
60.0 0.0 -10.0 16.25 13618498.5188
60.0 2.5 -10.0 16.25 8941094.0857
60.0 5.0 -10.0 16.25 23522.3404
60.0 7.5 -10.0 16.25 257676924.47950003
60.0 10.0 -10.0 16.25 393977255.8981
60.0 -5.0 -7.5 16.25 10000000079.5028
60.0 -2.5 -7.5 16.25 547855147.9409
60.0 0.0 -7.5 16.25 10000000151.995401
60.0 2.5 -7.5 16.25 3945150228.4884
60.0 5.0 -7.5 16.25 9999999967.475601
60.0 7.5 -7.5 16.25 10000000024.579802
60.0 10.0 -7.5 16.25 4043964.0031000003
60.0 -5.0 -5.0 16.25 1175892588.6407
60.0 -2.5 -5.0 16.25 5379215931.4544
60.0 0.0 -5.0 16.25 10000000095.488401
60.0 2.5 -5.0 16.25 9999999940.383701
60.0 5.0 -5.0 16.25 10000000025.9622
60.0 7.5 -5.0 16.25 158449265.3993
60.0 10.0 -5.0 16.25 13212245.3938
60.0 -5.0 -2.5 16.25 1593232.9305
60.0 -2.5 -2.5 16.25 9999999888.4789
60.0 0.0 -2.5 16.25 9999999994.4836
60.0 2.5 -2.5 16.25 10000000039.2742
60.0 5.0 -2.5 16.25 2745322394.3224
60.0 7.5 -2.5 16.25 6811526666.197801
60.0 10.0 -2.5 16.25 32201340.217100002
60.0 -5.0 0.0 16.25 2612920.1997
60.0 -2.5 0.0 16.25 2021572.7767
60.0 0.0 0.0 16.25 60349246.8509
60.0 2.5 0.0 16.25 1585990057.3007
60.0 5.0 0.0 16.25 9999999879.1907
60.0 7.5 0.0 16.25 74247667.3907
60.0 10.0 0.0 16.25 12149.413
60.0 -5.0 2.5 16.25 -10.8992
60.0 -2.5 2.5 16.25 31356.0364
60.0 0.0 2.5 16.25 156139.79049999997
60.0 2.5 2.5 16.25 477874.5185
60.0 5.0 2.5 16.25 624946.3319
60.0 7.5 2.5 16.25 20514.3148
60.0 10.0 2.5 16.25 -3.584100000000001
60.0 -5.0 5.0 16.25 -1.6437000000000002
60.0 -2.5 5.0 16.25 18835.6652
60.0 0.0 5.0 16.25 9999999459.2492
60.0 2.5 5.0 16.25 2761875016.9523
60.0 5.0 5.0 16.25 8927.593499999999
60.0 7.5 5.0 16.25 34174.6019
60.0 10.0 5.0 16.25 -6.189
120.0 -5.0 -10.0 3.75 5308424839.029201
120.0 -2.5 -10.0 3.75 3586407217.6660004
120.0 0.0 -10.0 3.75 10000000132.230001
120.0 2.5 -10.0 3.75 10000000062.881802
120.0 5.0 -10.0 3.75 10000000006.575602
120.0 7.5 -10.0 3.75 95936592.4647
120.0 10.0 -10.0 3.75 9361097072.6699
120.0 -5.0 -7.5 3.75 9999999910.421902
120.0 -2.5 -7.5 3.75 9999999762.4267
120.0 0.0 -7.5 3.75 9999999686.1543
120.0 2.5 -7.5 3.75 10000000133.7068
120.0 5.0 -7.5 3.75 10000000144.420301
120.0 7.5 -7.5 3.75 10000000331.234701
120.0 10.0 -7.5 3.75 9664778986.8379
120.0 -5.0 -5.0 3.75 9999999926.8575
120.0 -2.5 -5.0 3.75 9999999997.181702
120.0 0.0 -5.0 3.75 10000000188.392601
120.0 2.5 -5.0 3.75 10000000278.9662
120.0 5.0 -5.0 3.75 10000000008.4041
120.0 7.5 -5.0 3.75 10000000524.1952
120.0 10.0 -5.0 3.75 1674422887.564
120.0 -5.0 -2.5 3.75 9999999926.581501
120.0 -2.5 -2.5 3.75 10000000019.5356
120.0 0.0 -2.5 3.75 6441091533.9303
120.0 2.5 -2.5 3.75 10000000000.8896
120.0 5.0 -2.5 3.75 4082068861.0049
120.0 7.5 -2.5 3.75 10000000051.382101
120.0 10.0 -2.5 3.75 7441706.1727
120.0 -5.0 0.0 3.75 10000000149.783201
120.0 -2.5 0.0 3.75 9999999863.352201
120.0 0.0 0.0 3.75 9999999598.304401
120.0 2.5 0.0 3.75 9999999881.1271
120.0 5.0 0.0 3.75 10000000152.065601
120.0 7.5 0.0 3.75 2527077441.8007
120.0 10.0 0.0 3.75 9999999867.531502
120.0 -5.0 2.5 3.75 10000000125.266602
120.0 -2.5 2.5 3.75 10000000130.1387
120.0 0.0 2.5 3.75 9999999904.2998
120.0 2.5 2.5 3.75 3085366853.1893
120.0 5.0 2.5 3.75 4147809318.7783
120.0 7.5 2.5 3.75 359451264.28459996
120.0 10.0 2.5 3.75 7848191879.254801
120.0 -5.0 5.0 3.75 10000000057.5457
120.0 -2.5 5.0 3.75 1050189902.3501
120.0 0.0 5.0 3.75 10000000064.5013
120.0 2.5 5.0 3.75 10000000042.576601
120.0 5.0 5.0 3.75 162672119.9974
120.0 7.5 5.0 3.75 25348947.223
120.0 10.0 5.0 3.75 7192003.6356
120.0 -2.5 0.0 5.0 9999999516.137901
120.0 -2.5 2.5 5.0 7365766798.4517
120.0 0.0 -2.5 6.25 9999999798.5349
120.0 -2.5 0.0 6.25 10000000109.777102
120.0 -2.5 2.5 6.25 2238068520.2025003
120.0 -2.5 5.0 6.25 1058576784.4742
120.0 0.0 -7.5 7.5 10000000010.658602
120.0 -2.5 -5.0 7.5 5899004600.9009
120.0 0.0 -5.0 7.5 10000000041.462
120.0 -2.5 -2.5 7.5 9999999767.3616
120.0 0.0 -2.5 7.5 10000000093.860601
120.0 -2.5 0.0 7.5 9999999759.9904
120.0 -2.5 2.5 7.5 10000000175.1081
120.0 0.0 2.5 7.5 10000000277.8512
120.0 -2.5 5.0 7.5 10000000081.042501
120.0 0.0 -7.5 8.75 9999999967.2012
120.0 -2.5 -5.0 8.75 9999999925.6116
120.0 0.0 -5.0 8.75 10000000038.231901
120.0 2.5 -5.0 8.75 10000000144.701302
120.0 -2.5 -2.5 8.75 9999999813.628601
120.0 0.0 -2.5 8.75 9999999892.1394
120.0 -2.5 0.0 8.75 10000000186.897501
120.0 0.0 0.0 8.75 9999999929.798
120.0 -2.5 2.5 8.75 746841424.2749001
120.0 0.0 2.5 8.75 5147692797.4914
120.0 -5.0 5.0 8.75 893220111.0558
120.0 -2.5 5.0 8.75 107428950.1178
120.0 0.0 -7.5 10.0 10000000016.326801
120.0 2.5 -7.5 10.0 10000000046.2171
120.0 -2.5 -5.0 10.0 10000000219.613602
120.0 0.0 -5.0 10.0 10000000277.9323
120.0 2.5 -5.0 10.0 2348458108.1966
120.0 -2.5 -2.5 10.0 10000000158.8019
120.0 0.0 -2.5 10.0 9999999850.2404
120.0 -2.5 0.0 10.0 9999999715.949902
120.0 0.0 0.0 10.0 9999999920.834002
120.0 -2.5 2.5 10.0 10000000135.2963
120.0 0.0 2.5 10.0 1069711268.2729
120.0 2.5 2.5 10.0 719757106.0793
120.0 -5.0 5.0 10.0 1249.2324999999998
120.0 -2.5 5.0 10.0 10000000460.6438
120.0 0.0 5.0 10.0 783156756.0818
120.0 0.0 -10.0 11.25 2201939318.6894
120.0 2.5 -10.0 11.25 10000000003.470901
120.0 5.0 -10.0 11.25 10000000085.8752
120.0 7.5 -10.0 11.25 4646612229.4936
120.0 0.0 -7.5 11.25 2201523101.6651
120.0 2.5 -7.5 11.25 9466059389.4625
120.0 5.0 -7.5 11.25 6018942981.0362
120.0 -2.5 -5.0 11.25 1904883229.1178
120.0 0.0 -5.0 11.25 10000000160.3139
120.0 2.5 -5.0 11.25 9999999985.772202
120.0 -5.0 -2.5 11.25 10000000020.2929
120.0 -2.5 -2.5 11.25 692404178.4575
120.0 0.0 -2.5 11.25 10000000162.6473
120.0 -5.0 0.0 11.25 4228198648.5757
120.0 -2.5 0.0 11.25 319009326.0558
120.0 0.0 0.0 11.25 83325120.4001
120.0 2.5 0.0 11.25 9999999916.170801
120.0 5.0 0.0 11.25 9999999854.642101
120.0 -5.0 2.5 11.25 16575.0973
120.0 -2.5 2.5 11.25 9999999989.0867
120.0 0.0 2.5 11.25 613981301.6875
120.0 2.5 2.5 11.25 7640870142.455899
120.0 -5.0 5.0 11.25 464.99150000000003
120.0 -2.5 5.0 11.25 1077713.8565
120.0 0.0 5.0 11.25 6064409615.6166
120.0 2.5 5.0 11.25 10000000011.596401
120.0 -5.0 -10.0 12.5 444410538.6923
120.0 0.0 -10.0 12.5 9999999922.7703
120.0 2.5 -10.0 12.5 157221443.3894
120.0 5.0 -10.0 12.5 9999999917.620901
120.0 7.5 -10.0 12.5 10000000029.1529
120.0 10.0 -10.0 12.5 2279610484.3022003
120.0 -2.5 -7.5 12.5 10000000104.1769
120.0 0.0 -7.5 12.5 10000000087.399101
120.0 2.5 -7.5 12.5 9999999896.119202
120.0 5.0 -7.5 12.5 10000000185.823502
120.0 -2.5 -5.0 12.5 9999999960.7234
120.0 0.0 -5.0 12.5 9999999924.2425
120.0 2.5 -5.0 12.5 10000000074.463701
120.0 -5.0 -2.5 12.5 9999999897.4057
120.0 -2.5 -2.5 12.5 10000000230.484701
120.0 0.0 -2.5 12.5 9999999922.269402
120.0 -5.0 0.0 12.5 10000000459.087502
120.0 -2.5 0.0 12.5 1722155293.1944
120.0 0.0 0.0 12.5 9999999895.787102
120.0 2.5 0.0 12.5 2262343331.3055
120.0 5.0 0.0 12.5 8163752750.9386
120.0 -5.0 2.5 12.5 29323.9086
120.0 -2.5 2.5 12.5 121572.1593
120.0 0.0 2.5 12.5 3228237.809
120.0 2.5 2.5 12.5 988874484.4160999
120.0 5.0 2.5 12.5 971599524.2966
120.0 -5.0 5.0 12.5 188.2212
120.0 -2.5 5.0 12.5 4698.4118
120.0 0.0 5.0 12.5 2878177106.5041003
120.0 2.5 5.0 12.5 10000000088.549301
120.0 5.0 5.0 12.5 12737554.1811
120.0 7.5 5.0 12.5 443.0935
120.0 -5.0 -10.0 13.75 9999999969.7665
120.0 -2.5 -10.0 13.75 9999999960.742601
120.0 0.0 -10.0 13.75 1308560924.7687001
120.0 2.5 -10.0 13.75 10000000070.8236
120.0 5.0 -10.0 13.75 1296460215.0523
120.0 7.5 -10.0 13.75 2543959541.2632
120.0 10.0 -10.0 13.75 348231325.63
120.0 -2.5 -7.5 13.75 9999999969.569801
120.0 0.0 -7.5 13.75 1700147084.0297
120.0 2.5 -7.5 13.75 9999999980.893702
120.0 5.0 -7.5 13.75 10000000043.8668
120.0 7.5 -7.5 13.75 10000000068.3052
120.0 10.0 -7.5 13.75 69667.59120000001
120.0 -5.0 -5.0 13.75 10000000007.902802
120.0 -2.5 -5.0 13.75 10000000018.3342
120.0 0.0 -5.0 13.75 10000000007.9948
120.0 2.5 -5.0 13.75 9999999640.7127
120.0 -5.0 -2.5 13.75 1949748364.8246
120.0 -2.5 -2.5 13.75 10000000003.891901
120.0 0.0 -2.5 13.75 10000000148.462101
120.0 2.5 -2.5 13.75 10000000162.914501
120.0 -5.0 0.0 13.75 5506341326.699
120.0 -2.5 0.0 13.75 9999999948.673302
120.0 0.0 0.0 13.75 10000000300.4752
120.0 2.5 0.0 13.75 9999999953.1242
120.0 -5.0 2.5 13.75 11841.2461
120.0 -2.5 2.5 13.75 2075.6653
120.0 0.0 2.5 13.75 38001975.297
120.0 2.5 2.5 13.75 10000000187.3222
120.0 5.0 2.5 13.75 9999999963.2782
120.0 7.5 2.5 13.75 1479180441.6448
120.0 -5.0 5.0 13.75 61.7045
120.0 -2.5 5.0 13.75 512112.4874
120.0 0.0 5.0 13.75 57010309.4272
120.0 2.5 5.0 13.75 52614184.8175
120.0 5.0 5.0 13.75 738388.0927
120.0 7.5 5.0 13.75 99.7128
120.0 -5.0 -10.0 15.0 9999999991.7647
120.0 -2.5 -10.0 15.0 1727194563.0732
120.0 0.0 -10.0 15.0 7825288895.714
120.0 2.5 -10.0 15.0 2503139241.8496
120.0 5.0 -10.0 15.0 1507195585.3249
120.0 7.5 -10.0 15.0 537542.7490000001
120.0 10.0 -10.0 15.0 24269.9328
120.0 -5.0 -7.5 15.0 10000000180.725801
120.0 -2.5 -7.5 15.0 620421985.6965001
120.0 0.0 -7.5 15.0 4312922896.603
120.0 2.5 -7.5 15.0 10000000014.763
120.0 5.0 -7.5 15.0 853345213.3009
120.0 7.5 -7.5 15.0 10000000159.894402
120.0 10.0 -7.5 15.0 239539.89849999998
120.0 -5.0 -5.0 15.0 1898092140.4614
120.0 -2.5 -5.0 15.0 10000000019.2936
120.0 0.0 -5.0 15.0 10000000020.1868
120.0 2.5 -5.0 15.0 7055313484.636499
120.0 5.0 -5.0 15.0 10000000173.5641
120.0 7.5 -5.0 15.0 10000000140.6557
120.0 10.0 -5.0 15.0 3077.0581
120.0 -5.0 -2.5 15.0 484874064.26390004
120.0 -2.5 -2.5 15.0 10000000106.335402
120.0 0.0 -2.5 15.0 5331842778.896
120.0 2.5 -2.5 15.0 10000000091.497301
120.0 5.0 -2.5 15.0 129542807.4773
120.0 7.5 -2.5 15.0 19730933.529
120.0 10.0 -2.5 15.0 114.43289999999999
120.0 -5.0 0.0 15.0 17559360.2935
120.0 -2.5 0.0 15.0 9999999785.989801
120.0 0.0 0.0 15.0 9999999881.048
120.0 2.5 0.0 15.0 9999999992.5212
120.0 5.0 0.0 15.0 35108189.0145
120.0 10.0 0.0 15.0 205.3388
120.0 -5.0 2.5 15.0 11857845.0275
120.0 -2.5 2.5 15.0 7383.337100000001
120.0 0.0 2.5 15.0 9258248.9518
120.0 2.5 2.5 15.0 1411026732.831
120.0 5.0 2.5 15.0 19951315.596699998
120.0 7.5 2.5 15.0 254641286.3237
120.0 10.0 2.5 15.0 -13.5247
120.0 -5.0 5.0 15.0 30.258100000000002
120.0 -2.5 5.0 15.0 1728.1915000000001
120.0 0.0 5.0 15.0 2278542.6377
120.0 2.5 5.0 15.0 10000000249.411201
120.0 5.0 5.0 15.0 15336.1411
120.0 7.5 5.0 15.0 94.67590000000001
120.0 10.0 5.0 15.0 -29.8969
120.0 -5.0 -10.0 16.25 2025540612.0179
120.0 -2.5 -10.0 16.25 2227603924.6065
120.0 0.0 -10.0 16.25 9999999791.9195
120.0 2.5 -10.0 16.25 308977020.97220004
120.0 5.0 -10.0 16.25 23668758.641999997
120.0 7.5 -10.0 16.25 1926289.6964
120.0 10.0 -10.0 16.25 268.0114
120.0 -5.0 -7.5 16.25 1856259365.5374
120.0 -2.5 -7.5 16.25 9999999941.6931
120.0 0.0 -7.5 16.25 1607577976.6615
120.0 2.5 -7.5 16.25 10000000125.6152
120.0 5.0 -7.5 16.25 10000000023.3864
120.0 7.5 -7.5 16.25 10000000074.841301
120.0 10.0 -7.5 16.25 4094.0169
120.0 -5.0 -5.0 16.25 9999999815.5965
120.0 -2.5 -5.0 16.25 10000000003.3279
120.0 0.0 -5.0 16.25 10000000109.454802
120.0 2.5 -5.0 16.25 5652733904.2536
120.0 5.0 -5.0 16.25 10000000052.164701
120.0 7.5 -5.0 16.25 2059736700.1189
120.0 10.0 -5.0 16.25 875.5155
120.0 -5.0 -2.5 16.25 740700113.1271001
120.0 -2.5 -2.5 16.25 76050277.996
120.0 0.0 -2.5 16.25 10000000021.146
120.0 2.5 -2.5 16.25 10000000001.663801
120.0 5.0 -2.5 16.25 656728268.6897
120.0 7.5 -2.5 16.25 274839.0745
120.0 10.0 -2.5 16.25 63.12
120.0 -5.0 0.0 16.25 31524.318199999998
120.0 -2.5 0.0 16.25 10000000312.0585
120.0 0.0 0.0 16.25 639819689.9972
120.0 2.5 0.0 16.25 174523635.5662
120.0 5.0 0.0 16.25 156161226.9065
120.0 7.5 0.0 16.25 4574872728.1455
120.0 10.0 0.0 16.25 27.0841
120.0 -5.0 2.5 16.25 72900.042
120.0 -2.5 2.5 16.25 1672.753
120.0 0.0 2.5 16.25 1581064879.5447001
120.0 2.5 2.5 16.25 4624905.453
120.0 5.0 2.5 16.25 1422010031.4142
120.0 7.5 2.5 16.25 1014582.811
120.0 10.0 2.5 16.25 -7.4404
120.0 -5.0 5.0 16.25 8.5677
120.0 -2.5 5.0 16.25 -7.141300000000001
120.0 0.0 5.0 16.25 11900.036699999999
120.0 2.5 5.0 16.25 274213.1489
120.0 5.0 5.0 16.25 512688.39639999997
120.0 7.5 5.0 16.25 116.90140000000001
120.0 10.0 5.0 16.25 -18.6998
180.0 -5.0 -10.0 3.75 6864842551.4526005
180.0 -2.5 -10.0 3.75 9999999684.5538
180.0 0.0 -10.0 3.75 10000000252.240301
180.0 2.5 -10.0 3.75 9999999959.9298
180.0 5.0 -10.0 3.75 9999999908.670502
180.0 7.5 -10.0 3.75 23384208.273199998
180.0 10.0 -10.0 3.75 9999999951.7047
180.0 -5.0 -7.5 3.75 10000000156.7303
180.0 -2.5 -7.5 3.75 10000000482.5625
180.0 0.0 -7.5 3.75 10000000119.6483
180.0 2.5 -7.5 3.75 10000000032.6537
180.0 5.0 -7.5 3.75 9999999790.260101
180.0 7.5 -7.5 3.75 10000000096.0076
180.0 10.0 -7.5 3.75 50451629.162099995
180.0 -5.0 -5.0 3.75 10000000077.073101
180.0 -2.5 -5.0 3.75 9999999942.623201
180.0 0.0 -5.0 3.75 10000000076.5372
180.0 2.5 -5.0 3.75 10000000165.5916
180.0 5.0 -5.0 3.75 9962354620.1833
180.0 7.5 -5.0 3.75 9999999886.6629
180.0 10.0 -5.0 3.75 215316701.45749998
180.0 -5.0 -2.5 3.75 9999999979.339602
180.0 -2.5 -2.5 3.75 2682186293.6921997
180.0 0.0 -2.5 3.75 10000000016.5077
180.0 2.5 -2.5 3.75 10000000023.487501
180.0 5.0 -2.5 3.75 10000000184.676802
180.0 7.5 -2.5 3.75 9999999999.950602
180.0 10.0 -2.5 3.75 10000000048.8469
180.0 -5.0 0.0 3.75 1138247744.8996
180.0 -2.5 0.0 3.75 10000000310.4967
180.0 0.0 0.0 3.75 9999999963.300201
180.0 2.5 0.0 3.75 9999999969.0002
180.0 5.0 0.0 3.75 10000000018.9312
180.0 7.5 0.0 3.75 10000000171.2854
180.0 10.0 0.0 3.75 10000000220.083101
180.0 -5.0 2.5 3.75 361436568.95890003
180.0 -2.5 2.5 3.75 9999999937.413502
180.0 0.0 2.5 3.75 9999999778.1961
180.0 2.5 2.5 3.75 2798947950.5786004
180.0 5.0 2.5 3.75 9999999969.391901
180.0 7.5 2.5 3.75 10000000040.8414
180.0 10.0 2.5 3.75 9999999970.5016
180.0 -5.0 5.0 3.75 9999999992.4972
180.0 -2.5 5.0 3.75 1308908834.7401001
180.0 0.0 5.0 3.75 9999999802.6371
180.0 2.5 5.0 3.75 1073593917.9425
180.0 5.0 5.0 3.75 331914210.5014
180.0 7.5 5.0 3.75 10000000046.6303
180.0 10.0 5.0 3.75 141093.4675
180.0 -2.5 2.5 5.0 9999999743.0648
180.0 -2.5 -2.5 6.25 9999999953.7936
180.0 -2.5 0.0 6.25 10000000043.3362
180.0 -2.5 -2.5 7.5 10000000214.6658
180.0 -2.5 0.0 7.5 10000000376.9885
180.0 -2.5 2.5 7.5 9999999635.0748
180.0 0.0 2.5 7.5 9999999936.1191
180.0 2.5 2.5 7.5 9999999542.661201
180.0 2.5 -10.0 8.75 9999999890.4657
180.0 -2.5 -7.5 8.75 9999999954.926601
180.0 2.5 -7.5 8.75 10000000048.9489
180.0 5.0 -7.5 8.75 3302322157.4544
180.0 -5.0 -5.0 8.75 10000000237.4011
180.0 -2.5 -5.0 8.75 10000000051.3644
180.0 -5.0 -2.5 8.75 10000000342.159801
180.0 -2.5 -2.5 8.75 10000000236.086102
180.0 0.0 -2.5 8.75 9999999945.489302
180.0 -5.0 0.0 8.75 521465878.5066
180.0 -2.5 0.0 8.75 9999999793.450901
180.0 0.0 0.0 8.75 10000000082.7022
180.0 -5.0 2.5 8.75 23445.328700000002
180.0 -2.5 2.5 8.75 378936140.0809
180.0 0.0 2.5 8.75 9999999842.3495
180.0 2.5 2.5 8.75 10000000033.5198
180.0 0.0 5.0 8.75 2129268758.7451
180.0 2.5 5.0 8.75 13930965.946800001
180.0 2.5 -10.0 10.0 10000000102.644701
180.0 -2.5 -7.5 10.0 9999999980.9811
180.0 0.0 -7.5 10.0 10000000259.349901
180.0 2.5 -7.5 10.0 9999999993.932701
180.0 5.0 -7.5 10.0 9999999974.3325
180.0 -5.0 -5.0 10.0 10000000181.1235
180.0 -2.5 -5.0 10.0 10000000110.389502
180.0 0.0 -5.0 10.0 9999999902.446402
180.0 -5.0 -2.5 10.0 10000000058.199701
180.0 -2.5 -2.5 10.0 10000000311.702501
180.0 0.0 -2.5 10.0 10000000074.3864
180.0 -5.0 0.0 10.0 617283674.2657
180.0 -2.5 0.0 10.0 10000000120.3934
180.0 0.0 0.0 10.0 1193543700.5407999
180.0 -5.0 2.5 10.0 18340.2805
180.0 -2.5 2.5 10.0 298165485.9995
180.0 0.0 2.5 10.0 55638820.864199996
180.0 2.5 2.5 10.0 9999999784.6779
180.0 -2.5 5.0 10.0 9999999855.203001
180.0 0.0 5.0 10.0 1705485.7973
180.0 2.5 5.0 10.0 2062636.9902000001
180.0 5.0 5.0 10.0 6535896.0226
180.0 -2.5 -10.0 11.25 10000000037.5242
180.0 2.5 -10.0 11.25 9129193867.3719
180.0 5.0 -10.0 11.25 92041106.0427
180.0 -2.5 -7.5 11.25 10000000001.1016
180.0 0.0 -7.5 11.25 10000000143.0025
180.0 2.5 -7.5 11.25 1380980526.1072
180.0 5.0 -7.5 11.25 1986366463.4296
180.0 -5.0 -5.0 11.25 10000000099.898
180.0 -2.5 -5.0 11.25 10000000114.272202
180.0 0.0 -5.0 11.25 10000000116.0452
180.0 -5.0 -2.5 11.25 850099969.5906
180.0 -2.5 -2.5 11.25 566517438.0621
180.0 0.0 -2.5 11.25 6219106405.821
180.0 -5.0 0.0 11.25 61647839.242
180.0 -2.5 0.0 11.25 9999999808.8539
180.0 0.0 0.0 11.25 10000000134.1886
180.0 -5.0 2.5 11.25 1492.3604
180.0 -2.5 2.5 11.25 18466136.7552
180.0 0.0 2.5 11.25 1216202.3262
180.0 2.5 2.5 11.25 3502938.3038
180.0 -5.0 5.0 11.25 49.6987
180.0 -2.5 5.0 11.25 6140934.4962
180.0 0.0 5.0 11.25 939.7955
180.0 2.5 5.0 11.25 735834131.4001
180.0 5.0 5.0 11.25 2137856.9992
180.0 7.5 5.0 11.25 3552344.7856
180.0 -2.5 -10.0 12.5 130885183.20169999
180.0 0.0 -10.0 12.5 10000000029.837801
180.0 2.5 -10.0 12.5 10000000021.3258
180.0 5.0 -10.0 12.5 9999999921.1067
180.0 7.5 -10.0 12.5 9999999972.5307
180.0 -2.5 -7.5 12.5 10000000146.8799
180.0 0.0 -7.5 12.5 10000000120.8943
180.0 2.5 -7.5 12.5 9999999867.133501
180.0 5.0 -7.5 12.5 441324783.6849
180.0 -5.0 -5.0 12.5 10000000254.2287
180.0 -2.5 -5.0 12.5 10000000010.6998
180.0 0.0 -5.0 12.5 10000000001.0902
180.0 2.5 -5.0 12.5 4956912345.3531
180.0 5.0 -5.0 12.5 9999999942.3682
180.0 -5.0 -2.5 12.5 476261351.4753
180.0 -2.5 -2.5 12.5 10000000113.984201
180.0 0.0 -2.5 12.5 10000000099.209002
180.0 2.5 -2.5 12.5 9999999924.6012
180.0 5.0 -2.5 12.5 10000000218.252602
180.0 -5.0 0.0 12.5 22420.7607
180.0 -2.5 0.0 12.5 10000000078.2259
180.0 0.0 0.0 12.5 9320658298.5628
180.0 2.5 0.0 12.5 9999999970.612902
180.0 -5.0 2.5 12.5 195.4232
180.0 -2.5 2.5 12.5 10000000494.002201
180.0 0.0 2.5 12.5 3915529133.3932
180.0 2.5 2.5 12.5 90006124.43789999
180.0 5.0 2.5 12.5 10000000072.652802
180.0 -5.0 5.0 12.5 17.7944
180.0 -2.5 5.0 12.5 173.6188
180.0 0.0 5.0 12.5 10244.3847
180.0 2.5 5.0 12.5 46298.241299999994
180.0 5.0 5.0 12.5 1774.9558
180.0 7.5 5.0 12.5 2487.2227
180.0 10.0 5.0 12.5 11746045.6559
180.0 -5.0 -10.0 13.75 1099622606.627
180.0 -2.5 -10.0 13.75 9999999892.0963
180.0 0.0 -10.0 13.75 2395086959.0079
180.0 2.5 -10.0 13.75 10000000273.670101
180.0 5.0 -10.0 13.75 2165098257.7917004
180.0 7.5 -10.0 13.75 9999999975.855902
180.0 -5.0 -7.5 13.75 3699675545.2771997
180.0 -2.5 -7.5 13.75 10000000120.100601
180.0 0.0 -7.5 13.75 10000000052.9981
180.0 2.5 -7.5 13.75 10000000082.966702
180.0 5.0 -7.5 13.75 10000000074.269901
180.0 10.0 -7.5 13.75 9999999956.8556
180.0 -5.0 -5.0 13.75 9999999843.9803
180.0 -2.5 -5.0 13.75 6321001670.011999
180.0 0.0 -5.0 13.75 10000000181.511301
180.0 2.5 -5.0 13.75 10000000009.7471
180.0 5.0 -5.0 13.75 9999999949.5956
180.0 -5.0 -2.5 13.75 131199633.3139
180.0 -2.5 -2.5 13.75 9999999923.443201
180.0 0.0 -2.5 13.75 9999999910.902802
180.0 2.5 -2.5 13.75 10000000036.890001
180.0 5.0 -2.5 13.75 9999999870.821402
180.0 -5.0 0.0 13.75 25341498.078900002
180.0 -2.5 0.0 13.75 1044080801.3655
180.0 0.0 0.0 13.75 2279047.9558
180.0 2.5 0.0 13.75 10000000076.9845
180.0 5.0 0.0 13.75 4441647478.0857
180.0 7.5 0.0 13.75 157956.0389
180.0 -5.0 2.5 13.75 903.3095999999999
180.0 -2.5 2.5 13.75 1810210908.6931
180.0 0.0 2.5 13.75 594986064.973
180.0 2.5 2.5 13.75 1724505302.5642
180.0 5.0 2.5 13.75 1989611.6932
180.0 7.5 2.5 13.75 114280.0181
180.0 10.0 2.5 13.75 643.5706
180.0 -5.0 5.0 13.75 13.190100000000001
180.0 -2.5 5.0 13.75 37.143
180.0 0.0 5.0 13.75 3497822.8625000003
180.0 2.5 5.0 13.75 2390.7174
180.0 5.0 5.0 13.75 8401.4373
180.0 7.5 5.0 13.75 128.963
180.0 -5.0 -10.0 15.0 9999999899.119202
180.0 -2.5 -10.0 15.0 10000000041.747501
180.0 0.0 -10.0 15.0 1818203449.3957999
180.0 2.5 -10.0 15.0 9999999948.919
180.0 5.0 -10.0 15.0 10000000053.697102
180.0 7.5 -10.0 15.0 2850015.5073
180.0 10.0 -10.0 15.0 1973985.5925999999
180.0 -5.0 -7.5 15.0 10000000028.7141
180.0 -2.5 -7.5 15.0 9999999939.629002
180.0 0.0 -7.5 15.0 9999999932.95
180.0 2.5 -7.5 15.0 10000000042.9006
180.0 5.0 -7.5 15.0 9999999924.6942
180.0 7.5 -7.5 15.0 10000000024.344501
180.0 10.0 -7.5 15.0 81865.46830000001
180.0 -5.0 -5.0 15.0 1422913676.3474
180.0 -2.5 -5.0 15.0 10000000086.113901
180.0 0.0 -5.0 15.0 9999999854.8372
180.0 2.5 -5.0 15.0 10000000054.068
180.0 5.0 -5.0 15.0 9999999989.4223
180.0 7.5 -5.0 15.0 403600617.1324
180.0 -5.0 -2.5 15.0 130725499.04370001
180.0 -2.5 -2.5 15.0 9999999918.3918
180.0 0.0 -2.5 15.0 9999999982.8418
180.0 2.5 -2.5 15.0 9999999988.1291
180.0 5.0 -2.5 15.0 9999999884.7353
180.0 7.5 -2.5 15.0 30629840.041500002
180.0 -5.0 0.0 15.0 101818.0947
180.0 -2.5 0.0 15.0 5168181.5664
180.0 0.0 0.0 15.0 261182.4727
180.0 2.5 0.0 15.0 9999999948.2672
180.0 5.0 0.0 15.0 807662882.0823
180.0 7.5 0.0 15.0 268832.8728
180.0 -5.0 2.5 15.0 3618.8203
180.0 -2.5 2.5 15.0 1157813.5184
180.0 0.0 2.5 15.0 10000000214.6625
180.0 2.5 2.5 15.0 9284304.1721
180.0 5.0 2.5 15.0 4066938772.038
180.0 7.5 2.5 15.0 618.4862999999999
180.0 10.0 2.5 15.0 100.8474
180.0 -5.0 5.0 15.0 6.9045000000000005
180.0 -2.5 5.0 15.0 104.9265
180.0 0.0 5.0 15.0 7519.6775
180.0 2.5 5.0 15.0 10000000008.0221
180.0 5.0 5.0 15.0 619.6004
180.0 7.5 5.0 15.0 61.307700000000004
180.0 10.0 5.0 15.0 126.2771
180.0 -5.0 -10.0 16.25 10000000098.193201
180.0 -2.5 -10.0 16.25 1488223304.064
180.0 0.0 -10.0 16.25 10000000121.105701
180.0 2.5 -10.0 16.25 10000000066.0512
180.0 5.0 -10.0 16.25 9999999952.8083
180.0 7.5 -10.0 16.25 418455311.20960003
180.0 10.0 -10.0 16.25 9999999986.906301
180.0 -5.0 -7.5 16.25 10000000079.8276
180.0 -2.5 -7.5 16.25 3992243323.7807
180.0 0.0 -7.5 16.25 10000000021.124102
180.0 2.5 -7.5 16.25 10000000238.928001
180.0 5.0 -7.5 16.25 1360716861.1789
180.0 7.5 -7.5 16.25 10000000073.558
180.0 10.0 -7.5 16.25 6975.6719
180.0 -5.0 -5.0 16.25 435156332.4732
180.0 -2.5 -5.0 16.25 9999999983.7371
180.0 0.0 -5.0 16.25 854836168.7536999
180.0 2.5 -5.0 16.25 9999999859.6508
180.0 5.0 -5.0 16.25 9999999946.2145
180.0 7.5 -5.0 16.25 6965468.8266
180.0 10.0 -5.0 16.25 43018.1048
180.0 -5.0 -2.5 16.25 2170683638.1095
180.0 -2.5 -2.5 16.25 9999999917.6474
180.0 0.0 -2.5 16.25 9999999829.266602
180.0 2.5 -2.5 16.25 9999999883.798
180.0 5.0 -2.5 16.25 3456393331.1455
180.0 7.5 -2.5 16.25 115419.65539999999
180.0 10.0 -2.5 16.25 386.0493
180.0 -5.0 0.0 16.25 18.227
180.0 -2.5 0.0 16.25 36071.1457
180.0 0.0 0.0 16.25 15434.6604
180.0 2.5 0.0 16.25 252501272.5169
180.0 5.0 0.0 16.25 119660118.50310001
180.0 7.5 0.0 16.25 8108.969700000001
180.0 10.0 0.0 16.25 68.5853
180.0 -5.0 2.5 16.25 213.26500000000001
180.0 -2.5 2.5 16.25 1747685.6292
180.0 0.0 2.5 16.25 810254.0407
180.0 2.5 2.5 16.25 2473026310.4763
180.0 5.0 2.5 16.25 211495930.3878
180.0 7.5 2.5 16.25 71.4984
180.0 10.0 2.5 16.25 73.4716
180.0 -5.0 5.0 16.25 1.5857999999999999
180.0 -2.5 5.0 16.25 -14.984300000000001
180.0 0.0 5.0 16.25 601.9825000000001
180.0 2.5 5.0 16.25 408088665.1947
180.0 5.0 5.0 16.25 588.845
180.0 7.5 5.0 16.25 45.7086
180.0 10.0 5.0 16.25 71.0899
240.0 -5.0 -10.0 3.75 10000000044.080101
240.0 -2.5 -10.0 3.75 10000000220.354101
240.0 0.0 -10.0 3.75 10000000075.801
240.0 2.5 -10.0 3.75 10000000076.4435
240.0 5.0 -10.0 3.75 4799445380.0113
240.0 7.5 -10.0 3.75 10000000009.137402
240.0 10.0 -10.0 3.75 90857577.13090001
240.0 -5.0 -7.5 3.75 10000000139.7089
240.0 -2.5 -7.5 3.75 10000000056.094702
240.0 0.0 -7.5 3.75 9999999612.3113
240.0 2.5 -7.5 3.75 10000000391.6107
240.0 5.0 -7.5 3.75 10000000518.362902
240.0 7.5 -7.5 3.75 9999999879.244701
240.0 10.0 -7.5 3.75 531385557.9228
240.0 -5.0 -5.0 3.75 9682234255.933199
240.0 -2.5 -5.0 3.75 10000000054.6977
240.0 0.0 -5.0 3.75 9999999865.712801
240.0 2.5 -5.0 3.75 9999999731.7064
240.0 5.0 -5.0 3.75 9999999895.367
240.0 7.5 -5.0 3.75 10000000203.0533
240.0 10.0 -5.0 3.75 10000000090.240501
240.0 -5.0 -2.5 3.75 9999999907.9461
240.0 -2.5 -2.5 3.75 9999999746.2096
240.0 0.0 -2.5 3.75 10000000177.9778
240.0 2.5 -2.5 3.75 9999999885.967001
240.0 5.0 -2.5 3.75 9999999943.774302
240.0 7.5 -2.5 3.75 9999999875.902601
240.0 10.0 -2.5 3.75 101095711.6831
240.0 -5.0 0.0 3.75 209834971.8026
240.0 -2.5 0.0 3.75 9999999987.078901
240.0 0.0 0.0 3.75 4162220380.5378003
240.0 2.5 0.0 3.75 9999999830.4181
240.0 5.0 0.0 3.75 9999999505.2178
240.0 7.5 0.0 3.75 10000000022.619202
240.0 10.0 0.0 3.75 572684706.0029
240.0 -5.0 2.5 3.75 1035945466.4297999
240.0 -2.5 2.5 3.75 9999999852.1021
240.0 0.0 2.5 3.75 9999999931.927502
240.0 2.5 2.5 3.75 3815789035.1604
240.0 5.0 2.5 3.75 740627717.6841
240.0 7.5 2.5 3.75 1227580384.2518
240.0 10.0 2.5 3.75 9999999958.7821
240.0 -5.0 5.0 3.75 4979145731.607
240.0 -2.5 5.0 3.75 351206.98630000005
240.0 0.0 5.0 3.75 9999999945.984701
240.0 2.5 5.0 3.75 25281510.1509
240.0 5.0 5.0 3.75 4876887.581800001
240.0 7.5 5.0 3.75 10000000002.9969
240.0 10.0 5.0 3.75 198711206.5064
240.0 0.0 5.0 5.0 96930004.82699999
240.0 2.5 -7.5 6.25 10000000100.670502
240.0 0.0 -2.5 6.25 9999999838.398
240.0 0.0 0.0 6.25 10000000143.8318
240.0 -2.5 2.5 6.25 10000000081.432402
240.0 0.0 2.5 6.25 98637982.4072
240.0 0.0 5.0 6.25 111242469.489
240.0 2.5 -7.5 7.5 10000000095.3129
240.0 0.0 -5.0 7.5 10000000068.063501
240.0 2.5 -5.0 7.5 10000000059.5667
240.0 0.0 -2.5 7.5 9999999880.461102
240.0 2.5 -2.5 7.5 9999999529.3826
240.0 0.0 0.0 7.5 10000000091.5084
240.0 2.5 0.0 7.5 9999999850.5452
240.0 0.0 2.5 7.5 674294921.8184999
240.0 -2.5 5.0 7.5 48398767.8389
240.0 0.0 5.0 7.5 9999999963.913
240.0 2.5 -10.0 8.75 218053902.3067
240.0 2.5 -7.5 8.75 10000000192.531301
240.0 0.0 -5.0 8.75 9999999927.818
240.0 2.5 -5.0 8.75 10000000501.963902
240.0 -2.5 -2.5 8.75 9999999851.342901
240.0 0.0 -2.5 8.75 9999999751.6884
240.0 2.5 -2.5 8.75 10000000083.474901
240.0 -5.0 0.0 8.75 4695923284.7871
240.0 -2.5 0.0 8.75 4673400086.6847
240.0 0.0 0.0 8.75 9999999773.8253
240.0 2.5 0.0 8.75 9999999944.9386
240.0 -2.5 2.5 8.75 361382305.3097
240.0 0.0 2.5 8.75 10000000096.4888
240.0 2.5 2.5 8.75 9999999897.927301
240.0 -2.5 5.0 8.75 581963323.6492001
240.0 0.0 5.0 8.75 9999999982.2376
240.0 2.5 5.0 8.75 162475.0913
240.0 2.5 -10.0 10.0 672510115.384
240.0 5.0 -10.0 10.0 10000000079.6844
240.0 2.5 -7.5 10.0 10000000080.238602
240.0 -5.0 -5.0 10.0 10000000055.1504
240.0 0.0 -5.0 10.0 10000000069.427301
240.0 2.5 -5.0 10.0 10000000009.5949
240.0 -5.0 -2.5 10.0 9999999977.6697
240.0 -2.5 -2.5 10.0 2389130750.2388
240.0 0.0 -2.5 10.0 10000000189.688301
240.0 2.5 -2.5 10.0 4974156724.7745
240.0 -5.0 0.0 10.0 8002779803.962299
240.0 -2.5 0.0 10.0 225658547.54860002
240.0 0.0 0.0 10.0 3871348017.9202
240.0 2.5 0.0 10.0 9999999864.8542
240.0 -2.5 2.5 10.0 9999999853.974401
240.0 0.0 2.5 10.0 9999999970.3875
240.0 2.5 2.5 10.0 36218982.3253
240.0 5.0 2.5 10.0 9999999881.6819
240.0 -2.5 5.0 10.0 191462.6532
240.0 0.0 5.0 10.0 79068.3743
240.0 2.5 5.0 10.0 9999999898.7667
240.0 5.0 5.0 10.0 9999999912.105501
240.0 -2.5 -10.0 11.25 1734020658.4701002
240.0 2.5 -10.0 11.25 10000000223.8892
240.0 5.0 -10.0 11.25 3393592841.2658
240.0 10.0 -10.0 11.25 9999999940.9125
240.0 2.5 -7.5 11.25 10000000251.775702
240.0 -5.0 -5.0 11.25 10000000024.5757
240.0 -2.5 -5.0 11.25 10000000179.3976
240.0 0.0 -5.0 11.25 9999999839.932701
240.0 2.5 -5.0 11.25 9999999937.2206
240.0 -5.0 -2.5 11.25 42631453.7638
240.0 -2.5 -2.5 11.25 9999999995.029701
240.0 0.0 -2.5 11.25 10000000124.3693
240.0 2.5 -2.5 11.25 9999999968.2859
240.0 -5.0 0.0 11.25 271377.8862
240.0 -2.5 0.0 11.25 17066266.710300002
240.0 0.0 0.0 11.25 9999999892.683401
240.0 2.5 0.0 11.25 10000000032.6816
240.0 -2.5 2.5 11.25 3295433899.0703
240.0 0.0 2.5 11.25 9999999987.322401
240.0 2.5 2.5 11.25 91828489.8025
240.0 5.0 2.5 11.25 9999999812.1301
240.0 -2.5 5.0 11.25 5811.2958
240.0 0.0 5.0 11.25 1216616.5707
240.0 2.5 5.0 11.25 37171.6257
240.0 5.0 5.0 11.25 31106154.1401
240.0 7.5 5.0 11.25 20111799.313199997
240.0 -2.5 -10.0 12.5 9999999955.3927
240.0 0.0 -10.0 12.5 8774890910.7285
240.0 2.5 -10.0 12.5 10000000142.898401
240.0 5.0 -10.0 12.5 571060231.1786
240.0 7.5 -10.0 12.5 1206553276.8738
240.0 10.0 -10.0 12.5 1185239178.8224
240.0 -5.0 -7.5 12.5 595459073.9753
240.0 0.0 -7.5 12.5 10000000089.281502
240.0 2.5 -7.5 12.5 10000000036.6881
240.0 5.0 -7.5 12.5 1255159315.1433
240.0 7.5 -7.5 12.5 334617066.8006
240.0 10.0 -7.5 12.5 217427517.98369998
240.0 -5.0 -5.0 12.5 10000000022.2241
240.0 -2.5 -5.0 12.5 10000000003.9272
240.0 0.0 -5.0 12.5 3762818056.1129
240.0 2.5 -5.0 12.5 9999999992.1518
240.0 5.0 -5.0 12.5 10000000043.949902
240.0 -5.0 -2.5 12.5 9999999979.591702
240.0 -2.5 -2.5 12.5 419561370.6061
240.0 0.0 -2.5 12.5 10000000228.453901
240.0 2.5 -2.5 12.5 10000000009.1968
240.0 -5.0 0.0 12.5 302008.8875
240.0 -2.5 0.0 12.5 10000000045.7956
240.0 0.0 0.0 12.5 43858260.2502
240.0 2.5 0.0 12.5 10000000004.558802
240.0 -2.5 2.5 12.5 11799517.8016
240.0 0.0 2.5 12.5 11808115.1909
240.0 2.5 2.5 12.5 132260398.1741
240.0 5.0 2.5 12.5 172163643.0688
240.0 -2.5 5.0 12.5 -10.7422
240.0 0.0 5.0 12.5 2722.5762
240.0 2.5 5.0 12.5 421.5595
240.0 5.0 5.0 12.5 18819.4156
240.0 7.5 5.0 12.5 1023428.4109
240.0 10.0 5.0 12.5 36.3892
240.0 -5.0 -10.0 13.75 916243187.1894
240.0 -2.5 -10.0 13.75 9999999972.2898
240.0 0.0 -10.0 13.75 1526570432.5788
240.0 2.5 -10.0 13.75 9999999909.783401
240.0 5.0 -10.0 13.75 74676020.7434
240.0 7.5 -10.0 13.75 10000000053.7914
240.0 10.0 -10.0 13.75 46280656.0033
240.0 -5.0 -7.5 13.75 10000000000.2709
240.0 -2.5 -7.5 13.75 10000000022.5993
240.0 0.0 -7.5 13.75 10000000089.433401
240.0 2.5 -7.5 13.75 10000000156.7213
240.0 5.0 -7.5 13.75 10000000023.6467
240.0 7.5 -7.5 13.75 2282153195.8357
240.0 10.0 -7.5 13.75 1598755356.9102998
240.0 -5.0 -5.0 13.75 10000000025.8952
240.0 -2.5 -5.0 13.75 10000000027.162
240.0 0.0 -5.0 13.75 9999999916.0272
240.0 2.5 -5.0 13.75 9999999952.5918
240.0 5.0 -5.0 13.75 9999999982.622002
240.0 7.5 -5.0 13.75 10000000064.540602
240.0 -5.0 -2.5 13.75 116485.3159
240.0 -2.5 -2.5 13.75 3214828.1042
240.0 0.0 -2.5 13.75 9999999911.2147
240.0 2.5 -2.5 13.75 10000000099.531101
240.0 5.0 -2.5 13.75 9999999662.0657
240.0 -5.0 0.0 13.75 1008334.9866
240.0 -2.5 0.0 13.75 6780994944.2821
240.0 0.0 0.0 13.75 10000000175.6858
240.0 2.5 0.0 13.75 9999999656.6945
240.0 5.0 0.0 13.75 10000000123.1671
240.0 -5.0 2.5 13.75 -47.192
240.0 -2.5 2.5 13.75 2570.6272
240.0 0.0 2.5 13.75 42849.2963
240.0 2.5 2.5 13.75 716319297.9169
240.0 5.0 2.5 13.75 3492761.7525
240.0 7.5 2.5 13.75 10000000210.298801
240.0 -2.5 5.0 13.75 -19.2365
240.0 0.0 5.0 13.75 987.2542
240.0 2.5 5.0 13.75 444.20000000000005
240.0 5.0 5.0 13.75 7819.3377
240.0 7.5 5.0 13.75 515.5391999999999
240.0 10.0 5.0 13.75 33.5148
240.0 -5.0 -10.0 15.0 10000000065.887001
240.0 -2.5 -10.0 15.0 10000000025.074701
240.0 0.0 -10.0 15.0 10000000097.040602
240.0 2.5 -10.0 15.0 10000000019.053202
240.0 5.0 -10.0 15.0 4778781.1975
240.0 7.5 -10.0 15.0 10000000043.258501
240.0 10.0 -10.0 15.0 11183920.8523
240.0 -5.0 -7.5 15.0 10000000001.504002
240.0 -2.5 -7.5 15.0 5140238080.5527
240.0 0.0 -7.5 15.0 10000000201.706202
240.0 2.5 -7.5 15.0 9999999857.4318
240.0 5.0 -7.5 15.0 10000000063.4629
240.0 7.5 -7.5 15.0 10000000066.715601
240.0 10.0 -7.5 15.0 72688910.892
240.0 -5.0 -5.0 15.0 10000000014.185202
240.0 -2.5 -5.0 15.0 9999999990.4351
240.0 0.0 -5.0 15.0 9999999966.0792
240.0 2.5 -5.0 15.0 10000000121.03
240.0 5.0 -5.0 15.0 10000000033.271301
240.0 7.5 -5.0 15.0 409941610.2769
240.0 10.0 -5.0 15.0 1304387496.0793
240.0 -5.0 -2.5 15.0 46028.6731
240.0 -2.5 -2.5 15.0 3582074.8989999997
240.0 0.0 -2.5 15.0 9999999867.137402
240.0 2.5 -2.5 15.0 9999999899.071001
240.0 5.0 -2.5 15.0 9999999739.191301
240.0 7.5 -2.5 15.0 2934130948.5118
240.0 10.0 -2.5 15.0 1757112153.9752
240.0 -5.0 0.0 15.0 1565.5303999999999
240.0 -2.5 0.0 15.0 82443.57819999999
240.0 0.0 0.0 15.0 9999999926.6385
240.0 2.5 0.0 15.0 9999999854.2395
240.0 5.0 0.0 15.0 1038888342.5984
240.0 10.0 0.0 15.0 761679.6967
240.0 -5.0 2.5 15.0 -34.1702
240.0 -2.5 2.5 15.0 47022.5263
240.0 0.0 2.5 15.0 44212171.7203
240.0 2.5 2.5 15.0 10000000004.323801
240.0 5.0 2.5 15.0 3951825.7586000003
240.0 7.5 2.5 15.0 9999999978.4876
240.0 -5.0 5.0 15.0 -22.779
240.0 -2.5 5.0 15.0 -9.4465
240.0 0.0 5.0 15.0 36.705200000000005
240.0 2.5 5.0 15.0 83.2514
240.0 5.0 5.0 15.0 2216.8561
240.0 7.5 5.0 15.0 9791.763200000001
240.0 10.0 5.0 15.0 29.005699999999997
240.0 -5.0 -10.0 16.25 751596.3591
240.0 -2.5 -10.0 16.25 7280378612.0149
240.0 0.0 -10.0 16.25 10000000073.7961
240.0 2.5 -10.0 16.25 637722128.7429
240.0 5.0 -10.0 16.25 324681986.6816
240.0 7.5 -10.0 16.25 9999999995.932201
240.0 10.0 -10.0 16.25 10000000234.5007
240.0 -5.0 -7.5 16.25 1041061485.055
240.0 -2.5 -7.5 16.25 9999999956.517801
240.0 0.0 -7.5 16.25 1635172574.9173
240.0 2.5 -7.5 16.25 9999999857.5296
240.0 5.0 -7.5 16.25 10000000036.248001
240.0 7.5 -7.5 16.25 10000000060.411901
240.0 10.0 -7.5 16.25 14888984.9185
240.0 -5.0 -5.0 16.25 8677825478.3631
240.0 -2.5 -5.0 16.25 10000000004.1231
240.0 0.0 -5.0 16.25 9999999797.3316
240.0 2.5 -5.0 16.25 4761874652.3963
240.0 5.0 -5.0 16.25 378386011.78749996
240.0 7.5 -5.0 16.25 292134827.8333
240.0 10.0 -5.0 16.25 9999999975.9617
240.0 -5.0 -2.5 16.25 718062.284
240.0 -2.5 -2.5 16.25 106098687.9034
240.0 0.0 -2.5 16.25 224070951.70180002
240.0 2.5 -2.5 16.25 3699293739.4402
240.0 5.0 -2.5 16.25 10000000159.5226
240.0 7.5 -2.5 16.25 150857114.09780002
240.0 10.0 -2.5 16.25 72241.05080000001
240.0 -5.0 0.0 16.25 -24.7488
240.0 -2.5 0.0 16.25 29154747.929199997
240.0 0.0 0.0 16.25 10000000104.4251
240.0 2.5 0.0 16.25 4353740.1485
240.0 5.0 0.0 16.25 222645776.6187
240.0 7.5 0.0 16.25 140929.2827
240.0 10.0 0.0 16.25 1894.6062
240.0 -5.0 2.5 16.25 -22.3212
240.0 -2.5 2.5 16.25 55.2087
240.0 0.0 2.5 16.25 1432849135.9850001
240.0 2.5 2.5 16.25 10000000045.678501
240.0 5.0 2.5 16.25 800816.522
240.0 7.5 2.5 16.25 84565.7793
240.0 -5.0 5.0 16.25 -13.4394
240.0 -2.5 5.0 16.25 -4.7402
240.0 0.0 5.0 16.25 30.576300000000003
240.0 2.5 5.0 16.25 212.83190000000002
240.0 5.0 5.0 16.25 114.0517
240.0 7.5 5.0 16.25 303.85699999999997
240.0 10.0 5.0 16.25 22.7517
300.0 -5.0 -10.0 3.75 9999999613.530201
300.0 -2.5 -10.0 3.75 10000000142.9923
300.0 0.0 -10.0 3.75 9999999775.0611
300.0 2.5 -10.0 3.75 9999999968.708801
300.0 5.0 -10.0 3.75 10000000333.835901
300.0 7.5 -10.0 3.75 9999999977.700201
300.0 10.0 -10.0 3.75 3310283867.8789
300.0 -5.0 -7.5 3.75 3823228016.6673
300.0 -2.5 -7.5 3.75 9999999927.800001
300.0 0.0 -7.5 3.75 10000000051.0041
300.0 2.5 -7.5 3.75 9999999811.4192
300.0 5.0 -7.5 3.75 10000000012.2236
300.0 7.5 -7.5 3.75 10000000183.4435
300.0 10.0 -7.5 3.75 8183709794.7662
300.0 -5.0 -5.0 3.75 108918318.28580001
300.0 -2.5 -5.0 3.75 9999999825.106901
300.0 0.0 -5.0 3.75 9999999974.484001
300.0 2.5 -5.0 3.75 10000000159.818901
300.0 5.0 -5.0 3.75 10000000226.583801
300.0 7.5 -5.0 3.75 10000000021.689402
300.0 10.0 -5.0 3.75 1333721361.4931998
300.0 -5.0 -2.5 3.75 9999999873.6793
300.0 -2.5 -2.5 3.75 10000000001.972801
300.0 0.0 -2.5 3.75 9999999745.3341
300.0 2.5 -2.5 3.75 9999999956.199202
300.0 5.0 -2.5 3.75 9999999766.9937
300.0 7.5 -2.5 3.75 10000000142.5116
300.0 10.0 -2.5 3.75 10000000153.655201
300.0 -5.0 0.0 3.75 9999999936.4494
300.0 -2.5 0.0 3.75 9999999551.2152
300.0 0.0 0.0 3.75 9999999925.359701
300.0 2.5 0.0 3.75 9999999855.270401
300.0 5.0 0.0 3.75 10000000005.8596
300.0 7.5 0.0 3.75 9999999951.154001
300.0 10.0 0.0 3.75 8154380537.6144
300.0 -5.0 2.5 3.75 4359381459.4428005
300.0 -2.5 2.5 3.75 30438615.2951
300.0 0.0 2.5 3.75 10000000097.578701
300.0 2.5 2.5 3.75 9999999748.2439
300.0 5.0 2.5 3.75 9999999633.8096
300.0 7.5 2.5 3.75 1588859551.1129
300.0 10.0 2.5 3.75 388100518.1035
300.0 -5.0 5.0 3.75 1419586.3846
300.0 -2.5 5.0 3.75 6714587531.960199
300.0 0.0 5.0 3.75 10000000088.1004
300.0 2.5 5.0 3.75 10000000152.4936
300.0 5.0 5.0 3.75 125412468.0607
300.0 7.5 5.0 3.75 186602.8261
300.0 10.0 5.0 3.75 326.7501
300.0 0.0 -2.5 5.0 9999999914.492102
300.0 0.0 0.0 5.0 10000000171.921501
300.0 5.0 -7.5 6.25 9999999825.1762
300.0 0.0 -5.0 6.25 9999999721.366701
300.0 0.0 -2.5 6.25 9999999990.759201
300.0 0.0 0.0 6.25 5742100295.2825
300.0 0.0 2.5 6.25 10000000205.2271
300.0 0.0 5.0 6.25 10000000134.006
300.0 5.0 -7.5 7.5 9999999902.838202
300.0 2.5 -5.0 7.5 9999999345.967701
300.0 0.0 -2.5 7.5 9999999879.803202
300.0 2.5 -2.5 7.5 9999999822.9792
300.0 0.0 0.0 7.5 8723230222.553902
300.0 -2.5 2.5 7.5 9624021045.0212
300.0 0.0 2.5 7.5 6936514003.3024
300.0 -2.5 5.0 7.5 1530261710.1822
300.0 0.0 5.0 7.5 10000000224.229502
300.0 2.5 -10.0 8.75 10000000365.5582
300.0 5.0 -7.5 8.75 9999999974.004501
300.0 0.0 -5.0 8.75 9999999681.530602
300.0 2.5 -5.0 8.75 9999999967.1007
300.0 5.0 -5.0 8.75 10000000051.537401
300.0 0.0 -2.5 8.75 10000000100.015701
300.0 2.5 -2.5 8.75 10000000243.055101
300.0 0.0 0.0 8.75 9999999912.585901
300.0 2.5 0.0 8.75 10000000040.0158
300.0 0.0 2.5 8.75 3310668671.7211003
300.0 2.5 2.5 8.75 6735546731.5206
300.0 -2.5 5.0 8.75 4142525.8334000004
300.0 0.0 5.0 8.75 9999999773.432201
300.0 2.5 5.0 8.75 9999999953.8036
300.0 2.5 -10.0 10.0 10000000062.434
300.0 2.5 -7.5 10.0 9999999834.3248
300.0 5.0 -7.5 10.0 10000000317.919401
300.0 7.5 -7.5 10.0 10000000026.8516
300.0 0.0 -5.0 10.0 9999999910.970901
300.0 2.5 -5.0 10.0 9999999685.1756
300.0 5.0 -5.0 10.0 10000000094.745602
300.0 0.0 -2.5 10.0 9999999958.454802
300.0 2.5 -2.5 10.0 9999999739.972101
300.0 -5.0 0.0 10.0 2557477923.1072
300.0 -2.5 0.0 10.0 9999999642.2122
300.0 0.0 0.0 10.0 4594226028.103499
300.0 2.5 0.0 10.0 9999999981.1903
300.0 5.0 0.0 10.0 10000000052.887901
300.0 -2.5 2.5 10.0 6389044149.583099
300.0 0.0 2.5 10.0 9999999958.0408
300.0 2.5 2.5 10.0 773562143.6899
300.0 5.0 2.5 10.0 85975298.0453
300.0 -2.5 5.0 10.0 1251053385.3406
300.0 0.0 5.0 10.0 10000000217.5025
300.0 2.5 5.0 10.0 6909688382.1878
300.0 2.5 -10.0 11.25 9999999911.558102
300.0 5.0 -10.0 11.25 10000000128.5268
300.0 7.5 -10.0 11.25 10000000045.691
300.0 10.0 -10.0 11.25 2070291274.1973999
300.0 2.5 -7.5 11.25 9999999776.3752
300.0 5.0 -7.5 11.25 10000000065.9648
300.0 0.0 -5.0 11.25 9999999888.4143
300.0 2.5 -5.0 11.25 10000000499.427
300.0 5.0 -5.0 11.25 9999999922.788502
300.0 -2.5 -2.5 11.25 1518706642.5367
300.0 0.0 -2.5 11.25 9999999930.8686
300.0 2.5 -2.5 11.25 9999999899.900501
300.0 -5.0 0.0 11.25 9999999912.3469
300.0 -2.5 0.0 11.25 857794221.0907
300.0 0.0 0.0 11.25 10000000037.020102
300.0 2.5 0.0 11.25 209634698.4818
300.0 -2.5 2.5 11.25 844931.4085
300.0 0.0 2.5 11.25 9999999919.2084
300.0 2.5 2.5 11.25 738854.1642
300.0 5.0 2.5 11.25 10000000238.286402
300.0 -2.5 5.0 11.25 770908587.3723
300.0 0.0 5.0 11.25 21412333.431
300.0 2.5 5.0 11.25 1844355645.0779
300.0 7.5 5.0 11.25 767892158.0825
300.0 -5.0 -10.0 12.5 10000000013.491901
300.0 2.5 -10.0 12.5 10000000059.448502
300.0 5.0 -10.0 12.5 668783600.8427999
300.0 7.5 -10.0 12.5 9999999955.2353
300.0 10.0 -10.0 12.5 10000000018.7777
300.0 2.5 -7.5 12.5 10000000199.430601
300.0 5.0 -7.5 12.5 10000000018.8659
300.0 7.5 -7.5 12.5 381718589.4938
300.0 -5.0 -5.0 12.5 208327652.81649998
300.0 -2.5 -5.0 12.5 1625078544.2668002
300.0 0.0 -5.0 12.5 9999999729.620602
300.0 2.5 -5.0 12.5 10000000050.6483
300.0 5.0 -5.0 12.5 2047348049.0245001
300.0 -5.0 -2.5 12.5 7478347036.6304
300.0 -2.5 -2.5 12.5 9999999881.725302
300.0 0.0 -2.5 12.5 367434761.8605
300.0 2.5 -2.5 12.5 9999999888.9232
300.0 -5.0 0.0 12.5 7099162.239600001
300.0 -2.5 0.0 12.5 443726806.0861
300.0 0.0 0.0 12.5 9999999872.395
300.0 2.5 0.0 12.5 2886056675.3777003
300.0 5.0 0.0 12.5 10000000078.0751
300.0 -2.5 2.5 12.5 43898.4441
300.0 0.0 2.5 12.5 186158.9381
300.0 2.5 2.5 12.5 11877.4151
300.0 5.0 2.5 12.5 9999999940.9829
300.0 7.5 2.5 12.5 659290803.6995001
300.0 10.0 2.5 12.5 37566.9602
300.0 -2.5 5.0 12.5 10000000692.689201
300.0 0.0 5.0 12.5 17192.824999999997
300.0 2.5 5.0 12.5 75506614.1065
300.0 5.0 5.0 12.5 323051889.99319994
300.0 7.5 5.0 12.5 141455154.6003
300.0 10.0 5.0 12.5 3400.1366
300.0 0.0 -10.0 13.75 10000000106.076
300.0 2.5 -10.0 13.75 942906190.0789
300.0 5.0 -10.0 13.75 10000000148.401701
300.0 7.5 -10.0 13.75 10000000064.635801
300.0 10.0 -10.0 13.75 5973142.990300001
300.0 -5.0 -7.5 13.75 9999999948.144001
300.0 -2.5 -7.5 13.75 10000000016.408401
300.0 2.5 -7.5 13.75 9999999726.1571
300.0 5.0 -7.5 13.75 10000000039.168001
300.0 7.5 -7.5 13.75 10000000045.3871
300.0 10.0 -7.5 13.75 17162816.1474
300.0 -5.0 -5.0 13.75 25965043.8463
300.0 -2.5 -5.0 13.75 9999999833.562302
300.0 0.0 -5.0 13.75 9999999880.866001
300.0 2.5 -5.0 13.75 9999999966.1331
300.0 5.0 -5.0 13.75 9999999943.1797
300.0 -5.0 -2.5 13.75 9999999932.454802
300.0 -2.5 -2.5 13.75 1173646970.8442998
300.0 0.0 -2.5 13.75 9999999922.8421
300.0 2.5 -2.5 13.75 10000000403.019701
300.0 5.0 -2.5 13.75 4544168864.735
300.0 -5.0 0.0 13.75 9999999999.466301
300.0 -2.5 0.0 13.75 9999999871.2714
300.0 0.0 0.0 13.75 165350386.42589998
300.0 2.5 0.0 13.75 860188826.6764001
300.0 5.0 0.0 13.75 9999999979.1432
300.0 7.5 0.0 13.75 10000000189.789701
300.0 -2.5 2.5 13.75 1247.8062
300.0 0.0 2.5 13.75 1231.4045999999998
300.0 2.5 2.5 13.75 86282.80960000001
300.0 5.0 2.5 13.75 1321274170.1118
300.0 7.5 2.5 13.75 339757930.2878
300.0 10.0 2.5 13.75 39323886.8213
300.0 -2.5 5.0 13.75 39621.057799999995
300.0 0.0 5.0 13.75 133.4505
300.0 2.5 5.0 13.75 399824952.1021
300.0 5.0 5.0 13.75 421365824.2945
300.0 7.5 5.0 13.75 9999999979.6418
300.0 10.0 5.0 13.75 63.7411
300.0 -5.0 -10.0 15.0 9999999971.7236
300.0 -2.5 -10.0 15.0 10000000016.7548
300.0 0.0 -10.0 15.0 10000000012.593102
300.0 2.5 -10.0 15.0 10000000185.2155
300.0 5.0 -10.0 15.0 10000000078.6002
300.0 7.5 -10.0 15.0 10000000296.4612
300.0 10.0 -10.0 15.0 67791308.062
300.0 -5.0 -7.5 15.0 111841032.7157
300.0 -2.5 -7.5 15.0 1620576684.3217
300.0 0.0 -7.5 15.0 10000000077.7651
300.0 2.5 -7.5 15.0 10000000177.321901
300.0 5.0 -7.5 15.0 10000000040.3544
300.0 7.5 -7.5 15.0 906174078.4552
300.0 10.0 -7.5 15.0 44282615.0334
300.0 -5.0 -5.0 15.0 9999999924.8446
300.0 -2.5 -5.0 15.0 9999999900.441502
300.0 0.0 -5.0 15.0 9515914505.368198
300.0 2.5 -5.0 15.0 9999999771.0958
300.0 5.0 -5.0 15.0 136220860.4277
300.0 7.5 -5.0 15.0 10000000222.8992
300.0 10.0 -5.0 15.0 2836827522.2967
300.0 -5.0 -2.5 15.0 5411326900.1187
300.0 -2.5 -2.5 15.0 9999999948.208601
300.0 0.0 -2.5 15.0 699964780.8918
300.0 2.5 -2.5 15.0 9999999978.6653
300.0 5.0 -2.5 15.0 10000000271.7632
300.0 10.0 -2.5 15.0 8533739.656000001
300.0 -5.0 0.0 15.0 98224700.6005
300.0 -2.5 0.0 15.0 16374925.540700002
300.0 0.0 0.0 15.0 590495387.5738
300.0 2.5 0.0 15.0 9999999925.008202
300.0 5.0 0.0 15.0 9999999746.253801
300.0 7.5 0.0 15.0 9999999991.182201
300.0 -5.0 2.5 15.0 80.45190000000001
300.0 -2.5 2.5 15.0 5614.8435
300.0 0.0 2.5 15.0 819.1293000000001
300.0 2.5 2.5 15.0 800969.6024999999
300.0 5.0 2.5 15.0 30703399.8952
300.0 7.5 2.5 15.0 447173674.2563
300.0 10.0 2.5 15.0 707698.5092000001
300.0 -2.5 5.0 15.0 117.4235
300.0 0.0 5.0 15.0 83.3733
300.0 2.5 5.0 15.0 16850.805800000002
300.0 5.0 5.0 15.0 1837604.7374
300.0 7.5 5.0 15.0 349997607.3372
300.0 10.0 5.0 15.0 22.1857
300.0 -5.0 -10.0 16.25 944358507.2915
300.0 -2.5 -10.0 16.25 12199862.3917
300.0 0.0 -10.0 16.25 50837282.9152
300.0 2.5 -10.0 16.25 9999999985.616701
300.0 5.0 -10.0 16.25 8015689914.3929
300.0 7.5 -10.0 16.25 9999999751.0442
300.0 10.0 -10.0 16.25 196659973.57860002
300.0 -5.0 -7.5 16.25 9999999973.241901
300.0 -2.5 -7.5 16.25 3506032747.5673003
300.0 0.0 -7.5 16.25 10000000101.580101
300.0 2.5 -7.5 16.25 9999999620.8778
300.0 5.0 -7.5 16.25 10000000030.328201
300.0 7.5 -7.5 16.25 54001447.7767
300.0 10.0 -7.5 16.25 9999999970.0228
300.0 -5.0 -5.0 16.25 16238016.7272
300.0 -2.5 -5.0 16.25 3025117032.923
300.0 0.0 -5.0 16.25 5067172685.6893
300.0 2.5 -5.0 16.25 9999999974.7248
300.0 5.0 -5.0 16.25 5986660356.945
300.0 7.5 -5.0 16.25 9999999991.4412
300.0 10.0 -5.0 16.25 9999999971.455502
300.0 -5.0 -2.5 16.25 410636.3104
300.0 -2.5 -2.5 16.25 1415093752.7698
300.0 0.0 -2.5 16.25 1150118400.6797
300.0 2.5 -2.5 16.25 9999999962.9055
300.0 5.0 -2.5 16.25 2646808163.5751996
300.0 7.5 -2.5 16.25 911388769.3164
300.0 10.0 -2.5 16.25 3685894.5349000003
300.0 -5.0 0.0 16.25 328.7273
300.0 -2.5 0.0 16.25 9589.241899999999
300.0 0.0 0.0 16.25 10000000079.1056
300.0 2.5 0.0 16.25 9999999999.7907
300.0 5.0 0.0 16.25 5205257736.9627
300.0 7.5 0.0 16.25 1298403374.5187001
300.0 -5.0 2.5 16.25 51.7768
300.0 -2.5 2.5 16.25 106.0027
300.0 0.0 2.5 16.25 608.3643999999999
300.0 2.5 2.5 16.25 55564.641
300.0 5.0 2.5 16.25 979995082.3283
300.0 7.5 2.5 16.25 9999999543.383902
300.0 10.0 2.5 16.25 41131.6598
300.0 -5.0 5.0 16.25 68.9298
300.0 -2.5 5.0 16.25 78.8581
300.0 0.0 5.0 16.25 64.7281
300.0 2.5 5.0 16.25 19103.7457
300.0 5.0 5.0 16.25 2823651.7068
300.0 7.5 5.0 16.25 209883.16460000002
300.0 10.0 5.0 16.25 13.753899999999998
