0.0 0.0 2.5 5.0 842582601.8127
0.0 2.5 2.5 5.0 9999999982.1993
0.0 0.0 5.0 5.0 10000000006.6751
0.0 2.5 0.0 6.25 10000000000.2213
0.0 0.0 2.5 6.25 10000000039.708101
0.0 0.0 5.0 6.25 220084038.053
0.0 0.0 0.0 7.5 10000000083.249102
0.0 2.5 0.0 7.5 9999999986.362001
0.0 0.0 2.5 7.5 224277.66939999998
0.0 0.0 5.0 7.5 116671.58039999999
0.0 0.0 -5.0 8.75 10928983.3078
0.0 5.0 -5.0 8.75 7760.9919
0.0 -2.5 -2.5 8.75 32.2936
0.0 0.0 -2.5 8.75 12482425.4615
0.0 -2.5 0.0 8.75 1.501
0.0 0.0 0.0 8.75 3370.4884
0.0 2.5 0.0 8.75 30039507.2348
0.0 0.0 2.5 8.75 198.7639
0.0 2.5 2.5 8.75 9150.5579
0.0 0.0 5.0 8.75 104.22120000000001
0.0 2.5 5.0 8.75 112.9556
0.0 5.0 -7.5 10.0 102.3934
0.0 7.5 -7.5 10.0 -4.5296
0.0 -2.5 -5.0 10.0 -10.9287
0.0 0.0 -5.0 10.0 154.97979999999998
0.0 2.5 -5.0 10.0 6899843.7648
0.0 5.0 -5.0 10.0 -5.0551
0.0 7.5 -5.0 10.0 -4.0441
0.0 -2.5 -2.5 10.0 -7.383699999999999
0.0 0.0 -2.5 10.0 -1.7541000000000002
0.0 2.5 -2.5 10.0 7315.6525
0.0 5.0 -2.5 10.0 461.0758
0.0 -2.5 0.0 10.0 -5.2809
0.0 0.0 0.0 10.0 -8.366
0.0 2.5 0.0 10.0 38.7756
0.0 0.0 2.5 10.0 -6.6981
0.0 2.5 2.5 10.0 18.143300000000004
0.0 0.0 5.0 10.0 -3.4891
0.0 2.5 5.0 10.0 -4.9785
0.0 2.5 -10.0 11.25 -2.4918000000000005
0.0 5.0 -10.0 11.25 -1.5468
0.0 10.0 -10.0 11.25 -1.3617
0.0 2.5 -7.5 11.25 -4.7773
0.0 5.0 -7.5 11.25 -1.9592999999999998
0.0 7.5 -7.5 11.25 -1.3537
0.0 0.0 -5.0 11.25 -9.5308
0.0 2.5 -5.0 11.25 -3.1733000000000002
0.0 5.0 -5.0 11.25 -3.0408
0.0 -5.0 -2.5 11.25 -0.8215000000000001
0.0 -2.5 -2.5 11.25 -4.543200000000001
0.0 0.0 -2.5 11.25 -8.798
0.0 2.5 -2.5 11.25 -5.5784
0.0 5.0 -2.5 11.25 -3.6077
0.0 -5.0 0.0 11.25 -1.0775
0.0 -2.5 0.0 11.25 -3.0832
0.0 0.0 0.0 11.25 -7.4955
0.0 2.5 0.0 11.25 -8.4903
0.0 0.0 2.5 11.25 -4.1869
0.0 2.5 2.5 11.25 -5.864000000000001
0.0 0.0 5.0 11.25 -1.6806
0.0 2.5 5.0 11.25 -2.9920999999999998
0.0 -2.5 -10.0 12.5 -3.4048999999999996
0.0 2.5 -10.0 12.5 -1.3197
0.0 5.0 -10.0 12.5 -0.25229999999999997
0.0 7.5 -10.0 12.5 -0.40549999999999997
0.0 10.0 -10.0 12.5 -0.8727
0.0 -5.0 -7.5 12.5 -2.1328
0.0 0.0 -7.5 12.5 -4.611800000000001
0.0 2.5 -7.5 12.5 -1.7059
0.0 5.0 -7.5 12.5 -0.1431
0.0 7.5 -7.5 12.5 -0.08319999999999994
0.0 10.0 -7.5 12.5 -0.448
0.0 -2.5 -5.0 12.5 -3.8741
0.0 0.0 -5.0 12.5 -4.7393
0.0 2.5 -5.0 12.5 -2.8749000000000002
0.0 5.0 -5.0 12.5 -1.0305
0.0 -2.5 -2.5 12.5 -2.6725
0.0 0.0 -2.5 12.5 -4.8544
0.0 2.5 -2.5 12.5 -4.0898
0.0 5.0 -2.5 12.5 -1.5272999999999999
0.0 -5.0 0.0 12.5 -0.3497
0.0 -2.5 0.0 12.5 -1.9525000000000001
0.0 0.0 0.0 12.5 -4.1053
0.0 2.5 0.0 12.5 -4.5214
0.0 5.0 0.0 12.5 -2.6276
0.0 -2.5 2.5 12.5 -1.1404
0.0 0.0 2.5 12.5 -2.1871
0.0 2.5 2.5 12.5 -2.9359
0.0 7.5 2.5 12.5 -1.0354
0.0 0.0 5.0 12.5 -0.5857
0.0 2.5 5.0 12.5 -1.3113000000000001
0.0 5.0 5.0 12.5 -1.1002
0.0 -2.5 -10.0 13.75 -1.8112000000000001
0.0 0.0 -10.0 13.75 -1.1573
0.0 2.5 -10.0 13.75 -0.043899999999999995
0.0 5.0 -10.0 13.75 0.20839999999999997
0.0 7.5 -10.0 13.75 -0.1153
0.0 10.0 -10.0 13.75 -0.316
0.0 -5.0 -7.5 13.75 -0.6685
0.0 -2.5 -7.5 13.75 -2.3429
0.0 0.0 -7.5 13.75 -2.4423
0.0 2.5 -7.5 13.75 -1.2570000000000001
0.0 5.0 -7.5 13.75 -0.010200000000000042
0.0 7.5 -7.5 13.75 0.47909999999999997
0.0 10.0 -7.5 13.75 0.3308
0.0 -2.5 -5.0 13.75 -2.1585
0.0 0.0 -5.0 13.75 -2.6630000000000003
0.0 2.5 -5.0 13.75 -1.5586
0.0 5.0 -5.0 13.75 0.07880000000000004
0.0 7.5 -5.0 13.75 0.8374999999999999
0.0 -5.0 -2.5 13.75 -0.6789
0.0 -2.5 -2.5 13.75 -1.8644
0.0 0.0 -2.5 13.75 -2.6738999999999997
0.0 2.5 -2.5 13.75 -2.2608
0.0 5.0 -2.5 13.75 -1.1963
0.0 7.5 -2.5 13.75 0.08680000000000004
0.0 -5.0 0.0 13.75 -0.598
0.0 -2.5 0.0 13.75 -1.1195
0.0 0.0 0.0 13.75 -2.0201000000000002
0.0 2.5 0.0 13.75 -2.1608
0.0 5.0 0.0 13.75 -1.4219
0.0 7.5 0.0 13.75 -0.5713
0.0 10.0 0.0 13.75 0.1507
0.0 -5.0 2.5 13.75 -0.3409
0.0 -2.5 2.5 13.75 -0.5409
0.0 0.0 2.5 13.75 -1.0735000000000001
0.0 2.5 2.5 13.75 -1.4098000000000002
0.0 5.0 2.5 13.75 -1.0643
0.0 7.5 2.5 13.75 -0.5542
0.0 -2.5 5.0 13.75 -0.1991
0.0 0.0 5.0 13.75 -0.5354
0.0 2.5 5.0 13.75 -0.6355999999999999
0.0 5.0 5.0 13.75 -0.38780000000000003
0.0 7.5 5.0 13.75 -0.1923
0.0 10.0 5.0 13.75 0.23409999999999997
0.0 -5.0 -10.0 15.0 -0.16
0.0 -2.5 -10.0 15.0 -0.6851
0.0 0.0 -10.0 15.0 -0.7981
0.0 2.5 -10.0 15.0 -0.1748
0.0 5.0 -10.0 15.0 0.38249999999999995
0.0 7.5 -10.0 15.0 0.20340000000000003
0.0 10.0 -10.0 15.0 -0.25670000000000004
0.0 -5.0 -7.5 15.0 -0.7745
0.0 -2.5 -7.5 15.0 -1.1933
0.0 0.0 -7.5 15.0 -1.2364
0.0 2.5 -7.5 15.0 -0.302
0.0 5.0 -7.5 15.0 0.698
0.0 7.5 -7.5 15.0 0.6683
0.0 10.0 -7.5 15.0 0.23559999999999998
0.0 -5.0 -5.0 15.0 -0.7216
0.0 -2.5 -5.0 15.0 -1.1901
0.0 0.0 -5.0 15.0 -1.0102
0.0 2.5 -5.0 15.0 -0.4742
0.0 5.0 -5.0 15.0 0.17469999999999997
0.0 7.5 -5.0 15.0 0.7111000000000001
0.0 10.0 -5.0 15.0 0.7339
0.0 -5.0 -2.5 15.0 -0.4847
0.0 -2.5 -2.5 15.0 -0.7335999999999999
0.0 0.0 -2.5 15.0 -1.089
0.0 2.5 -2.5 15.0 -0.9579
0.0 5.0 -2.5 15.0 -0.32130000000000003
0.0 7.5 -2.5 15.0 0.028999999999999998
0.0 10.0 -2.5 15.0 0.6593
0.0 -5.0 0.0 15.0 -0.24159999999999998
0.0 -2.5 0.0 15.0 -0.36119999999999997
0.0 0.0 0.0 15.0 -0.8433999999999999
0.0 2.5 0.0 15.0 -0.9829
0.0 5.0 0.0 15.0 -0.7570999999999999
0.0 7.5 0.0 15.0 -0.1481
0.0 10.0 0.0 15.0 0.4816
0.0 -5.0 2.5 15.0 -0.0998
0.0 -2.5 2.5 15.0 -0.1984
0.0 0.0 2.5 15.0 -0.3406
0.0 2.5 2.5 15.0 -0.4221
0.0 5.0 2.5 15.0 -0.2306
0.0 7.5 2.5 15.0 0.06520000000000001
0.0 10.0 2.5 15.0 0.4282
0.0 -5.0 5.0 15.0 -0.0403
0.0 -2.5 5.0 15.0 -0.1316
0.0 0.0 5.0 15.0 -0.2601
0.0 2.5 5.0 15.0 -0.40259999999999996
0.0 5.0 5.0 15.0 -0.43179999999999996
0.0 7.5 5.0 15.0 -0.0595
0.0 10.0 5.0 15.0 0.3353
0.0 -5.0 -10.0 16.25 -0.31229999999999997
0.0 -2.5 -10.0 16.25 -0.1521
0.0 0.0 -10.0 16.25 -0.0295
0.0 2.5 -10.0 16.25 0.20260000000000003
0.0 5.0 -10.0 16.25 0.382
0.0 7.5 -10.0 16.25 0.08299999999999999
0.0 10.0 -10.0 16.25 -0.1603
0.0 -5.0 -7.5 16.25 -0.0751
0.0 -2.5 -7.5 16.25 -0.293
0.0 0.0 -7.5 16.25 -0.0882
0.0 2.5 -7.5 16.25 0.1517
0.0 5.0 -7.5 16.25 0.3237
0.0 7.5 -7.5 16.25 0.157
0.0 10.0 -7.5 16.25 0.0964
0.0 -5.0 -5.0 16.25 -0.19870000000000002
0.0 -2.5 -5.0 16.25 -0.5948
0.0 0.0 -5.0 16.25 -0.6712
0.0 2.5 -5.0 16.25 -0.4474
0.0 5.0 -5.0 16.25 0.05739999999999999
0.0 7.5 -5.0 16.25 0.22540000000000002
0.0 10.0 -5.0 16.25 0.1897
0.0 -5.0 -2.5 16.25 -0.1135
0.0 -2.5 -2.5 16.25 -0.41579999999999995
0.0 0.0 -2.5 16.25 -0.3315
0.0 2.5 -2.5 16.25 -0.41779999999999995
0.0 5.0 -2.5 16.25 -0.3251
0.0 7.5 -2.5 16.25 0.3835
0.0 10.0 -2.5 16.25 0.2888
0.0 -5.0 0.0 16.25 0.0227
0.0 -2.5 0.0 16.25 -0.273
0.0 0.0 0.0 16.25 -0.10339999999999999
0.0 2.5 0.0 16.25 -0.2707
0.0 5.0 0.0 16.25 -0.0897
0.0 7.5 0.0 16.25 0.4003
0.0 10.0 0.0 16.25 0.5979
0.0 -5.0 2.5 16.25 0.08549999999999999
0.0 -2.5 2.5 16.25 -0.08220000000000001
0.0 0.0 2.5 16.25 -0.2977
0.0 2.5 2.5 16.25 -0.39499999999999996
0.0 5.0 2.5 16.25 -0.2262
0.0 7.5 2.5 16.25 0.18
0.0 10.0 2.5 16.25 0.4737
0.0 -5.0 5.0 16.25 -0.0635
0.0 -2.5 5.0 16.25 -0.1093
0.0 0.0 5.0 16.25 -0.2047
0.0 2.5 5.0 16.25 -0.2795
0.0 5.0 5.0 16.25 -0.15300000000000002
0.0 7.5 5.0 16.25 0.2085
0.0 10.0 5.0 16.25 0.3172
60.0 -5.0 -10.0 3.75 235823024.49
60.0 -2.5 -10.0 3.75 10000000001.9708
60.0 0.0 -10.0 3.75 671928944.8384999
60.0 2.5 -10.0 3.75 10000000038.316801
60.0 5.0 -10.0 3.75 9999999913.859402
60.0 7.5 -10.0 3.75 4197677.778999999
60.0 10.0 -10.0 3.75 50791.1206
60.0 -5.0 -7.5 3.75 10000000175.3761
60.0 -2.5 -7.5 3.75 10000000063.3476
60.0 0.0 -7.5 3.75 10000000069.375801
60.0 2.5 -7.5 3.75 10000000089.569801
60.0 5.0 -7.5 3.75 9999999956.1046
60.0 7.5 -7.5 3.75 4156681.1002
60.0 10.0 -7.5 3.75 369.3357
60.0 -5.0 -5.0 3.75 2774446253.7695
60.0 -2.5 -5.0 3.75 1938807148.1499999
60.0 0.0 -5.0 3.75 10000000109.249102
60.0 2.5 -5.0 3.75 364848315.721
60.0 5.0 -5.0 3.75 9999999963.8862
60.0 7.5 -5.0 3.75 438658748.9666
60.0 10.0 -5.0 3.75 2.6471999999999998
60.0 -5.0 -2.5 3.75 57037999.8114
60.0 -2.5 -2.5 3.75 8542376503.479401
60.0 0.0 -2.5 3.75 9999999982.198101
60.0 2.5 -2.5 3.75 9999999973.2322
60.0 5.0 -2.5 3.75 1123488180.1968
60.0 7.5 -2.5 3.75 3641281.7243999997
60.0 10.0 -2.5 3.75 -0.8105000000000002
60.0 -5.0 0.0 3.75 465590480.3199
60.0 -2.5 0.0 3.75 2115797532.0546
60.0 0.0 0.0 3.75 2207820913.3007
60.0 2.5 0.0 3.75 4339860567.4303
60.0 5.0 0.0 3.75 1429114255.8369
60.0 7.5 0.0 3.75 8264229.5763
60.0 10.0 0.0 3.75 -12.8315
60.0 -5.0 2.5 3.75 173661.3117
60.0 -2.5 2.5 3.75 35846047.0083
60.0 0.0 2.5 3.75 4868443.5893
60.0 2.5 2.5 3.75 2872059533.3251996
60.0 5.0 2.5 3.75 10000000108.066301
60.0 7.5 2.5 3.75 1013392351.075
60.0 10.0 2.5 3.75 11.6904
60.0 -5.0 5.0 3.75 16.0981
60.0 -2.5 5.0 3.75 1578396642.6214998
60.0 0.0 5.0 3.75 7327554.5864
60.0 2.5 5.0 3.75 3614006223.9464
60.0 5.0 5.0 3.75 414786417.5124
60.0 7.5 5.0 3.75 73999.7284
60.0 10.0 5.0 3.75 -4.3717
60.0 0.0 -2.5 6.25 4381312551.4755
60.0 0.0 2.5 6.25 293259559.11
60.0 5.0 -7.5 7.5 18826218.3829
60.0 0.0 -5.0 7.5 959267859.3259001
60.0 0.0 -2.5 7.5 1116070167.8024
60.0 -2.5 0.0 7.5 17126593.4669
60.0 0.0 0.0 7.5 978658.5601
60.0 -2.5 2.5 7.5 3757546173.0707
60.0 0.0 2.5 7.5 15499990.8719
60.0 0.0 -7.5 8.75 3605359.357
60.0 0.0 -5.0 8.75 41814688.076
60.0 2.5 -5.0 8.75 37604537.5357
60.0 0.0 -2.5 8.75 8920.3764
60.0 -2.5 0.0 8.75 3274641.9565
60.0 0.0 0.0 8.75 6242.183
60.0 -2.5 2.5 8.75 3468.2901
60.0 0.0 2.5 8.75 2513600.533
60.0 2.5 2.5 8.75 475.8935
60.0 -5.0 5.0 8.75 -0.9786999999999999
60.0 -2.5 5.0 8.75 16.8579
60.0 0.0 5.0 8.75 8054.6595
60.0 0.0 -10.0 10.0 45.153800000000004
60.0 0.0 -7.5 10.0 78.4265
60.0 2.5 -7.5 10.0 26.177200000000003
60.0 5.0 -7.5 10.0 17.0318
60.0 0.0 -5.0 10.0 50.673199999999994
60.0 2.5 -5.0 10.0 1478.2384
60.0 0.0 -2.5 10.0 -3.0087
60.0 -2.5 0.0 10.0 15.230400000000001
60.0 0.0 0.0 10.0 23.7813
60.0 -5.0 2.5 10.0 -2.8307
60.0 -2.5 2.5 10.0 1.2559000000000005
60.0 0.0 2.5 10.0 409.19629999999995
60.0 2.5 2.5 10.0 5.7962
60.0 -2.5 5.0 10.0 -4.3657
60.0 0.0 5.0 10.0 9.2142
60.0 2.5 5.0 10.0 -4.7143999999999995
60.0 0.0 -10.0 11.25 -3.78
60.0 7.5 -10.0 11.25 -3.0089
60.0 10.0 -10.0 11.25 -1.312
60.0 -2.5 -7.5 11.25 -2.3741000000000003
60.0 0.0 -7.5 11.25 -2.8874
60.0 2.5 -7.5 11.25 -3.1873
60.0 5.0 -7.5 11.25 -2.8754
60.0 7.5 -7.5 11.25 -3.1155
60.0 10.0 -7.5 11.25 -1.3881
60.0 0.0 -5.0 11.25 -5.3453
60.0 2.5 -5.0 11.25 -3.5158000000000005
60.0 0.0 -2.5 11.25 -6.1666
60.0 -2.5 0.0 11.25 -6.29
60.0 0.0 0.0 11.25 -6.4078
60.0 2.5 0.0 11.25 -5.7587
60.0 -5.0 2.5 11.25 -2.4132
60.0 -2.5 2.5 11.25 -4.0055
60.0 0.0 2.5 11.25 -4.6115
60.0 2.5 2.5 11.25 -4.7641
60.0 -5.0 5.0 11.25 -0.8852
60.0 -2.5 5.0 11.25 -2.2800000000000002
60.0 0.0 5.0 11.25 -3.4021
60.0 2.5 5.0 11.25 -2.672
60.0 5.0 5.0 11.25 -1.9312
60.0 0.0 -10.0 12.5 -1.0822
60.0 2.5 -10.0 12.5 -1.2876
60.0 5.0 -10.0 12.5 -2.316
60.0 7.5 -10.0 12.5 -1.8556000000000001
60.0 10.0 -10.0 12.5 -0.8192999999999999
60.0 -2.5 -7.5 12.5 -1.2282
60.0 0.0 -7.5 12.5 -1.8272000000000002
60.0 2.5 -7.5 12.5 -1.5692000000000002
60.0 5.0 -7.5 12.5 -1.545
60.0 7.5 -7.5 12.5 -1.3445
60.0 10.0 -7.5 12.5 -0.9775999999999999
60.0 -5.0 -5.0 12.5 -2.4155
60.0 -2.5 -5.0 12.5 -2.6113999999999997
60.0 0.0 -5.0 12.5 -2.43
60.0 2.5 -5.0 12.5 -1.6853
60.0 -2.5 -2.5 12.5 -3.4473000000000003
60.0 0.0 -2.5 12.5 -2.7283
60.0 5.0 -2.5 12.5 -1.0441
60.0 -5.0 0.0 12.5 -2.8369
60.0 -2.5 0.0 12.5 -2.6064
60.0 0.0 0.0 12.5 -2.3883
60.0 2.5 0.0 12.5 -2.3796
60.0 -5.0 2.5 12.5 -1.5312000000000001
60.0 -2.5 2.5 12.5 -2.2038
60.0 0.0 2.5 12.5 -2.7241
60.0 2.5 2.5 12.5 -2.4645
60.0 -5.0 5.0 12.5 -0.6085
60.0 -2.5 5.0 12.5 -1.6417000000000002
60.0 0.0 5.0 12.5 -1.9845
60.0 2.5 5.0 12.5 -1.8252
60.0 5.0 5.0 12.5 -0.629
60.0 -2.5 -10.0 13.75 -0.8839
60.0 0.0 -10.0 13.75 -0.8622
60.0 2.5 -10.0 13.75 -1.466
60.0 5.0 -10.0 13.75 -1.331
60.0 7.5 -10.0 13.75 -0.9718
60.0 10.0 -10.0 13.75 -0.6657
60.0 -2.5 -7.5 13.75 -0.8338000000000001
60.0 0.0 -7.5 13.75 -0.759
60.0 2.5 -7.5 13.75 -0.7894000000000001
60.0 5.0 -7.5 13.75 -1.1280999999999999
60.0 7.5 -7.5 13.75 -1.0682
60.0 10.0 -7.5 13.75 -0.4111
60.0 -5.0 -5.0 13.75 -0.9986
60.0 -2.5 -5.0 13.75 -1.2376
60.0 0.0 -5.0 13.75 -0.499
60.0 2.5 -5.0 13.75 -0.2682
60.0 5.0 -5.0 13.75 -0.1508
60.0 7.5 -5.0 13.75 0.11150000000000002
60.0 10.0 -5.0 13.75 0.023000000000000007
60.0 -5.0 -2.5 13.75 -1.6053
60.0 -2.5 -2.5 13.75 -1.6832
60.0 0.0 -2.5 13.75 -1.0894
60.0 2.5 -2.5 13.75 -0.287
60.0 5.0 -2.5 13.75 -0.0021000000000000463
60.0 7.5 -2.5 13.75 0.7414000000000001
60.0 -5.0 0.0 13.75 -1.3672000000000002
60.0 -2.5 0.0 13.75 -2.0312
60.0 0.0 0.0 13.75 -1.6118000000000001
60.0 2.5 0.0 13.75 -1.1552
60.0 5.0 0.0 13.75 -0.2731
60.0 -5.0 2.5 13.75 -0.5484
60.0 -2.5 2.5 13.75 -1.4089
60.0 0.0 2.5 13.75 -1.9043999999999999
60.0 2.5 2.5 13.75 -1.4636
60.0 -5.0 5.0 13.75 -0.3777
60.0 -2.5 5.0 13.75 -0.9169999999999999
60.0 0.0 5.0 13.75 -1.2147000000000001
60.0 2.5 5.0 13.75 -0.8442000000000001
60.0 5.0 5.0 13.75 -0.20400000000000001
60.0 -5.0 -10.0 15.0 -0.4942
60.0 -2.5 -10.0 15.0 -0.1854
60.0 0.0 -10.0 15.0 -0.3908
60.0 2.5 -10.0 15.0 -0.1546
60.0 5.0 -10.0 15.0 -0.25429999999999997
60.0 7.5 -10.0 15.0 -0.47009999999999996
60.0 10.0 -10.0 15.0 -0.2978
60.0 -5.0 -7.5 15.0 -0.7331
60.0 -2.5 -7.5 15.0 -0.6914
60.0 0.0 -7.5 15.0 -0.46609999999999996
60.0 2.5 -7.5 15.0 -0.2077
60.0 5.0 -7.5 15.0 -0.127
60.0 7.5 -7.5 15.0 -0.1881
60.0 10.0 -7.5 15.0 -0.1158
60.0 -5.0 -5.0 15.0 -0.9012
60.0 -2.5 -5.0 15.0 -0.6688000000000001
60.0 0.0 -5.0 15.0 -0.1452
60.0 2.5 -5.0 15.0 0.2151
60.0 5.0 -5.0 15.0 0.02839999999999998
60.0 7.5 -5.0 15.0 0.0964
60.0 10.0 -5.0 15.0 0.06620000000000001
60.0 -5.0 -2.5 15.0 -0.5186
60.0 -2.5 -2.5 15.0 -0.7523
60.0 0.0 -2.5 15.0 -0.20779999999999998
60.0 2.5 -2.5 15.0 -0.057499999999999996
60.0 5.0 -2.5 15.0 0.4182
60.0 7.5 -2.5 15.0 0.2258
60.0 10.0 -2.5 15.0 0.14650000000000002
60.0 -5.0 0.0 15.0 -0.18569999999999998
60.0 -2.5 0.0 15.0 -0.4797
60.0 0.0 0.0 15.0 -0.6933
60.0 2.5 0.0 15.0 -0.5886
60.0 5.0 0.0 15.0 0.2735
60.0 7.5 0.0 15.0 0.48719999999999997
60.0 10.0 0.0 15.0 0.44789999999999996
60.0 -5.0 2.5 15.0 -0.3883
60.0 -2.5 2.5 15.0 -0.7816
60.0 0.0 2.5 15.0 -0.9506
60.0 2.5 2.5 15.0 -0.6422
60.0 5.0 2.5 15.0 0.0966
60.0 7.5 2.5 15.0 0.5156
60.0 10.0 2.5 15.0 0.4115
60.0 -5.0 5.0 15.0 -0.24439999999999998
60.0 -2.5 5.0 15.0 -0.6021000000000001
60.0 0.0 5.0 15.0 -0.7145
60.0 2.5 5.0 15.0 -0.3155
60.0 5.0 5.0 15.0 0.17609999999999998
60.0 -5.0 -10.0 16.25 -0.2259
60.0 -2.5 -10.0 16.25 -0.1934
60.0 0.0 -10.0 16.25 0.1544
60.0 2.5 -10.0 16.25 -0.008399999999999998
60.0 5.0 -10.0 16.25 -0.1336
60.0 7.5 -10.0 16.25 -0.2026
60.0 10.0 -10.0 16.25 -0.19949999999999998
60.0 -5.0 -7.5 16.25 -0.3024
60.0 -2.5 -7.5 16.25 -0.07919999999999999
60.0 0.0 -7.5 16.25 0.21219999999999997
60.0 2.5 -7.5 16.25 0.1546
60.0 5.0 -7.5 16.25 -0.1557
60.0 7.5 -7.5 16.25 -0.1328
60.0 10.0 -7.5 16.25 -0.129
60.0 -5.0 -5.0 16.25 -0.103
60.0 -2.5 -5.0 16.25 -0.1425
60.0 0.0 -5.0 16.25 0.2304
60.0 2.5 -5.0 16.25 0.3963
60.0 5.0 -5.0 16.25 0.3505
60.0 7.5 -5.0 16.25 0.0456
60.0 10.0 -5.0 16.25 0.0679
60.0 -5.0 -2.5 16.25 0.039299999999999995
60.0 -2.5 -2.5 16.25 0.0342
60.0 0.0 -2.5 16.25 -0.1472
60.0 2.5 -2.5 16.25 0.1226
60.0 5.0 -2.5 16.25 0.23920000000000002
60.0 7.5 -2.5 16.25 0.3282
60.0 10.0 -2.5 16.25 0.2511
60.0 -5.0 0.0 16.25 -0.2551
60.0 -2.5 0.0 16.25 -0.4716
60.0 0.0 0.0 16.25 -0.6509
60.0 2.5 0.0 16.25 -0.1471
60.0 5.0 0.0 16.25 0.2276
60.0 7.5 0.0 16.25 0.41119999999999995
60.0 10.0 0.0 16.25 0.2843
60.0 -5.0 2.5 16.25 -0.2656
60.0 -2.5 2.5 16.25 -0.5826
60.0 0.0 2.5 16.25 -0.5304
60.0 2.5 2.5 16.25 -0.2182
60.0 5.0 2.5 16.25 0.2104
60.0 7.5 2.5 16.25 0.3923
60.0 10.0 2.5 16.25 0.2636
60.0 -5.0 5.0 16.25 -0.2026
60.0 -2.5 5.0 16.25 -0.209
60.0 0.0 5.0 16.25 -0.2157
60.0 2.5 5.0 16.25 -0.0922
60.0 5.0 5.0 16.25 0.21359999999999998
60.0 7.5 5.0 16.25 0.343
60.0 10.0 5.0 16.25 0.1992
120.0 -5.0 -10.0 3.75 514374576.5418
120.0 -2.5 -10.0 3.75 9999999964.681301
120.0 0.0 -10.0 3.75 106493057.9942
120.0 2.5 -10.0 3.75 9999999718.0191
120.0 5.0 -10.0 3.75 10000000003.6467
120.0 7.5 -10.0 3.75 11055960.710199999
120.0 10.0 -10.0 3.75 74857.6948
120.0 -5.0 -7.5 3.75 6443785825.9479
120.0 -2.5 -7.5 3.75 10000000029.2633
120.0 0.0 -7.5 3.75 10000000386.542702
120.0 2.5 -7.5 3.75 9999999987.1117
120.0 5.0 -7.5 3.75 2317078.7982
120.0 7.5 -7.5 3.75 43611212.992300004
120.0 10.0 -7.5 3.75 883.8289000000001
120.0 -5.0 -5.0 3.75 9999999916.174002
120.0 -2.5 -5.0 3.75 10000000053.4129
120.0 0.0 -5.0 3.75 10000000038.4424
120.0 2.5 -5.0 3.75 1437251932.6053
120.0 5.0 -5.0 3.75 9999999859.2737
120.0 7.5 -5.0 3.75 894905.7492999999
120.0 10.0 -5.0 3.75 124088922.061
120.0 -5.0 -2.5 3.75 211082255.7173
120.0 -2.5 -2.5 3.75 9999999949.933102
120.0 0.0 -2.5 3.75 9999999998.5351
120.0 2.5 -2.5 3.75 9999999959.511002
120.0 5.0 -2.5 3.75 172089996.0189
120.0 7.5 -2.5 3.75 22115.8321
120.0 10.0 -2.5 3.75 1945.6957
120.0 -5.0 0.0 3.75 10430993.3694
120.0 -2.5 0.0 3.75 9999999976.053701
120.0 0.0 0.0 3.75 9999999922.1989
120.0 2.5 0.0 3.75 86621341.08989999
120.0 5.0 0.0 3.75 19221.6004
120.0 7.5 0.0 3.75 360.4932
120.0 10.0 0.0 3.75 -4.4762
120.0 -5.0 2.5 3.75 19943.0602
120.0 -2.5 2.5 3.75 21654799.001700003
120.0 0.0 2.5 3.75 9999999955.635302
120.0 2.5 2.5 3.75 376588797.4806
120.0 5.0 2.5 3.75 89893.0497
120.0 7.5 2.5 3.75 32.094800000000006
120.0 10.0 2.5 3.75 -5.0669
120.0 -5.0 5.0 3.75 827.0629
120.0 -2.5 5.0 3.75 12963203.7778
120.0 0.0 5.0 3.75 9999999972.100302
120.0 2.5 5.0 3.75 1529557.4671
120.0 5.0 5.0 3.75 1975270.5357
120.0 7.5 5.0 3.75 -8.6558
120.0 10.0 5.0 3.75 -4.2726
120.0 -2.5 0.0 5.0 5770092971.9309
120.0 -2.5 2.5 5.0 10000000002.236101
120.0 0.0 -2.5 6.25 10000000011.676
120.0 -2.5 0.0 6.25 205396850.1254
120.0 -2.5 2.5 6.25 5579600758.7048
120.0 -2.5 5.0 6.25 400432.3849
120.0 0.0 -7.5 7.5 323846900.9983
120.0 -2.5 -5.0 7.5 1212132.0524
120.0 0.0 -5.0 7.5 10000000015.2886
120.0 -2.5 -2.5 7.5 2769329760.3111
120.0 0.0 -2.5 7.5 522913240.76489997
120.0 -2.5 0.0 7.5 442818472.3344
120.0 -2.5 2.5 7.5 4167.0661
120.0 0.0 2.5 7.5 10000000002.7313
120.0 -2.5 5.0 7.5 69.1825
120.0 0.0 -7.5 8.75 57177.2794
120.0 -2.5 -5.0 8.75 209.3725
120.0 0.0 -5.0 8.75 153384.1992
120.0 2.5 -5.0 8.75 9945.2499
120.0 -2.5 -2.5 8.75 28676946.3948
120.0 0.0 -2.5 8.75 2353534976.7114
120.0 -2.5 0.0 8.75 11447.6255
120.0 0.0 0.0 8.75 3039.7578
120.0 -2.5 2.5 8.75 -5.2777
120.0 0.0 2.5 8.75 412.06960000000004
120.0 -5.0 5.0 8.75 -1.5911
120.0 -2.5 5.0 8.75 -5.5511
120.0 0.0 -7.5 10.0 44.8198
120.0 2.5 -7.5 10.0 -4.323899999999999
120.0 -2.5 -5.0 10.0 -9.8574
120.0 0.0 -5.0 10.0 33.4052
120.0 2.5 -5.0 10.0 44.4023
120.0 -2.5 -2.5 10.0 460.2515
120.0 0.0 -2.5 10.0 54.4641
120.0 -2.5 0.0 10.0 16.1933
120.0 0.0 0.0 10.0 26.627699999999997
120.0 -2.5 2.5 10.0 -6.884600000000001
120.0 0.0 2.5 10.0 -7.984299999999999
120.0 2.5 2.5 10.0 -1.9106999999999998
120.0 -5.0 5.0 10.0 -1.3526
120.0 -2.5 5.0 10.0 -3.0226
120.0 0.0 5.0 10.0 -3.5976
120.0 0.0 -10.0 11.25 -1.4859999999999998
120.0 2.5 -10.0 11.25 -1.9416000000000002
120.0 5.0 -10.0 11.25 -2.4611
120.0 7.5 -10.0 11.25 -2.2377
120.0 0.0 -7.5 11.25 -2.2670000000000003
120.0 2.5 -7.5 11.25 -1.2464
120.0 5.0 -7.5 11.25 -0.19540000000000002
120.0 -2.5 -5.0 11.25 -6.0602
120.0 0.0 -5.0 11.25 -4.837
120.0 2.5 -5.0 11.25 -2.0993000000000004
120.0 -5.0 -2.5 11.25 -5.6358999999999995
120.0 -2.5 -2.5 11.25 -5.2897
120.0 0.0 -2.5 11.25 -5.2062
120.0 -5.0 0.0 11.25 -4.8146
120.0 -2.5 0.0 11.25 -6.2875
120.0 0.0 0.0 11.25 -5.7616
120.0 2.5 0.0 11.25 -4.1
120.0 5.0 0.0 11.25 1.6114000000000002
120.0 -5.0 2.5 11.25 -2.7596
120.0 -2.5 2.5 11.25 -3.9646
120.0 0.0 2.5 11.25 -4.171799999999999
120.0 2.5 2.5 11.25 -3.622
120.0 -5.0 5.0 11.25 -1.1775
120.0 -2.5 5.0 11.25 -1.6046
120.0 0.0 5.0 11.25 -1.642
120.0 2.5 5.0 11.25 -1.3996
120.0 -5.0 -10.0 12.5 -1.988
120.0 0.0 -10.0 12.5 -0.7456
120.0 2.5 -10.0 12.5 -0.6635
120.0 5.0 -10.0 12.5 -0.7067000000000001
120.0 7.5 -10.0 12.5 -1.292
120.0 10.0 -10.0 12.5 -1.0144
120.0 -2.5 -7.5 12.5 -1.6332
120.0 0.0 -7.5 12.5 -0.7763
120.0 2.5 -7.5 12.5 0.21850000000000014
120.0 5.0 -7.5 12.5 0.24970000000000003
120.0 -2.5 -5.0 12.5 -2.1441
120.0 0.0 -5.0 12.5 -1.2547
120.0 2.5 -5.0 12.5 -0.16860000000000008
120.0 -5.0 -2.5 12.5 -2.7266
120.0 -2.5 -2.5 12.5 -2.5867
120.0 0.0 -2.5 12.5 -1.7638
120.0 -5.0 0.0 12.5 -2.3245999999999998
120.0 -2.5 0.0 12.5 -3.5758
120.0 0.0 0.0 12.5 -2.5936000000000003
120.0 2.5 0.0 12.5 -1.9856000000000003
120.0 5.0 0.0 12.5 -0.7562
120.0 -5.0 2.5 12.5 -1.7365
120.0 -2.5 2.5 12.5 -2.2322
120.0 0.0 2.5 12.5 -2.1271
120.0 2.5 2.5 12.5 -1.3907
120.0 5.0 2.5 12.5 -0.5123
120.0 -5.0 5.0 12.5 -0.9736
120.0 -2.5 5.0 12.5 -1.0525
120.0 0.0 5.0 12.5 -0.9482999999999999
120.0 2.5 5.0 12.5 -0.5248999999999999
120.0 5.0 5.0 12.5 -0.14500000000000002
120.0 7.5 5.0 12.5 0.1456
120.0 -5.0 -10.0 13.75 -0.7547999999999999
120.0 -2.5 -10.0 13.75 -0.26080000000000003
120.0 0.0 -10.0 13.75 0.042200000000000015
120.0 2.5 -10.0 13.75 -0.284
120.0 5.0 -10.0 13.75 -0.5948
120.0 7.5 -10.0 13.75 -0.5877
120.0 10.0 -10.0 13.75 -0.7332000000000001
120.0 -2.5 -7.5 13.75 -0.4445
120.0 0.0 -7.5 13.75 -0.10410000000000008
120.0 2.5 -7.5 13.75 -0.5082
120.0 5.0 -7.5 13.75 -0.41190000000000004
120.0 7.5 -7.5 13.75 -0.6474
120.0 10.0 -7.5 13.75 -0.7132000000000001
120.0 -5.0 -5.0 13.75 -1.2665
120.0 -2.5 -5.0 13.75 -0.3465
120.0 0.0 -5.0 13.75 0.4567999999999999
120.0 2.5 -5.0 13.75 0.2046
120.0 -5.0 -2.5 13.75 -1.6053000000000002
120.0 -2.5 -2.5 13.75 -1.2992
120.0 0.0 -2.5 13.75 -0.46509999999999996
120.0 2.5 -2.5 13.75 0.19100000000000006
120.0 -5.0 0.0 13.75 -1.8173000000000001
120.0 -2.5 0.0 13.75 -1.6724
120.0 0.0 0.0 13.75 -1.1482
120.0 2.5 0.0 13.75 -0.42850000000000005
120.0 -5.0 2.5 13.75 -1.0284
120.0 -2.5 2.5 13.75 -1.1924
120.0 0.0 2.5 13.75 -1.0351
120.0 2.5 2.5 13.75 -0.3163
120.0 5.0 2.5 13.75 0.04239999999999999
120.0 7.5 2.5 13.75 0.1386
120.0 -5.0 5.0 13.75 -0.3427
120.0 -2.5 5.0 13.75 -0.6805
120.0 0.0 5.0 13.75 -0.4471
120.0 2.5 5.0 13.75 -0.1403
120.0 5.0 5.0 13.75 0.16249999999999998
120.0 7.5 5.0 13.75 0.2644
120.0 -5.0 -10.0 15.0 0.07780000000000001
120.0 -2.5 -10.0 15.0 0.14409999999999998
120.0 0.0 -10.0 15.0 -0.1488
120.0 2.5 -10.0 15.0 -0.42700000000000005
120.0 5.0 -10.0 15.0 -0.5602
120.0 7.5 -10.0 15.0 -0.5555
120.0 10.0 -10.0 15.0 -0.2964
120.0 -5.0 -7.5 15.0 -0.3621
120.0 -2.5 -7.5 15.0 0.1265
120.0 0.0 -7.5 15.0 0.2048
120.0 2.5 -7.5 15.0 0.3852
120.0 5.0 -7.5 15.0 0.1104
120.0 7.5 -7.5 15.0 -0.3161
120.0 10.0 -7.5 15.0 -0.31079999999999997
120.0 -5.0 -5.0 15.0 -0.6307
120.0 -2.5 -5.0 15.0 -0.2407
120.0 0.0 -5.0 15.0 0.1529
120.0 2.5 -5.0 15.0 0.3945
120.0 5.0 -5.0 15.0 0.6682
120.0 7.5 -5.0 15.0 -0.11679999999999999
120.0 10.0 -5.0 15.0 -0.2056
120.0 -5.0 -2.5 15.0 -0.7116
120.0 -2.5 -2.5 15.0 -0.596
120.0 0.0 -2.5 15.0 -0.203
120.0 2.5 -2.5 15.0 0.23700000000000002
120.0 5.0 -2.5 15.0 0.4616
120.0 7.5 -2.5 15.0 0.24669999999999997
120.0 10.0 -2.5 15.0 -0.0695
120.0 -5.0 0.0 15.0 -0.9610000000000001
120.0 -2.5 0.0 15.0 -1.0011
120.0 0.0 0.0 15.0 -0.62
120.0 2.5 0.0 15.0 0.07119999999999999
120.0 5.0 0.0 15.0 0.3931
120.0 10.0 0.0 15.0 0.0372
120.0 -5.0 2.5 15.0 -0.6108
120.0 -2.5 2.5 15.0 -0.5404
120.0 0.0 2.5 15.0 -0.2025
120.0 2.5 2.5 15.0 0.02389999999999999
120.0 5.0 2.5 15.0 0.2602
120.0 7.5 2.5 15.0 0.1418
120.0 10.0 2.5 15.0 0.11370000000000001
120.0 -5.0 5.0 15.0 -0.18760000000000002
120.0 -2.5 5.0 15.0 -0.16449999999999998
120.0 0.0 5.0 15.0 -0.0765
120.0 2.5 5.0 15.0 0.2273
120.0 5.0 5.0 15.0 0.2747
120.0 7.5 5.0 15.0 0.20220000000000002
120.0 10.0 5.0 15.0 0.0945
120.0 -5.0 -10.0 16.25 0.004200000000000002
120.0 -2.5 -10.0 16.25 0.3881
120.0 0.0 -10.0 16.25 0.06470000000000001
120.0 2.5 -10.0 16.25 -0.1593
120.0 5.0 -10.0 16.25 -0.2586
120.0 7.5 -10.0 16.25 -0.2647
120.0 10.0 -10.0 16.25 -0.1004
120.0 -5.0 -7.5 16.25 0.17099999999999999
120.0 -2.5 -7.5 16.25 0.3782
120.0 0.0 -7.5 16.25 0.5395000000000001
120.0 2.5 -7.5 16.25 0.3999
120.0 5.0 -7.5 16.25 0.0763
120.0 7.5 -7.5 16.25 -0.0933
120.0 10.0 -7.5 16.25 -0.0015
120.0 -5.0 -5.0 16.25 -0.297
120.0 -2.5 -5.0 16.25 -0.0646
120.0 0.0 -5.0 16.25 0.33449999999999996
120.0 2.5 -5.0 16.25 0.6687
120.0 5.0 -5.0 16.25 0.1859
120.0 7.5 -5.0 16.25 0.006699999999999999
120.0 10.0 -5.0 16.25 0.026299999999999997
120.0 -5.0 -2.5 16.25 -0.8605999999999999
120.0 -2.5 -2.5 16.25 -0.5077
120.0 0.0 -2.5 16.25 0.09409999999999999
120.0 2.5 -2.5 16.25 0.40709999999999996
120.0 5.0 -2.5 16.25 0.2991
120.0 7.5 -2.5 16.25 0.0346
120.0 10.0 -2.5 16.25 0.0511
120.0 -5.0 0.0 16.25 -0.41359999999999997
120.0 -2.5 0.0 16.25 -0.3891
120.0 0.0 0.0 16.25 -0.0688
120.0 2.5 0.0 16.25 0.24459999999999998
120.0 5.0 0.0 16.25 0.25039999999999996
120.0 7.5 0.0 16.25 0.06749999999999999
120.0 10.0 0.0 16.25 0.062400000000000004
120.0 -5.0 2.5 16.25 -0.20929999999999999
120.0 -2.5 2.5 16.25 -0.3322
120.0 0.0 2.5 16.25 -0.0562
120.0 2.5 2.5 16.25 0.2724
120.0 5.0 2.5 16.25 0.2062
120.0 7.5 2.5 16.25 0.1472
120.0 10.0 2.5 16.25 0.08109999999999999
120.0 -5.0 5.0 16.25 -0.1076
120.0 -2.5 5.0 16.25 -0.0104
120.0 0.0 5.0 16.25 0.1616
120.0 2.5 5.0 16.25 0.2235
120.0 5.0 5.0 16.25 0.2233
120.0 7.5 5.0 16.25 0.10149999999999999
120.0 10.0 5.0 16.25 0.053000000000000005
180.0 -5.0 -10.0 3.75 7894275608.3781
180.0 -2.5 -10.0 3.75 9999999980.731602
180.0 0.0 -10.0 3.75 39607095.2087
180.0 2.5 -10.0 3.75 2148783358.5106997
180.0 5.0 -10.0 3.75 10000000078.5802
180.0 7.5 -10.0 3.75 9999999986.443901
180.0 10.0 -10.0 3.75 140520.25340000002
180.0 -5.0 -7.5 3.75 2867238689.6658
180.0 -2.5 -7.5 3.75 10000000104.301601
180.0 0.0 -7.5 3.75 10000000092.480701
180.0 2.5 -7.5 3.75 7269403140.5413
180.0 5.0 -7.5 3.75 155701922.3498
180.0 7.5 -7.5 3.75 207305409.3632
180.0 10.0 -7.5 3.75 13551.1654
180.0 -5.0 -5.0 3.75 10000000049.346401
180.0 -2.5 -5.0 3.75 81966050.9631
180.0 0.0 -5.0 3.75 9999999956.360802
180.0 2.5 -5.0 3.75 364466974.664
180.0 5.0 -5.0 3.75 10000000126.7521
180.0 7.5 -5.0 3.75 3354.2142999999996
180.0 10.0 -5.0 3.75 61945.18979999999
180.0 -5.0 -2.5 3.75 10000000095.7301
180.0 -2.5 -2.5 3.75 269654959.5273
180.0 0.0 -2.5 3.75 9999999971.727701
180.0 2.5 -2.5 3.75 289565262.7668
180.0 5.0 -2.5 3.75 10000000062.7021
180.0 7.5 -2.5 3.75 2105447845.8908
180.0 10.0 -2.5 3.75 405660.1777
180.0 -5.0 0.0 3.75 10231836.9943
180.0 -2.5 0.0 3.75 10000000057.6625
180.0 0.0 0.0 3.75 3916540.5923
180.0 2.5 0.0 3.75 308338681.8007
180.0 5.0 0.0 3.75 19951.4899
180.0 7.5 0.0 3.75 535762.4354
180.0 10.0 0.0 3.75 76555678.5408
180.0 -5.0 2.5 3.75 25072.4591
180.0 -2.5 2.5 3.75 5219370980.0232
180.0 0.0 2.5 3.75 51121881.224800006
180.0 2.5 2.5 3.75 8666094.8354
180.0 5.0 2.5 3.75 161.0713
180.0 7.5 2.5 3.75 138492.0258
180.0 10.0 2.5 3.75 536595246.8019
180.0 -5.0 5.0 3.75 -5.0886
180.0 -2.5 5.0 3.75 49.7832
180.0 0.0 5.0 3.75 26165.861
180.0 2.5 5.0 3.75 43.5295
180.0 5.0 5.0 3.75 0.7130999999999998
180.0 7.5 5.0 3.75 250.8567
180.0 10.0 5.0 3.75 1242.0806
180.0 -2.5 2.5 5.0 312835713.58540004
180.0 -2.5 -2.5 6.25 152046655.70569998
180.0 -2.5 0.0 6.25 171741344.14229998
180.0 -2.5 -2.5 7.5 9999999958.379501
180.0 -2.5 0.0 7.5 125714377.4883
180.0 -2.5 2.5 7.5 112.61559999999999
180.0 0.0 2.5 7.5 222126.9773
180.0 2.5 2.5 7.5 10000000014.054201
180.0 2.5 -10.0 8.75 100494.91179999999
180.0 -2.5 -7.5 8.75 88782620.3332
180.0 2.5 -7.5 8.75 1863.0721
180.0 5.0 -7.5 8.75 90.271
180.0 -5.0 -5.0 8.75 -6.4126
180.0 -2.5 -5.0 8.75 148481.9811
180.0 -5.0 -2.5 8.75 -8.5787
180.0 -2.5 -2.5 8.75 1363.9188000000001
180.0 0.0 -2.5 8.75 364297.85229999997
180.0 -5.0 0.0 8.75 -7.976100000000001
180.0 -2.5 0.0 8.75 193.4955
180.0 0.0 0.0 8.75 2878478.1672
180.0 -5.0 2.5 8.75 -2.4112
180.0 -2.5 2.5 8.75 -7.2509999999999994
180.0 0.0 2.5 8.75 576.1170000000001
180.0 2.5 2.5 8.75 1688889.6035999998
180.0 0.0 5.0 8.75 -2.1749
180.0 2.5 5.0 8.75 71.24640000000001
180.0 2.5 -10.0 10.0 115.0048
180.0 -2.5 -7.5 10.0 18.8075
180.0 0.0 -7.5 10.0 156.419
180.0 2.5 -7.5 10.0 1.1779000000000002
180.0 5.0 -7.5 10.0 -5.5545
180.0 -5.0 -5.0 10.0 -10.1277
180.0 -2.5 -5.0 10.0 62.864599999999996
180.0 0.0 -5.0 10.0 90.68350000000001
180.0 -5.0 -2.5 10.0 -7.795100000000001
180.0 -2.5 -2.5 10.0 -10.186900000000001
180.0 0.0 -2.5 10.0 278.9698
180.0 -5.0 0.0 10.0 -4.4693000000000005
180.0 -2.5 0.0 10.0 -9.1157
180.0 0.0 0.0 10.0 75.9034
180.0 -5.0 2.5 10.0 -1.9605000000000001
180.0 -2.5 2.5 10.0 -4.1741
180.0 0.0 2.5 10.0 -4.7818
180.0 2.5 2.5 10.0 2872.4703
180.0 -2.5 5.0 10.0 -1.2116
180.0 0.0 5.0 10.0 -1.9394
180.0 2.5 5.0 10.0 -0.2663
180.0 5.0 5.0 10.0 0.9654
180.0 -2.5 -10.0 11.25 -5.118
180.0 2.5 -10.0 11.25 -2.3665
180.0 5.0 -10.0 11.25 -3.6102
180.0 -2.5 -7.5 11.25 -5.828200000000001
180.0 0.0 -7.5 11.25 -3.8103000000000002
180.0 2.5 -7.5 11.25 -1.1012
180.0 5.0 -7.5 11.25 -2.2651
180.0 -5.0 -5.0 11.25 -5.196400000000001
180.0 -2.5 -5.0 11.25 -7.0972
180.0 0.0 -5.0 11.25 -5.7655
180.0 -5.0 -2.5 11.25 -3.8743
180.0 -2.5 -2.5 11.25 -6.3757
180.0 0.0 -2.5 11.25 -6.5762
180.0 -5.0 0.0 11.25 -2.281
180.0 -2.5 0.0 11.25 -4.2027
180.0 0.0 0.0 11.25 -5.0879
180.0 -5.0 2.5 11.25 -1.3941999999999999
180.0 -2.5 2.5 11.25 -2.5583
180.0 0.0 2.5 11.25 -3.0656
180.0 2.5 2.5 11.25 -0.0842
180.0 -5.0 5.0 11.25 -0.2892
180.0 -2.5 5.0 11.25 -0.7234
180.0 0.0 5.0 11.25 -1.1015
180.0 2.5 5.0 11.25 -0.45569999999999994
180.0 5.0 5.0 11.25 0.5260999999999999
180.0 7.5 5.0 11.25 0.49250000000000005
180.0 -2.5 -10.0 12.5 -1.6989
180.0 0.0 -10.0 12.5 -0.8009
180.0 2.5 -10.0 12.5 -0.7330000000000001
180.0 5.0 -10.0 12.5 -1.7455
180.0 7.5 -10.0 12.5 -1.3341
180.0 -2.5 -7.5 12.5 -2.9209
180.0 0.0 -7.5 12.5 -1.0726999999999998
180.0 2.5 -7.5 12.5 0.19779999999999998
180.0 5.0 -7.5 12.5 -0.26439999999999997
180.0 -5.0 -5.0 12.5 -3.0701
180.0 -2.5 -5.0 12.5 -3.6496
180.0 0.0 -5.0 12.5 -2.0709
180.0 2.5 -5.0 12.5 0.0625
180.0 5.0 -5.0 12.5 0.0724999999999999
180.0 -5.0 -2.5 12.5 -2.7342
180.0 -2.5 -2.5 12.5 -3.4582999999999995
180.0 0.0 -2.5 12.5 -2.9524
180.0 2.5 -2.5 12.5 -0.44789999999999996
180.0 5.0 -2.5 12.5 0.3832
180.0 -5.0 0.0 12.5 -2.0509
180.0 -2.5 0.0 12.5 -2.4347
180.0 0.0 0.0 12.5 -2.4623999999999997
180.0 2.5 0.0 12.5 -0.6901999999999999
180.0 -5.0 2.5 12.5 -0.6816
180.0 -2.5 2.5 12.5 -1.2155
180.0 0.0 2.5 12.5 -1.2938
180.0 2.5 2.5 12.5 -0.6850999999999999
180.0 5.0 2.5 12.5 0.5957
180.0 -5.0 5.0 12.5 -0.1461
180.0 -2.5 5.0 12.5 -0.402
180.0 0.0 5.0 12.5 -0.3782
180.0 2.5 5.0 12.5 -0.21400000000000002
180.0 5.0 5.0 12.5 0.060200000000000004
180.0 7.5 5.0 12.5 -0.009899999999999992
180.0 10.0 5.0 12.5 -0.33749999999999997
180.0 -5.0 -10.0 13.75 -0.9842
180.0 -2.5 -10.0 13.75 -0.4106
180.0 0.0 -10.0 13.75 0.6204000000000001
180.0 2.5 -10.0 13.75 0.15260000000000007
180.0 5.0 -10.0 13.75 -0.7301
180.0 7.5 -10.0 13.75 -1.0307
180.0 -5.0 -7.5 13.75 -1.2759
180.0 -2.5 -7.5 13.75 -0.32839999999999997
180.0 0.0 -7.5 13.75 0.5388999999999999
180.0 2.5 -7.5 13.75 0.3789
180.0 5.0 -7.5 13.75 -0.4856
180.0 10.0 -7.5 13.75 -0.5892
180.0 -5.0 -5.0 13.75 -1.3666
180.0 -2.5 -5.0 13.75 -1.2014
180.0 0.0 -5.0 13.75 -0.6468
180.0 2.5 -5.0 13.75 0.18999999999999995
180.0 5.0 -5.0 13.75 0.2725
180.0 -5.0 -2.5 13.75 -1.813
180.0 -2.5 -2.5 13.75 -1.7731
180.0 0.0 -2.5 13.75 -1.2667
180.0 2.5 -2.5 13.75 0.09409999999999996
180.0 5.0 -2.5 13.75 1.1071
180.0 -5.0 0.0 13.75 -1.2065000000000001
180.0 -2.5 0.0 13.75 -1.424
180.0 0.0 0.0 13.75 -0.9519
180.0 2.5 0.0 13.75 -0.09139999999999998
180.0 5.0 0.0 13.75 0.7889999999999999
180.0 7.5 0.0 13.75 0.3322
180.0 -5.0 2.5 13.75 -0.44110000000000005
180.0 -2.5 2.5 13.75 -0.664
180.0 0.0 2.5 13.75 -0.5522
180.0 2.5 2.5 13.75 -0.1406
180.0 5.0 2.5 13.75 0.019800000000000012
180.0 7.5 2.5 13.75 -0.0632
180.0 10.0 2.5 13.75 -0.4124
180.0 -5.0 5.0 13.75 -0.1069
180.0 -2.5 5.0 13.75 -0.1339
180.0 0.0 5.0 13.75 -0.1379
180.0 2.5 5.0 13.75 -0.0015000000000000013
180.0 5.0 5.0 13.75 0.10630000000000002
180.0 7.5 5.0 13.75 0.03439999999999999
180.0 -5.0 -10.0 15.0 -0.3055
180.0 -2.5 -10.0 15.0 0.389
180.0 0.0 -10.0 15.0 0.40259999999999996
180.0 2.5 -10.0 15.0 0.1937
180.0 5.0 -10.0 15.0 -0.3838
180.0 7.5 -10.0 15.0 -0.1338
180.0 10.0 -10.0 15.0 0.0379
180.0 -5.0 -7.5 15.0 -0.7255999999999999
180.0 -2.5 -7.5 15.0 -0.1844
180.0 0.0 -7.5 15.0 0.37239999999999995
180.0 2.5 -7.5 15.0 0.3173
180.0 5.0 -7.5 15.0 0.1076
180.0 7.5 -7.5 15.0 -0.14229999999999998
180.0 10.0 -7.5 15.0 -0.2857
180.0 -5.0 -5.0 15.0 -1.3277999999999999
180.0 -2.5 -5.0 15.0 -0.8135
180.0 0.0 -5.0 15.0 -0.12069999999999997
180.0 2.5 -5.0 15.0 0.1437
180.0 5.0 -5.0 15.0 0.4666
180.0 7.5 -5.0 15.0 0.4306
180.0 -5.0 -2.5 15.0 -0.9325
180.0 -2.5 -2.5 15.0 -0.9702
180.0 0.0 -2.5 15.0 -0.3835
180.0 2.5 -2.5 15.0 0.26659999999999995
180.0 5.0 -2.5 15.0 0.6377999999999999
180.0 7.5 -2.5 15.0 0.34219999999999995
180.0 -5.0 0.0 15.0 -0.48829999999999996
180.0 -2.5 0.0 15.0 -0.6406
180.0 0.0 0.0 15.0 -0.1582
180.0 2.5 0.0 15.0 0.45610000000000006
180.0 5.0 0.0 15.0 0.33020000000000005
180.0 7.5 0.0 15.0 0.08299999999999999
180.0 -5.0 2.5 15.0 -0.2226
180.0 -2.5 2.5 15.0 -0.2494
180.0 0.0 2.5 15.0 -0.1124
180.0 2.5 2.5 15.0 0.1321
180.0 5.0 2.5 15.0 0.2575
180.0 7.5 2.5 15.0 0.0725
180.0 10.0 2.5 15.0 -0.12610000000000002
180.0 -5.0 5.0 15.0 -0.0776
180.0 -2.5 5.0 15.0 -0.0833
180.0 0.0 5.0 15.0 -0.006199999999999997
180.0 2.5 5.0 15.0 0.1061
180.0 5.0 5.0 15.0 0.1512
180.0 7.5 5.0 15.0 -0.0399
180.0 10.0 5.0 15.0 -0.0781
180.0 -5.0 -10.0 16.25 -0.5004
180.0 -2.5 -10.0 16.25 0.3369
180.0 0.0 -10.0 16.25 0.4144
180.0 2.5 -10.0 16.25 -0.0362
180.0 5.0 -10.0 16.25 -0.0029
180.0 7.5 -10.0 16.25 -0.046299999999999994
180.0 10.0 -10.0 16.25 -0.06970000000000001
180.0 -5.0 -7.5 16.25 -0.5588
180.0 -2.5 -7.5 16.25 -0.0519
180.0 0.0 -7.5 16.25 0.11699999999999999
180.0 2.5 -7.5 16.25 0.22799999999999998
180.0 5.0 -7.5 16.25 0.1382
180.0 7.5 -7.5 16.25 0.0438
180.0 10.0 -7.5 16.25 -0.0635
180.0 -5.0 -5.0 16.25 -0.5103
180.0 -2.5 -5.0 16.25 -0.4476
180.0 0.0 -5.0 16.25 -0.029600000000000008
180.0 2.5 -5.0 16.25 0.5005000000000001
180.0 5.0 -5.0 16.25 0.5406
180.0 7.5 -5.0 16.25 0.20220000000000002
180.0 10.0 -5.0 16.25 -0.0301
180.0 -5.0 -2.5 16.25 -0.47350000000000003
180.0 -2.5 -2.5 16.25 -0.331
180.0 0.0 -2.5 16.25 0.2852
180.0 2.5 -2.5 16.25 0.6575
180.0 5.0 -2.5 16.25 0.4595
180.0 7.5 -2.5 16.25 0.11220000000000001
180.0 10.0 -2.5 16.25 0.0086
180.0 -5.0 0.0 16.25 -0.2286
180.0 -2.5 0.0 16.25 -0.16570000000000001
180.0 0.0 0.0 16.25 0.047200000000000006
180.0 2.5 0.0 16.25 0.17420000000000002
180.0 5.0 0.0 16.25 0.2454
180.0 7.5 0.0 16.25 0.1221
180.0 10.0 0.0 16.25 -0.0071
180.0 -5.0 2.5 16.25 -0.07200000000000001
180.0 -2.5 2.5 16.25 -0.07189999999999999
180.0 0.0 2.5 16.25 0.0213
180.0 2.5 2.5 16.25 0.14
180.0 5.0 2.5 16.25 0.1296
180.0 7.5 2.5 16.25 0.0395
180.0 10.0 2.5 16.25 -0.034499999999999996
180.0 -5.0 5.0 16.25 0.0108
180.0 -2.5 5.0 16.25 0.0008999999999999998
180.0 0.0 5.0 16.25 0.0201
180.0 2.5 5.0 16.25 0.059699999999999996
180.0 5.0 5.0 16.25 0.010299999999999998
180.0 7.5 5.0 16.25 0.0193
180.0 10.0 5.0 16.25 0.041699999999999994
240.0 -5.0 -10.0 3.75 3634216385.4874
240.0 -2.5 -10.0 3.75 10000000104.455
240.0 0.0 -10.0 3.75 2829905486.7014003
240.0 2.5 -10.0 3.75 10000000005.105001
240.0 5.0 -10.0 3.75 640972863.4625
240.0 7.5 -10.0 3.75 10000000006.233301
240.0 10.0 -10.0 3.75 7530.4874
240.0 -5.0 -7.5 3.75 10000000043.335201
240.0 -2.5 -7.5 3.75 10000000083.754301
240.0 0.0 -7.5 3.75 10000000053.188501
240.0 2.5 -7.5 3.75 9999999998.8367
240.0 5.0 -7.5 3.75 10000000172.710901
240.0 7.5 -7.5 3.75 9999999917.2649
240.0 10.0 -7.5 3.75 19255.3435
240.0 -5.0 -5.0 3.75 9999999963.2301
240.0 -2.5 -5.0 3.75 10000000067.906
240.0 0.0 -5.0 3.75 3045796334.2755
240.0 2.5 -5.0 3.75 10000000032.3731
240.0 5.0 -5.0 3.75 9999999859.0219
240.0 7.5 -5.0 3.75 10000000172.5443
240.0 10.0 -5.0 3.75 4495105752.3407
240.0 -5.0 -2.5 3.75 2090157157.0932
240.0 -2.5 -2.5 3.75 10000000028.6033
240.0 0.0 -2.5 3.75 212166354.5111
240.0 2.5 -2.5 3.75 38370702.0041
240.0 5.0 -2.5 3.75 10000000129.693201
240.0 7.5 -2.5 3.75 7654596.5775999995
240.0 10.0 -2.5 3.75 423.4691
240.0 -5.0 0.0 3.75 63.5715
240.0 -2.5 0.0 3.75 144489006.0333
240.0 0.0 0.0 3.75 9999999898.8966
240.0 2.5 0.0 3.75 1898475356.9884
240.0 5.0 0.0 3.75 338968108.5038
240.0 7.5 0.0 3.75 202719426.3392
240.0 10.0 0.0 3.75 104.37719999999999
240.0 -5.0 2.5 3.75 -2.3086
240.0 -2.5 2.5 3.75 2481.5902
240.0 0.0 2.5 3.75 62735.0442
240.0 2.5 2.5 3.75 10635.9313
240.0 5.0 2.5 3.75 8973548.9622
240.0 7.5 2.5 3.75 3416792783.1215
240.0 10.0 2.5 3.75 602.5486
240.0 -5.0 5.0 3.75 -0.9685000000000001
240.0 -2.5 5.0 3.75 0.2124999999999999
240.0 0.0 5.0 3.75 3544.2167
240.0 2.5 5.0 3.75 29823087.7591
240.0 5.0 5.0 3.75 174558.5417
240.0 7.5 5.0 3.75 5694.0715
240.0 10.0 5.0 3.75 1.7619000000000002
240.0 0.0 5.0 5.0 54.7756
240.0 2.5 -7.5 6.25 1790391874.7961
240.0 0.0 -2.5 6.25 2720674221.9616003
240.0 0.0 0.0 6.25 10000000016.056501
240.0 -2.5 2.5 6.25 6148.1339
240.0 0.0 2.5 6.25 7482836450.411201
240.0 0.0 5.0 6.25 29.0339
240.0 2.5 -7.5 7.5 9999999989.0501
240.0 0.0 -5.0 7.5 895654201.9545
240.0 2.5 -5.0 7.5 3316933220.3238
240.0 0.0 -2.5 7.5 9999999986.5277
240.0 2.5 -2.5 7.5 9658635.2562
240.0 0.0 0.0 7.5 8376342848.6293
240.0 2.5 0.0 7.5 1073694036.4896
240.0 0.0 2.5 7.5 2675531.5519
240.0 -2.5 5.0 7.5 2.9471
240.0 0.0 5.0 7.5 5.2682
240.0 2.5 -10.0 8.75 74263.5403
240.0 2.5 -7.5 8.75 30930.4715
240.0 0.0 -5.0 8.75 44455.615300000005
240.0 2.5 -5.0 8.75 282652.6589
240.0 -2.5 -2.5 8.75 17044.7765
240.0 0.0 -2.5 8.75 42026.4897
240.0 2.5 -2.5 8.75 3329008.3223
240.0 -5.0 0.0 8.75 -0.4704999999999999
240.0 -2.5 0.0 8.75 434.15860000000004
240.0 0.0 0.0 8.75 890440367.2075001
240.0 2.5 0.0 8.75 38048974.5073
240.0 -2.5 2.5 8.75 3.5869
240.0 0.0 2.5 8.75 63020.7317
240.0 2.5 2.5 8.75 1393.9452
240.0 -2.5 5.0 8.75 2.5751
240.0 0.0 5.0 8.75 2.479
240.0 2.5 5.0 8.75 1.944
240.0 2.5 -10.0 10.0 39.913700000000006
240.0 5.0 -10.0 10.0 -7.815799999999999
240.0 2.5 -7.5 10.0 1.9889000000000001
240.0 -5.0 -5.0 10.0 -4.5676
240.0 0.0 -5.0 10.0 -3.5968
240.0 2.5 -5.0 10.0 50.2992
240.0 -5.0 -2.5 10.0 -1.6623999999999999
240.0 -2.5 -2.5 10.0 107.1684
240.0 0.0 -2.5 10.0 118.07509999999999
240.0 2.5 -2.5 10.0 220.1653
240.0 -5.0 0.0 10.0 0.41070000000000007
240.0 -2.5 0.0 10.0 0.29550000000000004
240.0 0.0 0.0 10.0 13867.886499999999
240.0 2.5 0.0 10.0 4456.967600000001
240.0 -2.5 2.5 10.0 -0.06479999999999997
240.0 0.0 2.5 10.0 29.614900000000002
240.0 2.5 2.5 10.0 6.6139
240.0 5.0 2.5 10.0 -2.0698
240.0 -2.5 5.0 10.0 1.8654
240.0 0.0 5.0 10.0 1.8002999999999998
240.0 2.5 5.0 10.0 1.1876
240.0 5.0 5.0 10.0 -0.17459999999999998
240.0 -2.5 -10.0 11.25 -5.8032
240.0 2.5 -10.0 11.25 -5.6196
240.0 5.0 -10.0 11.25 -2.9572
240.0 10.0 -10.0 11.25 -0.056600000000000095
240.0 2.5 -7.5 11.25 -6.1521
240.0 -5.0 -5.0 11.25 -2.6216
240.0 -2.5 -5.0 11.25 -5.3337
240.0 0.0 -5.0 11.25 -6.9398
240.0 2.5 -5.0 11.25 -6.1502
240.0 -5.0 -2.5 11.25 -1.7168
240.0 -2.5 -2.5 11.25 -3.5814
240.0 0.0 -2.5 11.25 -5.3061
240.0 2.5 -2.5 11.25 -5.8172
240.0 -5.0 0.0 11.25 -0.08299999999999996
240.0 -2.5 0.0 11.25 -1.1581000000000001
240.0 0.0 0.0 11.25 -1.3926999999999998
240.0 2.5 0.0 11.25 -2.2601
240.0 -2.5 2.5 11.25 0.2876000000000001
240.0 0.0 2.5 11.25 -0.40060000000000007
240.0 2.5 2.5 11.25 -0.6977
240.0 5.0 2.5 11.25 -1.2807
240.0 -2.5 5.0 11.25 1.0581
240.0 0.0 5.0 11.25 1.2662
240.0 2.5 5.0 11.25 0.9844999999999999
240.0 5.0 5.0 11.25 0.1336
240.0 7.5 5.0 11.25 -0.9169
240.0 -2.5 -10.0 12.5 -2.3438
240.0 0.0 -10.0 12.5 -1.4795
240.0 2.5 -10.0 12.5 -1.7335
240.0 5.0 -10.0 12.5 -0.9084
240.0 7.5 -10.0 12.5 0.03959999999999997
240.0 10.0 -10.0 12.5 0.12570000000000003
240.0 -5.0 -7.5 12.5 -2.8467
240.0 0.0 -7.5 12.5 -3.6202
240.0 2.5 -7.5 12.5 -2.9840999999999998
240.0 5.0 -7.5 12.5 -1.4642000000000002
240.0 7.5 -7.5 12.5 0.2801
240.0 10.0 -7.5 12.5 0.7770999999999999
240.0 -5.0 -5.0 12.5 -2.095
240.0 -2.5 -5.0 12.5 -3.6807
240.0 0.0 -5.0 12.5 -4.0489
240.0 2.5 -5.0 12.5 -3.1098
240.0 5.0 -5.0 12.5 -1.6314
240.0 -5.0 -2.5 12.5 -0.9649
240.0 -2.5 -2.5 12.5 -2.2932
240.0 0.0 -2.5 12.5 -3.2136
240.0 2.5 -2.5 12.5 -3.0878
240.0 -5.0 0.0 12.5 -0.3376
240.0 -2.5 0.0 12.5 -0.7114
240.0 0.0 0.0 12.5 -1.5789
240.0 2.5 0.0 12.5 -1.666
240.0 -2.5 2.5 12.5 0.17490000000000006
240.0 0.0 2.5 12.5 -0.026100000000000012
240.0 2.5 2.5 12.5 0.16289999999999993
240.0 5.0 2.5 12.5 -0.2773
240.0 -2.5 5.0 12.5 0.3837
240.0 0.0 5.0 12.5 0.6504000000000001
240.0 2.5 5.0 12.5 0.475
240.0 5.0 5.0 12.5 -0.1436
240.0 7.5 5.0 12.5 -0.6837
240.0 10.0 5.0 12.5 -0.5206
240.0 -5.0 -10.0 13.75 -1.6485
240.0 -2.5 -10.0 13.75 -1.3013
240.0 0.0 -10.0 13.75 -0.764
240.0 2.5 -10.0 13.75 -0.3137
240.0 5.0 -10.0 13.75 -0.07429999999999998
240.0 7.5 -10.0 13.75 0.5333000000000001
240.0 10.0 -10.0 13.75 0.22820000000000001
240.0 -5.0 -7.5 13.75 -1.0803
240.0 -2.5 -7.5 13.75 -1.9874999999999998
240.0 0.0 -7.5 13.75 -1.7143000000000002
240.0 2.5 -7.5 13.75 -1.2555
240.0 5.0 -7.5 13.75 -0.223
240.0 7.5 -7.5 13.75 0.595
240.0 10.0 -7.5 13.75 0.32
240.0 -5.0 -5.0 13.75 -0.7968999999999999
240.0 -2.5 -5.0 13.75 -1.7535
240.0 0.0 -5.0 13.75 -2.1976
240.0 2.5 -5.0 13.75 -1.8245
240.0 5.0 -5.0 13.75 -0.9682
240.0 7.5 -5.0 13.75 0.2699
240.0 -5.0 -2.5 13.75 -0.6994
240.0 -2.5 -2.5 13.75 -1.0872
240.0 0.0 -2.5 13.75 -1.4461
240.0 2.5 -2.5 13.75 -1.4442
240.0 5.0 -2.5 13.75 -1.089
240.0 -5.0 0.0 13.75 -0.5474
240.0 -2.5 0.0 13.75 -0.4613
240.0 0.0 0.0 13.75 -0.36839999999999995
240.0 2.5 0.0 13.75 -0.1387
240.0 5.0 0.0 13.75 -0.1469
240.0 -5.0 2.5 13.75 -0.2474
240.0 -2.5 2.5 13.75 0.18889999999999998
240.0 0.0 2.5 13.75 0.1995
240.0 2.5 2.5 13.75 -0.1254
240.0 5.0 2.5 13.75 -0.0675
240.0 7.5 2.5 13.75 -0.2528
240.0 -2.5 5.0 13.75 -0.0133
240.0 0.0 5.0 13.75 0.1886
240.0 2.5 5.0 13.75 0.1997
240.0 5.0 5.0 13.75 -0.22150000000000003
240.0 7.5 5.0 13.75 -0.3897
240.0 10.0 5.0 13.75 -0.19879999999999998
240.0 -5.0 -10.0 15.0 -0.9657
240.0 -2.5 -10.0 15.0 -0.6691
240.0 0.0 -10.0 15.0 -0.16010000000000002
240.0 2.5 -10.0 15.0 0.2642
240.0 5.0 -10.0 15.0 0.7249
240.0 7.5 -10.0 15.0 0.5328999999999999
240.0 10.0 -10.0 15.0 0.2089
240.0 -5.0 -7.5 15.0 -0.8606
240.0 -2.5 -7.5 15.0 -0.7154
240.0 0.0 -7.5 15.0 -0.6587000000000001
240.0 2.5 -7.5 15.0 -0.012300000000000005
240.0 5.0 -7.5 15.0 0.5279
240.0 7.5 -7.5 15.0 0.5318999999999999
240.0 10.0 -7.5 15.0 0.259
240.0 -5.0 -5.0 15.0 -0.8783
240.0 -2.5 -5.0 15.0 -0.8058
240.0 0.0 -5.0 15.0 -0.8726999999999999
240.0 2.5 -5.0 15.0 -0.7403
240.0 5.0 -5.0 15.0 -0.052000000000000005
240.0 7.5 -5.0 15.0 -0.017799999999999996
240.0 10.0 -5.0 15.0 0.0846
240.0 -5.0 -2.5 15.0 -0.5726
240.0 -2.5 -2.5 15.0 -0.76
240.0 0.0 -2.5 15.0 -0.6855
240.0 2.5 -2.5 15.0 -0.3734
240.0 5.0 -2.5 15.0 -0.1023
240.0 7.5 -2.5 15.0 0.031700000000000006
240.0 10.0 -2.5 15.0 0.10250000000000001
240.0 -5.0 0.0 15.0 -0.18769999999999998
240.0 -2.5 0.0 15.0 -0.13929999999999998
240.0 0.0 0.0 15.0 -0.1483
240.0 2.5 0.0 15.0 -0.1147
240.0 5.0 0.0 15.0 0.0965
240.0 10.0 0.0 15.0 0.024599999999999997
240.0 -5.0 2.5 15.0 -0.1026
240.0 -2.5 2.5 15.0 -0.2046
240.0 0.0 2.5 15.0 0.1302
240.0 2.5 2.5 15.0 0.2519
240.0 5.0 2.5 15.0 0.12169999999999999
240.0 7.5 2.5 15.0 -0.0020000000000000018
240.0 -5.0 5.0 15.0 -0.0249
240.0 -2.5 5.0 15.0 -0.0726
240.0 0.0 5.0 15.0 0.0283
240.0 2.5 5.0 15.0 -0.023399999999999997
240.0 5.0 5.0 15.0 -0.0681
240.0 7.5 5.0 15.0 -0.0801
240.0 10.0 5.0 15.0 -0.0212
240.0 -5.0 -10.0 16.25 -0.2806
240.0 -2.5 -10.0 16.25 -0.47209999999999996
240.0 0.0 -10.0 16.25 -0.2809
240.0 2.5 -10.0 16.25 0.4323
240.0 5.0 -10.0 16.25 0.5884
240.0 7.5 -10.0 16.25 0.2302
240.0 10.0 -10.0 16.25 0.219
240.0 -5.0 -7.5 16.25 -0.357
240.0 -2.5 -7.5 16.25 -0.4123
240.0 0.0 -7.5 16.25 -0.2148
240.0 2.5 -7.5 16.25 0.1071
240.0 5.0 -7.5 16.25 0.2782
240.0 7.5 -7.5 16.25 0.1408
240.0 10.0 -7.5 16.25 0.1036
240.0 -5.0 -5.0 16.25 -0.309
240.0 -2.5 -5.0 16.25 -0.27959999999999996
240.0 0.0 -5.0 16.25 -0.23320000000000002
240.0 2.5 -5.0 16.25 -0.123
240.0 5.0 -5.0 16.25 -0.1136
240.0 7.5 -5.0 16.25 0.12680000000000002
240.0 10.0 -5.0 16.25 -0.0051
240.0 -5.0 -2.5 16.25 -0.1138
240.0 -2.5 -2.5 16.25 -0.0535
240.0 0.0 -2.5 16.25 0.0571
240.0 2.5 -2.5 16.25 0.0403
240.0 5.0 -2.5 16.25 0.1693
240.0 7.5 -2.5 16.25 0.2806
240.0 10.0 -2.5 16.25 0.005899999999999999
240.0 -5.0 0.0 16.25 -0.12539999999999998
240.0 -2.5 0.0 16.25 -0.1676
240.0 0.0 0.0 16.25 0.1194
240.0 2.5 0.0 16.25 0.2461
240.0 5.0 0.0 16.25 0.3062
240.0 7.5 0.0 16.25 0.0645
240.0 10.0 0.0 16.25 0.0331
240.0 -5.0 2.5 16.25 -0.06409999999999999
240.0 -2.5 2.5 16.25 -0.11
240.0 0.0 2.5 16.25 -0.072
240.0 2.5 2.5 16.25 0.10669999999999999
240.0 5.0 2.5 16.25 0.1285
240.0 7.5 2.5 16.25 0.0876
240.0 -5.0 5.0 16.25 -0.0048
240.0 -2.5 5.0 16.25 -0.015300000000000001
240.0 0.0 5.0 16.25 -0.0094
240.0 2.5 5.0 16.25 0.0225
240.0 5.0 5.0 16.25 0.0503
240.0 7.5 5.0 16.25 0.033999999999999996
240.0 10.0 5.0 16.25 -0.0593
300.0 -5.0 -10.0 3.75 80722352.62390001
300.0 -2.5 -10.0 3.75 9999999982.488901
300.0 0.0 -10.0 3.75 10000000017.961601
300.0 2.5 -10.0 3.75 6472959144.2606
300.0 5.0 -10.0 3.75 9999999971.4832
300.0 7.5 -10.0 3.75 56560322.6892
300.0 10.0 -10.0 3.75 20194.9035
300.0 -5.0 -7.5 3.75 1367975544.7886
300.0 -2.5 -7.5 3.75 6970684169.4512
300.0 0.0 -7.5 3.75 152238614.7816
300.0 2.5 -7.5 3.75 9999999994.836802
300.0 5.0 -7.5 3.75 7482113158.2555
300.0 7.5 -7.5 3.75 17350082.782199997
300.0 10.0 -7.5 3.75 366.7179
300.0 -5.0 -5.0 3.75 434010430.8561
300.0 -2.5 -5.0 3.75 10000000048.450401
300.0 0.0 -5.0 3.75 9999999902.2056
300.0 2.5 -5.0 3.75 10000000337.6837
300.0 5.0 -5.0 3.75 9999999966.628601
300.0 7.5 -5.0 3.75 718618129.0353
300.0 10.0 -5.0 3.75 4479.009
300.0 -5.0 -2.5 3.75 113213.437
300.0 -2.5 -2.5 3.75 2524764670.3805
300.0 0.0 -2.5 3.75 3790898319.1256003
300.0 2.5 -2.5 3.75 9999999922.9605
300.0 5.0 -2.5 3.75 10000000129.348001
300.0 7.5 -2.5 3.75 1791145067.1113
300.0 10.0 -2.5 3.75 6013.8876
300.0 -5.0 0.0 3.75 270292.0091
300.0 -2.5 0.0 3.75 9751155.634300001
300.0 0.0 0.0 3.75 8343948012.1178
300.0 2.5 0.0 3.75 10000000022.3766
300.0 5.0 0.0 3.75 153232442.7909
300.0 7.5 0.0 3.75 23943.9373
300.0 10.0 0.0 3.75 -1.7861999999999996
300.0 -5.0 2.5 3.75 7771691.743000001
300.0 -2.5 2.5 3.75 31383273.5394
300.0 0.0 2.5 3.75 646072.4981
300.0 2.5 2.5 3.75 10000000023.4787
300.0 5.0 2.5 3.75 988242.0504
300.0 7.5 2.5 3.75 88580.927
300.0 10.0 2.5 3.75 1.1656
300.0 -5.0 5.0 3.75 16938.2974
300.0 -2.5 5.0 3.75 10000000078.4211
300.0 0.0 5.0 3.75 13722835.8422
300.0 2.5 5.0 3.75 9999999985.950201
300.0 5.0 5.0 3.75 6224704.0476
300.0 7.5 5.0 3.75 24.8681
300.0 10.0 5.0 3.75 -2.7878
300.0 0.0 -2.5 5.0 10000000488.655
300.0 0.0 0.0 5.0 5138688.6459
300.0 5.0 -7.5 6.25 346877106.6965
300.0 0.0 -5.0 6.25 4245969036.6036
300.0 0.0 -2.5 6.25 9999999900.3511
300.0 0.0 0.0 6.25 10000000029.465101
300.0 0.0 2.5 6.25 39592.5967
300.0 0.0 5.0 6.25 12.370700000000001
300.0 5.0 -7.5 7.5 10000000027.573801
300.0 2.5 -5.0 7.5 333435.4108
300.0 0.0 -2.5 7.5 3402939763.4652
300.0 2.5 -2.5 7.5 1323150284.7813
300.0 0.0 0.0 7.5 6763406.5526
300.0 -2.5 2.5 7.5 -3.3382999999999994
300.0 0.0 2.5 7.5 135.2368
300.0 -2.5 5.0 7.5 1.3097999999999996
300.0 0.0 5.0 7.5 -2.1389000000000005
300.0 2.5 -10.0 8.75 13488.3436
300.0 5.0 -7.5 8.75 5412.5082999999995
300.0 0.0 -5.0 8.75 29978.9471
300.0 2.5 -5.0 8.75 915.3234
300.0 5.0 -5.0 8.75 19570.0641
300.0 0.0 -2.5 8.75 8093804537.6816
300.0 2.5 -2.5 8.75 6597363858.4754
300.0 0.0 0.0 8.75 145321.5949
300.0 2.5 0.0 8.75 1148848.2224
300.0 0.0 2.5 8.75 -2.9682
300.0 2.5 2.5 8.75 585.7520000000001
300.0 -2.5 5.0 8.75 0.7952999999999999
300.0 0.0 5.0 8.75 -1.1804999999999999
300.0 2.5 5.0 8.75 -2.4432
300.0 2.5 -10.0 10.0 3.2241
300.0 2.5 -7.5 10.0 48.8161
300.0 5.0 -7.5 10.0 -3.662
300.0 7.5 -7.5 10.0 -2.3009
300.0 0.0 -5.0 10.0 48.2171
300.0 2.5 -5.0 10.0 -6.1429
300.0 5.0 -5.0 10.0 3.8892999999999995
300.0 0.0 -2.5 10.0 18613.2431
300.0 2.5 -2.5 10.0 2178.8664999999996
300.0 -5.0 0.0 10.0 -0.3713000000000001
300.0 -2.5 0.0 10.0 -3.9852000000000003
300.0 0.0 0.0 10.0 36.8512
300.0 2.5 0.0 10.0 89.8511
300.0 5.0 0.0 10.0 0.7559999999999998
300.0 -2.5 2.5 10.0 -0.4376
300.0 0.0 2.5 10.0 -2.8522
300.0 2.5 2.5 10.0 -4.6488
300.0 5.0 2.5 10.0 -5.9677
300.0 -2.5 5.0 10.0 0.7969999999999999
300.0 0.0 5.0 10.0 -0.7111999999999998
300.0 2.5 5.0 10.0 -2.7572
300.0 2.5 -10.0 11.25 -2.9811
300.0 5.0 -10.0 11.25 -0.6713999999999998
300.0 7.5 -10.0 11.25 0.06679999999999997
300.0 10.0 -10.0 11.25 -1.049
300.0 2.5 -7.5 11.25 -5.8912
300.0 5.0 -7.5 11.25 -2.4263000000000003
300.0 0.0 -5.0 11.25 -8.3433
300.0 2.5 -5.0 11.25 -8.310400000000001
300.0 5.0 -5.0 11.25 -5.8972
300.0 -2.5 -2.5 11.25 -4.8171
300.0 0.0 -2.5 11.25 -4.338
300.0 2.5 -2.5 11.25 -6.0418
300.0 -5.0 0.0 11.25 0.12130000000000002
300.0 -2.5 0.0 11.25 -2.0246
300.0 0.0 0.0 11.25 -5.133
300.0 2.5 0.0 11.25 -6.662100000000001
300.0 -2.5 2.5 11.25 -0.20390000000000003
300.0 0.0 2.5 11.25 -1.8453
300.0 2.5 2.5 11.25 -3.4124
300.0 5.0 2.5 11.25 -3.0995999999999997
300.0 -2.5 5.0 11.25 0.3555
300.0 0.0 5.0 11.25 -0.8431000000000001
300.0 2.5 5.0 11.25 -1.4664000000000001
300.0 7.5 5.0 11.25 -0.2459
300.0 -5.0 -10.0 12.5 -2.7136
300.0 2.5 -10.0 12.5 -1.1478000000000002
300.0 5.0 -10.0 12.5 1.2779
300.0 7.5 -10.0 12.5 0.7456999999999999
300.0 10.0 -10.0 12.5 0.32570000000000005
300.0 2.5 -7.5 12.5 -2.0255
300.0 5.0 -7.5 12.5 -0.34050000000000014
300.0 7.5 -7.5 12.5 0.2822999999999999
300.0 -5.0 -5.0 12.5 -2.1210999999999998
300.0 -2.5 -5.0 12.5 -4.0546
300.0 0.0 -5.0 12.5 -4.4942
300.0 2.5 -5.0 12.5 -4.056
300.0 5.0 -5.0 12.5 -2.8588
300.0 -5.0 -2.5 12.5 -1.3732
300.0 -2.5 -2.5 12.5 -2.3236999999999997
300.0 0.0 -2.5 12.5 -3.8529
300.0 2.5 -2.5 12.5 -4.3325
300.0 -5.0 0.0 12.5 -0.0978
300.0 -2.5 0.0 12.5 -1.3197
300.0 0.0 0.0 12.5 -2.5262000000000002
300.0 2.5 0.0 12.5 -3.2123999999999997
300.0 5.0 0.0 12.5 -2.5957999999999997
300.0 -2.5 2.5 12.5 -0.18159999999999998
300.0 0.0 2.5 12.5 -1.5099
300.0 2.5 2.5 12.5 -1.8436
300.0 5.0 2.5 12.5 -1.3009
300.0 7.5 2.5 12.5 -0.34230000000000005
300.0 10.0 2.5 12.5 0.23889999999999997
300.0 -2.5 5.0 12.5 -0.1246
300.0 0.0 5.0 12.5 -0.6736
300.0 2.5 5.0 12.5 -0.5225
300.0 5.0 5.0 12.5 -0.3275
300.0 7.5 5.0 12.5 -0.1635
300.0 10.0 5.0 12.5 0.19169999999999998
300.0 0.0 -10.0 13.75 -1.2294
300.0 2.5 -10.0 13.75 0.10819999999999996
300.0 5.0 -10.0 13.75 0.5388999999999999
300.0 7.5 -10.0 13.75 1.1631
300.0 10.0 -10.0 13.75 0.16790000000000002
300.0 -5.0 -7.5 13.75 -1.1713
300.0 -2.5 -7.5 13.75 -2.0477
300.0 2.5 -7.5 13.75 -1.2809
300.0 5.0 -7.5 13.75 -0.4473
300.0 7.5 -7.5 13.75 0.3728000000000001
300.0 10.0 -7.5 13.75 0.8575
300.0 -5.0 -5.0 13.75 -0.743
300.0 -2.5 -5.0 13.75 -1.8581
300.0 0.0 -5.0 13.75 -2.4503
300.0 2.5 -5.0 13.75 -2.3484
300.0 5.0 -5.0 13.75 -1.4428999999999998
300.0 -5.0 -2.5 13.75 -0.08769999999999999
300.0 -2.5 -2.5 13.75 -1.6071
300.0 0.0 -2.5 13.75 -2.1536
300.0 2.5 -2.5 13.75 -2.2439
300.0 5.0 -2.5 13.75 -1.7282
300.0 -5.0 0.0 13.75 0.3938
300.0 -2.5 0.0 13.75 -0.6804
300.0 0.0 0.0 13.75 -1.6492
300.0 2.5 0.0 13.75 -1.7169
300.0 5.0 0.0 13.75 -1.218
300.0 7.5 0.0 13.75 -0.1424
300.0 -2.5 2.5 13.75 -0.4077
300.0 0.0 2.5 13.75 -0.7317
300.0 2.5 2.5 13.75 -0.5582
300.0 5.0 2.5 13.75 -0.24239999999999998
300.0 7.5 2.5 13.75 -0.015399999999999997
300.0 10.0 2.5 13.75 0.057800000000000004
300.0 -2.5 5.0 13.75 -0.3128
300.0 0.0 5.0 13.75 -0.42510000000000003
300.0 2.5 5.0 13.75 -0.46219999999999994
300.0 5.0 5.0 13.75 -0.3134
300.0 7.5 5.0 13.75 -0.0742
300.0 10.0 5.0 13.75 0.1477
300.0 -5.0 -10.0 15.0 -0.2526
300.0 -2.5 -10.0 15.0 -0.8733
300.0 0.0 -10.0 15.0 -0.6214999999999999
300.0 2.5 -10.0 15.0 -0.2328
300.0 5.0 -10.0 15.0 0.4141
300.0 7.5 -10.0 15.0 0.3277
300.0 10.0 -10.0 15.0 0.27190000000000003
300.0 -5.0 -7.5 15.0 -0.4214
300.0 -2.5 -7.5 15.0 -1.2685
300.0 0.0 -7.5 15.0 -1.0404
300.0 2.5 -7.5 15.0 -0.443
300.0 5.0 -7.5 15.0 0.25680000000000003
300.0 7.5 -7.5 15.0 0.39249999999999996
300.0 10.0 -7.5 15.0 0.5765
300.0 -5.0 -5.0 15.0 -0.4047
300.0 -2.5 -5.0 15.0 -1.0772
300.0 0.0 -5.0 15.0 -1.0696
300.0 2.5 -5.0 15.0 -0.9625999999999999
300.0 5.0 -5.0 15.0 -0.4597
300.0 7.5 -5.0 15.0 0.6037
300.0 10.0 -5.0 15.0 0.6486
300.0 -5.0 -2.5 15.0 -0.055
300.0 -2.5 -2.5 15.0 -0.503
300.0 0.0 -2.5 15.0 -1.1772
300.0 2.5 -2.5 15.0 -1.2348000000000001
300.0 5.0 -2.5 15.0 -0.5986
300.0 10.0 -2.5 15.0 0.49250000000000005
300.0 -5.0 0.0 15.0 -0.0859
300.0 -2.5 0.0 15.0 -0.1504
300.0 0.0 0.0 15.0 -0.5356000000000001
300.0 2.5 0.0 15.0 -0.6608
300.0 5.0 0.0 15.0 -0.2652
300.0 7.5 0.0 15.0 0.03379999999999998
300.0 -5.0 2.5 15.0 -0.0632
300.0 -2.5 2.5 15.0 -0.09309999999999999
300.0 0.0 2.5 15.0 -0.30979999999999996
300.0 2.5 2.5 15.0 -0.2607
300.0 5.0 2.5 15.0 -0.1772
300.0 7.5 2.5 15.0 -0.16499999999999998
300.0 10.0 2.5 15.0 0.006400000000000003
300.0 -2.5 5.0 15.0 -0.0592
300.0 0.0 5.0 15.0 -0.0275
300.0 2.5 5.0 15.0 -0.08979999999999999
300.0 5.0 5.0 15.0 -0.1078
300.0 7.5 5.0 15.0 0.009000000000000001
300.0 10.0 5.0 15.0 0.0395
300.0 -5.0 -10.0 16.25 -0.189
300.0 -2.5 -10.0 16.25 -0.4135
300.0 0.0 -10.0 16.25 -0.3236
300.0 2.5 -10.0 16.25 0.04239999999999999
300.0 5.0 -10.0 16.25 0.0696
300.0 7.5 -10.0 16.25 0.2171
300.0 10.0 -10.0 16.25 0.2243
300.0 -5.0 -7.5 16.25 -0.0337
300.0 -2.5 -7.5 16.25 -0.1265
300.0 0.0 -7.5 16.25 -0.5186000000000001
300.0 2.5 -7.5 16.25 -0.2341
300.0 5.0 -7.5 16.25 0.021500000000000005
300.0 7.5 -7.5 16.25 0.6934
300.0 10.0 -7.5 16.25 0.5397
300.0 -5.0 -5.0 16.25 0.1199
300.0 -2.5 -5.0 16.25 -0.18489999999999998
300.0 0.0 -5.0 16.25 -0.8021
300.0 2.5 -5.0 16.25 -0.4496
300.0 5.0 -5.0 16.25 0.1634
300.0 7.5 -5.0 16.25 0.4927
300.0 10.0 -5.0 16.25 0.5604
300.0 -5.0 -2.5 16.25 0.051000000000000004
300.0 -2.5 -2.5 16.25 -0.1077
300.0 0.0 -2.5 16.25 -0.37520000000000003
300.0 2.5 -2.5 16.25 -0.357
300.0 5.0 -2.5 16.25 -0.06609999999999999
300.0 7.5 -2.5 16.25 0.1493
300.0 10.0 -2.5 16.25 0.3171
300.0 -5.0 0.0 16.25 0.022000000000000002
300.0 -2.5 0.0 16.25 -0.09840000000000002
300.0 0.0 0.0 16.25 -0.16110000000000002
300.0 2.5 0.0 16.25 -0.2054
300.0 5.0 0.0 16.25 -0.2098
300.0 7.5 0.0 16.25 -0.0623
300.0 -5.0 2.5 16.25 -0.023299999999999998
300.0 -2.5 2.5 16.25 0.1495
300.0 0.0 2.5 16.25 0.1699
300.0 2.5 2.5 16.25 -0.018899999999999997
300.0 5.0 2.5 16.25 -0.2395
300.0 7.5 2.5 16.25 -0.101
300.0 10.0 2.5 16.25 0.06949999999999999
300.0 -5.0 5.0 16.25 -0.0021999999999999997
300.0 -2.5 5.0 16.25 -0.014100000000000001
300.0 0.0 5.0 16.25 -0.026799999999999997
300.0 2.5 5.0 16.25 -0.0534
300.0 5.0 5.0 16.25 -0.0453
300.0 7.5 5.0 16.25 0.0079
300.0 10.0 5.0 16.25 0.023
