0.0 0.0 2.5 5.0 9999999969.115501
0.0 2.5 2.5 5.0 9999999661.8747
0.0 0.0 5.0 5.0 211840761.869
0.0 2.5 0.0 6.25 9999999874.8903
0.0 0.0 2.5 6.25 9999999949.9409
0.0 0.0 5.0 6.25 10000000014.5049
0.0 0.0 0.0 7.5 9999999872.288502
0.0 2.5 0.0 7.5 9999999919.9888
0.0 0.0 2.5 7.5 3180867785.4301
0.0 0.0 5.0 7.5 103664237.24479999
0.0 0.0 -5.0 8.75 878558467.7376
0.0 5.0 -5.0 8.75 9999999970.427
0.0 -2.5 -2.5 8.75 5656398335.2801
0.0 0.0 -2.5 8.75 9999999805.029202
0.0 -2.5 0.0 8.75 9999999968.9367
0.0 0.0 0.0 8.75 9999999889.2478
0.0 2.5 0.0 8.75 10000000005.1907
0.0 0.0 2.5 8.75 9999999970.8686
0.0 2.5 2.5 8.75 9999999850.3206
0.0 0.0 5.0 8.75 10000000108.105902
0.0 2.5 5.0 8.75 776261681.4669
0.0 5.0 -7.5 10.0 768631433.214
0.0 7.5 -7.5 10.0 10529045.3001
0.0 -2.5 -5.0 10.0 9999999972.187101
0.0 0.0 -5.0 10.0 10000000046.241701
0.0 2.5 -5.0 10.0 7864363625.3822
0.0 5.0 -5.0 10.0 9999999662.0102
0.0 7.5 -5.0 10.0 10000000056.106901
0.0 -2.5 -2.5 10.0 10000000088.1769
0.0 0.0 -2.5 10.0 10000000301.047201
0.0 2.5 -2.5 10.0 10000000134.6466
0.0 5.0 -2.5 10.0 9999999895.318401
0.0 -2.5 0.0 10.0 9999999719.7945
0.0 0.0 0.0 10.0 10000000144.0603
0.0 2.5 0.0 10.0 10000000049.774302
0.0 0.0 2.5 10.0 9999999860.573502
0.0 2.5 2.5 10.0 9999999959.545101
0.0 0.0 5.0 10.0 1338020698.8069
0.0 2.5 5.0 10.0 3876466567.4499
0.0 2.5 -10.0 11.25 10000000065.340801
0.0 5.0 -10.0 11.25 4543.049300000001
0.0 10.0 -10.0 11.25 13.5901
0.0 2.5 -7.5 11.25 9999999939.9736
0.0 5.0 -7.5 11.25 5426681246.2555
0.0 7.5 -7.5 11.25 5250740.939800001
0.0 0.0 -5.0 11.25 9999999961.3679
0.0 2.5 -5.0 11.25 5277155197.6203
0.0 5.0 -5.0 11.25 2295315600.6105
0.0 -5.0 -2.5 11.25 1269625767.0635002
0.0 -2.5 -2.5 11.25 10000000081.7
0.0 0.0 -2.5 11.25 10000000200.2205
0.0 2.5 -2.5 11.25 9999999822.5097
0.0 5.0 -2.5 11.25 9999999929.820002
0.0 -5.0 0.0 11.25 1635022292.1226
0.0 -2.5 0.0 11.25 10000000497.357101
0.0 0.0 0.0 11.25 9999999962.092001
0.0 2.5 0.0 11.25 10000000093.509401
0.0 0.0 2.5 11.25 10000000061.235401
0.0 2.5 2.5 11.25 10000000006.7311
0.0 0.0 5.0 11.25 1777854761.5922
0.0 2.5 5.0 11.25 9999999933.8574
0.0 -2.5 -10.0 12.5 810.4097
0.0 2.5 -10.0 12.5 822574.5157
0.0 5.0 -10.0 12.5 756.2538
0.0 7.5 -10.0 12.5 -5.0889
0.0 10.0 -10.0 12.5 -5.6640999999999995
0.0 -5.0 -7.5 12.5 85058627.1821
0.0 0.0 -7.5 12.5 9999999989.034
0.0 2.5 -7.5 12.5 1555721383.5477
0.0 5.0 -7.5 12.5 133060927.3267
0.0 7.5 -7.5 12.5 55706693.6404
0.0 10.0 -7.5 12.5 5210.415800000001
0.0 -2.5 -5.0 12.5 1357391634.339
0.0 0.0 -5.0 12.5 140846248.64569998
0.0 2.5 -5.0 12.5 9999999852.022501
0.0 5.0 -5.0 12.5 820774636.2649
0.0 -2.5 -2.5 12.5 336748625.77099997
0.0 0.0 -2.5 12.5 9999999962.8708
0.0 2.5 -2.5 12.5 10000000028.858301
0.0 5.0 -2.5 12.5 50278944.1452
0.0 -5.0 0.0 12.5 493108146.008
0.0 -2.5 0.0 12.5 10000000074.763
0.0 0.0 0.0 12.5 9999999985.0018
0.0 2.5 0.0 12.5 9999999976.450602
0.0 5.0 0.0 12.5 9999999876.2858
0.0 -2.5 2.5 12.5 9999999950.4186
0.0 0.0 2.5 12.5 10000000101.5503
0.0 2.5 2.5 12.5 10000000038.3943
0.0 7.5 2.5 12.5 1197233139.3853
0.0 0.0 5.0 12.5 10000000439.9645
0.0 2.5 5.0 12.5 10000000005.3096
0.0 5.0 5.0 12.5 2961729.0958
0.0 -2.5 -10.0 13.75 9.909
0.0 0.0 -10.0 13.75 1935.8046
0.0 2.5 -10.0 13.75 25547.727
0.0 5.0 -10.0 13.75 10186.7173
0.0 7.5 -10.0 13.75 -12.8583
0.0 10.0 -10.0 13.75 -5.980499999999999
0.0 -5.0 -7.5 13.75 926230.5977
0.0 -2.5 -7.5 13.75 39208.570999999996
0.0 0.0 -7.5 13.75 3867558974.2755
0.0 2.5 -7.5 13.75 9999999967.4211
0.0 5.0 -7.5 13.75 56262555.0489
0.0 7.5 -7.5 13.75 121761671.2285
0.0 10.0 -7.5 13.75 298.26349999999996
0.0 -2.5 -5.0 13.75 10000000028.8139
0.0 0.0 -5.0 13.75 10000000152.915401
0.0 2.5 -5.0 13.75 10000000061.1931
0.0 5.0 -5.0 13.75 134643062.43620002
0.0 7.5 -5.0 13.75 2238705103.4915
0.0 -5.0 -2.5 13.75 173939512.9586
0.0 -2.5 -2.5 13.75 9999999987.5557
0.0 0.0 -2.5 13.75 10000000018.312302
0.0 2.5 -2.5 13.75 10000000063.3332
0.0 5.0 -2.5 13.75 1989627087.1759
0.0 7.5 -2.5 13.75 21899.853900000002
0.0 -5.0 0.0 13.75 10000000107.8474
0.0 -2.5 0.0 13.75 46048650.0515
0.0 0.0 0.0 13.75 10000000080.500502
0.0 2.5 0.0 13.75 1390185335.0149
0.0 5.0 0.0 13.75 500675865.5658
0.0 7.5 0.0 13.75 10000000016.622501
0.0 10.0 0.0 13.75 5884.7263
0.0 -5.0 2.5 13.75 4143021982.0208
0.0 -2.5 2.5 13.75 229933742.6067
0.0 0.0 2.5 13.75 10000000019.1741
0.0 2.5 2.5 13.75 9999999948.049301
0.0 5.0 2.5 13.75 5244863.495
0.0 7.5 2.5 13.75 9999999976.167301
0.0 -2.5 5.0 13.75 279417.44649999996
0.0 0.0 5.0 13.75 4781100051.383599
0.0 2.5 5.0 13.75 9999999996.0202
0.0 5.0 5.0 13.75 9999999977.291801
0.0 7.5 5.0 13.75 83459.5816
0.0 10.0 5.0 13.75 39548629.2447
0.0 -5.0 -10.0 15.0 -10.3119
0.0 -2.5 -10.0 15.0 29.8065
0.0 0.0 -10.0 15.0 467.1927
0.0 2.5 -10.0 15.0 117622.7249
0.0 5.0 -10.0 15.0 4402.8962
0.0 7.5 -10.0 15.0 -8.1141
0.0 10.0 -10.0 15.0 -5.0297
0.0 -5.0 -7.5 15.0 73.2447
0.0 -2.5 -7.5 15.0 340712390.1188
0.0 0.0 -7.5 15.0 10000000028.386702
0.0 2.5 -7.5 15.0 573714762.6683999
0.0 5.0 -7.5 15.0 1194200241.2826002
0.0 7.5 -7.5 15.0 23640.3866
0.0 10.0 -7.5 15.0 15.258199999999999
0.0 -5.0 -5.0 15.0 812.7936
0.0 -2.5 -5.0 15.0 9999999962.6518
0.0 0.0 -5.0 15.0 10000000120.4715
0.0 2.5 -5.0 15.0 2744213474.6155
0.0 5.0 -5.0 15.0 22782712.0567
0.0 7.5 -5.0 15.0 9999999983.663301
0.0 10.0 -5.0 15.0 9999999920.2059
0.0 -5.0 -2.5 15.0 3348654506.9011
0.0 -2.5 -2.5 15.0 1729733902.3405
0.0 0.0 -2.5 15.0 9999999956.4992
0.0 2.5 -2.5 15.0 2955502917.6527
0.0 5.0 -2.5 15.0 75635426.108
0.0 7.5 -2.5 15.0 284.64000000000004
0.0 10.0 -2.5 15.0 -9.2748
0.0 -5.0 0.0 15.0 10000000229.1056
0.0 -2.5 0.0 15.0 5401405411.6371
0.0 0.0 0.0 15.0 6036970457.3562
0.0 2.5 0.0 15.0 10000000055.3586
0.0 5.0 0.0 15.0 81760875.8961
0.0 7.5 0.0 15.0 10000000392.7292
0.0 10.0 0.0 15.0 1244.4736
0.0 -5.0 2.5 15.0 10000000153.5191
0.0 -2.5 2.5 15.0 2435524219.536
0.0 0.0 2.5 15.0 10000000008.2837
0.0 2.5 2.5 15.0 10000000004.2479
0.0 5.0 2.5 15.0 82849.7309
0.0 7.5 2.5 15.0 1371347.0737
0.0 10.0 2.5 15.0 2769.8837
0.0 -5.0 5.0 15.0 952993031.9336001
0.0 -2.5 5.0 15.0 602671230.895
0.0 0.0 5.0 15.0 9999999856.017601
0.0 2.5 5.0 15.0 4068823028.288
0.0 5.0 5.0 15.0 325688.97250000003
0.0 7.5 5.0 15.0 7009.1535
0.0 10.0 5.0 15.0 3135.9988000000003
0.0 -5.0 -10.0 16.25 -8.1579
0.0 -2.5 -10.0 16.25 5.2131
0.0 0.0 -10.0 16.25 66.6028
0.0 2.5 -10.0 16.25 184808.55310000002
0.0 5.0 -10.0 16.25 19.6814
0.0 7.5 -10.0 16.25 -4.553599999999999
0.0 10.0 -10.0 16.25 -2.2234
0.0 -5.0 -7.5 16.25 15574.875600000001
0.0 -2.5 -7.5 16.25 7022930.9575
0.0 0.0 -7.5 16.25 106377182.0345
0.0 2.5 -7.5 16.25 8306062456.9127
0.0 5.0 -7.5 16.25 17726.6615
0.0 7.5 -7.5 16.25 383.5705
0.0 10.0 -7.5 16.25 -4.4872
0.0 -5.0 -5.0 16.25 9999999967.522701
0.0 -2.5 -5.0 16.25 9999999972.928902
0.0 0.0 -5.0 16.25 9999999955.411901
0.0 2.5 -5.0 16.25 3516791.7819
0.0 5.0 -5.0 16.25 11427.4172
0.0 7.5 -5.0 16.25 16385564.4508
0.0 10.0 -5.0 16.25 1548.4349
0.0 -5.0 -2.5 16.25 708340731.9942
0.0 -2.5 -2.5 16.25 9279493007.2254
0.0 0.0 -2.5 16.25 10000000020.134901
0.0 2.5 -2.5 16.25 118262325.9104
0.0 5.0 -2.5 16.25 347857.978
0.0 7.5 -2.5 16.25 17.229
0.0 10.0 -2.5 16.25 -6.1378
0.0 -5.0 0.0 16.25 40853927.1379
0.0 -2.5 0.0 16.25 2478353207.7867
0.0 0.0 0.0 16.25 10000000024.071201
0.0 2.5 0.0 16.25 4229021408.9766
0.0 5.0 0.0 16.25 57805496.1706
0.0 7.5 0.0 16.25 50616.674399999996
0.0 10.0 0.0 16.25 -7.3266
0.0 -5.0 2.5 16.25 494648310.5808
0.0 -2.5 2.5 16.25 997104110.2274
0.0 0.0 2.5 16.25 10000000177.8307
0.0 2.5 2.5 16.25 29352841.3542
0.0 5.0 2.5 16.25 9854.1278
0.0 7.5 2.5 16.25 127.0012
0.0 10.0 2.5 16.25 22.6344
0.0 -5.0 5.0 16.25 20235804.4802
0.0 -2.5 5.0 16.25 9999999904.0925
0.0 0.0 5.0 16.25 442649344.0432
0.0 2.5 5.0 16.25 208106.8668
0.0 5.0 5.0 16.25 2514351.3545
0.0 7.5 5.0 16.25 7.7406999999999995
0.0 10.0 5.0 16.25 7.8947
60.0 -5.0 -10.0 3.75 10000000047.570501
60.0 -2.5 -10.0 3.75 9999999931.896301
60.0 0.0 -10.0 3.75 9999999770.8537
60.0 2.5 -10.0 3.75 10000000040.022001
60.0 5.0 -10.0 3.75 1485129826.1625001
60.0 7.5 -10.0 3.75 9999999876.9316
60.0 10.0 -10.0 3.75 8126.715
60.0 -5.0 -7.5 3.75 10000000051.531
60.0 -2.5 -7.5 3.75 10000000029.440601
60.0 0.0 -7.5 3.75 10000000245.7169
60.0 2.5 -7.5 3.75 10000000012.906
60.0 5.0 -7.5 3.75 9999999799.102402
60.0 7.5 -7.5 3.75 9999999990.1466
60.0 10.0 -7.5 3.75 9999999962.2203
60.0 -5.0 -5.0 3.75 9999999970.671202
60.0 -2.5 -5.0 3.75 9999999793.9216
60.0 0.0 -5.0 3.75 9999999950.7952
60.0 2.5 -5.0 3.75 10000000012.4556
60.0 5.0 -5.0 3.75 9999999937.919
60.0 7.5 -5.0 3.75 9999999856.356
60.0 10.0 -5.0 3.75 94411.6602
60.0 -5.0 -2.5 3.75 10000000159.9225
60.0 -2.5 -2.5 3.75 9999999886.8488
60.0 0.0 -2.5 3.75 9999999918.0898
60.0 2.5 -2.5 3.75 10000000183.9479
60.0 5.0 -2.5 3.75 10000000078.5256
60.0 7.5 -2.5 3.75 10000000009.1046
60.0 10.0 -2.5 3.75 4026359425.8152003
60.0 -5.0 0.0 3.75 9999999920.358301
60.0 -2.5 0.0 3.75 9999999860.4097
60.0 0.0 0.0 3.75 9999999935.6429
60.0 2.5 0.0 3.75 10000000191.412102
60.0 5.0 0.0 3.75 1708194562.0983
60.0 7.5 0.0 3.75 52996878.6335
60.0 10.0 0.0 3.75 3584090800.0304
60.0 -5.0 2.5 3.75 10000000065.804201
60.0 -2.5 2.5 3.75 9999999969.793901
60.0 0.0 2.5 3.75 10000000082.04
60.0 2.5 2.5 3.75 9999999534.312601
60.0 5.0 2.5 3.75 10000000235.3999
60.0 7.5 2.5 3.75 10000000101.961102
60.0 10.0 2.5 3.75 7143.9313
60.0 -5.0 5.0 3.75 10000000080.1916
60.0 -2.5 5.0 3.75 10000000062.5135
60.0 0.0 5.0 3.75 9999999962.5067
60.0 2.5 5.0 3.75 9999999950.332
60.0 5.0 5.0 3.75 2566289113.9447002
60.0 7.5 5.0 3.75 9999999988.205301
60.0 10.0 5.0 3.75 17125.6264
60.0 0.0 -2.5 6.25 10000000114.9039
60.0 0.0 2.5 6.25 9999999978.1686
60.0 5.0 -7.5 7.5 9999999941.738401
60.0 0.0 -5.0 7.5 9999999513.9178
60.0 0.0 -2.5 7.5 7604471801.1263
60.0 -2.5 0.0 7.5 10000000108.4895
60.0 0.0 0.0 7.5 10000000094.077301
60.0 -2.5 2.5 7.5 9999999858.925402
60.0 0.0 2.5 7.5 9999999670.705801
60.0 0.0 -7.5 8.75 1139155667.3943002
60.0 0.0 -5.0 8.75 10000000290.209702
60.0 2.5 -5.0 8.75 9999999868.543001
60.0 0.0 -2.5 8.75 9999999843.3397
60.0 -2.5 0.0 8.75 10000000217.3348
60.0 0.0 0.0 8.75 9999999814.5723
60.0 -2.5 2.5 8.75 10000000208.9445
60.0 0.0 2.5 8.75 1154802302.8175
60.0 2.5 2.5 8.75 1374434546.5730002
60.0 -5.0 5.0 8.75 1092056362.4249
60.0 -2.5 5.0 8.75 2662543638.2476
60.0 0.0 5.0 8.75 9999999911.711102
60.0 0.0 -10.0 10.0 10000000571.1979
60.0 0.0 -7.5 10.0 9999999990.527601
60.0 2.5 -7.5 10.0 9999999969.6926
60.0 5.0 -7.5 10.0 10000000085.183601
60.0 0.0 -5.0 10.0 10000000014.3568
60.0 2.5 -5.0 10.0 10000000043.8223
60.0 0.0 -2.5 10.0 9999999983.437
60.0 -2.5 0.0 10.0 9999999951.2134
60.0 0.0 0.0 10.0 10000000155.842001
60.0 -5.0 2.5 10.0 10000000255.3787
60.0 -2.5 2.5 10.0 10000000199.0168
60.0 0.0 2.5 10.0 1886571331.1613
60.0 2.5 2.5 10.0 75840391.217
60.0 -2.5 5.0 10.0 9999999913.9472
60.0 0.0 5.0 10.0 10000000137.439201
60.0 2.5 5.0 10.0 117518198.4793
60.0 0.0 -10.0 11.25 6009269782.7953005
60.0 7.5 -10.0 11.25 136.9613
60.0 10.0 -10.0 11.25 6.6562
60.0 -2.5 -7.5 11.25 60926699.5668
60.0 0.0 -7.5 11.25 781173134.8650999
60.0 2.5 -7.5 11.25 17500496.2671
60.0 5.0 -7.5 11.25 117962465.847
60.0 7.5 -7.5 11.25 20475049.803600002
60.0 10.0 -7.5 11.25 5.1526
60.0 0.0 -5.0 11.25 9999999866.125502
60.0 2.5 -5.0 11.25 10000000149.4249
60.0 0.0 -2.5 11.25 10000000006.9916
60.0 -2.5 0.0 11.25 9999999857.741701
60.0 0.0 0.0 11.25 9999999918.239302
60.0 2.5 0.0 11.25 10000000072.1016
60.0 -5.0 2.5 11.25 241508357.4378
60.0 -2.5 2.5 11.25 10000000246.221401
60.0 0.0 2.5 11.25 9999999874.457
60.0 2.5 2.5 11.25 9999999869.522001
60.0 -5.0 5.0 11.25 8346927386.808499
60.0 -2.5 5.0 11.25 773864547.3931999
60.0 0.0 5.0 11.25 9999999841.9423
60.0 2.5 5.0 11.25 115631394.98779999
60.0 5.0 5.0 11.25 9999999904.1644
60.0 0.0 -10.0 12.5 1422.2292
60.0 2.5 -10.0 12.5 119993.0945
60.0 5.0 -10.0 12.5 16.6415
60.0 7.5 -10.0 12.5 0.16579999999999995
60.0 10.0 -10.0 12.5 4.0218
60.0 -2.5 -7.5 12.5 202152886.0331
60.0 0.0 -7.5 12.5 2373107296.7195997
60.0 2.5 -7.5 12.5 575459225.8477
60.0 5.0 -7.5 12.5 664492.3195999999
60.0 7.5 -7.5 12.5 821.8314
60.0 10.0 -7.5 12.5 4.6502
60.0 -5.0 -5.0 12.5 9999999896.1404
60.0 -2.5 -5.0 12.5 1137612387.3818998
60.0 0.0 -5.0 12.5 2835168355.7225003
60.0 2.5 -5.0 12.5 9999999687.8411
60.0 -2.5 -2.5 12.5 10000000154.3306
60.0 0.0 -2.5 12.5 3571164231.0789003
60.0 5.0 -2.5 12.5 9999999986.9948
60.0 -5.0 0.0 12.5 2037995212.3207
60.0 -2.5 0.0 12.5 9444098602.342
60.0 0.0 0.0 12.5 10000000080.416101
60.0 2.5 0.0 12.5 10000000031.939901
60.0 -5.0 2.5 12.5 9753781533.533201
60.0 -2.5 2.5 12.5 9999999807.932901
60.0 0.0 2.5 12.5 7108740464.0539
60.0 2.5 2.5 12.5 10000000053.3369
60.0 -5.0 5.0 12.5 4776072289.7
60.0 -2.5 5.0 12.5 2200752062.0694
60.0 0.0 5.0 12.5 9999999952.7735
60.0 2.5 5.0 12.5 9999999879.9403
60.0 5.0 5.0 12.5 544111651.1776
60.0 -2.5 -10.0 13.75 1225.0958
60.0 0.0 -10.0 13.75 -0.22879999999999967
60.0 2.5 -10.0 13.75 53.8819
60.0 5.0 -10.0 13.75 1.3928
60.0 7.5 -10.0 13.75 0.06099999999999994
60.0 10.0 -10.0 13.75 3.5078999999999994
60.0 -2.5 -7.5 13.75 9999999809.4256
60.0 0.0 -7.5 13.75 725422058.9896001
60.0 2.5 -7.5 13.75 698641707.9375
60.0 5.0 -7.5 13.75 570120.9057
60.0 7.5 -7.5 13.75 328510.0387
60.0 10.0 -7.5 13.75 3.5359
60.0 -5.0 -5.0 13.75 132470651.91929999
60.0 -2.5 -5.0 13.75 20126971.8474
60.0 0.0 -5.0 13.75 3110769033.8036
60.0 2.5 -5.0 13.75 9999999924.1145
60.0 5.0 -5.0 13.75 182359675.9658
60.0 7.5 -5.0 13.75 2825.9348999999997
60.0 10.0 -5.0 13.75 1.1706000000000003
60.0 -5.0 -2.5 13.75 103527033.3937
60.0 -2.5 -2.5 13.75 530627557.5793
60.0 0.0 -2.5 13.75 9999999569.582401
60.0 2.5 -2.5 13.75 18440481.7874
60.0 5.0 -2.5 13.75 78751588.6458
60.0 7.5 -2.5 13.75 704.6582000000001
60.0 -5.0 0.0 13.75 10000000197.1741
60.0 -2.5 0.0 13.75 663801165.0939
60.0 0.0 0.0 13.75 2262827592.8676
60.0 2.5 0.0 13.75 9999999908.8306
60.0 5.0 0.0 13.75 10000000030.2434
60.0 -5.0 2.5 13.75 40707429.5307
60.0 -2.5 2.5 13.75 59633311.9411
60.0 0.0 2.5 13.75 429117581.9689
60.0 2.5 2.5 13.75 9999999944.291601
60.0 -5.0 5.0 13.75 4567445621.7795
60.0 -2.5 5.0 13.75 1427815282.9169002
60.0 0.0 5.0 13.75 109469177.84570001
60.0 2.5 5.0 13.75 1173778354.6991
60.0 5.0 5.0 13.75 2777478373.0408998
60.0 -5.0 -10.0 15.0 1.6746999999999996
60.0 -2.5 -10.0 15.0 33120.0803
60.0 0.0 -10.0 15.0 -19.384900000000002
60.0 2.5 -10.0 15.0 -13.883600000000001
60.0 5.0 -10.0 15.0 1.4095999999999997
60.0 7.5 -10.0 15.0 0.10830000000000028
60.0 10.0 -10.0 15.0 2.6778000000000004
60.0 -5.0 -7.5 15.0 5738398.2232
60.0 -2.5 -7.5 15.0 557636164.4046
60.0 0.0 -7.5 15.0 13434822.503600001
60.0 2.5 -7.5 15.0 106384473.038
60.0 5.0 -7.5 15.0 10000000046.1996
60.0 7.5 -7.5 15.0 181.77620000000002
60.0 10.0 -7.5 15.0 3.8190999999999997
60.0 -5.0 -5.0 15.0 5150066005.6829
60.0 -2.5 -5.0 15.0 36211192.307500005
60.0 0.0 -5.0 15.0 10000000001.8603
60.0 2.5 -5.0 15.0 10000000071.6973
60.0 5.0 -5.0 15.0 9999999999.884401
60.0 7.5 -5.0 15.0 1128.9238
60.0 10.0 -5.0 15.0 2.5589000000000004
60.0 -5.0 -2.5 15.0 9999999754.821701
60.0 -2.5 -2.5 15.0 9999999933.733501
60.0 0.0 -2.5 15.0 10000000590.3267
60.0 2.5 -2.5 15.0 744038.5258000001
60.0 5.0 -2.5 15.0 466323744.1641
60.0 7.5 -2.5 15.0 645.0448
60.0 10.0 -2.5 15.0 -0.03739999999999988
60.0 -5.0 0.0 15.0 2031052068.9424999
60.0 -2.5 0.0 15.0 10000000127.9482
60.0 0.0 0.0 15.0 9269823155.780201
60.0 2.5 0.0 15.0 10000000001.8819
60.0 5.0 0.0 15.0 1492843734.1141999
60.0 7.5 0.0 15.0 979.2507
60.0 10.0 0.0 15.0 -3.6423
60.0 -5.0 2.5 15.0 10000000053.658201
60.0 -2.5 2.5 15.0 10000000015.0832
60.0 0.0 2.5 15.0 10000000005.9645
60.0 2.5 2.5 15.0 10000000113.708101
60.0 5.0 2.5 15.0 119035988.3467
60.0 7.5 2.5 15.0 221946.8658
60.0 10.0 2.5 15.0 -4.2413
60.0 -5.0 5.0 15.0 10000000134.8978
60.0 -2.5 5.0 15.0 151652.87050000002
60.0 0.0 5.0 15.0 10000000016.968601
60.0 2.5 5.0 15.0 416346143.8354
60.0 5.0 5.0 15.0 49738.088
60.0 -5.0 -10.0 16.25 -16.0795
60.0 -2.5 -10.0 16.25 29.9713
60.0 0.0 -10.0 16.25 -17.8616
60.0 2.5 -10.0 16.25 -8.216899999999999
60.0 5.0 -10.0 16.25 -6.1311
60.0 7.5 -10.0 16.25 -1.1524
60.0 10.0 -10.0 16.25 0.7115
60.0 -5.0 -7.5 16.25 14235.2788
60.0 -2.5 -7.5 16.25 803693.2814
60.0 0.0 -7.5 16.25 52064.865600000005
60.0 2.5 -7.5 16.25 4183741.7222
60.0 5.0 -7.5 16.25 376370747.5125
60.0 7.5 -7.5 16.25 29.4707
60.0 10.0 -7.5 16.25 2.3954
60.0 -5.0 -5.0 16.25 10000000008.343102
60.0 -2.5 -5.0 16.25 9999999978.177801
60.0 0.0 -5.0 16.25 10000000013.7728
60.0 2.5 -5.0 16.25 10000000000.313702
60.0 5.0 -5.0 16.25 9999999997.7122
60.0 7.5 -5.0 16.25 82.96260000000001
60.0 10.0 -5.0 16.25 2.8613999999999997
60.0 -5.0 -2.5 16.25 4603910.0111
60.0 -2.5 -2.5 16.25 3307407287.7082
60.0 0.0 -2.5 16.25 10000000059.849401
60.0 2.5 -2.5 16.25 40661.9306
60.0 5.0 -2.5 16.25 7419.6839
60.0 7.5 -2.5 16.25 1.2117999999999993
60.0 10.0 -2.5 16.25 1.1842
60.0 -5.0 0.0 16.25 123568639.8688
60.0 -2.5 0.0 16.25 304004236.02989995
60.0 0.0 0.0 16.25 1471786377.1936998
60.0 2.5 0.0 16.25 10000000028.745201
60.0 5.0 0.0 16.25 346001900.7974
60.0 7.5 0.0 16.25 71.45970000000001
60.0 10.0 0.0 16.25 -1.2341
60.0 -5.0 2.5 16.25 50006359.1535
60.0 -2.5 2.5 16.25 2186840803.3566003
60.0 0.0 2.5 16.25 7462231.2556
60.0 2.5 2.5 16.25 28506032.5211
60.0 5.0 2.5 16.25 10000000116.607
60.0 7.5 2.5 16.25 743.1401
60.0 10.0 2.5 16.25 -2.2536
60.0 -5.0 5.0 16.25 7541400.3656
60.0 -2.5 5.0 16.25 969484.1138
60.0 0.0 5.0 16.25 1472341520.7489002
60.0 2.5 5.0 16.25 13955753.5734
60.0 5.0 5.0 16.25 3115.9563
60.0 7.5 5.0 16.25 312.3511
60.0 10.0 5.0 16.25 -2.3971999999999998
120.0 -5.0 -10.0 3.75 1087232967.5262
120.0 -2.5 -10.0 3.75 9999999929.862202
120.0 0.0 -10.0 3.75 9999999935.721102
120.0 2.5 -10.0 3.75 9999999771.5555
120.0 5.0 -10.0 3.75 9999999957.840101
120.0 7.5 -10.0 3.75 334631453.9116
120.0 10.0 -10.0 3.75 841974.3335000001
120.0 -5.0 -7.5 3.75 4239387547.5641
120.0 -2.5 -7.5 3.75 10000000113.933802
120.0 0.0 -7.5 3.75 10000000416.5111
120.0 2.5 -7.5 3.75 9999999950.4074
120.0 5.0 -7.5 3.75 9999999966.876202
120.0 7.5 -7.5 3.75 9999999997.4346
120.0 10.0 -7.5 3.75 2744.3869
120.0 -5.0 -5.0 3.75 9999999998.922602
120.0 -2.5 -5.0 3.75 10000000421.8967
120.0 0.0 -5.0 3.75 9999999879.451601
120.0 2.5 -5.0 3.75 9999999811.2402
120.0 5.0 -5.0 3.75 9999999569.845402
120.0 7.5 -5.0 3.75 346137643.08239996
120.0 10.0 -5.0 3.75 3868.6067
120.0 -5.0 -2.5 3.75 10000000177.1853
120.0 -2.5 -2.5 3.75 10000000205.052301
120.0 0.0 -2.5 3.75 10000000281.3796
120.0 2.5 -2.5 3.75 10000000232.5191
120.0 5.0 -2.5 3.75 1128204493.2158
120.0 7.5 -2.5 3.75 9999999798.838202
120.0 10.0 -2.5 3.75 138432518.0208
120.0 -5.0 0.0 3.75 499180137.2581
120.0 -2.5 0.0 3.75 10000000232.7071
120.0 0.0 0.0 3.75 10000000110.652102
120.0 2.5 0.0 3.75 9999999920.408
120.0 5.0 0.0 3.75 10000000067.492
120.0 7.5 0.0 3.75 270169097.5777
120.0 10.0 0.0 3.75 1929235796.6755
120.0 -5.0 2.5 3.75 9999999966.621302
120.0 -2.5 2.5 3.75 10000000396.536901
120.0 0.0 2.5 3.75 2428717264.5741
120.0 2.5 2.5 3.75 1944618301.5621
120.0 5.0 2.5 3.75 9999999999.793201
120.0 7.5 2.5 3.75 2142872.9121
120.0 10.0 2.5 3.75 958.4993000000001
120.0 -5.0 5.0 3.75 10000000016.734201
120.0 -2.5 5.0 3.75 10000000587.4326
120.0 0.0 5.0 3.75 8831136993.218699
120.0 2.5 5.0 3.75 3763676104.0984
120.0 5.0 5.0 3.75 64898044.556600004
120.0 7.5 5.0 3.75 89927.15909999999
120.0 10.0 5.0 3.75 23.867199999999997
120.0 -2.5 0.0 5.0 9999999740.6296
120.0 -2.5 2.5 5.0 10000000116.177502
120.0 0.0 -2.5 6.25 10000000220.7122
120.0 -2.5 0.0 6.25 10000000343.250502
120.0 -2.5 2.5 6.25 9999999860.855202
120.0 -2.5 5.0 6.25 10000000009.6403
120.0 0.0 -7.5 7.5 9999999935.4473
120.0 -2.5 -5.0 7.5 10000000204.861101
120.0 0.0 -5.0 7.5 9999999989.189201
120.0 -2.5 -2.5 7.5 2715700146.9568
120.0 0.0 -2.5 7.5 9999999923.6942
120.0 -2.5 0.0 7.5 10000000176.2949
120.0 -2.5 2.5 7.5 9999999981.866701
120.0 0.0 2.5 7.5 10000000013.8076
120.0 -2.5 5.0 7.5 9999999985.948
120.0 0.0 -7.5 8.75 9999999929.2273
120.0 -2.5 -5.0 8.75 10000000031.394001
120.0 0.0 -5.0 8.75 9999999951.1222
120.0 2.5 -5.0 8.75 8128396692.2934
120.0 -2.5 -2.5 8.75 10000000113.647902
120.0 0.0 -2.5 8.75 2871511946.1212
120.0 -2.5 0.0 8.75 9999999775.2119
120.0 0.0 0.0 8.75 9999999916.428902
120.0 -2.5 2.5 8.75 9999999962.0874
120.0 0.0 2.5 8.75 10000000080.240702
120.0 -5.0 5.0 8.75 10000000000.7276
120.0 -2.5 5.0 8.75 10000000064.1653
120.0 0.0 -7.5 10.0 9999999898.007101
120.0 2.5 -7.5 10.0 8062494062.628201
120.0 -2.5 -5.0 10.0 9999999879.6102
120.0 0.0 -5.0 10.0 5735719471.178
120.0 2.5 -5.0 10.0 9999999965.3181
120.0 -2.5 -2.5 10.0 10000000148.6944
120.0 0.0 -2.5 10.0 9999999825.455301
120.0 -2.5 0.0 10.0 10000000207.176401
120.0 0.0 0.0 10.0 9999999979.1522
120.0 -2.5 2.5 10.0 10000000076.211601
120.0 0.0 2.5 10.0 10000000134.5193
120.0 2.5 2.5 10.0 10000000032.2474
120.0 -5.0 5.0 10.0 783120340.1361
120.0 -2.5 5.0 10.0 9999999978.547
120.0 0.0 5.0 10.0 10000000054.0056
120.0 0.0 -10.0 11.25 3085234583.9682
120.0 2.5 -10.0 11.25 9999999783.5002
120.0 5.0 -10.0 11.25 158742833.7844
120.0 7.5 -10.0 11.25 9999999900.0781
120.0 0.0 -7.5 11.25 1734339506.1512
120.0 2.5 -7.5 11.25 3130383980.1213
120.0 5.0 -7.5 11.25 882012058.9373
120.0 -2.5 -5.0 11.25 9999999963.382
120.0 0.0 -5.0 11.25 9999999736.853802
120.0 2.5 -5.0 11.25 199419832.73479998
120.0 -5.0 -2.5 11.25 9999999938.812801
120.0 -2.5 -2.5 11.25 9999999922.6207
120.0 0.0 -2.5 11.25 9999999922.644901
120.0 -5.0 0.0 11.25 7268906391.4911995
120.0 -2.5 0.0 11.25 10000000097.228401
120.0 0.0 0.0 11.25 4427373136.3359
120.0 2.5 0.0 11.25 9999999886.317202
120.0 5.0 0.0 11.25 2454883.1533000004
120.0 -5.0 2.5 11.25 10000000312.6648
120.0 -2.5 2.5 11.25 10000000030.6411
120.0 0.0 2.5 11.25 9999999912.4473
120.0 2.5 2.5 11.25 9999999978.0109
120.0 -5.0 5.0 11.25 24380109.4254
120.0 -2.5 5.0 11.25 10000000027.8731
120.0 0.0 5.0 11.25 3077698289.5031
120.0 2.5 5.0 11.25 10000000001.343102
120.0 -5.0 -10.0 12.5 62795.2114
120.0 0.0 -10.0 12.5 9999999931.587502
120.0 2.5 -10.0 12.5 2394177154.0464
120.0 5.0 -10.0 12.5 133308.4986
120.0 7.5 -10.0 12.5 136542045.65760002
120.0 10.0 -10.0 12.5 250.008
120.0 -2.5 -7.5 12.5 98852090.39819999
120.0 0.0 -7.5 12.5 692097672.7277
120.0 2.5 -7.5 12.5 22031830.199399997
120.0 5.0 -7.5 12.5 1015954.7472
120.0 -2.5 -5.0 12.5 9999999983.907202
120.0 0.0 -5.0 12.5 9999999925.6278
120.0 2.5 -5.0 12.5 10000000003.4514
120.0 -5.0 -2.5 12.5 40187802.0743
120.0 -2.5 -2.5 12.5 304951824.1393
120.0 0.0 -2.5 12.5 9999999863.7499
120.0 -5.0 0.0 12.5 2762940467.2493997
120.0 -2.5 0.0 12.5 4691091022.0327
120.0 0.0 0.0 12.5 9999999928.0109
120.0 2.5 0.0 12.5 9999999975.3363
120.0 5.0 0.0 12.5 6412509.8253
120.0 -5.0 2.5 12.5 85941396.8521
120.0 -2.5 2.5 12.5 9999999970.8446
120.0 0.0 2.5 12.5 9999999967.013401
120.0 2.5 2.5 12.5 10000000027.2481
120.0 5.0 2.5 12.5 5422880.6289
120.0 -5.0 5.0 12.5 44694168.5879
120.0 -2.5 5.0 12.5 139491714.1654
120.0 0.0 5.0 12.5 232499842.7363
120.0 2.5 5.0 12.5 811222780.255
120.0 5.0 5.0 12.5 550796.1109000001
120.0 7.5 5.0 12.5 3.0126
120.0 -5.0 -10.0 13.75 32416521.3023
120.0 -2.5 -10.0 13.75 72313293.6704
120.0 0.0 -10.0 13.75 331798172.7841
120.0 2.5 -10.0 13.75 268211.14940000005
120.0 5.0 -10.0 13.75 10232.089899999999
120.0 7.5 -10.0 13.75 77082.3269
120.0 10.0 -10.0 13.75 42.0434
120.0 -2.5 -7.5 13.75 9999999875.0242
120.0 0.0 -7.5 13.75 97052135.61269999
120.0 2.5 -7.5 13.75 478390.688
120.0 5.0 -7.5 13.75 2984.6422
120.0 7.5 -7.5 13.75 233.0526
120.0 10.0 -7.5 13.75 -12.7279
120.0 -5.0 -5.0 13.75 10000000352.842001
120.0 -2.5 -5.0 13.75 9999999943.3477
120.0 0.0 -5.0 13.75 124261532.7729
120.0 2.5 -5.0 13.75 134005177.9794
120.0 -5.0 -2.5 13.75 516344987.8475
120.0 -2.5 -2.5 13.75 1066299176.6545
120.0 0.0 -2.5 13.75 9999999984.2444
120.0 2.5 -2.5 13.75 9999999966.048601
120.0 -5.0 0.0 13.75 9999999783.1466
120.0 -2.5 0.0 13.75 10000000356.384201
120.0 0.0 0.0 13.75 4208458376.5098
120.0 2.5 0.0 13.75 7905514.704100001
120.0 -5.0 2.5 13.75 125997576.17590001
120.0 -2.5 2.5 13.75 10000000105.003101
120.0 0.0 2.5 13.75 9999999948.6411
120.0 2.5 2.5 13.75 10000000023.7863
120.0 5.0 2.5 13.75 8518699.7236
120.0 7.5 2.5 13.75 -2.0093000000000005
120.0 -5.0 5.0 13.75 3101610219.3825
120.0 -2.5 5.0 13.75 75936229.272
120.0 0.0 5.0 13.75 9999999939.0667
120.0 2.5 5.0 13.75 10000000072.366901
120.0 5.0 5.0 13.75 102503860.5723
120.0 7.5 5.0 13.75 7.6326
120.0 -5.0 -10.0 15.0 171858156.5934
120.0 -2.5 -10.0 15.0 522088.84060000005
120.0 0.0 -10.0 15.0 70974962.1883
120.0 2.5 -10.0 15.0 10000000005.8616
120.0 5.0 -10.0 15.0 -20.4988
120.0 7.5 -10.0 15.0 -12.6682
120.0 10.0 -10.0 15.0 -13.5423
120.0 -5.0 -7.5 15.0 2642257777.9034
120.0 -2.5 -7.5 15.0 60258306.5107
120.0 0.0 -7.5 15.0 6428162029.5572
120.0 2.5 -7.5 15.0 273636.99199999997
120.0 5.0 -7.5 15.0 1196437.8822
120.0 7.5 -7.5 15.0 -19.899900000000002
120.0 10.0 -7.5 15.0 -12.0973
120.0 -5.0 -5.0 15.0 9999999431.2191
120.0 -2.5 -5.0 15.0 10000000002.549702
120.0 0.0 -5.0 15.0 9999999955.5863
120.0 2.5 -5.0 15.0 9999999974.0667
120.0 5.0 -5.0 15.0 10000000045.3679
120.0 7.5 -5.0 15.0 -12.9448
120.0 10.0 -5.0 15.0 -7.1224
120.0 -5.0 -2.5 15.0 4744018768.8736
120.0 -2.5 -2.5 15.0 1331006201.0117
120.0 0.0 -2.5 15.0 10000000008.211601
120.0 2.5 -2.5 15.0 7976211952.3455
120.0 5.0 -2.5 15.0 26366522.3085
120.0 7.5 -2.5 15.0 -8.441
120.0 10.0 -2.5 15.0 2.9783999999999997
120.0 -5.0 0.0 15.0 346984037.7756
120.0 -2.5 0.0 15.0 10000000125.083801
120.0 0.0 0.0 15.0 1152272279.2091
120.0 2.5 0.0 15.0 877857851.2854
120.0 5.0 0.0 15.0 6357.6168
120.0 10.0 0.0 15.0 5.7841000000000005
120.0 -5.0 2.5 15.0 67862668.8351
120.0 -2.5 2.5 15.0 274509446.9724
120.0 0.0 2.5 15.0 884288653.8048999
120.0 2.5 2.5 15.0 585041541.2718
120.0 5.0 2.5 15.0 181594948.29659998
120.0 7.5 2.5 15.0 1.6597
120.0 10.0 2.5 15.0 2.7956000000000003
120.0 -5.0 5.0 15.0 156112819.84190002
120.0 -2.5 5.0 15.0 10000000010.5632
120.0 0.0 5.0 15.0 51669981.8134
120.0 2.5 5.0 15.0 34044310.2972
120.0 5.0 5.0 15.0 9300425.9754
120.0 7.5 5.0 15.0 29.0826
120.0 10.0 5.0 15.0 0.028299999999999992
120.0 -5.0 -10.0 16.25 7315690.1158
120.0 -2.5 -10.0 16.25 1565.7920000000001
120.0 0.0 -10.0 16.25 735729.6611
120.0 2.5 -10.0 16.25 555.2081999999999
120.0 5.0 -10.0 16.25 -22.052
120.0 7.5 -10.0 16.25 -15.921299999999999
120.0 10.0 -10.0 16.25 -11.2891
120.0 -5.0 -7.5 16.25 4319525.0026
120.0 -2.5 -7.5 16.25 500893560.8884
120.0 0.0 -7.5 16.25 2025257.395
120.0 2.5 -7.5 16.25 6804476.1093999995
120.0 5.0 -7.5 16.25 122.77850000000001
120.0 7.5 -7.5 16.25 -16.892599999999998
120.0 10.0 -7.5 16.25 -9.8573
120.0 -5.0 -5.0 16.25 39179685.1911
120.0 -2.5 -5.0 16.25 10000000027.389301
120.0 0.0 -5.0 16.25 678472.8757
120.0 2.5 -5.0 16.25 9999999986.1168
120.0 5.0 -5.0 16.25 555879134.4915
120.0 7.5 -5.0 16.25 -15.3181
120.0 10.0 -5.0 16.25 -5.5425
120.0 -5.0 -2.5 16.25 186157675.55249998
120.0 -2.5 -2.5 16.25 10000000009.9831
120.0 0.0 -2.5 16.25 10000000200.916801
120.0 2.5 -2.5 16.25 48802107.7474
120.0 5.0 -2.5 16.25 25921560.5839
120.0 7.5 -2.5 16.25 -6.6364
120.0 10.0 -2.5 16.25 0.4102000000000001
120.0 -5.0 0.0 16.25 2360084733.7862997
120.0 -2.5 0.0 16.25 9999999919.459301
120.0 0.0 0.0 16.25 10000000084.520102
120.0 2.5 0.0 16.25 5573840.9644
120.0 5.0 0.0 16.25 333.7135
120.0 7.5 0.0 16.25 -0.2157
120.0 10.0 0.0 16.25 3.8457000000000003
120.0 -5.0 2.5 16.25 4834626.2518
120.0 -2.5 2.5 16.25 27343572.8037
120.0 0.0 2.5 16.25 6485958448.1871
120.0 2.5 2.5 16.25 3986402514.934
120.0 5.0 2.5 16.25 41525549.3541
120.0 7.5 2.5 16.25 0.5950000000000002
120.0 10.0 2.5 16.25 2.0060000000000002
120.0 -5.0 5.0 16.25 24097439.4004
120.0 -2.5 5.0 16.25 9999999959.174702
120.0 0.0 5.0 16.25 9640.357899999999
120.0 2.5 5.0 16.25 8324230.404200001
120.0 5.0 5.0 16.25 10000000059.6149
120.0 7.5 5.0 16.25 14.3009
120.0 10.0 5.0 16.25 0.15000000000000002
180.0 -5.0 -10.0 3.75 10000000266.9249
180.0 -2.5 -10.0 3.75 9999999941.7982
180.0 0.0 -10.0 3.75 9999999648.4332
180.0 2.5 -10.0 3.75 10000000298.097801
180.0 5.0 -10.0 3.75 9999999779.0023
180.0 7.5 -10.0 3.75 10000000110.330502
180.0 10.0 -10.0 3.75 2549.4982999999997
180.0 -5.0 -7.5 3.75 6772662479.139
180.0 -2.5 -7.5 3.75 10000000649.1256
180.0 0.0 -7.5 3.75 9999999950.0228
180.0 2.5 -7.5 3.75 9999999978.5741
180.0 5.0 -7.5 3.75 9999999900.0792
180.0 7.5 -7.5 3.75 9999999820.528301
180.0 10.0 -7.5 3.75 10000000015.384
180.0 -5.0 -5.0 3.75 10000000083.6329
180.0 -2.5 -5.0 3.75 9999999935.5583
180.0 0.0 -5.0 3.75 9999999861.3736
180.0 2.5 -5.0 3.75 9999999830.271801
180.0 5.0 -5.0 3.75 9999999964.593801
180.0 7.5 -5.0 3.75 9999999993.6256
180.0 10.0 -5.0 3.75 502462437.79429996
180.0 -5.0 -2.5 3.75 9999999834.8227
180.0 -2.5 -2.5 3.75 9999999987.9951
180.0 0.0 -2.5 3.75 9999999433.020601
180.0 2.5 -2.5 3.75 9999999732.767
180.0 5.0 -2.5 3.75 7994402740.9074
180.0 7.5 -2.5 3.75 3428280505.6756
180.0 10.0 -2.5 3.75 1106852158.1528
180.0 -5.0 0.0 3.75 9999999495.969501
180.0 -2.5 0.0 3.75 9999999759.26
180.0 0.0 0.0 3.75 9999999902.9398
180.0 2.5 0.0 3.75 9999999827.1679
180.0 5.0 0.0 3.75 10000000019.1154
180.0 7.5 0.0 3.75 9999999919.876701
180.0 10.0 0.0 3.75 2129377515.4441001
180.0 -5.0 2.5 3.75 7010531532.8624
180.0 -2.5 2.5 3.75 5137523755.0776005
180.0 0.0 2.5 3.75 10000000001.3483
180.0 2.5 2.5 3.75 9999999962.8649
180.0 5.0 2.5 3.75 10000000060.938301
180.0 7.5 2.5 3.75 56707882.6939
180.0 10.0 2.5 3.75 4003306210.698
180.0 -5.0 5.0 3.75 9999999971.5042
180.0 -2.5 5.0 3.75 10000000046.4747
180.0 0.0 5.0 3.75 10000000105.4463
180.0 2.5 5.0 3.75 4719245145.4955
180.0 5.0 5.0 3.75 230840641.8144
180.0 7.5 5.0 3.75 147199860.3623
180.0 10.0 5.0 3.75 203145186.6319
180.0 -2.5 2.5 5.0 9999999854.116701
180.0 -2.5 -2.5 6.25 10000000293.855202
180.0 -2.5 0.0 6.25 9999999876.1233
180.0 -2.5 -2.5 7.5 10000000032.6042
180.0 -2.5 0.0 7.5 10000000189.628101
180.0 -2.5 2.5 7.5 9999999748.8736
180.0 0.0 2.5 7.5 9999999977.734201
180.0 2.5 2.5 7.5 9999999901.9067
180.0 2.5 -10.0 8.75 428961563.9354
180.0 -2.5 -7.5 8.75 9999999826.621302
180.0 2.5 -7.5 8.75 10000000018.5643
180.0 5.0 -7.5 8.75 9999999930.5799
180.0 -5.0 -5.0 8.75 10000000069.780602
180.0 -2.5 -5.0 8.75 10000000221.7982
180.0 -5.0 -2.5 8.75 10000000185.058601
180.0 -2.5 -2.5 8.75 10000000063.170801
180.0 0.0 -2.5 8.75 9999999798.856
180.0 -5.0 0.0 8.75 9999999964.406301
180.0 -2.5 0.0 8.75 10000000059.8134
180.0 0.0 0.0 8.75 9999999996.5559
180.0 -5.0 2.5 8.75 10000000028.817202
180.0 -2.5 2.5 8.75 10000000083.2276
180.0 0.0 2.5 8.75 9999999881.3157
180.0 2.5 2.5 8.75 9999999769.244902
180.0 0.0 5.0 8.75 22948066.4932
180.0 2.5 5.0 8.75 9999999917.497002
180.0 2.5 -10.0 10.0 9999999871.504002
180.0 -2.5 -7.5 10.0 93520065.1266
180.0 0.0 -7.5 10.0 748978328.639
180.0 2.5 -7.5 10.0 9999999897.681702
180.0 5.0 -7.5 10.0 9999999997.7485
180.0 -5.0 -5.0 10.0 9999999957.92
180.0 -2.5 -5.0 10.0 9999999854.0321
180.0 0.0 -5.0 10.0 9999999985.6173
180.0 -5.0 -2.5 10.0 2391840136.7
180.0 -2.5 -2.5 10.0 10000000061.875
180.0 0.0 -2.5 10.0 10000000082.697401
180.0 -5.0 0.0 10.0 6697030252.4343
180.0 -2.5 0.0 10.0 9999999334.812
180.0 0.0 0.0 10.0 2506368449.3167
180.0 -5.0 2.5 10.0 10000000004.2159
180.0 -2.5 2.5 10.0 9999999984.7688
180.0 0.0 2.5 10.0 9999999862.9808
180.0 2.5 2.5 10.0 10497382.2567
180.0 -2.5 5.0 10.0 10000000019.1655
180.0 0.0 5.0 10.0 10000000077.887701
180.0 2.5 5.0 10.0 10000000003.546902
180.0 5.0 5.0 10.0 48507.014800000004
180.0 -2.5 -10.0 11.25 2488213345.5867996
180.0 2.5 -10.0 11.25 103987409.5262
180.0 5.0 -10.0 11.25 10179554.1171
180.0 -2.5 -7.5 11.25 9999999941.8486
180.0 0.0 -7.5 11.25 2456567109.8688
180.0 2.5 -7.5 11.25 9999999673.933802
180.0 5.0 -7.5 11.25 285989788.7692
180.0 -5.0 -5.0 11.25 10000000342.845701
180.0 -2.5 -5.0 11.25 7389874227.185699
180.0 0.0 -5.0 11.25 10000000067.5489
180.0 -5.0 -2.5 11.25 9999999865.2268
180.0 -2.5 -2.5 11.25 9999999915.0645
180.0 0.0 -2.5 11.25 9999999995.3598
180.0 -5.0 0.0 11.25 10000000156.823301
180.0 -2.5 0.0 11.25 636727887.9945999
180.0 0.0 0.0 11.25 9999999933.5151
180.0 -5.0 2.5 11.25 6707822284.637
180.0 -2.5 2.5 11.25 10000000002.452301
180.0 0.0 2.5 11.25 10000000065.205801
180.0 2.5 2.5 11.25 1707867.6609
180.0 -5.0 5.0 11.25 1425687.7758
180.0 -2.5 5.0 11.25 3127401034.6282
180.0 0.0 5.0 11.25 9999999897.1142
180.0 2.5 5.0 11.25 159602.3879
180.0 5.0 5.0 11.25 8706.2978
180.0 7.5 5.0 11.25 1022149.076
180.0 -2.5 -10.0 12.5 65826.10859999999
180.0 0.0 -10.0 12.5 122462750.0156
180.0 2.5 -10.0 12.5 6511507.2541000005
180.0 5.0 -10.0 12.5 24513221.0176
180.0 7.5 -10.0 12.5 26225.6404
180.0 -2.5 -7.5 12.5 9999999899.6334
180.0 0.0 -7.5 12.5 9999999977.2954
180.0 2.5 -7.5 12.5 9999999971.8514
180.0 5.0 -7.5 12.5 9999999929.100101
180.0 -5.0 -5.0 12.5 10000000003.1091
180.0 -2.5 -5.0 12.5 9999999857.9505
180.0 0.0 -5.0 12.5 10000000125.7157
180.0 2.5 -5.0 12.5 9999999970.960402
180.0 5.0 -5.0 12.5 280734177.1063
180.0 -5.0 -2.5 12.5 9999999814.6399
180.0 -2.5 -2.5 12.5 10000000421.228802
180.0 0.0 -2.5 12.5 10000000162.4134
180.0 2.5 -2.5 12.5 9999999932.5748
180.0 5.0 -2.5 12.5 9999999945.705801
180.0 -5.0 0.0 12.5 7659591571.5405
180.0 -2.5 0.0 12.5 10000000053.8777
180.0 0.0 0.0 12.5 3040838454.1948
180.0 2.5 0.0 12.5 348298420.35459995
180.0 -5.0 2.5 12.5 1521220833.3114998
180.0 -2.5 2.5 12.5 10000000069.7863
180.0 0.0 2.5 12.5 9999999948.8845
180.0 2.5 2.5 12.5 31171629.5019
180.0 5.0 2.5 12.5 256067950.7392
180.0 -5.0 5.0 12.5 22400.9274
180.0 -2.5 5.0 12.5 2322646461.4572
180.0 0.0 5.0 12.5 10000000031.1469
180.0 2.5 5.0 12.5 1635250441.4854
180.0 5.0 5.0 12.5 9999999933.4223
180.0 7.5 5.0 12.5 589.9232
180.0 10.0 5.0 12.5 24292.0387
180.0 -5.0 -10.0 13.75 6417.2351
180.0 -2.5 -10.0 13.75 10000000282.440102
180.0 0.0 -10.0 13.75 10712405.4407
180.0 2.5 -10.0 13.75 1305046966.5393999
180.0 5.0 -10.0 13.75 629662826.3708999
180.0 7.5 -10.0 13.75 28551.702699999998
180.0 -5.0 -7.5 13.75 16709337.3325
180.0 -2.5 -7.5 13.75 2193553433.0568004
180.0 0.0 -7.5 13.75 1501537312.5944
180.0 2.5 -7.5 13.75 9999999919.824202
180.0 5.0 -7.5 13.75 2185980540.2695
180.0 10.0 -7.5 13.75 -4.6197
180.0 -5.0 -5.0 13.75 9999999823.3286
180.0 -2.5 -5.0 13.75 2631486258.0017
180.0 0.0 -5.0 13.75 9999999876.862902
180.0 2.5 -5.0 13.75 2348473550.943
180.0 5.0 -5.0 13.75 191613710.9736
180.0 -5.0 -2.5 13.75 10000000035.4148
180.0 -2.5 -2.5 13.75 9999999876.738401
180.0 0.0 -2.5 13.75 10000000045.929901
180.0 2.5 -2.5 13.75 9999999947.916302
180.0 5.0 -2.5 13.75 32874207.5905
180.0 -5.0 0.0 13.75 4778857580.5254
180.0 -2.5 0.0 13.75 9999999940.152601
180.0 0.0 0.0 13.75 9999999993.7945
180.0 2.5 0.0 13.75 56511831.768800005
180.0 5.0 0.0 13.75 9999999950.162401
180.0 7.5 0.0 13.75 77495.6174
180.0 -5.0 2.5 13.75 49241914.915400006
180.0 -2.5 2.5 13.75 10000000535.575
180.0 0.0 2.5 13.75 9999999994.927301
180.0 2.5 2.5 13.75 729477962.1322
180.0 5.0 2.5 13.75 4963718192.7416
180.0 7.5 2.5 13.75 3004823.1114999996
180.0 10.0 2.5 13.75 60.5864
180.0 -5.0 5.0 13.75 2301.8255000000004
180.0 -2.5 5.0 13.75 34954019.242400005
180.0 0.0 5.0 13.75 702642705.4355
180.0 2.5 5.0 13.75 72623573.7457
180.0 5.0 5.0 13.75 17199.9524
180.0 7.5 5.0 13.75 33.307900000000004
180.0 -5.0 -10.0 15.0 405609.294
180.0 -2.5 -10.0 15.0 2795599.0034
180.0 0.0 -10.0 15.0 9999999914.729301
180.0 2.5 -10.0 15.0 22691553.573200002
180.0 5.0 -10.0 15.0 10000000078.8446
180.0 7.5 -10.0 15.0 146763.1422
180.0 10.0 -10.0 15.0 -0.8812
180.0 -5.0 -7.5 15.0 10000000237.9452
180.0 -2.5 -7.5 15.0 196093803.3574
180.0 0.0 -7.5 15.0 1587804430.788
180.0 2.5 -7.5 15.0 162757268.2756
180.0 5.0 -7.5 15.0 209029657.422
180.0 7.5 -7.5 15.0 107422.4448
180.0 10.0 -7.5 15.0 -5.556
180.0 -5.0 -5.0 15.0 2540132038.7795
180.0 -2.5 -5.0 15.0 9381070243.064001
180.0 0.0 -5.0 15.0 9999999853.11
180.0 2.5 -5.0 15.0 10000000002.2569
180.0 5.0 -5.0 15.0 2007796.8097
180.0 7.5 -5.0 15.0 116.43789999999998
180.0 -5.0 -2.5 15.0 228107029.1045
180.0 -2.5 -2.5 15.0 9999999991.573
180.0 0.0 -2.5 15.0 9999999903.7994
180.0 2.5 -2.5 15.0 2374931851.261
180.0 5.0 -2.5 15.0 1101265.9153
180.0 7.5 -2.5 15.0 1160.5135
180.0 -5.0 0.0 15.0 10000000024.4009
180.0 -2.5 0.0 15.0 9999999964.6762
180.0 0.0 0.0 15.0 44666763.9622
180.0 2.5 0.0 15.0 66724326.9682
180.0 5.0 0.0 15.0 7191001472.6265
180.0 7.5 0.0 15.0 5652.8294
180.0 -5.0 2.5 15.0 60987443.012
180.0 -2.5 2.5 15.0 935290713.9471
180.0 0.0 2.5 15.0 9067399.323
180.0 2.5 2.5 15.0 131260970.7242
180.0 5.0 2.5 15.0 9999999906.194
180.0 7.5 2.5 15.0 921448.4536
180.0 10.0 2.5 15.0 -18.9101
180.0 -5.0 5.0 15.0 11843.8317
180.0 -2.5 5.0 15.0 39301838.5811
180.0 0.0 5.0 15.0 1044259.5046
180.0 2.5 5.0 15.0 9999999984.225
180.0 5.0 5.0 15.0 2090.0559000000003
180.0 7.5 5.0 15.0 -21.345100000000002
180.0 10.0 5.0 15.0 -6.1318
180.0 -5.0 -10.0 16.25 365036.8852
180.0 -2.5 -10.0 16.25 10771728.178199999
180.0 0.0 -10.0 16.25 494401137.7443
180.0 2.5 -10.0 16.25 12620.9315
180.0 5.0 -10.0 16.25 1536370524.374
180.0 7.5 -10.0 16.25 354.9871
180.0 10.0 -10.0 16.25 -1.2546
180.0 -5.0 -7.5 16.25 27530819.7201
180.0 -2.5 -7.5 16.25 94834.1431
180.0 0.0 -7.5 16.25 15265124.1027
180.0 2.5 -7.5 16.25 20557721.5203
180.0 5.0 -7.5 16.25 43345486.707
180.0 7.5 -7.5 16.25 35.2029
180.0 10.0 -7.5 16.25 -5.292199999999999
180.0 -5.0 -5.0 16.25 608811.067
180.0 -2.5 -5.0 16.25 10000000041.1718
180.0 0.0 -5.0 16.25 540070066.0901
180.0 2.5 -5.0 16.25 70018881.861
180.0 5.0 -5.0 16.25 5324.3523000000005
180.0 7.5 -5.0 16.25 -14.68
180.0 10.0 -5.0 16.25 -10.4728
180.0 -5.0 -2.5 16.25 3564377.1539
180.0 -2.5 -2.5 16.25 10000000015.120901
180.0 0.0 -2.5 16.25 9999999941.103601
180.0 2.5 -2.5 16.25 1231937529.2797
180.0 5.0 -2.5 16.25 23629.641200000002
180.0 7.5 -2.5 16.25 3.9579000000000004
180.0 10.0 -2.5 16.25 -14.245899999999999
180.0 -5.0 0.0 16.25 10000000077.5312
180.0 -2.5 0.0 16.25 9999999975.7189
180.0 0.0 0.0 16.25 49910595.815
180.0 2.5 0.0 16.25 46228.2623
180.0 5.0 0.0 16.25 385617.71390000003
180.0 7.5 0.0 16.25 152.3308
180.0 10.0 0.0 16.25 -13.2436
180.0 -5.0 2.5 16.25 2558896916.0483
180.0 -2.5 2.5 16.25 103212170.651
180.0 0.0 2.5 16.25 71974481.07329999
180.0 2.5 2.5 16.25 6963260.6896
180.0 5.0 2.5 16.25 390366.7127
180.0 7.5 2.5 16.25 81771.52339999999
180.0 10.0 2.5 16.25 -12.6694
180.0 -5.0 5.0 16.25 17.421799999999998
180.0 -2.5 5.0 16.25 116642.5135
180.0 0.0 5.0 16.25 3315.9503
180.0 2.5 5.0 16.25 10000000031.5895
180.0 5.0 5.0 16.25 1827.1093
180.0 7.5 5.0 16.25 -14.4364
180.0 10.0 5.0 16.25 -5.4354000000000005
240.0 -5.0 -10.0 3.75 9999999749.9295
240.0 -2.5 -10.0 3.75 9999999969.130402
240.0 0.0 -10.0 3.75 9999999637.5718
240.0 2.5 -10.0 3.75 5237341192.9446
240.0 5.0 -10.0 3.75 10000000113.215302
240.0 7.5 -10.0 3.75 9999999998.0391
240.0 10.0 -10.0 3.75 92974.3187
240.0 -5.0 -7.5 3.75 10000000146.864801
240.0 -2.5 -7.5 3.75 9999999907.193602
240.0 0.0 -7.5 3.75 9999999866.513802
240.0 2.5 -7.5 3.75 9562747661.1016
240.0 5.0 -7.5 3.75 10000000051.4662
240.0 7.5 -7.5 3.75 10000000142.436201
240.0 10.0 -7.5 3.75 18748.956899999997
240.0 -5.0 -5.0 3.75 9999999979.4316
240.0 -2.5 -5.0 3.75 10000000248.948801
240.0 0.0 -5.0 3.75 10000000014.328701
240.0 2.5 -5.0 3.75 10000000149.007101
240.0 5.0 -5.0 3.75 9999999888.3234
240.0 7.5 -5.0 3.75 10000000175.9689
240.0 10.0 -5.0 3.75 1367895867.1311002
240.0 -5.0 -2.5 3.75 9999999807.933102
240.0 -2.5 -2.5 3.75 9999999638.757
240.0 0.0 -2.5 3.75 9999999953.695702
240.0 2.5 -2.5 3.75 10000000375.2408
240.0 5.0 -2.5 3.75 4443201622.940101
240.0 7.5 -2.5 3.75 12376329.7208
240.0 10.0 -2.5 3.75 36850.6671
240.0 -5.0 0.0 3.75 9999999666.1837
240.0 -2.5 0.0 3.75 9999999848.3362
240.0 0.0 0.0 3.75 9999999973.276001
240.0 2.5 0.0 3.75 10000000205.5111
240.0 5.0 0.0 3.75 9999999826.017801
240.0 7.5 0.0 3.75 5093858303.3065
240.0 10.0 0.0 3.75 1431.9563
240.0 -5.0 2.5 3.75 10000000063.559502
240.0 -2.5 2.5 3.75 9999999879.841702
240.0 0.0 2.5 3.75 10000000276.9754
240.0 2.5 2.5 3.75 1105736461.2699
240.0 5.0 2.5 3.75 10000000096.1508
240.0 7.5 2.5 3.75 1353932.7114000001
240.0 10.0 2.5 3.75 239.4657
240.0 -5.0 5.0 3.75 1388980715.6366
240.0 -2.5 5.0 3.75 307012673.62700003
240.0 0.0 5.0 3.75 10000000064.4717
240.0 2.5 5.0 3.75 10000000603.125801
240.0 5.0 5.0 3.75 9999999935.8222
240.0 7.5 5.0 3.75 568337.2784
240.0 10.0 5.0 3.75 33.5281
240.0 0.0 5.0 5.0 10000000032.278101
240.0 2.5 -7.5 6.25 9999999941.000801
240.0 0.0 -2.5 6.25 7478023971.2531
240.0 0.0 0.0 6.25 10000000061.309
240.0 -2.5 2.5 6.25 10000000029.9955
240.0 0.0 2.5 6.25 10000000234.054
240.0 0.0 5.0 6.25 9999999889.6264
240.0 2.5 -7.5 7.5 10000000071.3516
240.0 0.0 -5.0 7.5 10000000112.605701
240.0 2.5 -5.0 7.5 10000000065.8658
240.0 0.0 -2.5 7.5 10000000103.5533
240.0 2.5 -2.5 7.5 1951887683.5364
240.0 0.0 0.0 7.5 10000000228.4193
240.0 2.5 0.0 7.5 9999999522.300701
240.0 0.0 2.5 7.5 9999999810.952301
240.0 -2.5 5.0 7.5 10000000091.9976
240.0 0.0 5.0 7.5 9999999932.8239
240.0 2.5 -10.0 8.75 10000000240.017801
240.0 2.5 -7.5 8.75 168364994.4506
240.0 0.0 -5.0 8.75 10000000172.062
240.0 2.5 -5.0 8.75 881012242.0704
240.0 -2.5 -2.5 8.75 10000000212.0123
240.0 0.0 -2.5 8.75 10000000100.2782
240.0 2.5 -2.5 8.75 9999999992.231
240.0 -5.0 0.0 8.75 10000000003.1544
240.0 -2.5 0.0 8.75 9999999838.1009
240.0 0.0 0.0 8.75 10000000022.728601
240.0 2.5 0.0 8.75 10000000111.470201
240.0 -2.5 2.5 8.75 6206862616.9074
240.0 0.0 2.5 8.75 9999999764.0564
240.0 2.5 2.5 8.75 10000000273.956501
240.0 -2.5 5.0 8.75 8224453723.3774
240.0 0.0 5.0 8.75 9999999992.797401
240.0 2.5 5.0 8.75 10000000060.3295
240.0 2.5 -10.0 10.0 867342135.1218
240.0 5.0 -10.0 10.0 1138376113.0678
240.0 2.5 -7.5 10.0 5079744189.5205
240.0 -5.0 -5.0 10.0 9999999592.298601
240.0 0.0 -5.0 10.0 10000000004.3868
240.0 2.5 -5.0 10.0 10000000275.6674
240.0 -5.0 -2.5 10.0 10000000231.6662
240.0 -2.5 -2.5 10.0 10000000178.274101
240.0 0.0 -2.5 10.0 9999999686.6329
240.0 2.5 -2.5 10.0 9999999975.8556
240.0 -5.0 0.0 10.0 9999999942.786901
240.0 -2.5 0.0 10.0 9999999905.2252
240.0 0.0 0.0 10.0 10000000150.5858
240.0 2.5 0.0 10.0 10000000220.612701
240.0 -2.5 2.5 10.0 9999999933.170801
240.0 0.0 2.5 10.0 9999999759.9318
240.0 2.5 2.5 10.0 9999999947.6009
240.0 5.0 2.5 10.0 10000000039.703402
240.0 -2.5 5.0 10.0 64668357.0264
240.0 0.0 5.0 10.0 2151069234.1897
240.0 2.5 5.0 10.0 291091692.3886
240.0 5.0 5.0 10.0 6701184324.6972
240.0 -2.5 -10.0 11.25 910169554.4473
240.0 2.5 -10.0 11.25 130456187.4495
240.0 5.0 -10.0 11.25 79594611.4522
240.0 10.0 -10.0 11.25 -8.4473
240.0 2.5 -7.5 11.25 10000000149.799702
240.0 -5.0 -5.0 11.25 694907081.4154999
240.0 -2.5 -5.0 11.25 10000000378.7556
240.0 0.0 -5.0 11.25 5503198800.277201
240.0 2.5 -5.0 11.25 9999999937.644901
240.0 -5.0 -2.5 11.25 9999999772.7844
240.0 -2.5 -2.5 11.25 7008689612.1248
240.0 0.0 -2.5 11.25 10000000037.472801
240.0 2.5 -2.5 11.25 10000000021.429602
240.0 -5.0 0.0 11.25 596237421.3536
240.0 -2.5 0.0 11.25 10000000073.6893
240.0 0.0 0.0 11.25 10000000108.1385
240.0 2.5 0.0 11.25 9999999980.3962
240.0 -2.5 2.5 11.25 9999999914.8197
240.0 0.0 2.5 11.25 9999999847.577702
240.0 2.5 2.5 11.25 10000000020.338902
240.0 5.0 2.5 11.25 9999999968.6996
240.0 -2.5 5.0 11.25 35250120.0842
240.0 0.0 5.0 11.25 10000000093.052502
240.0 2.5 5.0 11.25 1918973.2556
240.0 5.0 5.0 11.25 9999999925.819801
240.0 7.5 5.0 11.25 2875844.8457
240.0 -2.5 -10.0 12.5 1556548393.8022
240.0 0.0 -10.0 12.5 9999999915.9669
240.0 2.5 -10.0 12.5 15287799.7816
240.0 5.0 -10.0 12.5 10000000187.8047
240.0 7.5 -10.0 12.5 30409628.323599998
240.0 10.0 -10.0 12.5 -8.6339
240.0 -5.0 -7.5 12.5 84518362.0528
240.0 0.0 -7.5 12.5 9999999865.3628
240.0 2.5 -7.5 12.5 208944648.6372
240.0 5.0 -7.5 12.5 22557954.0527
240.0 7.5 -7.5 12.5 366820115.2011
240.0 10.0 -7.5 12.5 236.2411
240.0 -5.0 -5.0 12.5 172785860.8897
240.0 -2.5 -5.0 12.5 9999999674.0569
240.0 0.0 -5.0 12.5 10000000122.384401
240.0 2.5 -5.0 12.5 9999999893.6501
240.0 5.0 -5.0 12.5 6097964221.980499
240.0 -5.0 -2.5 12.5 9999999962.103401
240.0 -2.5 -2.5 12.5 9999999915.602701
240.0 0.0 -2.5 12.5 6226188770.591201
240.0 2.5 -2.5 12.5 6342538486.859301
240.0 -5.0 0.0 12.5 9999999826.351301
240.0 -2.5 0.0 12.5 6736751646.3548
240.0 0.0 0.0 12.5 9999999808.433
240.0 2.5 0.0 12.5 10000000007.2789
240.0 -2.5 2.5 12.5 9999999953.859901
240.0 0.0 2.5 12.5 2596325434.5419
240.0 2.5 2.5 12.5 10000000154.6839
240.0 5.0 2.5 12.5 161852093.5354
240.0 -2.5 5.0 12.5 217713196.6266
240.0 0.0 5.0 12.5 9999999972.5963
240.0 2.5 5.0 12.5 247778.7225
240.0 5.0 5.0 12.5 10000000028.7056
240.0 7.5 5.0 12.5 10000000174.942902
240.0 10.0 5.0 12.5 740.6972999999999
240.0 -5.0 -10.0 13.75 4325440.078299999
240.0 -2.5 -10.0 13.75 9999999978.4715
240.0 0.0 -10.0 13.75 15341262.9911
240.0 2.5 -10.0 13.75 144928.8375
240.0 5.0 -10.0 13.75 213956.5814
240.0 7.5 -10.0 13.75 404572.804
240.0 10.0 -10.0 13.75 -9.171199999999999
240.0 -5.0 -7.5 13.75 302623662.79480004
240.0 -2.5 -7.5 13.75 96422900.6952
240.0 0.0 -7.5 13.75 10000000137.1513
240.0 2.5 -7.5 13.75 10000000213.0324
240.0 5.0 -7.5 13.75 529427058.4124
240.0 7.5 -7.5 13.75 10204.9795
240.0 10.0 -7.5 13.75 29.22
240.0 -5.0 -5.0 13.75 10000000078.929602
240.0 -2.5 -5.0 13.75 9822135161.4008
240.0 0.0 -5.0 13.75 9999999949.047
240.0 2.5 -5.0 13.75 9999999996.2949
240.0 5.0 -5.0 13.75 1372244844.2445
240.0 7.5 -5.0 13.75 300671974.20650005
240.0 -5.0 -2.5 13.75 815682023.1256
240.0 -2.5 -2.5 13.75 1122983911.3477
240.0 0.0 -2.5 13.75 10000000251.4745
240.0 2.5 -2.5 13.75 557820068.2986
240.0 5.0 -2.5 13.75 9999999974.143501
240.0 -5.0 0.0 13.75 3243989917.0683002
240.0 -2.5 0.0 13.75 9999999806.246101
240.0 0.0 0.0 13.75 10000000002.195501
240.0 2.5 0.0 13.75 285510737.6657
240.0 5.0 0.0 13.75 638737130.8089
240.0 -5.0 2.5 13.75 44010122.3766
240.0 -2.5 2.5 13.75 2014080.4622
240.0 0.0 2.5 13.75 9999999818.716501
240.0 2.5 2.5 13.75 29385225.9395
240.0 5.0 2.5 13.75 96699911.8388
240.0 7.5 2.5 13.75 215991915.3692
240.0 -2.5 5.0 13.75 34586.7788
240.0 0.0 5.0 13.75 779585009.7795
240.0 2.5 5.0 13.75 1442436483.5900002
240.0 5.0 5.0 13.75 6211223.3406
240.0 7.5 5.0 13.75 9999999950.358501
240.0 10.0 5.0 13.75 152378629.8653
240.0 -5.0 -10.0 15.0 28712823.5635
240.0 -2.5 -10.0 15.0 1398658.4308
240.0 0.0 -10.0 15.0 9453659114.1177
240.0 2.5 -10.0 15.0 200428127.2888
240.0 5.0 -10.0 15.0 171614623.43600002
240.0 7.5 -10.0 15.0 11345.5766
240.0 10.0 -10.0 15.0 -5.7506
240.0 -5.0 -7.5 15.0 1879441118.1376
240.0 -2.5 -7.5 15.0 206629.8246
240.0 0.0 -7.5 15.0 7890512312.2771
240.0 2.5 -7.5 15.0 2915219304.9623
240.0 5.0 -7.5 15.0 306514743.6733
240.0 7.5 -7.5 15.0 52660.1693
240.0 10.0 -7.5 15.0 -2.821
240.0 -5.0 -5.0 15.0 1565505505.3001
240.0 -2.5 -5.0 15.0 10000000047.9741
240.0 0.0 -5.0 15.0 3192313440.3261
240.0 2.5 -5.0 15.0 1432984679.5242999
240.0 5.0 -5.0 15.0 9999999918.590302
240.0 7.5 -5.0 15.0 10000000053.4377
240.0 10.0 -5.0 15.0 5195.152
240.0 -5.0 -2.5 15.0 929558548.3485
240.0 -2.5 -2.5 15.0 10000000312.4846
240.0 0.0 -2.5 15.0 10000000079.1256
240.0 2.5 -2.5 15.0 2248680981.1133
240.0 5.0 -2.5 15.0 165895322.2187
240.0 7.5 -2.5 15.0 2605749.1761999996
240.0 10.0 -2.5 15.0 0.25149999999999983
240.0 -5.0 0.0 15.0 10000000034.3477
240.0 -2.5 0.0 15.0 9999999975.5988
240.0 0.0 0.0 15.0 4578251002.7983
240.0 2.5 0.0 15.0 9999999988.1326
240.0 5.0 0.0 15.0 37844373.7488
240.0 10.0 0.0 15.0 10.104299999999999
240.0 -5.0 2.5 15.0 6739074.7244
240.0 -2.5 2.5 15.0 1963000.9320999999
240.0 0.0 2.5 15.0 9999999972.6023
240.0 2.5 2.5 15.0 48713085.0933
240.0 5.0 2.5 15.0 10000000043.895601
240.0 7.5 2.5 15.0 1237027.3134
240.0 -5.0 5.0 15.0 1.1821000000000002
240.0 -2.5 5.0 15.0 472.1289
240.0 0.0 5.0 15.0 9999999878.5391
240.0 2.5 5.0 15.0 24278.0433
240.0 5.0 5.0 15.0 2530353.6092000003
240.0 7.5 5.0 15.0 136653.3265
240.0 10.0 5.0 15.0 8344.0178
240.0 -5.0 -10.0 16.25 417963.5189
240.0 -2.5 -10.0 16.25 2925.7985
240.0 0.0 -10.0 16.25 10000000020.871101
240.0 2.5 -10.0 16.25 11723.2423
240.0 5.0 -10.0 16.25 744394.7266
240.0 7.5 -10.0 16.25 360.6735
240.0 10.0 -10.0 16.25 -1.2638
240.0 -5.0 -7.5 16.25 41815565.5084
240.0 -2.5 -7.5 16.25 5459.794800000001
240.0 0.0 -7.5 16.25 98368585.2473
240.0 2.5 -7.5 16.25 24722823.4574
240.0 5.0 -7.5 16.25 189576.89649999997
240.0 7.5 -7.5 16.25 85.0218
240.0 10.0 -7.5 16.25 -1.0387
240.0 -5.0 -5.0 16.25 94769571.0405
240.0 -2.5 -5.0 16.25 9999999890.731201
240.0 0.0 -5.0 16.25 9999999988.461401
240.0 2.5 -5.0 16.25 40957292.917899996
240.0 5.0 -5.0 16.25 907101.4433
240.0 7.5 -5.0 16.25 623172821.7316
240.0 10.0 -5.0 16.25 121.1864
240.0 -5.0 -2.5 16.25 536908785.7143999
240.0 -2.5 -2.5 16.25 807485578.2787
240.0 0.0 -2.5 16.25 68765643.6378
240.0 2.5 -2.5 16.25 9999999928.323801
240.0 5.0 -2.5 16.25 62049320.683199994
240.0 7.5 -2.5 16.25 410.56260000000003
240.0 10.0 -2.5 16.25 -2.3064999999999998
240.0 -5.0 0.0 16.25 407918253.5092
240.0 -2.5 0.0 16.25 10000000109.008501
240.0 0.0 0.0 16.25 2453530209.6768
240.0 2.5 0.0 16.25 17751386.41
240.0 5.0 0.0 16.25 5420370.5116
240.0 7.5 0.0 16.25 11265.3382
240.0 10.0 0.0 16.25 -3.4879000000000002
240.0 -5.0 2.5 16.25 601819275.2229999
240.0 -2.5 2.5 16.25 358659.9041
240.0 0.0 2.5 16.25 131943516.7255
240.0 2.5 2.5 16.25 3449273.836
240.0 5.0 2.5 16.25 6093918.9854999995
240.0 7.5 2.5 16.25 299.1484
240.0 -5.0 5.0 16.25 -5.4669
240.0 -2.5 5.0 16.25 -8.5526
240.0 0.0 5.0 16.25 221541.5217
240.0 2.5 5.0 16.25 484654.56149999995
240.0 5.0 5.0 16.25 193733.5693
240.0 7.5 5.0 16.25 283.97729999999996
240.0 10.0 5.0 16.25 192.92329999999998
300.0 -5.0 -10.0 3.75 605297811.2646
300.0 -2.5 -10.0 3.75 9999999903.3342
300.0 0.0 -10.0 3.75 9999999701.1443
300.0 2.5 -10.0 3.75 9999999999.9277
300.0 5.0 -10.0 3.75 9999999828.7681
300.0 7.5 -10.0 3.75 778752696.0077
300.0 10.0 -10.0 3.75 500761.1882
300.0 -5.0 -7.5 3.75 10000000012.6504
300.0 -2.5 -7.5 3.75 10000000190.5231
300.0 0.0 -7.5 3.75 10000000053.903101
300.0 2.5 -7.5 3.75 9999999797.1495
300.0 5.0 -7.5 3.75 9999999971.741701
300.0 7.5 -7.5 3.75 285969078.03770006
300.0 10.0 -7.5 3.75 7104160.708500001
300.0 -5.0 -5.0 3.75 10000000002.490501
300.0 -2.5 -5.0 3.75 9999999887.877401
300.0 0.0 -5.0 3.75 10000000118.111301
300.0 2.5 -5.0 3.75 10000000109.6945
300.0 5.0 -5.0 3.75 10000000065.692701
300.0 7.5 -5.0 3.75 4390379640.7693
300.0 10.0 -5.0 3.75 869003.01
300.0 -5.0 -2.5 3.75 10000000216.736502
300.0 -2.5 -2.5 3.75 10000000067.0505
300.0 0.0 -2.5 3.75 9999999893.9894
300.0 2.5 -2.5 3.75 9999999880.7654
300.0 5.0 -2.5 3.75 10000000019.2723
300.0 7.5 -2.5 3.75 9999999522.577702
300.0 10.0 -2.5 3.75 4790.9659
300.0 -5.0 0.0 3.75 10000000031.556702
300.0 -2.5 0.0 3.75 10000000049.442202
300.0 0.0 0.0 3.75 10000000023.9971
300.0 2.5 0.0 3.75 10000000057.635601
300.0 5.0 0.0 3.75 10000000154.960201
300.0 7.5 0.0 3.75 223185920.97030002
300.0 10.0 0.0 3.75 69.8289
300.0 -5.0 2.5 3.75 10000000364.801802
300.0 -2.5 2.5 3.75 9999999988.2621
300.0 0.0 2.5 3.75 10000000084.848202
300.0 2.5 2.5 3.75 9999999982.2099
300.0 5.0 2.5 3.75 5649061.7547
300.0 7.5 2.5 3.75 5024448.688700001
300.0 10.0 2.5 3.75 6.182499999999999
300.0 -5.0 5.0 3.75 9999999920.2353
300.0 -2.5 5.0 3.75 9999999894.117
300.0 0.0 5.0 3.75 1094130290.8947
300.0 2.5 5.0 3.75 9999999976.2241
300.0 5.0 5.0 3.75 106814.996
300.0 7.5 5.0 3.75 26388808.5934
300.0 10.0 5.0 3.75 587.407
300.0 0.0 -2.5 5.0 9999999961.088902
300.0 0.0 0.0 5.0 9999999993.3178
300.0 5.0 -7.5 6.25 9999999921.835201
300.0 0.0 -5.0 6.25 10000000043.962101
300.0 0.0 -2.5 6.25 10000000176.2064
300.0 0.0 0.0 6.25 10000000144.3173
300.0 0.0 2.5 6.25 9999999931.888102
300.0 0.0 5.0 6.25 9999999773.610102
300.0 5.0 -7.5 7.5 9999999916.4291
300.0 2.5 -5.0 7.5 9999999775.6793
300.0 0.0 -2.5 7.5 9999999895.439701
300.0 2.5 -2.5 7.5 10000000182.283201
300.0 0.0 0.0 7.5 9999999953.272701
300.0 -2.5 2.5 7.5 9999999854.618101
300.0 0.0 2.5 7.5 10000000128.5536
300.0 -2.5 5.0 7.5 9999999977.8395
300.0 0.0 5.0 7.5 9999999905.031502
300.0 2.5 -10.0 8.75 3841304156.7912
300.0 5.0 -7.5 8.75 9999999864.630701
300.0 0.0 -5.0 8.75 10000000144.7772
300.0 2.5 -5.0 8.75 10000000176.0554
300.0 5.0 -5.0 8.75 2800574535.2078
300.0 0.0 -2.5 8.75 9999999900.9713
300.0 2.5 -2.5 8.75 10000000005.461
300.0 0.0 0.0 8.75 9999999999.4831
300.0 2.5 0.0 8.75 1941529693.5149999
300.0 0.0 2.5 8.75 10000000092.922
300.0 2.5 2.5 8.75 9999999921.031502
300.0 -2.5 5.0 8.75 9999999876.3066
300.0 0.0 5.0 8.75 10000000013.173
300.0 2.5 5.0 8.75 585872494.6209999
300.0 2.5 -10.0 10.0 9999999895.9757
300.0 2.5 -7.5 10.0 9999999574.1343
300.0 5.0 -7.5 10.0 10000000154.6516
300.0 7.5 -7.5 10.0 9999999777.3834
300.0 0.0 -5.0 10.0 9999999668.6126
300.0 2.5 -5.0 10.0 9999999962.5895
300.0 5.0 -5.0 10.0 593060734.0754
300.0 0.0 -2.5 10.0 10000000058.676601
300.0 2.5 -2.5 10.0 10000000002.1814
300.0 -5.0 0.0 10.0 9999999890.3785
300.0 -2.5 0.0 10.0 10000000110.300001
300.0 0.0 0.0 10.0 7201776260.4403
300.0 2.5 0.0 10.0 10000000170.157501
300.0 5.0 0.0 10.0 266433166.13840002
300.0 -2.5 2.5 10.0 326926868.0278
300.0 0.0 2.5 10.0 10000000166.833302
300.0 2.5 2.5 10.0 10000000034.341002
300.0 5.0 2.5 10.0 9999999997.443401
300.0 -2.5 5.0 10.0 5191354436.7669
300.0 0.0 5.0 10.0 552019709.8011
300.0 2.5 5.0 10.0 9999999929.6895
300.0 2.5 -10.0 11.25 9999999986.33
300.0 5.0 -10.0 11.25 9006527.711000001
300.0 7.5 -10.0 11.25 2493745.1914999997
300.0 10.0 -10.0 11.25 -5.985200000000001
300.0 2.5 -7.5 11.25 6146444.019
300.0 5.0 -7.5 11.25 6802933715.0759
300.0 0.0 -5.0 11.25 6782005173.7609005
300.0 2.5 -5.0 11.25 10000000381.098701
300.0 5.0 -5.0 11.25 9999999970.1214
300.0 -2.5 -2.5 11.25 9999999987.2518
300.0 0.0 -2.5 11.25 971201095.3411
300.0 2.5 -2.5 11.25 10000000044.5034
300.0 -5.0 0.0 11.25 25315916.638
300.0 -2.5 0.0 11.25 473633014.68880004
300.0 0.0 0.0 11.25 1789431342.3032
300.0 2.5 0.0 11.25 10000000019.619701
300.0 -2.5 2.5 11.25 18527855.9321
300.0 0.0 2.5 11.25 461385471.74369997
300.0 2.5 2.5 11.25 9999999889.2698
300.0 5.0 2.5 11.25 10000000026.2586
300.0 -2.5 5.0 11.25 58791022.0162
300.0 0.0 5.0 11.25 10000000079.1033
300.0 2.5 5.0 11.25 9999999993.3439
300.0 7.5 5.0 11.25 164020.8314
300.0 -5.0 -10.0 12.5 79.36009999999999
300.0 2.5 -10.0 12.5 14977135.6644
300.0 5.0 -10.0 12.5 127910685.38329999
300.0 7.5 -10.0 12.5 183248.05709999998
300.0 10.0 -10.0 12.5 -19.3242
300.0 2.5 -7.5 12.5 456028640.9954
300.0 5.0 -7.5 12.5 690139.4477
300.0 7.5 -7.5 12.5 86058.7304
300.0 -5.0 -5.0 12.5 158238.1792
300.0 -2.5 -5.0 12.5 60240116.9692
300.0 0.0 -5.0 12.5 10000000167.035702
300.0 2.5 -5.0 12.5 9999999986.3183
300.0 5.0 -5.0 12.5 253860811.3306
300.0 -5.0 -2.5 12.5 10000000005.4655
300.0 -2.5 -2.5 12.5 10000000157.6333
300.0 0.0 -2.5 12.5 9999999792.203201
300.0 2.5 -2.5 12.5 10000000021.4542
300.0 -5.0 0.0 12.5 6040708.4525
300.0 -2.5 0.0 12.5 10000000238.2325
300.0 0.0 0.0 12.5 9999999530.711401
300.0 2.5 0.0 12.5 10000000240.8484
300.0 5.0 0.0 12.5 1426172744.7535
300.0 -2.5 2.5 12.5 253726281.0507
300.0 0.0 2.5 12.5 9999999773.111
300.0 2.5 2.5 12.5 793136708.0653
300.0 5.0 2.5 12.5 4644162882.717501
300.0 7.5 2.5 12.5 65041635.074999996
300.0 10.0 2.5 12.5 8.3431
300.0 -2.5 5.0 12.5 9999999878.678501
300.0 0.0 5.0 12.5 29860689.302800003
300.0 2.5 5.0 12.5 1672216217.3401
300.0 5.0 5.0 12.5 10000000032.4099
300.0 7.5 5.0 12.5 1146150896.7756
300.0 10.0 5.0 12.5 3.1271
300.0 0.0 -10.0 13.75 5997534.351
300.0 2.5 -10.0 13.75 15406015.116999999
300.0 5.0 -10.0 13.75 5523244544.490001
300.0 7.5 -10.0 13.75 4575.6926
300.0 10.0 -10.0 13.75 -14.0833
300.0 -5.0 -7.5 13.75 47519.1719
300.0 -2.5 -7.5 13.75 9999999962.675402
300.0 2.5 -7.5 13.75 47734236.78659999
300.0 5.0 -7.5 13.75 18175.582599999998
300.0 7.5 -7.5 13.75 3558.359
300.0 10.0 -7.5 13.75 -16.2352
300.0 -5.0 -5.0 13.75 499834.7459
300.0 -2.5 -5.0 13.75 9999999958.615002
300.0 0.0 -5.0 13.75 9999999921.143501
300.0 2.5 -5.0 13.75 9999999910.5948
300.0 5.0 -5.0 13.75 9999999833.736801
300.0 -5.0 -2.5 13.75 889431734.9167
300.0 -2.5 -2.5 13.75 139886415.8454
300.0 0.0 -2.5 13.75 10000000167.3539
300.0 2.5 -2.5 13.75 1672417257.2587998
300.0 5.0 -2.5 13.75 355704890.79039997
300.0 -5.0 0.0 13.75 414334388.4249
300.0 -2.5 0.0 13.75 610986734.9036
300.0 0.0 0.0 13.75 10000000547.343102
300.0 2.5 0.0 13.75 680479977.6844001
300.0 5.0 0.0 13.75 80573404.7483
300.0 7.5 0.0 13.75 88522.5804
300.0 -2.5 2.5 13.75 3434361.3562999996
300.0 0.0 2.5 13.75 10000000010.861502
300.0 2.5 2.5 13.75 4670319880.5295
300.0 5.0 2.5 13.75 51854200.7247
300.0 7.5 2.5 13.75 45499295.7607
300.0 10.0 2.5 13.75 3.0665999999999998
300.0 -2.5 5.0 13.75 10296074.908499999
300.0 0.0 5.0 13.75 2515474044.8761997
300.0 2.5 5.0 13.75 792896.545
300.0 5.0 5.0 13.75 24503543.1326
300.0 7.5 5.0 13.75 1207958434.135
300.0 10.0 5.0 13.75 125.126
300.0 -5.0 -10.0 15.0 6.622300000000001
300.0 -2.5 -10.0 15.0 559.2356
300.0 0.0 -10.0 15.0 26252589.0748
300.0 2.5 -10.0 15.0 620178623.9646
300.0 5.0 -10.0 15.0 9999999974.119902
300.0 7.5 -10.0 15.0 365.46909999999997
300.0 10.0 -10.0 15.0 -9.450099999999999
300.0 -5.0 -7.5 15.0 3329250.3653
300.0 -2.5 -7.5 15.0 10000000042.9496
300.0 0.0 -7.5 15.0 10000000034.539001
300.0 2.5 -7.5 15.0 15410344.1963
300.0 5.0 -7.5 15.0 9949902.657300001
300.0 7.5 -7.5 15.0 81.4632
300.0 10.0 -7.5 15.0 -11.5586
300.0 -5.0 -5.0 15.0 82571747.09439999
300.0 -2.5 -5.0 15.0 9999999973.3885
300.0 0.0 -5.0 15.0 10000000022.1634
300.0 2.5 -5.0 15.0 9999999960.782902
300.0 5.0 -5.0 15.0 9999999993.172
300.0 7.5 -5.0 15.0 10000000178.2893
300.0 10.0 -5.0 15.0 12.006700000000002
300.0 -5.0 -2.5 15.0 1194476923.4366999
300.0 -2.5 -2.5 15.0 187341341.1778
300.0 0.0 -2.5 15.0 4575124416.0224
300.0 2.5 -2.5 15.0 9999999943.9559
300.0 5.0 -2.5 15.0 1138080250.3504
300.0 10.0 -2.5 15.0 -13.6191
300.0 -5.0 0.0 15.0 8354639.3492
300.0 -2.5 0.0 15.0 9999999992.4004
300.0 0.0 0.0 15.0 10000000115.083101
300.0 2.5 0.0 15.0 9999999933.0625
300.0 5.0 0.0 15.0 4853018095.9144
300.0 7.5 0.0 15.0 24402.8192
300.0 -5.0 2.5 15.0 1363.1717999999998
300.0 -2.5 2.5 15.0 75243713.6529
300.0 0.0 2.5 15.0 9999999931.121
300.0 2.5 2.5 15.0 10000000115.6455
300.0 5.0 2.5 15.0 3109861.8586
300.0 7.5 2.5 15.0 41348944.3119
300.0 10.0 2.5 15.0 1.7397
300.0 -2.5 5.0 15.0 19641708.5288
300.0 0.0 5.0 15.0 10000000009.1931
300.0 2.5 5.0 15.0 10000000094.550701
300.0 5.0 5.0 15.0 46022018.938
300.0 7.5 5.0 15.0 9999999905.6772
300.0 10.0 5.0 15.0 132.3302
300.0 -5.0 -10.0 16.25 5.9275
300.0 -2.5 -10.0 16.25 17.9623
300.0 0.0 -10.0 16.25 381131.02259999997
300.0 2.5 -10.0 16.25 2937.4851
300.0 5.0 -10.0 16.25 15426654.4299
300.0 7.5 -10.0 16.25 32.218900000000005
300.0 10.0 -10.0 16.25 -5.8081000000000005
300.0 -5.0 -7.5 16.25 13933919.4768
300.0 -2.5 -7.5 16.25 61249.2637
300.0 0.0 -7.5 16.25 10000000051.5715
300.0 2.5 -7.5 16.25 92018624.0524
300.0 5.0 -7.5 16.25 10735.0248
300.0 7.5 -7.5 16.25 -1.1989999999999998
300.0 10.0 -7.5 16.25 -7.202999999999999
300.0 -5.0 -5.0 16.25 362906969.4753
300.0 -2.5 -5.0 16.25 10000000000.416
300.0 0.0 -5.0 16.25 10000000000.7303
300.0 2.5 -5.0 16.25 442019762.47360003
300.0 5.0 -5.0 16.25 1290119.8994
300.0 7.5 -5.0 16.25 3111379.2034
300.0 10.0 -5.0 16.25 3.2179
300.0 -5.0 -2.5 16.25 10000000012.5046
300.0 -2.5 -2.5 16.25 9999999964.5056
300.0 0.0 -2.5 16.25 80038380.78570001
300.0 2.5 -2.5 16.25 10000000061.353601
300.0 5.0 -2.5 16.25 16730.6474
300.0 7.5 -2.5 16.25 1661.9527
300.0 10.0 -2.5 16.25 -8.4439
300.0 -5.0 0.0 16.25 26319673.4781
300.0 -2.5 0.0 16.25 9999999872.128601
300.0 0.0 0.0 16.25 9999999960.900301
300.0 2.5 0.0 16.25 10000000020.7954
300.0 5.0 0.0 16.25 9999999958.718801
300.0 7.5 0.0 16.25 347.2036
300.0 -5.0 2.5 16.25 -1.6927000000000003
300.0 -2.5 2.5 16.25 9999999936.0419
300.0 0.0 2.5 16.25 146872948.106
300.0 2.5 2.5 16.25 111457481.4685
300.0 5.0 2.5 16.25 108385.1149
300.0 7.5 2.5 16.25 159817956.4127
300.0 10.0 2.5 16.25 -2.0334
300.0 -5.0 5.0 16.25 20.6663
300.0 -2.5 5.0 16.25 16879.125699999997
300.0 0.0 5.0 16.25 48881286.6382
300.0 2.5 5.0 16.25 9999999988.905
300.0 5.0 5.0 16.25 599701.0476
300.0 7.5 5.0 16.25 229907613.2374
300.0 10.0 5.0 16.25 30.551099999999998
