0.0 0.0 2.5 5.0 9999999835.605701
0.0 2.5 2.5 5.0 10000000143.213202
0.0 0.0 5.0 5.0 9999999991.5799
0.0 2.5 0.0 6.25 10000000221.733501
0.0 0.0 2.5 6.25 10000000068.138
0.0 0.0 5.0 6.25 1717427812.2279
0.0 0.0 0.0 7.5 10000000128.8605
0.0 2.5 0.0 7.5 10000000005.337801
0.0 0.0 2.5 7.5 7736248354.850901
0.0 0.0 5.0 7.5 10000000093.908201
0.0 0.0 -5.0 8.75 9999999924.163101
0.0 5.0 -5.0 8.75 10000000044.805601
0.0 -2.5 -2.5 8.75 9999999979.9852
0.0 0.0 -2.5 8.75 10000000002.4179
0.0 -2.5 0.0 8.75 10000000079.4986
0.0 0.0 0.0 8.75 10000000098.861101
0.0 2.5 0.0 8.75 10000000002.8055
0.0 0.0 2.5 8.75 10000000023.9773
0.0 2.5 2.5 8.75 10000000035.1984
0.0 0.0 5.0 8.75 10000000183.180601
0.0 2.5 5.0 8.75 9999999990.098001
0.0 5.0 -7.5 10.0 935189.8132000001
0.0 7.5 -7.5 10.0 2221.2265
0.0 -2.5 -5.0 10.0 10000000012.9962
0.0 0.0 -5.0 10.0 10000000032.061901
0.0 2.5 -5.0 10.0 9999999777.4195
0.0 5.0 -5.0 10.0 2044940102.9343
0.0 7.5 -5.0 10.0 39496992.3315
0.0 -2.5 -2.5 10.0 10000000007.9032
0.0 0.0 -2.5 10.0 10000000013.344301
0.0 2.5 -2.5 10.0 10000000486.0568
0.0 5.0 -2.5 10.0 37717903.1976
0.0 -2.5 0.0 10.0 9999999893.7775
0.0 0.0 0.0 10.0 10000000047.022501
0.0 2.5 0.0 10.0 5953715565.362201
0.0 0.0 2.5 10.0 10000000042.5902
0.0 2.5 2.5 10.0 9999999757.373701
0.0 0.0 5.0 10.0 10000000083.754501
0.0 2.5 5.0 10.0 9999999874.2035
0.0 2.5 -10.0 11.25 943640.8099
0.0 5.0 -10.0 11.25 939424.7826
0.0 10.0 -10.0 11.25 13.735199999999999
0.0 2.5 -7.5 11.25 10000000016.224901
0.0 5.0 -7.5 11.25 648145.1337
0.0 7.5 -7.5 11.25 206.6259
0.0 0.0 -5.0 11.25 7694877965.0164995
0.0 2.5 -5.0 11.25 1725795047.6334
0.0 5.0 -5.0 11.25 277131496.6813
0.0 -5.0 -2.5 11.25 377932839.7026
0.0 -2.5 -2.5 11.25 9999999847.054201
0.0 0.0 -2.5 11.25 10000000147.152401
0.0 2.5 -2.5 11.25 9999999953.9367
0.0 5.0 -2.5 11.25 379767102.3095
0.0 -5.0 0.0 11.25 2958655042.7179003
0.0 -2.5 0.0 11.25 10000000030.3365
0.0 0.0 0.0 11.25 10000000009.2276
0.0 2.5 0.0 11.25 10000000110.895401
0.0 0.0 2.5 11.25 9999999918.6574
0.0 2.5 2.5 11.25 9999999945.0424
0.0 0.0 5.0 11.25 9999999945.4174
0.0 2.5 5.0 11.25 10000000041.860401
0.0 -2.5 -10.0 12.5 774984.2703000001
0.0 2.5 -10.0 12.5 725.6813999999999
0.0 5.0 -10.0 12.5 179788.8032
0.0 7.5 -10.0 12.5 39.3513
0.0 10.0 -10.0 12.5 18.936799999999998
0.0 -5.0 -7.5 12.5 398681.33979999996
0.0 0.0 -7.5 12.5 287762599.5299
0.0 2.5 -7.5 12.5 381137.0398
0.0 5.0 -7.5 12.5 55994.576199999996
0.0 7.5 -7.5 12.5 68.86930000000001
0.0 10.0 -7.5 12.5 30.0561
0.0 -2.5 -5.0 12.5 9659246.5449
0.0 0.0 -5.0 12.5 9999999950.661402
0.0 2.5 -5.0 12.5 567636562.9296
0.0 5.0 -5.0 12.5 8065778.9874
0.0 -2.5 -2.5 12.5 9999999948.652401
0.0 0.0 -2.5 12.5 3961425726.3378
0.0 2.5 -2.5 12.5 10000000098.788301
0.0 5.0 -2.5 12.5 25682794.344499998
0.0 -5.0 0.0 12.5 6561034829.1115
0.0 -2.5 0.0 12.5 60457291.623500004
0.0 0.0 0.0 12.5 9999999950.252401
0.0 2.5 0.0 12.5 10000000043.623901
0.0 5.0 0.0 12.5 2105337049.5295
0.0 -2.5 2.5 12.5 9999999957.434101
0.0 0.0 2.5 12.5 9999999889.155401
0.0 2.5 2.5 12.5 10000000095.657701
0.0 7.5 2.5 12.5 1560284477.7398
0.0 0.0 5.0 12.5 9999999787.2922
0.0 2.5 5.0 12.5 844754166.22
0.0 5.0 5.0 12.5 10000000090.9717
0.0 -2.5 -10.0 13.75 8782.693299999999
0.0 0.0 -10.0 13.75 3005.3624
0.0 2.5 -10.0 13.75 322.9449
0.0 5.0 -10.0 13.75 212.87709999999998
0.0 7.5 -10.0 13.75 35.160399999999996
0.0 10.0 -10.0 13.75 19.0862
0.0 -5.0 -7.5 13.75 3131.928
0.0 -2.5 -7.5 13.75 516169.53959999996
0.0 0.0 -7.5 13.75 17131552.0317
0.0 2.5 -7.5 13.75 1137712.0888
0.0 5.0 -7.5 13.75 1060113.9610000001
0.0 7.5 -7.5 13.75 69.4286
0.0 10.0 -7.5 13.75 27.4622
0.0 -2.5 -5.0 13.75 4629153.5065
0.0 0.0 -5.0 13.75 5410849767.8376
0.0 2.5 -5.0 13.75 1049459474.1345
0.0 5.0 -5.0 13.75 56819.7594
0.0 7.5 -5.0 13.75 650.5243
0.0 -5.0 -2.5 13.75 10000000051.545502
0.0 -2.5 -2.5 13.75 280206693.8354
0.0 0.0 -2.5 13.75 550470291.3531
0.0 2.5 -2.5 13.75 3601631557.3801
0.0 5.0 -2.5 13.75 150869273.8183
0.0 7.5 -2.5 13.75 14400.3616
0.0 -5.0 0.0 13.75 10000000681.8321
0.0 -2.5 0.0 13.75 6530903835.425301
0.0 0.0 0.0 13.75 809358724.4105
0.0 2.5 0.0 13.75 10000000027.953701
0.0 5.0 0.0 13.75 557532385.5306001
0.0 7.5 0.0 13.75 199015.3319
0.0 10.0 0.0 13.75 17.772399999999998
0.0 -5.0 2.5 13.75 9999999919.060701
0.0 -2.5 2.5 13.75 9999999987.087
0.0 0.0 2.5 13.75 10000000140.2891
0.0 2.5 2.5 13.75 10000000012.2884
0.0 5.0 2.5 13.75 1704586685.3077
0.0 7.5 2.5 13.75 247458753.1523
0.0 -2.5 5.0 13.75 533578570.8064
0.0 0.0 5.0 13.75 10000000122.1784
0.0 2.5 5.0 13.75 20812369.0695
0.0 5.0 5.0 13.75 2739078.471
0.0 7.5 5.0 13.75 50770.6257
0.0 10.0 5.0 13.75 836.0308
0.0 -5.0 -10.0 15.0 36.6374
0.0 -2.5 -10.0 15.0 -6.8469999999999995
0.0 0.0 -10.0 15.0 819547.3808
0.0 2.5 -10.0 15.0 47.973200000000006
0.0 5.0 -10.0 15.0 27.9614
0.0 7.5 -10.0 15.0 27.632199999999997
0.0 10.0 -10.0 15.0 15.653
0.0 -5.0 -7.5 15.0 41.784499999999994
0.0 -2.5 -7.5 15.0 102252.2595
0.0 0.0 -7.5 15.0 10000000018.8027
0.0 2.5 -7.5 15.0 3793125.3772
0.0 5.0 -7.5 15.0 8314.023
0.0 7.5 -7.5 15.0 60.7595
0.0 10.0 -7.5 15.0 21.1541
0.0 -5.0 -5.0 15.0 113540907.2464
0.0 -2.5 -5.0 15.0 1335959674.8899
0.0 0.0 -5.0 15.0 696684558.6142
0.0 2.5 -5.0 15.0 556170559.0203999
0.0 5.0 -5.0 15.0 57516357.8843
0.0 7.5 -5.0 15.0 1726.5256
0.0 10.0 -5.0 15.0 17.6118
0.0 -5.0 -2.5 15.0 10000000088.8705
0.0 -2.5 -2.5 15.0 2078492204.1497
0.0 0.0 -2.5 15.0 60664791.3177
0.0 2.5 -2.5 15.0 5484536470.7152
0.0 5.0 -2.5 15.0 492906.5064
0.0 7.5 -2.5 15.0 135.9049
0.0 10.0 -2.5 15.0 11.2086
0.0 -5.0 0.0 15.0 9999999878.955101
0.0 -2.5 0.0 15.0 9101403504.807798
0.0 0.0 0.0 15.0 10000000110.677301
0.0 2.5 0.0 15.0 7598729471.288799
0.0 5.0 0.0 15.0 788899839.4771999
0.0 7.5 0.0 15.0 4879040.3138
0.0 10.0 0.0 15.0 38.2209
0.0 -5.0 2.5 15.0 9999999965.997702
0.0 -2.5 2.5 15.0 9999999713.0181
0.0 0.0 2.5 15.0 2065274353.5365999
0.0 2.5 2.5 15.0 9999999960.004702
0.0 5.0 2.5 15.0 10000000003.296501
0.0 7.5 2.5 15.0 903313457.4748
0.0 10.0 2.5 15.0 5767981.2849
0.0 -5.0 5.0 15.0 5895097581.8465
0.0 -2.5 5.0 15.0 3428029477.2553997
0.0 0.0 5.0 15.0 406871137.446
0.0 2.5 5.0 15.0 39710004.3055
0.0 5.0 5.0 15.0 4378412.7446
0.0 7.5 5.0 15.0 15405.817500000001
0.0 10.0 5.0 15.0 -2.5829
0.0 -5.0 -10.0 16.25 32.1836
0.0 -2.5 -10.0 16.25 20.4805
0.0 0.0 -10.0 16.25 106780.5551
0.0 2.5 -10.0 16.25 15.472900000000001
0.0 5.0 -10.0 16.25 13.548800000000002
0.0 7.5 -10.0 16.25 17.886699999999998
0.0 10.0 -10.0 16.25 11.459399999999999
0.0 -5.0 -7.5 16.25 36.0223
0.0 -2.5 -7.5 16.25 4319598.4837
0.0 0.0 -7.5 16.25 100689106.2798
0.0 2.5 -7.5 16.25 112026.1268
0.0 5.0 -7.5 16.25 2447.3496999999998
0.0 7.5 -7.5 16.25 29.826800000000002
0.0 10.0 -7.5 16.25 14.6233
0.0 -5.0 -5.0 16.25 50642.0793
0.0 -2.5 -5.0 16.25 6487013366.6043005
0.0 0.0 -5.0 16.25 1046628823.4335
0.0 2.5 -5.0 16.25 67081.812
0.0 5.0 -5.0 16.25 11988042.9439
0.0 7.5 -5.0 16.25 253.2618
0.0 10.0 -5.0 16.25 11.014199999999999
0.0 -5.0 -2.5 16.25 9999999967.922401
0.0 -2.5 -2.5 16.25 9999999961.9244
0.0 0.0 -2.5 16.25 9999999933.2728
0.0 2.5 -2.5 16.25 1567444861.7350001
0.0 5.0 -2.5 16.25 3473941.7049
0.0 7.5 -2.5 16.25 692.4125
0.0 10.0 -2.5 16.25 7.8963
0.0 -5.0 0.0 16.25 112394970.5697
0.0 -2.5 0.0 16.25 9999999937.6973
0.0 0.0 0.0 16.25 10000000109.3974
0.0 2.5 0.0 16.25 2635458940.3388004
0.0 5.0 0.0 16.25 1105576140.0222
0.0 7.5 0.0 16.25 12131181.9438
0.0 10.0 0.0 16.25 269.2298
0.0 -5.0 2.5 16.25 10000000060.273401
0.0 -2.5 2.5 16.25 10000000455.9962
0.0 0.0 2.5 16.25 9999999865.0209
0.0 2.5 2.5 16.25 13566245.8285
0.0 5.0 2.5 16.25 10000000006.0009
0.0 7.5 2.5 16.25 85337568.3263
0.0 10.0 2.5 16.25 428255733.8719
0.0 -5.0 5.0 16.25 39778878.7351
0.0 -2.5 5.0 16.25 10000000021.106401
0.0 0.0 5.0 16.25 9999999881.4207
0.0 2.5 5.0 16.25 5126913322.9638
0.0 5.0 5.0 16.25 424215475.12310004
0.0 7.5 5.0 16.25 324.4362
0.0 10.0 5.0 16.25 -3.5671
60.0 -5.0 -10.0 3.75 10000000066.725302
60.0 -2.5 -10.0 3.75 2087036088.0045002
60.0 0.0 -10.0 3.75 9999999967.465601
60.0 2.5 -10.0 3.75 10000000017.354101
60.0 5.0 -10.0 3.75 9999999894.2255
60.0 7.5 -10.0 3.75 4857193575.3036995
60.0 10.0 -10.0 3.75 18136.292
60.0 -5.0 -7.5 3.75 10000000300.2136
60.0 -2.5 -7.5 3.75 10000000019.4066
60.0 0.0 -7.5 3.75 10000000027.4456
60.0 2.5 -7.5 3.75 958366298.0853
60.0 5.0 -7.5 3.75 9999999768.042002
60.0 7.5 -7.5 3.75 4018031339.1943
60.0 10.0 -7.5 3.75 48454.4746
60.0 -5.0 -5.0 3.75 10000000095.041302
60.0 -2.5 -5.0 3.75 10000000003.2402
60.0 0.0 -5.0 3.75 10000000165.8097
60.0 2.5 -5.0 3.75 9999999809.0452
60.0 5.0 -5.0 3.75 8280362808.4459
60.0 7.5 -5.0 3.75 380717555.0776
60.0 10.0 -5.0 3.75 60709.7368
60.0 -5.0 -2.5 3.75 9999999889.0125
60.0 -2.5 -2.5 3.75 9999999785.304201
60.0 0.0 -2.5 3.75 9999999419.8222
60.0 2.5 -2.5 3.75 9999999702.8488
60.0 5.0 -2.5 3.75 10000000362.9683
60.0 7.5 -2.5 3.75 304749839.5473
60.0 10.0 -2.5 3.75 2091503693.0404
60.0 -5.0 0.0 3.75 9999999799.124
60.0 -2.5 0.0 3.75 10000000085.1523
60.0 0.0 0.0 3.75 10000000091.324902
60.0 2.5 0.0 3.75 9999999943.335701
60.0 5.0 0.0 3.75 9999999876.9134
60.0 7.5 0.0 3.75 9999999933.376701
60.0 10.0 0.0 3.75 1622.4975
60.0 -5.0 2.5 3.75 10000000005.3491
60.0 -2.5 2.5 3.75 6720448082.6723
60.0 0.0 2.5 3.75 9999999682.354
60.0 2.5 2.5 3.75 10000000230.9817
60.0 5.0 2.5 3.75 9999999991.261501
60.0 7.5 2.5 3.75 494082778.77279997
60.0 10.0 2.5 3.75 331.1934
60.0 -5.0 5.0 3.75 10000000001.144402
60.0 -2.5 5.0 3.75 10000000016.2481
60.0 0.0 5.0 3.75 9999999879.3071
60.0 2.5 5.0 3.75 9352289462.547699
60.0 5.0 5.0 3.75 10000000186.6832
60.0 7.5 5.0 3.75 9999999885.1909
60.0 10.0 5.0 3.75 14957.2529
60.0 0.0 -2.5 6.25 9999999696.5596
60.0 0.0 2.5 6.25 9999999772.574701
60.0 5.0 -7.5 7.5 10000000083.074902
60.0 0.0 -5.0 7.5 336981292.1441
60.0 0.0 -2.5 7.5 9999999822.785501
60.0 -2.5 0.0 7.5 10000000245.013
60.0 0.0 0.0 7.5 10000000152.3836
60.0 -2.5 2.5 7.5 10000000093.4985
60.0 0.0 2.5 7.5 10000000164.6194
60.0 0.0 -7.5 8.75 324320105.60580003
60.0 0.0 -5.0 8.75 10000000068.390501
60.0 2.5 -5.0 8.75 9999999829.501202
60.0 0.0 -2.5 8.75 10000000217.459702
60.0 -2.5 0.0 8.75 9999999976.889502
60.0 0.0 0.0 8.75 10000000080.846102
60.0 -2.5 2.5 8.75 10000000082.000301
60.0 0.0 2.5 8.75 10000000280.1571
60.0 2.5 2.5 8.75 10000000049.5578
60.0 -5.0 5.0 8.75 10000000000.741701
60.0 -2.5 5.0 8.75 7751137742.288
60.0 0.0 5.0 8.75 10000000040.4244
60.0 0.0 -10.0 10.0 60127213.692099996
60.0 0.0 -7.5 10.0 324383495.9063
60.0 2.5 -7.5 10.0 9999999909.5557
60.0 5.0 -7.5 10.0 37360390.274100006
60.0 0.0 -5.0 10.0 9999999934.7019
60.0 2.5 -5.0 10.0 3835790969.9743
60.0 0.0 -2.5 10.0 9999999835.0249
60.0 -2.5 0.0 10.0 10000000113.811901
60.0 0.0 0.0 10.0 10000000152.052
60.0 -5.0 2.5 10.0 1786830280.5838
60.0 -2.5 2.5 10.0 10000000242.382101
60.0 0.0 2.5 10.0 10000000106.919
60.0 2.5 2.5 10.0 10000000300.5545
60.0 -2.5 5.0 10.0 2181480096.0442
60.0 0.0 5.0 10.0 10000000150.4832
60.0 2.5 5.0 10.0 2705821792.8094
60.0 0.0 -10.0 11.25 9999999672.6513
60.0 7.5 -10.0 11.25 -65.4864
60.0 10.0 -10.0 11.25 -26.189999999999998
60.0 -2.5 -7.5 11.25 684275261.3496
60.0 0.0 -7.5 11.25 416628.2817
60.0 2.5 -7.5 11.25 34461427.3764
60.0 5.0 -7.5 11.25 3021.0259
60.0 7.5 -7.5 11.25 -47.4001
60.0 10.0 -7.5 11.25 -20.4576
60.0 0.0 -5.0 11.25 10000000152.007301
60.0 2.5 -5.0 11.25 13358460.5176
60.0 0.0 -2.5 11.25 10000000285.430801
60.0 -2.5 0.0 11.25 9999999939.7754
60.0 0.0 0.0 11.25 10000000284.276901
60.0 2.5 0.0 11.25 10000000016.6368
60.0 -5.0 2.5 11.25 10000000036.7747
60.0 -2.5 2.5 11.25 9999999925.954102
60.0 0.0 2.5 11.25 10000000204.380001
60.0 2.5 2.5 11.25 10000000042.541302
60.0 -5.0 5.0 11.25 3925769910.4067
60.0 -2.5 5.0 11.25 10000000082.2092
60.0 0.0 5.0 11.25 4535115757.4237
60.0 2.5 5.0 11.25 9999999940.6368
60.0 5.0 5.0 11.25 9999999823.4111
60.0 0.0 -10.0 12.5 746.5233000000001
60.0 2.5 -10.0 12.5 776003.4957000001
60.0 5.0 -10.0 12.5 205.39210000000003
60.0 7.5 -10.0 12.5 -50.1699
60.0 10.0 -10.0 12.5 -22.68
60.0 -2.5 -7.5 12.5 1404046.8635
60.0 0.0 -7.5 12.5 37599.903
60.0 2.5 -7.5 12.5 1035045.5216000001
60.0 5.0 -7.5 12.5 208.59269999999998
60.0 7.5 -7.5 12.5 -38.064
60.0 10.0 -7.5 12.5 -16.7321
60.0 -5.0 -5.0 12.5 496328298.3477
60.0 -2.5 -5.0 12.5 10000000084.159101
60.0 0.0 -5.0 12.5 10000000148.1114
60.0 2.5 -5.0 12.5 3042565896.1165
60.0 -2.5 -2.5 12.5 9999999941.098501
60.0 0.0 -2.5 12.5 9999999765.053501
60.0 5.0 -2.5 12.5 2824302876.6315
60.0 -5.0 0.0 12.5 9999999883.271101
60.0 -2.5 0.0 12.5 10000000459.873701
60.0 0.0 0.0 12.5 10000000088.973701
60.0 2.5 0.0 12.5 1264277543.3648
60.0 -5.0 2.5 12.5 956151786.6704999
60.0 -2.5 2.5 12.5 10000000278.3082
60.0 0.0 2.5 12.5 6669137810.5756
60.0 2.5 2.5 12.5 1226178526.3216
60.0 -5.0 5.0 12.5 10000000132.5053
60.0 -2.5 5.0 12.5 45964417.6966
60.0 0.0 5.0 12.5 9999999957.708302
60.0 2.5 5.0 12.5 1052887240.5796
60.0 5.0 5.0 12.5 38319557.2245
60.0 -2.5 -10.0 13.75 6477480.3275
60.0 0.0 -10.0 13.75 731.9787
60.0 2.5 -10.0 13.75 -9.210099999999997
60.0 5.0 -10.0 13.75 -51.514500000000005
60.0 7.5 -10.0 13.75 -35.8403
60.0 10.0 -10.0 13.75 -18.191799999999997
60.0 -2.5 -7.5 13.75 10000000184.3962
60.0 0.0 -7.5 13.75 279726037.6153
60.0 2.5 -7.5 13.75 3434.9334
60.0 5.0 -7.5 13.75 -34.547900000000006
60.0 7.5 -7.5 13.75 -27.5716
60.0 10.0 -7.5 13.75 -12.7217
60.0 -5.0 -5.0 13.75 35051994.084
60.0 -2.5 -5.0 13.75 78975727.7231
60.0 0.0 -5.0 13.75 630852684.6966
60.0 2.5 -5.0 13.75 157846783.7414
60.0 5.0 -5.0 13.75 2378024.9595999997
60.0 7.5 -5.0 13.75 -15.2623
60.0 10.0 -5.0 13.75 -3.1234
60.0 -5.0 -2.5 13.75 10000000035.741901
60.0 -2.5 -2.5 13.75 10000000008.720402
60.0 0.0 -2.5 13.75 10000000222.337502
60.0 2.5 -2.5 13.75 10000000068.8311
60.0 5.0 -2.5 13.75 662153.6756
60.0 7.5 -2.5 13.75 3.1044
60.0 -5.0 0.0 13.75 10000000042.8735
60.0 -2.5 0.0 13.75 10000000013.162
60.0 0.0 0.0 13.75 10000000500.326302
60.0 2.5 0.0 13.75 11615353.9526
60.0 5.0 0.0 13.75 31372.5449
60.0 -5.0 2.5 13.75 100771451.7904
60.0 -2.5 2.5 13.75 9999999839.8672
60.0 0.0 2.5 13.75 10000000038.8344
60.0 2.5 2.5 13.75 10000000095.699001
60.0 -5.0 5.0 13.75 343602536.2464
60.0 -2.5 5.0 13.75 5625643.1683
60.0 0.0 5.0 13.75 10000000087.589602
60.0 2.5 5.0 13.75 2516618527.5353
60.0 5.0 5.0 13.75 221472772.3479
60.0 -5.0 -10.0 15.0 98.3752
60.0 -2.5 -10.0 15.0 230.577
60.0 0.0 -10.0 15.0 16.444200000000002
60.0 2.5 -10.0 15.0 -19.0745
60.0 5.0 -10.0 15.0 -30.0506
60.0 7.5 -10.0 15.0 -24.6337
60.0 10.0 -10.0 15.0 -13.2491
60.0 -5.0 -7.5 15.0 9498452.7871
60.0 -2.5 -7.5 15.0 56321.9084
60.0 0.0 -7.5 15.0 976885.4385
60.0 2.5 -7.5 15.0 3609563.8085
60.0 5.0 -7.5 15.0 -33.1338
60.0 7.5 -7.5 15.0 -18.7778
60.0 10.0 -7.5 15.0 -9.0
60.0 -5.0 -5.0 15.0 185133735.17029998
60.0 -2.5 -5.0 15.0 665868558.4222
60.0 0.0 -5.0 15.0 7498422109.7625
60.0 2.5 -5.0 15.0 29981725.6483
60.0 5.0 -5.0 15.0 33.9284
60.0 7.5 -5.0 15.0 -8.450099999999999
60.0 10.0 -5.0 15.0 -1.5253999999999999
60.0 -5.0 -2.5 15.0 10000000445.979
60.0 -2.5 -2.5 15.0 9999999970.488901
60.0 0.0 -2.5 15.0 9999999820.039001
60.0 2.5 -2.5 15.0 2952274746.2307
60.0 5.0 -2.5 15.0 472.0444
60.0 7.5 -2.5 15.0 3.4772999999999996
60.0 10.0 -2.5 15.0 3.5104999999999995
60.0 -5.0 0.0 15.0 10000000036.6935
60.0 -2.5 0.0 15.0 289351630.69729996
60.0 0.0 0.0 15.0 10000000054.464602
60.0 2.5 0.0 15.0 10000000141.367102
60.0 5.0 0.0 15.0 24482.700399999998
60.0 7.5 0.0 15.0 3.266099999999999
60.0 10.0 0.0 15.0 2.3245000000000005
60.0 -5.0 2.5 15.0 10000000027.4894
60.0 -2.5 2.5 15.0 10000000206.854801
60.0 0.0 2.5 15.0 10000000151.1005
60.0 2.5 2.5 15.0 733935498.3624
60.0 5.0 2.5 15.0 7362396.334500001
60.0 7.5 2.5 15.0 6968.0772
60.0 10.0 2.5 15.0 -2.8471
60.0 -5.0 5.0 15.0 10000000011.996801
60.0 -2.5 5.0 15.0 723209177.3863
60.0 0.0 5.0 15.0 10000000056.483501
60.0 2.5 5.0 15.0 227419672.4708
60.0 5.0 5.0 15.0 10754896.0287
60.0 -5.0 -10.0 16.25 47.571200000000005
60.0 -2.5 -10.0 16.25 47.582800000000006
60.0 0.0 -10.0 16.25 16.877
60.0 2.5 -10.0 16.25 -11.2761
60.0 5.0 -10.0 16.25 -19.784
60.0 7.5 -10.0 16.25 -17.0008
60.0 10.0 -10.0 16.25 -9.3081
60.0 -5.0 -7.5 16.25 132765.7536
60.0 -2.5 -7.5 16.25 18888.6171
60.0 0.0 -7.5 16.25 29082473.215099998
60.0 2.5 -7.5 16.25 303928.528
60.0 5.0 -7.5 16.25 -23.8619
60.0 7.5 -7.5 16.25 -14.3616
60.0 10.0 -7.5 16.25 -6.2124999999999995
60.0 -5.0 -5.0 16.25 284144229.90360004
60.0 -2.5 -5.0 16.25 2826198975.8103004
60.0 0.0 -5.0 16.25 85450426.2537
60.0 2.5 -5.0 16.25 24276804.3509
60.0 5.0 -5.0 16.25 -11.17
60.0 7.5 -5.0 16.25 -5.3174
60.0 10.0 -5.0 16.25 -0.9693
60.0 -5.0 -2.5 16.25 423034383.0682
60.0 -2.5 -2.5 16.25 8368768980.3505
60.0 0.0 -2.5 16.25 4494012299.6478
60.0 2.5 -2.5 16.25 14995748.0417
60.0 5.0 -2.5 16.25 20.092399999999998
60.0 7.5 -2.5 16.25 3.9080000000000004
60.0 10.0 -2.5 16.25 3.0484
60.0 -5.0 0.0 16.25 9999999950.811
60.0 -2.5 0.0 16.25 9999999943.1009
60.0 0.0 0.0 16.25 443685010.1164
60.0 2.5 0.0 16.25 3289439620.3754997
60.0 5.0 0.0 16.25 1255119.8883
60.0 7.5 0.0 16.25 97.8472
60.0 10.0 0.0 16.25 2.2352000000000003
60.0 -5.0 2.5 16.25 10000000028.616901
60.0 -2.5 2.5 16.25 10000000027.707901
60.0 0.0 2.5 16.25 10000000025.2294
60.0 2.5 2.5 16.25 10000000148.1728
60.0 5.0 2.5 16.25 10000000030.410002
60.0 7.5 2.5 16.25 113.5307
60.0 10.0 2.5 16.25 -1.2919
60.0 -5.0 5.0 16.25 563751293.2018
60.0 -2.5 5.0 16.25 1513893234.5663
60.0 0.0 5.0 16.25 2735565685.6539
60.0 2.5 5.0 16.25 280976923.22400004
60.0 5.0 5.0 16.25 899554626.9397
60.0 7.5 5.0 16.25 3186.2298
60.0 10.0 5.0 16.25 -3.4832
120.0 -5.0 -10.0 3.75 446220231.7608
120.0 -2.5 -10.0 3.75 3446319782.4639997
120.0 0.0 -10.0 3.75 10000000119.862001
120.0 2.5 -10.0 3.75 9999999817.2667
120.0 5.0 -10.0 3.75 10000000067.4078
120.0 7.5 -10.0 3.75 59988.0443
120.0 10.0 -10.0 3.75 44783.7117
120.0 -5.0 -7.5 3.75 9999999970.979301
120.0 -2.5 -7.5 3.75 10000000020.8974
120.0 0.0 -7.5 3.75 10000000090.228401
120.0 2.5 -7.5 3.75 10000000007.0589
120.0 5.0 -7.5 3.75 9999999960.305302
120.0 7.5 -7.5 3.75 31476856.203199998
120.0 10.0 -7.5 3.75 194.9264
120.0 -5.0 -5.0 3.75 9999999871.641602
120.0 -2.5 -5.0 3.75 10000000184.461102
120.0 0.0 -5.0 3.75 9999999874.058
120.0 2.5 -5.0 3.75 10000000108.624102
120.0 5.0 -5.0 3.75 9999999977.1805
120.0 7.5 -5.0 3.75 75499149.2077
120.0 10.0 -5.0 3.75 2790.7879000000003
120.0 -5.0 -2.5 3.75 9999999957.659801
120.0 -2.5 -2.5 3.75 9999999951.9806
120.0 0.0 -2.5 3.75 9999999863.271101
120.0 2.5 -2.5 3.75 10000000002.913
120.0 5.0 -2.5 3.75 773231910.9830999
120.0 7.5 -2.5 3.75 2056733407.6979
120.0 10.0 -2.5 3.75 46188.2853
120.0 -5.0 0.0 3.75 3358752445.2660003
120.0 -2.5 0.0 3.75 9999999798.868801
120.0 0.0 0.0 3.75 9999999951.3547
120.0 2.5 0.0 3.75 9999999877.5349
120.0 5.0 0.0 3.75 28146193.8528
120.0 7.5 0.0 3.75 2905994825.4997
120.0 10.0 0.0 3.75 5395796.1464
120.0 -5.0 2.5 3.75 9999999999.891901
120.0 -2.5 2.5 3.75 9999999965.215801
120.0 0.0 2.5 3.75 10000000045.1438
120.0 2.5 2.5 3.75 3036419605.5160003
120.0 5.0 2.5 3.75 9999999963.6951
120.0 7.5 2.5 3.75 11164.3554
120.0 10.0 2.5 3.75 258.1415
120.0 -5.0 5.0 3.75 9999999897.043201
120.0 -2.5 5.0 3.75 9999999938.6931
120.0 0.0 5.0 3.75 9999999842.3356
120.0 2.5 5.0 3.75 2355038315.9164
120.0 5.0 5.0 3.75 85042699.455
120.0 7.5 5.0 3.75 64032184.2201
120.0 10.0 5.0 3.75 11.490499999999999
120.0 -2.5 0.0 5.0 10000000019.121101
120.0 -2.5 2.5 5.0 9999999874.1471
120.0 0.0 -2.5 6.25 10000000003.155901
120.0 -2.5 0.0 6.25 9999999993.5466
120.0 -2.5 2.5 6.25 9999999903.556501
120.0 -2.5 5.0 6.25 9999999824.448801
120.0 0.0 -7.5 7.5 9999999770.1662
120.0 -2.5 -5.0 7.5 10000000055.351002
120.0 0.0 -5.0 7.5 10000000042.7565
120.0 -2.5 -2.5 7.5 9999999833.505901
120.0 0.0 -2.5 7.5 9999999891.096102
120.0 -2.5 0.0 7.5 10000000167.725801
120.0 -2.5 2.5 7.5 9999999954.009401
120.0 0.0 2.5 7.5 845714026.9081999
120.0 -2.5 5.0 7.5 10000000058.8521
120.0 0.0 -7.5 8.75 10000000061.3278
120.0 -2.5 -5.0 8.75 9999999978.0485
120.0 0.0 -5.0 8.75 10000000192.124802
120.0 2.5 -5.0 8.75 5772765735.993
120.0 -2.5 -2.5 8.75 10000000034.9624
120.0 0.0 -2.5 8.75 9999999900.2019
120.0 -2.5 0.0 8.75 9999999818.9741
120.0 0.0 0.0 8.75 9999999960.225
120.0 -2.5 2.5 8.75 9999999869.8479
120.0 0.0 2.5 8.75 9999999957.2807
120.0 -5.0 5.0 8.75 945608179.2512001
120.0 -2.5 5.0 8.75 9999999769.8451
120.0 0.0 -7.5 10.0 9999999975.493502
120.0 2.5 -7.5 10.0 209548139.4956
120.0 -2.5 -5.0 10.0 10000000233.756401
120.0 0.0 -5.0 10.0 10000000007.1902
120.0 2.5 -5.0 10.0 712290184.3361
120.0 -2.5 -2.5 10.0 10000000240.5065
120.0 0.0 -2.5 10.0 9999999864.280401
120.0 -2.5 0.0 10.0 10000000036.755001
120.0 0.0 0.0 10.0 10000000223.137402
120.0 -2.5 2.5 10.0 10000000260.759901
120.0 0.0 2.5 10.0 10000000082.3775
120.0 2.5 2.5 10.0 9999999930.439901
120.0 -5.0 5.0 10.0 1422892181.6471
120.0 -2.5 5.0 10.0 9999999817.3561
120.0 0.0 5.0 10.0 10000000037.791302
120.0 0.0 -10.0 11.25 9999999863.308
120.0 2.5 -10.0 11.25 149521336.02519998
120.0 5.0 -10.0 11.25 4871315.6192
120.0 7.5 -10.0 11.25 89.60419999999999
120.0 0.0 -7.5 11.25 1055832165.0088
120.0 2.5 -7.5 11.25 1495284263.095
120.0 5.0 -7.5 11.25 30397703.327299997
120.0 -2.5 -5.0 11.25 9999999802.4671
120.0 0.0 -5.0 11.25 9639605313.997398
120.0 2.5 -5.0 11.25 9999999940.083302
120.0 -5.0 -2.5 11.25 8970345039.0841
120.0 -2.5 -2.5 11.25 9537729418.8004
120.0 0.0 -2.5 11.25 9999999963.948
120.0 -5.0 0.0 11.25 10000000011.7597
120.0 -2.5 0.0 11.25 10000000062.592201
120.0 0.0 0.0 11.25 10000000099.180101
120.0 2.5 0.0 11.25 3864946850.3665
120.0 5.0 0.0 11.25 8727769.7581
120.0 -5.0 2.5 11.25 10000000344.882101
120.0 -2.5 2.5 11.25 9999999857.0835
120.0 0.0 2.5 11.25 9999999953.234901
120.0 2.5 2.5 11.25 9999999990.2005
120.0 -5.0 5.0 11.25 10000000089.7296
120.0 -2.5 5.0 11.25 9999999953.0711
120.0 0.0 5.0 11.25 9999999943.809301
120.0 2.5 5.0 11.25 10000000050.704102
120.0 -5.0 -10.0 12.5 166699.9567
120.0 0.0 -10.0 12.5 7287283.1808
120.0 2.5 -10.0 12.5 153748091.81489998
120.0 5.0 -10.0 12.5 4853901.1364
120.0 7.5 -10.0 12.5 45.1235
120.0 10.0 -10.0 12.5 12.0561
120.0 -2.5 -7.5 12.5 10000000058.835701
120.0 0.0 -7.5 12.5 1039259.8495
120.0 2.5 -7.5 12.5 8639703.6662
120.0 5.0 -7.5 12.5 560753.2307
120.0 -2.5 -5.0 12.5 173315041.9633
120.0 0.0 -5.0 12.5 1691825302.2872
120.0 2.5 -5.0 12.5 331992706.55550003
120.0 -5.0 -2.5 12.5 140414713.436
120.0 -2.5 -2.5 12.5 1370575331.4935
120.0 0.0 -2.5 12.5 9999999998.9447
120.0 -5.0 0.0 12.5 246875428.2997
120.0 -2.5 0.0 12.5 10000000107.1727
120.0 0.0 0.0 12.5 5948813653.3867
120.0 2.5 0.0 12.5 185113164.5875
120.0 5.0 0.0 12.5 16084127.8714
120.0 -5.0 2.5 12.5 222786888.0402
120.0 -2.5 2.5 12.5 9999999878.0195
120.0 0.0 2.5 12.5 10000000360.5074
120.0 2.5 2.5 12.5 4166402757.8798003
120.0 5.0 2.5 12.5 4467622.8259
120.0 -5.0 5.0 12.5 5759813950.152101
120.0 -2.5 5.0 12.5 10000000199.7283
120.0 0.0 5.0 12.5 10000000002.1464
120.0 2.5 5.0 12.5 9999999792.207
120.0 5.0 5.0 12.5 9999999943.5254
120.0 7.5 5.0 12.5 526874.2797
120.0 -5.0 -10.0 13.75 23207047.8061
120.0 -2.5 -10.0 13.75 707215382.6562
120.0 0.0 -10.0 13.75 7956.2943000000005
120.0 2.5 -10.0 13.75 1561338.0797000001
120.0 5.0 -10.0 13.75 3028267.8895
120.0 7.5 -10.0 13.75 55.205999999999996
120.0 10.0 -10.0 13.75 18.355300000000003
120.0 -2.5 -7.5 13.75 4542583520.0713005
120.0 0.0 -7.5 13.75 70032.89150000001
120.0 2.5 -7.5 13.75 281485.9315
120.0 5.0 -7.5 13.75 66130.0231
120.0 7.5 -7.5 13.75 14.3325
120.0 10.0 -7.5 13.75 -1.7304
120.0 -5.0 -5.0 13.75 9999999897.206501
120.0 -2.5 -5.0 13.75 454422592.18
120.0 0.0 -5.0 13.75 2026345.6798
120.0 2.5 -5.0 13.75 9999999910.088701
120.0 -5.0 -2.5 13.75 10000000121.975801
120.0 -2.5 -2.5 13.75 9742039434.4162
120.0 0.0 -2.5 13.75 9999999969.915901
120.0 2.5 -2.5 13.75 6549877491.4367
120.0 -5.0 0.0 13.75 10000000178.2301
120.0 -2.5 0.0 13.75 10000000065.745
120.0 0.0 0.0 13.75 10000000055.4804
120.0 2.5 0.0 13.75 9999999975.9412
120.0 -5.0 2.5 13.75 166504993.10819998
120.0 -2.5 2.5 13.75 7196103911.9897
120.0 0.0 2.5 13.75 9999999985.502602
120.0 2.5 2.5 13.75 21243773.7199
120.0 5.0 2.5 13.75 44482468.1342
120.0 7.5 2.5 13.75 -6.046999999999999
120.0 -5.0 5.0 13.75 4780620614.687799
120.0 -2.5 5.0 13.75 9999999937.505402
120.0 0.0 5.0 13.75 9999999994.058102
120.0 2.5 5.0 13.75 9999999988.493301
120.0 5.0 5.0 13.75 228506257.3727
120.0 7.5 5.0 13.75 3.6861999999999995
120.0 -5.0 -10.0 15.0 44807787.6817
120.0 -2.5 -10.0 15.0 10000000277.244902
120.0 0.0 -10.0 15.0 12672.6922
120.0 2.5 -10.0 15.0 1035.9773
120.0 5.0 -10.0 15.0 25130.788399999998
120.0 7.5 -10.0 15.0 55.7953
120.0 10.0 -10.0 15.0 21.281100000000002
120.0 -5.0 -7.5 15.0 4208588398.4659
120.0 -2.5 -7.5 15.0 232080855.4192
120.0 0.0 -7.5 15.0 1186.7211
120.0 2.5 -7.5 15.0 87.2322
120.0 5.0 -7.5 15.0 459.40160000000003
120.0 7.5 -7.5 15.0 22.273
120.0 10.0 -7.5 15.0 1.6613000000000002
120.0 -5.0 -5.0 15.0 9999999996.0366
120.0 -2.5 -5.0 15.0 10000000199.422901
120.0 0.0 -5.0 15.0 5678756.569700001
120.0 2.5 -5.0 15.0 708.0282000000001
120.0 5.0 -5.0 15.0 45827.173
120.0 7.5 -5.0 15.0 1103761.9645
120.0 10.0 -5.0 15.0 -29.704
120.0 -5.0 -2.5 15.0 409692670.05590004
120.0 -2.5 -2.5 15.0 9999999924.2206
120.0 0.0 -2.5 15.0 10000000030.729101
120.0 2.5 -2.5 15.0 1136985.8611
120.0 5.0 -2.5 15.0 435.65110000000004
120.0 7.5 -2.5 15.0 3078.0517999999997
120.0 10.0 -2.5 15.0 71.8494
120.0 -5.0 0.0 15.0 7948810232.5562
120.0 -2.5 0.0 15.0 10000000198.1023
120.0 0.0 0.0 15.0 9999999794.6571
120.0 2.5 0.0 15.0 10000000119.396101
120.0 5.0 0.0 15.0 171.9305
120.0 10.0 0.0 15.0 -2.0719
120.0 -5.0 2.5 15.0 349023966.7549
120.0 -2.5 2.5 15.0 10000000054.9706
120.0 0.0 2.5 15.0 133658764.56459999
120.0 2.5 2.5 15.0 45107128.611499995
120.0 5.0 2.5 15.0 2591.9546
120.0 7.5 2.5 15.0 -11.0107
120.0 10.0 2.5 15.0 -0.6556
120.0 -5.0 5.0 15.0 10000000011.591702
120.0 -2.5 5.0 15.0 9999999986.3523
120.0 0.0 5.0 15.0 9999999989.8192
120.0 2.5 5.0 15.0 6601587846.3894005
120.0 5.0 5.0 15.0 4041688.7169999997
120.0 7.5 5.0 15.0 -6.785500000000001
120.0 10.0 5.0 15.0 2.1809
120.0 -5.0 -10.0 16.25 34659131.0159
120.0 -2.5 -10.0 16.25 9999999982.5004
120.0 0.0 -10.0 16.25 314.23629999999997
120.0 2.5 -10.0 16.25 80.38159999999999
120.0 5.0 -10.0 16.25 176.9883
120.0 7.5 -10.0 16.25 48.9909
120.0 10.0 -10.0 16.25 19.3537
120.0 -5.0 -7.5 16.25 2561448.0061999997
120.0 -2.5 -7.5 16.25 108249247.3771
120.0 0.0 -7.5 16.25 905.5077
120.0 2.5 -7.5 16.25 40.2137
120.0 5.0 -7.5 16.25 44.0572
120.0 7.5 -7.5 16.25 19.1567
120.0 10.0 -7.5 16.25 4.272
120.0 -5.0 -5.0 16.25 5647901063.746699
120.0 -2.5 -5.0 16.25 4863449070.0182
120.0 0.0 -5.0 16.25 49572058.997999996
120.0 2.5 -5.0 16.25 5929.303800000001
120.0 5.0 -5.0 16.25 4.6933
120.0 7.5 -5.0 16.25 23.312
120.0 10.0 -5.0 16.25 -17.36
120.0 -5.0 -2.5 16.25 203093537.2421
120.0 -2.5 -2.5 16.25 10000000156.968401
120.0 0.0 -2.5 16.25 10000000000.582602
120.0 2.5 -2.5 16.25 1507779411.076
120.0 5.0 -2.5 16.25 -28.7054
120.0 7.5 -2.5 16.25 -15.258700000000001
120.0 10.0 -2.5 16.25 -16.1931
120.0 -5.0 0.0 16.25 10000000130.398
120.0 -2.5 0.0 16.25 9999999985.4796
120.0 0.0 0.0 16.25 10000000075.5198
120.0 2.5 0.0 16.25 14753757.1273
120.0 5.0 0.0 16.25 -14.432400000000001
120.0 7.5 0.0 16.25 -13.3838
120.0 10.0 0.0 16.25 -6.0777
120.0 -5.0 2.5 16.25 2495705365.6838
120.0 -2.5 2.5 16.25 154447172.901
120.0 0.0 2.5 16.25 4088576229.2552
120.0 2.5 2.5 16.25 69280213.3979
120.0 5.0 2.5 16.25 2054.016
120.0 7.5 2.5 16.25 -5.0595
120.0 10.0 2.5 16.25 1.0444
120.0 -5.0 5.0 16.25 1499245.0169
120.0 -2.5 5.0 16.25 674082233.8558
120.0 0.0 5.0 16.25 10000000051.3402
120.0 2.5 5.0 16.25 9999999874.9405
120.0 5.0 5.0 16.25 616092.5577
120.0 7.5 5.0 16.25 5.3325
120.0 10.0 5.0 16.25 1.7017000000000002
180.0 -5.0 -10.0 3.75 284529120.8587
180.0 -2.5 -10.0 3.75 10000000109.328701
180.0 0.0 -10.0 3.75 3384870301.8775
180.0 2.5 -10.0 3.75 834753000.14
180.0 5.0 -10.0 3.75 9999999838.7152
180.0 7.5 -10.0 3.75 9999999899.914701
180.0 10.0 -10.0 3.75 35118849.3358
180.0 -5.0 -7.5 3.75 10000000210.1037
180.0 -2.5 -7.5 3.75 10000000103.6284
180.0 0.0 -7.5 3.75 10000000163.7765
180.0 2.5 -7.5 3.75 10000000260.342402
180.0 5.0 -7.5 3.75 10000000070.460701
180.0 7.5 -7.5 3.75 9999999862.439001
180.0 10.0 -7.5 3.75 835585.8996
180.0 -5.0 -5.0 3.75 10000000185.904001
180.0 -2.5 -5.0 3.75 10000000030.865301
180.0 0.0 -5.0 3.75 10000000047.3043
180.0 2.5 -5.0 3.75 1407008100.2428
180.0 5.0 -5.0 3.75 9999999914.9216
180.0 7.5 -5.0 3.75 46274972.5062
180.0 10.0 -5.0 3.75 544038073.832
180.0 -5.0 -2.5 3.75 9999999541.346601
180.0 -2.5 -2.5 3.75 9999999974.5228
180.0 0.0 -2.5 3.75 9999999875.960901
180.0 2.5 -2.5 3.75 10000000264.866402
180.0 5.0 -2.5 3.75 10000000318.710201
180.0 7.5 -2.5 3.75 880693058.9745001
180.0 10.0 -2.5 3.75 683008.1598
180.0 -5.0 0.0 3.75 9999999955.885101
180.0 -2.5 0.0 3.75 10000000101.592001
180.0 0.0 0.0 3.75 10000000078.836102
180.0 2.5 0.0 3.75 9395643468.326
180.0 5.0 0.0 3.75 4739574473.1868
180.0 7.5 0.0 3.75 79112889.19330001
180.0 10.0 0.0 3.75 268828.50700000004
180.0 -5.0 2.5 3.75 9999999812.5114
180.0 -2.5 2.5 3.75 9999999573.441301
180.0 0.0 2.5 3.75 9999999992.461802
180.0 2.5 2.5 3.75 10000000013.762701
180.0 5.0 2.5 3.75 9999999967.8155
180.0 7.5 2.5 3.75 4081425004.8802
180.0 10.0 2.5 3.75 108318105.9382
180.0 -5.0 5.0 3.75 9999999889.5694
180.0 -2.5 5.0 3.75 10000000100.784302
180.0 0.0 5.0 3.75 2714395006.8510003
180.0 2.5 5.0 3.75 9999999971.208601
180.0 5.0 5.0 3.75 1431167958.3068001
180.0 7.5 5.0 3.75 16574361.0848
180.0 10.0 5.0 3.75 5556538530.027599
180.0 -2.5 2.5 5.0 9999999821.0867
180.0 -2.5 -2.5 6.25 10000000178.6755
180.0 -2.5 0.0 6.25 10000000267.637701
180.0 -2.5 -2.5 7.5 9999999914.2745
180.0 -2.5 0.0 7.5 9999999977.935902
180.0 -2.5 2.5 7.5 9999999779.8833
180.0 0.0 2.5 7.5 9999999835.293901
180.0 2.5 2.5 7.5 10000000139.9507
180.0 2.5 -10.0 8.75 951072209.5188
180.0 -2.5 -7.5 8.75 10000000159.6037
180.0 2.5 -7.5 8.75 6023885977.5139
180.0 5.0 -7.5 8.75 9999999992.494902
180.0 -5.0 -5.0 8.75 1007608950.9627
180.0 -2.5 -5.0 8.75 9999999982.8693
180.0 -5.0 -2.5 8.75 9999999851.6168
180.0 -2.5 -2.5 8.75 9999999768.4148
180.0 0.0 -2.5 8.75 9999999922.031101
180.0 -5.0 0.0 8.75 6688507997.861401
180.0 -2.5 0.0 8.75 3128245106.8185
180.0 0.0 0.0 8.75 9999999651.8335
180.0 -5.0 2.5 8.75 9999999928.257
180.0 -2.5 2.5 8.75 9999999985.811602
180.0 0.0 2.5 8.75 10000000021.8504
180.0 2.5 2.5 8.75 9999999936.589
180.0 0.0 5.0 8.75 2401995173.3924003
180.0 2.5 5.0 8.75 9999999997.4417
180.0 2.5 -10.0 10.0 123710949.4326
180.0 -2.5 -7.5 10.0 1559537.2005
180.0 0.0 -7.5 10.0 10000000082.6989
180.0 2.5 -7.5 10.0 954923728.1431
180.0 5.0 -7.5 10.0 156348819.09170002
180.0 -5.0 -5.0 10.0 9999999954.015202
180.0 -2.5 -5.0 10.0 9999999967.0417
180.0 0.0 -5.0 10.0 544582244.998
180.0 -5.0 -2.5 10.0 10000000272.059101
180.0 -2.5 -2.5 10.0 10000000164.0744
180.0 0.0 -2.5 10.0 9999999940.862902
180.0 -5.0 0.0 10.0 10000000079.339602
180.0 -2.5 0.0 10.0 9999999971.482101
180.0 0.0 0.0 10.0 9999999744.524801
180.0 -5.0 2.5 10.0 9999999986.898901
180.0 -2.5 2.5 10.0 9999999919.649101
180.0 0.0 2.5 10.0 9999999907.248901
180.0 2.5 2.5 10.0 10000000009.117601
180.0 -2.5 5.0 10.0 10000000001.6303
180.0 0.0 5.0 10.0 2719737367.9586
180.0 2.5 5.0 10.0 10000000005.4818
180.0 5.0 5.0 10.0 147216967.7811
180.0 -2.5 -10.0 11.25 944955.7122
180.0 2.5 -10.0 11.25 17541.7031
180.0 5.0 -10.0 11.25 1990.0092
180.0 -2.5 -7.5 11.25 501971.6425
180.0 0.0 -7.5 11.25 9999999918.5013
180.0 2.5 -7.5 11.25 9758834.9175
180.0 5.0 -7.5 11.25 4179379.3695
180.0 -5.0 -5.0 11.25 656443144.2768
180.0 -2.5 -5.0 11.25 1488109611.6557
180.0 0.0 -5.0 11.25 8386393923.106
180.0 -5.0 -2.5 11.25 10000000069.660301
180.0 -2.5 -2.5 11.25 9999999853.087301
180.0 0.0 -2.5 11.25 9999999939.937101
180.0 -5.0 0.0 11.25 9999999896.412601
180.0 -2.5 0.0 11.25 9999999801.9423
180.0 0.0 0.0 11.25 9999999817.211802
180.0 -5.0 2.5 11.25 1215749980.9949
180.0 -2.5 2.5 11.25 9999999899.5667
180.0 0.0 2.5 11.25 9999999845.8782
180.0 2.5 2.5 11.25 1428054070.2968001
180.0 -5.0 5.0 11.25 3862914460.3726997
180.0 -2.5 5.0 11.25 2000379000.0879
180.0 0.0 5.0 11.25 9999999939.015501
180.0 2.5 5.0 11.25 108412451.0521
180.0 5.0 5.0 11.25 1223080424.5658
180.0 7.5 5.0 11.25 3101905897.8504996
180.0 -2.5 -10.0 12.5 5571.2343
180.0 0.0 -10.0 12.5 14848.1901
180.0 2.5 -10.0 12.5 2693877.8156999997
180.0 5.0 -10.0 12.5 102.5657
180.0 7.5 -10.0 12.5 -1.8895
180.0 -2.5 -7.5 12.5 10000000150.343801
180.0 0.0 -7.5 12.5 130531390.9786
180.0 2.5 -7.5 12.5 692412480.3284
180.0 5.0 -7.5 12.5 657705.5083
180.0 -5.0 -5.0 12.5 81972325.7003
180.0 -2.5 -5.0 12.5 12919870.0302
180.0 0.0 -5.0 12.5 7281073503.9115
180.0 2.5 -5.0 12.5 2509021211.2697
180.0 5.0 -5.0 12.5 4496260261.4594
180.0 -5.0 -2.5 12.5 10000000289.796902
180.0 -2.5 -2.5 12.5 10000000151.2374
180.0 0.0 -2.5 12.5 10000000054.355501
180.0 2.5 -2.5 12.5 9999999940.7742
180.0 5.0 -2.5 12.5 10000000457.132301
180.0 -5.0 0.0 12.5 341896030.2586
180.0 -2.5 0.0 12.5 10000000280.5603
180.0 0.0 0.0 12.5 10000000014.225302
180.0 2.5 0.0 12.5 10000000051.3118
180.0 -5.0 2.5 12.5 10000000005.215601
180.0 -2.5 2.5 12.5 2016261209.5028
180.0 0.0 2.5 12.5 9999999949.992601
180.0 2.5 2.5 12.5 1060486259.5065
180.0 5.0 2.5 12.5 9999999998.891
180.0 -5.0 5.0 12.5 117125247.8185
180.0 -2.5 5.0 12.5 784097775.8155999
180.0 0.0 5.0 12.5 396464089.4513
180.0 2.5 5.0 12.5 115069541.095
180.0 5.0 5.0 12.5 4780448092.8928995
180.0 7.5 5.0 12.5 944285147.2593
180.0 10.0 5.0 12.5 1651209.2665
180.0 -5.0 -10.0 13.75 1779.2569
180.0 -2.5 -10.0 13.75 17099.005400000002
180.0 0.0 -10.0 13.75 8122.274899999999
180.0 2.5 -10.0 13.75 193544.9345
180.0 5.0 -10.0 13.75 14.2893
180.0 7.5 -10.0 13.75 6.2997000000000005
180.0 -5.0 -7.5 13.75 21568155.9507
180.0 -2.5 -7.5 13.75 9999999741.599602
180.0 0.0 -7.5 13.75 347382398.83290005
180.0 2.5 -7.5 13.75 8617634869.375
180.0 5.0 -7.5 13.75 13349.5559
180.0 10.0 -7.5 13.75 14.8781
180.0 -5.0 -5.0 13.75 9999999889.102402
180.0 -2.5 -5.0 13.75 4341404004.7685995
180.0 0.0 -5.0 13.75 10000000062.297602
180.0 2.5 -5.0 13.75 2037874.9249
180.0 5.0 -5.0 13.75 3963455218.9761996
180.0 -5.0 -2.5 13.75 9999999833.4466
180.0 -2.5 -2.5 13.75 6934298610.512601
180.0 0.0 -2.5 13.75 9999999917.5967
180.0 2.5 -2.5 13.75 10000000178.775501
180.0 5.0 -2.5 13.75 166481470.0432
180.0 -5.0 0.0 13.75 4305474689.8505
180.0 -2.5 0.0 13.75 5935522204.3522005
180.0 0.0 0.0 13.75 2254117533.9833
180.0 2.5 0.0 13.75 397749322.089
180.0 5.0 0.0 13.75 24821863.2293
180.0 7.5 0.0 13.75 744210.3177
180.0 -5.0 2.5 13.75 68621139.7051
180.0 -2.5 2.5 13.75 9999999711.5702
180.0 0.0 2.5 13.75 9999999972.5956
180.0 2.5 2.5 13.75 2714528.567
180.0 5.0 2.5 13.75 126174516.3214
180.0 7.5 2.5 13.75 1538167405.1572
180.0 10.0 2.5 13.75 6055.3732
180.0 -5.0 5.0 13.75 9999999946.0764
180.0 -2.5 5.0 13.75 102275572.66319999
180.0 0.0 5.0 13.75 7052730112.7153
180.0 2.5 5.0 13.75 101493972.7003
180.0 5.0 5.0 13.75 104864.8026
180.0 7.5 5.0 13.75 3501368.7959000003
180.0 -5.0 -10.0 15.0 295.155
180.0 -2.5 -10.0 15.0 430258722.41889995
180.0 0.0 -10.0 15.0 34065.5442
180.0 2.5 -10.0 15.0 3146212912.2785
180.0 5.0 -10.0 15.0 18.6973
180.0 7.5 -10.0 15.0 12.9533
180.0 10.0 -10.0 15.0 7.7972
180.0 -5.0 -7.5 15.0 9951583.9548
180.0 -2.5 -7.5 15.0 10000000078.698801
180.0 0.0 -7.5 15.0 11009574.0145
180.0 2.5 -7.5 15.0 65706045.696
180.0 5.0 -7.5 15.0 50.0582
180.0 7.5 -7.5 15.0 35.8895
180.0 10.0 -7.5 15.0 20.5057
180.0 -5.0 -5.0 15.0 19095912.858599998
180.0 -2.5 -5.0 15.0 723548253.7269
180.0 0.0 -5.0 15.0 9999999999.385801
180.0 2.5 -5.0 15.0 1328636.1584
180.0 5.0 -5.0 15.0 35688.3884
180.0 7.5 -5.0 15.0 101.9698
180.0 -5.0 -2.5 15.0 10000000112.7928
180.0 -2.5 -2.5 15.0 10000000003.9629
180.0 0.0 -2.5 15.0 10000000253.6308
180.0 2.5 -2.5 15.0 2761941286.8046
180.0 5.0 -2.5 15.0 718247330.2162
180.0 7.5 -2.5 15.0 21668.9866
180.0 -5.0 0.0 15.0 5770601.8632000005
180.0 -2.5 0.0 15.0 9999999981.3441
180.0 0.0 0.0 15.0 10000000077.259
180.0 2.5 0.0 15.0 222946020.74330002
180.0 5.0 0.0 15.0 483079292.8444
180.0 7.5 0.0 15.0 4638.796799999999
180.0 -5.0 2.5 15.0 9999999963.748001
180.0 -2.5 2.5 15.0 455292036.7634
180.0 0.0 2.5 15.0 9999999940.803001
180.0 2.5 2.5 15.0 161933.1731
180.0 5.0 2.5 15.0 13347.2621
180.0 7.5 2.5 15.0 30792.1463
180.0 10.0 2.5 15.0 17942.3547
180.0 -5.0 5.0 15.0 35555993.273200005
180.0 -2.5 5.0 15.0 9999999925.9864
180.0 0.0 5.0 15.0 1486545685.1311
180.0 2.5 5.0 15.0 100462659.9901
180.0 5.0 5.0 15.0 138.3545
180.0 7.5 5.0 15.0 729.1776
180.0 10.0 5.0 15.0 21389.9601
180.0 -5.0 -10.0 16.25 791.3726
180.0 -2.5 -10.0 16.25 505408918.11550003
180.0 0.0 -10.0 16.25 13369.309799999999
180.0 2.5 -10.0 16.25 75573153.22510001
180.0 5.0 -10.0 16.25 13.0907
180.0 7.5 -10.0 16.25 13.8484
180.0 10.0 -10.0 16.25 8.464400000000001
180.0 -5.0 -7.5 16.25 48148883.447000004
180.0 -2.5 -7.5 16.25 97800734.0177
180.0 0.0 -7.5 16.25 124927886.5023
180.0 2.5 -7.5 16.25 99796339.3522
180.0 5.0 -7.5 16.25 38.4695
180.0 7.5 -7.5 16.25 34.3149
180.0 10.0 -7.5 16.25 20.4836
180.0 -5.0 -5.0 16.25 531735531.8639
180.0 -2.5 -5.0 16.25 9999999926.871601
180.0 0.0 -5.0 16.25 690644253.4216
180.0 2.5 -5.0 16.25 10000000013.1909
180.0 5.0 -5.0 16.25 14375440.425099999
180.0 7.5 -5.0 16.25 72.268
180.0 10.0 -5.0 16.25 32.7265
180.0 -5.0 -2.5 16.25 10000000013.9176
180.0 -2.5 -2.5 16.25 9999999988.6777
180.0 0.0 -2.5 16.25 10000000069.181702
180.0 2.5 -2.5 16.25 2642407856.712
180.0 5.0 -2.5 16.25 2983632822.0914
180.0 7.5 -2.5 16.25 63355.847799999996
180.0 10.0 -2.5 16.25 30.572099999999995
180.0 -5.0 0.0 16.25 406113023.7904
180.0 -2.5 0.0 16.25 9999999926.0287
180.0 0.0 0.0 16.25 9999999958.6368
180.0 2.5 0.0 16.25 10000000051.7577
180.0 5.0 0.0 16.25 9999999883.560501
180.0 7.5 0.0 16.25 122279.4366
180.0 10.0 0.0 16.25 11.2497
180.0 -5.0 2.5 16.25 23976908.5442
180.0 -2.5 2.5 16.25 388602977.80469996
180.0 0.0 2.5 16.25 9999999873.422602
180.0 2.5 2.5 16.25 56869057.6353
180.0 5.0 2.5 16.25 82.8253
180.0 7.5 2.5 16.25 25.1681
180.0 10.0 2.5 16.25 3.5545999999999998
180.0 -5.0 5.0 16.25 25635439.3404
180.0 -2.5 5.0 16.25 275508049.7433
180.0 0.0 5.0 16.25 4177308602.5894
180.0 2.5 5.0 16.25 195066.8236
180.0 5.0 5.0 16.25 19.4576
180.0 7.5 5.0 16.25 5.680999999999999
180.0 10.0 5.0 16.25 4.9399
240.0 -5.0 -10.0 3.75 822117531.3408
240.0 -2.5 -10.0 3.75 10000000121.9071
240.0 0.0 -10.0 3.75 9999999853.944302
240.0 2.5 -10.0 3.75 10000000474.144402
240.0 5.0 -10.0 3.75 213966720.3145
240.0 7.5 -10.0 3.75 253390829.87460002
240.0 10.0 -10.0 3.75 204115207.4026
240.0 -5.0 -7.5 3.75 10000000041.7427
240.0 -2.5 -7.5 3.75 10000000143.6802
240.0 0.0 -7.5 3.75 9999999979.597801
240.0 2.5 -7.5 3.75 9999999837.239801
240.0 5.0 -7.5 3.75 10000000088.335901
240.0 7.5 -7.5 3.75 134897528.11380002
240.0 10.0 -7.5 3.75 460753.9668
240.0 -5.0 -5.0 3.75 10000000167.829401
240.0 -2.5 -5.0 3.75 10000000199.5776
240.0 0.0 -5.0 3.75 9999999922.624102
240.0 2.5 -5.0 3.75 7224888405.4765
240.0 5.0 -5.0 3.75 10000000399.492601
240.0 7.5 -5.0 3.75 10000000030.206202
240.0 10.0 -5.0 3.75 4977929885.1962
240.0 -5.0 -2.5 3.75 10000000041.0436
240.0 -2.5 -2.5 3.75 9999999822.496302
240.0 0.0 -2.5 3.75 10000000622.7724
240.0 2.5 -2.5 3.75 9999999861.8061
240.0 5.0 -2.5 3.75 3362219044.7191
240.0 7.5 -2.5 3.75 4803430.6134
240.0 10.0 -2.5 3.75 109.90950000000001
240.0 -5.0 0.0 3.75 3935810118.5025997
240.0 -2.5 0.0 3.75 9999999874.3873
240.0 0.0 0.0 3.75 10000000064.812801
240.0 2.5 0.0 3.75 9999999949.585201
240.0 5.0 0.0 3.75 9999999913.4782
240.0 7.5 0.0 3.75 9999999938.9344
240.0 10.0 0.0 3.75 1408.1242
240.0 -5.0 2.5 3.75 8739335528.2071
240.0 -2.5 2.5 3.75 9999999905.1828
240.0 0.0 2.5 3.75 10000000039.8335
240.0 2.5 2.5 3.75 9999999982.9902
240.0 5.0 2.5 3.75 9999999999.9374
240.0 7.5 2.5 3.75 1147116493.0695999
240.0 10.0 2.5 3.75 7826039.6021
240.0 -5.0 5.0 3.75 9999999998.864
240.0 -2.5 5.0 3.75 9999999843.369501
240.0 0.0 5.0 3.75 10000000032.064201
240.0 2.5 5.0 3.75 10000000120.159
240.0 5.0 5.0 3.75 9999999937.6317
240.0 7.5 5.0 3.75 9999999991.956501
240.0 10.0 5.0 3.75 42613574.013500005
240.0 0.0 5.0 5.0 7004145687.136
240.0 2.5 -7.5 6.25 9999999906.589
240.0 0.0 -2.5 6.25 10000000244.954102
240.0 0.0 0.0 6.25 9999999717.0571
240.0 -2.5 2.5 6.25 10000000090.481602
240.0 0.0 2.5 6.25 9999999996.9414
240.0 0.0 5.0 6.25 10000000026.054
240.0 2.5 -7.5 7.5 350187841.8326
240.0 0.0 -5.0 7.5 9999999876.609001
240.0 2.5 -5.0 7.5 9999999933.6114
240.0 0.0 -2.5 7.5 9999999980.6483
240.0 2.5 -2.5 7.5 9999999810.3206
240.0 0.0 0.0 7.5 9999999718.085402
240.0 2.5 0.0 7.5 443056917.7711
240.0 0.0 2.5 7.5 10000000171.434301
240.0 -2.5 5.0 7.5 10000000289.7457
240.0 0.0 5.0 7.5 10000000097.7054
240.0 2.5 -10.0 8.75 9999999972.747002
240.0 2.5 -7.5 8.75 5203839715.569401
240.0 0.0 -5.0 8.75 9999999973.7206
240.0 2.5 -5.0 8.75 9999999935.288502
240.0 -2.5 -2.5 8.75 9999999998.2157
240.0 0.0 -2.5 8.75 3555744983.5771
240.0 2.5 -2.5 8.75 1167649067.8255
240.0 -5.0 0.0 8.75 9999999958.8005
240.0 -2.5 0.0 8.75 10000000085.6818
240.0 0.0 0.0 8.75 9999999993.926802
240.0 2.5 0.0 8.75 9999999911.169802
240.0 -2.5 2.5 8.75 9999999906.6895
240.0 0.0 2.5 8.75 10000000408.0834
240.0 2.5 2.5 8.75 9999999895.883701
240.0 -2.5 5.0 8.75 63440943.303899996
240.0 0.0 5.0 8.75 10000000081.9146
240.0 2.5 5.0 8.75 10000000123.793402
240.0 2.5 -10.0 10.0 9999999987.8167
240.0 5.0 -10.0 10.0 191499.6544
240.0 2.5 -7.5 10.0 9999999709.800701
240.0 -5.0 -5.0 10.0 2146071231.7156
240.0 0.0 -5.0 10.0 1006967010.0659
240.0 2.5 -5.0 10.0 2092929617.7442
240.0 -5.0 -2.5 10.0 9999999949.115301
240.0 -2.5 -2.5 10.0 9999999903.536201
240.0 0.0 -2.5 10.0 10000000000.238602
240.0 2.5 -2.5 10.0 9999999982.1366
240.0 -5.0 0.0 10.0 10000000439.453201
240.0 -2.5 0.0 10.0 9999999991.1727
240.0 0.0 0.0 10.0 3641852966.7662
240.0 2.5 0.0 10.0 9999999931.2467
240.0 -2.5 2.5 10.0 10000000073.482101
240.0 0.0 2.5 10.0 10000000030.0125
240.0 2.5 2.5 10.0 3094012271.5277004
240.0 5.0 2.5 10.0 42501378.4328
240.0 -2.5 5.0 10.0 10000000040.5877
240.0 0.0 5.0 10.0 10000000051.687101
240.0 2.5 5.0 10.0 9999999947.1354
240.0 5.0 5.0 10.0 9999999987.085901
240.0 -2.5 -10.0 11.25 10000000124.520401
240.0 2.5 -10.0 11.25 65149.4413
240.0 5.0 -10.0 11.25 1505.9315
240.0 10.0 -10.0 11.25 -5.543699999999999
240.0 2.5 -7.5 11.25 10000000126.3616
240.0 -5.0 -5.0 11.25 9999999902.725302
240.0 -2.5 -5.0 11.25 9999999745.168001
240.0 0.0 -5.0 11.25 9999999923.7485
240.0 2.5 -5.0 11.25 663267072.24
240.0 -5.0 -2.5 11.25 10000000009.115501
240.0 -2.5 -2.5 11.25 10000000087.7213
240.0 0.0 -2.5 11.25 10000000043.745602
240.0 2.5 -2.5 11.25 10000000021.1457
240.0 -5.0 0.0 11.25 518992866.2172
240.0 -2.5 0.0 11.25 9999999920.1797
240.0 0.0 0.0 11.25 10000000057.0063
240.0 2.5 0.0 11.25 9999999965.2301
240.0 -2.5 2.5 11.25 10000000047.6585
240.0 0.0 2.5 11.25 10000000065.406301
240.0 2.5 2.5 11.25 10000000001.0646
240.0 5.0 2.5 11.25 559977125.954
240.0 -2.5 5.0 11.25 9999999890.9662
240.0 0.0 5.0 11.25 10000000027.852001
240.0 2.5 5.0 11.25 32620011.743600003
240.0 5.0 5.0 11.25 10000000086.591002
240.0 7.5 5.0 11.25 4413872.490200001
240.0 -2.5 -10.0 12.5 334623590.107
240.0 0.0 -10.0 12.5 10000000011.9064
240.0 2.5 -10.0 12.5 60.8935
240.0 5.0 -10.0 12.5 40.0394
240.0 7.5 -10.0 12.5 -5.3656
240.0 10.0 -10.0 12.5 -4.2204
240.0 -5.0 -7.5 12.5 318071239.8515
240.0 0.0 -7.5 12.5 9999999904.109402
240.0 2.5 -7.5 12.5 16213399.692699999
240.0 5.0 -7.5 12.5 5922294764.9358
240.0 7.5 -7.5 12.5 972.7853
240.0 10.0 -7.5 12.5 -9.1389
240.0 -5.0 -5.0 12.5 1490354364.3985
240.0 -2.5 -5.0 12.5 359089433.50780004
240.0 0.0 -5.0 12.5 10000000080.073
240.0 2.5 -5.0 12.5 9999999913.412401
240.0 5.0 -5.0 12.5 34380511.9686
240.0 -5.0 -2.5 12.5 9999999945.254702
240.0 -2.5 -2.5 12.5 9999999901.614101
240.0 0.0 -2.5 12.5 10000000136.4554
240.0 2.5 -2.5 12.5 10000000294.958801
240.0 -5.0 0.0 12.5 993797998.717
240.0 -2.5 0.0 12.5 10000000196.2935
240.0 0.0 0.0 12.5 3884767325.8767
240.0 2.5 0.0 12.5 10000000062.2395
240.0 -2.5 2.5 12.5 10000000065.695702
240.0 0.0 2.5 12.5 10000000050.7938
240.0 2.5 2.5 12.5 10000000098.9738
240.0 5.0 2.5 12.5 22675421.5998
240.0 -2.5 5.0 12.5 9183275128.074
240.0 0.0 5.0 12.5 1097619808.1336
240.0 2.5 5.0 12.5 387083788.9778
240.0 5.0 5.0 12.5 10000000009.656301
240.0 7.5 5.0 12.5 24116952.5651
240.0 10.0 5.0 12.5 864.2539999999999
240.0 -5.0 -10.0 13.75 10000000635.2082
240.0 -2.5 -10.0 13.75 479746.4362
240.0 0.0 -10.0 13.75 368901.1728
240.0 2.5 -10.0 13.75 3109.1805999999997
240.0 5.0 -10.0 13.75 24.634999999999998
240.0 7.5 -10.0 13.75 -4.5872
240.0 10.0 -10.0 13.75 -3.8627000000000002
240.0 -5.0 -7.5 13.75 793609892.4546
240.0 -2.5 -7.5 13.75 1471876.889
240.0 0.0 -7.5 13.75 103543363.2363
240.0 2.5 -7.5 13.75 174046817.192
240.0 5.0 -7.5 13.75 320223.8418
240.0 7.5 -7.5 13.75 -2.6067
240.0 10.0 -7.5 13.75 -7.9481
240.0 -5.0 -5.0 13.75 892647156.2209
240.0 -2.5 -5.0 13.75 1298408116.867
240.0 0.0 -5.0 13.75 186842344.3586
240.0 2.5 -5.0 13.75 14274576.3311
240.0 5.0 -5.0 13.75 128756279.1844
240.0 7.5 -5.0 13.75 -14.6271
240.0 -5.0 -2.5 13.75 9999999959.338001
240.0 -2.5 -2.5 13.75 10000000043.9792
240.0 0.0 -2.5 13.75 9999999915.822401
240.0 2.5 -2.5 13.75 10000000026.8062
240.0 5.0 -2.5 13.75 10000000088.860802
240.0 -5.0 0.0 13.75 9999999992.1872
240.0 -2.5 0.0 13.75 10000000174.739601
240.0 0.0 0.0 13.75 10000000046.4384
240.0 2.5 0.0 13.75 5647128317.8152
240.0 5.0 0.0 13.75 10000000103.537802
240.0 -5.0 2.5 13.75 37459574.927
240.0 -2.5 2.5 13.75 96298741.2327
240.0 0.0 2.5 13.75 9999999648.124
240.0 2.5 2.5 13.75 2244140634.9039
240.0 5.0 2.5 13.75 24962202.4122
240.0 7.5 2.5 13.75 35507462.5943
240.0 -2.5 5.0 13.75 21671135.7643
240.0 0.0 5.0 13.75 10000000042.312101
240.0 2.5 5.0 13.75 20889156.1939
240.0 5.0 5.0 13.75 6278259026.492101
240.0 7.5 5.0 13.75 956189.7262
240.0 10.0 5.0 13.75 14.368000000000002
240.0 -5.0 -10.0 15.0 5807032074.2373
240.0 -2.5 -10.0 15.0 292783.6322
240.0 0.0 -10.0 15.0 354548.0087
240.0 2.5 -10.0 15.0 1354141.5506000002
240.0 5.0 -10.0 15.0 88.8318
240.0 7.5 -10.0 15.0 -1.7555999999999998
240.0 10.0 -10.0 15.0 -3.8251999999999997
240.0 -5.0 -7.5 15.0 10000000003.2858
240.0 -2.5 -7.5 15.0 35400.560600000004
240.0 0.0 -7.5 15.0 56504930.2574
240.0 2.5 -7.5 15.0 25379077.203500003
240.0 5.0 -7.5 15.0 1091048.3958
240.0 7.5 -7.5 15.0 -16.215
240.0 10.0 -7.5 15.0 -6.4412
240.0 -5.0 -5.0 15.0 9999999883.0391
240.0 -2.5 -5.0 15.0 78133575.02520001
240.0 0.0 -5.0 15.0 10000000207.4508
240.0 2.5 -5.0 15.0 9999999858.3519
240.0 5.0 -5.0 15.0 10000000033.1991
240.0 7.5 -5.0 15.0 -6.8307
240.0 10.0 -5.0 15.0 -6.2325
240.0 -5.0 -2.5 15.0 10000000052.799002
240.0 -2.5 -2.5 15.0 10000000003.8022
240.0 0.0 -2.5 15.0 1362941393.1749
240.0 2.5 -2.5 15.0 10000000012.784302
240.0 5.0 -2.5 15.0 845677189.6423999
240.0 7.5 -2.5 15.0 268.5733
240.0 10.0 -2.5 15.0 -2.5322
240.0 -5.0 0.0 15.0 10000000057.454102
240.0 -2.5 0.0 15.0 10000000058.329
240.0 0.0 0.0 15.0 7782807901.3171
240.0 2.5 0.0 15.0 10000000001.8013
240.0 5.0 0.0 15.0 7329131571.1841
240.0 10.0 0.0 15.0 2.9496
240.0 -5.0 2.5 15.0 187686986.8395
240.0 -2.5 2.5 15.0 10000000095.6949
240.0 0.0 2.5 15.0 10000000341.200602
240.0 2.5 2.5 15.0 10000000078.9039
240.0 5.0 2.5 15.0 10000000015.8749
240.0 7.5 2.5 15.0 25839182.5878
240.0 -5.0 5.0 15.0 890804189.1601
240.0 -2.5 5.0 15.0 334678.218
240.0 0.0 5.0 15.0 10000000021.629702
240.0 2.5 5.0 15.0 10000000042.588001
240.0 5.0 5.0 15.0 10000000015.6558
240.0 7.5 5.0 15.0 152133084.2039
240.0 10.0 5.0 15.0 2.9356000000000004
240.0 -5.0 -10.0 16.25 13262052.7951
240.0 -2.5 -10.0 16.25 416313.1234
240.0 0.0 -10.0 16.25 5520.227
240.0 2.5 -10.0 16.25 1299933.0448
240.0 5.0 -10.0 16.25 20.1712
240.0 7.5 -10.0 16.25 -1.703
240.0 10.0 -10.0 16.25 -2.9757
240.0 -5.0 -7.5 16.25 1900534.3654
240.0 -2.5 -7.5 16.25 661995.1776
240.0 0.0 -7.5 16.25 90543778.2944
240.0 2.5 -7.5 16.25 17132203.1892
240.0 5.0 -7.5 16.25 84.0933
240.0 7.5 -7.5 16.25 -10.3049
240.0 10.0 -7.5 16.25 -5.2267
240.0 -5.0 -5.0 16.25 3140657.6555
240.0 -2.5 -5.0 16.25 2054057577.7769
240.0 0.0 -5.0 16.25 1845614585.048
240.0 2.5 -5.0 16.25 29274566.3263
240.0 5.0 -5.0 16.25 4108333088.7771
240.0 7.5 -5.0 16.25 -10.7972
240.0 10.0 -5.0 16.25 -4.9171
240.0 -5.0 -2.5 16.25 406004726.38
240.0 -2.5 -2.5 16.25 63630893.0559
240.0 0.0 -2.5 16.25 10000000070.036701
240.0 2.5 -2.5 16.25 10000000055.3537
240.0 5.0 -2.5 16.25 10000000062.387701
240.0 7.5 -2.5 16.25 33403.4113
240.0 10.0 -2.5 16.25 -2.3072
240.0 -5.0 0.0 16.25 8320634.5201
240.0 -2.5 0.0 16.25 1146533549.8961
240.0 0.0 0.0 16.25 4737483139.6489
240.0 2.5 0.0 16.25 1358945063.3453
240.0 5.0 0.0 16.25 10000000014.514801
240.0 7.5 0.0 16.25 602066.7575
240.0 10.0 0.0 16.25 3.6403
240.0 -5.0 2.5 16.25 10000000039.2444
240.0 -2.5 2.5 16.25 3981962.8974
240.0 0.0 2.5 16.25 10000000208.566801
240.0 2.5 2.5 16.25 10000000084.1306
240.0 5.0 2.5 16.25 2231804367.5635004
240.0 7.5 2.5 16.25 10000000040.794102
240.0 -5.0 5.0 16.25 16800.4978
240.0 -2.5 5.0 16.25 430807465.4187
240.0 0.0 5.0 16.25 188094.0429
240.0 2.5 5.0 16.25 151524.51460000002
240.0 5.0 5.0 16.25 22923.416
240.0 7.5 5.0 16.25 849999.0029999999
240.0 10.0 5.0 16.25 8.401900000000001
300.0 -5.0 -10.0 3.75 6361990546.8529
300.0 -2.5 -10.0 3.75 10000000141.538801
300.0 0.0 -10.0 3.75 9999999902.330502
300.0 2.5 -10.0 3.75 10000000201.0918
300.0 5.0 -10.0 3.75 9999999917.790602
300.0 7.5 -10.0 3.75 9999999949.878801
300.0 10.0 -10.0 3.75 83926984.0969
300.0 -5.0 -7.5 3.75 3182707059.9331
300.0 -2.5 -7.5 3.75 9999999950.450201
300.0 0.0 -7.5 3.75 10000000073.3363
300.0 2.5 -7.5 3.75 10000000271.0869
300.0 5.0 -7.5 3.75 9999999974.0907
300.0 7.5 -7.5 3.75 9999999857.356401
300.0 10.0 -7.5 3.75 14869.2988
300.0 -5.0 -5.0 3.75 9999999889.6077
300.0 -2.5 -5.0 3.75 10000000266.752201
300.0 0.0 -5.0 3.75 10000000224.3484
300.0 2.5 -5.0 3.75 10000000095.3665
300.0 5.0 -5.0 3.75 10000000327.784
300.0 7.5 -5.0 3.75 9999999958.0438
300.0 10.0 -5.0 3.75 1224.3044
300.0 -5.0 -2.5 3.75 9999999904.621101
300.0 -2.5 -2.5 3.75 9999999831.9319
300.0 0.0 -2.5 3.75 9999999955.7922
300.0 2.5 -2.5 3.75 10000000047.0018
300.0 5.0 -2.5 3.75 9999999773.157202
300.0 7.5 -2.5 3.75 25104216.6455
300.0 10.0 -2.5 3.75 2272.8315000000002
300.0 -5.0 0.0 3.75 9999999731.5403
300.0 -2.5 0.0 3.75 9999999882.902802
300.0 0.0 0.0 3.75 10000000020.1548
300.0 2.5 0.0 3.75 10000000154.998201
300.0 5.0 0.0 3.75 9999999988.8705
300.0 7.5 0.0 3.75 973517409.5114001
300.0 10.0 0.0 3.75 2347627.7262999997
300.0 -5.0 2.5 3.75 10000000061.7646
300.0 -2.5 2.5 3.75 10000000032.7143
300.0 0.0 2.5 3.75 10000000002.211102
300.0 2.5 2.5 3.75 9999999969.1378
300.0 5.0 2.5 3.75 6369108784.5352
300.0 7.5 2.5 3.75 9999999948.9787
300.0 10.0 2.5 3.75 2138481.0609
300.0 -5.0 5.0 3.75 9999999980.1186
300.0 -2.5 5.0 3.75 9999999967.414202
300.0 0.0 5.0 3.75 10000000030.987001
300.0 2.5 5.0 3.75 9999999944.418402
300.0 5.0 5.0 3.75 10000000005.533401
300.0 7.5 5.0 3.75 88588752.8097
300.0 10.0 5.0 3.75 2451400.6191000002
300.0 0.0 -2.5 5.0 9999999371.322401
300.0 0.0 0.0 5.0 10000000007.921701
300.0 5.0 -7.5 6.25 2836349336.1986
300.0 0.0 -5.0 6.25 10000000287.6448
300.0 0.0 -2.5 6.25 10000000165.6404
300.0 0.0 0.0 6.25 10000000153.005402
300.0 0.0 2.5 6.25 10000000011.5762
300.0 0.0 5.0 6.25 10000000208.474
300.0 5.0 -7.5 7.5 10000000173.6566
300.0 2.5 -5.0 7.5 9999999901.4326
300.0 0.0 -2.5 7.5 9999999912.1594
300.0 2.5 -2.5 7.5 10000000042.624601
300.0 0.0 0.0 7.5 10000000157.641
300.0 -2.5 2.5 7.5 10000000037.2952
300.0 0.0 2.5 7.5 10000000044.468102
300.0 -2.5 5.0 7.5 10000000035.811
300.0 0.0 5.0 7.5 9999999956.0842
300.0 2.5 -10.0 8.75 2473439083.7632003
300.0 5.0 -7.5 8.75 10643803.4224
300.0 0.0 -5.0 8.75 3766261440.716
300.0 2.5 -5.0 8.75 9999999761.802101
300.0 5.0 -5.0 8.75 9999999964.19
300.0 0.0 -2.5 8.75 9999999792.202002
300.0 2.5 -2.5 8.75 10000000136.4444
300.0 0.0 0.0 8.75 9999999836.8283
300.0 2.5 0.0 8.75 10000000076.4123
300.0 0.0 2.5 8.75 9999999856.1595
300.0 2.5 2.5 8.75 9999999991.6849
300.0 -2.5 5.0 8.75 204527435.18890002
300.0 0.0 5.0 8.75 9999999918.2077
300.0 2.5 5.0 8.75 5890162432.007
300.0 2.5 -10.0 10.0 1190710159.7704
300.0 2.5 -7.5 10.0 783962904.0289
300.0 5.0 -7.5 10.0 482770411.97400004
300.0 7.5 -7.5 10.0 17501.565300000002
300.0 0.0 -5.0 10.0 9999999990.717901
300.0 2.5 -5.0 10.0 3514940878.0357
300.0 5.0 -5.0 10.0 10000000054.7357
300.0 0.0 -2.5 10.0 9999999962.276901
300.0 2.5 -2.5 10.0 9999999819.6161
300.0 -5.0 0.0 10.0 9999999958.3346
300.0 -2.5 0.0 10.0 9935114762.6831
300.0 0.0 0.0 10.0 9999999990.9971
300.0 2.5 0.0 10.0 9999999979.9395
300.0 5.0 0.0 10.0 10000000003.764301
300.0 -2.5 2.5 10.0 10000000000.4459
300.0 0.0 2.5 10.0 6568437893.3036995
300.0 2.5 2.5 10.0 10000000044.238201
300.0 5.0 2.5 10.0 128145661.7368
300.0 -2.5 5.0 10.0 10000000130.707201
300.0 0.0 5.0 10.0 10000000068.830801
300.0 2.5 5.0 10.0 10000000036.590101
300.0 2.5 -10.0 11.25 69517042.7688
300.0 5.0 -10.0 11.25 4260330.1161
300.0 7.5 -10.0 11.25 1033.3768
300.0 10.0 -10.0 11.25 34.9055
300.0 2.5 -7.5 11.25 10000000095.2429
300.0 5.0 -7.5 11.25 3731657047.8636003
300.0 0.0 -5.0 11.25 9999999898.117802
300.0 2.5 -5.0 11.25 10000000276.265001
300.0 5.0 -5.0 11.25 24146821.4929
300.0 -2.5 -2.5 11.25 9999999975.2063
300.0 0.0 -2.5 11.25 9999999925.7224
300.0 2.5 -2.5 11.25 2905812748.1912003
300.0 -5.0 0.0 11.25 303249192.9459
300.0 -2.5 0.0 11.25 10000000080.291601
300.0 0.0 0.0 11.25 10000000004.1744
300.0 2.5 0.0 11.25 10000000010.598902
300.0 -2.5 2.5 11.25 9999999940.4934
300.0 0.0 2.5 11.25 10000000136.8535
300.0 2.5 2.5 11.25 9999999983.932001
300.0 5.0 2.5 11.25 9999999983.792702
300.0 -2.5 5.0 11.25 9999999847.5209
300.0 0.0 5.0 11.25 9999999947.5881
300.0 2.5 5.0 11.25 9999999929.6495
300.0 7.5 5.0 11.25 4785380.869
300.0 -5.0 -10.0 12.5 71.8603
300.0 2.5 -10.0 12.5 2729233.2185000004
300.0 5.0 -10.0 12.5 1119337.4032
300.0 7.5 -10.0 12.5 89.7249
300.0 10.0 -10.0 12.5 36.396699999999996
300.0 2.5 -7.5 12.5 46588187.7162
300.0 5.0 -7.5 12.5 667333260.0722001
300.0 7.5 -7.5 12.5 121.7376
300.0 -5.0 -5.0 12.5 486329254.5366
300.0 -2.5 -5.0 12.5 539608329.5720999
300.0 0.0 -5.0 12.5 6533797625.836101
300.0 2.5 -5.0 12.5 3376432383.9902997
300.0 5.0 -5.0 12.5 10496461.3346
300.0 -5.0 -2.5 12.5 1287177964.408
300.0 -2.5 -2.5 12.5 10000000091.5223
300.0 0.0 -2.5 12.5 9999999987.330101
300.0 2.5 -2.5 12.5 9999999971.700602
300.0 -5.0 0.0 12.5 10000000136.689901
300.0 -2.5 0.0 12.5 1548742350.8033
300.0 0.0 0.0 12.5 5022929764.7612
300.0 2.5 0.0 12.5 10000000077.657202
300.0 5.0 0.0 12.5 702185677.694
300.0 -2.5 2.5 12.5 10000000024.2654
300.0 0.0 2.5 12.5 10000000084.216002
300.0 2.5 2.5 12.5 9999999902.801102
300.0 5.0 2.5 12.5 2075498305.7356
300.0 7.5 2.5 12.5 6468.8302
300.0 10.0 2.5 12.5 2.7664999999999997
300.0 -2.5 5.0 12.5 9999999811.528
300.0 0.0 5.0 12.5 152852853.6869
300.0 2.5 5.0 12.5 10000000011.3962
300.0 5.0 5.0 12.5 9999999949.1863
300.0 7.5 5.0 12.5 1074844027.5174
300.0 10.0 5.0 12.5 4.6587
300.0 0.0 -10.0 13.75 13902965.0731
300.0 2.5 -10.0 13.75 707277.3407000001
300.0 5.0 -10.0 13.75 198.0753
300.0 7.5 -10.0 13.75 70.8773
300.0 10.0 -10.0 13.75 32.8248
300.0 -5.0 -7.5 13.75 4951.0026
300.0 -2.5 -7.5 13.75 9999999993.3337
300.0 2.5 -7.5 13.75 116085914.2836
300.0 5.0 -7.5 13.75 2992793.5439999998
300.0 7.5 -7.5 13.75 66.85849999999999
300.0 10.0 -7.5 13.75 26.353
300.0 -5.0 -5.0 13.75 553434755.6365
300.0 -2.5 -5.0 13.75 8205271235.0529
300.0 0.0 -5.0 13.75 1176168185.475
300.0 2.5 -5.0 13.75 6004339.7191
300.0 5.0 -5.0 13.75 9253.405900000002
300.0 -5.0 -2.5 13.75 576601.2458
300.0 -2.5 -2.5 13.75 10000000131.919
300.0 0.0 -2.5 13.75 2842252838.8905997
300.0 2.5 -2.5 13.75 10000000032.3201
300.0 5.0 -2.5 13.75 9999999949.6163
300.0 -5.0 0.0 13.75 3345308939.4431
300.0 -2.5 0.0 13.75 10000000188.6776
300.0 0.0 0.0 13.75 9999999733.351002
300.0 2.5 0.0 13.75 1807741283.2714999
300.0 5.0 0.0 13.75 9999999588.7975
300.0 7.5 0.0 13.75 327693433.52070004
300.0 -2.5 2.5 13.75 7200752808.9521
300.0 0.0 2.5 13.75 10000000125.8619
300.0 2.5 2.5 13.75 9999999982.4734
300.0 5.0 2.5 13.75 2176053.0333000002
300.0 7.5 2.5 13.75 19928.0062
300.0 10.0 2.5 13.75 1.7625000000000002
300.0 -2.5 5.0 13.75 4760530642.2234
300.0 0.0 5.0 13.75 9999999987.888102
300.0 2.5 5.0 13.75 28103116.8866
300.0 5.0 5.0 13.75 3257646496.0485
300.0 7.5 5.0 13.75 7167314.2669
300.0 10.0 5.0 13.75 2.7383
300.0 -5.0 -10.0 15.0 -18.0389
300.0 -2.5 -10.0 15.0 4577293.880700001
300.0 0.0 -10.0 15.0 9999999987.128601
300.0 2.5 -10.0 15.0 1813595816.831
300.0 5.0 -10.0 15.0 62.044
300.0 7.5 -10.0 15.0 48.4207
300.0 10.0 -10.0 15.0 25.0657
300.0 -5.0 -7.5 15.0 39960.579000000005
300.0 -2.5 -7.5 15.0 157955054.5095
300.0 0.0 -7.5 15.0 2277806274.8228
300.0 2.5 -7.5 15.0 894473.5626
300.0 5.0 -7.5 15.0 193.5147
300.0 7.5 -7.5 15.0 41.7035
300.0 10.0 -7.5 15.0 20.398
300.0 -5.0 -5.0 15.0 98658984.826
300.0 -2.5 -5.0 15.0 3313540593.5604
300.0 0.0 -5.0 15.0 306267066.5087
300.0 2.5 -5.0 15.0 4342519138.7947
300.0 5.0 -5.0 15.0 451120.2718
300.0 7.5 -5.0 15.0 337.5093
300.0 10.0 -5.0 15.0 6.434100000000001
300.0 -5.0 -2.5 15.0 52200484.090399995
300.0 -2.5 -2.5 15.0 841388244.1032
300.0 0.0 -2.5 15.0 9999999755.059801
300.0 2.5 -2.5 15.0 9999999964.415901
300.0 5.0 -2.5 15.0 62886139.5177
300.0 10.0 -2.5 15.0 -6.92
300.0 -5.0 0.0 15.0 452182574.26559997
300.0 -2.5 0.0 15.0 10000000043.257101
300.0 0.0 0.0 15.0 8082529301.6074
300.0 2.5 0.0 15.0 333119607.379
300.0 5.0 0.0 15.0 10000000183.7653
300.0 7.5 0.0 15.0 159.0893
300.0 -5.0 2.5 15.0 11257.238
300.0 -2.5 2.5 15.0 30236797.2135
300.0 0.0 2.5 15.0 9999999877.293201
300.0 2.5 2.5 15.0 10000000098.4897
300.0 5.0 2.5 15.0 290680627.3931
300.0 7.5 2.5 15.0 23425.446200000002
300.0 10.0 2.5 15.0 0.6109
300.0 -2.5 5.0 15.0 10000000004.863401
300.0 0.0 5.0 15.0 85366388.1935
300.0 2.5 5.0 15.0 10000000039.9585
300.0 5.0 5.0 15.0 13804413.226
300.0 7.5 5.0 15.0 122378330.43270001
300.0 10.0 5.0 15.0 5.1598
300.0 -5.0 -10.0 16.25 -11.9184
300.0 -2.5 -10.0 16.25 45348.2379
300.0 0.0 -10.0 16.25 9999999928.5463
300.0 2.5 -10.0 16.25 7855708.3818
300.0 5.0 -10.0 16.25 24.568800000000003
300.0 7.5 -10.0 16.25 28.536199999999997
300.0 10.0 -10.0 16.25 16.6768
300.0 -5.0 -7.5 16.25 5877876.5929000005
300.0 -2.5 -7.5 16.25 1046136527.8905001
300.0 0.0 -7.5 16.25 365439.04339999997
300.0 2.5 -7.5 16.25 1139569.4244
300.0 5.0 -7.5 16.25 759.785
300.0 7.5 -7.5 16.25 23.621499999999997
300.0 10.0 -7.5 16.25 15.0085
300.0 -5.0 -5.0 16.25 951756598.3881999
300.0 -2.5 -5.0 16.25 10000000022.946901
300.0 0.0 -5.0 16.25 25409460.6921
300.0 2.5 -5.0 16.25 245245597.7005
300.0 5.0 -5.0 16.25 22257624.296499997
300.0 7.5 -5.0 16.25 1431.2214000000001
300.0 10.0 -5.0 16.25 7.2244
300.0 -5.0 -2.5 16.25 3086126887.4023
300.0 -2.5 -2.5 16.25 10000000057.6637
300.0 0.0 -2.5 16.25 1362440835.6633
300.0 2.5 -2.5 16.25 9999999841.255901
300.0 5.0 -2.5 16.25 254927174.0194
300.0 7.5 -2.5 16.25 1672.8844
300.0 10.0 -2.5 16.25 -0.11939999999999995
300.0 -5.0 0.0 16.25 10000000065.5184
300.0 -2.5 0.0 16.25 1680072085.5827
300.0 0.0 0.0 16.25 10000000054.4167
300.0 2.5 0.0 16.25 10000000071.5905
300.0 5.0 0.0 16.25 46559359.8829
300.0 7.5 0.0 16.25 42.6848
300.0 -5.0 2.5 16.25 2960.9523000000004
300.0 -2.5 2.5 16.25 5941623.3934
300.0 0.0 2.5 16.25 10000000035.9188
300.0 2.5 2.5 16.25 10000000021.444101
300.0 5.0 2.5 16.25 1741906302.7924
300.0 7.5 2.5 16.25 1366693.9401
300.0 10.0 2.5 16.25 -2.1886
300.0 -5.0 5.0 16.25 33.1268
300.0 -2.5 5.0 16.25 28419742.2307
300.0 0.0 5.0 16.25 43867262.5317
300.0 2.5 5.0 16.25 10000000084.266
300.0 5.0 5.0 16.25 17951804.6743
300.0 7.5 5.0 16.25 241146.30649999998
300.0 10.0 5.0 16.25 9.9838
