0.0 -2.5 -7.5 10.0 2246.6535000000003
0.0 -2.5 -5.0 10.0 10000000086.2989
0.0 -2.5 -2.5 10.0 10000000045.811401
0.0 0.0 0.0 10.0 288833017.54719996
0.0 -2.5 2.5 10.0 10000000041.6678
0.0 -5.0 5.0 10.0 9999999935.5156
0.0 -2.5 -7.5 11.25 12940.8041
0.0 0.0 -7.5 11.25 111184.4625
0.0 -5.0 -5.0 11.25 9999999993.429401
0.0 -2.5 -5.0 11.25 510529883.2402
0.0 0.0 -5.0 11.25 5988195726.5807
0.0 -2.5 -2.5 11.25 1113471637.5379
0.0 2.5 -2.5 11.25 9514598.7333
0.0 5.0 -2.5 11.25 110895286.4983
0.0 -2.5 0.0 11.25 10000000006.439001
0.0 0.0 0.0 11.25 16194291.009200001
0.0 -5.0 2.5 11.25 9999999984.8864
0.0 -2.5 2.5 11.25 10000000095.3483
0.0 0.0 2.5 11.25 12901409.2194
0.0 -5.0 5.0 11.25 9999999996.0921
0.0 -2.5 5.0 11.25 168252026.6282
0.0 0.0 -10.0 12.5 -3.4002999999999997
0.0 2.5 -10.0 12.5 -4.0808
0.0 -2.5 -7.5 12.5 1785.9622
0.0 0.0 -7.5 12.5 7386.2577
0.0 -5.0 -5.0 12.5 1554003194.8878999
0.0 -2.5 -5.0 12.5 9999999993.701601
0.0 0.0 -5.0 12.5 655503.9940000001
0.0 2.5 -5.0 12.5 25.931400000000004
0.0 -2.5 -2.5 12.5 2851061391.9264
0.0 0.0 -2.5 12.5 484441484.1537
0.0 2.5 -2.5 12.5 21740422.0332
0.0 5.0 -2.5 12.5 10000000098.469002
0.0 -2.5 0.0 12.5 13730704.1176
0.0 0.0 0.0 12.5 13043454.4877
0.0 -5.0 2.5 12.5 354612.33589999995
0.0 -2.5 2.5 12.5 1479639.1812
0.0 0.0 2.5 12.5 564370.9439000001
0.0 -5.0 5.0 12.5 6945974.879299999
0.0 -2.5 5.0 12.5 1083742.185
0.0 0.0 5.0 12.5 1347370.1985
0.0 0.0 -10.0 13.75 -2.5818000000000003
0.0 2.5 -10.0 13.75 -2.6989
0.0 -5.0 -7.5 13.75 6.420400000000001
0.0 -2.5 -7.5 13.75 93.3517
0.0 0.0 -7.5 13.75 22.9878
0.0 5.0 -7.5 13.75 -3.9765
0.0 -5.0 -5.0 13.75 1780370960.0207
0.0 -2.5 -5.0 13.75 6626756533.979099
0.0 0.0 -5.0 13.75 67376.3256
0.0 2.5 -5.0 13.75 -9.8276
0.0 -5.0 -2.5 13.75 47684.50030000001
0.0 -2.5 -2.5 13.75 620031753.0054
0.0 0.0 -2.5 13.75 1027749663.01
0.0 2.5 -2.5 13.75 656651.608
0.0 5.0 -2.5 13.75 265238675.0356
0.0 7.5 -2.5 13.75 6.731999999999999
0.0 -5.0 0.0 13.75 146.2817
0.0 -2.5 0.0 13.75 27856623.6178
0.0 0.0 0.0 13.75 147660.5457
0.0 2.5 0.0 13.75 110987846.4657
0.0 10.0 0.0 13.75 -0.5568
0.0 -5.0 2.5 13.75 267.0555
0.0 -2.5 2.5 13.75 12608.2217
0.0 0.0 2.5 13.75 1890.8591000000001
0.0 -5.0 5.0 13.75 2166.1692
0.0 -2.5 5.0 13.75 5362.9139000000005
0.0 0.0 5.0 13.75 9021.105099999999
0.0 -5.0 -10.0 15.0 -2.6632
0.0 -2.5 -10.0 15.0 -2.5511
0.0 0.0 -10.0 15.0 -2.6351999999999998
0.0 2.5 -10.0 15.0 -1.5283
0.0 5.0 -10.0 15.0 -0.5592
0.0 7.5 -10.0 15.0 0.3967
0.0 10.0 -10.0 15.0 1.3599999999999999
0.0 -5.0 -7.5 15.0 -1.7287
0.0 -2.5 -7.5 15.0 5.1265
0.0 0.0 -7.5 15.0 -3.8334
0.0 2.5 -7.5 15.0 -3.4749
0.0 5.0 -7.5 15.0 -1.7334
0.0 10.0 -7.5 15.0 1.3557
0.0 -5.0 -5.0 15.0 536.8104
0.0 -2.5 -5.0 15.0 1665.0275000000001
0.0 0.0 -5.0 15.0 112.21820000000001
0.0 2.5 -5.0 15.0 -7.5411
0.0 5.0 -5.0 15.0 -3.5034
0.0 7.5 -5.0 15.0 -0.861
0.0 -5.0 -2.5 15.0 10.8405
0.0 -2.5 -2.5 15.0 168680.82809999998
0.0 0.0 -2.5 15.0 538560.6358
0.0 2.5 -2.5 15.0 1170.4838
0.0 5.0 -2.5 15.0 281.7264
0.0 7.5 -2.5 15.0 -2.9881
0.0 10.0 -2.5 15.0 0.32949999999999996
0.0 -5.0 0.0 15.0 5.039999999999999
0.0 -2.5 0.0 15.0 19.5373
0.0 0.0 0.0 15.0 285.2154
0.0 2.5 0.0 15.0 465.8654
0.0 5.0 0.0 15.0 124.7308
0.0 7.5 0.0 15.0 -4.891299999999999
0.0 10.0 0.0 15.0 -0.39749999999999996
0.0 -5.0 2.5 15.0 4.0427
0.0 -2.5 2.5 15.0 11.317400000000001
0.0 0.0 2.5 15.0 -10.9613
0.0 2.5 2.5 15.0 -15.796600000000002
0.0 5.0 2.5 15.0 -12.3097
0.0 7.5 2.5 15.0 -4.6915
0.0 -5.0 5.0 15.0 6.5802000000000005
0.0 -2.5 5.0 15.0 11.4656
0.0 0.0 5.0 15.0 -17.9478
0.0 2.5 5.0 15.0 -18.6083
0.0 10.0 5.0 15.0 1.9447999999999999
0.0 -5.0 -10.0 16.25 -2.1258
0.0 -2.5 -10.0 16.25 -2.6019
0.0 0.0 -10.0 16.25 -1.7810000000000001
0.0 2.5 -10.0 16.25 -1.0203
0.0 5.0 -10.0 16.25 -0.07980000000000001
0.0 7.5 -10.0 16.25 0.6392
0.0 10.0 -10.0 16.25 1.1655
0.0 -5.0 -7.5 16.25 -1.839
0.0 -2.5 -7.5 16.25 -3.4725
0.0 0.0 -7.5 16.25 -3.1839000000000004
0.0 2.5 -7.5 16.25 -1.6894
0.0 5.0 -7.5 16.25 -0.488
0.0 7.5 -7.5 16.25 0.7394999999999999
0.0 10.0 -7.5 16.25 1.5605
0.0 -5.0 -5.0 16.25 0.27380000000000004
0.0 -2.5 -5.0 16.25 -1.9954
0.0 0.0 -5.0 16.25 -4.2730999999999995
0.0 2.5 -5.0 16.25 -3.9135999999999997
0.0 5.0 -5.0 16.25 -1.6899
0.0 7.5 -5.0 16.25 0.03720000000000001
0.0 10.0 -5.0 16.25 1.2712
0.0 -5.0 -2.5 16.25 4.0405999999999995
0.0 -2.5 -2.5 16.25 10.5711
0.0 0.0 -2.5 16.25 196.9222
0.0 2.5 -2.5 16.25 -5.2172
0.0 5.0 -2.5 16.25 -2.7249
0.0 7.5 -2.5 16.25 -0.8495999999999999
0.0 10.0 -2.5 16.25 0.4717
0.0 -5.0 0.0 16.25 6.5793
0.0 -2.5 0.0 16.25 0.7545999999999999
0.0 0.0 0.0 16.25 -3.9009
0.0 2.5 0.0 16.25 -6.4663
0.0 5.0 0.0 16.25 -5.817
0.0 7.5 0.0 16.25 -2.5402
0.0 10.0 0.0 16.25 0.1664
0.0 -5.0 2.5 16.25 6.5845
0.0 -2.5 2.5 16.25 0.37019999999999964
0.0 0.0 2.5 16.25 -6.2516
0.0 2.5 2.5 16.25 -8.7536
0.0 5.0 2.5 16.25 -6.3648
0.0 7.5 2.5 16.25 -2.5266
0.0 10.0 2.5 16.25 0.3201
0.0 -5.0 5.0 16.25 2.2005
0.0 -2.5 5.0 16.25 -2.4013
0.0 0.0 5.0 16.25 -9.1429
0.0 2.5 5.0 16.25 -9.1735
0.0 5.0 5.0 16.25 -3.9226
0.0 7.5 5.0 16.25 -0.6428
0.0 10.0 5.0 16.25 1.1189
60.0 -5.0 -10.0 3.75 2.7192999999999996
60.0 -2.5 -10.0 3.75 13940.185399999998
60.0 0.0 -10.0 3.75 21804.9406
60.0 2.5 -10.0 3.75 -40.9244
60.0 5.0 -10.0 3.75 -20.3174
60.0 7.5 -10.0 3.75 -8.5254
60.0 10.0 -10.0 3.75 -4.6111
60.0 -5.0 -7.5 3.75 57493096.3174
60.0 -2.5 -7.5 3.75 149949665.9342
60.0 0.0 -7.5 3.75 53619307.985
60.0 2.5 -7.5 3.75 1660912.8085
60.0 5.0 -7.5 3.75 311.2692
60.0 7.5 -7.5 3.75 1.7866
60.0 10.0 -7.5 3.75 1.0749
60.0 -5.0 -5.0 3.75 9999999933.465801
60.0 -2.5 -5.0 3.75 273573942.8537
60.0 0.0 -5.0 3.75 9999999955.8435
60.0 2.5 -5.0 3.75 3669507432.1474
60.0 5.0 -5.0 3.75 10000000066.828201
60.0 7.5 -5.0 3.75 144562.9093
60.0 10.0 -5.0 3.75 467.4493
60.0 -5.0 -2.5 3.75 9999999918.935701
60.0 -2.5 -2.5 3.75 10000000000.1709
60.0 0.0 -2.5 3.75 10000000082.0627
60.0 2.5 -2.5 3.75 941251914.6429
60.0 5.0 -2.5 3.75 10000000044.259201
60.0 7.5 -2.5 3.75 1243835529.3697
60.0 10.0 -2.5 3.75 142170742.38950002
60.0 -5.0 0.0 3.75 10000000161.605902
60.0 -2.5 0.0 3.75 10000000218.8661
60.0 0.0 0.0 3.75 5401495319.6341
60.0 2.5 0.0 3.75 9999999984.595001
60.0 5.0 0.0 3.75 5821174208.5228
60.0 7.5 0.0 3.75 1198720823.0376
60.0 10.0 0.0 3.75 17091072.138
60.0 -5.0 2.5 3.75 9999999850.7738
60.0 -2.5 2.5 3.75 10000000106.857302
60.0 0.0 2.5 3.75 9999999999.129002
60.0 2.5 2.5 3.75 10000000130.0704
60.0 5.0 2.5 3.75 10000000181.327002
60.0 7.5 2.5 3.75 10000000111.4782
60.0 10.0 2.5 3.75 31966943.253
60.0 -5.0 5.0 3.75 9999999945.0863
60.0 -2.5 5.0 3.75 10000000237.185902
60.0 0.0 5.0 3.75 10000000337.109901
60.0 2.5 5.0 3.75 10000000430.0969
60.0 5.0 5.0 3.75 9999999980.3563
60.0 7.5 5.0 3.75 9999999990.068
60.0 10.0 5.0 3.75 4716186839.066401
60.0 2.5 5.0 10.0 9999999846.432901
60.0 2.5 -10.0 11.25 61.0767
60.0 7.5 -10.0 11.25 -3.5475
60.0 5.0 -7.5 11.25 144204.8641
60.0 -2.5 2.5 11.25 12837721.9504
60.0 0.0 2.5 11.25 697476.5349999999
60.0 2.5 2.5 11.25 9999999963.7233
60.0 5.0 2.5 11.25 4506856578.4418
60.0 7.5 2.5 11.25 145105382.577
60.0 -2.5 5.0 11.25 14688700.7681
60.0 0.0 5.0 11.25 6254451.494
60.0 2.5 5.0 11.25 6492522395.1399
60.0 5.0 5.0 11.25 9999999882.7439
60.0 0.0 -10.0 12.5 0.9305000000000001
60.0 2.5 -10.0 12.5 8.5283
60.0 5.0 -10.0 12.5 -3.0654000000000003
60.0 7.5 -10.0 12.5 -3.2549
60.0 0.0 -5.0 12.5 162656542.85759997
60.0 0.0 2.5 12.5 15434.0048
60.0 2.5 2.5 12.5 65223762.9321
60.0 5.0 2.5 12.5 2591959.2924
60.0 7.5 2.5 12.5 1873184.5629
60.0 10.0 2.5 12.5 552.0463
60.0 0.0 5.0 12.5 38134.0078
60.0 2.5 5.0 12.5 304892067.9189
60.0 5.0 5.0 12.5 87744278.9108
60.0 7.5 5.0 12.5 2795.8512
60.0 10.0 5.0 12.5 -17.1084
60.0 0.0 -10.0 13.75 1.7741000000000002
60.0 2.5 -10.0 13.75 -0.6413
60.0 5.0 -10.0 13.75 -1.8443999999999998
60.0 7.5 -10.0 13.75 -3.1596
60.0 10.0 -10.0 13.75 -3.5494000000000003
60.0 -5.0 -7.5 13.75 1.3543000000000003
60.0 2.5 -7.5 13.75 480.12129999999996
60.0 5.0 -7.5 13.75 47.2353
60.0 7.5 -7.5 13.75 5.0881
60.0 10.0 -7.5 13.75 -4.2841000000000005
60.0 -2.5 -5.0 13.75 27.117
60.0 0.0 -5.0 13.75 786.3376999999999
60.0 5.0 -5.0 13.75 412103049.9267
60.0 10.0 -5.0 13.75 -2.7366
60.0 -5.0 -2.5 13.75 419.6295
60.0 -2.5 -2.5 13.75 4230.5222
60.0 0.0 -2.5 13.75 40.063100000000006
60.0 0.0 0.0 13.75 56435.5126
60.0 2.5 0.0 13.75 4957502.9504
60.0 -2.5 2.5 13.75 1075.2438
60.0 0.0 2.5 13.75 215254.4091
60.0 2.5 2.5 13.75 1055998.9199
60.0 5.0 2.5 13.75 84538.81379999999
60.0 7.5 2.5 13.75 354956.08959999995
60.0 10.0 2.5 13.75 -1.7182000000000002
60.0 0.0 5.0 13.75 1189.2979
60.0 2.5 5.0 13.75 103326.2591
60.0 5.0 5.0 13.75 20103.3803
60.0 7.5 5.0 13.75 133.5029
60.0 10.0 5.0 13.75 -10.8141
60.0 -5.0 -10.0 15.0 0.8999000000000001
60.0 -2.5 -10.0 15.0 0.9561999999999999
60.0 0.0 -10.0 15.0 1.6401
60.0 2.5 -10.0 15.0 0.05119999999999991
60.0 5.0 -10.0 15.0 -1.4538000000000002
60.0 7.5 -10.0 15.0 -2.8537000000000003
60.0 10.0 -10.0 15.0 -3.0165
60.0 -5.0 -7.5 15.0 0.709
60.0 -2.5 -7.5 15.0 3.7865
60.0 0.0 -7.5 15.0 3.8217999999999996
60.0 2.5 -7.5 15.0 8.3886
60.0 5.0 -7.5 15.0 1.0995000000000001
60.0 7.5 -7.5 15.0 -4.2471
60.0 10.0 -7.5 15.0 -3.4442999999999997
60.0 -5.0 -5.0 15.0 0.03880000000000017
60.0 -2.5 -5.0 15.0 5.800600000000001
60.0 0.0 -5.0 15.0 7.8507
60.0 2.5 -5.0 15.0 53.6128
60.0 5.0 -5.0 15.0 5623.238600000001
60.0 7.5 -5.0 15.0 0.6971
60.0 10.0 -5.0 15.0 -2.8794
60.0 -5.0 -2.5 15.0 -0.7905000000000002
60.0 -2.5 -2.5 15.0 5.0715
60.0 0.0 -2.5 15.0 6.392800000000001
60.0 2.5 -2.5 15.0 327.1004
60.0 10.0 -2.5 15.0 0.9792000000000001
60.0 -2.5 0.0 15.0 767.6368
60.0 0.0 0.0 15.0 12.1585
60.0 2.5 0.0 15.0 4367.0136
60.0 7.5 0.0 15.0 2.4639000000000006
60.0 -5.0 2.5 15.0 -7.7681
60.0 -2.5 2.5 15.0 4.5303
60.0 0.0 2.5 15.0 8.2307
60.0 2.5 2.5 15.0 609.3896000000001
60.0 5.0 2.5 15.0 8517.8831
60.0 7.5 2.5 15.0 72.68379999999999
60.0 10.0 2.5 15.0 -0.05920000000000014
60.0 -2.5 5.0 15.0 -9.9655
60.0 0.0 5.0 15.0 7.2384
60.0 2.5 5.0 15.0 85.39410000000001
60.0 5.0 5.0 15.0 0.7191000000000001
60.0 7.5 5.0 15.0 -8.4859
60.0 10.0 5.0 15.0 -5.375299999999999
60.0 -5.0 -10.0 16.25 1.1091
60.0 -2.5 -10.0 16.25 0.5730999999999999
60.0 0.0 -10.0 16.25 0.2992
60.0 2.5 -10.0 16.25 -0.2631
60.0 5.0 -10.0 16.25 -1.7317
60.0 7.5 -10.0 16.25 -2.4619999999999997
60.0 10.0 -10.0 16.25 -2.2864
60.0 -5.0 -7.5 16.25 1.0880999999999998
60.0 -2.5 -7.5 16.25 2.7229
60.0 0.0 -7.5 16.25 2.9539
60.0 2.5 -7.5 16.25 1.6996999999999998
60.0 5.0 -7.5 16.25 -1.3053
60.0 7.5 -7.5 16.25 -3.1135
60.0 10.0 -7.5 16.25 -2.6719
60.0 -5.0 -5.0 16.25 1.1863
60.0 -2.5 -5.0 16.25 4.482
60.0 0.0 -5.0 16.25 5.9703
60.0 2.5 -5.0 16.25 3.3413999999999997
60.0 5.0 -5.0 16.25 0.6297
60.0 7.5 -5.0 16.25 -2.5984
60.0 10.0 -5.0 16.25 -2.3424
60.0 -5.0 -2.5 16.25 0.024099999999999788
60.0 -2.5 -2.5 16.25 4.6822
60.0 0.0 -2.5 16.25 6.981
60.0 2.5 -2.5 16.25 7.044999999999999
60.0 5.0 -2.5 16.25 219.442
60.0 7.5 -2.5 16.25 -0.19979999999999998
60.0 10.0 -2.5 16.25 -0.14079999999999998
60.0 -5.0 0.0 16.25 -2.2117000000000004
60.0 -2.5 0.0 16.25 2.27
60.0 0.0 0.0 16.25 6.3774999999999995
60.0 2.5 0.0 16.25 9.7005
60.0 5.0 0.0 16.25 5.172700000000001
60.0 7.5 0.0 16.25 3.1765999999999996
60.0 10.0 0.0 16.25 2.1666
60.0 -5.0 2.5 16.25 -8.5779
60.0 -2.5 2.5 16.25 -2.2944
60.0 0.0 2.5 16.25 4.811299999999999
60.0 2.5 2.5 16.25 4.7413
60.0 5.0 2.5 16.25 3.4161
60.0 7.5 2.5 16.25 1.6126
60.0 10.0 2.5 16.25 1.3238
60.0 -5.0 5.0 16.25 -8.7878
60.0 -2.5 5.0 16.25 -3.6952000000000003
60.0 0.0 5.0 16.25 1.3169
60.0 2.5 5.0 16.25 -0.6848999999999998
60.0 5.0 5.0 16.25 -4.6648
60.0 7.5 5.0 16.25 -4.096299999999999
60.0 10.0 5.0 16.25 -1.6632
120.0 -5.0 -10.0 3.75 5831633.875
120.0 -2.5 -10.0 3.75 304537183.6555
120.0 0.0 -10.0 3.75 10000000096.3355
120.0 2.5 -10.0 3.75 9999999988.913801
120.0 5.0 -10.0 3.75 53422695.0863
120.0 7.5 -10.0 3.75 749.1317
120.0 10.0 -10.0 3.75 -5.5585
120.0 -5.0 -7.5 3.75 10000000086.293901
120.0 -2.5 -7.5 3.75 10000000170.883001
120.0 0.0 -7.5 3.75 6822098068.789
120.0 2.5 -7.5 3.75 9999999946.6557
120.0 5.0 -7.5 3.75 335833059.89169997
120.0 7.5 -7.5 3.75 1128174256.5168002
120.0 10.0 -7.5 3.75 13.903799999999999
120.0 -5.0 -5.0 3.75 10000000003.388401
120.0 -2.5 -5.0 3.75 9999999905.7471
120.0 0.0 -5.0 3.75 9999999728.741901
120.0 2.5 -5.0 3.75 9999999833.0305
120.0 5.0 -5.0 3.75 1568652453.4938
120.0 7.5 -5.0 3.75 1480744775.3334
120.0 10.0 -5.0 3.75 708.4203
120.0 -5.0 -2.5 3.75 9999999928.3379
120.0 -2.5 -2.5 3.75 10000000011.646
120.0 0.0 -2.5 3.75 9999999873.630001
120.0 2.5 -2.5 3.75 10000000137.586
120.0 5.0 -2.5 3.75 10000000139.304602
120.0 7.5 -2.5 3.75 27527146.2427
120.0 10.0 -2.5 3.75 134.93959999999998
120.0 -5.0 0.0 3.75 9999999940.244701
120.0 -2.5 0.0 3.75 9999999901.9862
120.0 0.0 0.0 3.75 9999999950.814201
120.0 2.5 0.0 3.75 10000000077.452002
120.0 5.0 0.0 3.75 10000000151.007
120.0 7.5 0.0 3.75 310067733.11329997
120.0 10.0 0.0 3.75 9999999965.5827
120.0 -5.0 2.5 3.75 9999999410.4519
120.0 -2.5 2.5 3.75 9999999862.6564
120.0 0.0 2.5 3.75 9999999871.4039
120.0 2.5 2.5 3.75 9999999957.320501
120.0 5.0 2.5 3.75 10000000069.187302
120.0 7.5 2.5 3.75 10000000035.791101
120.0 10.0 2.5 3.75 10000000552.7922
120.0 -5.0 5.0 3.75 9999999874.336102
120.0 -2.5 5.0 3.75 10000000018.0081
120.0 0.0 5.0 3.75 10000000128.9326
120.0 2.5 5.0 3.75 10000000100.326
120.0 5.0 5.0 3.75 10000000056.0091
120.0 7.5 5.0 3.75 10000000094.3334
120.0 10.0 5.0 3.75 105902349.32409999
120.0 2.5 2.5 7.5 5318323464.9165
120.0 2.5 5.0 7.5 10000000266.2502
120.0 2.5 -2.5 8.75 9999999917.8918
120.0 0.0 2.5 8.75 9999999962.108002
120.0 2.5 2.5 8.75 10000000083.1585
120.0 2.5 5.0 8.75 9999999976.200401
120.0 2.5 -2.5 10.0 884964389.5597
120.0 0.0 0.0 10.0 2897978195.6075997
120.0 2.5 0.0 10.0 2191188268.3869
120.0 5.0 0.0 10.0 37484827.1836
120.0 0.0 2.5 10.0 10000000167.138601
120.0 2.5 2.5 10.0 278570644.4724
120.0 5.0 2.5 10.0 4628165206.0557995
120.0 0.0 5.0 10.0 10000000089.5186
120.0 2.5 5.0 10.0 1569685063.5144
120.0 2.5 -5.0 11.25 1836533.2205
120.0 5.0 -5.0 11.25 1979.82
120.0 2.5 -2.5 11.25 2332339867.8504
120.0 5.0 -2.5 11.25 3.0207000000000015
120.0 7.5 -2.5 11.25 183.72899999999998
120.0 0.0 0.0 11.25 7855647556.4949
120.0 2.5 0.0 11.25 4803617.267200001
120.0 5.0 0.0 11.25 2875488184.5094
120.0 7.5 0.0 11.25 10000000014.3071
120.0 0.0 2.5 11.25 33171820.4029
120.0 2.5 2.5 11.25 53235042.6673
120.0 5.0 2.5 11.25 10000000025.339901
120.0 0.0 5.0 11.25 9999999959.457901
120.0 2.5 5.0 11.25 6896739830.4925
120.0 2.5 -10.0 12.5 -5.4902
120.0 2.5 -5.0 12.5 1051.2588
120.0 5.0 -5.0 12.5 -8.3448
120.0 -2.5 -2.5 12.5 426.0549
120.0 0.0 -2.5 12.5 258635.7403
120.0 2.5 -2.5 12.5 17778724.4729
120.0 5.0 -2.5 12.5 -16.125
120.0 7.5 -2.5 12.5 85.2861
120.0 0.0 0.0 12.5 336890.3743
120.0 2.5 0.0 12.5 74748.61959999999
120.0 5.0 0.0 12.5 9999999963.596601
120.0 7.5 0.0 12.5 13730324.9032
120.0 0.0 2.5 12.5 25379.0045
120.0 2.5 2.5 12.5 1417867987.2935998
120.0 5.0 2.5 12.5 12778544.657000002
120.0 7.5 2.5 12.5 226479686.0069
120.0 0.0 5.0 12.5 9999999970.7996
120.0 2.5 5.0 12.5 136800791.0067
120.0 5.0 5.0 12.5 3137182.7547
120.0 -2.5 -10.0 13.75 -3.5053
120.0 0.0 -10.0 13.75 -3.2560000000000002
120.0 5.0 -10.0 13.75 0.7683
120.0 10.0 -10.0 13.75 1.9832
120.0 2.5 -7.5 13.75 2.0860000000000003
120.0 5.0 -7.5 13.75 -2.1913
120.0 7.5 -7.5 13.75 0.20320000000000005
120.0 -2.5 -5.0 13.75 9999999886.899
120.0 0.0 -5.0 13.75 47260.9502
120.0 2.5 -5.0 13.75 -9.0546
120.0 5.0 -5.0 13.75 -7.298
120.0 -5.0 -2.5 13.75 -0.7963999999999984
120.0 -2.5 -2.5 13.75 -8.4291
120.0 0.0 -2.5 13.75 1526.7141
120.0 2.5 -2.5 13.75 456.4901
120.0 5.0 -2.5 13.75 -10.3094
120.0 7.5 -2.5 13.75 1.9318999999999997
120.0 10.0 -2.5 13.75 10.775400000000001
120.0 -5.0 0.0 13.75 0.10869999999999891
120.0 0.0 0.0 13.75 1222.7496
120.0 2.5 0.0 13.75 122.10369999999999
120.0 5.0 0.0 13.75 11262.4958
120.0 7.5 0.0 13.75 22828.9301
120.0 0.0 2.5 13.75 72.1042
120.0 2.5 2.5 13.75 15179.1118
120.0 5.0 2.5 13.75 2577492.8384999996
120.0 7.5 2.5 13.75 18223570.9367
120.0 0.0 5.0 13.75 272832945.70250005
120.0 2.5 5.0 13.75 44042.522000000004
120.0 5.0 5.0 13.75 10124.9447
120.0 7.5 5.0 13.75 6884.7317
120.0 -5.0 -10.0 15.0 -2.4071000000000002
120.0 -2.5 -10.0 15.0 -2.4512
120.0 0.0 -10.0 15.0 -0.7269
120.0 2.5 -10.0 15.0 1.3253
120.0 5.0 -10.0 15.0 2.0494000000000003
120.0 10.0 -10.0 15.0 1.8305
120.0 -5.0 -7.5 15.0 -6.184
120.0 -2.5 -7.5 15.0 -5.9934
120.0 0.0 -7.5 15.0 83.64359999999999
120.0 2.5 -7.5 15.0 -1.4851999999999999
120.0 5.0 -7.5 15.0 -0.2856
120.0 7.5 -7.5 15.0 0.518
120.0 -5.0 -5.0 15.0 -7.431800000000001
120.0 -2.5 -5.0 15.0 737.5376
120.0 0.0 -5.0 15.0 600.3056
120.0 2.5 -5.0 15.0 -7.3701
120.0 5.0 -5.0 15.0 -4.174
120.0 7.5 -5.0 15.0 -2.8897
120.0 10.0 -5.0 15.0 -1.1983000000000001
120.0 -5.0 -2.5 15.0 -11.0062
120.0 -2.5 -2.5 15.0 -15.5426
120.0 0.0 -2.5 15.0 7.216900000000001
120.0 2.5 -2.5 15.0 -8.831
120.0 5.0 -2.5 15.0 -6.2088
120.0 7.5 -2.5 15.0 -3.7888
120.0 10.0 -2.5 15.0 -2.9941
120.0 -5.0 0.0 15.0 -14.376000000000001
120.0 -2.5 0.0 15.0 -14.9231
120.0 0.0 0.0 15.0 -10.5973
120.0 2.5 0.0 15.0 -8.6297
120.0 5.0 0.0 15.0 -3.0631999999999997
120.0 7.5 0.0 15.0 7.176
120.0 10.0 0.0 15.0 177.01100000000002
120.0 0.0 2.5 15.0 -2.1285999999999996
120.0 2.5 2.5 15.0 67.6856
120.0 5.0 2.5 15.0 22951.6618
120.0 7.5 2.5 15.0 644.6238
120.0 10.0 2.5 15.0 25696.8609
120.0 0.0 5.0 15.0 62.840599999999995
120.0 2.5 5.0 15.0 375.447
120.0 5.0 5.0 15.0 210.29240000000001
120.0 7.5 5.0 15.0 27.801099999999998
120.0 10.0 5.0 15.0 7.1482
120.0 -5.0 -10.0 16.25 -1.417
120.0 -2.5 -10.0 16.25 -0.9512
120.0 0.0 -10.0 16.25 0.2769
120.0 2.5 -10.0 16.25 1.7466000000000002
120.0 5.0 -10.0 16.25 2.1942
120.0 7.5 -10.0 16.25 2.1138
120.0 10.0 -10.0 16.25 1.4483000000000001
120.0 -5.0 -7.5 16.25 -4.1978
120.0 -2.5 -7.5 16.25 -3.7840999999999996
120.0 0.0 -7.5 16.25 -0.44450000000000006
120.0 2.5 -7.5 16.25 0.6208
120.0 5.0 -7.5 16.25 1.2212
120.0 7.5 -7.5 16.25 1.0388000000000002
120.0 10.0 -7.5 16.25 0.7999
120.0 -5.0 -5.0 16.25 -6.106199999999999
120.0 -2.5 -5.0 16.25 -5.091200000000001
120.0 0.0 -5.0 16.25 -3.4398
120.0 2.5 -5.0 16.25 -3.5879
120.0 5.0 -5.0 16.25 -2.1827
120.0 7.5 -5.0 16.25 -1.4151
120.0 10.0 -5.0 16.25 -0.9628
120.0 -5.0 -2.5 16.25 -7.9041999999999994
120.0 -2.5 -2.5 16.25 -9.4658
120.0 0.0 -2.5 16.25 -8.1567
120.0 2.5 -2.5 16.25 -5.5807
120.0 5.0 -2.5 16.25 -3.5977
120.0 7.5 -2.5 16.25 -2.3855
120.0 10.0 -2.5 16.25 -2.2105
120.0 -5.0 0.0 16.25 -9.0733
120.0 -2.5 0.0 16.25 -8.881499999999999
120.0 0.0 0.0 16.25 -6.4774
120.0 2.5 0.0 16.25 -3.0709999999999997
120.0 5.0 0.0 16.25 -1.5538999999999998
120.0 7.5 0.0 16.25 -1.4114999999999998
120.0 10.0 0.0 16.25 -1.2613
120.0 -5.0 2.5 16.25 -7.6344
120.0 -2.5 2.5 16.25 -4.4881
120.0 0.0 2.5 16.25 -0.22639999999999993
120.0 2.5 2.5 16.25 1.4615000000000005
120.0 5.0 2.5 16.25 68.1357
120.0 7.5 2.5 16.25 8.793
120.0 10.0 2.5 16.25 2.5118
120.0 -2.5 5.0 16.25 -2.3978
120.0 0.0 5.0 16.25 1.6894999999999998
120.0 2.5 5.0 16.25 4.587600000000001
120.0 5.0 5.0 16.25 7.9757
120.0 7.5 5.0 16.25 7.1181
120.0 10.0 5.0 16.25 4.379
180.0 -5.0 -10.0 3.75 77.0793
180.0 -2.5 -10.0 3.75 3071.7703
180.0 0.0 -10.0 3.75 1401249491.2177
180.0 2.5 -10.0 3.75 615.7008000000001
180.0 5.0 -10.0 3.75 381.915
180.0 7.5 -10.0 3.75 2564.3723
180.0 10.0 -10.0 3.75 9.959100000000001
180.0 -5.0 -7.5 3.75 110201.82789999999
180.0 -2.5 -7.5 3.75 749068648.0805999
180.0 0.0 -7.5 3.75 1498434315.1723
180.0 2.5 -7.5 3.75 25352915.852900002
180.0 5.0 -7.5 3.75 10000000058.2863
180.0 7.5 -7.5 3.75 509785689.862
180.0 10.0 -7.5 3.75 84283716.0162
180.0 -5.0 -5.0 3.75 5745040.0991
180.0 -2.5 -5.0 3.75 1081185039.8072002
180.0 0.0 -5.0 3.75 283706062.22099996
180.0 2.5 -5.0 3.75 1125652825.08
180.0 5.0 -5.0 3.75 9999999933.5786
180.0 7.5 -5.0 3.75 2384962033.9207
180.0 10.0 -5.0 3.75 55327398.202700004
180.0 -5.0 -2.5 3.75 9999999954.3213
180.0 -2.5 -2.5 3.75 10000000153.678501
180.0 0.0 -2.5 3.75 10000000304.691301
180.0 2.5 -2.5 3.75 9999999870.489101
180.0 5.0 -2.5 3.75 9999999952.442902
180.0 7.5 -2.5 3.75 10000000286.0119
180.0 10.0 -2.5 3.75 1250476949.0624
180.0 -5.0 0.0 3.75 215493328.3448
180.0 -2.5 0.0 3.75 2684490106.0751
180.0 0.0 0.0 3.75 10000000125.181702
180.0 2.5 0.0 3.75 9999999904.8705
180.0 5.0 0.0 3.75 10000000002.9267
180.0 7.5 0.0 3.75 9999999596.829601
180.0 10.0 0.0 3.75 9999999898.6158
180.0 -5.0 2.5 3.75 10000000142.3708
180.0 -2.5 2.5 3.75 659058669.1437
180.0 0.0 2.5 3.75 9999999951.479801
180.0 2.5 2.5 3.75 9999999741.026001
180.0 5.0 2.5 3.75 10000000127.4705
180.0 7.5 2.5 3.75 9999999793.7061
180.0 10.0 2.5 3.75 1367227260.7614
180.0 -5.0 5.0 3.75 9999999990.9845
180.0 -2.5 5.0 3.75 9999999978.873701
180.0 0.0 5.0 3.75 10000000059.0548
180.0 2.5 5.0 3.75 9999999753.918001
180.0 5.0 5.0 3.75 9999999890.739302
180.0 7.5 5.0 3.75 5884343903.0325
180.0 10.0 5.0 3.75 9999999893.604801
180.0 5.0 -2.5 8.75 10000000038.9916
180.0 5.0 -2.5 10.0 1610118065.4701002
180.0 2.5 2.5 10.0 9999999930.4577
180.0 5.0 -10.0 11.25 0.6658000000000002
180.0 7.5 -10.0 11.25 -0.9745
180.0 -2.5 -7.5 11.25 8.5767
180.0 5.0 -7.5 11.25 31.992
180.0 2.5 -5.0 11.25 1109.0260999999998
180.0 5.0 -5.0 11.25 500689389.6265
180.0 7.5 -5.0 11.25 87436241.6252
180.0 10.0 -5.0 11.25 107.8398
180.0 5.0 -2.5 11.25 9999999981.238901
180.0 0.0 0.0 11.25 131741.44520000002
180.0 -2.5 2.5 11.25 1639136022.9153998
180.0 2.5 2.5 11.25 10000000180.974
180.0 -5.0 5.0 11.25 658511024.9121001
180.0 5.0 5.0 11.25 19926070.484199997
180.0 0.0 -10.0 12.5 3.4473
180.0 2.5 -10.0 12.5 2.3626
180.0 5.0 -10.0 12.5 -0.23010000000000008
180.0 7.5 -10.0 12.5 -0.9853
180.0 10.0 -10.0 12.5 -1.4504000000000001
180.0 -2.5 -7.5 12.5 5.0482
180.0 0.0 -7.5 12.5 4.650799999999999
180.0 2.5 -7.5 12.5 0.6819999999999999
180.0 5.0 -7.5 12.5 -1.0751
180.0 7.5 -7.5 12.5 -0.4321999999999999
180.0 10.0 -7.5 12.5 0.14850000000000008
180.0 2.5 -5.0 12.5 1194.4316
180.0 5.0 -5.0 12.5 992910652.3106
180.0 7.5 -5.0 12.5 23870.6308
180.0 10.0 -5.0 12.5 294.93460000000005
180.0 2.5 -2.5 12.5 2308.2316
180.0 5.0 -2.5 12.5 7387334915.678
180.0 0.0 0.0 12.5 96759.8544
180.0 2.5 0.0 12.5 2697008.9169
180.0 5.0 0.0 12.5 34921375.02029999
180.0 -2.5 2.5 12.5 56182643.8146
180.0 0.0 2.5 12.5 299779.234
180.0 2.5 2.5 12.5 1202797.1883
180.0 -5.0 5.0 12.5 112881.07939999999
180.0 2.5 5.0 12.5 61549636.2384
180.0 5.0 5.0 12.5 13657533.1623
180.0 -5.0 -10.0 13.75 1.6817
180.0 -2.5 -10.0 13.75 1.7964
180.0 0.0 -10.0 13.75 1.6479
180.0 2.5 -10.0 13.75 0.7174
180.0 5.0 -10.0 13.75 -0.3238
180.0 7.5 -10.0 13.75 -1.1282999999999999
180.0 10.0 -10.0 13.75 -1.1997
180.0 -2.5 -7.5 13.75 2.6629
180.0 0.0 -7.5 13.75 3.1265
180.0 2.5 -7.5 13.75 0.2492000000000001
180.0 5.0 -7.5 13.75 -1.7925
180.0 7.5 -7.5 13.75 -1.2021000000000002
180.0 10.0 -7.5 13.75 -0.5761999999999999
180.0 -2.5 -5.0 13.75 -1.4234
180.0 0.0 -5.0 13.75 -0.07579999999999987
180.0 2.5 -5.0 13.75 59.4358
180.0 5.0 -5.0 13.75 6288524.107299999
180.0 7.5 -5.0 13.75 864.1916
180.0 10.0 -5.0 13.75 7.7095
180.0 2.5 -2.5 13.75 102.1553
180.0 5.0 -2.5 13.75 9999999906.8771
180.0 7.5 -2.5 13.75 235985.8592
180.0 -2.5 0.0 13.75 52.1312
180.0 0.0 0.0 13.75 1053.1234
180.0 2.5 0.0 13.75 6094.588500000001
180.0 5.0 0.0 13.75 67105.66990000001
180.0 -5.0 2.5 13.75 1.290000000000001
180.0 -2.5 2.5 13.75 36355755.4125
180.0 0.0 2.5 13.75 206078.8666
180.0 2.5 2.5 13.75 152.8684
180.0 -5.0 5.0 13.75 13303.8824
180.0 -2.5 5.0 13.75 33575423.8348
180.0 0.0 5.0 13.75 31150407.948599998
180.0 2.5 5.0 13.75 2921692.3559000003
180.0 5.0 5.0 13.75 3560.9198
180.0 -5.0 -10.0 15.0 1.3411
180.0 -2.5 -10.0 15.0 1.2002
180.0 0.0 -10.0 15.0 0.5549
180.0 2.5 -10.0 15.0 -0.03020000000000002
180.0 5.0 -10.0 15.0 -0.7587999999999999
180.0 7.5 -10.0 15.0 -0.9034
180.0 10.0 -10.0 15.0 -0.6837
180.0 -5.0 -7.5 15.0 1.3181
180.0 -2.5 -7.5 15.0 1.2507000000000001
180.0 0.0 -7.5 15.0 0.6889999999999998
180.0 2.5 -7.5 15.0 -0.0050000000000000044
180.0 5.0 -7.5 15.0 -1.0836
180.0 7.5 -7.5 15.0 -0.6938
180.0 10.0 -7.5 15.0 -0.1377
180.0 -2.5 -5.0 15.0 -1.5954000000000002
180.0 0.0 -5.0 15.0 -1.3611
180.0 2.5 -5.0 15.0 -1.663
180.0 5.0 -5.0 15.0 130.1157
180.0 7.5 -5.0 15.0 46.5226
180.0 10.0 -5.0 15.0 0.5513999999999999
180.0 -2.5 -2.5 15.0 -7.9691
180.0 0.0 -2.5 15.0 -8.903500000000001
180.0 2.5 -2.5 15.0 -7.1655
180.0 5.0 -2.5 15.0 676.014
180.0 7.5 -2.5 15.0 1644.0490000000002
180.0 10.0 -2.5 15.0 0.31289999999999996
180.0 -2.5 0.0 15.0 -8.2484
180.0 0.0 0.0 15.0 -11.630700000000001
180.0 2.5 0.0 15.0 2.772500000000001
180.0 5.0 0.0 15.0 24.4555
180.0 7.5 0.0 15.0 -9.9334
180.0 10.0 0.0 15.0 -2.6768
180.0 -5.0 2.5 15.0 -8.0144
180.0 -2.5 2.5 15.0 27.566300000000002
180.0 0.0 2.5 15.0 379.4451
180.0 2.5 2.5 15.0 -23.0842
180.0 5.0 2.5 15.0 -17.6976
180.0 7.5 2.5 15.0 -11.9775
180.0 10.0 2.5 15.0 -5.4695
180.0 -5.0 5.0 15.0 12.9549
180.0 -2.5 5.0 15.0 4954.3766
180.0 0.0 5.0 15.0 510.13759999999996
180.0 2.5 5.0 15.0 602.7855999999999
180.0 5.0 5.0 15.0 -16.5567
180.0 7.5 5.0 15.0 -9.7934
180.0 10.0 5.0 15.0 -5.642
180.0 -5.0 -10.0 16.25 0.7864
180.0 -2.5 -10.0 16.25 1.0294
180.0 0.0 -10.0 16.25 0.431
180.0 2.5 -10.0 16.25 -0.3386
180.0 5.0 -10.0 16.25 -0.5779000000000001
180.0 7.5 -10.0 16.25 -0.48940000000000006
180.0 10.0 -10.0 16.25 -0.1051
180.0 -5.0 -7.5 16.25 0.756
180.0 -2.5 -7.5 16.25 0.4855
180.0 0.0 -7.5 16.25 0.014700000000000019
180.0 2.5 -7.5 16.25 -0.7130000000000001
180.0 5.0 -7.5 16.25 -0.8202
180.0 7.5 -7.5 16.25 -0.6620999999999999
180.0 10.0 -7.5 16.25 0.2517
180.0 -5.0 -5.0 16.25 -0.0847
180.0 -2.5 -5.0 16.25 -1.0516999999999999
180.0 0.0 -5.0 16.25 -1.7708000000000002
180.0 2.5 -5.0 16.25 -1.6879
180.0 5.0 -5.0 16.25 -0.9400000000000002
180.0 7.5 -5.0 16.25 0.15079999999999993
180.0 10.0 -5.0 16.25 0.8369
180.0 -5.0 -2.5 16.25 -1.1407
180.0 -2.5 -2.5 16.25 -3.7529000000000003
180.0 0.0 -2.5 16.25 -5.5523
180.0 2.5 -2.5 16.25 -4.7399000000000004
180.0 5.0 -2.5 16.25 -3.6931000000000003
180.0 7.5 -2.5 16.25 -0.44989999999999997
180.0 10.0 -2.5 16.25 0.13459999999999994
180.0 -2.5 0.0 16.25 -4.7074
180.0 0.0 0.0 16.25 -7.5711
180.0 2.5 0.0 16.25 -8.6833
180.0 5.0 0.0 16.25 -7.693999999999999
180.0 7.5 0.0 16.25 -5.1219
180.0 10.0 0.0 16.25 -1.5457999999999998
180.0 -5.0 2.5 16.25 -4.0215
180.0 -2.5 2.5 16.25 -4.786
180.0 0.0 2.5 16.25 -7.7759
180.0 2.5 2.5 16.25 -12.457199999999998
180.0 5.0 2.5 16.25 -10.5798
180.0 7.5 2.5 16.25 -6.3492999999999995
180.0 10.0 2.5 16.25 -3.2053000000000003
180.0 -5.0 5.0 16.25 -4.4587
180.0 -2.5 5.0 16.25 -4.0728
180.0 0.0 5.0 16.25 -6.7123
180.0 2.5 5.0 16.25 -7.3249
180.0 5.0 5.0 16.25 -10.7077
180.0 7.5 5.0 16.25 -6.2728
180.0 10.0 5.0 16.25 -3.955
240.0 -5.0 -10.0 3.75 5.9692
240.0 -2.5 -10.0 3.75 5.322100000000001
240.0 0.0 -10.0 3.75 2.3844
240.0 2.5 -10.0 3.75 0.3137000000000003
240.0 5.0 -10.0 3.75 0.21369999999999933
240.0 7.5 -10.0 3.75 1378.5162
240.0 10.0 -10.0 3.75 5976.2125
240.0 -5.0 -7.5 3.75 367.7191
240.0 -2.5 -7.5 3.75 95518.0839
240.0 0.0 -7.5 3.75 0.5804
240.0 2.5 -7.5 3.75 -8.7269
240.0 5.0 -7.5 3.75 5.8489
240.0 7.5 -7.5 3.75 23013.1945
240.0 10.0 -7.5 3.75 199585.3351
240.0 -5.0 -5.0 3.75 202137143.946
240.0 -2.5 -5.0 3.75 10000000009.242102
240.0 0.0 -5.0 3.75 50968992.8218
240.0 2.5 -5.0 3.75 125311431.71890001
240.0 5.0 -5.0 3.75 135135.7947
240.0 7.5 -5.0 3.75 10000000029.603601
240.0 10.0 -5.0 3.75 5935178.6279
240.0 -5.0 -2.5 3.75 1067255011.5377
240.0 -2.5 -2.5 3.75 76942353.868
240.0 0.0 -2.5 3.75 9999999967.5252
240.0 2.5 -2.5 3.75 10000000000.502401
240.0 5.0 -2.5 3.75 7662337120.093801
240.0 7.5 -2.5 3.75 256330469.7495
240.0 10.0 -2.5 3.75 142373587.8633
240.0 -5.0 0.0 3.75 7016422995.8241
240.0 -2.5 0.0 3.75 1571692870.6671
240.0 0.0 0.0 3.75 9999999947.965
240.0 2.5 0.0 3.75 132542831.03469999
240.0 5.0 0.0 3.75 9999999917.879501
240.0 7.5 0.0 3.75 1091275361.2637
240.0 10.0 0.0 3.75 9999999975.2339
240.0 -5.0 2.5 3.75 9999999891.645102
240.0 -2.5 2.5 3.75 10000000004.6247
240.0 0.0 2.5 3.75 9999999951.9129
240.0 2.5 2.5 3.75 9676230119.461699
240.0 5.0 2.5 3.75 10000000052.8918
240.0 7.5 2.5 3.75 72972664.4862
240.0 10.0 2.5 3.75 10000000139.4923
240.0 -5.0 5.0 3.75 9999999739.694801
240.0 -2.5 5.0 3.75 10000000029.3619
240.0 0.0 5.0 3.75 2415291930.3893
240.0 2.5 5.0 3.75 9999999984.690102
240.0 5.0 5.0 3.75 9999999996.234701
240.0 7.5 5.0 3.75 9999999760.7122
240.0 10.0 5.0 3.75 10000000762.0956
240.0 -2.5 -10.0 11.25 1.5190000000000001
240.0 5.0 -10.0 11.25 1.2948
240.0 10.0 -10.0 11.25 0.4497
240.0 5.0 -7.5 11.25 1.9425999999999999
240.0 -2.5 -2.5 11.25 6.438999999999999
240.0 -5.0 0.0 11.25 9999999855.5688
240.0 -2.5 0.0 11.25 662274558.9216
240.0 0.0 0.0 11.25 17571979.9262
240.0 -5.0 2.5 11.25 452318.77150000003
240.0 0.0 2.5 11.25 95251480.2807
240.0 0.0 5.0 11.25 19740450.6441
240.0 -5.0 -10.0 12.5 0.9611
240.0 -2.5 -10.0 12.5 1.1846999999999999
240.0 0.0 -10.0 12.5 1.2847000000000002
240.0 5.0 -10.0 12.5 1.3025000000000002
240.0 7.5 -10.0 12.5 0.8926
240.0 10.0 -10.0 12.5 0.2957
240.0 5.0 -7.5 12.5 2.0583
240.0 7.5 -7.5 12.5 1.4093
240.0 10.0 -7.5 12.5 0.7265
240.0 2.5 -5.0 12.5 2.1613
240.0 -5.0 -2.5 12.5 -5.9346
240.0 -2.5 -2.5 12.5 -2.1776
240.0 0.0 -2.5 12.5 12.790299999999998
240.0 -5.0 0.0 12.5 80316061.63090001
240.0 -2.5 0.0 12.5 720667228.1629
240.0 0.0 0.0 12.5 168064.4343
240.0 2.5 0.0 12.5 -2.9904
240.0 -5.0 2.5 12.5 14155.6273
240.0 0.0 2.5 12.5 97378.07470000001
240.0 0.0 5.0 12.5 1863955.2832000002
240.0 -2.5 -10.0 13.75 0.8276
240.0 0.0 -10.0 13.75 1.0132
240.0 2.5 -10.0 13.75 1.1119
240.0 5.0 -10.0 13.75 1.0084
240.0 7.5 -10.0 13.75 0.6001
240.0 10.0 -10.0 13.75 0.062
240.0 -5.0 -7.5 13.75 1.0998999999999999
240.0 2.5 -7.5 13.75 2.3556
240.0 5.0 -7.5 13.75 2.0574000000000003
240.0 7.5 -7.5 13.75 1.2376
240.0 10.0 -7.5 13.75 0.3241
240.0 -5.0 -5.0 13.75 0.7516
240.0 -2.5 -5.0 13.75 1.0893
240.0 2.5 -5.0 13.75 2.5987
240.0 10.0 -5.0 13.75 0.4266
240.0 -5.0 -2.5 13.75 -4.7867
240.0 -2.5 -2.5 13.75 -2.6633999999999998
240.0 0.0 -2.5 13.75 -0.3466
240.0 2.5 -2.5 13.75 0.7879
240.0 -5.0 0.0 13.75 94379269.3059
240.0 -2.5 0.0 13.75 91579313.3169
240.0 0.0 0.0 13.75 81.6618
240.0 2.5 0.0 13.75 -3.074
240.0 -5.0 2.5 13.75 4804.927900000001
240.0 0.0 2.5 13.75 8933.070399999999
240.0 2.5 2.5 13.75 187.7423
240.0 -5.0 5.0 13.75 1986.9434
240.0 0.0 5.0 13.75 130611.0739
240.0 2.5 5.0 13.75 7617.498100000001
240.0 -5.0 -10.0 15.0 0.31439999999999996
240.0 -2.5 -10.0 15.0 0.5524
240.0 0.0 -10.0 15.0 0.7027
240.0 2.5 -10.0 15.0 0.7838
240.0 5.0 -10.0 15.0 0.6476
240.0 7.5 -10.0 15.0 0.35059999999999997
240.0 10.0 -10.0 15.0 0.0787
240.0 -5.0 -7.5 15.0 0.8015
240.0 -2.5 -7.5 15.0 1.2868
240.0 0.0 -7.5 15.0 1.7404000000000002
240.0 2.5 -7.5 15.0 1.8741999999999999
240.0 5.0 -7.5 15.0 1.6144
240.0 7.5 -7.5 15.0 0.8623000000000001
240.0 10.0 -7.5 15.0 0.2529
240.0 -5.0 -5.0 15.0 0.8563999999999998
240.0 -2.5 -5.0 15.0 1.6881
240.0 0.0 -5.0 15.0 2.6008
240.0 2.5 -5.0 15.0 2.9627
240.0 5.0 -5.0 15.0 2.242
240.0 7.5 -5.0 15.0 1.2042000000000002
240.0 10.0 -5.0 15.0 0.13429999999999997
240.0 -5.0 -2.5 15.0 -1.6935
240.0 -2.5 -2.5 15.0 -0.5565
240.0 0.0 -2.5 15.0 1.2090999999999998
240.0 2.5 -2.5 15.0 1.8554
240.0 5.0 -2.5 15.0 1.2246
240.0 7.5 -2.5 15.0 0.25780000000000003
240.0 10.0 -2.5 15.0 0.03639999999999999
240.0 -5.0 0.0 15.0 191.42090000000002
240.0 -2.5 0.0 15.0 25104.254
240.0 0.0 0.0 15.0 -1.189
240.0 2.5 0.0 15.0 -1.9468
240.0 5.0 0.0 15.0 -1.5079
240.0 10.0 0.0 15.0 -0.34609999999999996
240.0 -5.0 2.5 15.0 3.3338
240.0 -2.5 2.5 15.0 1399.5484
240.0 0.0 2.5 15.0 61.816700000000004
240.0 2.5 2.5 15.0 -6.7349
240.0 5.0 2.5 15.0 16.3059
240.0 10.0 2.5 15.0 10.102599999999999
240.0 -5.0 5.0 15.0 22.109100000000005
240.0 0.0 5.0 15.0 36.2734
240.0 2.5 5.0 15.0 -10.9374
240.0 5.0 5.0 15.0 0.133
240.0 -5.0 -10.0 16.25 0.1676
240.0 -2.5 -10.0 16.25 0.2656
240.0 0.0 -10.0 16.25 0.38870000000000005
240.0 2.5 -10.0 16.25 0.4011
240.0 5.0 -10.0 16.25 0.30419999999999997
240.0 7.5 -10.0 16.25 0.14520000000000002
240.0 10.0 -10.0 16.25 0.0143
240.0 -5.0 -7.5 16.25 0.6385000000000001
240.0 -2.5 -7.5 16.25 0.9782000000000001
240.0 0.0 -7.5 16.25 1.1622000000000001
240.0 2.5 -7.5 16.25 1.2739
240.0 5.0 -7.5 16.25 0.9833000000000001
240.0 7.5 -7.5 16.25 0.5072
240.0 10.0 -7.5 16.25 0.1376
240.0 -5.0 -5.0 16.25 1.0141
240.0 -2.5 -5.0 16.25 1.6214
240.0 0.0 -5.0 16.25 2.2808
240.0 2.5 -5.0 16.25 2.4011
240.0 5.0 -5.0 16.25 1.6939
240.0 7.5 -5.0 16.25 0.8301000000000001
240.0 10.0 -5.0 16.25 0.22799999999999998
240.0 -5.0 -2.5 16.25 -0.0043000000000000815
240.0 -2.5 -2.5 16.25 0.9503
240.0 0.0 -2.5 16.25 2.3257999999999996
240.0 2.5 -2.5 16.25 2.0455
240.0 5.0 -2.5 16.25 1.4248
240.0 7.5 -2.5 16.25 0.7416999999999999
240.0 10.0 -2.5 16.25 0.043
240.0 -5.0 0.0 16.25 -3.0078
240.0 -2.5 0.0 16.25 -1.1338
240.0 0.0 0.0 16.25 -0.9563000000000001
240.0 2.5 0.0 16.25 -0.4091
240.0 5.0 0.0 16.25 -1.0067
240.0 7.5 0.0 16.25 -0.8011
240.0 10.0 0.0 16.25 -0.306
240.0 -5.0 2.5 16.25 -8.8971
240.0 -2.5 2.5 16.25 -7.9877
240.0 0.0 2.5 16.25 -6.2869
240.0 2.5 2.5 16.25 -4.9826
240.0 5.0 2.5 16.25 -3.6875999999999998
240.0 7.5 2.5 16.25 -2.2189
240.0 10.0 2.5 16.25 -0.14449999999999996
240.0 -5.0 5.0 16.25 -12.6305
240.0 -2.5 5.0 16.25 309.48269999999997
240.0 0.0 5.0 16.25 -10.849599999999999
240.0 2.5 5.0 16.25 -8.562899999999999
240.0 5.0 5.0 16.25 -6.9432
240.0 7.5 5.0 16.25 -3.5002
240.0 10.0 5.0 16.25 -1.8817
300.0 -5.0 -10.0 3.75 -1.8199
300.0 -2.5 -10.0 3.75 6.163
300.0 0.0 -10.0 3.75 7.5082
300.0 2.5 -10.0 3.75 3.6326
300.0 5.0 -10.0 3.75 1.7000000000000002
300.0 7.5 -10.0 3.75 0.8440000000000001
300.0 10.0 -10.0 3.75 0.9999999999999999
300.0 -5.0 -7.5 3.75 178199128.8824
300.0 -2.5 -7.5 3.75 11664.441499999999
300.0 0.0 -7.5 3.75 4.6356
300.0 2.5 -7.5 3.75 6420.2841
300.0 5.0 -7.5 3.75 39909.1906
300.0 7.5 -7.5 3.75 92.711
300.0 10.0 -7.5 3.75 1.8603
300.0 -5.0 -5.0 3.75 2841797244.8919
300.0 -2.5 -5.0 3.75 9888705294.771
300.0 0.0 -5.0 3.75 181159.8854
300.0 2.5 -5.0 3.75 10000000008.724901
300.0 5.0 -5.0 3.75 206331275.6246
300.0 7.5 -5.0 3.75 21934.8087
300.0 10.0 -5.0 3.75 -0.8675999999999999
300.0 -5.0 -2.5 3.75 10000000056.3824
300.0 -2.5 -2.5 3.75 1022582732.9964
300.0 0.0 -2.5 3.75 9999999935.5629
300.0 2.5 -2.5 3.75 8743632876.505402
300.0 5.0 -2.5 3.75 6919.6659
300.0 7.5 -2.5 3.75 30.195400000000003
300.0 10.0 -2.5 3.75 -1.9874
300.0 -5.0 0.0 3.75 9999999944.188702
300.0 -2.5 0.0 3.75 10000000424.764
300.0 0.0 0.0 3.75 1342303166.3268
300.0 2.5 0.0 3.75 10000000076.4512
300.0 5.0 0.0 3.75 556195841.7557
300.0 7.5 0.0 3.75 121554145.44680001
300.0 10.0 0.0 3.75 11822.4971
300.0 -5.0 2.5 3.75 9999999924.755201
300.0 -2.5 2.5 3.75 9999999860.625301
300.0 0.0 2.5 3.75 676662224.9624
300.0 2.5 2.5 3.75 10000000150.552301
300.0 5.0 2.5 3.75 9999999933.502602
300.0 7.5 2.5 3.75 118901.0695
300.0 10.0 2.5 3.75 112136764.1139
300.0 -5.0 5.0 3.75 10000000035.6243
300.0 -2.5 5.0 3.75 9999999832.2467
300.0 0.0 5.0 3.75 10000000138.2801
300.0 2.5 5.0 3.75 952213388.5535
300.0 5.0 5.0 3.75 9999999973.012701
300.0 7.5 5.0 3.75 35624342.140499994
300.0 10.0 5.0 3.75 1662714333.2868998
300.0 -2.5 -5.0 8.75 136363.63499999998
300.0 -5.0 5.0 8.75 10000000123.6616
300.0 -2.5 -10.0 10.0 1.0845
300.0 -2.5 -7.5 10.0 32.0244
300.0 -2.5 -5.0 10.0 445062.0979
300.0 -5.0 -2.5 10.0 9999999943.079802
300.0 -2.5 2.5 10.0 9999999984.2821
300.0 -5.0 5.0 10.0 10000000057.041302
300.0 -2.5 5.0 10.0 2797858528.287
300.0 0.0 5.0 10.0 2127335881.5284
300.0 -2.5 -10.0 11.25 0.7694
300.0 0.0 -10.0 11.25 1.6067
300.0 2.5 -10.0 11.25 2.7039999999999997
300.0 -2.5 -7.5 11.25 -9.1189
300.0 0.0 -7.5 11.25 -2.9911
300.0 -2.5 -5.0 11.25 1559.9488
300.0 -2.5 0.0 11.25 658098653.5349
300.0 -5.0 2.5 11.25 211058050.8969
300.0 -2.5 2.5 11.25 88895355.67819999
300.0 -5.0 5.0 11.25 91906647.7768
300.0 -2.5 5.0 11.25 10000000013.5312
300.0 0.0 5.0 11.25 10000000014.4116
300.0 5.0 5.0 11.25 1.9247
300.0 -2.5 -10.0 12.5 0.9311
300.0 0.0 -10.0 12.5 1.5476
300.0 2.5 -10.0 12.5 2.4730999999999996
300.0 5.0 -10.0 12.5 1.8785999999999998
300.0 7.5 -10.0 12.5 1.2854
300.0 -5.0 -7.5 12.5 -5.4211
300.0 -2.5 -7.5 12.5 -5.9361999999999995
300.0 0.0 -7.5 12.5 -1.5504999999999998
300.0 2.5 -7.5 12.5 1.6524
300.0 -5.0 -5.0 12.5 -16.1201
300.0 -2.5 -5.0 12.5 3891.2135
300.0 0.0 -5.0 12.5 44449.9732
300.0 -5.0 -2.5 12.5 3307.4577
300.0 -2.5 0.0 12.5 29050027.7962
300.0 -5.0 2.5 12.5 3951048.7533
300.0 -2.5 2.5 12.5 4216951.0993
300.0 0.0 2.5 12.5 13889.2231
300.0 -5.0 5.0 12.5 3728317.1947
300.0 -2.5 5.0 12.5 9999999944.385
300.0 0.0 5.0 12.5 136216276.7491
300.0 5.0 5.0 12.5 -5.902200000000001
300.0 7.5 5.0 12.5 -2.3268
300.0 -5.0 -10.0 13.75 0.8796
300.0 -2.5 -10.0 13.75 1.0991
300.0 0.0 -10.0 13.75 1.6925999999999999
300.0 2.5 -10.0 13.75 1.9732999999999998
300.0 5.0 -10.0 13.75 1.444
300.0 7.5 -10.0 13.75 0.9988000000000001
300.0 10.0 -10.0 13.75 0.21760000000000002
300.0 -5.0 -7.5 13.75 -3.1803999999999997
300.0 -2.5 -7.5 13.75 -2.9054
300.0 0.0 -7.5 13.75 -0.21409999999999996
300.0 2.5 -7.5 13.75 1.6637
300.0 5.0 -7.5 13.75 2.2997
300.0 -5.0 -5.0 13.75 -11.0306
300.0 -2.5 -5.0 13.75 102.6406
300.0 0.0 -5.0 13.75 7643.665
300.0 2.5 -2.5 13.75 634.0954
300.0 -5.0 0.0 13.75 58942.0512
300.0 -2.5 0.0 13.75 3259037.0571000003
300.0 -5.0 2.5 13.75 785001.7086
300.0 -2.5 2.5 13.75 13805.9933
300.0 0.0 2.5 13.75 49.458200000000005
300.0 10.0 2.5 13.75 0.6624
300.0 -5.0 5.0 13.75 958.6976
300.0 -2.5 5.0 13.75 9115.9756
300.0 0.0 5.0 13.75 20488.2488
300.0 2.5 5.0 13.75 630.5468000000001
300.0 7.5 5.0 13.75 -1.4346
300.0 10.0 5.0 13.75 0.3911
300.0 -5.0 -10.0 15.0 1.2174
300.0 -2.5 -10.0 15.0 1.3175
300.0 0.0 -10.0 15.0 1.6492
300.0 2.5 -10.0 15.0 1.4619
300.0 5.0 -10.0 15.0 1.1948
300.0 7.5 -10.0 15.0 0.7327
300.0 10.0 -10.0 15.0 0.0711
300.0 -5.0 -7.5 15.0 -1.6514
300.0 -2.5 -7.5 15.0 -0.7654
300.0 0.0 -7.5 15.0 0.5797
300.0 2.5 -7.5 15.0 1.617
300.0 5.0 -7.5 15.0 1.7432
300.0 7.5 -7.5 15.0 1.5812
300.0 10.0 -7.5 15.0 0.6733
300.0 -5.0 -5.0 15.0 -6.6969
300.0 -2.5 -5.0 15.0 -4.5899
300.0 0.0 -5.0 15.0 17.959500000000002
300.0 2.5 -5.0 15.0 0.25459999999999994
300.0 5.0 -5.0 15.0 1.926
300.0 7.5 -5.0 15.0 2.3017999999999996
300.0 -5.0 -2.5 15.0 -14.1115
300.0 -2.5 -2.5 15.0 -5.3446
300.0 0.0 -2.5 15.0 61219.977999999996
300.0 2.5 -2.5 15.0 1.0826
300.0 7.5 -2.5 15.0 2.2956000000000003
300.0 -5.0 0.0 15.0 2299.8322000000003
300.0 -2.5 0.0 15.0 267.3726
300.0 0.0 0.0 15.0 1071.8433
300.0 2.5 0.0 15.0 -4.8779
300.0 5.0 0.0 15.0 -0.26470000000000005
300.0 -5.0 2.5 15.0 1284.7244
300.0 -2.5 2.5 15.0 24.3699
300.0 0.0 2.5 15.0 -13.4392
300.0 2.5 2.5 15.0 -6.883900000000001
300.0 5.0 2.5 15.0 -1.2451
300.0 7.5 2.5 15.0 0.3219000000000001
300.0 10.0 2.5 15.0 1.2662
300.0 -5.0 5.0 15.0 -9.199300000000001
300.0 -2.5 5.0 15.0 -13.0424
300.0 0.0 5.0 15.0 14.775499999999997
300.0 2.5 5.0 15.0 15.389600000000002
300.0 5.0 5.0 15.0 -1.6054
300.0 7.5 5.0 15.0 0.291
300.0 10.0 5.0 15.0 0.6273
300.0 -5.0 -10.0 16.25 1.1519
300.0 -2.5 -10.0 16.25 1.2769
300.0 0.0 -10.0 16.25 1.2782
300.0 2.5 -10.0 16.25 1.1132
300.0 5.0 -10.0 16.25 0.8753000000000001
300.0 7.5 -10.0 16.25 0.3817
300.0 10.0 -10.0 16.25 0.0111
300.0 -5.0 -7.5 16.25 -0.291
300.0 -2.5 -7.5 16.25 0.32799999999999996
300.0 0.0 -7.5 16.25 1.1119999999999999
300.0 2.5 -7.5 16.25 1.3639999999999999
300.0 5.0 -7.5 16.25 1.4425000000000001
300.0 7.5 -7.5 16.25 1.0655
300.0 10.0 -7.5 16.25 0.2929
300.0 -5.0 -5.0 16.25 -4.0344
300.0 -2.5 -5.0 16.25 -2.8082000000000003
300.0 0.0 -5.0 16.25 -0.8783
300.0 2.5 -5.0 16.25 0.8594000000000002
300.0 5.0 -5.0 16.25 1.5907
300.0 7.5 -5.0 16.25 1.6139
300.0 10.0 -5.0 16.25 0.8726
300.0 -5.0 -2.5 16.25 -8.485899999999999
300.0 -2.5 -2.5 16.25 -7.731199999999999
300.0 0.0 -2.5 16.25 -3.3568
300.0 2.5 -2.5 16.25 -0.887
300.0 5.0 -2.5 16.25 1.1922000000000001
300.0 7.5 -2.5 16.25 1.7171
300.0 10.0 -2.5 16.25 1.2292
300.0 -5.0 0.0 16.25 8.344100000000001
300.0 -2.5 0.0 16.25 -9.685500000000001
300.0 0.0 0.0 16.25 -7.759399999999999
300.0 2.5 0.0 16.25 -2.6908
300.0 5.0 0.0 16.25 0.32599999999999996
300.0 10.0 0.0 16.25 1.4287999999999998
300.0 -5.0 2.5 16.25 -7.7139999999999995
300.0 -2.5 2.5 16.25 -10.853100000000001
300.0 0.0 2.5 16.25 -7.365500000000001
300.0 2.5 2.5 16.25 -2.4992
300.0 5.0 2.5 16.25 -0.28669999999999995
300.0 7.5 2.5 16.25 1.2387
300.0 10.0 2.5 16.25 1.2201
300.0 -5.0 5.0 16.25 -4.0202
300.0 -2.5 5.0 16.25 -6.5811
300.0 0.0 5.0 16.25 -4.7082999999999995
300.0 2.5 5.0 16.25 -1.9335
300.0 5.0 5.0 16.25 -0.04849999999999999
300.0 7.5 5.0 16.25 1.032
300.0 10.0 5.0 16.25 0.9455
