0.0 5.0 -7.5 6.25 9999999796.3985
0.0 -2.5 5.0 6.25 -4.9527
0.0 0.0 2.5 7.5 1280.9014000000002
0.0 -2.5 5.0 7.5 -5.349
0.0 0.0 5.0 7.5 -8.901
0.0 2.5 -10.0 8.75 113212730.48820001
0.0 5.0 -10.0 8.75 2273696914.4124002
0.0 7.5 -10.0 8.75 10000000137.906
0.0 0.0 -7.5 8.75 1783901341.404
0.0 5.0 -7.5 8.75 9999999969.081902
0.0 0.0 0.0 8.75 10000000021.974901
0.0 0.0 2.5 8.75 75.5054
0.0 -2.5 5.0 8.75 -5.7515
0.0 0.0 5.0 8.75 -7.5672999999999995
0.0 2.5 5.0 8.75 44.7923
0.0 5.0 5.0 8.75 2812.4176
0.0 5.0 -10.0 10.0 9999999868.387001
0.0 7.5 -10.0 10.0 10000000030.8908
0.0 0.0 -7.5 10.0 10000000131.862001
0.0 2.5 -7.5 10.0 10000000067.7343
0.0 5.0 -7.5 10.0 10000000157.582901
0.0 -2.5 -5.0 10.0 934037527.6856
0.0 2.5 -5.0 10.0 9999999843.529701
0.0 -2.5 -2.5 10.0 12971081.5369
0.0 0.0 -2.5 10.0 1709275.8381
0.0 -2.5 0.0 10.0 5839.5749
0.0 0.0 0.0 10.0 34199069.284
0.0 2.5 0.0 10.0 217199555.6063
0.0 0.0 2.5 10.0 -16.0889
0.0 2.5 2.5 10.0 351315.7756
0.0 7.5 2.5 10.0 2882416427.4725
0.0 -2.5 5.0 10.0 -5.6182
0.0 0.0 5.0 10.0 -9.7262
0.0 2.5 5.0 10.0 219.5823
0.0 5.0 5.0 10.0 1583.3253
0.0 2.5 -10.0 11.25 79906324.71679999
0.0 5.0 -10.0 11.25 5880271646.8529
0.0 7.5 -10.0 11.25 2343821479.2802
0.0 10.0 -10.0 11.25 10000000055.5949
0.0 0.0 -7.5 11.25 8330783026.011001
0.0 2.5 -7.5 11.25 9999999921.5216
0.0 5.0 -7.5 11.25 1122719598.0448
0.0 7.5 -7.5 11.25 10000000038.1522
0.0 -2.5 -5.0 11.25 10000000023.5842
0.0 0.0 -5.0 11.25 10000000064.0214
0.0 2.5 -5.0 11.25 10000000034.706501
0.0 5.0 -5.0 11.25 9999999917.7982
0.0 -5.0 -2.5 11.25 9999999997.501501
0.0 -2.5 -2.5 11.25 10000000031.127201
0.0 0.0 -2.5 11.25 313060.701
0.0 7.5 -2.5 11.25 28250778.6056
0.0 -2.5 0.0 11.25 799.106
0.0 0.0 0.0 11.25 343.65500000000003
0.0 2.5 0.0 11.25 805650120.1152
0.0 -2.5 2.5 11.25 -9.751999999999999
0.0 0.0 2.5 11.25 -16.4668
0.0 2.5 2.5 11.25 23462556.2769
0.0 5.0 2.5 11.25 29333584.5857
0.0 7.5 2.5 11.25 3652271601.3463
0.0 -5.0 5.0 11.25 -0.3733
0.0 -2.5 5.0 11.25 -5.751
0.0 0.0 5.0 11.25 -10.7639
0.0 2.5 5.0 11.25 149.8715
0.0 5.0 5.0 11.25 44896.4707
0.0 7.5 5.0 11.25 106715597.5801
0.0 0.0 -10.0 12.5 9929757955.4283
0.0 2.5 -10.0 12.5 9999999948.0366
0.0 5.0 -10.0 12.5 9999999879.1084
0.0 7.5 -10.0 12.5 2179594050.6361003
0.0 10.0 -10.0 12.5 10000000054.7339
0.0 -2.5 -7.5 12.5 1060780.1254
0.0 0.0 -7.5 12.5 109929240.3915
0.0 2.5 -7.5 12.5 10000000013.2887
0.0 5.0 -7.5 12.5 9999999989.839
0.0 7.5 -7.5 12.5 9999999925.3742
0.0 10.0 -7.5 12.5 10000000010.743801
0.0 -5.0 -5.0 12.5 18750385.317199998
0.0 -2.5 -5.0 12.5 2457556.5606
0.0 0.0 -5.0 12.5 764737536.2892001
0.0 2.5 -5.0 12.5 1758438736.7107
0.0 5.0 -5.0 12.5 10000000035.432701
0.0 7.5 -5.0 12.5 380228173.0144
0.0 10.0 -5.0 12.5 9999999998.483301
0.0 -5.0 -2.5 12.5 12720761.117700001
0.0 -2.5 -2.5 12.5 1122127.3769
0.0 0.0 -2.5 12.5 20974748.108799998
0.0 2.5 -2.5 12.5 676826286.7415
0.0 5.0 -2.5 12.5 10000000000.0772
0.0 7.5 -2.5 12.5 1564305612.0154998
0.0 -5.0 0.0 12.5 136.42
0.0 -2.5 0.0 12.5 -4.642099999999999
0.0 0.0 0.0 12.5 -8.873199999999999
0.0 2.5 0.0 12.5 1442822093.0414999
0.0 5.0 0.0 12.5 9999999986.627201
0.0 -2.5 2.5 12.5 -8.3646
0.0 0.0 2.5 12.5 -15.4654
0.0 2.5 2.5 12.5 9999999954.256401
0.0 5.0 2.5 12.5 10000000009.746601
0.0 7.5 2.5 12.5 6764369029.5689
0.0 10.0 2.5 12.5 3378.9577999999997
0.0 -5.0 5.0 12.5 -0.39649999999999996
0.0 -2.5 5.0 12.5 -5.5168
0.0 0.0 5.0 12.5 -11.7736
0.0 2.5 5.0 12.5 604.5316
0.0 5.0 5.0 12.5 197735.6523
0.0 7.5 5.0 12.5 320893.96619999997
0.0 10.0 5.0 12.5 240.7211
0.0 0.0 -10.0 13.75 10000000007.863901
0.0 2.5 -10.0 13.75 29848838.887000002
0.0 5.0 -10.0 13.75 9999999989.2092
0.0 7.5 -10.0 13.75 184328476.7125
0.0 10.0 -10.0 13.75 32057762.579299998
0.0 -2.5 -7.5 13.75 8317.1096
0.0 0.0 -7.5 13.75 115417332.705
0.0 2.5 -7.5 13.75 10000000011.5657
0.0 5.0 -7.5 13.75 10000000040.1893
0.0 7.5 -7.5 13.75 109911241.93349999
0.0 10.0 -7.5 13.75 307551923.2309
0.0 -5.0 -5.0 13.75 6280772.7646
0.0 -2.5 -5.0 13.75 3698.4207
0.0 0.0 -5.0 13.75 10000000027.2605
0.0 2.5 -5.0 13.75 9999999953.252602
0.0 5.0 -5.0 13.75 1158944260.6125
0.0 7.5 -5.0 13.75 8044779437.1311
0.0 10.0 -5.0 13.75 15431297.086099999
0.0 -5.0 -2.5 13.75 1038.5425
0.0 -2.5 -2.5 13.75 40.7461
0.0 0.0 -2.5 13.75 13841794.009399999
0.0 2.5 -2.5 13.75 99024.88789999999
0.0 5.0 -2.5 13.75 3918560591.2119
0.0 7.5 -2.5 13.75 16763999.1483
0.0 -5.0 0.0 13.75 12.3613
0.0 -2.5 0.0 13.75 -11.3355
0.0 0.0 0.0 13.75 -16.7939
0.0 2.5 0.0 13.75 10000000028.235401
0.0 5.0 0.0 13.75 10000000113.213001
0.0 7.5 0.0 13.75 3029623.2144
0.0 -5.0 2.5 13.75 1.6243999999999998
0.0 -2.5 2.5 13.75 -6.800599999999999
0.0 0.0 2.5 13.75 -13.3086
0.0 2.5 2.5 13.75 1100526744.9023001
0.0 5.0 2.5 13.75 16807708.0648
0.0 7.5 2.5 13.75 3861766.7274
0.0 10.0 2.5 13.75 9.5143
0.0 -5.0 5.0 13.75 -0.3634
0.0 -2.5 5.0 13.75 -5.1331
0.0 0.0 5.0 13.75 -11.4314
0.0 2.5 5.0 13.75 -3.6388
0.0 5.0 5.0 13.75 47154.7764
0.0 7.5 5.0 13.75 662419083.6416
0.0 10.0 5.0 13.75 11.5307
0.0 -5.0 -10.0 15.0 4907.7927
0.0 -2.5 -10.0 15.0 82.8357
0.0 0.0 -10.0 15.0 159829.5872
0.0 2.5 -10.0 15.0 10000000017.6418
0.0 5.0 -10.0 15.0 10000000018.729301
0.0 7.5 -10.0 15.0 92131321.5324
0.0 10.0 -10.0 15.0 1718.7935
0.0 -5.0 -7.5 15.0 1786.621
0.0 -2.5 -7.5 15.0 3512.0129
0.0 0.0 -7.5 15.0 114532.169
0.0 2.5 -7.5 15.0 254438771.6796
0.0 5.0 -7.5 15.0 9999999949.9253
0.0 7.5 -7.5 15.0 7734374781.292299
0.0 10.0 -7.5 15.0 2399.5593999999996
0.0 -5.0 -5.0 15.0 389.93559999999997
0.0 -2.5 -5.0 15.0 146.8659
0.0 0.0 -5.0 15.0 10089415.330500001
0.0 2.5 -5.0 15.0 10000000019.4675
0.0 5.0 -5.0 15.0 1796897465.7832
0.0 7.5 -5.0 15.0 183669796.46089998
0.0 10.0 -5.0 15.0 1714005.894
0.0 -5.0 -2.5 15.0 2.1242
0.0 -2.5 -2.5 15.0 -6.4567
0.0 0.0 -2.5 15.0 1459.5759
0.0 2.5 -2.5 15.0 1359485.344
0.0 5.0 -2.5 15.0 1173553273.0819
0.0 7.5 -2.5 15.0 119911113.376
0.0 10.0 -2.5 15.0 685.3625000000001
0.0 -5.0 0.0 15.0 2.2406
0.0 -2.5 0.0 15.0 -7.5407
0.0 0.0 0.0 15.0 -13.5851
0.0 2.5 0.0 15.0 590810.9722
0.0 5.0 0.0 15.0 2368750740.4625
0.0 7.5 0.0 15.0 40278.3007
0.0 10.0 0.0 15.0 49.8251
0.0 -5.0 2.5 15.0 0.1169
0.0 -2.5 2.5 15.0 -5.8850999999999996
0.0 0.0 2.5 15.0 -12.403
0.0 2.5 2.5 15.0 657012.1729
0.0 5.0 2.5 15.0 8782.0871
0.0 7.5 2.5 15.0 126.7309
0.0 10.0 2.5 15.0 4.582000000000001
0.0 -5.0 5.0 15.0 -0.5352
0.0 -2.5 5.0 15.0 -4.6960999999999995
0.0 0.0 5.0 15.0 -9.4798
0.0 2.5 5.0 15.0 -12.651
0.0 5.0 5.0 15.0 384.8858
0.0 7.5 5.0 15.0 58.7917
0.0 10.0 5.0 15.0 6.9625
0.0 -5.0 -10.0 16.25 -11.1831
0.0 -2.5 -10.0 16.25 -6.3527000000000005
0.0 0.0 -10.0 16.25 907.9256
0.0 2.5 -10.0 16.25 130729.8644
0.0 5.0 -10.0 16.25 44603020.8503
0.0 7.5 -10.0 16.25 32670.3102
0.0 10.0 -10.0 16.25 -4.5401
0.0 -5.0 -7.5 16.25 -5.7326
0.0 -2.5 -7.5 16.25 20.285999999999998
0.0 0.0 -7.5 16.25 10622.7337
0.0 2.5 -7.5 16.25 2513424.5049
0.0 5.0 -7.5 16.25 9999999999.5948
0.0 7.5 -7.5 16.25 673870224.5542
0.0 10.0 -7.5 16.25 9.1111
0.0 -5.0 -5.0 16.25 -4.1566
0.0 -2.5 -5.0 16.25 8.288499999999999
0.0 0.0 -5.0 16.25 2890.6223
0.0 2.5 -5.0 16.25 430089.98480000003
0.0 5.0 -5.0 16.25 395687001.2516
0.0 7.5 -5.0 16.25 288461801.5291
0.0 10.0 -5.0 16.25 50.9523
0.0 -5.0 -2.5 16.25 -1.0724
0.0 -2.5 -2.5 16.25 -4.7856000000000005
0.0 0.0 -2.5 16.25 37.9674
0.0 2.5 -2.5 16.25 28107.2102
0.0 5.0 -2.5 16.25 143588682.08830002
0.0 7.5 -2.5 16.25 1768405.6382000002
0.0 10.0 -2.5 16.25 3.6716
0.0 -5.0 0.0 16.25 -0.05650000000000005
0.0 -2.5 0.0 16.25 -5.780799999999999
0.0 0.0 0.0 16.25 -11.3458
0.0 2.5 0.0 16.25 189.6126
0.0 5.0 0.0 16.25 1627909.2503
0.0 7.5 0.0 16.25 5774.421200000001
0.0 10.0 0.0 16.25 -2.1537
0.0 -5.0 2.5 16.25 -0.5665
0.0 -2.5 2.5 16.25 -4.981199999999999
0.0 0.0 2.5 16.25 -9.292200000000001
0.0 2.5 2.5 16.25 2.6829
0.0 5.0 2.5 16.25 20.7866
0.0 7.5 2.5 16.25 2.7659000000000002
0.0 10.0 2.5 16.25 3.8053000000000003
0.0 -5.0 5.0 16.25 -0.4418
0.0 -2.5 5.0 16.25 -3.6612
0.0 0.0 5.0 16.25 -6.6675
0.0 2.5 5.0 16.25 -7.3718
0.0 5.0 5.0 16.25 1.6176999999999997
0.0 7.5 5.0 16.25 5.1423000000000005
0.0 10.0 5.0 16.25 4.8719
60.0 -5.0 -10.0 3.75 85493966.71260001
60.0 -2.5 -10.0 3.75 8467171142.7879
60.0 0.0 -10.0 3.75 9999999899.972101
60.0 2.5 -10.0 3.75 9999999860.7306
60.0 5.0 -10.0 3.75 9999999922.743101
60.0 7.5 -10.0 3.75 9999999905.5489
60.0 10.0 -10.0 3.75 10000000156.504702
60.0 -5.0 -7.5 3.75 2444183580.819
60.0 -2.5 -7.5 3.75 10000000065.201101
60.0 0.0 -7.5 3.75 2662242348.7640004
60.0 2.5 -7.5 3.75 9999999957.9888
60.0 5.0 -7.5 3.75 9999999914.441101
60.0 7.5 -7.5 3.75 10000000056.839901
60.0 10.0 -7.5 3.75 2332560297.1277
60.0 -5.0 -5.0 3.75 65017637.724
60.0 -2.5 -5.0 3.75 10000000359.2964
60.0 0.0 -5.0 3.75 10000000040.1051
60.0 2.5 -5.0 3.75 9999999670.7544
60.0 5.0 -5.0 3.75 9999999958.4601
60.0 7.5 -5.0 3.75 2692993180.4651
60.0 10.0 -5.0 3.75 94291270.7376
60.0 -5.0 -2.5 3.75 1044653447.357
60.0 -2.5 -2.5 3.75 9999999935.638601
60.0 0.0 -2.5 3.75 4734553450.566501
60.0 2.5 -2.5 3.75 9999999896.005901
60.0 5.0 -2.5 3.75 9999999928.848902
60.0 7.5 -2.5 3.75 9999999937.1592
60.0 10.0 -2.5 3.75 9999999852.002201
60.0 -5.0 0.0 3.75 53849642.761700004
60.0 -2.5 0.0 3.75 9999999875.5365
60.0 0.0 0.0 3.75 552203433.0123
60.0 2.5 0.0 3.75 870032202.3712
60.0 5.0 0.0 3.75 10000000168.6268
60.0 7.5 0.0 3.75 10000000029.928202
60.0 10.0 0.0 3.75 5449197.956499999
60.0 -5.0 2.5 3.75 3291256704.1366
60.0 -2.5 2.5 3.75 2226228906.2697997
60.0 0.0 2.5 3.75 4028531045.1298
60.0 2.5 2.5 3.75 10000000043.805
60.0 5.0 2.5 3.75 55549.1429
60.0 7.5 2.5 3.75 2780.5242
60.0 10.0 2.5 3.75 807426422.5165
60.0 -5.0 5.0 3.75 146324.1956
60.0 -2.5 5.0 3.75 3351852450.1738
60.0 0.0 5.0 3.75 7212388.5339
60.0 2.5 5.0 3.75 41716677.8493
60.0 5.0 5.0 3.75 8.0746
60.0 7.5 5.0 3.75 8.61
60.0 10.0 5.0 3.75 5.2322
60.0 2.5 -2.5 5.0 10000000020.7796
60.0 0.0 0.0 5.0 9999999942.400301
60.0 0.0 2.5 5.0 9999999950.7331
60.0 2.5 -2.5 6.25 9999999984.671902
60.0 0.0 0.0 6.25 9999999985.7101
60.0 0.0 2.5 6.25 10000000010.371302
60.0 0.0 5.0 6.25 6466017.2526
60.0 2.5 -5.0 7.5 9999999868.5266
60.0 2.5 -2.5 7.5 9554483094.4155
60.0 5.0 -2.5 7.5 9999999916.703701
60.0 -2.5 0.0 7.5 153603322.7818
60.0 0.0 0.0 7.5 9999999995.1576
60.0 2.5 0.0 7.5 4945262362.5822
60.0 0.0 2.5 7.5 9999999980.944302
60.0 0.0 5.0 7.5 4387838.8611
60.0 2.5 -7.5 8.75 10000000000.5919
60.0 2.5 -5.0 8.75 10000000075.384602
60.0 5.0 -5.0 8.75 2206073933.1618
60.0 0.0 -2.5 8.75 9999999897.2479
60.0 2.5 -2.5 8.75 9999999941.5259
60.0 -2.5 0.0 8.75 3444735575.062
60.0 0.0 0.0 8.75 67299807.4596
60.0 2.5 0.0 8.75 2474823713.4912
60.0 -2.5 2.5 8.75 7949340.7817
60.0 0.0 2.5 8.75 10000000015.813301
60.0 0.0 5.0 8.75 9999999998.896
60.0 5.0 -10.0 10.0 8492583792.2962
60.0 2.5 -7.5 10.0 10000000139.0189
60.0 5.0 -7.5 10.0 6113126939.222401
60.0 7.5 -7.5 10.0 391867979.7469
60.0 0.0 -5.0 10.0 3857403837.9866
60.0 2.5 -5.0 10.0 9316950824.546701
60.0 5.0 -5.0 10.0 3052575492.2731
60.0 -2.5 -2.5 10.0 10000000029.5519
60.0 0.0 -2.5 10.0 9999999986.1357
60.0 2.5 -2.5 10.0 10000000082.1993
60.0 5.0 -2.5 10.0 10000000058.3775
60.0 7.5 -2.5 10.0 9152304122.447899
60.0 -2.5 0.0 10.0 9426518222.2247
60.0 0.0 0.0 10.0 265285604.32349998
60.0 2.5 0.0 10.0 5474070920.3466
60.0 -2.5 2.5 10.0 20326.9256
60.0 0.0 2.5 10.0 10000000025.619001
60.0 2.5 2.5 10.0 4828190.3809
60.0 -2.5 5.0 10.0 412.0224
60.0 0.0 5.0 10.0 1160909827.204
60.0 2.5 5.0 10.0 2924140.2069
60.0 2.5 -10.0 11.25 10000000063.8076
60.0 5.0 -10.0 11.25 9999999934.3726
60.0 10.0 -10.0 11.25 9999999974.0998
60.0 0.0 -7.5 11.25 9999999832.6401
60.0 2.5 -7.5 11.25 9999999914.5158
60.0 5.0 -7.5 11.25 10000000007.3712
60.0 7.5 -7.5 11.25 2693740585.9132
60.0 0.0 -5.0 11.25 9999999880.3647
60.0 2.5 -5.0 11.25 8895691613.0349
60.0 5.0 -5.0 11.25 283396396.8743
60.0 -2.5 -2.5 11.25 1015495745.1219001
60.0 0.0 -2.5 11.25 245876851.9705
60.0 2.5 -2.5 11.25 9999999973.723001
60.0 5.0 -2.5 11.25 10000000111.303501
60.0 7.5 -2.5 11.25 2010216292.0256
60.0 -5.0 0.0 11.25 20.338
60.0 -2.5 0.0 11.25 740806.3452
60.0 0.0 0.0 11.25 8925016698.9496
60.0 2.5 0.0 11.25 3437602475.1317
60.0 5.0 0.0 11.25 3380562.6987
60.0 -5.0 2.5 11.25 -6.083500000000001
60.0 -2.5 2.5 11.25 24728.5836
60.0 0.0 2.5 11.25 287451237.9411
60.0 2.5 2.5 11.25 494695.44869999995
60.0 5.0 2.5 11.25 1641.6557
60.0 -2.5 5.0 11.25 1386.3082000000002
60.0 0.0 5.0 11.25 617316019.3579999
60.0 2.5 5.0 11.25 118735.2769
60.0 5.0 5.0 11.25 -0.1894
60.0 7.5 5.0 11.25 3.6843999999999997
60.0 -2.5 -10.0 12.5 2478344.4135
60.0 0.0 -10.0 12.5 1311813.1923
60.0 2.5 -10.0 12.5 2778776260.1075
60.0 5.0 -10.0 12.5 1637664902.5953999
60.0 7.5 -10.0 12.5 2513499402.6667
60.0 10.0 -10.0 12.5 9999999746.994701
60.0 0.0 -7.5 12.5 2984945.6944999998
60.0 2.5 -7.5 12.5 9999999947.2991
60.0 5.0 -7.5 12.5 229865574.3899
60.0 7.5 -7.5 12.5 517883414.4989
60.0 10.0 -7.5 12.5 4011784.4029
60.0 -2.5 -5.0 12.5 10000000016.379702
60.0 0.0 -5.0 12.5 10000000028.491701
60.0 2.5 -5.0 12.5 10000000093.194302
60.0 5.0 -5.0 12.5 9999999891.796501
60.0 7.5 -5.0 12.5 10000000006.180601
60.0 -5.0 -2.5 12.5 -14.6791
60.0 -2.5 -2.5 12.5 940627081.1593
60.0 0.0 -2.5 12.5 299346258.1211
60.0 2.5 -2.5 12.5 9999999940.705
60.0 5.0 -2.5 12.5 842965956.5148
60.0 7.5 -2.5 12.5 4943755258.2972
60.0 -5.0 0.0 12.5 -12.5814
60.0 -2.5 0.0 12.5 9999999981.7511
60.0 0.0 0.0 12.5 2862166597.3276
60.0 2.5 0.0 12.5 1162844576.0991
60.0 5.0 0.0 12.5 10000000007.949701
60.0 -5.0 2.5 12.5 -5.4853
60.0 -2.5 2.5 12.5 2052879.6541
60.0 0.0 2.5 12.5 92505355.5522
60.0 2.5 2.5 12.5 1999073.1296
60.0 5.0 2.5 12.5 24880.537099999998
60.0 7.5 2.5 12.5 3355148.3281
60.0 -5.0 5.0 12.5 1.4530999999999998
60.0 -2.5 5.0 12.5 116.1866
60.0 0.0 5.0 12.5 51087.089499999995
60.0 2.5 5.0 12.5 594.2774999999999
60.0 5.0 5.0 12.5 3.7809000000000004
60.0 7.5 5.0 12.5 7.6049999999999995
60.0 10.0 5.0 12.5 5.4559
60.0 -2.5 -10.0 13.75 2547.5849000000003
60.0 0.0 -10.0 13.75 14386574.482800001
60.0 2.5 -10.0 13.75 9999999936.2126
60.0 5.0 -10.0 13.75 1670041776.0054998
60.0 7.5 -10.0 13.75 60759648.768300004
60.0 10.0 -10.0 13.75 17739.2058
60.0 0.0 -7.5 13.75 108158.268
60.0 2.5 -7.5 13.75 9999999999.701302
60.0 5.0 -7.5 13.75 9999999901.6543
60.0 7.5 -7.5 13.75 72035227.0514
60.0 10.0 -7.5 13.75 167060.46600000001
60.0 -2.5 -5.0 13.75 129686755.5752
60.0 0.0 -5.0 13.75 9999999950.4477
60.0 2.5 -5.0 13.75 2085650943.6111
60.0 5.0 -5.0 13.75 1413200833.4503999
60.0 7.5 -5.0 13.75 16902191.8164
60.0 10.0 -5.0 13.75 100320.0884
60.0 -5.0 -2.5 13.75 -15.194700000000001
60.0 -2.5 -2.5 13.75 10000000043.8927
60.0 0.0 -2.5 13.75 419668.7467
60.0 2.5 -2.5 13.75 364753285.6295
60.0 5.0 -2.5 13.75 10000000034.1959
60.0 7.5 -2.5 13.75 9999999992.2212
60.0 -5.0 0.0 13.75 -10.7548
60.0 -2.5 0.0 13.75 215222103.7424
60.0 0.0 0.0 13.75 1437581.6702
60.0 2.5 0.0 13.75 6252209.7291
60.0 5.0 0.0 13.75 9999999989.876701
60.0 -5.0 2.5 13.75 -5.428
60.0 -2.5 2.5 13.75 464780.5803
60.0 0.0 2.5 13.75 37117.5556
60.0 2.5 2.5 13.75 846.1786999999999
60.0 5.0 2.5 13.75 32154.411900000003
60.0 7.5 2.5 13.75 14450.2355
60.0 -5.0 5.0 13.75 1.1794000000000002
60.0 -2.5 5.0 13.75 243.3818
60.0 0.0 5.0 13.75 883.2356
60.0 2.5 5.0 13.75 6.179499999999999
60.0 5.0 5.0 13.75 1.4538000000000002
60.0 7.5 5.0 13.75 6.9566
60.0 10.0 5.0 13.75 -2.0903
60.0 -5.0 -10.0 15.0 7.4833
60.0 -2.5 -10.0 15.0 -1.7963
60.0 0.0 -10.0 15.0 114214.912
60.0 2.5 -10.0 15.0 9999999962.3439
60.0 5.0 -10.0 15.0 1177602529.7009
60.0 7.5 -10.0 15.0 3898597765.5712
60.0 10.0 -10.0 15.0 -28.695600000000002
60.0 -5.0 -7.5 15.0 -0.8496000000000001
60.0 -2.5 -7.5 15.0 -14.3184
60.0 0.0 -7.5 15.0 493388586.4524
60.0 2.5 -7.5 15.0 9999999936.134901
60.0 5.0 -7.5 15.0 4223603682.9712
60.0 7.5 -7.5 15.0 580128.5936
60.0 10.0 -7.5 15.0 21.9822
60.0 -5.0 -5.0 15.0 -12.2813
60.0 -2.5 -5.0 15.0 185.69310000000002
60.0 0.0 -5.0 15.0 78960.0919
60.0 2.5 -5.0 15.0 28430664.8044
60.0 5.0 -5.0 15.0 8132754490.6429
60.0 7.5 -5.0 15.0 672765388.7737999
60.0 10.0 -5.0 15.0 34.7038
60.0 -5.0 -2.5 15.0 -12.1004
60.0 -2.5 -2.5 15.0 34670204.5341
60.0 0.0 -2.5 15.0 7005.9688
60.0 2.5 -2.5 15.0 10000000010.3637
60.0 5.0 -2.5 15.0 5869823708.8212
60.0 7.5 -2.5 15.0 4809317214.1328
60.0 10.0 -2.5 15.0 4883.6646
60.0 -5.0 0.0 15.0 -9.4589
60.0 -2.5 0.0 15.0 155453746.1753
60.0 0.0 0.0 15.0 2608.5081
60.0 2.5 0.0 15.0 10000000002.5226
60.0 5.0 0.0 15.0 2073780004.7201002
60.0 7.5 0.0 15.0 71989368.2905
60.0 -5.0 2.5 15.0 -4.4959999999999996
60.0 -2.5 2.5 15.0 3402.9258999999997
60.0 0.0 2.5 15.0 180.2834
60.0 2.5 2.5 15.0 40.0811
60.0 5.0 2.5 15.0 54461.9513
60.0 7.5 2.5 15.0 2838457.5456
60.0 10.0 2.5 15.0 4.625099999999999
60.0 -5.0 5.0 15.0 1.0989
60.0 -2.5 5.0 15.0 5.3064
60.0 0.0 5.0 15.0 13.5913
60.0 2.5 5.0 15.0 6.4015
60.0 5.0 5.0 15.0 -1.7143
60.0 7.5 5.0 15.0 1.3947
60.0 10.0 5.0 15.0 -1.9735
60.0 -5.0 -10.0 16.25 3.6979
60.0 -2.5 -10.0 16.25 -3.4133
60.0 0.0 -10.0 16.25 157.53570000000002
60.0 2.5 -10.0 16.25 32035987.8277
60.0 5.0 -10.0 16.25 50348645.387499996
60.0 7.5 -10.0 16.25 9999999992.6259
60.0 10.0 -10.0 16.25 -1.2507000000000001
60.0 -5.0 -7.5 16.25 -2.3381
60.0 -2.5 -7.5 16.25 -9.4036
60.0 0.0 -7.5 16.25 377.75919999999996
60.0 2.5 -7.5 16.25 31657673.7491
60.0 5.0 -7.5 16.25 178179893.7992
60.0 7.5 -7.5 16.25 36998.1717
60.0 10.0 -7.5 16.25 1.2907000000000002
60.0 -5.0 -5.0 16.25 -8.5133
60.0 -2.5 -5.0 16.25 -14.893899999999999
60.0 0.0 -5.0 16.25 18412.633400000002
60.0 2.5 -5.0 16.25 10000000015.108301
60.0 5.0 -5.0 16.25 9999999997.1765
60.0 7.5 -5.0 16.25 207441392.4844
60.0 10.0 -5.0 16.25 -1.6592000000000002
60.0 -5.0 -2.5 16.25 -9.8778
60.0 -2.5 -2.5 16.25 45.8223
60.0 0.0 -2.5 16.25 175.017
60.0 2.5 -2.5 16.25 248131736.313
60.0 5.0 -2.5 16.25 573444104.2739
60.0 7.5 -2.5 16.25 2520661800.9802003
60.0 10.0 -2.5 16.25 6.2865
60.0 -5.0 0.0 16.25 -7.6807
60.0 -2.5 0.0 16.25 50.191
60.0 0.0 0.0 16.25 7.1174
60.0 2.5 0.0 16.25 140924.3558
60.0 5.0 0.0 16.25 485815732.2029
60.0 7.5 0.0 16.25 10000000132.444601
60.0 10.0 0.0 16.25 -7.676400000000001
60.0 -5.0 2.5 16.25 -3.2417999999999996
60.0 -2.5 2.5 16.25 -0.5195000000000001
60.0 0.0 2.5 16.25 5.154399999999999
60.0 2.5 2.5 16.25 16.386400000000002
60.0 5.0 2.5 16.25 4543.0761999999995
60.0 7.5 2.5 16.25 138.2301
60.0 10.0 2.5 16.25 -6.4105
60.0 -5.0 5.0 16.25 0.5133
60.0 -2.5 5.0 16.25 2.5032
60.0 0.0 5.0 16.25 5.9731
60.0 2.5 5.0 16.25 5.5273
60.0 5.0 5.0 16.25 1.1648
60.0 7.5 5.0 16.25 0.913
60.0 10.0 5.0 16.25 -1.1272
120.0 -5.0 -10.0 3.75 171791130.01380002
120.0 -2.5 -10.0 3.75 746963129.0164
120.0 0.0 -10.0 3.75 9999999924.756102
120.0 2.5 -10.0 3.75 9999999827.9717
120.0 5.0 -10.0 3.75 9999999905.6937
120.0 7.5 -10.0 3.75 10000000096.2737
120.0 10.0 -10.0 3.75 10000000036.433601
120.0 -5.0 -7.5 3.75 1061869848.7189
120.0 -2.5 -7.5 3.75 10000000000.8612
120.0 0.0 -7.5 3.75 10000000012.586802
120.0 2.5 -7.5 3.75 10000000192.742802
120.0 5.0 -7.5 3.75 9999999864.3938
120.0 7.5 -7.5 3.75 9999999964.2621
120.0 10.0 -7.5 3.75 10000000095.9318
120.0 -5.0 -5.0 3.75 10000000107.7448
120.0 -2.5 -5.0 3.75 9999999932.273
120.0 0.0 -5.0 3.75 10000000071.431501
120.0 2.5 -5.0 3.75 10000000096.609402
120.0 5.0 -5.0 3.75 10000000063.9825
120.0 7.5 -5.0 3.75 9999999921.081001
120.0 10.0 -5.0 3.75 10000000050.620602
120.0 -5.0 -2.5 3.75 6403041779.7523
120.0 -2.5 -2.5 3.75 9999999978.556301
120.0 0.0 -2.5 3.75 9999999805.9615
120.0 2.5 -2.5 3.75 9999999980.886002
120.0 5.0 -2.5 3.75 10000000030.847
120.0 7.5 -2.5 3.75 6982599949.790299
120.0 10.0 -2.5 3.75 10000000086.901901
120.0 -5.0 0.0 3.75 7038174.5529
120.0 -2.5 0.0 3.75 5970805349.3036
120.0 0.0 0.0 3.75 376091825.1976
120.0 2.5 0.0 3.75 10000000022.6898
120.0 5.0 0.0 3.75 9999999992.725302
120.0 7.5 0.0 3.75 10000000013.860601
120.0 10.0 0.0 3.75 3411410.1300999997
120.0 -5.0 2.5 3.75 1144.2126
120.0 -2.5 2.5 3.75 9788627930.392601
120.0 0.0 2.5 3.75 10000000024.9206
120.0 2.5 2.5 3.75 734915.3647
120.0 5.0 2.5 3.75 1040974143.0112
120.0 7.5 2.5 3.75 157385585.39029998
120.0 10.0 2.5 3.75 -0.6886999999999999
120.0 -5.0 5.0 3.75 -5.3982
120.0 -2.5 5.0 3.75 37672.3204
120.0 0.0 5.0 3.75 196717104.4758
120.0 2.5 5.0 3.75 216565.6619
120.0 5.0 5.0 3.75 2453236.5414
120.0 7.5 5.0 3.75 24.627299999999998
120.0 10.0 5.0 3.75 -0.989
120.0 -2.5 5.0 5.0 41936.380399999995
120.0 -2.5 2.5 6.25 10000000009.8027
120.0 -2.5 5.0 6.25 14.235399999999998
120.0 2.5 -7.5 7.5 9999999946.100101
120.0 0.0 -5.0 7.5 1239479486.4784
120.0 -2.5 0.0 7.5 10000000030.8589
120.0 -2.5 2.5 7.5 9454.0495
120.0 0.0 2.5 7.5 10000000019.443201
120.0 -2.5 5.0 7.5 -8.854099999999999
120.0 0.0 5.0 7.5 8819.1603
120.0 2.5 -7.5 8.75 8875957316.7091
120.0 5.0 -7.5 8.75 10000000190.7646
120.0 0.0 -5.0 8.75 10000000047.7486
120.0 0.0 0.0 8.75 9999999948.5273
120.0 -2.5 2.5 8.75 79.1039
120.0 0.0 2.5 8.75 127792.1549
120.0 -5.0 5.0 8.75 -0.9869
120.0 -2.5 5.0 8.75 -5.0626999999999995
120.0 0.0 5.0 8.75 421.29879999999997
120.0 2.5 5.0 8.75 10946.3087
120.0 2.5 -10.0 10.0 10000000067.2315
120.0 2.5 -7.5 10.0 10000000001.3251
120.0 5.0 -7.5 10.0 9999999965.440102
120.0 7.5 -7.5 10.0 10000000032.494701
120.0 -2.5 -5.0 10.0 10000000007.1998
120.0 0.0 -5.0 10.0 10000000420.112902
120.0 2.5 -5.0 10.0 2619698038.9758
120.0 0.0 -2.5 10.0 9999999787.7966
120.0 0.0 0.0 10.0 9999999885.838501
120.0 2.5 0.0 10.0 743599965.3192
120.0 -5.0 2.5 10.0 84.24419999999999
120.0 -2.5 2.5 10.0 -0.14550000000000018
120.0 0.0 2.5 10.0 2051.6588
120.0 2.5 2.5 10.0 2561831403.9542
120.0 -5.0 5.0 10.0 2.2311
120.0 -2.5 5.0 10.0 -1.8392000000000002
120.0 0.0 5.0 10.0 10.2347
120.0 2.5 5.0 10.0 38751.36689999999
120.0 5.0 5.0 10.0 7398138.846100001
120.0 2.5 -10.0 11.25 2456023877.9205
120.0 5.0 -10.0 11.25 10000000127.892601
120.0 10.0 -10.0 11.25 4577538971.1226
120.0 -2.5 -7.5 11.25 10000000090.5009
120.0 0.0 -7.5 11.25 10000000077.3264
120.0 2.5 -7.5 11.25 2029803684.5052001
120.0 5.0 -7.5 11.25 9999999867.799501
120.0 7.5 -7.5 11.25 9999999976.736
120.0 -2.5 -5.0 11.25 212934201.03599998
120.0 0.0 -5.0 11.25 1041389352.0867
120.0 2.5 -5.0 11.25 9999999960.5301
120.0 5.0 -5.0 11.25 9628700909.3207
120.0 7.5 -5.0 11.25 9999999961.327301
120.0 0.0 -2.5 11.25 9999999852.4412
120.0 2.5 -2.5 11.25 10000000099.8339
120.0 -5.0 0.0 11.25 579158.6183
120.0 -2.5 0.0 11.25 147168.1249
120.0 0.0 0.0 11.25 9999999980.3813
120.0 2.5 0.0 11.25 9999999987.5191
120.0 -5.0 2.5 11.25 17.6837
120.0 -2.5 2.5 11.25 -7.6877
120.0 0.0 2.5 11.25 152.3682
120.0 2.5 2.5 11.25 105723675.1416
120.0 -5.0 5.0 11.25 4.4127
120.0 -2.5 5.0 11.25 0.3117000000000001
120.0 0.0 5.0 11.25 1.3447999999999998
120.0 2.5 5.0 11.25 7751538.051899999
120.0 5.0 5.0 11.25 9999999964.880701
120.0 7.5 5.0 11.25 399.0603
120.0 -5.0 -10.0 12.5 19614988.0255
120.0 -2.5 -10.0 12.5 10000000055.8073
120.0 0.0 -10.0 12.5 1426612705.8628
120.0 2.5 -10.0 12.5 631416497.5103999
120.0 5.0 -10.0 12.5 2203033203.6872
120.0 7.5 -10.0 12.5 36879568.648899995
120.0 10.0 -10.0 12.5 959685643.1591
120.0 -2.5 -7.5 12.5 64068451.1132
120.0 0.0 -7.5 12.5 10000000021.0375
120.0 2.5 -7.5 12.5 9999999969.5912
120.0 5.0 -7.5 12.5 9999999988.9181
120.0 7.5 -7.5 12.5 1077753858.7854
120.0 10.0 -7.5 12.5 1272439.9358
120.0 -2.5 -5.0 12.5 9999999994.0809
120.0 0.0 -5.0 12.5 10000000169.8455
120.0 2.5 -5.0 12.5 9999999942.791
120.0 5.0 -5.0 12.5 5281025894.3714
120.0 -5.0 -2.5 12.5 757951.6392999999
120.0 -2.5 -2.5 12.5 10037134.786500001
120.0 0.0 -2.5 12.5 4519948532.1989
120.0 2.5 -2.5 12.5 9999999964.6704
120.0 5.0 -2.5 12.5 9999999993.6382
120.0 -5.0 0.0 12.5 2795.9138000000003
120.0 -2.5 0.0 12.5 594.7138000000001
120.0 0.0 0.0 12.5 75142.4437
120.0 2.5 0.0 12.5 9322024036.6544
120.0 5.0 0.0 12.5 9999999938.129301
120.0 -5.0 2.5 12.5 11.0418
120.0 -2.5 2.5 12.5 -2.2915
120.0 0.0 2.5 12.5 1079.9316000000001
120.0 2.5 2.5 12.5 10000000004.4165
120.0 5.0 2.5 12.5 4690149.9777
120.0 -5.0 5.0 12.5 5.3864
120.0 -2.5 5.0 12.5 2.2523
120.0 0.0 5.0 12.5 16.139499999999998
120.0 2.5 5.0 12.5 58215395.9766
120.0 5.0 5.0 12.5 300245954.09250003
120.0 7.5 5.0 12.5 2864.5449000000003
120.0 -5.0 -10.0 13.75 417.37739999999997
120.0 -2.5 -10.0 13.75 879853.418
120.0 0.0 -10.0 13.75 40374606.9739
120.0 2.5 -10.0 13.75 336236215.0961
120.0 5.0 -10.0 13.75 9999999991.353
120.0 7.5 -10.0 13.75 2313453423.7756
120.0 10.0 -10.0 13.75 35349236.873100005
120.0 -2.5 -7.5 13.75 41903365.65
120.0 0.0 -7.5 13.75 10000000107.494902
120.0 2.5 -7.5 13.75 516216849.6676
120.0 5.0 -7.5 13.75 315809254.9583
120.0 7.5 -7.5 13.75 201406362.15489998
120.0 10.0 -7.5 13.75 7131701.7438
120.0 -2.5 -5.0 13.75 701610.9647
120.0 0.0 -5.0 13.75 338359259.018
120.0 2.5 -5.0 13.75 72816770.7182
120.0 5.0 -5.0 13.75 960404972.9518
120.0 7.5 -5.0 13.75 41055972.8958
120.0 10.0 -5.0 13.75 3.237400000000001
120.0 -5.0 -2.5 13.75 630000.0768
120.0 -2.5 -2.5 13.75 6088.943499999999
120.0 0.0 -2.5 13.75 10000000041.259
120.0 2.5 -2.5 13.75 5842169707.862
120.0 5.0 -2.5 13.75 100344453.1866
120.0 -5.0 0.0 13.75 6.297400000000001
120.0 -2.5 0.0 13.75 -9.1927
120.0 0.0 0.0 13.75 409356.1482
120.0 2.5 0.0 13.75 44654120.061500005
120.0 5.0 0.0 13.75 10000000027.5916
120.0 -5.0 2.5 13.75 7.526700000000001
120.0 -2.5 2.5 13.75 -0.05979999999999963
120.0 0.0 2.5 13.75 2083.4823
120.0 2.5 2.5 13.75 10000000032.946201
120.0 5.0 2.5 13.75 8189530.431700001
120.0 -5.0 5.0 13.75 5.3182
120.0 -2.5 5.0 13.75 3.0189000000000004
120.0 0.0 5.0 13.75 4.9769
120.0 2.5 5.0 13.75 372921.4721
120.0 5.0 5.0 13.75 29016.167699999998
120.0 7.5 5.0 13.75 10.714300000000001
120.0 -5.0 -10.0 15.0 -9.898499999999999
120.0 -2.5 -10.0 15.0 401.72270000000003
120.0 0.0 -10.0 15.0 10000000050.9808
120.0 2.5 -10.0 15.0 10000000019.4325
120.0 5.0 -10.0 15.0 9999999937.3398
120.0 7.5 -10.0 15.0 9915.837699999998
120.0 10.0 -10.0 15.0 7268.0979
120.0 -5.0 -7.5 15.0 1281.7338
120.0 -2.5 -7.5 15.0 5769.0572999999995
120.0 0.0 -7.5 15.0 51035875.9169
120.0 2.5 -7.5 15.0 10000000031.1313
120.0 5.0 -7.5 15.0 10000000047.2898
120.0 7.5 -7.5 15.0 5113771.3991
120.0 10.0 -7.5 15.0 815.1865
120.0 -5.0 -5.0 15.0 440.24190000000004
120.0 -2.5 -5.0 15.0 86041.3722
120.0 0.0 -5.0 15.0 3491449.0123
120.0 2.5 -5.0 15.0 2443341264.9449
120.0 5.0 -5.0 15.0 23308543.5783
120.0 7.5 -5.0 15.0 36948046.7807
120.0 10.0 -5.0 15.0 -22.3336
120.0 -5.0 -2.5 15.0 52.7464
120.0 -2.5 -2.5 15.0 416.0791
120.0 0.0 -2.5 15.0 4258281306.7008
120.0 2.5 -2.5 15.0 7237017298.5328
120.0 5.0 -2.5 15.0 9999999975.1063
120.0 7.5 -2.5 15.0 580021.0255
120.0 10.0 -2.5 15.0 -8.0478
120.0 -5.0 0.0 15.0 3.8562
120.0 -2.5 0.0 15.0 -1.1566999999999998
120.0 0.0 0.0 15.0 152638781.2458
120.0 2.5 0.0 15.0 47645075.1109
120.0 5.0 0.0 15.0 36859571.6779
120.0 10.0 0.0 15.0 -6.0676000000000005
120.0 -5.0 2.5 15.0 6.0106
120.0 -2.5 2.5 15.0 1.3121999999999998
120.0 0.0 2.5 15.0 402.9834
120.0 2.5 2.5 15.0 30389154.4886
120.0 5.0 2.5 15.0 4972.2884
120.0 7.5 2.5 15.0 -15.4832
120.0 -5.0 5.0 15.0 4.7498
120.0 -2.5 5.0 15.0 3.3018
120.0 0.0 5.0 15.0 0.8212999999999999
120.0 2.5 5.0 15.0 157.7222
120.0 5.0 5.0 15.0 262.7756
120.0 7.5 5.0 15.0 -6.7549
120.0 10.0 5.0 15.0 -3.551
120.0 -5.0 -10.0 16.25 -10.5932
120.0 -2.5 -10.0 16.25 -14.448
120.0 0.0 -10.0 16.25 5276.0293
120.0 2.5 -10.0 16.25 1217682906.3528
120.0 5.0 -10.0 16.25 3233539763.2451997
120.0 7.5 -10.0 16.25 -33.5295
120.0 10.0 -10.0 16.25 -41.740500000000004
120.0 -5.0 -7.5 16.25 -2.1391999999999998
120.0 -2.5 -7.5 16.25 -7.4036
120.0 0.0 -7.5 16.25 2089412544.5415
120.0 2.5 -7.5 16.25 9999999961.596
120.0 5.0 -7.5 16.25 4738693.0126
120.0 7.5 -7.5 16.25 187.1019
120.0 10.0 -7.5 16.25 -28.692300000000003
120.0 -5.0 -5.0 16.25 -1.1912000000000003
120.0 -2.5 -5.0 16.25 5.5348
120.0 0.0 -5.0 16.25 610126138.7466999
120.0 2.5 -5.0 16.25 135969363.3176
120.0 5.0 -5.0 16.25 80282321.73460001
120.0 7.5 -5.0 16.25 1123.9684
120.0 10.0 -5.0 16.25 -13.8869
120.0 -5.0 -2.5 16.25 1.0707999999999998
120.0 -2.5 -2.5 16.25 -3.0582000000000003
120.0 0.0 -2.5 16.25 30546.631699999998
120.0 2.5 -2.5 16.25 340658925.2163
120.0 5.0 -2.5 16.25 12102000.655
120.0 7.5 -2.5 16.25 5660.7453000000005
120.0 10.0 -2.5 16.25 -6.3304
120.0 -5.0 0.0 16.25 3.9244000000000003
120.0 -2.5 0.0 16.25 0.5751000000000004
120.0 0.0 0.0 16.25 4583.3434
120.0 2.5 0.0 16.25 554859480.4223
120.0 5.0 0.0 16.25 177556508.92069998
120.0 7.5 0.0 16.25 -8.756
120.0 10.0 0.0 16.25 -5.516
120.0 -5.0 2.5 16.25 4.6583000000000006
120.0 -2.5 2.5 16.25 2.46
120.0 0.0 2.5 16.25 36.891400000000004
120.0 2.5 2.5 16.25 18367.9353
120.0 5.0 2.5 16.25 1108418.9726999998
120.0 7.5 2.5 16.25 -14.2011
120.0 10.0 2.5 16.25 -5.2202
120.0 -5.0 5.0 16.25 4.1181
120.0 -2.5 5.0 16.25 3.5699
120.0 0.0 5.0 16.25 2.4290000000000003
120.0 2.5 5.0 16.25 3.3458
120.0 5.0 5.0 16.25 -2.1908
120.0 7.5 5.0 16.25 -4.8126
120.0 10.0 5.0 16.25 -2.9252
180.0 -5.0 -10.0 3.75 10000000016.469501
180.0 -2.5 -10.0 3.75 7323280958.3631
180.0 0.0 -10.0 3.75 10000000130.995201
180.0 2.5 -10.0 3.75 9999999979.321901
180.0 5.0 -10.0 3.75 10000000103.670502
180.0 7.5 -10.0 3.75 7106493077.4709
180.0 10.0 -10.0 3.75 9999999966.731201
180.0 -5.0 -7.5 3.75 5098159403.8613
180.0 -2.5 -7.5 3.75 10000000101.0142
180.0 0.0 -7.5 3.75 9999999904.066301
180.0 2.5 -7.5 3.75 3396680414.2537
180.0 5.0 -7.5 3.75 10000000086.7865
180.0 7.5 -7.5 3.75 6300167312.356299
180.0 10.0 -7.5 3.75 9999999944.226702
180.0 -5.0 -5.0 3.75 9999999999.767302
180.0 -2.5 -5.0 3.75 9999999876.458
180.0 0.0 -5.0 3.75 9999999748.121
180.0 2.5 -5.0 3.75 9999999853.079601
180.0 5.0 -5.0 3.75 10000000280.767801
180.0 7.5 -5.0 3.75 2109612235.3358
180.0 10.0 -5.0 3.75 1647765252.9052
180.0 -5.0 -2.5 3.75 5349654026.259299
180.0 -2.5 -2.5 3.75 9999999884.1564
180.0 0.0 -2.5 3.75 9999999796.5049
180.0 2.5 -2.5 3.75 10000000032.451601
180.0 5.0 -2.5 3.75 10000000041.696201
180.0 7.5 -2.5 3.75 525098201.2697
180.0 10.0 -2.5 3.75 134460697.9563
180.0 -5.0 0.0 3.75 1061223740.1858
180.0 -2.5 0.0 3.75 891622022.3471999
180.0 0.0 0.0 3.75 535293899.1017
180.0 2.5 0.0 3.75 500965755.1028
180.0 5.0 0.0 3.75 5972925170.659801
180.0 7.5 0.0 3.75 141524717.8075
180.0 10.0 0.0 3.75 10000000064.759201
180.0 -5.0 2.5 3.75 17888242.1675
180.0 -2.5 2.5 3.75 549986.9208
180.0 0.0 2.5 3.75 1165258565.8738
180.0 2.5 2.5 3.75 10000000029.9496
180.0 5.0 2.5 3.75 10050.2917
180.0 7.5 2.5 3.75 2941.2446999999997
180.0 10.0 2.5 3.75 417.9225
180.0 -5.0 5.0 3.75 -7.796200000000001
180.0 -2.5 5.0 3.75 -8.0638
180.0 0.0 5.0 3.75 0.4910000000000001
180.0 2.5 5.0 3.75 54352.893
180.0 5.0 5.0 3.75 1.8444000000000003
180.0 7.5 5.0 3.75 2.2314999999999996
180.0 10.0 5.0 3.75 -2.5295
180.0 -2.5 -2.5 7.5 9999999883.2007
180.0 0.0 2.5 7.5 31820394.0085
180.0 0.0 5.0 7.5 -0.5937999999999999
180.0 -5.0 -2.5 8.75 3604440739.1747
180.0 -2.5 -2.5 8.75 9999999947.6126
180.0 2.5 -2.5 8.75 10000000022.9451
180.0 -5.0 0.0 8.75 9436.520700000001
180.0 0.0 0.0 8.75 98916310.4973
180.0 0.0 2.5 8.75 290.3444
180.0 0.0 -10.0 10.0 9999999871.3278
180.0 2.5 -10.0 10.0 1189780916.9791
180.0 0.0 -7.5 10.0 370764077.87979996
180.0 2.5 -7.5 10.0 9999999890.69
180.0 5.0 -7.5 10.0 10000000258.922401
180.0 -2.5 -5.0 10.0 10000000211.013601
180.0 0.0 -5.0 10.0 10000000040.125101
180.0 2.5 -5.0 10.0 9999999968.4396
180.0 5.0 -5.0 10.0 10000000048.262201
180.0 -5.0 -2.5 10.0 1102567725.3394
180.0 -2.5 -2.5 10.0 9999999949.9174
180.0 0.0 -2.5 10.0 1188261723.0849001
180.0 2.5 -2.5 10.0 9999999930.652802
180.0 -5.0 0.0 10.0 14238.9728
180.0 -2.5 0.0 10.0 10000000022.115501
180.0 0.0 0.0 10.0 9999999991.0575
180.0 -5.0 2.5 10.0 246.8472
180.0 0.0 2.5 10.0 1820.7704
180.0 2.5 2.5 10.0 153143263.3896
180.0 0.0 5.0 10.0 9.0257
180.0 2.5 5.0 10.0 1744.3597
180.0 0.0 -10.0 11.25 9999999751.4785
180.0 2.5 -10.0 11.25 2259815532.2051997
180.0 5.0 -10.0 11.25 10000000048.941301
180.0 0.0 -7.5 11.25 9999999900.0182
180.0 2.5 -7.5 11.25 9999999980.4937
180.0 5.0 -7.5 11.25 186559091.767
180.0 7.5 -7.5 11.25 704461249.847
180.0 -2.5 -5.0 11.25 10000000123.1758
180.0 0.0 -5.0 11.25 9999999933.0156
180.0 2.5 -5.0 11.25 2159394196.6019
180.0 5.0 -5.0 11.25 4999915103.7698
180.0 -5.0 -2.5 11.25 948201.1205
180.0 -2.5 -2.5 11.25 22023566.1334
180.0 0.0 -2.5 11.25 2680493876.902
180.0 2.5 -2.5 11.25 153374334.9284
180.0 -5.0 0.0 11.25 18915703.2105
180.0 -2.5 0.0 11.25 10000000001.800001
180.0 0.0 0.0 11.25 9999999975.076601
180.0 -5.0 2.5 11.25 577.1232
180.0 -2.5 2.5 11.25 1259134777.1627002
180.0 0.0 2.5 11.25 833127.6616999999
180.0 2.5 2.5 11.25 397971053.8213
180.0 -5.0 5.0 11.25 -3.0544000000000002
180.0 0.0 5.0 11.25 14.7862
180.0 2.5 5.0 11.25 565.0033
180.0 -5.0 -10.0 12.5 990.2426
180.0 -2.5 -10.0 12.5 80212077.168
180.0 0.0 -10.0 12.5 9999999894.7626
180.0 2.5 -10.0 12.5 9999999970.789701
180.0 5.0 -10.0 12.5 102848765.7115
180.0 7.5 -10.0 12.5 9999999960.455801
180.0 10.0 -10.0 12.5 37618.145599999996
180.0 -2.5 -7.5 12.5 10000000036.2654
180.0 0.0 -7.5 12.5 1380373652.4317
180.0 2.5 -7.5 12.5 3850546115.5265
180.0 5.0 -7.5 12.5 10000000287.222801
180.0 7.5 -7.5 12.5 5139461.7706
180.0 -5.0 -5.0 12.5 2812586.0311999996
180.0 -2.5 -5.0 12.5 815799589.4169
180.0 0.0 -5.0 12.5 9999999974.3027
180.0 2.5 -5.0 12.5 428071039.9699
180.0 5.0 -5.0 12.5 1293894079.3362
180.0 -5.0 -2.5 12.5 621085.2052
180.0 -2.5 -2.5 12.5 9999999958.9309
180.0 0.0 -2.5 12.5 882028711.5072
180.0 2.5 -2.5 12.5 10000000024.173601
180.0 5.0 -2.5 12.5 10000000002.5585
180.0 -5.0 0.0 12.5 63517.41989999999
180.0 -2.5 0.0 12.5 45037278.8209
180.0 0.0 0.0 12.5 8404432.6565
180.0 2.5 0.0 12.5 123870386.76280001
180.0 -5.0 2.5 12.5 887.9817
180.0 -2.5 2.5 12.5 500884.4318
180.0 0.0 2.5 12.5 413569.1
180.0 2.5 2.5 12.5 7734417.8564
180.0 -5.0 5.0 12.5 -4.2338000000000005
180.0 -2.5 5.0 12.5 13.354299999999999
180.0 0.0 5.0 12.5 27.1515
180.0 2.5 5.0 12.5 53.0905
180.0 5.0 5.0 12.5 0.5269
180.0 7.5 5.0 12.5 -8.295
180.0 10.0 5.0 12.5 -13.6804
180.0 -5.0 -10.0 13.75 23.281399999999998
180.0 -2.5 -10.0 13.75 2764435.7528999997
180.0 0.0 -10.0 13.75 653281993.6279999
180.0 2.5 -10.0 13.75 114562848.84560001
180.0 5.0 -10.0 13.75 61668874.8297
180.0 7.5 -10.0 13.75 3305141.7443
180.0 10.0 -10.0 13.75 1746.5317
180.0 -5.0 -7.5 13.75 46.0084
180.0 -2.5 -7.5 13.75 7209911.5724
180.0 0.0 -7.5 13.75 1064958488.0722
180.0 2.5 -7.5 13.75 9999999964.984001
180.0 5.0 -7.5 13.75 196623661.7318
180.0 7.5 -7.5 13.75 75102.6664
180.0 10.0 -7.5 13.75 134.8663
180.0 -5.0 -5.0 13.75 278.6492
180.0 -2.5 -5.0 13.75 406072516.0367
180.0 0.0 -5.0 13.75 315995263.6369
180.0 2.5 -5.0 13.75 161857635.39819998
180.0 5.0 -5.0 13.75 10000000009.788
180.0 -5.0 -2.5 13.75 985374.0102
180.0 -2.5 -2.5 13.75 10000000023.459702
180.0 0.0 -2.5 13.75 10000000168.6725
180.0 2.5 -2.5 13.75 1310231767.7668
180.0 5.0 -2.5 13.75 9413910527.002
180.0 -5.0 0.0 13.75 7393.1597
180.0 -2.5 0.0 13.75 377945457.22950006
180.0 0.0 0.0 13.75 28814275.3478
180.0 2.5 0.0 13.75 306611.506
180.0 -5.0 2.5 13.75 56.9435
180.0 -2.5 2.5 13.75 140474.03290000002
180.0 0.0 2.5 13.75 1436.4109
180.0 2.5 2.5 13.75 514.7971
180.0 5.0 2.5 13.75 617.8274
180.0 -5.0 5.0 13.75 -2.782
180.0 -2.5 5.0 13.75 -3.8116000000000003
180.0 0.0 5.0 13.75 1.2983999999999998
180.0 2.5 5.0 13.75 -3.2990000000000004
180.0 5.0 5.0 13.75 -4.9689
180.0 7.5 5.0 13.75 -8.2364
180.0 10.0 5.0 13.75 -13.1128
180.0 -5.0 -10.0 15.0 1.0477999999999996
180.0 -2.5 -10.0 15.0 271.31510000000003
180.0 0.0 -10.0 15.0 4167185975.1526
180.0 2.5 -10.0 15.0 159101749.81350002
180.0 5.0 -10.0 15.0 9999999967.164902
180.0 7.5 -10.0 15.0 66047.1908
180.0 10.0 -10.0 15.0 16.2134
180.0 -5.0 -7.5 15.0 -1.4630999999999998
180.0 -2.5 -7.5 15.0 2202724.2956
180.0 0.0 -7.5 15.0 1704742417.4033
180.0 2.5 -7.5 15.0 782148468.7767
180.0 5.0 -7.5 15.0 35844.9883
180.0 7.5 -7.5 15.0 64970.611399999994
180.0 10.0 -7.5 15.0 0.2109999999999994
180.0 -5.0 -5.0 15.0 21.0083
180.0 -2.5 -5.0 15.0 190842857.7885
180.0 0.0 -5.0 15.0 13256486.6513
180.0 2.5 -5.0 15.0 10000000038.4051
180.0 5.0 -5.0 15.0 1039845522.6547999
180.0 7.5 -5.0 15.0 860483.7507999999
180.0 10.0 -5.0 15.0 117.86420000000001
180.0 -5.0 -2.5 15.0 66.8206
180.0 -2.5 -2.5 15.0 2579172.4184000003
180.0 0.0 -2.5 15.0 9999999937.634901
180.0 2.5 -2.5 15.0 249885734.5905
180.0 5.0 -2.5 15.0 10000000010.3619
180.0 10.0 -2.5 15.0 1102.3048
180.0 -5.0 0.0 15.0 9.7704
180.0 -2.5 0.0 15.0 4601936.2711
180.0 0.0 0.0 15.0 1253715.9689
180.0 2.5 0.0 15.0 7134605.569999999
180.0 5.0 0.0 15.0 3939489703.4677
180.0 -5.0 2.5 15.0 -1.8669
180.0 -2.5 2.5 15.0 1824.1435999999999
180.0 0.0 2.5 15.0 -0.47750000000000004
180.0 2.5 2.5 15.0 -14.724699999999999
180.0 5.0 2.5 15.0 4.1728
180.0 7.5 2.5 15.0 -8.4586
180.0 -5.0 5.0 15.0 -0.9359999999999999
180.0 -2.5 5.0 15.0 -0.14589999999999992
180.0 0.0 5.0 15.0 0.6208
180.0 2.5 5.0 15.0 -2.7733999999999996
180.0 5.0 5.0 15.0 -4.8247
180.0 7.5 5.0 15.0 -7.336
180.0 10.0 5.0 15.0 -9.932500000000001
180.0 -5.0 -10.0 16.25 -1.0514000000000001
180.0 -2.5 -10.0 16.25 -0.3725000000000023
180.0 0.0 -10.0 16.25 2599209.7308
180.0 2.5 -10.0 16.25 204803681.15780002
180.0 5.0 -10.0 16.25 59327.1626
180.0 7.5 -10.0 16.25 9.552200000000003
180.0 10.0 -10.0 16.25 -6.564500000000001
180.0 -5.0 -7.5 16.25 0.04670000000000041
180.0 -2.5 -7.5 16.25 374.67130000000003
180.0 0.0 -7.5 16.25 323607754.4344
180.0 2.5 -7.5 16.25 89609261.66309999
180.0 5.0 -7.5 16.25 412.77979999999997
180.0 7.5 -7.5 16.25 6.4565
180.0 10.0 -7.5 16.25 -0.4474999999999998
180.0 -5.0 -5.0 16.25 6.2919
180.0 -2.5 -5.0 16.25 8092.5887999999995
180.0 0.0 -5.0 16.25 10911069.4654
180.0 2.5 -5.0 16.25 10000000031.4167
180.0 5.0 -5.0 16.25 22584.8478
180.0 7.5 -5.0 16.25 430.1282
180.0 10.0 -5.0 16.25 -4.2984
180.0 -5.0 -2.5 16.25 3.1642
180.0 -2.5 -2.5 16.25 161267.24659999998
180.0 0.0 -2.5 16.25 12880.7771
180.0 2.5 -2.5 16.25 917905991.6071999
180.0 5.0 -2.5 16.25 19986760.8042
180.0 7.5 -2.5 16.25 15237.199400000001
180.0 10.0 -2.5 16.25 -10.2948
180.0 -5.0 0.0 16.25 0.6772999999999998
180.0 -2.5 0.0 16.25 345.3833
180.0 0.0 0.0 16.25 5327.7853
180.0 2.5 0.0 16.25 242146868.2722
180.0 5.0 0.0 16.25 217418.027
180.0 7.5 0.0 16.25 8.572200000000002
180.0 -5.0 2.5 16.25 0.5334000000000001
180.0 -2.5 2.5 16.25 3.7544000000000004
180.0 0.0 2.5 16.25 6.902900000000001
180.0 2.5 2.5 16.25 3.641400000000001
180.0 5.0 2.5 16.25 -9.6789
180.0 7.5 2.5 16.25 -10.368599999999999
180.0 -5.0 5.0 16.25 0.5107999999999999
180.0 -2.5 5.0 16.25 2.2332
180.0 0.0 5.0 16.25 2.6447
180.0 2.5 5.0 16.25 -0.5988
180.0 5.0 5.0 16.25 -3.9596
180.0 7.5 5.0 16.25 -6.132
180.0 10.0 5.0 16.25 -7.2226
240.0 -5.0 -10.0 3.75 2060221442.351
240.0 -2.5 -10.0 3.75 9999999982.7612
240.0 0.0 -10.0 3.75 9999999930.7973
240.0 2.5 -10.0 3.75 10000000152.4817
240.0 5.0 -10.0 3.75 9999999781.502401
240.0 7.5 -10.0 3.75 10000000089.672
240.0 10.0 -10.0 3.75 2438072580.4495
240.0 -5.0 -7.5 3.75 9999999848.1242
240.0 -2.5 -7.5 3.75 9999999924.3698
240.0 0.0 -7.5 3.75 8489426313.0494
240.0 2.5 -7.5 3.75 9999999882.4242
240.0 5.0 -7.5 3.75 6369384224.279301
240.0 7.5 -7.5 3.75 10000000239.3386
240.0 10.0 -7.5 3.75 484074302.4041
240.0 -5.0 -5.0 3.75 576561990.3977
240.0 -2.5 -5.0 3.75 9999999941.207401
240.0 0.0 -5.0 3.75 9999999978.479301
240.0 2.5 -5.0 3.75 1983154371.6990001
240.0 5.0 -5.0 3.75 9999999957.5394
240.0 7.5 -5.0 3.75 197260858.4899
240.0 10.0 -5.0 3.75 277379640.2371
240.0 -5.0 -2.5 3.75 186584465.7455
240.0 -2.5 -2.5 3.75 9999999882.391
240.0 0.0 -2.5 3.75 7457872132.1425
240.0 2.5 -2.5 3.75 10000000053.3335
240.0 5.0 -2.5 3.75 630884494.1486
240.0 7.5 -2.5 3.75 10000000000.034101
240.0 10.0 -2.5 3.75 1498246540.7733
240.0 -5.0 0.0 3.75 987519.4791
240.0 -2.5 0.0 3.75 9999999994.2886
240.0 0.0 0.0 3.75 10000000017.681301
240.0 2.5 0.0 3.75 3721441928.8612
240.0 5.0 0.0 3.75 9999999993.351702
240.0 7.5 0.0 3.75 9999999975.375101
240.0 10.0 0.0 3.75 106024563.40990001
240.0 -5.0 2.5 3.75 -8.012
240.0 -2.5 2.5 3.75 597048.7405
240.0 0.0 2.5 3.75 4180953413.2289
240.0 2.5 2.5 3.75 174149900.81440002
240.0 5.0 2.5 3.75 10000000082.431501
240.0 7.5 2.5 3.75 58215597.683
240.0 10.0 2.5 3.75 587712006.3111
240.0 -5.0 5.0 3.75 -0.21189999999999998
240.0 -2.5 5.0 3.75 33481.2673
240.0 0.0 5.0 3.75 10000000027.9669
240.0 2.5 5.0 3.75 79690759.26020001
240.0 5.0 5.0 3.75 313859810.3506
240.0 7.5 5.0 3.75 9999999950.188002
240.0 10.0 5.0 3.75 105.9259
240.0 0.0 0.0 5.0 146698864.8232
240.0 -2.5 2.5 5.0 3047897.5124999997
240.0 -2.5 5.0 5.0 4699.3673
240.0 0.0 0.0 6.25 10000000016.6739
240.0 -2.5 2.5 6.25 307963.8335
240.0 0.0 2.5 6.25 167860350.69300002
240.0 -5.0 5.0 6.25 -0.5605
240.0 -2.5 5.0 6.25 140.1199
240.0 2.5 -10.0 7.5 2702186516.1709
240.0 -2.5 -7.5 7.5 9999999877.906101
240.0 0.0 -5.0 7.5 10000000054.614
240.0 0.0 0.0 7.5 32736511.116899997
240.0 -2.5 2.5 7.5 238852.4653
240.0 0.0 2.5 7.5 129672457.0433
240.0 -5.0 5.0 7.5 0.6912
240.0 -2.5 5.0 7.5 21.1831
240.0 0.0 5.0 7.5 382269.80630000005
240.0 0.0 -10.0 8.75 1601165696.5555
240.0 2.5 -10.0 8.75 2502359102.9227996
240.0 5.0 -10.0 8.75 9999999934.4122
240.0 -2.5 -7.5 8.75 5457716484.111
240.0 0.0 -7.5 8.75 9999999956.497002
240.0 2.5 -7.5 8.75 10000000060.4683
240.0 -2.5 -5.0 8.75 10000000000.4179
240.0 0.0 -5.0 8.75 10000000099.644402
240.0 0.0 -2.5 8.75 4299718307.743
240.0 2.5 -2.5 8.75 9999999994.788101
240.0 -2.5 0.0 8.75 702.3298000000001
240.0 0.0 0.0 8.75 115458049.0015
240.0 -2.5 2.5 8.75 61.760099999999994
240.0 0.0 2.5 8.75 988013026.0307
240.0 2.5 2.5 8.75 25225505.922199998
240.0 -5.0 5.0 8.75 0.21540000000000004
240.0 -2.5 5.0 8.75 6.8294
240.0 0.0 5.0 8.75 114.6742
240.0 0.0 -10.0 10.0 9999999976.303701
240.0 2.5 -10.0 10.0 10000000013.142801
240.0 5.0 -10.0 10.0 10000000104.750801
240.0 -2.5 -7.5 10.0 6308790453.9138
240.0 0.0 -7.5 10.0 9999999748.2835
240.0 2.5 -7.5 10.0 10000000063.8915
240.0 -2.5 -5.0 10.0 9999999992.617102
240.0 0.0 -5.0 10.0 9999999982.2537
240.0 -5.0 -2.5 10.0 16.360200000000003
240.0 -2.5 -2.5 10.0 6157831.6048
240.0 0.0 -2.5 10.0 1790886011.6383998
240.0 2.5 -2.5 10.0 10000000101.5898
240.0 -2.5 0.0 10.0 200535.8474
240.0 0.0 0.0 10.0 85372094.817
240.0 2.5 0.0 10.0 72674830.16679999
240.0 -5.0 2.5 10.0 -1.6653
240.0 -2.5 2.5 10.0 29.78
240.0 0.0 2.5 10.0 23996.524299999997
240.0 2.5 2.5 10.0 950776.6601
240.0 -5.0 5.0 10.0 -0.45180000000000003
240.0 -2.5 5.0 10.0 0.15280000000000005
240.0 0.0 5.0 10.0 -5.619400000000001
240.0 2.5 5.0 10.0 7325.340899999999
240.0 7.5 5.0 10.0 1630003701.8782
240.0 -2.5 -10.0 11.25 9999999993.362001
240.0 0.0 -10.0 11.25 9999999821.722502
240.0 2.5 -10.0 11.25 10000000082.7383
240.0 5.0 -10.0 11.25 8100561391.0617
240.0 7.5 -10.0 11.25 10000000049.824202
240.0 10.0 -10.0 11.25 263833.21530000004
240.0 -5.0 -7.5 11.25 1631287937.6914
240.0 -2.5 -7.5 11.25 10000000149.336
240.0 0.0 -7.5 11.25 4465536396.3664
240.0 2.5 -7.5 11.25 9999999977.1861
240.0 -2.5 -5.0 11.25 10000000048.475601
240.0 0.0 -5.0 11.25 3460182288.3048
240.0 2.5 -5.0 11.25 9999999986.0238
240.0 -5.0 -2.5 11.25 -9.5421
240.0 -2.5 -2.5 11.25 935785186.9287001
240.0 0.0 -2.5 11.25 63684029.4161
240.0 2.5 -2.5 11.25 334708493.4226
240.0 -5.0 0.0 11.25 -4.6532
240.0 -2.5 0.0 11.25 2382938.7266
240.0 0.0 0.0 11.25 2579057409.5966
240.0 2.5 0.0 11.25 10000000186.3631
240.0 -2.5 2.5 11.25 -2.8718
240.0 0.0 2.5 11.25 2882.0573
240.0 2.5 2.5 11.25 584152263.4111
240.0 5.0 2.5 11.25 240341780.4565
240.0 7.5 2.5 11.25 209680494.3634
240.0 -5.0 5.0 11.25 -1.4088
240.0 -2.5 5.0 11.25 -3.2487000000000004
240.0 0.0 5.0 11.25 -10.924
240.0 2.5 5.0 11.25 800.7398
240.0 7.5 5.0 11.25 2768716.1116000004
240.0 -2.5 -10.0 12.5 179577779.27899998
240.0 0.0 -10.0 12.5 9999999900.857
240.0 2.5 -10.0 12.5 10000000071.917702
240.0 5.0 -10.0 12.5 9999999995.323
240.0 7.5 -10.0 12.5 10000000030.645802
240.0 10.0 -10.0 12.5 22275.990700000002
240.0 -5.0 -7.5 12.5 88645046.7139
240.0 -2.5 -7.5 12.5 755300259.9268
240.0 0.0 -7.5 12.5 10000000022.485102
240.0 2.5 -7.5 12.5 230709966.73869997
240.0 5.0 -7.5 12.5 10000000006.8521
240.0 -5.0 -5.0 12.5 40949.2066
240.0 -2.5 -5.0 12.5 9999999998.8656
240.0 0.0 -5.0 12.5 9999999979.6982
240.0 2.5 -5.0 12.5 9999999789.410702
240.0 5.0 -5.0 12.5 2057528794.7264998
240.0 -5.0 -2.5 12.5 -6.4215
240.0 -2.5 -2.5 12.5 528359750.2986
240.0 0.0 -2.5 12.5 122342056.0349
240.0 2.5 -2.5 12.5 9999999941.8043
240.0 -5.0 0.0 12.5 -2.0018000000000002
240.0 -2.5 0.0 12.5 7121034.4422
240.0 0.0 0.0 12.5 160460475.1254
240.0 2.5 0.0 12.5 590038027.4927
240.0 5.0 0.0 12.5 9999999927.7187
240.0 -5.0 2.5 12.5 -1.2273
240.0 -2.5 2.5 12.5 -6.4122
240.0 0.0 2.5 12.5 118.2926
240.0 2.5 2.5 12.5 221762.3684
240.0 5.0 2.5 12.5 10000000223.696201
240.0 7.5 2.5 12.5 262502.8014
240.0 -5.0 5.0 12.5 -1.7614999999999998
240.0 -2.5 5.0 12.5 -4.671
240.0 0.0 5.0 12.5 -10.5524
240.0 2.5 5.0 12.5 463328.142
240.0 5.0 5.0 12.5 1880742744.4482002
240.0 7.5 5.0 12.5 1041020.9794999999
240.0 -2.5 -10.0 13.75 1145885.6911
240.0 0.0 -10.0 13.75 602333.1364000001
240.0 2.5 -10.0 13.75 5979981869.9643
240.0 5.0 -10.0 13.75 142348781.6472
240.0 7.5 -10.0 13.75 9999999956.7978
240.0 10.0 -10.0 13.75 225865.6494
240.0 -5.0 -7.5 13.75 125711.30159999999
240.0 -2.5 -7.5 13.75 522635095.68689996
240.0 0.0 -7.5 13.75 72671345.5499
240.0 2.5 -7.5 13.75 10000000033.829601
240.0 5.0 -7.5 13.75 9999999990.0669
240.0 7.5 -7.5 13.75 220122628.1344
240.0 10.0 -7.5 13.75 2453.6375000000003
240.0 -5.0 -5.0 13.75 3673.3764
240.0 -2.5 -5.0 13.75 994882.0824000001
240.0 0.0 -5.0 13.75 964626600.7614
240.0 2.5 -5.0 13.75 9999999996.9647
240.0 5.0 -5.0 13.75 9999999996.357601
240.0 -5.0 -2.5 13.75 -3.9469000000000003
240.0 -2.5 -2.5 13.75 1231135.4422
240.0 0.0 -2.5 13.75 21527.9669
240.0 2.5 -2.5 13.75 9999999993.8742
240.0 -5.0 0.0 13.75 -0.12029999999999985
240.0 -2.5 0.0 13.75 21.159599999999998
240.0 0.0 0.0 13.75 33405.4139
240.0 2.5 0.0 13.75 9999999997.698
240.0 5.0 0.0 13.75 84303187.9531
240.0 -5.0 2.5 13.75 -0.2359
240.0 -2.5 2.5 13.75 -4.727600000000001
240.0 0.0 2.5 13.75 -13.4271
240.0 2.5 2.5 13.75 446967.7585
240.0 5.0 2.5 13.75 9491274169.3452
240.0 7.5 2.5 13.75 1443.5589
240.0 10.0 2.5 13.75 8.5128
240.0 -5.0 5.0 13.75 -1.3374
240.0 -2.5 5.0 13.75 -4.2907
240.0 0.0 5.0 13.75 -10.9703
240.0 2.5 5.0 13.75 146448.48609999998
240.0 5.0 5.0 13.75 631263495.3409
240.0 7.5 5.0 13.75 453.6565
240.0 10.0 5.0 13.75 6.5814
240.0 -5.0 -10.0 15.0 5.1704
240.0 -2.5 -10.0 15.0 837855.0814
240.0 0.0 -10.0 15.0 94229541.91260001
240.0 2.5 -10.0 15.0 10000000010.2597
240.0 5.0 -10.0 15.0 3863974.3781000003
240.0 7.5 -10.0 15.0 16640153.8938
240.0 10.0 -10.0 15.0 11.3607
240.0 -5.0 -7.5 15.0 1609.3977000000002
240.0 -2.5 -7.5 15.0 40652.4171
240.0 0.0 -7.5 15.0 237959823.6254
240.0 2.5 -7.5 15.0 6297269.867500001
240.0 5.0 -7.5 15.0 62252185.417899996
240.0 7.5 -7.5 15.0 67560049.9058
240.0 10.0 -7.5 15.0 72.966
240.0 -5.0 -5.0 15.0 19.8797
240.0 -2.5 -5.0 15.0 669.6762
240.0 0.0 -5.0 15.0 91379.443
240.0 2.5 -5.0 15.0 9999999931.2401
240.0 5.0 -5.0 15.0 10000000002.0051
240.0 10.0 -5.0 15.0 91.1811
240.0 -5.0 -2.5 15.0 0.3992
240.0 -2.5 -2.5 15.0 12.108799999999999
240.0 0.0 -2.5 15.0 6396.8406
240.0 2.5 -2.5 15.0 9999999950.559801
240.0 5.0 -2.5 15.0 8766699.821400002
240.0 7.5 -2.5 15.0 29.203599999999998
240.0 -5.0 0.0 15.0 0.9688999999999999
240.0 -2.5 0.0 15.0 -1.4927000000000001
240.0 0.0 0.0 15.0 479.649
240.0 2.5 0.0 15.0 9661271.697700001
240.0 5.0 0.0 15.0 184266309.98349997
240.0 7.5 0.0 15.0 -9.3472
240.0 -5.0 2.5 15.0 0.002799999999999969
240.0 -2.5 2.5 15.0 -3.2887000000000004
240.0 0.0 2.5 15.0 -10.4163
240.0 2.5 2.5 15.0 6789.5205
240.0 5.0 2.5 15.0 26416.4535
240.0 7.5 2.5 15.0 3.8076
240.0 10.0 2.5 15.0 -0.8563999999999998
240.0 -5.0 5.0 15.0 -1.3251
240.0 -2.5 5.0 15.0 -4.0222999999999995
240.0 0.0 5.0 15.0 -9.7164
240.0 2.5 5.0 15.0 182.1283
240.0 5.0 5.0 15.0 5010.3872
240.0 7.5 5.0 15.0 9.4436
240.0 10.0 5.0 15.0 3.1100000000000003
240.0 -5.0 -10.0 16.25 -2.1702000000000004
240.0 -2.5 -10.0 16.25 588.9206
240.0 0.0 -10.0 16.25 56974095.167500004
240.0 2.5 -10.0 16.25 10000000027.5261
240.0 5.0 -10.0 16.25 395746029.48759997
240.0 7.5 -10.0 16.25 28.6062
240.0 10.0 -10.0 16.25 -14.7688
240.0 -5.0 -7.5 16.25 4.423500000000001
240.0 -2.5 -7.5 16.25 1155.23
240.0 0.0 -7.5 16.25 27865447.185599998
240.0 2.5 -7.5 16.25 1603546470.6573
240.0 5.0 -7.5 16.25 7436044.329700001
240.0 7.5 -7.5 16.25 57.943999999999996
240.0 10.0 -7.5 16.25 -8.5109
240.0 -5.0 -5.0 16.25 1.5197000000000003
240.0 -2.5 -5.0 16.25 13.735
240.0 0.0 -5.0 16.25 65027.0388
240.0 2.5 -5.0 16.25 3509390.4133
240.0 5.0 -5.0 16.25 23376211.173
240.0 7.5 -5.0 16.25 38.270700000000005
240.0 10.0 -5.0 16.25 -5.1264
240.0 -5.0 -2.5 16.25 3.0223000000000004
240.0 -2.5 -2.5 16.25 3.2016
240.0 0.0 -2.5 16.25 21502.6907
240.0 2.5 -2.5 16.25 9999999999.5792
240.0 5.0 -2.5 16.25 464132.80449999997
240.0 7.5 -2.5 16.25 2.1621000000000006
240.0 10.0 -2.5 16.25 -3.8415999999999997
240.0 -5.0 0.0 16.25 1.8952999999999998
240.0 -2.5 0.0 16.25 1.2924
240.0 0.0 0.0 16.25 66.94709999999999
240.0 2.5 0.0 16.25 2735640.2454
240.0 5.0 0.0 16.25 3713.8388999999997
240.0 7.5 0.0 16.25 -8.3933
240.0 -5.0 2.5 16.25 0.1732
240.0 -2.5 2.5 16.25 -1.5032999999999999
240.0 0.0 2.5 16.25 -6.9708
240.0 2.5 2.5 16.25 -8.815000000000001
240.0 5.0 2.5 16.25 -2.9921
240.0 7.5 2.5 16.25 -5.1198
240.0 10.0 2.5 16.25 -0.9245
240.0 -5.0 5.0 16.25 -0.9979
240.0 -2.5 5.0 16.25 -3.4954
240.0 0.0 5.0 16.25 -7.5131
240.0 2.5 5.0 16.25 -12.2764
240.0 5.0 5.0 16.25 -6.6739
240.0 7.5 5.0 16.25 -0.6998
240.0 10.0 5.0 16.25 1.2115
300.0 -5.0 -10.0 3.75 9999999884.4983
300.0 -2.5 -10.0 3.75 9999999618.254301
300.0 0.0 -10.0 3.75 10000000176.956701
300.0 2.5 -10.0 3.75 10000000194.7313
300.0 5.0 -10.0 3.75 9999999809.670101
300.0 7.5 -10.0 3.75 9999999824.08
300.0 10.0 -10.0 3.75 9999999973.944801
300.0 -5.0 -7.5 3.75 9999999915.0174
300.0 -2.5 -7.5 3.75 5380243354.523601
300.0 0.0 -7.5 3.75 9999999918.443
300.0 2.5 -7.5 3.75 9999999793.944601
300.0 5.0 -7.5 3.75 667401431.5943
300.0 7.5 -7.5 3.75 4893579279.5311
300.0 10.0 -7.5 3.75 79327725.3109
300.0 -5.0 -5.0 3.75 866885957.9597
300.0 -2.5 -5.0 3.75 10000000072.803902
300.0 0.0 -5.0 3.75 9999999946.971401
300.0 2.5 -5.0 3.75 10000000082.0426
300.0 5.0 -5.0 3.75 8253911265.3557
300.0 7.5 -5.0 3.75 10000000021.9433
300.0 10.0 -5.0 3.75 10000000136.9347
300.0 -5.0 -2.5 3.75 72341576.7319
300.0 -2.5 -2.5 3.75 2687534564.4886
300.0 0.0 -2.5 3.75 9999999974.6173
300.0 2.5 -2.5 3.75 1859760678.9818
300.0 5.0 -2.5 3.75 3310868815.9814
300.0 7.5 -2.5 3.75 3680745.0401999997
300.0 10.0 -2.5 3.75 10000000032.0314
300.0 -5.0 0.0 3.75 4246686749.1891003
300.0 -2.5 0.0 3.75 9999999932.389301
300.0 0.0 0.0 3.75 9999999881.268002
300.0 2.5 0.0 3.75 9999999960.5981
300.0 5.0 0.0 3.75 4380210482.8032
300.0 7.5 0.0 3.75 50442529.8388
300.0 10.0 0.0 3.75 17660.5768
300.0 -5.0 2.5 3.75 8245447958.1902
300.0 -2.5 2.5 3.75 29322074.1509
300.0 0.0 2.5 3.75 9999999899.622702
300.0 2.5 2.5 3.75 121750476.117
300.0 5.0 2.5 3.75 44.9334
300.0 7.5 2.5 3.75 439.6467
300.0 10.0 2.5 3.75 -6.0656
300.0 -5.0 5.0 3.75 5423887.005700001
300.0 -2.5 5.0 3.75 3686811.9429
300.0 0.0 5.0 3.75 49005208.5554
300.0 2.5 5.0 3.75 291.6877
300.0 5.0 5.0 3.75 4.4482
300.0 7.5 5.0 3.75 2.7988999999999997
300.0 10.0 5.0 3.75 -0.08089999999999997
300.0 -2.5 -2.5 6.25 9999999973.0091
300.0 0.0 -2.5 6.25 9999999969.9617
300.0 2.5 -2.5 6.25 9999999984.331701
300.0 2.5 -5.0 7.5 3436346873.8917003
300.0 -2.5 -2.5 7.5 5696834599.7958
300.0 0.0 -2.5 7.5 1422841838.8146
300.0 0.0 0.0 7.5 9999999944.957
300.0 0.0 2.5 7.5 4646837.967
300.0 5.0 -10.0 8.75 344171142.3731
300.0 2.5 -7.5 8.75 9999999897.981201
300.0 5.0 -7.5 8.75 10000000234.0308
300.0 0.0 -5.0 8.75 10000000014.0363
300.0 2.5 -5.0 8.75 9999999912.3904
300.0 5.0 -5.0 8.75 1836205420.4285998
300.0 -5.0 -2.5 8.75 31560409.5705
300.0 -2.5 -2.5 8.75 48886287.2734
300.0 0.0 -2.5 8.75 10000000195.0282
300.0 2.5 -2.5 8.75 1847796029.3734
300.0 -5.0 0.0 8.75 8514678841.818
300.0 0.0 0.0 8.75 6070929272.5356
300.0 0.0 2.5 8.75 138395824.04500002
300.0 0.0 5.0 8.75 6413100.2135
300.0 0.0 -10.0 10.0 10000000020.127901
300.0 2.5 -10.0 10.0 9999999986.4542
300.0 5.0 -10.0 10.0 10000000137.3567
300.0 7.5 -10.0 10.0 4339057999.5522
300.0 10.0 -10.0 10.0 231779328.1287
300.0 2.5 -7.5 10.0 1658273864.4276001
300.0 5.0 -7.5 10.0 10000000051.761702
300.0 -5.0 -5.0 10.0 1107824.8764
300.0 0.0 -5.0 10.0 10000000069.5463
300.0 2.5 -5.0 10.0 9999999957.1735
300.0 5.0 -5.0 10.0 328395012.1444
300.0 -5.0 -2.5 10.0 4272339835.4347
300.0 -2.5 -2.5 10.0 9999999917.015501
300.0 0.0 -2.5 10.0 9999999934.8497
300.0 2.5 -2.5 10.0 70169092.90890001
300.0 -5.0 0.0 10.0 64687.367
300.0 -2.5 0.0 10.0 574055990.7067
300.0 0.0 0.0 10.0 6721986466.4029
300.0 2.5 0.0 10.0 10000000180.2868
300.0 0.0 2.5 10.0 65216279.728
300.0 0.0 5.0 10.0 17426980.2893
300.0 2.5 5.0 10.0 51672.637299999995
300.0 0.0 -10.0 11.25 10000000149.886501
300.0 2.5 -10.0 11.25 90215088.9225
300.0 5.0 -10.0 11.25 9999999864.9449
300.0 7.5 -10.0 11.25 9999999886.741701
300.0 10.0 -10.0 11.25 590816342.2788
300.0 -2.5 -7.5 11.25 75008043.5255
300.0 0.0 -7.5 11.25 9999999986.9136
300.0 2.5 -7.5 11.25 8566949727.7859
300.0 5.0 -7.5 11.25 73471276.6792
300.0 7.5 -7.5 11.25 9999999959.3999
300.0 -5.0 -5.0 11.25 9999999733.9153
300.0 -2.5 -5.0 11.25 9999999693.366901
300.0 0.0 -5.0 11.25 5654168994.004601
300.0 2.5 -5.0 11.25 9999999996.941301
300.0 5.0 -5.0 11.25 938676342.8673999
300.0 -5.0 -2.5 11.25 145836679.9796
300.0 -2.5 -2.5 11.25 219631075.93899998
300.0 0.0 -2.5 11.25 924556374.5927
300.0 2.5 -2.5 11.25 5391674402.813601
300.0 -5.0 0.0 11.25 20448.737
300.0 -2.5 0.0 11.25 10000000017.984001
300.0 0.0 0.0 11.25 1742188735.2970998
300.0 2.5 0.0 11.25 713698.4308999999
300.0 -5.0 2.5 11.25 956.3726
300.0 -2.5 2.5 11.25 10000000178.828201
300.0 0.0 2.5 11.25 10000000052.4906
300.0 2.5 2.5 11.25 125389.3021
300.0 5.0 2.5 11.25 -10.3493
300.0 0.0 5.0 11.25 6100386.906
300.0 2.5 5.0 11.25 1514.07
300.0 5.0 5.0 11.25 -8.4722
300.0 7.5 5.0 11.25 -7.2105
300.0 -2.5 -10.0 12.5 929909.2969
300.0 0.0 -10.0 12.5 1311482718.4979
300.0 2.5 -10.0 12.5 9999999949.4839
300.0 5.0 -10.0 12.5 10000000030.969501
300.0 7.5 -10.0 12.5 17071882.4628
300.0 10.0 -10.0 12.5 9227950.9436
300.0 -2.5 -7.5 12.5 519346129.99410003
300.0 0.0 -7.5 12.5 9309887832.7655
300.0 2.5 -7.5 12.5 9999999885.5991
300.0 5.0 -7.5 12.5 5872838319.8035
300.0 7.5 -7.5 12.5 10000000094.120901
300.0 -5.0 -5.0 12.5 490722.893
300.0 -2.5 -5.0 12.5 9174445938.342402
300.0 0.0 -5.0 12.5 271927151.1443
300.0 2.5 -5.0 12.5 10000000048.4727
300.0 5.0 -5.0 12.5 169720302.4393
300.0 -5.0 -2.5 12.5 7126474.9498000005
300.0 -2.5 -2.5 12.5 2916756026.2614
300.0 0.0 -2.5 12.5 69994184.62069999
300.0 2.5 -2.5 12.5 22090541.705199998
300.0 5.0 -2.5 12.5 158101.3997
300.0 -5.0 0.0 12.5 1152201.0583
300.0 -2.5 0.0 12.5 41074193.5104
300.0 0.0 0.0 12.5 12557407.422799999
300.0 2.5 0.0 12.5 266091527.6573
300.0 5.0 0.0 12.5 157.5965
300.0 7.5 0.0 12.5 34168827.732300006
300.0 -5.0 2.5 12.5 395841.61569999997
300.0 -2.5 2.5 12.5 717740098.9300001
300.0 0.0 2.5 12.5 9999999979.683
300.0 2.5 2.5 12.5 5415.7354000000005
300.0 5.0 2.5 12.5 -12.1776
300.0 7.5 2.5 12.5 269.80609999999996
300.0 -5.0 5.0 12.5 180.894
300.0 -2.5 5.0 12.5 213727.67690000002
300.0 0.0 5.0 12.5 9999999974.412802
300.0 2.5 5.0 12.5 11.415000000000001
300.0 5.0 5.0 12.5 -8.2034
300.0 7.5 5.0 12.5 -9.209999999999999
300.0 -2.5 -10.0 13.75 16533.2355
300.0 0.0 -10.0 13.75 139823604.9246
300.0 2.5 -10.0 13.75 9999999961.515701
300.0 5.0 -10.0 13.75 23764348.9303
300.0 7.5 -10.0 13.75 196152.3715
300.0 10.0 -10.0 13.75 75787.75779999999
300.0 -5.0 -7.5 13.75 18.3181
300.0 -2.5 -7.5 13.75 238861.5798
300.0 0.0 -7.5 13.75 1019191611.3726
300.0 2.5 -7.5 13.75 9999999973.310701
300.0 5.0 -7.5 13.75 10000000013.372501
300.0 7.5 -7.5 13.75 14595703.151700001
300.0 -5.0 -5.0 13.75 95.8447
300.0 -2.5 -5.0 13.75 73536.0405
300.0 0.0 -5.0 13.75 5037394583.1765995
300.0 2.5 -5.0 13.75 9421282.0539
300.0 5.0 -5.0 13.75 1778367435.9093
300.0 -5.0 -2.5 13.75 26270.876500000002
300.0 -2.5 -2.5 13.75 12280.7542
300.0 0.0 -2.5 13.75 9486210616.4877
300.0 2.5 -2.5 13.75 9999999967.8624
300.0 5.0 -2.5 13.75 3360763.619
300.0 7.5 -2.5 13.75 10000000012.8435
300.0 -5.0 0.0 13.75 9304499.3103
300.0 -2.5 0.0 13.75 49013978.917899996
300.0 0.0 0.0 13.75 403401.3568
300.0 2.5 0.0 13.75 54050.8848
300.0 5.0 0.0 13.75 485.3204
300.0 7.5 0.0 13.75 113562897.7799
300.0 -5.0 2.5 13.75 280862.4562
300.0 -2.5 2.5 13.75 54518592.092499994
300.0 0.0 2.5 13.75 4957.0284
300.0 2.5 2.5 13.75 278.31699999999995
300.0 5.0 2.5 13.75 -10.693200000000001
300.0 7.5 2.5 13.75 -10.613800000000001
300.0 10.0 2.5 13.75 129.4003
300.0 -5.0 5.0 13.75 377.0541
300.0 -2.5 5.0 13.75 85.6479
300.0 0.0 5.0 13.75 6340.9044
300.0 2.5 5.0 13.75 -2.3237
300.0 5.0 5.0 13.75 -6.6531
300.0 7.5 5.0 13.75 -9.3719
300.0 10.0 5.0 13.75 -3.2741
300.0 -2.5 -10.0 15.0 11.474799999999998
300.0 0.0 -10.0 15.0 11730.876600000001
300.0 2.5 -10.0 15.0 10000000011.251902
300.0 5.0 -10.0 15.0 4231432109.6406
300.0 7.5 -10.0 15.0 24565559.377600003
300.0 10.0 -10.0 15.0 5.458400000000001
300.0 -5.0 -7.5 15.0 -3.2652
300.0 -2.5 -7.5 15.0 1126.8241
300.0 0.0 -7.5 15.0 342437539.9249
300.0 2.5 -7.5 15.0 715916.7557
300.0 5.0 -7.5 15.0 311848203.04870003
300.0 7.5 -7.5 15.0 127208.1862
300.0 10.0 -7.5 15.0 5.0772
300.0 -5.0 -5.0 15.0 -11.6676
300.0 -2.5 -5.0 15.0 116.04299999999999
300.0 0.0 -5.0 15.0 2613661024.9206996
300.0 2.5 -5.0 15.0 19339.7953
300.0 5.0 -5.0 15.0 9999999992.270601
300.0 7.5 -5.0 15.0 878602280.0524
300.0 -5.0 -2.5 15.0 13.761099999999999
300.0 -2.5 -2.5 15.0 1083.5883999999999
300.0 0.0 -2.5 15.0 5634230969.7008
300.0 2.5 -2.5 15.0 923671.442
300.0 5.0 -2.5 15.0 389538051.5661
300.0 7.5 -2.5 15.0 1057953.5775
300.0 10.0 -2.5 15.0 7469.808
300.0 -5.0 0.0 15.0 4050.6883000000003
300.0 -2.5 0.0 15.0 943.3954
300.0 0.0 0.0 15.0 3798370680.7917
300.0 2.5 0.0 15.0 1872.7195
300.0 5.0 0.0 15.0 1319.1167
300.0 7.5 0.0 15.0 121288.4243
300.0 10.0 0.0 15.0 107.34819999999999
300.0 -5.0 2.5 15.0 445.5761
300.0 -2.5 2.5 15.0 323.94579999999996
300.0 0.0 2.5 15.0 9.3126
300.0 2.5 2.5 15.0 7.5584
300.0 5.0 2.5 15.0 -8.1832
300.0 7.5 2.5 15.0 -13.0763
300.0 10.0 2.5 15.0 -6.123200000000001
300.0 -5.0 5.0 15.0 7.175800000000001
300.0 -2.5 5.0 15.0 2.9164
300.0 0.0 5.0 15.0 8.5741
300.0 2.5 5.0 15.0 0.3023
300.0 5.0 5.0 15.0 -4.8791
300.0 7.5 5.0 15.0 -7.6457999999999995
300.0 10.0 5.0 15.0 -3.5821
300.0 -5.0 -10.0 16.25 3.5981000000000005
300.0 -2.5 -10.0 16.25 4.7385
300.0 0.0 -10.0 16.25 200.8262
300.0 2.5 -10.0 16.25 7299241.9427000005
300.0 5.0 -10.0 16.25 25251277.3124
300.0 7.5 -10.0 16.25 1213.3967
300.0 10.0 -10.0 16.25 3.300300000000001
300.0 -5.0 -7.5 16.25 -0.9941000000000001
300.0 -2.5 -7.5 16.25 -1.1254
300.0 0.0 -7.5 16.25 32701.7187
300.0 2.5 -7.5 16.25 54412680.9203
300.0 5.0 -7.5 16.25 10000000003.374601
300.0 7.5 -7.5 16.25 191103.7661
300.0 10.0 -7.5 16.25 -1.9699999999999998
300.0 -5.0 -5.0 16.25 -6.9277
300.0 -2.5 -5.0 16.25 33.1413
300.0 0.0 -5.0 16.25 3292120322.8874
300.0 2.5 -5.0 16.25 7471997.3513
300.0 5.0 -5.0 16.25 10000000010.2707
300.0 7.5 -5.0 16.25 8592.8933
300.0 10.0 -5.0 16.25 -8.2779
300.0 -5.0 -2.5 16.25 -10.8626
300.0 -2.5 -2.5 16.25 -1.1926
300.0 0.0 -2.5 16.25 10000000006.6312
300.0 2.5 -2.5 16.25 1538.3138000000001
300.0 5.0 -2.5 16.25 72621192.8635
300.0 7.5 -2.5 16.25 176554.1051
300.0 10.0 -2.5 16.25 -4.2131
300.0 -5.0 0.0 16.25 -10.0806
300.0 -2.5 0.0 16.25 -3.7647
300.0 0.0 0.0 16.25 1401481.212
300.0 2.5 0.0 16.25 6.469900000000001
300.0 5.0 0.0 16.25 4255.725399999999
300.0 7.5 0.0 16.25 54.7579
300.0 10.0 0.0 16.25 -4.4902
300.0 -5.0 2.5 16.25 -9.9811
300.0 -2.5 2.5 16.25 -0.8674
300.0 0.0 2.5 16.25 2.6153000000000004
300.0 2.5 2.5 16.25 -0.30200000000000005
300.0 5.0 2.5 16.25 -5.3928
300.0 7.5 2.5 16.25 -9.8977
300.0 10.0 2.5 16.25 -4.4116
300.0 -5.0 5.0 16.25 -6.3693
300.0 -2.5 5.0 16.25 0.9950000000000001
300.0 0.0 5.0 16.25 4.4933
300.0 2.5 5.0 16.25 0.7796
300.0 5.0 5.0 16.25 -3.6295
300.0 7.5 5.0 16.25 -5.8264
300.0 10.0 5.0 16.25 -3.1422999999999996
