0.0 0.0 2.5 5.0 9999999924.4773
0.0 2.5 2.5 5.0 10000000197.658602
0.0 0.0 5.0 5.0 9999999953.807201
0.0 2.5 0.0 6.25 10000000702.799301
0.0 0.0 2.5 6.25 10000000097.206501
0.0 0.0 5.0 6.25 9999999962.5694
0.0 0.0 0.0 7.5 10000000301.201601
0.0 2.5 0.0 7.5 9999999926.6546
0.0 0.0 2.5 7.5 9999999931.0548
0.0 0.0 5.0 7.5 6133574471.7991
0.0 0.0 -5.0 8.75 10000000158.541801
0.0 5.0 -5.0 8.75 9999999909.6594
0.0 -2.5 -2.5 8.75 10000000020.9803
0.0 0.0 -2.5 8.75 9999999868.352201
0.0 -2.5 0.0 8.75 10000000084.4342
0.0 0.0 0.0 8.75 10000000113.325401
0.0 2.5 0.0 8.75 9999999855.711
0.0 0.0 2.5 8.75 10000000012.657501
0.0 2.5 2.5 8.75 6805664441.9766
0.0 0.0 5.0 8.75 10000000104.1368
0.0 2.5 5.0 8.75 10000000317.987902
0.0 5.0 -7.5 10.0 84157.73670000001
0.0 7.5 -7.5 10.0 821.4966
0.0 -2.5 -5.0 10.0 2511775393.0158
0.0 0.0 -5.0 10.0 10000000054.7233
0.0 2.5 -5.0 10.0 9999999950.237202
0.0 5.0 -5.0 10.0 4336569504.6609
0.0 7.5 -5.0 10.0 13500375.9924
0.0 -2.5 -2.5 10.0 9999999994.3059
0.0 0.0 -2.5 10.0 10000000135.0051
0.0 2.5 -2.5 10.0 10000000070.4675
0.0 5.0 -2.5 10.0 9999999891.4685
0.0 -2.5 0.0 10.0 5970642619.6561
0.0 0.0 0.0 10.0 9999999576.7229
0.0 2.5 0.0 10.0 9999999660.026701
0.0 0.0 2.5 10.0 9999999752.1566
0.0 2.5 2.5 10.0 10000000085.7667
0.0 0.0 5.0 10.0 842552824.0177001
0.0 2.5 5.0 10.0 10000000195.2327
0.0 2.5 -10.0 11.25 210.6732
0.0 5.0 -10.0 11.25 7.069000000000001
0.0 10.0 -10.0 11.25 1.9156999999999997
0.0 2.5 -7.5 11.25 1384987922.8871
0.0 5.0 -7.5 11.25 508.2364
0.0 7.5 -7.5 11.25 -5.8228
0.0 0.0 -5.0 11.25 10000000010.104801
0.0 2.5 -5.0 11.25 473512426.3277
0.0 5.0 -5.0 11.25 834586340.4600999
0.0 -5.0 -2.5 11.25 215020005.4682
0.0 -2.5 -2.5 11.25 9999999995.8778
0.0 0.0 -2.5 11.25 9999999982.123201
0.0 2.5 -2.5 11.25 9999999987.452301
0.0 5.0 -2.5 11.25 10000000099.5007
0.0 -5.0 0.0 11.25 9999999913.021101
0.0 -2.5 0.0 11.25 10000000277.1131
0.0 0.0 0.0 11.25 10000000104.6597
0.0 2.5 0.0 11.25 9999999894.666801
0.0 0.0 2.5 11.25 10000000051.116001
0.0 2.5 2.5 11.25 10000000043.284801
0.0 0.0 5.0 11.25 10000000034.5449
0.0 2.5 5.0 11.25 108299833.22760001
0.0 -2.5 -10.0 12.5 1.0884999999999998
0.0 2.5 -10.0 12.5 12.6755
0.0 5.0 -10.0 12.5 4.772599999999999
0.0 7.5 -10.0 12.5 4.8697
0.0 10.0 -10.0 12.5 3.2504
0.0 -5.0 -7.5 12.5 10000000054.712801
0.0 0.0 -7.5 12.5 260567228.8978
0.0 2.5 -7.5 12.5 1257479.1204
0.0 5.0 -7.5 12.5 1.0319
0.0 7.5 -7.5 12.5 -5.753
0.0 10.0 -7.5 12.5 -1.7139
0.0 -2.5 -5.0 12.5 415591761.74219996
0.0 0.0 -5.0 12.5 499092121.2289
0.0 2.5 -5.0 12.5 56036204.8952
0.0 5.0 -5.0 12.5 13682.7186
0.0 -2.5 -2.5 12.5 20228260.599799998
0.0 0.0 -2.5 12.5 682607743.2451999
0.0 2.5 -2.5 12.5 9999999897.703402
0.0 5.0 -2.5 12.5 1894753337.1959999
0.0 -5.0 0.0 12.5 9237541099.3271
0.0 -2.5 0.0 12.5 10000000018.0715
0.0 0.0 0.0 12.5 9999999909.800701
0.0 2.5 0.0 12.5 9999999942.036402
0.0 5.0 0.0 12.5 1574805697.2726
0.0 -2.5 2.5 12.5 554422022.5105001
0.0 0.0 2.5 12.5 10000000192.8295
0.0 2.5 2.5 12.5 843619811.5577
0.0 7.5 2.5 12.5 358352055.87729996
0.0 0.0 5.0 12.5 143502354.4154
0.0 2.5 5.0 12.5 297966977.2564
0.0 5.0 5.0 12.5 3991153.4335
0.0 -2.5 -10.0 13.75 0.9902000000000006
0.0 0.0 -10.0 13.75 3.1068
0.0 2.5 -10.0 13.75 4.059100000000001
0.0 5.0 -10.0 13.75 4.5618
0.0 7.5 -10.0 13.75 3.0764
0.0 10.0 -10.0 13.75 3.5946
0.0 -5.0 -7.5 13.75 46324107.205699995
0.0 -2.5 -7.5 13.75 288490.3643
0.0 0.0 -7.5 13.75 8017.527800000001
0.0 2.5 -7.5 13.75 562.1994
0.0 5.0 -7.5 13.75 -5.753699999999999
0.0 7.5 -7.5 13.75 -2.8211
0.0 10.0 -7.5 13.75 -0.3122999999999999
0.0 -2.5 -5.0 13.75 7075308471.4283
0.0 0.0 -5.0 13.75 1933821491.1525
0.0 2.5 -5.0 13.75 8978113.3939
0.0 5.0 -5.0 13.75 668.5371
0.0 7.5 -5.0 13.75 -11.4526
0.0 -5.0 -2.5 13.75 78758343.31920001
0.0 -2.5 -2.5 13.75 10000000033.6462
0.0 0.0 -2.5 13.75 9999999922.098202
0.0 2.5 -2.5 13.75 9999999976.194601
0.0 5.0 -2.5 13.75 9999999933.6072
0.0 7.5 -2.5 13.75 14745.251900000001
0.0 -5.0 0.0 13.75 9999999914.800201
0.0 -2.5 0.0 13.75 9999999829.165401
0.0 0.0 0.0 13.75 69417114.97819999
0.0 2.5 0.0 13.75 423121035.4177
0.0 5.0 0.0 13.75 3068323362.9611998
0.0 7.5 0.0 13.75 46205866.5903
0.0 10.0 0.0 13.75 7084.8511
0.0 -5.0 2.5 13.75 166923056.9068
0.0 -2.5 2.5 13.75 20449889.9691
0.0 0.0 2.5 13.75 9723900808.6052
0.0 2.5 2.5 13.75 63543079.5115
0.0 5.0 2.5 13.75 65016388.4365
0.0 7.5 2.5 13.75 9999999979.447401
0.0 -2.5 5.0 13.75 9999999946.3833
0.0 0.0 5.0 13.75 737615754.4165001
0.0 2.5 5.0 13.75 485580440.3405
0.0 5.0 5.0 13.75 56827568.812300004
0.0 7.5 5.0 13.75 28692.9693
0.0 10.0 5.0 13.75 -5.009600000000001
0.0 -5.0 -10.0 15.0 97.6908
0.0 -2.5 -10.0 15.0 -0.8843000000000005
0.0 0.0 -10.0 15.0 3.4498
0.0 2.5 -10.0 15.0 4.1232
0.0 5.0 -10.0 15.0 3.7828999999999997
0.0 7.5 -10.0 15.0 2.6116
0.0 10.0 -10.0 15.0 2.7217000000000002
0.0 -5.0 -7.5 15.0 2504748548.8872
0.0 -2.5 -7.5 15.0 4766.746499999999
0.0 0.0 -7.5 15.0 245.1999
0.0 2.5 -7.5 15.0 0.3232000000000004
0.0 5.0 -7.5 15.0 -3.1371
0.0 7.5 -7.5 15.0 -1.4744
0.0 10.0 -7.5 15.0 0.02629999999999999
0.0 -5.0 -5.0 15.0 10000000053.730501
0.0 -2.5 -5.0 15.0 9999999980.7017
0.0 0.0 -5.0 15.0 28140596.9542
0.0 2.5 -5.0 15.0 5579.9787
0.0 5.0 -5.0 15.0 686.0518
0.0 7.5 -5.0 15.0 -8.924299999999999
0.0 10.0 -5.0 15.0 -2.9204999999999997
0.0 -5.0 -2.5 15.0 2749851812.7528005
0.0 -2.5 -2.5 15.0 9999999982.610601
0.0 0.0 -2.5 15.0 56211680.8194
0.0 2.5 -2.5 15.0 625511207.9699
0.0 5.0 -2.5 15.0 31409810.599999998
0.0 7.5 -2.5 15.0 32.169399999999996
0.0 10.0 -2.5 15.0 -5.5332
0.0 -5.0 0.0 15.0 1101525723.3932
0.0 -2.5 0.0 15.0 2684558573.2055
0.0 0.0 0.0 15.0 1891602604.6468
0.0 2.5 0.0 15.0 4917831535.641701
0.0 5.0 0.0 15.0 14110.6434
0.0 7.5 0.0 15.0 33731.5361
0.0 10.0 0.0 15.0 -9.3077
0.0 -5.0 2.5 15.0 47565.173599999995
0.0 -2.5 2.5 15.0 6546960.5293000005
0.0 0.0 2.5 15.0 548814.0828
0.0 2.5 2.5 15.0 3238137.6550000003
0.0 5.0 2.5 15.0 104161.6209
0.0 7.5 2.5 15.0 7056635.1669
0.0 10.0 2.5 15.0 19.377200000000002
0.0 -5.0 5.0 15.0 153.1618
0.0 -2.5 5.0 15.0 1255328472.0888
0.0 0.0 5.0 15.0 394508883.7592
0.0 2.5 5.0 15.0 671357802.9629
0.0 5.0 5.0 15.0 5336.0213
0.0 7.5 5.0 15.0 219.1713
0.0 10.0 5.0 15.0 -1.1461000000000001
0.0 -5.0 -10.0 16.25 53.1366
0.0 -2.5 -10.0 16.25 -0.2984
0.0 0.0 -10.0 16.25 3.0313
0.0 2.5 -10.0 16.25 2.9762000000000004
0.0 5.0 -10.0 16.25 1.9988
0.0 7.5 -10.0 16.25 2.0169
0.0 10.0 -10.0 16.25 2.0351000000000004
0.0 -5.0 -7.5 16.25 3428474969.7131
0.0 -2.5 -7.5 16.25 17427.9677
0.0 0.0 -7.5 16.25 -0.9679000000000002
0.0 2.5 -7.5 16.25 -1.3883999999999999
0.0 5.0 -7.5 16.25 -1.0357
0.0 7.5 -7.5 16.25 -0.8238
0.0 10.0 -7.5 16.25 0.8531
0.0 -5.0 -5.0 16.25 707517664.6343
0.0 -2.5 -5.0 16.25 2747608235.6188
0.0 0.0 -5.0 16.25 1923191.9928
0.0 2.5 -5.0 16.25 264.05080000000004
0.0 5.0 -5.0 16.25 -6.9742999999999995
0.0 7.5 -5.0 16.25 -5.162
0.0 10.0 -5.0 16.25 -1.679
0.0 -5.0 -2.5 16.25 4531429.8032
0.0 -2.5 -2.5 16.25 205635135.18739998
0.0 0.0 -2.5 16.25 80576.5469
0.0 2.5 -2.5 16.25 9731608906.4398
0.0 5.0 -2.5 16.25 6.141499999999999
0.0 7.5 -2.5 16.25 -11.517600000000002
0.0 10.0 -2.5 16.25 -4.3667
0.0 -5.0 0.0 16.25 31626711.663799997
0.0 -2.5 0.0 16.25 3087347.9123
0.0 0.0 0.0 16.25 1510140.2055
0.0 2.5 0.0 16.25 81079.6482
0.0 5.0 0.0 16.25 63.9383
0.0 7.5 0.0 16.25 25.374399999999998
0.0 10.0 0.0 16.25 -6.9847
0.0 -5.0 2.5 16.25 262.4193
0.0 -2.5 2.5 16.25 6482541.0466
0.0 0.0 2.5 16.25 220272.78389999998
0.0 2.5 2.5 16.25 194013510.8335
0.0 5.0 2.5 16.25 606.0997
0.0 7.5 2.5 16.25 144.78910000000002
0.0 10.0 2.5 16.25 -4.7901
0.0 -5.0 5.0 16.25 -8.817599999999999
0.0 -2.5 5.0 16.25 715344.509
0.0 0.0 5.0 16.25 628.9031
0.0 2.5 5.0 16.25 9999999993.3934
0.0 5.0 5.0 16.25 33.4947
0.0 7.5 5.0 16.25 -3.1478
0.0 10.0 5.0 16.25 0.43020000000000014
60.0 -5.0 -10.0 3.75 831672700.3201
60.0 -2.5 -10.0 3.75 122860922.2678
60.0 0.0 -10.0 3.75 215553899.9369
60.0 2.5 -10.0 3.75 10000000007.674501
60.0 5.0 -10.0 3.75 10000000007.033401
60.0 7.5 -10.0 3.75 133395944.44150001
60.0 10.0 -10.0 3.75 -21.213699999999996
60.0 -5.0 -7.5 3.75 9999999929.1707
60.0 -2.5 -7.5 3.75 10000000093.8141
60.0 0.0 -7.5 3.75 10000000031.6457
60.0 2.5 -7.5 3.75 7422631418.3334
60.0 5.0 -7.5 3.75 10000000465.8169
60.0 7.5 -7.5 3.75 332032435.3375
60.0 10.0 -7.5 3.75 157.4397
60.0 -5.0 -5.0 3.75 10000000083.390001
60.0 -2.5 -5.0 3.75 10000000078.3773
60.0 0.0 -5.0 3.75 9999999897.578901
60.0 2.5 -5.0 3.75 9999999706.2262
60.0 5.0 -5.0 3.75 9999999791.602901
60.0 7.5 -5.0 3.75 1952390418.6944
60.0 10.0 -5.0 3.75 10112433.0178
60.0 -5.0 -2.5 3.75 10000000119.850801
60.0 -2.5 -2.5 3.75 9999999761.021801
60.0 0.0 -2.5 3.75 9999999892.267302
60.0 2.5 -2.5 3.75 10000000056.9699
60.0 5.0 -2.5 3.75 10000000124.437302
60.0 7.5 -2.5 3.75 9999999898.715601
60.0 10.0 -2.5 3.75 9999999948.9918
60.0 -5.0 0.0 3.75 9999999954.941101
60.0 -2.5 0.0 3.75 10000000198.8864
60.0 0.0 0.0 3.75 10000000208.9591
60.0 2.5 0.0 3.75 10000000068.7301
60.0 5.0 0.0 3.75 9999999901.316301
60.0 7.5 0.0 3.75 9999999900.1334
60.0 10.0 0.0 3.75 10000000009.973001
60.0 -5.0 2.5 3.75 98488916.0512
60.0 -2.5 2.5 3.75 10000000019.723701
60.0 0.0 2.5 3.75 10000000240.218801
60.0 2.5 2.5 3.75 9999999990.4636
60.0 5.0 2.5 3.75 10000000084.803701
60.0 7.5 2.5 3.75 10000000121.2752
60.0 10.0 2.5 3.75 10000000006.597301
60.0 -5.0 5.0 3.75 102883795.877
60.0 -2.5 5.0 3.75 3117724469.2985
60.0 0.0 5.0 3.75 10000000078.4661
60.0 2.5 5.0 3.75 5980786557.4426
60.0 5.0 5.0 3.75 10000000068.5058
60.0 7.5 5.0 3.75 10000000144.244902
60.0 10.0 5.0 3.75 244215751.29569998
60.0 0.0 -2.5 6.25 9999999981.893002
60.0 0.0 2.5 6.25 10000000372.796001
60.0 5.0 -7.5 7.5 9999999812.979301
60.0 0.0 -5.0 7.5 9999999906.152601
60.0 0.0 -2.5 7.5 9999999648.7252
60.0 -2.5 0.0 7.5 9999999714.949501
60.0 0.0 0.0 7.5 9999999918.1432
60.0 -2.5 2.5 7.5 10000000190.874802
60.0 0.0 2.5 7.5 10000000125.457901
60.0 0.0 -7.5 8.75 10000000214.4116
60.0 0.0 -5.0 8.75 9999999910.057901
60.0 2.5 -5.0 8.75 9999999948.611
60.0 0.0 -2.5 8.75 10000000167.714401
60.0 -2.5 0.0 8.75 9999999871.92
60.0 0.0 0.0 8.75 10000000009.7322
60.0 -2.5 2.5 8.75 10000000115.2879
60.0 0.0 2.5 8.75 9999999792.7336
60.0 2.5 2.5 8.75 9999999797.0545
60.0 -5.0 5.0 8.75 13497426.4972
60.0 -2.5 5.0 8.75 9999999821.392101
60.0 0.0 5.0 8.75 9999999954.0662
60.0 0.0 -10.0 10.0 73784279.7941
60.0 0.0 -7.5 10.0 5868773872.3556
60.0 2.5 -7.5 10.0 1175279488.2905998
60.0 5.0 -7.5 10.0 4176107.9961
60.0 0.0 -5.0 10.0 10000000023.464901
60.0 2.5 -5.0 10.0 10000000053.5314
60.0 0.0 -2.5 10.0 2940575266.5761
60.0 -2.5 0.0 10.0 2005820171.1347
60.0 0.0 0.0 10.0 9999999874.371801
60.0 -5.0 2.5 10.0 210718195.9818
60.0 -2.5 2.5 10.0 9999999984.9664
60.0 0.0 2.5 10.0 9999999932.1292
60.0 2.5 2.5 10.0 9999999995.9501
60.0 -2.5 5.0 10.0 311492647.22179997
60.0 0.0 5.0 10.0 9999999963.000101
60.0 2.5 5.0 10.0 1526534578.5303
60.0 0.0 -10.0 11.25 6808.246700000001
60.0 7.5 -10.0 11.25 8.4501
60.0 10.0 -10.0 11.25 1.7358000000000002
60.0 -2.5 -7.5 11.25 189055.5651
60.0 0.0 -7.5 11.25 31120.4472
60.0 2.5 -7.5 11.25 322933.8322
60.0 5.0 -7.5 11.25 982.8128
60.0 7.5 -7.5 11.25 -0.3285
60.0 10.0 -7.5 11.25 -2.5934999999999997
60.0 0.0 -5.0 11.25 193181076.674
60.0 2.5 -5.0 11.25 10000000046.853802
60.0 0.0 -2.5 11.25 9999999962.832602
60.0 -2.5 0.0 11.25 10000000013.875301
60.0 0.0 0.0 11.25 9999999933.5925
60.0 2.5 0.0 11.25 10000000300.261301
60.0 -5.0 2.5 11.25 6977351.713900001
60.0 -2.5 2.5 11.25 5137788722.4427
60.0 0.0 2.5 11.25 9999999926.5837
60.0 2.5 2.5 11.25 9999999984.7516
60.0 -5.0 5.0 11.25 6693.8713
60.0 -2.5 5.0 11.25 22363859.448
60.0 0.0 5.0 11.25 9999999955.9754
60.0 2.5 5.0 11.25 1530412179.0914001
60.0 5.0 5.0 11.25 556836744.1717
60.0 0.0 -10.0 12.5 35.4788
60.0 2.5 -10.0 12.5 28.1416
60.0 5.0 -10.0 12.5 18.1297
60.0 7.5 -10.0 12.5 9.5876
60.0 10.0 -10.0 12.5 3.4105
60.0 -2.5 -7.5 12.5 1860.4944
60.0 0.0 -7.5 12.5 24176.1231
60.0 2.5 -7.5 12.5 18608440.1201
60.0 5.0 -7.5 12.5 50.30800000000001
60.0 7.5 -7.5 12.5 4.523499999999999
60.0 10.0 -7.5 12.5 0.6928000000000001
60.0 -5.0 -5.0 12.5 103806225.1467
60.0 -2.5 -5.0 12.5 16256659.476599999
60.0 0.0 -5.0 12.5 8299099480.0249
60.0 2.5 -5.0 12.5 1033867039.0167
60.0 -2.5 -2.5 12.5 530617018.9674
60.0 0.0 -2.5 12.5 245288657.2752
60.0 5.0 -2.5 12.5 34927091.926
60.0 -5.0 0.0 12.5 9999999805.0548
60.0 -2.5 0.0 12.5 9999999962.832602
60.0 0.0 0.0 12.5 9999999965.5359
60.0 2.5 0.0 12.5 9999999762.6081
60.0 -5.0 2.5 12.5 223396832.8693
60.0 -2.5 2.5 12.5 9999999979.744902
60.0 0.0 2.5 12.5 9999999950.903301
60.0 2.5 2.5 12.5 10000000030.550402
60.0 -5.0 5.0 12.5 397012.9914
60.0 -2.5 5.0 12.5 510771478.8067
60.0 0.0 5.0 12.5 1080309355.1988
60.0 2.5 5.0 12.5 184295875.50980002
60.0 5.0 5.0 12.5 10000000015.309801
60.0 -2.5 -10.0 13.75 -0.8613
60.0 0.0 -10.0 13.75 10.5489
60.0 2.5 -10.0 13.75 18.3519
60.0 5.0 -10.0 13.75 13.9993
60.0 7.5 -10.0 13.75 8.083200000000001
60.0 10.0 -10.0 13.75 3.0938000000000003
60.0 -2.5 -7.5 13.75 493.6162
60.0 0.0 -7.5 13.75 31.4296
60.0 2.5 -7.5 13.75 168.50650000000002
60.0 5.0 -7.5 13.75 10.8719
60.0 7.5 -7.5 13.75 5.4404
60.0 10.0 -7.5 13.75 1.7292
60.0 -5.0 -5.0 13.75 49132930.8261
60.0 -2.5 -5.0 13.75 5958563.812
60.0 0.0 -5.0 13.75 303441603.1293
60.0 2.5 -5.0 13.75 120238.15239999999
60.0 5.0 -5.0 13.75 107.4083
60.0 7.5 -5.0 13.75 -0.0118999999999998
60.0 10.0 -5.0 13.75 -0.03410000000000002
60.0 -5.0 -2.5 13.75 1633735210.8739
60.0 -2.5 -2.5 13.75 2005129874.6158001
60.0 0.0 -2.5 13.75 10000000128.7418
60.0 2.5 -2.5 13.75 8239905.8983000005
60.0 5.0 -2.5 13.75 2639258.3252000003
60.0 7.5 -2.5 13.75 718.1067999999999
60.0 -5.0 0.0 13.75 10000000008.670502
60.0 -2.5 0.0 13.75 9999999929.502602
60.0 0.0 0.0 13.75 10000000006.0324
60.0 2.5 0.0 13.75 9999999970.3822
60.0 5.0 0.0 13.75 3367565169.9223
60.0 -5.0 2.5 13.75 22279116.2693
60.0 -2.5 2.5 13.75 86454674.0415
60.0 0.0 2.5 13.75 3636442775.9895
60.0 2.5 2.5 13.75 1371942663.4371
60.0 -5.0 5.0 13.75 357500280.0438
60.0 -2.5 5.0 13.75 6755119396.3313
60.0 0.0 5.0 13.75 9999999876.6266
60.0 2.5 5.0 13.75 564784.4435
60.0 5.0 5.0 13.75 13154831.129500002
60.0 -5.0 -10.0 15.0 -7.399900000000001
60.0 -2.5 -10.0 15.0 -5.3944
60.0 0.0 -10.0 15.0 4.756500000000001
60.0 2.5 -10.0 15.0 10.4084
60.0 5.0 -10.0 15.0 9.9473
60.0 7.5 -10.0 15.0 6.598000000000001
60.0 10.0 -10.0 15.0 2.1168
60.0 -5.0 -7.5 15.0 5686389.2203
60.0 -2.5 -7.5 15.0 206.7774
60.0 0.0 -7.5 15.0 -2.6757999999999997
60.0 2.5 -7.5 15.0 8.525400000000001
60.0 5.0 -7.5 15.0 7.5311
60.0 7.5 -7.5 15.0 5.1999
60.0 10.0 -7.5 15.0 1.6305
60.0 -5.0 -5.0 15.0 10592795.3089
60.0 -2.5 -5.0 15.0 1115766712.3245
60.0 0.0 -5.0 15.0 115644468.228
60.0 2.5 -5.0 15.0 38.8074
60.0 5.0 -5.0 15.0 1.7787000000000002
60.0 7.5 -5.0 15.0 0.7290000000000001
60.0 10.0 -5.0 15.0 0.6376000000000001
60.0 -5.0 -2.5 15.0 613193743.7223
60.0 -2.5 -2.5 15.0 9999999988.7623
60.0 0.0 -2.5 15.0 9432970044.4291
60.0 2.5 -2.5 15.0 88973.6234
60.0 5.0 -2.5 15.0 2571587.4754000003
60.0 7.5 -2.5 15.0 41.7853
60.0 10.0 -2.5 15.0 -0.9139000000000002
60.0 -5.0 0.0 15.0 9999999989.749601
60.0 -2.5 0.0 15.0 10000000014.3889
60.0 0.0 0.0 15.0 754137425.3768
60.0 2.5 0.0 15.0 659608913.7074001
60.0 5.0 0.0 15.0 60912.712400000004
60.0 7.5 0.0 15.0 297.9522
60.0 10.0 0.0 15.0 -0.7403
60.0 -5.0 2.5 15.0 1430847.5214
60.0 -2.5 2.5 15.0 598521399.9928
60.0 0.0 2.5 15.0 1086702933.8412
60.0 2.5 2.5 15.0 158190760.0444
60.0 5.0 2.5 15.0 9999999954.8917
60.0 7.5 2.5 15.0 -7.706
60.0 10.0 2.5 15.0 0.5406
60.0 -5.0 5.0 15.0 127250.3597
60.0 -2.5 5.0 15.0 229162258.6505
60.0 0.0 5.0 15.0 251836.4715
60.0 2.5 5.0 15.0 44311.7383
60.0 5.0 5.0 15.0 857.8587
60.0 -5.0 -10.0 16.25 -7.4201
60.0 -2.5 -10.0 16.25 -4.7506
60.0 0.0 -10.0 16.25 1.2283000000000002
60.0 2.5 -10.0 16.25 5.4406
60.0 5.0 -10.0 16.25 5.813400000000001
60.0 7.5 -10.0 16.25 4.153099999999999
60.0 10.0 -10.0 16.25 1.1178000000000001
60.0 -5.0 -7.5 16.25 55762.7715
60.0 -2.5 -7.5 16.25 242.22449999999998
60.0 0.0 -7.5 16.25 -1.9522
60.0 2.5 -7.5 16.25 3.5532999999999997
60.0 5.0 -7.5 16.25 5.8831
60.0 7.5 -7.5 16.25 3.7127
60.0 10.0 -7.5 16.25 0.9784999999999999
60.0 -5.0 -5.0 16.25 1684514655.6716
60.0 -2.5 -5.0 16.25 156846541.1329
60.0 0.0 -5.0 16.25 39186.6878
60.0 2.5 -5.0 16.25 -3.0178999999999996
60.0 5.0 -5.0 16.25 -0.23539999999999983
60.0 7.5 -5.0 16.25 0.9052
60.0 10.0 -5.0 16.25 -0.119
60.0 -5.0 -2.5 16.25 118357.3121
60.0 -2.5 -2.5 16.25 5869147.8696
60.0 0.0 -2.5 16.25 30852.051600000003
60.0 2.5 -2.5 16.25 5954.2438
60.0 5.0 -2.5 16.25 2963565.0113000004
60.0 7.5 -2.5 16.25 -2.4753000000000003
60.0 10.0 -2.5 16.25 -0.1442
60.0 -5.0 0.0 16.25 3333742150.2639003
60.0 -2.5 0.0 16.25 18643720.8618
60.0 0.0 0.0 16.25 22845577.6111
60.0 2.5 0.0 16.25 2694870842.7379
60.0 5.0 0.0 16.25 770.746
60.0 7.5 0.0 16.25 -4.8379
60.0 10.0 0.0 16.25 -0.2441000000000001
60.0 -5.0 2.5 16.25 10759.9534
60.0 -2.5 2.5 16.25 4640.8395
60.0 0.0 2.5 16.25 4956026571.464199
60.0 2.5 2.5 16.25 9264395.730700001
60.0 5.0 2.5 16.25 52030.5968
60.0 7.5 2.5 16.25 -5.0006
60.0 10.0 2.5 16.25 0.11319999999999997
60.0 -5.0 5.0 16.25 278.41889999999995
60.0 -2.5 5.0 16.25 5721840905.5225
60.0 0.0 5.0 16.25 578.8023999999999
60.0 2.5 5.0 16.25 254.608
60.0 5.0 5.0 16.25 7.139
60.0 7.5 5.0 16.25 -3.0764
60.0 10.0 5.0 16.25 0.24740000000000006
120.0 -5.0 -10.0 3.75 36605099.4662
120.0 -2.5 -10.0 3.75 9999999912.3344
120.0 0.0 -10.0 3.75 9999999980.410702
120.0 2.5 -10.0 3.75 9999999879.2824
120.0 5.0 -10.0 3.75 10000000012.0358
120.0 7.5 -10.0 3.75 663296.5467
120.0 10.0 -10.0 3.75 23279.2118
120.0 -5.0 -7.5 3.75 10000000005.477402
120.0 -2.5 -7.5 3.75 3928183200.2200003
120.0 0.0 -7.5 3.75 9999999960.8651
120.0 2.5 -7.5 3.75 9999999916.783901
120.0 5.0 -7.5 3.75 9999999997.221802
120.0 7.5 -7.5 3.75 310780.6204
120.0 10.0 -7.5 3.75 903.7371
120.0 -5.0 -5.0 3.75 10000000019.4078
120.0 -2.5 -5.0 3.75 10000000150.9946
120.0 0.0 -5.0 3.75 9999999323.4808
120.0 2.5 -5.0 3.75 9999999811.764301
120.0 5.0 -5.0 3.75 10000000113.173101
120.0 7.5 -5.0 3.75 10000000076.495401
120.0 10.0 -5.0 3.75 4268965.488299999
120.0 -5.0 -2.5 3.75 9999999951.839
120.0 -2.5 -2.5 3.75 9999999962.4041
120.0 0.0 -2.5 3.75 10000000123.588501
120.0 2.5 -2.5 3.75 9999999848.799501
120.0 5.0 -2.5 3.75 10000000077.4659
120.0 7.5 -2.5 3.75 175475981.1769
120.0 10.0 -2.5 3.75 1777819.8884
120.0 -5.0 0.0 3.75 382758905.7031
120.0 -2.5 0.0 3.75 688785758.4562
120.0 0.0 0.0 3.75 10000000350.6483
120.0 2.5 0.0 3.75 9999999798.5359
120.0 5.0 0.0 3.75 9999999955.9507
120.0 7.5 0.0 3.75 5185051.3484
120.0 10.0 0.0 3.75 373587.2926
120.0 -5.0 2.5 3.75 9999999994.2907
120.0 -2.5 2.5 3.75 10000000191.8157
120.0 0.0 2.5 3.75 10000000139.173801
120.0 2.5 2.5 3.75 10000000162.4228
120.0 5.0 2.5 3.75 2588529531.1699
120.0 7.5 2.5 3.75 9999999979.183102
120.0 10.0 2.5 3.75 9999999943.205801
120.0 -5.0 5.0 3.75 9999999861.820301
120.0 -2.5 5.0 3.75 10000000075.4985
120.0 0.0 5.0 3.75 9999999952.3012
120.0 2.5 5.0 3.75 9999999976.3398
120.0 5.0 5.0 3.75 9999999997.231602
120.0 7.5 5.0 3.75 9999999981.223202
120.0 10.0 5.0 3.75 10000000016.4741
120.0 -2.5 0.0 5.0 2512495133.5049
120.0 -2.5 2.5 5.0 9999999801.975801
120.0 0.0 -2.5 6.25 9999999801.951801
120.0 -2.5 0.0 6.25 9999999973.819302
120.0 -2.5 2.5 6.25 7887365877.7694
120.0 -2.5 5.0 6.25 10000000010.3448
120.0 0.0 -7.5 7.5 10000000040.4857
120.0 -2.5 -5.0 7.5 10000000057.329102
120.0 0.0 -5.0 7.5 3678615827.2577
120.0 -2.5 -2.5 7.5 9999999955.1516
120.0 0.0 -2.5 7.5 9999999972.399302
120.0 -2.5 0.0 7.5 9999999921.2257
120.0 -2.5 2.5 7.5 9999999946.671202
120.0 0.0 2.5 7.5 10000000242.285501
120.0 -2.5 5.0 7.5 9999999896.428501
120.0 0.0 -7.5 8.75 9999999936.4102
120.0 -2.5 -5.0 8.75 9999999921.925901
120.0 0.0 -5.0 8.75 9999999966.8934
120.0 2.5 -5.0 8.75 9999999949.193901
120.0 -2.5 -2.5 8.75 9999999840.7348
120.0 0.0 -2.5 8.75 9999999995.487902
120.0 -2.5 0.0 8.75 10000000018.263102
120.0 0.0 0.0 8.75 9999999833.6207
120.0 -2.5 2.5 8.75 10000000016.1875
120.0 0.0 2.5 8.75 9999999985.438501
120.0 -5.0 5.0 8.75 1186290205.5282
120.0 -2.5 5.0 8.75 10000000165.5946
120.0 0.0 -7.5 10.0 9999999997.3451
120.0 2.5 -7.5 10.0 331306746.8543
120.0 -2.5 -5.0 10.0 9999999523.1732
120.0 0.0 -5.0 10.0 10000000081.298302
120.0 2.5 -5.0 10.0 9999999920.2485
120.0 -2.5 -2.5 10.0 10000000333.1459
120.0 0.0 -2.5 10.0 5288307010.5336
120.0 -2.5 0.0 10.0 9999999968.9153
120.0 0.0 0.0 10.0 9999999907.449701
120.0 -2.5 2.5 10.0 10000000211.3656
120.0 0.0 2.5 10.0 10000000023.5223
120.0 2.5 2.5 10.0 6546151715.6035
120.0 -5.0 5.0 10.0 10000000417.0209
120.0 -2.5 5.0 10.0 34704542.5338
120.0 0.0 5.0 10.0 1336230793.9986
120.0 0.0 -10.0 11.25 25487045.657
120.0 2.5 -10.0 11.25 997.342
120.0 5.0 -10.0 11.25 105.66420000000001
120.0 7.5 -10.0 11.25 7.599900000000001
120.0 0.0 -7.5 11.25 190523493.8457
120.0 2.5 -7.5 11.25 10000000155.8143
120.0 5.0 -7.5 11.25 1255.0428
120.0 -2.5 -5.0 11.25 10000000043.097301
120.0 0.0 -5.0 11.25 10000000011.9895
120.0 2.5 -5.0 11.25 711329019.9532
120.0 -5.0 -2.5 11.25 736024135.2493
120.0 -2.5 -2.5 11.25 9999999723.4244
120.0 0.0 -2.5 11.25 10000000070.104502
120.0 -5.0 0.0 11.25 9999999943.065102
120.0 -2.5 0.0 11.25 3397522920.2905
120.0 0.0 0.0 11.25 10000000095.2759
120.0 2.5 0.0 11.25 10000000029.0438
120.0 5.0 0.0 11.25 2109216549.5365002
120.0 -5.0 2.5 11.25 9999999901.9258
120.0 -2.5 2.5 11.25 59969107.6773
120.0 0.0 2.5 11.25 5479484364.783401
120.0 2.5 2.5 11.25 10000000112.284601
120.0 -5.0 5.0 11.25 5177402.413000001
120.0 -2.5 5.0 11.25 10000000018.676401
120.0 0.0 5.0 11.25 10000000059.196001
120.0 2.5 5.0 11.25 5246187.4985
120.0 -5.0 -10.0 12.5 814.4191000000001
120.0 0.0 -10.0 12.5 10000000148.691101
120.0 2.5 -10.0 12.5 1213.5140000000001
120.0 5.0 -10.0 12.5 -2.5584
120.0 7.5 -10.0 12.5 4.5981000000000005
120.0 10.0 -10.0 12.5 7.0327
120.0 -2.5 -7.5 12.5 1267793.2555
120.0 0.0 -7.5 12.5 9999999963.976702
120.0 2.5 -7.5 12.5 79018.5619
120.0 5.0 -7.5 12.5 49.4511
120.0 -2.5 -5.0 12.5 125632424.59719999
120.0 0.0 -5.0 12.5 1794395698.8294
120.0 2.5 -5.0 12.5 87245132.616
120.0 -5.0 -2.5 12.5 10000000136.8043
120.0 -2.5 -2.5 12.5 10000000141.3234
120.0 0.0 -2.5 12.5 1936513002.1316
120.0 -5.0 0.0 12.5 1227838350.7499
120.0 -2.5 0.0 12.5 9999999988.786901
120.0 0.0 0.0 12.5 763941008.1719999
120.0 2.5 0.0 12.5 19496129.523300003
120.0 5.0 0.0 12.5 117205745.426
120.0 -5.0 2.5 12.5 9999999945.075201
120.0 -2.5 2.5 12.5 9999999947.9269
120.0 0.0 2.5 12.5 148920050.4443
120.0 2.5 2.5 12.5 2579371309.5207
120.0 5.0 2.5 12.5 10000000060.5778
120.0 -5.0 5.0 12.5 221852997.2399
120.0 -2.5 5.0 12.5 9999999997.518702
120.0 0.0 5.0 12.5 10000000027.575901
120.0 2.5 5.0 12.5 16597471.4503
120.0 5.0 5.0 12.5 19362.228900000002
120.0 7.5 5.0 12.5 116.3833
120.0 -5.0 -10.0 13.75 1401.7975
120.0 -2.5 -10.0 13.75 20.0046
120.0 0.0 -10.0 13.75 894700.4966000001
120.0 2.5 -10.0 13.75 273.1894
120.0 5.0 -10.0 13.75 -2.4335999999999998
120.0 7.5 -10.0 13.75 2.4885
120.0 10.0 -10.0 13.75 3.4636
120.0 -2.5 -7.5 13.75 10000000005.279001
120.0 0.0 -7.5 13.75 15742.853599999999
120.0 2.5 -7.5 13.75 391.9216
120.0 5.0 -7.5 13.75 -8.2837
120.0 7.5 -7.5 13.75 3.4907999999999997
120.0 10.0 -7.5 13.75 7.412
120.0 -5.0 -5.0 13.75 72116490.34189999
120.0 -2.5 -5.0 13.75 41554876.5944
120.0 0.0 -5.0 13.75 6681800.2338000005
120.0 2.5 -5.0 13.75 64345.1846
120.0 -5.0 -2.5 13.75 9999999987.285301
120.0 -2.5 -2.5 13.75 653517590.9558
120.0 0.0 -2.5 13.75 9999999952.8374
120.0 2.5 -2.5 13.75 425428.9654
120.0 -5.0 0.0 13.75 315669685.7815
120.0 -2.5 0.0 13.75 3736062057.9576
120.0 0.0 0.0 13.75 4244647532.2057
120.0 2.5 0.0 13.75 10000000030.3267
120.0 -5.0 2.5 13.75 143534376.2642
120.0 -2.5 2.5 13.75 451706698.5165
120.0 0.0 2.5 13.75 9999999979.8565
120.0 2.5 2.5 13.75 9999999987.1042
120.0 5.0 2.5 13.75 10999841.1043
120.0 7.5 2.5 13.75 7772.0522
120.0 -5.0 5.0 13.75 362350.5442
120.0 -2.5 5.0 13.75 96623623.5849
120.0 0.0 5.0 13.75 1108404692.5794
120.0 2.5 5.0 13.75 7465566.4849
120.0 5.0 5.0 13.75 92650.6741
120.0 7.5 5.0 13.75 3.0309
120.0 -5.0 -10.0 15.0 1024.2151000000001
120.0 -2.5 -10.0 15.0 -2.7302
120.0 0.0 -10.0 15.0 21.336599999999997
120.0 2.5 -10.0 15.0 -3.401
120.0 5.0 -10.0 15.0 -2.957
120.0 7.5 -10.0 15.0 0.27670000000000006
120.0 10.0 -10.0 15.0 1.5603
120.0 -5.0 -7.5 15.0 178967257.6753
120.0 -2.5 -7.5 15.0 1181.238
120.0 0.0 -7.5 15.0 249.5198
120.0 2.5 -7.5 15.0 -11.418800000000001
120.0 5.0 -7.5 15.0 -6.4283
120.0 7.5 -7.5 15.0 -0.7999
120.0 10.0 -7.5 15.0 2.6608
120.0 -5.0 -5.0 15.0 2211218265.3818
120.0 -2.5 -5.0 15.0 41649567.4128
120.0 0.0 -5.0 15.0 3344.5108
120.0 2.5 -5.0 15.0 1992.1834000000001
120.0 5.0 -5.0 15.0 -10.6144
120.0 7.5 -5.0 15.0 -4.5244
120.0 10.0 -5.0 15.0 1.6546
120.0 -5.0 -2.5 15.0 9999999990.6483
120.0 -2.5 -2.5 15.0 1823019533.3821
120.0 0.0 -2.5 15.0 336223329.9034
120.0 2.5 -2.5 15.0 140901.5886
120.0 5.0 -2.5 15.0 49.415499999999994
120.0 7.5 -2.5 15.0 -12.360199999999999
120.0 10.0 -2.5 15.0 -1.6802000000000001
120.0 -5.0 0.0 15.0 9999999962.414501
120.0 -2.5 0.0 15.0 10000000044.0736
120.0 0.0 0.0 15.0 272399159.4123
120.0 2.5 0.0 15.0 144089473.9696
120.0 5.0 0.0 15.0 10169028.5743
120.0 10.0 0.0 15.0 -3.5383999999999998
120.0 -5.0 2.5 15.0 9999999999.6723
120.0 -2.5 2.5 15.0 587263.1991
120.0 0.0 2.5 15.0 24955250.0562
120.0 2.5 2.5 15.0 160216490.75010002
120.0 5.0 2.5 15.0 19916.3037
120.0 7.5 2.5 15.0 146.6127
120.0 10.0 2.5 15.0 -3.0112
120.0 -5.0 5.0 15.0 80.84700000000001
120.0 -2.5 5.0 15.0 34878939.8714
120.0 0.0 5.0 15.0 15991.0599
120.0 2.5 5.0 15.0 11189297.4881
120.0 5.0 5.0 15.0 96786.0432
120.0 7.5 5.0 15.0 -0.8811000000000002
120.0 10.0 5.0 15.0 -0.42310000000000003
120.0 -5.0 -10.0 16.25 17.389599999999998
120.0 -2.5 -10.0 16.25 -1.2562000000000002
120.0 0.0 -10.0 16.25 -4.193099999999999
120.0 2.5 -10.0 16.25 -4.9119
120.0 5.0 -10.0 16.25 -4.3041
120.0 7.5 -10.0 16.25 -2.0056
120.0 10.0 -10.0 16.25 -0.135
120.0 -5.0 -7.5 16.25 115852.61399999999
120.0 -2.5 -7.5 16.25 -4.9852
120.0 0.0 -7.5 16.25 -9.7537
120.0 2.5 -7.5 16.25 -8.1912
120.0 5.0 -7.5 16.25 -5.7228
120.0 7.5 -7.5 16.25 -2.0804
120.0 10.0 -7.5 16.25 0.37839999999999996
120.0 -5.0 -5.0 16.25 3126146.0662
120.0 -2.5 -5.0 16.25 36973.9871
120.0 0.0 -5.0 16.25 -7.0237
120.0 2.5 -5.0 16.25 -4.1164
120.0 5.0 -5.0 16.25 -7.1395
120.0 7.5 -5.0 16.25 -3.9511
120.0 10.0 -5.0 16.25 -0.1806
120.0 -5.0 -2.5 16.25 41351817.0318
120.0 -2.5 -2.5 16.25 1147832973.2192998
120.0 0.0 -2.5 16.25 9518638.6238
120.0 2.5 -2.5 16.25 70.10940000000001
120.0 5.0 -2.5 16.25 -9.7418
120.0 7.5 -2.5 16.25 -7.5854
120.0 10.0 -2.5 16.25 -1.848
120.0 -5.0 0.0 16.25 10000000009.0181
120.0 -2.5 0.0 16.25 748899.4600999999
120.0 0.0 0.0 16.25 49711.5251
120.0 2.5 0.0 16.25 53887.9966
120.0 5.0 0.0 16.25 5906921.9043
120.0 7.5 0.0 16.25 -7.138199999999999
120.0 10.0 0.0 16.25 -2.9673
120.0 -5.0 2.5 16.25 2277.9157
120.0 -2.5 2.5 16.25 772097130.4210999
120.0 0.0 2.5 16.25 10000000002.418901
120.0 2.5 2.5 16.25 1827079482.6049998
120.0 5.0 2.5 16.25 577.5748
120.0 7.5 2.5 16.25 -4.2244
120.0 10.0 2.5 16.25 -1.7978
120.0 -5.0 5.0 16.25 -9.1309
120.0 -2.5 5.0 16.25 8357.9601
120.0 0.0 5.0 16.25 117.1242
120.0 2.5 5.0 16.25 20533.382599999997
120.0 5.0 5.0 16.25 75.9307
120.0 7.5 5.0 16.25 -0.28079999999999994
120.0 10.0 5.0 16.25 -0.2164
180.0 -5.0 -10.0 3.75 9999999960.530201
180.0 -2.5 -10.0 3.75 10000000224.779902
180.0 0.0 -10.0 3.75 8454282720.269501
180.0 2.5 -10.0 3.75 6156084837.0171995
180.0 5.0 -10.0 3.75 9999999912.6748
180.0 7.5 -10.0 3.75 61133745.248900004
180.0 10.0 -10.0 3.75 463098.3882
180.0 -5.0 -7.5 3.75 7453696723.2591
180.0 -2.5 -7.5 3.75 10000000078.544802
180.0 0.0 -7.5 3.75 10000000219.8775
180.0 2.5 -7.5 3.75 9661508570.3729
180.0 5.0 -7.5 3.75 9999999850.2632
180.0 7.5 -7.5 3.75 9999999453.7059
180.0 10.0 -7.5 3.75 9999999537.8467
180.0 -5.0 -5.0 3.75 10000000190.0914
180.0 -2.5 -5.0 3.75 754094751.8076999
180.0 0.0 -5.0 3.75 9999999974.476702
180.0 2.5 -5.0 3.75 9999999892.619001
180.0 5.0 -5.0 3.75 10000000020.433
180.0 7.5 -5.0 3.75 302852232.3317
180.0 10.0 -5.0 3.75 197506558.1685
180.0 -5.0 -2.5 3.75 10000000017.8292
180.0 -2.5 -2.5 3.75 9999999983.58
180.0 0.0 -2.5 3.75 9999999878.7145
180.0 2.5 -2.5 3.75 9999999833.805801
180.0 5.0 -2.5 3.75 6506676306.177699
180.0 7.5 -2.5 3.75 10000000123.646502
180.0 10.0 -2.5 3.75 7502045665.916499
180.0 -5.0 0.0 3.75 9999999933.1749
180.0 -2.5 0.0 3.75 10000000143.701
180.0 0.0 0.0 3.75 10000000355.0452
180.0 2.5 0.0 3.75 10000000245.1396
180.0 5.0 0.0 3.75 9999999919.942202
180.0 7.5 0.0 3.75 10000000214.116701
180.0 10.0 0.0 3.75 3125379656.7731
180.0 -5.0 2.5 3.75 2586945958.6677003
180.0 -2.5 2.5 3.75 9999999775.182402
180.0 0.0 2.5 3.75 10000000157.539202
180.0 2.5 2.5 3.75 9999999941.0849
180.0 5.0 2.5 3.75 65152812.4744
180.0 7.5 2.5 3.75 5972794296.1734
180.0 10.0 2.5 3.75 1801848.5414
180.0 -5.0 5.0 3.75 22376063.680400003
180.0 -2.5 5.0 3.75 10000000270.3955
180.0 0.0 5.0 3.75 10000000190.794
180.0 2.5 5.0 3.75 10000000014.366001
180.0 5.0 5.0 3.75 2910024382.24
180.0 7.5 5.0 3.75 4930750.5001
180.0 10.0 5.0 3.75 552358.8711999999
180.0 -2.5 2.5 5.0 1344139980.1985998
180.0 -2.5 -2.5 6.25 9999999929.3488
180.0 -2.5 0.0 6.25 9999999890.723902
180.0 -2.5 -2.5 7.5 10000000114.014101
180.0 -2.5 0.0 7.5 10000000293.399801
180.0 -2.5 2.5 7.5 9999999949.410301
180.0 0.0 2.5 7.5 9999999832.3052
180.0 2.5 2.5 7.5 10000000036.8472
180.0 2.5 -10.0 8.75 6104244902.8907
180.0 -2.5 -7.5 8.75 10000000108.8237
180.0 2.5 -7.5 8.75 9999999941.8167
180.0 5.0 -7.5 8.75 3504316994.8646
180.0 -5.0 -5.0 8.75 2918800075.1593
180.0 -2.5 -5.0 8.75 323514563.6454
180.0 -5.0 -2.5 8.75 9999999958.828001
180.0 -2.5 -2.5 8.75 9999999921.742601
180.0 0.0 -2.5 8.75 9999999901.1201
180.0 -5.0 0.0 8.75 2332353678.9628
180.0 -2.5 0.0 8.75 2171829152.3303
180.0 0.0 0.0 8.75 10000000058.8605
180.0 -5.0 2.5 8.75 1425712718.5325
180.0 -2.5 2.5 8.75 9999999984.1287
180.0 0.0 2.5 8.75 10000000262.247002
180.0 2.5 2.5 8.75 6454835031.1798
180.0 0.0 5.0 8.75 10000000005.4929
180.0 2.5 5.0 8.75 1788094.0855
180.0 2.5 -10.0 10.0 80591743.6652
180.0 -2.5 -7.5 10.0 10000000101.408602
180.0 0.0 -7.5 10.0 9999999943.7621
180.0 2.5 -7.5 10.0 1857858701.0162
180.0 5.0 -7.5 10.0 47188032.5595
180.0 -5.0 -5.0 10.0 168115971.0464
180.0 -2.5 -5.0 10.0 10000000102.333101
180.0 0.0 -5.0 10.0 9999999817.1448
180.0 -5.0 -2.5 10.0 9999999982.568
180.0 -2.5 -2.5 10.0 9999999937.4638
180.0 0.0 -2.5 10.0 9999999978.9479
180.0 -5.0 0.0 10.0 9999999837.9775
180.0 -2.5 0.0 10.0 10000000148.342001
180.0 0.0 0.0 10.0 2793285033.0113
180.0 -5.0 2.5 10.0 2492970806.0374
180.0 -2.5 2.5 10.0 10000000011.652601
180.0 0.0 2.5 10.0 10000000095.703001
180.0 2.5 2.5 10.0 9999999980.749
180.0 -2.5 5.0 10.0 10000000018.878601
180.0 0.0 5.0 10.0 7725077430.0726
180.0 2.5 5.0 10.0 10000000026.1194
180.0 5.0 5.0 10.0 4858550.1686
180.0 -2.5 -10.0 11.25 11434224.6599
180.0 2.5 -10.0 11.25 6008725.6049
180.0 5.0 -10.0 11.25 12691174.4643
180.0 -2.5 -7.5 11.25 10000000154.411001
180.0 0.0 -7.5 11.25 10000000044.930101
180.0 2.5 -7.5 11.25 5618632246.0346
180.0 5.0 -7.5 11.25 2271674.9479
180.0 -5.0 -5.0 11.25 9999999991.245
180.0 -2.5 -5.0 11.25 858955417.7266
180.0 0.0 -5.0 11.25 10000000010.346401
180.0 -5.0 -2.5 11.25 261744487.4425
180.0 -2.5 -2.5 11.25 394391839.70629996
180.0 0.0 -2.5 11.25 243918326.6788
180.0 -5.0 0.0 11.25 9999999856.4113
180.0 -2.5 0.0 11.25 9999999883.802502
180.0 0.0 0.0 11.25 9999999993.072401
180.0 -5.0 2.5 11.25 9999999840.8398
180.0 -2.5 2.5 11.25 9999999944.4648
180.0 0.0 2.5 11.25 10000000052.865702
180.0 2.5 2.5 11.25 9999999957.478601
180.0 -5.0 5.0 11.25 354.60159999999996
180.0 -2.5 5.0 11.25 121276.86510000001
180.0 0.0 5.0 11.25 297510.72490000003
180.0 2.5 5.0 11.25 138824353.6113
180.0 5.0 5.0 11.25 33477207.9026
180.0 7.5 5.0 11.25 8815005.1592
180.0 -2.5 -10.0 12.5 357154270.5206
180.0 0.0 -10.0 12.5 4950744.5881
180.0 2.5 -10.0 12.5 3981.8215999999998
180.0 5.0 -10.0 12.5 162555.9933
180.0 7.5 -10.0 12.5 -10.659600000000001
180.0 -2.5 -7.5 12.5 9999999836.031
180.0 0.0 -7.5 12.5 9999999955.3647
180.0 2.5 -7.5 12.5 477131.20279999997
180.0 5.0 -7.5 12.5 16882.3224
180.0 -5.0 -5.0 12.5 9999999994.906301
180.0 -2.5 -5.0 12.5 10000000000.886501
180.0 0.0 -5.0 12.5 7448499955.7765
180.0 2.5 -5.0 12.5 2745341982.8444
180.0 5.0 -5.0 12.5 9999999935.6341
180.0 -5.0 -2.5 12.5 159076883.4104
180.0 -2.5 -2.5 12.5 10000000041.1986
180.0 0.0 -2.5 12.5 4035612703.4157
180.0 2.5 -2.5 12.5 9999999981.506802
180.0 5.0 -2.5 12.5 1026457176.0608
180.0 -5.0 0.0 12.5 9999999960.293201
180.0 -2.5 0.0 12.5 9999999896.5953
180.0 0.0 0.0 12.5 9543047369.1148
180.0 2.5 0.0 12.5 2805453.033
180.0 -5.0 2.5 12.5 212799797.1498
180.0 -2.5 2.5 12.5 35309409.8602
180.0 0.0 2.5 12.5 129967170.7347
180.0 2.5 2.5 12.5 10000000012.007502
180.0 5.0 2.5 12.5 4964550377.6181
180.0 -5.0 5.0 12.5 432.0449
180.0 -2.5 5.0 12.5 1088412.1174
180.0 0.0 5.0 12.5 10000000028.1434
180.0 2.5 5.0 12.5 638980.5946000001
180.0 5.0 5.0 12.5 874513.6780000001
180.0 7.5 5.0 12.5 2114.7272
180.0 10.0 5.0 12.5 6141.630499999999
180.0 -5.0 -10.0 13.75 242662.7396
180.0 -2.5 -10.0 13.75 3409113.2823
180.0 0.0 -10.0 13.75 12765.716
180.0 2.5 -10.0 13.75 -4.638199999999999
180.0 5.0 -10.0 13.75 -4.3248
180.0 7.5 -10.0 13.75 -5.8956
180.0 -5.0 -7.5 13.75 878569037.2362
180.0 -2.5 -7.5 13.75 10000000000.0955
180.0 0.0 -7.5 13.75 786289552.4840001
180.0 2.5 -7.5 13.75 79873.7677
180.0 5.0 -7.5 13.75 222.5573
180.0 10.0 -7.5 13.75 -4.701700000000001
180.0 -5.0 -5.0 13.75 10000000010.017302
180.0 -2.5 -5.0 13.75 10000000049.289701
180.0 0.0 -5.0 13.75 152888844.32119998
180.0 2.5 -5.0 13.75 21899341.254499998
180.0 5.0 -5.0 13.75 29757263.7888
180.0 -5.0 -2.5 13.75 9999999964.087801
180.0 -2.5 -2.5 13.75 1446509969.7703001
180.0 0.0 -2.5 13.75 192386862.3393
180.0 2.5 -2.5 13.75 360841571.7809
180.0 5.0 -2.5 13.75 10000000202.7598
180.0 -5.0 0.0 13.75 10000000005.041101
180.0 -2.5 0.0 13.75 9999999984.1424
180.0 0.0 0.0 13.75 548576919.5047001
180.0 2.5 0.0 13.75 2275170028.8309
180.0 5.0 0.0 13.75 92751751.5407
180.0 7.5 0.0 13.75 29.632600000000004
180.0 -5.0 2.5 13.75 236851056.4923
180.0 -2.5 2.5 13.75 5340953951.889
180.0 0.0 2.5 13.75 10000000091.448
180.0 2.5 2.5 13.75 235266527.72930002
180.0 5.0 2.5 13.75 9999999973.3194
180.0 7.5 2.5 13.75 49.4753
180.0 10.0 2.5 13.75 2.9596999999999998
180.0 -5.0 5.0 13.75 129.25900000000001
180.0 -2.5 5.0 13.75 6347.447
180.0 0.0 5.0 13.75 16524578.1913
180.0 2.5 5.0 13.75 793240.8323
180.0 5.0 5.0 13.75 7304.0189
180.0 7.5 5.0 13.75 -12.9567
180.0 -5.0 -10.0 15.0 11100.368199999999
180.0 -2.5 -10.0 15.0 152737211.469
180.0 0.0 -10.0 15.0 381.3216
180.0 2.5 -10.0 15.0 -1.9881000000000002
180.0 5.0 -10.0 15.0 -1.4586999999999999
180.0 7.5 -10.0 15.0 -2.2637
180.0 10.0 -10.0 15.0 -1.6215
180.0 -5.0 -7.5 15.0 302202092.1933
180.0 -2.5 -7.5 15.0 36598429.9082
180.0 0.0 -7.5 15.0 690596.5336
180.0 2.5 -7.5 15.0 136.9718
180.0 5.0 -7.5 15.0 -4.6624
180.0 7.5 -7.5 15.0 -5.4313
180.0 10.0 -7.5 15.0 -2.097
180.0 -5.0 -5.0 15.0 874658972.871
180.0 -2.5 -5.0 15.0 396506858.2455
180.0 0.0 -5.0 15.0 29153268.1188
180.0 2.5 -5.0 15.0 16891.5003
180.0 5.0 -5.0 15.0 7449.4379
180.0 7.5 -5.0 15.0 -2.3247
180.0 -5.0 -2.5 15.0 9999999982.1152
180.0 -2.5 -2.5 15.0 31749087.0528
180.0 0.0 -2.5 15.0 20207158.340400003
180.0 2.5 -2.5 15.0 9204066.2724
180.0 5.0 -2.5 15.0 9999999971.5181
180.0 7.5 -2.5 15.0 -5.7594
180.0 -5.0 0.0 15.0 254895307.0514
180.0 -2.5 0.0 15.0 4189482788.679
180.0 0.0 0.0 15.0 12058454.569799999
180.0 2.5 0.0 15.0 916648120.8346
180.0 5.0 0.0 15.0 6716.3628
180.0 7.5 0.0 15.0 -8.2074
180.0 -5.0 2.5 15.0 260661.8444
180.0 -2.5 2.5 15.0 3770353.8924
180.0 0.0 2.5 15.0 25810018.5504
180.0 2.5 2.5 15.0 122582255.1331
180.0 5.0 2.5 15.0 1029774921.43
180.0 7.5 2.5 15.0 -9.323
180.0 10.0 2.5 15.0 -1.9129
180.0 -5.0 5.0 15.0 -3.4114999999999998
180.0 -2.5 5.0 15.0 796161.0108
180.0 0.0 5.0 15.0 2299753947.2082996
180.0 2.5 5.0 15.0 228677382.9039
180.0 5.0 5.0 15.0 -11.1049
180.0 7.5 5.0 15.0 -12.6113
180.0 10.0 5.0 15.0 -6.4521
180.0 -5.0 -10.0 16.25 468.8842
180.0 -2.5 -10.0 16.25 735355.3975999999
180.0 0.0 -10.0 16.25 14.6787
180.0 2.5 -10.0 16.25 -1.0273
180.0 5.0 -10.0 16.25 -0.8871
180.0 7.5 -10.0 16.25 -1.1831
180.0 10.0 -10.0 16.25 -0.5797
180.0 -5.0 -7.5 16.25 179092894.7747
180.0 -2.5 -7.5 16.25 6610.5039
180.0 0.0 -7.5 16.25 4828.4518
180.0 2.5 -7.5 16.25 -6.5089
180.0 5.0 -7.5 16.25 -5.1688
180.0 7.5 -7.5 16.25 -2.9563
180.0 10.0 -7.5 16.25 -0.9927999999999999
180.0 -5.0 -5.0 16.25 72470928.793
180.0 -2.5 -5.0 16.25 421681905.6013
180.0 0.0 -5.0 16.25 7188.148499999999
180.0 2.5 -5.0 16.25 11.5409
180.0 5.0 -5.0 16.25 43.4888
180.0 7.5 -5.0 16.25 -5.2471
180.0 10.0 -5.0 16.25 -1.3766
180.0 -5.0 -2.5 16.25 9999999978.8453
180.0 -2.5 -2.5 16.25 82256005.1771
180.0 0.0 -2.5 16.25 40726500.5961
180.0 2.5 -2.5 16.25 606.0155
180.0 5.0 -2.5 16.25 650.3229
180.0 7.5 -2.5 16.25 -5.3571
180.0 10.0 -2.5 16.25 -1.6806
180.0 -5.0 0.0 16.25 804059097.951
180.0 -2.5 0.0 16.25 137263653.73589998
180.0 0.0 0.0 16.25 15199.2334
180.0 2.5 0.0 16.25 12848.5945
180.0 5.0 0.0 16.25 95.4587
180.0 7.5 0.0 16.25 -5.5496
180.0 10.0 0.0 16.25 -1.0796999999999999
180.0 -5.0 2.5 16.25 1073.447
180.0 -2.5 2.5 16.25 4659.5373
180.0 0.0 2.5 16.25 9999999955.3062
180.0 2.5 2.5 16.25 944919.0359
180.0 5.0 2.5 16.25 2.8833
180.0 7.5 2.5 16.25 -6.554600000000001
180.0 10.0 2.5 16.25 -2.0953
180.0 -5.0 5.0 16.25 -2.1254
180.0 -2.5 5.0 16.25 1846.7686999999999
180.0 0.0 5.0 16.25 27058.7057
180.0 2.5 5.0 16.25 1209522.8455
180.0 5.0 5.0 16.25 -10.1112
180.0 7.5 5.0 16.25 -7.9817
180.0 10.0 5.0 16.25 -3.8683
240.0 -5.0 -10.0 3.75 9999999860.152601
240.0 -2.5 -10.0 3.75 122046965.8232
240.0 0.0 -10.0 3.75 9999999994.9127
240.0 2.5 -10.0 3.75 636308062.4539
240.0 5.0 -10.0 3.75 9999999877.879301
240.0 7.5 -10.0 3.75 443184108.2779
240.0 10.0 -10.0 3.75 74.7127
240.0 -5.0 -7.5 3.75 10000000110.9764
240.0 -2.5 -7.5 3.75 9999999983.803501
240.0 0.0 -7.5 3.75 9999999967.5547
240.0 2.5 -7.5 3.75 9999999935.1445
240.0 5.0 -7.5 3.75 10000000231.2884
240.0 7.5 -7.5 3.75 26120408.5638
240.0 10.0 -7.5 3.75 39651.46799999999
240.0 -5.0 -5.0 3.75 9999999989.0561
240.0 -2.5 -5.0 3.75 9999999856.738
240.0 0.0 -5.0 3.75 9999999812.896301
240.0 2.5 -5.0 3.75 9999999607.0307
240.0 5.0 -5.0 3.75 9999999897.7875
240.0 7.5 -5.0 3.75 6146148772.8463
240.0 10.0 -5.0 3.75 26931273.82
240.0 -5.0 -2.5 3.75 10000000183.258202
240.0 -2.5 -2.5 3.75 9999999769.3243
240.0 0.0 -2.5 3.75 10000000124.078701
240.0 2.5 -2.5 3.75 9999999921.876501
240.0 5.0 -2.5 3.75 9999999995.5098
240.0 7.5 -2.5 3.75 1148503.3821
240.0 10.0 -2.5 3.75 83046.5829
240.0 -5.0 0.0 3.75 10000000055.5907
240.0 -2.5 0.0 3.75 10000000000.774801
240.0 0.0 0.0 3.75 10000000127.770401
240.0 2.5 0.0 3.75 10000000460.3549
240.0 5.0 0.0 3.75 1311451134.9064
240.0 7.5 0.0 3.75 1288819530.2865
240.0 10.0 0.0 3.75 7526530608.049
240.0 -5.0 2.5 3.75 9999999957.229
240.0 -2.5 2.5 3.75 9999999978.521101
240.0 0.0 2.5 3.75 10000000020.9454
240.0 2.5 2.5 3.75 10000000103.7166
240.0 5.0 2.5 3.75 10000000046.5722
240.0 7.5 2.5 3.75 568183567.7587
240.0 10.0 2.5 3.75 275804.4862
240.0 -5.0 5.0 3.75 4770300168.0812
240.0 -2.5 5.0 3.75 142701290.5817
240.0 0.0 5.0 3.75 6535423312.059099
240.0 2.5 5.0 3.75 2768085123.8424
240.0 5.0 5.0 3.75 10000000121.542702
240.0 7.5 5.0 3.75 10000000112.364101
240.0 10.0 5.0 3.75 597989.1276
240.0 0.0 5.0 5.0 10000000017.9188
240.0 2.5 -7.5 6.25 9999999688.9913
240.0 0.0 -2.5 6.25 10000000060.570301
240.0 0.0 0.0 6.25 10000000137.157501
240.0 -2.5 2.5 6.25 10000000062.700401
240.0 0.0 2.5 6.25 10000000050.997301
240.0 0.0 5.0 6.25 9999999932.6739
240.0 2.5 -7.5 7.5 9999999930.836102
240.0 0.0 -5.0 7.5 8281430829.725499
240.0 2.5 -5.0 7.5 280769136.6267
240.0 0.0 -2.5 7.5 10000000018.035301
240.0 2.5 -2.5 7.5 10000000034.4771
240.0 0.0 0.0 7.5 10000000094.9318
240.0 2.5 0.0 7.5 9999999930.9508
240.0 0.0 2.5 7.5 10000000041.5415
240.0 -2.5 5.0 7.5 61450940.67160001
240.0 0.0 5.0 7.5 9999999960.2345
240.0 2.5 -10.0 8.75 9999999983.5636
240.0 2.5 -7.5 8.75 1459046306.7639
240.0 0.0 -5.0 8.75 10000000099.826302
240.0 2.5 -5.0 8.75 10000000009.9307
240.0 -2.5 -2.5 8.75 9999999859.693901
240.0 0.0 -2.5 8.75 9999999859.0067
240.0 2.5 -2.5 8.75 10000000206.2091
240.0 -5.0 0.0 8.75 10000000067.273901
240.0 -2.5 0.0 8.75 9999999927.0223
240.0 0.0 0.0 8.75 9999999883.6268
240.0 2.5 0.0 8.75 9999999954.6616
240.0 -2.5 2.5 8.75 9999999931.1277
240.0 0.0 2.5 8.75 104271092.6879
240.0 2.5 2.5 8.75 8195529700.3302
240.0 -2.5 5.0 8.75 3655961133.4151
240.0 0.0 5.0 8.75 283260586.432
240.0 2.5 5.0 8.75 10000000032.690601
240.0 2.5 -10.0 10.0 75797.8141
240.0 5.0 -10.0 10.0 43915.266500000005
240.0 2.5 -7.5 10.0 2312681004.0673003
240.0 -5.0 -5.0 10.0 532443415.7005
240.0 0.0 -5.0 10.0 9999999920.8495
240.0 2.5 -5.0 10.0 10000000369.843401
240.0 -5.0 -2.5 10.0 103058760.39
240.0 -2.5 -2.5 10.0 9825057980.1397
240.0 0.0 -2.5 10.0 9999999871.4211
240.0 2.5 -2.5 10.0 9999999946.0424
240.0 -5.0 0.0 10.0 346793444.3809
240.0 -2.5 0.0 10.0 15615865.247299999
240.0 0.0 0.0 10.0 10000000014.3097
240.0 2.5 0.0 10.0 1997310771.3335001
240.0 -2.5 2.5 10.0 10000000020.782701
240.0 0.0 2.5 10.0 9999999992.426601
240.0 2.5 2.5 10.0 9999999960.8418
240.0 5.0 2.5 10.0 2100938596.0156
240.0 -2.5 5.0 10.0 162051252.3906
240.0 0.0 5.0 10.0 117854841.1126
240.0 2.5 5.0 10.0 5137253.8714
240.0 5.0 5.0 10.0 1482514.0318
240.0 -2.5 -10.0 11.25 151089.8451
240.0 2.5 -10.0 11.25 615.688
240.0 5.0 -10.0 11.25 1304.7361
240.0 10.0 -10.0 11.25 -2.1036
240.0 2.5 -7.5 11.25 1254471449.5382
240.0 -5.0 -5.0 11.25 10000000133.6306
240.0 -2.5 -5.0 11.25 98707968.03840001
240.0 0.0 -5.0 11.25 9999999925.4332
240.0 2.5 -5.0 11.25 1409318024.7791998
240.0 -5.0 -2.5 11.25 591483022.4361
240.0 -2.5 -2.5 11.25 10000000017.6641
240.0 0.0 -2.5 11.25 6847178961.395901
240.0 2.5 -2.5 11.25 10000000162.2028
240.0 -5.0 0.0 11.25 164470119.6963
240.0 -2.5 0.0 11.25 9999999948.9547
240.0 0.0 0.0 11.25 2019775893.3959
240.0 2.5 0.0 11.25 2748274978.2052
240.0 -2.5 2.5 11.25 10000000021.1693
240.0 0.0 2.5 11.25 2709272400.084
240.0 2.5 2.5 11.25 98802705.0924
240.0 5.0 2.5 11.25 10000000045.3265
240.0 -2.5 5.0 11.25 10000000013.6753
240.0 0.0 5.0 11.25 139561.18339999998
240.0 2.5 5.0 11.25 275836.55870000005
240.0 5.0 5.0 11.25 772206.0726
240.0 7.5 5.0 11.25 630.9522000000001
240.0 -2.5 -10.0 12.5 20931.6011
240.0 0.0 -10.0 12.5 2.9616000000000007
240.0 2.5 -10.0 12.5 827.5244
240.0 5.0 -10.0 12.5 779.5716
240.0 7.5 -10.0 12.5 -5.769299999999999
240.0 10.0 -10.0 12.5 -0.3356
240.0 -5.0 -7.5 12.5 10000000156.8384
240.0 0.0 -7.5 12.5 360576.87919999997
240.0 2.5 -7.5 12.5 972936927.6004001
240.0 5.0 -7.5 12.5 1972118.0532
240.0 7.5 -7.5 12.5 -8.432
240.0 10.0 -7.5 12.5 -1.9211
240.0 -5.0 -5.0 12.5 112064515.7112
240.0 -2.5 -5.0 12.5 2991372255.513
240.0 0.0 -5.0 12.5 9999999988.397001
240.0 2.5 -5.0 12.5 2492863.6776
240.0 5.0 -5.0 12.5 82740.4889
240.0 -5.0 -2.5 12.5 10000000017.238201
240.0 -2.5 -2.5 12.5 9999999976.1674
240.0 0.0 -2.5 12.5 10000000110.486301
240.0 2.5 -2.5 12.5 9999999863.651001
240.0 -5.0 0.0 12.5 7326616.517
240.0 -2.5 0.0 12.5 10000000035.4972
240.0 0.0 0.0 12.5 10000000012.994902
240.0 2.5 0.0 12.5 9999999918.287102
240.0 -2.5 2.5 12.5 201297343.64839998
240.0 0.0 2.5 12.5 224267539.5474
240.0 2.5 2.5 12.5 116362960.44849999
240.0 5.0 2.5 12.5 10000000025.156301
240.0 -2.5 5.0 12.5 1861436.4128
240.0 0.0 5.0 12.5 238996.837
240.0 2.5 5.0 12.5 26592.5889
240.0 5.0 5.0 12.5 7863.8087000000005
240.0 7.5 5.0 12.5 120.2298
240.0 10.0 5.0 12.5 -1.0462000000000002
240.0 -5.0 -10.0 13.75 3029.4874
240.0 -2.5 -10.0 13.75 2912.8279
240.0 0.0 -10.0 13.75 -17.9299
240.0 2.5 -10.0 13.75 19.528
240.0 5.0 -10.0 13.75 92.2311
240.0 7.5 -10.0 13.75 -2.835
240.0 10.0 -10.0 13.75 0.5824
240.0 -5.0 -7.5 13.75 9999999996.921902
240.0 -2.5 -7.5 13.75 19192316.688199997
240.0 0.0 -7.5 13.75 767940.1223
240.0 2.5 -7.5 13.75 11891.4612
240.0 5.0 -7.5 13.75 2964.9631
240.0 7.5 -7.5 13.75 -4.1839
240.0 10.0 -7.5 13.75 -0.32609999999999995
240.0 -5.0 -5.0 13.75 9999999895.7817
240.0 -2.5 -5.0 13.75 731668249.6771
240.0 0.0 -5.0 13.75 1291720061.474
240.0 2.5 -5.0 13.75 1784580.5886
240.0 5.0 -5.0 13.75 54410559.6159
240.0 7.5 -5.0 13.75 108039.968
240.0 -5.0 -2.5 13.75 3049105421.198
240.0 -2.5 -2.5 13.75 9999999963.013102
240.0 0.0 -2.5 13.75 9999999890.983002
240.0 2.5 -2.5 13.75 9999999984.7798
240.0 5.0 -2.5 13.75 7325743499.4054
240.0 -5.0 0.0 13.75 438021965.99850005
240.0 -2.5 0.0 13.75 3086840116.4045
240.0 0.0 0.0 13.75 504914377.9276
240.0 2.5 0.0 13.75 10000000034.3131
240.0 5.0 0.0 13.75 10000000206.891201
240.0 -5.0 2.5 13.75 262668.7686
240.0 -2.5 2.5 13.75 1150916.6457
240.0 0.0 2.5 13.75 128107290.7408
240.0 2.5 2.5 13.75 10000000012.730701
240.0 5.0 2.5 13.75 9999999909.2341
240.0 7.5 2.5 13.75 2734759459.7468996
240.0 -2.5 5.0 13.75 2454613.8137
240.0 0.0 5.0 13.75 307.1089
240.0 2.5 5.0 13.75 167.4891
240.0 5.0 5.0 13.75 52977.2225
240.0 7.5 5.0 13.75 200.9852
240.0 10.0 5.0 13.75 0.04760000000000009
240.0 -5.0 -10.0 15.0 24036.1286
240.0 -2.5 -10.0 15.0 898.9202
240.0 0.0 -10.0 15.0 -9.9694
240.0 2.5 -10.0 15.0 -8.020399999999999
240.0 5.0 -10.0 15.0 -4.0906
240.0 7.5 -10.0 15.0 -1.2196
240.0 10.0 -10.0 15.0 -0.07699999999999999
240.0 -5.0 -7.5 15.0 1700618642.155
240.0 -2.5 -7.5 15.0 422073890.06520003
240.0 0.0 -7.5 15.0 3458489.3523
240.0 2.5 -7.5 15.0 249.5029
240.0 5.0 -7.5 15.0 -7.0122
240.0 7.5 -7.5 15.0 -4.2197000000000005
240.0 10.0 -7.5 15.0 -0.08219999999999994
240.0 -5.0 -5.0 15.0 4542326.4047
240.0 -2.5 -5.0 15.0 66253988.7741
240.0 0.0 -5.0 15.0 32274178.7837
240.0 2.5 -5.0 15.0 23807041.788599998
240.0 5.0 -5.0 15.0 10000000096.7499
240.0 7.5 -5.0 15.0 142.81179999999998
240.0 10.0 -5.0 15.0 0.21729999999999983
240.0 -5.0 -2.5 15.0 2672798679.2168
240.0 -2.5 -2.5 15.0 7354848.5742
240.0 0.0 -2.5 15.0 9999999962.3474
240.0 2.5 -2.5 15.0 7075913567.952701
240.0 5.0 -2.5 15.0 6310602.7914
240.0 7.5 -2.5 15.0 360.6297
240.0 10.0 -2.5 15.0 -1.9473000000000003
240.0 -5.0 0.0 15.0 831653820.408
240.0 -2.5 0.0 15.0 40460212.4304
240.0 0.0 0.0 15.0 9999999968.825401
240.0 2.5 0.0 15.0 1684186379.3997002
240.0 5.0 0.0 15.0 369833.8445
240.0 10.0 0.0 15.0 0.6419999999999999
240.0 -5.0 2.5 15.0 30504.4231
240.0 -2.5 2.5 15.0 45804280.904
240.0 0.0 2.5 15.0 8867350.8423
240.0 2.5 2.5 15.0 278605476.8996
240.0 5.0 2.5 15.0 3436395903.4563
240.0 7.5 2.5 15.0 29019004.0467
240.0 -5.0 5.0 15.0 -6.4787
240.0 -2.5 5.0 15.0 364.0183
240.0 0.0 5.0 15.0 6607130.6964
240.0 2.5 5.0 15.0 21.2073
240.0 5.0 5.0 15.0 384.9418
240.0 7.5 5.0 15.0 23.9261
240.0 10.0 5.0 15.0 1.2359
240.0 -5.0 -10.0 16.25 2452.2522000000004
240.0 -2.5 -10.0 16.25 880.8972
240.0 0.0 -10.0 16.25 -8.6766
240.0 2.5 -10.0 16.25 -4.6776
240.0 5.0 -10.0 16.25 -2.4577999999999998
240.0 7.5 -10.0 16.25 -0.9511000000000001
240.0 10.0 -10.0 16.25 -0.32389999999999997
240.0 -5.0 -7.5 16.25 619058.8809
240.0 -2.5 -7.5 16.25 24702778.2843
240.0 0.0 -7.5 16.25 214203.0623
240.0 2.5 -7.5 16.25 -6.922499999999999
240.0 5.0 -7.5 16.25 -7.3033
240.0 7.5 -7.5 16.25 -4.1913
240.0 10.0 -7.5 16.25 -0.6526000000000001
240.0 -5.0 -5.0 16.25 140105.1
240.0 -2.5 -5.0 16.25 251929412.2054
240.0 0.0 -5.0 16.25 32892762.3366
240.0 2.5 -5.0 16.25 995.4061
240.0 5.0 -5.0 16.25 8540.2727
240.0 7.5 -5.0 16.25 -3.3155999999999994
240.0 10.0 -5.0 16.25 -0.7853000000000001
240.0 -5.0 -2.5 16.25 922600.4799
240.0 -2.5 -2.5 16.25 521763848.0086
240.0 0.0 -2.5 16.25 30921.7552
240.0 2.5 -2.5 16.25 9999999993.4971
240.0 5.0 -2.5 16.25 61417.2816
240.0 7.5 -2.5 16.25 -8.3759
240.0 10.0 -2.5 16.25 -1.0264
240.0 -5.0 0.0 16.25 5441731872.082
240.0 -2.5 0.0 16.25 74732775.3764
240.0 0.0 0.0 16.25 213942585.1741
240.0 2.5 0.0 16.25 132200.86010000002
240.0 5.0 0.0 16.25 4141.7384
240.0 7.5 0.0 16.25 3.1535
240.0 10.0 0.0 16.25 -1.0355999999999999
240.0 -5.0 2.5 16.25 137.8925
240.0 -2.5 2.5 16.25 17736686.3735
240.0 0.0 2.5 16.25 1418657.554
240.0 2.5 2.5 16.25 70943.6522
240.0 5.0 2.5 16.25 326.452
240.0 7.5 2.5 16.25 331.9181
240.0 -5.0 5.0 16.25 -5.1188
240.0 -2.5 5.0 16.25 13.732300000000002
240.0 0.0 5.0 16.25 3018105.9175
240.0 2.5 5.0 16.25 -8.263
240.0 5.0 5.0 16.25 12.6533
240.0 7.5 5.0 16.25 2.6147
240.0 10.0 5.0 16.25 1.2303000000000002
300.0 -5.0 -10.0 3.75 1439437834.501
300.0 -2.5 -10.0 3.75 9999999902.988901
300.0 0.0 -10.0 3.75 9999999887.6937
300.0 2.5 -10.0 3.75 2022493090.5883
300.0 5.0 -10.0 3.75 10000000120.243101
300.0 7.5 -10.0 3.75 28484587.8608
300.0 10.0 -10.0 3.75 5398.3359
300.0 -5.0 -7.5 3.75 9999999930.6424
300.0 -2.5 -7.5 3.75 9999999798.985
300.0 0.0 -7.5 3.75 9999999842.447
300.0 2.5 -7.5 3.75 9999999963.3477
300.0 5.0 -7.5 3.75 252803382.39450002
300.0 7.5 -7.5 3.75 4306471946.4616
300.0 10.0 -7.5 3.75 12507.1531
300.0 -5.0 -5.0 3.75 9999999585.169102
300.0 -2.5 -5.0 3.75 2997706992.113
300.0 0.0 -5.0 3.75 10000000005.3076
300.0 2.5 -5.0 3.75 9999999879.8131
300.0 5.0 -5.0 3.75 10000000330.3673
300.0 7.5 -5.0 3.75 10000000083.4178
300.0 10.0 -5.0 3.75 6253.4617
300.0 -5.0 -2.5 3.75 1973260112.2410002
300.0 -2.5 -2.5 3.75 9999999906.419802
300.0 0.0 -2.5 3.75 9999999936.683102
300.0 2.5 -2.5 3.75 9999999943.541101
300.0 5.0 -2.5 3.75 10000000169.919
300.0 7.5 -2.5 3.75 9999999409.262001
300.0 10.0 -2.5 3.75 10000000102.665602
300.0 -5.0 0.0 3.75 10000000110.144901
300.0 -2.5 0.0 3.75 9999999947.600302
300.0 0.0 0.0 3.75 9999999953.893501
300.0 2.5 0.0 3.75 9999999904.9885
300.0 5.0 0.0 3.75 10000000201.627201
300.0 7.5 0.0 3.75 9999999957.765202
300.0 10.0 0.0 3.75 26632713.5317
300.0 -5.0 2.5 3.75 10000000054.8663
300.0 -2.5 2.5 3.75 10000000020.6811
300.0 0.0 2.5 3.75 9999999973.203201
300.0 2.5 2.5 3.75 9999999909.286701
300.0 5.0 2.5 3.75 4643513005.3481
300.0 7.5 2.5 3.75 472821.50549999997
300.0 10.0 2.5 3.75 583.5061
300.0 -5.0 5.0 3.75 10000000383.6867
300.0 -2.5 5.0 3.75 10000000031.704401
300.0 0.0 5.0 3.75 10000000369.254702
300.0 2.5 5.0 3.75 9999999960.6688
300.0 5.0 5.0 3.75 10000000053.8138
300.0 7.5 5.0 3.75 248858818.60189998
300.0 10.0 5.0 3.75 -11.5191
300.0 0.0 -2.5 5.0 9999999369.2626
300.0 0.0 0.0 5.0 10000000025.954802
300.0 5.0 -7.5 6.25 650818458.739
300.0 0.0 -5.0 6.25 9999999892.8808
300.0 0.0 -2.5 6.25 9999999741.201
300.0 0.0 0.0 6.25 10000000437.203001
300.0 0.0 2.5 6.25 9999999991.157202
300.0 0.0 5.0 6.25 10000000133.1455
300.0 5.0 -7.5 7.5 149724525.03280002
300.0 2.5 -5.0 7.5 9999999975.7362
300.0 0.0 -2.5 7.5 9999999845.7534
300.0 2.5 -2.5 7.5 9999999721.743801
300.0 0.0 0.0 7.5 9999999951.271
300.0 -2.5 2.5 7.5 9999999914.5977
300.0 0.0 2.5 7.5 10000000018.559801
300.0 -2.5 5.0 7.5 9999999954.866201
300.0 0.0 5.0 7.5 9999999961.2049
300.0 2.5 -10.0 8.75 549403876.6523
300.0 5.0 -7.5 8.75 5489243.2641
300.0 0.0 -5.0 8.75 10000000136.7898
300.0 2.5 -5.0 8.75 9999999975.509
300.0 5.0 -5.0 8.75 9999999649.780401
300.0 0.0 -2.5 8.75 989933738.2432001
300.0 2.5 -2.5 8.75 10000000066.722801
300.0 0.0 0.0 8.75 10000000056.8222
300.0 2.5 0.0 8.75 9999999914.9398
300.0 0.0 2.5 8.75 10000000137.6117
300.0 2.5 2.5 8.75 9999999905.9234
300.0 -2.5 5.0 8.75 2876207277.4044
300.0 0.0 5.0 8.75 9999999936.9953
300.0 2.5 5.0 8.75 9999999841.867401
300.0 2.5 -10.0 10.0 102516141.01509999
300.0 2.5 -7.5 10.0 1023363694.6893001
300.0 5.0 -7.5 10.0 7477392.1982
300.0 7.5 -7.5 10.0 29758394.2894
300.0 0.0 -5.0 10.0 10000000016.202301
300.0 2.5 -5.0 10.0 491655382.9891
300.0 5.0 -5.0 10.0 9999999891.4811
300.0 0.0 -2.5 10.0 10000000061.6497
300.0 2.5 -2.5 10.0 9999999967.869501
300.0 -5.0 0.0 10.0 10000000038.791302
300.0 -2.5 0.0 10.0 9999999946.091301
300.0 0.0 0.0 10.0 2025204084.7086
300.0 2.5 0.0 10.0 9999999985.228601
300.0 5.0 0.0 10.0 10000000074.317001
300.0 -2.5 2.5 10.0 9999999905.0293
300.0 0.0 2.5 10.0 10000000009.311602
300.0 2.5 2.5 10.0 9999999799.210402
300.0 5.0 2.5 10.0 9999999989.3125
300.0 -2.5 5.0 10.0 375974171.81030005
300.0 0.0 5.0 10.0 24980666.4338
300.0 2.5 5.0 10.0 10000000000.6257
300.0 2.5 -10.0 11.25 335005.1348
300.0 5.0 -10.0 11.25 413539.98110000003
300.0 7.5 -10.0 11.25 21.724300000000003
300.0 10.0 -10.0 11.25 0.8797999999999999
300.0 2.5 -7.5 11.25 1144072.6127000002
300.0 5.0 -7.5 11.25 102202.8255
300.0 0.0 -5.0 11.25 10000000056.7821
300.0 2.5 -5.0 11.25 187251892.9592
300.0 5.0 -5.0 11.25 145999011.9758
300.0 -2.5 -2.5 11.25 9999999645.3328
300.0 0.0 -2.5 11.25 2964480835.6042
300.0 2.5 -2.5 11.25 993977999.6244
300.0 -5.0 0.0 11.25 10000000013.856401
300.0 -2.5 0.0 11.25 7641630.1091
300.0 0.0 0.0 11.25 9999999985.0841
300.0 2.5 0.0 11.25 7505634415.9965
300.0 -2.5 2.5 11.25 10000000028.0673
300.0 0.0 2.5 11.25 249340617.9148
300.0 2.5 2.5 11.25 21462865.271900002
300.0 5.0 2.5 11.25 10000000132.7194
300.0 -2.5 5.0 11.25 57001.1662
300.0 0.0 5.0 11.25 7783653544.0062
300.0 2.5 5.0 11.25 48419533.182299994
300.0 7.5 5.0 11.25 17498409.993899997
300.0 -5.0 -10.0 12.5 392276669.54660004
300.0 2.5 -10.0 12.5 1856.1870000000001
300.0 5.0 -10.0 12.5 237.7747
300.0 7.5 -10.0 12.5 -5.5286
300.0 10.0 -10.0 12.5 -1.0112999999999999
300.0 2.5 -7.5 12.5 458160.127
300.0 5.0 -7.5 12.5 209753.0278
300.0 7.5 -7.5 12.5 3086.6068
300.0 -5.0 -5.0 12.5 1081224953.5347
300.0 -2.5 -5.0 12.5 9999999944.216002
300.0 0.0 -5.0 12.5 10000000027.3409
300.0 2.5 -5.0 12.5 2762878182.7871
300.0 5.0 -5.0 12.5 9999999995.725601
300.0 -5.0 -2.5 12.5 40729950.5375
300.0 -2.5 -2.5 12.5 9999999953.044
300.0 0.0 -2.5 12.5 854457618.7400999
300.0 2.5 -2.5 12.5 3173948812.2556
300.0 -5.0 0.0 12.5 10000000013.037102
300.0 -2.5 0.0 12.5 5955802820.815
300.0 0.0 0.0 12.5 9999999921.577002
300.0 2.5 0.0 12.5 10000000052.621601
300.0 5.0 0.0 12.5 9999999711.842201
300.0 -2.5 2.5 12.5 10000000033.2959
300.0 0.0 2.5 12.5 1848115281.7173998
300.0 2.5 2.5 12.5 10000000033.8894
300.0 5.0 2.5 12.5 9999999920.7056
300.0 7.5 2.5 12.5 1883757709.1046999
300.0 10.0 2.5 12.5 224232.6556
300.0 -2.5 5.0 12.5 17838.732699999997
300.0 0.0 5.0 12.5 24433914.8693
300.0 2.5 5.0 12.5 434758722.1103
300.0 5.0 5.0 12.5 9999999918.922201
300.0 7.5 5.0 12.5 806327.8025999999
300.0 10.0 5.0 12.5 17.028
300.0 0.0 -10.0 13.75 58693.3586
300.0 2.5 -10.0 13.75 19.0303
300.0 5.0 -10.0 13.75 -4.7693
300.0 7.5 -10.0 13.75 -3.2184
300.0 10.0 -10.0 13.75 -1.2102
300.0 -5.0 -7.5 13.75 336521339.7538
300.0 -2.5 -7.5 13.75 43784679.0904
300.0 2.5 -7.5 13.75 920.9063
300.0 5.0 -7.5 13.75 2020.0135
300.0 7.5 -7.5 13.75 243.75719999999998
300.0 10.0 -7.5 13.75 -4.6348
300.0 -5.0 -5.0 13.75 3111757950.461
300.0 -2.5 -5.0 13.75 9172190498.9394
300.0 0.0 -5.0 13.75 10000000002.1182
300.0 2.5 -5.0 13.75 12087945.401
300.0 5.0 -5.0 13.75 10000000015.9083
300.0 -5.0 -2.5 13.75 4136235866.2194
300.0 -2.5 -2.5 13.75 9999999971.510302
300.0 0.0 -2.5 13.75 10000000006.656101
300.0 2.5 -2.5 13.75 2712615410.7622004
300.0 5.0 -2.5 13.75 399438778.55009997
300.0 -5.0 0.0 13.75 9999999962.794401
300.0 -2.5 0.0 13.75 9999999996.5683
300.0 0.0 0.0 13.75 10000000032.308102
300.0 2.5 0.0 13.75 318289518.6678
300.0 5.0 0.0 13.75 14536671.4789
300.0 7.5 0.0 13.75 52262164.9994
300.0 -2.5 2.5 13.75 658452231.8449
300.0 0.0 2.5 13.75 10000000130.2611
300.0 2.5 2.5 13.75 8681378603.350899
300.0 5.0 2.5 13.75 10000000101.905901
300.0 7.5 2.5 13.75 37870.8243
300.0 10.0 2.5 13.75 299.45329999999996
300.0 -2.5 5.0 13.75 633.2751000000001
300.0 0.0 5.0 13.75 10229302.4358
300.0 2.5 5.0 13.75 9999999807.6102
300.0 5.0 5.0 13.75 1315499.9115000002
300.0 7.5 5.0 13.75 14817.568
300.0 10.0 5.0 13.75 -0.6848999999999998
300.0 -5.0 -10.0 15.0 11419943.5727
300.0 -2.5 -10.0 15.0 7375050.3466
300.0 0.0 -10.0 15.0 2099029.6198
300.0 2.5 -10.0 15.0 -3.6621
300.0 5.0 -10.0 15.0 -3.7409
300.0 7.5 -10.0 15.0 -3.6178
300.0 10.0 -10.0 15.0 -0.9202
300.0 -5.0 -7.5 15.0 92598377.703
300.0 -2.5 -7.5 15.0 95106747.3098
300.0 0.0 -7.5 15.0 354475131.9267
300.0 2.5 -7.5 15.0 17.4984
300.0 5.0 -7.5 15.0 10.415000000000001
300.0 7.5 -7.5 15.0 -14.1491
300.0 10.0 -7.5 15.0 -4.2369
300.0 -5.0 -5.0 15.0 10000000024.5235
300.0 -2.5 -5.0 15.0 1564924624.4132
300.0 0.0 -5.0 15.0 4398.1645
300.0 2.5 -5.0 15.0 4453.702300000001
300.0 5.0 -5.0 15.0 11982.5071
300.0 7.5 -5.0 15.0 -17.8369
300.0 10.0 -5.0 15.0 -5.5576
300.0 -5.0 -2.5 15.0 297001850.251
300.0 -2.5 -2.5 15.0 9999999988.6116
300.0 0.0 -2.5 15.0 3922805026.5583
300.0 2.5 -2.5 15.0 210330601.3906
300.0 5.0 -2.5 15.0 89613.5398
300.0 10.0 -2.5 15.0 -5.276999999999999
300.0 -5.0 0.0 15.0 164943459.92949998
300.0 -2.5 0.0 15.0 89736738.41620001
300.0 0.0 0.0 15.0 2137136213.2633002
300.0 2.5 0.0 15.0 12082583.5439
300.0 5.0 0.0 15.0 17317470.314000003
300.0 7.5 0.0 15.0 378782757.8402
300.0 -5.0 2.5 15.0 1160.1636999999998
300.0 -2.5 2.5 15.0 7566377.8231
300.0 0.0 2.5 15.0 154709133.886
300.0 2.5 2.5 15.0 208202125.1613
300.0 5.0 2.5 15.0 228699434.7956
300.0 7.5 2.5 15.0 2518.8316
300.0 10.0 2.5 15.0 9.1901
300.0 -2.5 5.0 15.0 51.296600000000005
300.0 0.0 5.0 15.0 46478420.1749
300.0 2.5 5.0 15.0 14153408.3984
300.0 5.0 5.0 15.0 1748.0607
300.0 7.5 5.0 15.0 317.28860000000003
300.0 10.0 5.0 15.0 -2.2943
300.0 -5.0 -10.0 16.25 412.0953
300.0 -2.5 -10.0 16.25 55226.3366
300.0 0.0 -10.0 16.25 2707.0918
300.0 2.5 -10.0 16.25 -3.5817
300.0 5.0 -10.0 16.25 -2.6283000000000003
300.0 7.5 -10.0 16.25 -1.6615
300.0 10.0 -10.0 16.25 -0.1854
300.0 -5.0 -7.5 16.25 42998.1527
300.0 -2.5 -7.5 16.25 10663.3215
300.0 0.0 -7.5 16.25 3407.6065000000003
300.0 2.5 -7.5 16.25 -9.8021
300.0 5.0 -7.5 16.25 -9.9187
300.0 7.5 -7.5 16.25 -7.5134
300.0 10.0 -7.5 16.25 -3.1062000000000003
300.0 -5.0 -5.0 16.25 9656295.3172
300.0 -2.5 -5.0 16.25 21772235.671800002
300.0 0.0 -5.0 16.25 2150.2288
300.0 2.5 -5.0 16.25 273.041
300.0 5.0 -5.0 16.25 -3.7825000000000006
300.0 7.5 -5.0 16.25 -10.9617
300.0 10.0 -5.0 16.25 -4.2951999999999995
300.0 -5.0 -2.5 16.25 110739437.8741
300.0 -2.5 -2.5 16.25 1578248873.3475
300.0 0.0 -2.5 16.25 10000000082.6658
300.0 2.5 -2.5 16.25 4337368.6247
300.0 5.0 -2.5 16.25 42.858000000000004
300.0 7.5 -2.5 16.25 -8.995700000000001
300.0 10.0 -2.5 16.25 -5.2902000000000005
300.0 -5.0 0.0 16.25 291311.12059999997
300.0 -2.5 0.0 16.25 1049453.5454
300.0 0.0 0.0 16.25 10000000018.499102
300.0 2.5 0.0 16.25 11246.4357
300.0 5.0 0.0 16.25 2720.0231
300.0 7.5 0.0 16.25 5879.8007
300.0 -5.0 2.5 16.25 12.837700000000002
300.0 -2.5 2.5 16.25 172781.58500000002
300.0 0.0 2.5 16.25 329227.46989999997
300.0 2.5 2.5 16.25 8673.0991
300.0 5.0 2.5 16.25 62683413.9153
300.0 7.5 2.5 16.25 3094.7555
300.0 10.0 2.5 16.25 -4.0523
300.0 -5.0 5.0 16.25 -6.689299999999999
300.0 -2.5 5.0 16.25 -4.0002
300.0 0.0 5.0 16.25 920.6006
300.0 2.5 5.0 16.25 2525.4783
300.0 5.0 5.0 16.25 39.4632
300.0 7.5 5.0 16.25 6.299499999999999
300.0 10.0 5.0 16.25 -2.5879
