0.0 -2.5 -7.5 10.0 10000000075.1203
0.0 -2.5 -5.0 10.0 9999999920.321201
0.0 -2.5 -2.5 10.0 9999999788.569601
0.0 0.0 0.0 10.0 9999999925.4629
0.0 -2.5 2.5 10.0 9999999767.894201
0.0 -5.0 5.0 10.0 10000000085.667002
0.0 -2.5 -7.5 11.25 10000000221.608002
0.0 0.0 -7.5 11.25 10000000321.0781
0.0 -5.0 -5.0 11.25 4189123275.8922
0.0 -2.5 -5.0 11.25 10000000147.9186
0.0 0.0 -5.0 11.25 10000000030.5883
0.0 -2.5 -2.5 11.25 9999999901.2024
0.0 2.5 -2.5 11.25 10000000031.8852
0.0 5.0 -2.5 11.25 6902907072.4283
0.0 -2.5 0.0 11.25 9999999746.7196
0.0 0.0 0.0 11.25 9999999834.422
0.0 -5.0 2.5 11.25 9999999692.990301
0.0 -2.5 2.5 11.25 9999999755.4393
0.0 0.0 2.5 11.25 9999999829.1273
0.0 -5.0 5.0 11.25 9999999858.1756
0.0 -2.5 5.0 11.25 9999999841.3582
0.0 0.0 -10.0 12.5 10000000171.359201
0.0 2.5 -10.0 12.5 4121702889.8982
0.0 -2.5 -7.5 12.5 5241911827.5476
0.0 0.0 -7.5 12.5 10000000117.4451
0.0 -5.0 -5.0 12.5 10000000129.367802
0.0 -2.5 -5.0 12.5 10000000362.999601
0.0 0.0 -5.0 12.5 10000000498.3792
0.0 2.5 -5.0 12.5 10000000150.9941
0.0 -2.5 -2.5 12.5 9999999921.504702
0.0 0.0 -2.5 12.5 9999999917.747301
0.0 2.5 -2.5 12.5 10000000010.660702
0.0 5.0 -2.5 12.5 10000000172.541101
0.0 -2.5 0.0 12.5 9999999865.0072
0.0 0.0 0.0 12.5 9999999842.345701
0.0 -5.0 2.5 12.5 9999999925.3491
0.0 -2.5 2.5 12.5 9999999838.1935
0.0 0.0 2.5 12.5 9999999809.4062
0.0 -5.0 5.0 12.5 57386190.231400006
0.0 -2.5 5.0 12.5 2586661720.6496997
0.0 0.0 5.0 12.5 9999999924.9866
0.0 0.0 -10.0 13.75 10000000327.661901
0.0 2.5 -10.0 13.75 1559565172.3855
0.0 -5.0 -7.5 13.75 10000000130.0933
0.0 -2.5 -7.5 13.75 2950214903.8074
0.0 0.0 -7.5 13.75 10000000201.4445
0.0 5.0 -7.5 13.75 10000000051.2488
0.0 -5.0 -5.0 13.75 10000000000.2786
0.0 -2.5 -5.0 13.75 8355178598.672899
0.0 0.0 -5.0 13.75 10000000082.836
0.0 2.5 -5.0 13.75 10000000198.8117
0.0 -5.0 -2.5 13.75 3271618005.7648
0.0 -2.5 -2.5 13.75 10000000011.380701
0.0 0.0 -2.5 13.75 10000000080.9764
0.0 2.5 -2.5 13.75 1142562921.5075002
0.0 5.0 -2.5 13.75 10000000052.8602
0.0 7.5 -2.5 13.75 4991624232.9225
0.0 -5.0 0.0 13.75 9999999839.758001
0.0 -2.5 0.0 13.75 355555211.6178
0.0 0.0 0.0 13.75 9999999991.4377
0.0 2.5 0.0 13.75 9999999929.6457
0.0 10.0 0.0 13.75 656474219.8187001
0.0 -5.0 2.5 13.75 9999999674.9058
0.0 -2.5 2.5 13.75 9999999857.0168
0.0 0.0 2.5 13.75 9999999761.5841
0.0 -5.0 5.0 13.75 9999999809.1439
0.0 -2.5 5.0 13.75 6355228798.5008
0.0 0.0 5.0 13.75 9999999483.4069
0.0 -5.0 -10.0 15.0 425307255.9885
0.0 -2.5 -10.0 15.0 10000000211.8596
0.0 0.0 -10.0 15.0 614364315.4219999
0.0 2.5 -10.0 15.0 10000000156.605701
0.0 5.0 -10.0 15.0 12073764.5953
0.0 7.5 -10.0 15.0 15502877.4582
0.0 10.0 -10.0 15.0 2849742.447
0.0 -5.0 -7.5 15.0 2952142199.7097
0.0 -2.5 -7.5 15.0 10000000118.439001
0.0 0.0 -7.5 15.0 10000000052.9328
0.0 2.5 -7.5 15.0 10000000226.5202
0.0 5.0 -7.5 15.0 10000000148.1952
0.0 10.0 -7.5 15.0 15819739.935800001
0.0 -5.0 -5.0 15.0 10000000154.295801
0.0 -2.5 -5.0 15.0 10000000213.075401
0.0 0.0 -5.0 15.0 4002676321.6152
0.0 2.5 -5.0 15.0 10000000050.0914
0.0 5.0 -5.0 15.0 10000000081.8314
0.0 7.5 -5.0 15.0 226349647.6684
0.0 -5.0 -2.5 15.0 9999999980.714602
0.0 -2.5 -2.5 15.0 9999999790.593801
0.0 0.0 -2.5 15.0 10000000065.915201
0.0 2.5 -2.5 15.0 982000522.6025
0.0 5.0 -2.5 15.0 9999999990.2112
0.0 7.5 -2.5 15.0 3251017542.108
0.0 10.0 -2.5 15.0 1234160.8742
0.0 -5.0 0.0 15.0 9999999883.446201
0.0 -2.5 0.0 15.0 8282018280.9883995
0.0 0.0 0.0 15.0 9999999939.7903
0.0 2.5 0.0 15.0 9999999927.187601
0.0 5.0 0.0 15.0 1054508.5303
0.0 7.5 0.0 15.0 7738.653899999999
0.0 10.0 0.0 15.0 601.3219
0.0 -5.0 2.5 15.0 1032112032.7477001
0.0 -2.5 2.5 15.0 9999999826.438002
0.0 0.0 2.5 15.0 9999999949.9976
0.0 2.5 2.5 15.0 7035.5622
0.0 5.0 2.5 15.0 11055.7287
0.0 7.5 2.5 15.0 -64.0872
0.0 -5.0 5.0 15.0 9999999983.8127
0.0 -2.5 5.0 15.0 4027903.2604
0.0 0.0 5.0 15.0 335010247.96320003
0.0 2.5 5.0 15.0 14177.2546
0.0 10.0 5.0 15.0 -52.666599999999995
0.0 -5.0 -10.0 16.25 209535068.1919
0.0 -2.5 -10.0 16.25 941836042.507
0.0 0.0 -10.0 16.25 383429689.9001
0.0 2.5 -10.0 16.25 10000000096.5175
0.0 5.0 -10.0 16.25 244333.5949
0.0 7.5 -10.0 16.25 1588069.3520000002
0.0 10.0 -10.0 16.25 5122.3317
0.0 -5.0 -7.5 16.25 9182829751.6648
0.0 -2.5 -7.5 16.25 1853018235.5045
0.0 0.0 -7.5 16.25 10000000126.162802
0.0 2.5 -7.5 16.25 10000000039.0898
0.0 5.0 -7.5 16.25 10000000124.398201
0.0 7.5 -7.5 16.25 44914554.09689999
0.0 10.0 -7.5 16.25 10000000053.8735
0.0 -5.0 -5.0 16.25 10000000133.209002
0.0 -2.5 -5.0 16.25 1576463062.4022
0.0 0.0 -5.0 16.25 10000000024.2409
0.0 2.5 -5.0 16.25 9999999963.7385
0.0 5.0 -5.0 16.25 9999999720.206202
0.0 7.5 -5.0 16.25 922393405.0383
0.0 10.0 -5.0 16.25 30691.9051
0.0 -5.0 -2.5 16.25 9999999912.939001
0.0 -2.5 -2.5 16.25 9999999945.1417
0.0 0.0 -2.5 16.25 10000000138.1802
0.0 2.5 -2.5 16.25 9999999987.7348
0.0 5.0 -2.5 16.25 10000000088.743801
0.0 7.5 -2.5 16.25 9999999966.3586
0.0 10.0 -2.5 16.25 11.614800000000002
0.0 -5.0 0.0 16.25 9999999960.0408
0.0 -2.5 0.0 16.25 9999999853.311602
0.0 0.0 0.0 16.25 9999999970.449202
0.0 2.5 0.0 16.25 5832375689.5333
0.0 5.0 0.0 16.25 23120.9628
0.0 7.5 0.0 16.25 3735.1976
0.0 10.0 0.0 16.25 -54.5053
0.0 -5.0 2.5 16.25 5842131080.3728
0.0 -2.5 2.5 16.25 5178780692.5257
0.0 0.0 2.5 16.25 1304652250.1525002
0.0 2.5 2.5 16.25 10177.6176
0.0 5.0 2.5 16.25 263.726
0.0 7.5 2.5 16.25 -48.53
0.0 10.0 2.5 16.25 -41.7656
0.0 -5.0 5.0 16.25 119499225.575
0.0 -2.5 5.0 16.25 3710931732.3521004
0.0 0.0 5.0 16.25 158534685.00730002
0.0 2.5 5.0 16.25 -90.759
0.0 5.0 5.0 16.25 -74.3195
0.0 7.5 5.0 16.25 -47.8831
0.0 10.0 5.0 16.25 -36.114200000000004
60.0 -5.0 -10.0 3.75 10000000106.301401
60.0 -2.5 -10.0 3.75 9999999875.2299
60.0 0.0 -10.0 3.75 10000000432.159302
60.0 2.5 -10.0 3.75 9999999852.315
60.0 5.0 -10.0 3.75 9999999682.251202
60.0 7.5 -10.0 3.75 10000000173.125101
60.0 10.0 -10.0 3.75 10000000109.1933
60.0 -5.0 -7.5 3.75 10000000042.195501
60.0 -2.5 -7.5 3.75 9999999878.8934
60.0 0.0 -7.5 3.75 9999999954.548801
60.0 2.5 -7.5 3.75 6517183957.747801
60.0 5.0 -7.5 3.75 9999999788.2745
60.0 7.5 -7.5 3.75 9999999960.905901
60.0 10.0 -7.5 3.75 10000000025.577301
60.0 -5.0 -5.0 3.75 10000000507.1667
60.0 -2.5 -5.0 3.75 10000000091.6963
60.0 0.0 -5.0 3.75 10000000193.4645
60.0 2.5 -5.0 3.75 9999999109.2702
60.0 5.0 -5.0 3.75 9999999798.1424
60.0 7.5 -5.0 3.75 9999999724.6819
60.0 10.0 -5.0 3.75 10000000099.4617
60.0 -5.0 -2.5 3.75 10000000206.242601
60.0 -2.5 -2.5 3.75 10000000275.8682
60.0 0.0 -2.5 3.75 10000000230.256601
60.0 2.5 -2.5 3.75 9999999668.7131
60.0 5.0 -2.5 3.75 9999999940.784101
60.0 7.5 -2.5 3.75 10000000187.6856
60.0 10.0 -2.5 3.75 433685759.7679
60.0 -5.0 0.0 3.75 10000000381.300201
60.0 -2.5 0.0 3.75 10000000282.736502
60.0 0.0 0.0 3.75 9999999883.0597
60.0 2.5 0.0 3.75 10000000217.840101
60.0 5.0 0.0 3.75 9999999961.120602
60.0 7.5 0.0 3.75 10000000326.852701
60.0 10.0 0.0 3.75 9999999969.364101
60.0 -5.0 2.5 3.75 10000000235.0312
60.0 -2.5 2.5 3.75 10000000348.1424
60.0 0.0 2.5 3.75 9999999755.3131
60.0 2.5 2.5 3.75 10000000135.710001
60.0 5.0 2.5 3.75 10000000200.9127
60.0 7.5 2.5 3.75 9999999962.184502
60.0 10.0 2.5 3.75 10000000027.384901
60.0 -5.0 5.0 3.75 10000000423.504501
60.0 -2.5 5.0 3.75 10000000237.8894
60.0 0.0 5.0 3.75 10000000013.6147
60.0 2.5 5.0 3.75 10000000051.0674
60.0 5.0 5.0 3.75 10000000049.3971
60.0 7.5 5.0 3.75 1810719654.0148
60.0 10.0 5.0 3.75 30637175.884
60.0 2.5 5.0 10.0 9999999890.1338
60.0 2.5 -10.0 11.25 9999999892.7901
60.0 7.5 -10.0 11.25 10000000008.961
60.0 5.0 -7.5 11.25 9999999920.650702
60.0 -2.5 2.5 11.25 480479718.9633
60.0 0.0 2.5 11.25 7748968551.4559
60.0 2.5 2.5 11.25 10000000070.692701
60.0 5.0 2.5 11.25 9999999810.479301
60.0 7.5 2.5 11.25 10000000163.097801
60.0 -2.5 5.0 11.25 41758276.5615
60.0 0.0 5.0 11.25 1894537045.48
60.0 2.5 5.0 11.25 9999999916.6033
60.0 5.0 5.0 11.25 10790636.9299
60.0 0.0 -10.0 12.5 9006138101.2293
60.0 2.5 -10.0 12.5 424087780.4891
60.0 5.0 -10.0 12.5 6369772723.745601
60.0 7.5 -10.0 12.5 10000000252.461102
60.0 0.0 -5.0 12.5 9999999947.7171
60.0 0.0 2.5 12.5 9999999996.9176
60.0 2.5 2.5 12.5 3083960872.2367
60.0 5.0 2.5 12.5 9999999887.6714
60.0 7.5 2.5 12.5 6225516397.8765
60.0 10.0 2.5 12.5 14330584.8066
60.0 0.0 5.0 12.5 9999999687.8082
60.0 2.5 5.0 12.5 78687299.71959999
60.0 5.0 5.0 12.5 3127117.5392
60.0 7.5 5.0 12.5 4155.0454
60.0 10.0 5.0 12.5 -103.6572
60.0 0.0 -10.0 13.75 2880608585.8346996
60.0 2.5 -10.0 13.75 10000000180.184
60.0 5.0 -10.0 13.75 10000000041.311602
60.0 7.5 -10.0 13.75 10000000049.4377
60.0 10.0 -10.0 13.75 10000000105.5146
60.0 -5.0 -7.5 13.75 1134895314.7725
60.0 2.5 -7.5 13.75 9999999948.4899
60.0 5.0 -7.5 13.75 10000000060.056002
60.0 7.5 -7.5 13.75 3147675124.6833
60.0 10.0 -7.5 13.75 761817308.2247
60.0 -2.5 -5.0 13.75 9999999958.1977
60.0 0.0 -5.0 13.75 9999999539.620401
60.0 5.0 -5.0 13.75 10000000174.1725
60.0 10.0 -5.0 13.75 10000000134.5319
60.0 -5.0 -2.5 13.75 3835345624.6267004
60.0 -2.5 -2.5 13.75 3382238165.1501
60.0 0.0 -2.5 13.75 9999999854.156
60.0 0.0 0.0 13.75 9999999784.670502
60.0 2.5 0.0 13.75 9999999974.7758
60.0 -2.5 2.5 13.75 2706997952.4774
60.0 0.0 2.5 13.75 9999999992.6653
60.0 2.5 2.5 13.75 10000000028.631601
60.0 5.0 2.5 13.75 264383554.7264
60.0 7.5 2.5 13.75 36486523.802
60.0 10.0 2.5 13.75 5417760383.5082
60.0 0.0 5.0 13.75 13825.1186
60.0 2.5 5.0 13.75 105338540.5713
60.0 5.0 5.0 13.75 40212.4385
60.0 7.5 5.0 13.75 240285.2981
60.0 10.0 5.0 13.75 -97.44850000000001
60.0 -5.0 -10.0 15.0 9999999943.1973
60.0 -2.5 -10.0 15.0 10000000012.5459
60.0 0.0 -10.0 15.0 10000000063.9255
60.0 2.5 -10.0 15.0 8496518404.590099
60.0 5.0 -10.0 15.0 10000000350.560902
60.0 7.5 -10.0 15.0 207272103.4599
60.0 10.0 -10.0 15.0 10000000095.7651
60.0 -5.0 -7.5 15.0 268140743.818
60.0 -2.5 -7.5 15.0 843668875.1007
60.0 0.0 -7.5 15.0 9999999928.759201
60.0 2.5 -7.5 15.0 10000000011.5039
60.0 5.0 -7.5 15.0 7699066499.0081005
60.0 7.5 -7.5 15.0 1086125618.3607
60.0 10.0 -7.5 15.0 10000000201.2716
60.0 -5.0 -5.0 15.0 10000000005.673101
60.0 -2.5 -5.0 15.0 9999999925.4652
60.0 0.0 -5.0 15.0 10000000014.884201
60.0 2.5 -5.0 15.0 9999999921.4543
60.0 5.0 -5.0 15.0 10000000136.642801
60.0 7.5 -5.0 15.0 9999999921.294401
60.0 10.0 -5.0 15.0 10000000166.024302
60.0 -5.0 -2.5 15.0 10000000014.649101
60.0 -2.5 -2.5 15.0 10000000109.986801
60.0 0.0 -2.5 15.0 9999999989.971
60.0 2.5 -2.5 15.0 10000000129.2219
60.0 10.0 -2.5 15.0 10000000105.099
60.0 -2.5 0.0 15.0 668361684.7566
60.0 0.0 0.0 15.0 8554686186.4284
60.0 2.5 0.0 15.0 5615987442.3359995
60.0 7.5 0.0 15.0 9999999648.1812
60.0 -5.0 2.5 15.0 1322.5573
60.0 -2.5 2.5 15.0 10000000011.592201
60.0 0.0 2.5 15.0 1704290.6308
60.0 2.5 2.5 15.0 2050678624.3004
60.0 5.0 2.5 15.0 1982725054.5553
60.0 7.5 2.5 15.0 90350.3352
60.0 10.0 2.5 15.0 1464792.2144
60.0 -2.5 5.0 15.0 890.8978000000001
60.0 0.0 5.0 15.0 1192.4119
60.0 2.5 5.0 15.0 12905.504799999999
60.0 5.0 5.0 15.0 219819.9922
60.0 7.5 5.0 15.0 1480.8678
60.0 10.0 5.0 15.0 -82.49029999999999
60.0 -5.0 -10.0 16.25 16479.981600000003
60.0 -2.5 -10.0 16.25 113481063.7583
60.0 0.0 -10.0 16.25 531715289.3673
60.0 2.5 -10.0 16.25 440625108.657
60.0 5.0 -10.0 16.25 10000000065.9395
60.0 7.5 -10.0 16.25 5039808650.1066
60.0 10.0 -10.0 16.25 4511157.1117
60.0 -5.0 -7.5 16.25 2680063808.2769
60.0 -2.5 -7.5 16.25 9999999924.995602
60.0 0.0 -7.5 16.25 9999999997.322
60.0 2.5 -7.5 16.25 10000000033.8925
60.0 5.0 -7.5 16.25 394885480.1029
60.0 7.5 -7.5 16.25 10000000181.819
60.0 10.0 -7.5 16.25 10000000095.5925
60.0 -5.0 -5.0 16.25 9999999866.172401
60.0 -2.5 -5.0 16.25 9999999879.932201
60.0 0.0 -5.0 16.25 9999999977.4339
60.0 2.5 -5.0 16.25 9999999974.2644
60.0 5.0 -5.0 16.25 10000000094.973501
60.0 7.5 -5.0 16.25 10000000465.1622
60.0 10.0 -5.0 16.25 1864150037.3265998
60.0 -5.0 -2.5 16.25 16785117.894100003
60.0 -2.5 -2.5 16.25 4236475.984
60.0 0.0 -2.5 16.25 9999999928.904001
60.0 2.5 -2.5 16.25 10000000031.9456
60.0 5.0 -2.5 16.25 9999999939.2639
60.0 7.5 -2.5 16.25 1269290642.4569
60.0 10.0 -2.5 16.25 559604191.2479
60.0 -5.0 0.0 16.25 113932.18470000001
60.0 -2.5 0.0 16.25 9999999977.100601
60.0 0.0 0.0 16.25 3478269901.0722003
60.0 2.5 0.0 16.25 835704667.4884
60.0 5.0 0.0 16.25 2420254278.599
60.0 7.5 0.0 16.25 10000000043.255701
60.0 10.0 0.0 16.25 2065859320.0118
60.0 -5.0 2.5 16.25 557.2937
60.0 -2.5 2.5 16.25 7992474.3986
60.0 0.0 2.5 16.25 9999999961.2807
60.0 2.5 2.5 16.25 9999999911.4559
60.0 5.0 2.5 16.25 97211854.2439
60.0 7.5 2.5 16.25 55617360.7479
60.0 10.0 2.5 16.25 23202.199
60.0 -5.0 5.0 16.25 -2.6292000000000004
60.0 -2.5 5.0 16.25 73.18100000000001
60.0 0.0 5.0 16.25 -36.9112
60.0 2.5 5.0 16.25 598945.8156999999
60.0 5.0 5.0 16.25 2208.6429
60.0 7.5 5.0 16.25 1643.4543999999999
60.0 10.0 5.0 16.25 -63.3675
120.0 -5.0 -10.0 3.75 10000000015.8199
120.0 -2.5 -10.0 3.75 10000000100.5557
120.0 0.0 -10.0 3.75 10000000332.7304
120.0 2.5 -10.0 3.75 9999999989.1233
120.0 5.0 -10.0 3.75 9999999928.5897
120.0 7.5 -10.0 3.75 9999999796.2555
120.0 10.0 -10.0 3.75 10000000230.6527
120.0 -5.0 -7.5 3.75 10000000112.869701
120.0 -2.5 -7.5 3.75 10000000250.3078
120.0 0.0 -7.5 3.75 10000000170.2626
120.0 2.5 -7.5 3.75 10000000230.7036
120.0 5.0 -7.5 3.75 10000000135.183
120.0 7.5 -7.5 3.75 10000000150.812302
120.0 10.0 -7.5 3.75 9999999948.699501
120.0 -5.0 -5.0 3.75 9999999956.422401
120.0 -2.5 -5.0 3.75 9999999842.804
120.0 0.0 -5.0 3.75 9999999847.9351
120.0 2.5 -5.0 3.75 9999999852.9015
120.0 5.0 -5.0 3.75 9999999936.712
120.0 7.5 -5.0 3.75 9999999800.702501
120.0 10.0 -5.0 3.75 10000000044.8474
120.0 -5.0 -2.5 3.75 10000000030.653101
120.0 -2.5 -2.5 3.75 10000000011.1984
120.0 0.0 -2.5 3.75 9999999917.4151
120.0 2.5 -2.5 3.75 10000000212.479101
120.0 5.0 -2.5 3.75 9999999849.6557
120.0 7.5 -2.5 3.75 9999999943.249401
120.0 10.0 -2.5 3.75 9999999995.727402
120.0 -5.0 0.0 3.75 10000000118.2478
120.0 -2.5 0.0 3.75 10000000055.971
120.0 0.0 0.0 3.75 9999999942.795
120.0 2.5 0.0 3.75 9999999738.2008
120.0 5.0 0.0 3.75 9999999962.140202
120.0 7.5 0.0 3.75 9999999958.1439
120.0 10.0 0.0 3.75 10000000135.0123
120.0 -5.0 2.5 3.75 9999999781.916801
120.0 -2.5 2.5 3.75 9999999966.101301
120.0 0.0 2.5 3.75 10000000053.9389
120.0 2.5 2.5 3.75 9999999749.0219
120.0 5.0 2.5 3.75 10000000034.8314
120.0 7.5 2.5 3.75 9999999330.584501
120.0 10.0 2.5 3.75 10000000029.146301
120.0 -5.0 5.0 3.75 9999999960.8791
120.0 -2.5 5.0 3.75 9999999892.281801
120.0 0.0 5.0 3.75 9999999888.415
120.0 2.5 5.0 3.75 10000000125.7481
120.0 5.0 5.0 3.75 10000000233.955801
120.0 7.5 5.0 3.75 9999999852.6035
120.0 10.0 5.0 3.75 533513824.7711
120.0 2.5 2.5 7.5 9999999794.214
120.0 2.5 5.0 7.5 9999999708.741001
120.0 2.5 -2.5 8.75 9999999978.4992
120.0 0.0 2.5 8.75 9999999772.9708
120.0 2.5 2.5 8.75 9999999726.069101
120.0 2.5 5.0 8.75 9999999868.8143
120.0 2.5 -2.5 10.0 9999999957.233702
120.0 0.0 0.0 10.0 9999999685.074701
120.0 2.5 0.0 10.0 9999999773.2493
120.0 5.0 0.0 10.0 9999999976.323801
120.0 0.0 2.5 10.0 9999999909.992802
120.0 2.5 2.5 10.0 9999999760.8833
120.0 5.0 2.5 10.0 10000000223.5224
120.0 0.0 5.0 10.0 9999999884.291601
120.0 2.5 5.0 10.0 849034899.5523
120.0 2.5 -5.0 11.25 10000000033.092001
120.0 5.0 -5.0 11.25 9999999879.948801
120.0 2.5 -2.5 11.25 9999999935.445301
120.0 5.0 -2.5 11.25 10000000041.788502
120.0 7.5 -2.5 11.25 9999999998.2782
120.0 0.0 0.0 11.25 10000000025.533401
120.0 2.5 0.0 11.25 9999999856.023602
120.0 5.0 0.0 11.25 10000000179.4227
120.0 7.5 0.0 11.25 9999999926.5466
120.0 0.0 2.5 11.25 9999999863.8637
120.0 2.5 2.5 11.25 9999999887.7411
120.0 5.0 2.5 11.25 10000000195.2028
120.0 0.0 5.0 11.25 9999999972.1424
120.0 2.5 5.0 11.25 9999999882.048101
120.0 2.5 -10.0 12.5 9999999827.057701
120.0 2.5 -5.0 12.5 2365616129.2597
120.0 5.0 -5.0 12.5 4857381464.4210005
120.0 -2.5 -2.5 12.5 10000000057.62
120.0 0.0 -2.5 12.5 10000000044.5744
120.0 2.5 -2.5 12.5 9999999905.504301
120.0 5.0 -2.5 12.5 10000000057.093
120.0 7.5 -2.5 12.5 9999999909.295
120.0 0.0 0.0 12.5 10000000064.3943
120.0 2.5 0.0 12.5 9999999984.779001
120.0 5.0 0.0 12.5 9999999950.138802
120.0 7.5 0.0 12.5 9999999992.009602
120.0 0.0 2.5 12.5 1810004572.2693
120.0 2.5 2.5 12.5 9999999903.453201
120.0 5.0 2.5 12.5 9999999765.4382
120.0 7.5 2.5 12.5 10000000084.7357
120.0 0.0 5.0 12.5 209506475.9174
120.0 2.5 5.0 12.5 9999999944.879301
120.0 5.0 5.0 12.5 10000000161.235401
120.0 -2.5 -10.0 13.75 10000000027.6959
120.0 0.0 -10.0 13.75 9999999929.7696
120.0 5.0 -10.0 13.75 9999999838.625101
120.0 10.0 -10.0 13.75 527631749.9242
120.0 2.5 -7.5 13.75 10000000220.491701
120.0 5.0 -7.5 13.75 9999999981.053001
120.0 7.5 -7.5 13.75 9999999768.3736
120.0 -2.5 -5.0 13.75 681438661.5295
120.0 0.0 -5.0 13.75 4115134052.1042
120.0 2.5 -5.0 13.75 336563039.483
120.0 5.0 -5.0 13.75 9999999984.0356
120.0 -5.0 -2.5 13.75 341100400.745
120.0 -2.5 -2.5 13.75 7928665792.0305
120.0 0.0 -2.5 13.75 9999999913.8365
120.0 2.5 -2.5 13.75 10000000025.6539
120.0 5.0 -2.5 13.75 4795638561.3139
120.0 7.5 -2.5 13.75 9999999888.5746
120.0 10.0 -2.5 13.75 166415875.0429
120.0 -5.0 0.0 13.75 10534576.7394
120.0 0.0 0.0 13.75 9999999924.708101
120.0 2.5 0.0 13.75 9999999924.852901
120.0 5.0 0.0 13.75 2625998554.6740003
120.0 7.5 0.0 13.75 10000000085.4719
120.0 0.0 2.5 13.75 9999999941.4409
120.0 2.5 2.5 13.75 9999999966.0244
120.0 5.0 2.5 13.75 9999999980.4143
120.0 7.5 2.5 13.75 10000000003.673601
120.0 0.0 5.0 13.75 887263185.4129
120.0 2.5 5.0 13.75 9999999876.443201
120.0 5.0 5.0 13.75 1100321240.1207
120.0 7.5 5.0 13.75 10000000028.380901
120.0 -5.0 -10.0 15.0 274805.2154
120.0 -2.5 -10.0 15.0 4103363110.4422
120.0 0.0 -10.0 15.0 9999999944.790602
120.0 2.5 -10.0 15.0 9999999903.609201
120.0 5.0 -10.0 15.0 9999999884.5962
120.0 10.0 -10.0 15.0 1952249243.8669999
120.0 -5.0 -7.5 15.0 395179312.50170004
120.0 -2.5 -7.5 15.0 9999999952.751202
120.0 0.0 -7.5 15.0 9999999921.7458
120.0 2.5 -7.5 15.0 9999999844.0027
120.0 5.0 -7.5 15.0 9999999764.954102
120.0 7.5 -7.5 15.0 206971460.2509
120.0 -5.0 -5.0 15.0 753756.5568
120.0 -2.5 -5.0 15.0 2075666238.5982
120.0 0.0 -5.0 15.0 541734549.2572
120.0 2.5 -5.0 15.0 9999999938.5224
120.0 5.0 -5.0 15.0 2387327996.4105
120.0 7.5 -5.0 15.0 9999999877.5603
120.0 10.0 -5.0 15.0 22949191.1362
120.0 -5.0 -2.5 15.0 30581935.73
120.0 -2.5 -2.5 15.0 334029103.90730006
120.0 0.0 -2.5 15.0 10000000035.0452
120.0 2.5 -2.5 15.0 9999999980.9542
120.0 5.0 -2.5 15.0 9999999853.357101
120.0 7.5 -2.5 15.0 7428936288.9785
120.0 10.0 -2.5 15.0 10000000146.2446
120.0 -5.0 0.0 15.0 10138638.902199998
120.0 -2.5 0.0 15.0 653413.1113
120.0 0.0 0.0 15.0 796817328.1554
120.0 2.5 0.0 15.0 9999999919.8255
120.0 5.0 0.0 15.0 9999999966.402102
120.0 7.5 0.0 15.0 10000000272.2257
120.0 10.0 0.0 15.0 9999999909.2353
120.0 0.0 2.5 15.0 1111121752.4242
120.0 2.5 2.5 15.0 8060126072.1096
120.0 5.0 2.5 15.0 2840254934.1767
120.0 7.5 2.5 15.0 9999999873.2775
120.0 10.0 2.5 15.0 8655399.9373
120.0 0.0 5.0 15.0 938509060.7835
120.0 2.5 5.0 15.0 317072762.5119
120.0 5.0 5.0 15.0 8055776924.4712
120.0 7.5 5.0 15.0 40131264.7958
120.0 10.0 5.0 15.0 5088703.3041
120.0 -5.0 -10.0 16.25 10000000027.157501
120.0 -2.5 -10.0 16.25 3068657431.9895
120.0 0.0 -10.0 16.25 621898908.9176999
120.0 2.5 -10.0 16.25 9999999891.010302
120.0 5.0 -10.0 16.25 46450399.1784
120.0 7.5 -10.0 16.25 4279.660199999999
120.0 10.0 -10.0 16.25 7057.7728
120.0 -5.0 -7.5 16.25 105757083.6036
120.0 -2.5 -7.5 16.25 13620047.8329
120.0 0.0 -7.5 16.25 10000000089.239801
120.0 2.5 -7.5 16.25 9999999810.3686
120.0 5.0 -7.5 16.25 9999999826.6098
120.0 7.5 -7.5 16.25 292708143.4773
120.0 10.0 -7.5 16.25 13204511.7639
120.0 -5.0 -5.0 16.25 412259.1408
120.0 -2.5 -5.0 16.25 4248505.739800001
120.0 0.0 -5.0 16.25 1945928968.4318998
120.0 2.5 -5.0 16.25 9999999968.341301
120.0 5.0 -5.0 16.25 662406243.2985001
120.0 7.5 -5.0 16.25 383041123.20989996
120.0 10.0 -5.0 16.25 6058118254.0326
120.0 -5.0 -2.5 16.25 220196998.8357
120.0 -2.5 -2.5 16.25 3031059537.0415998
120.0 0.0 -2.5 16.25 2752792306.3461
120.0 2.5 -2.5 16.25 9999999921.573502
120.0 5.0 -2.5 16.25 9999999947.228802
120.0 7.5 -2.5 16.25 298711079.085
120.0 10.0 -2.5 16.25 1110732397.0353
120.0 -5.0 0.0 16.25 96231.8209
120.0 -2.5 0.0 16.25 13802747.8572
120.0 0.0 0.0 16.25 9999999980.1615
120.0 2.5 0.0 16.25 9999999901.057001
120.0 5.0 0.0 16.25 10000000063.5459
120.0 7.5 0.0 16.25 397890767.6889
120.0 10.0 0.0 16.25 57442270.3892
120.0 -5.0 2.5 16.25 600.9399000000001
120.0 -2.5 2.5 16.25 539965419.7655
120.0 0.0 2.5 16.25 9592544766.6052
120.0 2.5 2.5 16.25 9999999911.323301
120.0 5.0 2.5 16.25 10000000036.618101
120.0 7.5 2.5 16.25 5374148866.8894
120.0 10.0 2.5 16.25 2738378.4388
120.0 -2.5 5.0 16.25 34356.530900000005
120.0 0.0 5.0 16.25 571942123.251
120.0 2.5 5.0 16.25 9999999901.908901
120.0 5.0 5.0 16.25 9999999923.423302
120.0 7.5 5.0 16.25 882075634.4779
120.0 10.0 5.0 16.25 153.5718
180.0 -5.0 -10.0 3.75 9999999922.2499
180.0 -2.5 -10.0 3.75 9999999882.219702
180.0 0.0 -10.0 3.75 9999999968.460402
180.0 2.5 -10.0 3.75 9999999987.448
180.0 5.0 -10.0 3.75 10000000352.955101
180.0 7.5 -10.0 3.75 10000000106.172901
180.0 10.0 -10.0 3.75 10000000233.3547
180.0 -5.0 -7.5 3.75 9999999864.1322
180.0 -2.5 -7.5 3.75 9999999953.4566
180.0 0.0 -7.5 3.75 10000000166.7376
180.0 2.5 -7.5 3.75 9999999806.118101
180.0 5.0 -7.5 3.75 10000000126.346102
180.0 7.5 -7.5 3.75 10000000264.3481
180.0 10.0 -7.5 3.75 10000000162.595001
180.0 -5.0 -5.0 3.75 9999999801.449001
180.0 -2.5 -5.0 3.75 9999999410.990501
180.0 0.0 -5.0 3.75 9999999665.277401
180.0 2.5 -5.0 3.75 9999999537.772902
180.0 5.0 -5.0 3.75 9999999773.8054
180.0 7.5 -5.0 3.75 10000000143.863602
180.0 10.0 -5.0 3.75 9999999862.552801
180.0 -5.0 -2.5 3.75 9999999773.213902
180.0 -2.5 -2.5 3.75 9999999613.9337
180.0 0.0 -2.5 3.75 9999999800.453001
180.0 2.5 -2.5 3.75 10000000104.3603
180.0 5.0 -2.5 3.75 10000000389.4055
180.0 7.5 -2.5 3.75 9999999976.4239
180.0 10.0 -2.5 3.75 10000000388.679401
180.0 -5.0 0.0 3.75 10000000052.475601
180.0 -2.5 0.0 3.75 10000000056.8111
180.0 0.0 0.0 3.75 10000000334.0631
180.0 2.5 0.0 3.75 9999999899.019001
180.0 5.0 0.0 3.75 10000000171.0617
180.0 7.5 0.0 3.75 10000000054.592701
180.0 10.0 0.0 3.75 10000000215.1511
180.0 -5.0 2.5 3.75 9999999840.6466
180.0 -2.5 2.5 3.75 10000000324.4423
180.0 0.0 2.5 3.75 10000000150.0734
180.0 2.5 2.5 3.75 10000000101.889101
180.0 5.0 2.5 3.75 9999999792.3834
180.0 7.5 2.5 3.75 10000000189.1383
180.0 10.0 2.5 3.75 9999999910.0431
180.0 -5.0 5.0 3.75 9999999994.561401
180.0 -2.5 5.0 3.75 10000000033.955502
180.0 0.0 5.0 3.75 3566251835.9515
180.0 2.5 5.0 3.75 10000000126.846
180.0 5.0 5.0 3.75 9999999913.1548
180.0 7.5 5.0 3.75 2421537624.9068
180.0 10.0 5.0 3.75 4319400151.9706
180.0 5.0 -2.5 8.75 9999999820.384602
180.0 5.0 -2.5 10.0 2627002598.5866
180.0 2.5 2.5 10.0 9999999414.2504
180.0 5.0 -10.0 11.25 10000000037.5708
180.0 7.5 -10.0 11.25 10000000113.358301
180.0 -2.5 -7.5 11.25 10000000038.147202
180.0 5.0 -7.5 11.25 9999999872.8906
180.0 2.5 -5.0 11.25 9999999962.5013
180.0 5.0 -5.0 11.25 9999999529.0816
180.0 7.5 -5.0 11.25 10000000175.427502
180.0 10.0 -5.0 11.25 10000000084.8412
180.0 5.0 -2.5 11.25 9999999803.635801
180.0 0.0 0.0 11.25 9999999982.5062
180.0 -2.5 2.5 11.25 9999999957.773201
180.0 2.5 2.5 11.25 9999999936.683601
180.0 -5.0 5.0 11.25 9999999965.559101
180.0 5.0 5.0 11.25 10000000129.9339
180.0 0.0 -10.0 12.5 9999999914.2759
180.0 2.5 -10.0 12.5 10000000055.974901
180.0 5.0 -10.0 12.5 10000000084.5655
180.0 7.5 -10.0 12.5 10000000060.991701
180.0 10.0 -10.0 12.5 372988583.87579995
180.0 -2.5 -7.5 12.5 29856792.0368
180.0 0.0 -7.5 12.5 1905950352.7159998
180.0 2.5 -7.5 12.5 4274163539.4164996
180.0 5.0 -7.5 12.5 9999999908.494501
180.0 7.5 -7.5 12.5 9999999808.131802
180.0 10.0 -7.5 12.5 10000000097.369202
180.0 2.5 -5.0 12.5 9999999879.7169
180.0 5.0 -5.0 12.5 9999999871.8943
180.0 7.5 -5.0 12.5 9999999884.890001
180.0 10.0 -5.0 12.5 9999999787.2255
180.0 2.5 -2.5 12.5 9999999806.0568
180.0 5.0 -2.5 12.5 9999999889.991701
180.0 0.0 0.0 12.5 4348567784.1396
180.0 2.5 0.0 12.5 9999999796.3272
180.0 5.0 0.0 12.5 9999999953.7978
180.0 -2.5 2.5 12.5 10000000077.087
180.0 0.0 2.5 12.5 10000000122.8616
180.0 2.5 2.5 12.5 9999999532.5676
180.0 -5.0 5.0 12.5 10000000002.911201
180.0 2.5 5.0 12.5 9999999741.4598
180.0 5.0 5.0 12.5 9999999969.909601
180.0 -5.0 -10.0 13.75 1287541.4275999998
180.0 -2.5 -10.0 13.75 3622685.2868000004
180.0 0.0 -10.0 13.75 430258.9954
180.0 2.5 -10.0 13.75 385185878.21150005
180.0 5.0 -10.0 13.75 9999999918.703201
180.0 7.5 -10.0 13.75 842089578.9015
180.0 10.0 -10.0 13.75 10000000039.183401
180.0 -2.5 -7.5 13.75 60597566.624000005
180.0 0.0 -7.5 13.75 114272874.3865
180.0 2.5 -7.5 13.75 61699884.0002
180.0 5.0 -7.5 13.75 1414601487.1647
180.0 7.5 -7.5 13.75 198248977.3346
180.0 10.0 -7.5 13.75 9999999925.311901
180.0 -2.5 -5.0 13.75 6542727595.617801
180.0 0.0 -5.0 13.75 9999999936.3827
180.0 2.5 -5.0 13.75 9999999909.5351
180.0 5.0 -5.0 13.75 10000000044.712301
180.0 7.5 -5.0 13.75 9999999958.5898
180.0 10.0 -5.0 13.75 455840797.3991
180.0 2.5 -2.5 13.75 9999999920.3216
180.0 5.0 -2.5 13.75 9999999918.337101
180.0 7.5 -2.5 13.75 9999999912.1798
180.0 -2.5 0.0 13.75 9999999928.8419
180.0 0.0 0.0 13.75 5826565025.008
180.0 2.5 0.0 13.75 9999999791.6429
180.0 5.0 0.0 13.75 9999999994.241001
180.0 -5.0 2.5 13.75 9999999913.8883
180.0 -2.5 2.5 13.75 9999999863.652601
180.0 0.0 2.5 13.75 9999999676.3726
180.0 2.5 2.5 13.75 9999999996.698502
180.0 -5.0 5.0 13.75 9999999937.8442
180.0 -2.5 5.0 13.75 4852702847.6315
180.0 0.0 5.0 13.75 9999999623.511702
180.0 2.5 5.0 13.75 10000000305.6658
180.0 5.0 5.0 13.75 1658126180.5352
180.0 -5.0 -10.0 15.0 8351.3306
180.0 -2.5 -10.0 15.0 94797.4036
180.0 0.0 -10.0 15.0 155096.4018
180.0 2.5 -10.0 15.0 2703077060.5807
180.0 5.0 -10.0 15.0 10000000003.789902
180.0 7.5 -10.0 15.0 796379557.2388
180.0 10.0 -10.0 15.0 10000000060.1112
180.0 -5.0 -7.5 15.0 9999999992.591002
180.0 -2.5 -7.5 15.0 197921.18610000002
180.0 0.0 -7.5 15.0 9999999981.6629
180.0 2.5 -7.5 15.0 9999999962.7868
180.0 5.0 -7.5 15.0 721007705.3588
180.0 7.5 -7.5 15.0 2057178965.9219
180.0 10.0 -7.5 15.0 9999999807.0379
180.0 -2.5 -5.0 15.0 82361720.0554
180.0 0.0 -5.0 15.0 9999999973.3957
180.0 2.5 -5.0 15.0 9999999879.5344
180.0 5.0 -5.0 15.0 6413443946.1852
180.0 7.5 -5.0 15.0 9999999960.8605
180.0 10.0 -5.0 15.0 3171611249.5041003
180.0 -2.5 -2.5 15.0 10000000053.6441
180.0 0.0 -2.5 15.0 9999999943.8166
180.0 2.5 -2.5 15.0 9999999891.089
180.0 5.0 -2.5 15.0 9999999912.223701
180.0 7.5 -2.5 15.0 9999999884.998001
180.0 10.0 -2.5 15.0 9999999917.893002
180.0 -2.5 0.0 15.0 1095969435.2958999
180.0 0.0 0.0 15.0 400348233.1861
180.0 2.5 0.0 15.0 10000000056.551601
180.0 5.0 0.0 15.0 9999999890.906502
180.0 7.5 0.0 15.0 7842993099.775901
180.0 10.0 0.0 15.0 24909057.4299
180.0 -5.0 2.5 15.0 10000000006.5179
180.0 -2.5 2.5 15.0 9999999948.0851
180.0 0.0 2.5 15.0 10000000079.120901
180.0 2.5 2.5 15.0 9999999887.8682
180.0 5.0 2.5 15.0 1322718242.4383
180.0 7.5 2.5 15.0 10000000194.572401
180.0 10.0 2.5 15.0 613134915.7973001
180.0 -5.0 5.0 15.0 9999999965.1303
180.0 -2.5 5.0 15.0 1155519183.8458998
180.0 0.0 5.0 15.0 6618387200.6661005
180.0 2.5 5.0 15.0 9999999841.1194
180.0 5.0 5.0 15.0 5201146238.795699
180.0 7.5 5.0 15.0 9999999734.629301
180.0 10.0 5.0 15.0 10000000069.678202
180.0 -5.0 -10.0 16.25 1187.1825000000001
180.0 -2.5 -10.0 16.25 39.1062
180.0 0.0 -10.0 16.25 694.269
180.0 2.5 -10.0 16.25 7582800.5775
180.0 5.0 -10.0 16.25 9999999995.1082
180.0 7.5 -10.0 16.25 7668762.9361000005
180.0 10.0 -10.0 16.25 789152351.3188
180.0 -5.0 -7.5 16.25 15177090.2131
180.0 -2.5 -7.5 16.25 422064.0212
180.0 0.0 -7.5 16.25 55368200.5764
180.0 2.5 -7.5 16.25 9363737.0381
180.0 5.0 -7.5 16.25 936928552.6907
180.0 7.5 -7.5 16.25 66363220.42299999
180.0 10.0 -7.5 16.25 9999999876.4983
180.0 -5.0 -5.0 16.25 158942747.98470002
180.0 -2.5 -5.0 16.25 93253042.017
180.0 0.0 -5.0 16.25 9999999977.122501
180.0 2.5 -5.0 16.25 108250862.6847
180.0 5.0 -5.0 16.25 9999999840.9108
180.0 7.5 -5.0 16.25 9999999973.401402
180.0 10.0 -5.0 16.25 4125248.3584
180.0 -5.0 -2.5 16.25 84418.2368
180.0 -2.5 -2.5 16.25 1480824546.3399
180.0 0.0 -2.5 16.25 9999999952.5694
180.0 2.5 -2.5 16.25 9999999910.099401
180.0 5.0 -2.5 16.25 9999999924.520102
180.0 7.5 -2.5 16.25 1147478031.9789999
180.0 10.0 -2.5 16.25 9999999948.1212
180.0 -2.5 0.0 16.25 9999999878.5456
180.0 0.0 0.0 16.25 9999999954.1147
180.0 2.5 0.0 16.25 9999999914.478601
180.0 5.0 0.0 16.25 9999999870.655
180.0 7.5 0.0 16.25 9999999916.8574
180.0 10.0 0.0 16.25 9999999886.3209
180.0 -5.0 2.5 16.25 9999999868.178001
180.0 -2.5 2.5 16.25 9999999830.824701
180.0 0.0 2.5 16.25 9999999963.2443
180.0 2.5 2.5 16.25 126298134.3668
180.0 5.0 2.5 16.25 276866247.2641
180.0 7.5 2.5 16.25 1488983915.2063
180.0 10.0 2.5 16.25 9999999987.680101
180.0 -5.0 5.0 16.25 3001368618.9532
180.0 -2.5 5.0 16.25 67191807.8989
180.0 0.0 5.0 16.25 7537095979.0088005
180.0 2.5 5.0 16.25 525797059.2664
180.0 5.0 5.0 16.25 53272874.245799996
180.0 7.5 5.0 16.25 72461261.3973
180.0 10.0 5.0 16.25 10000000189.5599
240.0 -5.0 -10.0 3.75 9999999861.7208
240.0 -2.5 -10.0 3.75 9999999681.2369
240.0 0.0 -10.0 3.75 9999999951.9664
240.0 2.5 -10.0 3.75 9999999821.2105
240.0 5.0 -10.0 3.75 9999999925.031
240.0 7.5 -10.0 3.75 9999999905.920801
240.0 10.0 -10.0 3.75 9999999416.772501
240.0 -5.0 -7.5 3.75 9999999879.794601
240.0 -2.5 -7.5 3.75 10000000107.5624
240.0 0.0 -7.5 3.75 9999999987.0706
240.0 2.5 -7.5 3.75 9999999885.8941
240.0 5.0 -7.5 3.75 10000000001.740702
240.0 7.5 -7.5 3.75 9999999772.6044
240.0 10.0 -7.5 3.75 9999999781.843401
240.0 -5.0 -5.0 3.75 10000000254.5948
240.0 -2.5 -5.0 3.75 9999999769.2672
240.0 0.0 -5.0 3.75 9999999982.021
240.0 2.5 -5.0 3.75 10000000060.0174
240.0 5.0 -5.0 3.75 10000000007.689901
240.0 7.5 -5.0 3.75 9999999950.0617
240.0 10.0 -5.0 3.75 9999999982.208302
240.0 -5.0 -2.5 3.75 9999999802.8195
240.0 -2.5 -2.5 3.75 9999999886.495901
240.0 0.0 -2.5 3.75 9999999973.2511
240.0 2.5 -2.5 3.75 10000000025.046501
240.0 5.0 -2.5 3.75 9999999714.612902
240.0 7.5 -2.5 3.75 10000000135.8108
240.0 10.0 -2.5 3.75 9999999953.813301
240.0 -5.0 0.0 3.75 10000000263.5564
240.0 -2.5 0.0 3.75 10000000237.242601
240.0 0.0 0.0 3.75 9999999788.8736
240.0 2.5 0.0 3.75 10000000210.340101
240.0 5.0 0.0 3.75 10000000014.395
240.0 7.5 0.0 3.75 9999999920.591002
240.0 10.0 0.0 3.75 9999999885.1497
240.0 -5.0 2.5 3.75 10000000046.845001
240.0 -2.5 2.5 3.75 10000000066.877201
240.0 0.0 2.5 3.75 9999999846.8215
240.0 2.5 2.5 3.75 9999999870.4985
240.0 5.0 2.5 3.75 9999999972.233002
240.0 7.5 2.5 3.75 9999999880.3561
240.0 10.0 2.5 3.75 9999999949.768702
240.0 -5.0 5.0 3.75 10000000174.397501
240.0 -2.5 5.0 3.75 10000000175.8736
240.0 0.0 5.0 3.75 9999999963.8607
240.0 2.5 5.0 3.75 9999999841.6067
240.0 5.0 5.0 3.75 9999999951.762901
240.0 7.5 5.0 3.75 9999999854.1769
240.0 10.0 5.0 3.75 5486344273.4066
240.0 -2.5 -10.0 11.25 151416.34949999998
240.0 5.0 -10.0 11.25 9999999910.2085
240.0 10.0 -10.0 11.25 654366.5152
240.0 5.0 -7.5 11.25 10000000003.860601
240.0 -2.5 -2.5 11.25 10000000003.199202
240.0 -5.0 0.0 11.25 9999999860.874601
240.0 -2.5 0.0 11.25 10000000017.0627
240.0 0.0 0.0 11.25 9214609026.9292
240.0 -5.0 2.5 11.25 10000000207.7628
240.0 0.0 2.5 11.25 9999999953.5235
240.0 0.0 5.0 11.25 4237424727.8609
240.0 -5.0 -10.0 12.5 6116961557.0776005
240.0 -2.5 -10.0 12.5 2204306345.7021003
240.0 0.0 -10.0 12.5 1683158162.3878999
240.0 5.0 -10.0 12.5 10000000021.051601
240.0 7.5 -10.0 12.5 243225107.0377
240.0 10.0 -10.0 12.5 44.05080000000001
240.0 5.0 -7.5 12.5 3508017533.3036
240.0 7.5 -7.5 12.5 187974006.85509998
240.0 10.0 -7.5 12.5 136011.9867
240.0 2.5 -5.0 12.5 9999999980.1079
240.0 -5.0 -2.5 12.5 9999999879.452301
240.0 -2.5 -2.5 12.5 9999999806.9487
240.0 0.0 -2.5 12.5 9999999667.1937
240.0 -5.0 0.0 12.5 10000000003.408
240.0 -2.5 0.0 12.5 9999999860.6261
240.0 0.0 0.0 12.5 9999999872.2247
240.0 2.5 0.0 12.5 9999999909.807901
240.0 -5.0 2.5 12.5 9999999670.8591
240.0 0.0 2.5 12.5 9999999931.553001
240.0 0.0 5.0 12.5 986007391.5201
240.0 -2.5 -10.0 13.75 108672651.2673
240.0 0.0 -10.0 13.75 10000000016.896
240.0 2.5 -10.0 13.75 26212289.848300003
240.0 5.0 -10.0 13.75 5168314.7624
240.0 7.5 -10.0 13.75 13959.4298
240.0 10.0 -10.0 13.75 -29.841
240.0 -5.0 -7.5 13.75 9999999973.931501
240.0 2.5 -7.5 13.75 288466382.2028
240.0 5.0 -7.5 13.75 116419.40030000001
240.0 7.5 -7.5 13.75 957591.3829999999
240.0 10.0 -7.5 13.75 93530.3914
240.0 -5.0 -5.0 13.75 3259578129.9079
240.0 -2.5 -5.0 13.75 9999999773.9608
240.0 2.5 -5.0 13.75 9999999866.2296
240.0 10.0 -5.0 13.75 159859198.92670003
240.0 -5.0 -2.5 13.75 118859464.0482
240.0 -2.5 -2.5 13.75 9999999693.297602
240.0 0.0 -2.5 13.75 2266917320.0353003
240.0 2.5 -2.5 13.75 9999999780.9176
240.0 -5.0 0.0 13.75 10000000304.432001
240.0 -2.5 0.0 13.75 3644084430.8469
240.0 0.0 0.0 13.75 9999999979.6152
240.0 2.5 0.0 13.75 9999999948.2334
240.0 -5.0 2.5 13.75 9999999931.257301
240.0 0.0 2.5 13.75 10000000562.963902
240.0 2.5 2.5 13.75 10000000095.480902
240.0 -5.0 5.0 13.75 214759217.5709
240.0 0.0 5.0 13.75 221096466.85660002
240.0 2.5 5.0 13.75 10000000154.093102
240.0 -5.0 -10.0 15.0 282484.0882
240.0 -2.5 -10.0 15.0 10060.5561
240.0 0.0 -10.0 15.0 5615547082.6563
240.0 2.5 -10.0 15.0 2182.1831
240.0 5.0 -10.0 15.0 62415.373400000004
240.0 7.5 -10.0 15.0 928.2092
240.0 10.0 -10.0 15.0 -12.686499999999999
240.0 -5.0 -7.5 15.0 14644616.7227
240.0 -2.5 -7.5 15.0 10000000083.513401
240.0 0.0 -7.5 15.0 156840593.96690002
240.0 2.5 -7.5 15.0 3901978.0261999997
240.0 5.0 -7.5 15.0 4370.7016
240.0 7.5 -7.5 15.0 27460.5274
240.0 10.0 -7.5 15.0 607.3527
240.0 -5.0 -5.0 15.0 60995833.2405
240.0 -2.5 -5.0 15.0 9999999880.3432
240.0 0.0 -5.0 15.0 394233848.49160004
240.0 2.5 -5.0 15.0 397576633.33860004
240.0 5.0 -5.0 15.0 176036.2236
240.0 7.5 -5.0 15.0 1916071719.9359999
240.0 10.0 -5.0 15.0 1109043335.2653
240.0 -5.0 -2.5 15.0 2328702396.7871
240.0 -2.5 -2.5 15.0 298287903.4884
240.0 0.0 -2.5 15.0 2854002267.9964
240.0 2.5 -2.5 15.0 9999999876.752901
240.0 5.0 -2.5 15.0 9999999888.219002
240.0 7.5 -2.5 15.0 9999999908.1478
240.0 10.0 -2.5 15.0 53846636.1761
240.0 -5.0 0.0 15.0 9754709658.1717
240.0 -2.5 0.0 15.0 8622016415.536
240.0 0.0 0.0 15.0 1167014477.1492999
240.0 2.5 0.0 15.0 9999999890.052502
240.0 5.0 0.0 15.0 10000000045.375801
240.0 10.0 0.0 15.0 9999999869.0175
240.0 -5.0 2.5 15.0 9999999860.8419
240.0 -2.5 2.5 15.0 9999999871.6825
240.0 0.0 2.5 15.0 9999999882.806301
240.0 2.5 2.5 15.0 10000000151.9155
240.0 5.0 2.5 15.0 642956191.2443999
240.0 10.0 2.5 15.0 442729002.6146
240.0 -5.0 5.0 15.0 848679576.1911999
240.0 0.0 5.0 15.0 2237728275.5608
240.0 2.5 5.0 15.0 10000000162.435501
240.0 5.0 5.0 15.0 10000000026.325602
240.0 -5.0 -10.0 16.25 40.2625
240.0 -2.5 -10.0 16.25 1253.1557
240.0 0.0 -10.0 16.25 10361562.2439
240.0 2.5 -10.0 16.25 103.4
240.0 5.0 -10.0 16.25 20.2313
240.0 7.5 -10.0 16.25 9.7688
240.0 10.0 -10.0 16.25 -2.2499000000000002
240.0 -5.0 -7.5 16.25 1047436.7283999999
240.0 -2.5 -7.5 16.25 2843899.0310000004
240.0 0.0 -7.5 16.25 9999999992.883701
240.0 2.5 -7.5 16.25 23120.6104
240.0 5.0 -7.5 16.25 -17.5627
240.0 7.5 -7.5 16.25 829.1205
240.0 10.0 -7.5 16.25 228.8006
240.0 -5.0 -5.0 16.25 617787369.0872
240.0 -2.5 -5.0 16.25 789736980.8073
240.0 0.0 -5.0 16.25 239193008.5075
240.0 2.5 -5.0 16.25 79416189.43270001
240.0 5.0 -5.0 16.25 17013.2889
240.0 7.5 -5.0 16.25 1529618.7301
240.0 10.0 -5.0 16.25 558738959.0697999
240.0 -5.0 -2.5 16.25 9999999839.6606
240.0 -2.5 -2.5 16.25 10000000317.165602
240.0 0.0 -2.5 16.25 9999999928.8453
240.0 2.5 -2.5 16.25 513161728.6104
240.0 5.0 -2.5 16.25 9999999944.877401
240.0 7.5 -2.5 16.25 9999999916.6536
240.0 10.0 -2.5 16.25 82379806.86140001
240.0 -5.0 0.0 16.25 9999999923.985102
240.0 -2.5 0.0 16.25 2960896341.8597
240.0 0.0 0.0 16.25 7816907712.9996
240.0 2.5 0.0 16.25 9999999944.283901
240.0 5.0 0.0 16.25 857238126.6408
240.0 7.5 0.0 16.25 9999999967.2162
240.0 10.0 0.0 16.25 8218776.5895
240.0 -5.0 2.5 16.25 9999999820.409101
240.0 -2.5 2.5 16.25 9999999918.380901
240.0 0.0 2.5 16.25 9999999951.284
240.0 2.5 2.5 16.25 5821506433.479601
240.0 5.0 2.5 16.25 6201315677.933101
240.0 7.5 2.5 16.25 3620805424.871
240.0 10.0 2.5 16.25 3031595510.4886
240.0 -5.0 5.0 16.25 424413792.72540003
240.0 -2.5 5.0 16.25 9999999944.170301
240.0 0.0 5.0 16.25 2190331598.3299003
240.0 2.5 5.0 16.25 1547643782.9164
240.0 5.0 5.0 16.25 1904234759.3229
240.0 7.5 5.0 16.25 7661755405.1436
240.0 10.0 5.0 16.25 381461.5576
300.0 -5.0 -10.0 3.75 10000000216.430801
300.0 -2.5 -10.0 3.75 10000000019.953001
300.0 0.0 -10.0 3.75 10000000481.325401
300.0 2.5 -10.0 3.75 10000000277.6247
300.0 5.0 -10.0 3.75 10000000049.080101
300.0 7.5 -10.0 3.75 1395604740.5128999
300.0 10.0 -10.0 3.75 9999999937.238602
300.0 -5.0 -7.5 3.75 10000000426.1821
300.0 -2.5 -7.5 3.75 10000000485.8696
300.0 0.0 -7.5 3.75 10000000178.5718
300.0 2.5 -7.5 3.75 9999999811.9246
300.0 5.0 -7.5 3.75 10000000104.2509
300.0 7.5 -7.5 3.75 9999999901.921001
300.0 10.0 -7.5 3.75 10000000007.0708
300.0 -5.0 -5.0 3.75 10000000309.9265
300.0 -2.5 -5.0 3.75 10000000104.2833
300.0 0.0 -5.0 3.75 9999999896.1602
300.0 2.5 -5.0 3.75 9999999898.0533
300.0 5.0 -5.0 3.75 9999999903.8932
300.0 7.5 -5.0 3.75 9999999939.1543
300.0 10.0 -5.0 3.75 2756662272.6471
300.0 -5.0 -2.5 3.75 10000000023.110102
300.0 -2.5 -2.5 3.75 10000000238.9041
300.0 0.0 -2.5 3.75 9999999855.1343
300.0 2.5 -2.5 3.75 9999999667.601002
300.0 5.0 -2.5 3.75 9999999604.6012
300.0 7.5 -2.5 3.75 9999999499.703701
300.0 10.0 -2.5 3.75 9999999800.265701
300.0 -5.0 0.0 3.75 9999999929.7129
300.0 -2.5 0.0 3.75 9999999579.192001
300.0 0.0 0.0 3.75 9999999840.4864
300.0 2.5 0.0 3.75 9999999756.2101
300.0 5.0 0.0 3.75 9999999986.9088
300.0 7.5 0.0 3.75 9999999956.165401
300.0 10.0 0.0 3.75 5449542795.2434
300.0 -5.0 2.5 3.75 9999999935.8038
300.0 -2.5 2.5 3.75 9999999801.517
300.0 0.0 2.5 3.75 9999999506.3698
300.0 2.5 2.5 3.75 9999999615.171902
300.0 5.0 2.5 3.75 9999999900.857101
300.0 7.5 2.5 3.75 1109381727.1719
300.0 10.0 2.5 3.75 9999999913.3546
300.0 -5.0 5.0 3.75 10000000083.7929
300.0 -2.5 5.0 3.75 10000000006.6692
300.0 0.0 5.0 3.75 9999999720.592701
300.0 2.5 5.0 3.75 10000000033.051802
300.0 5.0 5.0 3.75 9999999541.5601
300.0 7.5 5.0 3.75 10000000188.0568
300.0 10.0 5.0 3.75 10000000263.3192
300.0 -2.5 -5.0 8.75 10000000192.738901
300.0 -5.0 5.0 8.75 9999999948.1774
300.0 -2.5 -10.0 10.0 3289267076.8733
300.0 -2.5 -7.5 10.0 10000000076.4323
300.0 -2.5 -5.0 10.0 10000000465.5713
300.0 -5.0 -2.5 10.0 5939760222.8591
300.0 -2.5 2.5 10.0 10000000131.847301
300.0 -5.0 5.0 10.0 9999999992.488201
300.0 -2.5 5.0 10.0 10000000111.650702
300.0 0.0 5.0 10.0 10000000005.839901
300.0 -2.5 -10.0 11.25 9999999631.663101
300.0 0.0 -10.0 11.25 7545010878.2501
300.0 2.5 -10.0 11.25 9999999917.9867
300.0 -2.5 -7.5 11.25 10000000055.2849
300.0 0.0 -7.5 11.25 9999999991.828701
300.0 -2.5 -5.0 11.25 10000000279.550701
300.0 -2.5 0.0 11.25 10000000374.2229
300.0 -5.0 2.5 11.25 3164942840.2983003
300.0 -2.5 2.5 11.25 10000000599.154001
300.0 -5.0 5.0 11.25 10000000214.287
300.0 -2.5 5.0 11.25 10000000262.1856
300.0 0.0 5.0 11.25 9999999933.7731
300.0 5.0 5.0 11.25 9999999809.640501
300.0 -2.5 -10.0 12.5 6158675976.954301
300.0 0.0 -10.0 12.5 10000000079.227901
300.0 2.5 -10.0 12.5 9999999881.855001
300.0 5.0 -10.0 12.5 2566981.974
300.0 7.5 -10.0 12.5 319.66479999999996
300.0 -5.0 -7.5 12.5 10000000046.6081
300.0 -2.5 -7.5 12.5 8948128747.7522
300.0 0.0 -7.5 12.5 9999999835.171202
300.0 2.5 -7.5 12.5 10000000055.025501
300.0 -5.0 -5.0 12.5 10000000096.315102
300.0 -2.5 -5.0 12.5 10000000163.3619
300.0 0.0 -5.0 12.5 9999999971.7499
300.0 -5.0 -2.5 12.5 10000000128.3546
300.0 -2.5 0.0 12.5 10000000239.5352
300.0 -5.0 2.5 12.5 10000000271.113
300.0 -2.5 2.5 12.5 10000000428.4433
300.0 0.0 2.5 12.5 1709909337.7457001
300.0 -5.0 5.0 12.5 9999999950.2586
300.0 -2.5 5.0 12.5 522893002.04260004
300.0 0.0 5.0 12.5 10000000020.005201
300.0 5.0 5.0 12.5 9999999879.311401
300.0 7.5 5.0 12.5 9999999894.483501
300.0 -5.0 -10.0 13.75 9999999903.9141
300.0 -2.5 -10.0 13.75 9608949.4275
300.0 0.0 -10.0 13.75 467807316.3131
300.0 2.5 -10.0 13.75 9999999957.282902
300.0 5.0 -10.0 13.75 29842.680900000003
300.0 7.5 -10.0 13.75 -31.8681
300.0 10.0 -10.0 13.75 -10.704
300.0 -5.0 -7.5 13.75 9999999907.8715
300.0 -2.5 -7.5 13.75 3389850575.5215
300.0 0.0 -7.5 13.75 10000000074.8925
300.0 2.5 -7.5 13.75 9999999627.5559
300.0 5.0 -7.5 13.75 6789946.249799999
300.0 -5.0 -5.0 13.75 10000000153.5231
300.0 -2.5 -5.0 13.75 10000000092.7399
300.0 0.0 -5.0 13.75 9999999982.8138
300.0 2.5 -2.5 13.75 9999999954.254002
300.0 -5.0 0.0 13.75 2560588361.5825
300.0 -2.5 0.0 13.75 10000000321.706501
300.0 -5.0 2.5 13.75 10000000208.6877
300.0 -2.5 2.5 13.75 10000000070.7817
300.0 0.0 2.5 13.75 2542506601.3663
300.0 10.0 2.5 13.75 19539.1403
300.0 -5.0 5.0 13.75 613607340.0962
300.0 -2.5 5.0 13.75 2189800693.0236
300.0 0.0 5.0 13.75 10000000117.3297
300.0 2.5 5.0 13.75 883683085.5187999
300.0 7.5 5.0 13.75 72861525.49700001
300.0 10.0 5.0 13.75 222323.2537
300.0 -5.0 -10.0 15.0 403022466.0686
300.0 -2.5 -10.0 15.0 54325302.6541
300.0 0.0 -10.0 15.0 116037805.3202
300.0 2.5 -10.0 15.0 327587782.5783
300.0 5.0 -10.0 15.0 143165862.30269998
300.0 7.5 -10.0 15.0 -22.2487
300.0 10.0 -10.0 15.0 -6.187900000000001
300.0 -5.0 -7.5 15.0 2136152766.6548
300.0 -2.5 -7.5 15.0 9999999938.1441
300.0 0.0 -7.5 15.0 10000000110.1895
300.0 2.5 -7.5 15.0 1528425515.9835
300.0 5.0 -7.5 15.0 22729364.849799998
300.0 7.5 -7.5 15.0 173.31150000000002
300.0 10.0 -7.5 15.0 -22.4556
300.0 -5.0 -5.0 15.0 10000000085.3637
300.0 -2.5 -5.0 15.0 9999999971.9514
300.0 0.0 -5.0 15.0 9999999977.9102
300.0 2.5 -5.0 15.0 7691209366.788899
300.0 5.0 -5.0 15.0 732838988.777
300.0 7.5 -5.0 15.0 1582.0189
300.0 -5.0 -2.5 15.0 9999999844.0209
300.0 -2.5 -2.5 15.0 2188100347.6960998
300.0 0.0 -2.5 15.0 10000000066.0928
300.0 2.5 -2.5 15.0 167099079.619
300.0 7.5 -2.5 15.0 5357.887699999999
300.0 -5.0 0.0 15.0 10000000172.3243
300.0 -2.5 0.0 15.0 383475672.8331
300.0 0.0 0.0 15.0 10000000002.9719
300.0 2.5 0.0 15.0 715311518.8165001
300.0 5.0 0.0 15.0 9999999968.732801
300.0 -5.0 2.5 15.0 10000000057.1623
300.0 -2.5 2.5 15.0 735434885.0809001
300.0 0.0 2.5 15.0 10000000069.947601
300.0 2.5 2.5 15.0 2132189279.8379998
300.0 5.0 2.5 15.0 9999999930.9909
300.0 7.5 2.5 15.0 861591.3582
300.0 10.0 2.5 15.0 338.8207
300.0 -5.0 5.0 15.0 8073464475.448
300.0 -2.5 5.0 15.0 10000000133.9437
300.0 0.0 5.0 15.0 9999999952.0216
300.0 2.5 5.0 15.0 10000000060.002401
300.0 5.0 5.0 15.0 9999999991.0921
300.0 7.5 5.0 15.0 19272254.062599998
300.0 10.0 5.0 15.0 8502.9047
300.0 -5.0 -10.0 16.25 81429801.24000001
300.0 -2.5 -10.0 16.25 1116580955.4078999
300.0 0.0 -10.0 16.25 3558856387.0415
300.0 2.5 -10.0 16.25 53917246.0179
300.0 5.0 -10.0 16.25 148116.20859999998
300.0 7.5 -10.0 16.25 -13.941500000000001
300.0 10.0 -10.0 16.25 -3.8405
300.0 -5.0 -7.5 16.25 10000000015.728802
300.0 -2.5 -7.5 16.25 1794651254.5280998
300.0 0.0 -7.5 16.25 10000000043.471401
300.0 2.5 -7.5 16.25 1845975281.8516
300.0 5.0 -7.5 16.25 596044577.0459999
300.0 7.5 -7.5 16.25 52.44
300.0 10.0 -7.5 16.25 -17.7693
300.0 -5.0 -5.0 16.25 9999999772.4712
300.0 -2.5 -5.0 16.25 10000000056.541
300.0 0.0 -5.0 16.25 6970214523.1357
300.0 2.5 -5.0 16.25 151096834.0975
300.0 5.0 -5.0 16.25 533439326.27589995
300.0 7.5 -5.0 16.25 -48.8667
300.0 10.0 -5.0 16.25 -38.5107
300.0 -5.0 -2.5 16.25 1786625074.1994998
300.0 -2.5 -2.5 16.25 10000000049.7504
300.0 0.0 -2.5 16.25 4060663549.9414
300.0 2.5 -2.5 16.25 516858945.0336
300.0 5.0 -2.5 16.25 20867807.0205
300.0 7.5 -2.5 16.25 -66.7949
300.0 10.0 -2.5 16.25 -52.1159
300.0 -5.0 0.0 16.25 7963696814.565901
300.0 -2.5 0.0 16.25 9999999987.5755
300.0 0.0 0.0 16.25 9026050743.197401
300.0 2.5 0.0 16.25 187688662.7295
300.0 5.0 0.0 16.25 10000000016.3565
300.0 10.0 0.0 16.25 -50.345
300.0 -5.0 2.5 16.25 44430698.603
300.0 -2.5 2.5 16.25 1335081320.7459
300.0 0.0 2.5 16.25 10000000109.103
300.0 2.5 2.5 16.25 3009579880.3371
300.0 5.0 2.5 16.25 9999999949.2828
300.0 7.5 2.5 16.25 10000000020.292301
300.0 10.0 2.5 16.25 3208.1198999999997
300.0 -5.0 5.0 16.25 10000000067.614302
300.0 -2.5 5.0 16.25 1251628988.4903998
300.0 0.0 5.0 16.25 10000000018.1021
300.0 2.5 5.0 16.25 409446437.50589997
300.0 5.0 5.0 16.25 9999999914.602201
300.0 7.5 5.0 16.25 2459998166.7535996
300.0 10.0 5.0 16.25 108.21770000000001
