0.0 0.0 2.5 5.0 10000000013.550001
0.0 2.5 2.5 5.0 10000000331.5053
0.0 0.0 5.0 5.0 10000000055.7201
0.0 2.5 0.0 6.25 8305778607.3411
0.0 0.0 2.5 6.25 10000000057.417301
0.0 0.0 5.0 6.25 7410091045.2068
0.0 0.0 0.0 7.5 10000000171.0417
0.0 2.5 0.0 7.5 10000000217.058102
0.0 0.0 2.5 7.5 9999999928.0788
0.0 0.0 5.0 7.5 10000000063.999601
0.0 0.0 -5.0 8.75 9999999886.556002
0.0 5.0 -5.0 8.75 10000000476.7103
0.0 -2.5 -2.5 8.75 10000000295.665602
0.0 0.0 -2.5 8.75 10000000203.646
0.0 -2.5 0.0 8.75 3358624195.6993003
0.0 0.0 0.0 8.75 10000000148.733301
0.0 2.5 0.0 8.75 10000000383.460201
0.0 0.0 2.5 8.75 10000000234.878601
0.0 2.5 2.5 8.75 10000000107.835701
0.0 0.0 5.0 8.75 10000000108.661701
0.0 2.5 5.0 8.75 866055921.4036
0.0 5.0 -7.5 10.0 10000000264.222101
0.0 7.5 -7.5 10.0 9999999907.3059
0.0 -2.5 -5.0 10.0 10000000190.611801
0.0 0.0 -5.0 10.0 10000000204.6639
0.0 2.5 -5.0 10.0 10000000034.3995
0.0 5.0 -5.0 10.0 9999999960.9074
0.0 7.5 -5.0 10.0 10000000102.334002
0.0 -2.5 -2.5 10.0 10000000092.802101
0.0 0.0 -2.5 10.0 10000000079.1249
0.0 2.5 -2.5 10.0 10000000161.9165
0.0 5.0 -2.5 10.0 9999999496.3626
0.0 -2.5 0.0 10.0 10000000030.974201
0.0 0.0 0.0 10.0 9999999862.8106
0.0 2.5 0.0 10.0 9999999991.678701
0.0 0.0 2.5 10.0 10000000113.176802
0.0 2.5 2.5 10.0 10000000095.193602
0.0 0.0 5.0 10.0 688604080.9669
0.0 2.5 5.0 10.0 9999999926.6268
0.0 2.5 -10.0 11.25 10000000611.0758
0.0 5.0 -10.0 11.25 463972647.19699997
0.0 10.0 -10.0 11.25 9999999994.359001
0.0 2.5 -7.5 11.25 9999999917.199202
0.0 5.0 -7.5 11.25 9999999879.642101
0.0 7.5 -7.5 11.25 9999999942.9339
0.0 0.0 -5.0 11.25 9999999941.125
0.0 2.5 -5.0 11.25 9999999737.9698
0.0 5.0 -5.0 11.25 9999999815.786201
0.0 -5.0 -2.5 11.25 549353673.4603
0.0 -2.5 -2.5 11.25 2073072574.7991998
0.0 0.0 -2.5 11.25 9999999991.2737
0.0 2.5 -2.5 11.25 9999999881.388802
0.0 5.0 -2.5 11.25 2735018308.8121
0.0 -5.0 0.0 11.25 5443414442.5828
0.0 -2.5 0.0 11.25 81998347.0436
0.0 0.0 0.0 11.25 10000000300.9997
0.0 2.5 0.0 11.25 10000000125.0265
0.0 0.0 2.5 11.25 9999999946.633701
0.0 2.5 2.5 11.25 10000000238.3761
0.0 0.0 5.0 11.25 9999999988.1068
0.0 2.5 5.0 11.25 1590404031.5199
0.0 -2.5 -10.0 12.5 10000000117.2269
0.0 2.5 -10.0 12.5 10000000064.5014
0.0 5.0 -10.0 12.5 640194932.3759999
0.0 7.5 -10.0 12.5 10000000124.138802
0.0 10.0 -10.0 12.5 2572909850.0831003
0.0 -5.0 -7.5 12.5 9999999979.6009
0.0 0.0 -7.5 12.5 9812335927.3903
0.0 2.5 -7.5 12.5 10000000068.0846
0.0 5.0 -7.5 12.5 8868423413.972801
0.0 7.5 -7.5 12.5 10000000199.3684
0.0 10.0 -7.5 12.5 4934496226.328401
0.0 -2.5 -5.0 12.5 9999999926.464201
0.0 0.0 -5.0 12.5 324972489.2859
0.0 2.5 -5.0 12.5 9999999880.617401
0.0 5.0 -5.0 12.5 10000000066.2849
0.0 -2.5 -2.5 12.5 2335195329.0151
0.0 0.0 -2.5 12.5 14293223.1061
0.0 2.5 -2.5 12.5 9999999829.716002
0.0 5.0 -2.5 12.5 550805016.5465001
0.0 -5.0 0.0 12.5 3004156.2763
0.0 -2.5 0.0 12.5 627608245.5539999
0.0 0.0 0.0 12.5 9999999955.0028
0.0 2.5 0.0 12.5 1429044382.8833
0.0 5.0 0.0 12.5 2559733080.4785
0.0 -2.5 2.5 12.5 1072528120.1435
0.0 0.0 2.5 12.5 9999999846.080502
0.0 2.5 2.5 12.5 10000000420.477001
0.0 7.5 2.5 12.5 46930183.2299
0.0 0.0 5.0 12.5 9999999939.3742
0.0 2.5 5.0 12.5 10000000091.558102
0.0 5.0 5.0 12.5 557453988.2634
0.0 -2.5 -10.0 13.75 9999999904.8202
0.0 0.0 -10.0 13.75 9999999960.8742
0.0 2.5 -10.0 13.75 6171430591.2413
0.0 5.0 -10.0 13.75 10000000041.701601
0.0 7.5 -10.0 13.75 9999999996.058
0.0 10.0 -10.0 13.75 9999999992.9444
0.0 -5.0 -7.5 13.75 268765.1312
0.0 -2.5 -7.5 13.75 119718.50869999999
0.0 0.0 -7.5 13.75 9999999849.0704
0.0 2.5 -7.5 13.75 9999999607.0758
0.0 5.0 -7.5 13.75 2571094117.7128997
0.0 7.5 -7.5 13.75 10000000111.1641
0.0 10.0 -7.5 13.75 9999999964.3008
0.0 -2.5 -5.0 13.75 133883411.50539999
0.0 0.0 -5.0 13.75 9999999966.808802
0.0 2.5 -5.0 13.75 2494709608.9796
0.0 5.0 -5.0 13.75 9999999840.3351
0.0 7.5 -5.0 13.75 10000000068.9178
0.0 -5.0 -2.5 13.75 3910835854.9283004
0.0 -2.5 -2.5 13.75 9999999993.511702
0.0 0.0 -2.5 13.75 801603279.5404
0.0 2.5 -2.5 13.75 4912281398.2131
0.0 5.0 -2.5 13.75 4560032826.030701
0.0 7.5 -2.5 13.75 9999999743.715101
0.0 -5.0 0.0 13.75 7261430.8417
0.0 -2.5 0.0 13.75 12503112.568500001
0.0 0.0 0.0 13.75 10000000104.0256
0.0 2.5 0.0 13.75 222428281.9147
0.0 5.0 0.0 13.75 9999999902.977001
0.0 7.5 0.0 13.75 26827063.049200002
0.0 10.0 0.0 13.75 2984501018.7879
0.0 -5.0 2.5 13.75 9763901.4331
0.0 -2.5 2.5 13.75 9999999871.3518
0.0 0.0 2.5 13.75 10000000416.947
0.0 2.5 2.5 13.75 10000000224.3132
0.0 5.0 2.5 13.75 10000000279.891
0.0 7.5 2.5 13.75 883310.7174
0.0 -2.5 5.0 13.75 10000000092.1721
0.0 0.0 5.0 13.75 10000000162.6063
0.0 2.5 5.0 13.75 1532435586.0138
0.0 5.0 5.0 13.75 4789322.5708
0.0 7.5 5.0 13.75 566.8192
0.0 10.0 5.0 13.75 55.7525
0.0 -5.0 -10.0 15.0 26.2581
0.0 -2.5 -10.0 15.0 8182.560399999999
0.0 0.0 -10.0 15.0 9999999918.6053
0.0 2.5 -10.0 15.0 337251691.7709
0.0 5.0 -10.0 15.0 11658474.242
0.0 7.5 -10.0 15.0 10000000112.810701
0.0 10.0 -10.0 15.0 5792995805.995
0.0 -5.0 -7.5 15.0 14713.5651
0.0 -2.5 -7.5 15.0 1939817.2851999998
0.0 0.0 -7.5 15.0 9999999961.0337
0.0 2.5 -7.5 15.0 7782840018.9723
0.0 5.0 -7.5 15.0 2594487959.3957
0.0 7.5 -7.5 15.0 10000000058.391201
0.0 10.0 -7.5 15.0 1257373644.992
0.0 -5.0 -5.0 15.0 186191.1094
0.0 -2.5 -5.0 15.0 230671917.44889998
0.0 0.0 -5.0 15.0 48254401.5827
0.0 2.5 -5.0 15.0 267757295.85459998
0.0 5.0 -5.0 15.0 5585906160.719299
0.0 7.5 -5.0 15.0 9999999600.830301
0.0 10.0 -5.0 15.0 3312248475.6134
0.0 -5.0 -2.5 15.0 13919274.5797
0.0 -2.5 -2.5 15.0 9999999975.5146
0.0 0.0 -2.5 15.0 10000000046.7257
0.0 2.5 -2.5 15.0 9999999883.4305
0.0 5.0 -2.5 15.0 9999999844.606901
0.0 7.5 -2.5 15.0 9999999889.9622
0.0 10.0 -2.5 15.0 10000000221.895802
0.0 -5.0 0.0 15.0 1662.2851
0.0 -2.5 0.0 15.0 8081304824.393
0.0 0.0 0.0 15.0 9999999811.509201
0.0 2.5 0.0 15.0 9999999976.3995
0.0 5.0 0.0 15.0 8213396773.996799
0.0 7.5 0.0 15.0 1443037846.079
0.0 10.0 0.0 15.0 510956905.0281
0.0 -5.0 2.5 15.0 516910001.8694
0.0 -2.5 2.5 15.0 9999999961.287
0.0 0.0 2.5 15.0 9999999991.912102
0.0 2.5 2.5 15.0 9999999609.081902
0.0 5.0 2.5 15.0 2896454024.0161
0.0 7.5 2.5 15.0 13453.452299999999
0.0 10.0 2.5 15.0 39.739399999999996
0.0 -5.0 5.0 15.0 75307587.9592
0.0 -2.5 5.0 15.0 7446036.458
0.0 0.0 5.0 15.0 405985792.8473
0.0 2.5 5.0 15.0 4774291254.0238
0.0 5.0 5.0 15.0 277936750.2288
0.0 7.5 5.0 15.0 48.814899999999994
0.0 10.0 5.0 15.0 13.010399999999997
0.0 -5.0 -10.0 16.25 -10.0425
0.0 -2.5 -10.0 16.25 980274.515
0.0 0.0 -10.0 16.25 854029774.3242
0.0 2.5 -10.0 16.25 51588408.636
0.0 5.0 -10.0 16.25 1356849.9182
0.0 7.5 -10.0 16.25 36646411.6901
0.0 10.0 -10.0 16.25 9999999951.717001
0.0 -5.0 -7.5 16.25 90.2855
0.0 -2.5 -7.5 16.25 1479798.4151
0.0 0.0 -7.5 16.25 7915304547.8122
0.0 2.5 -7.5 16.25 1075813481.6057
0.0 5.0 -7.5 16.25 34742049.2632
0.0 7.5 -7.5 16.25 9999999941.232601
0.0 10.0 -7.5 16.25 2197802169.5667
0.0 -5.0 -5.0 16.25 342.6872
0.0 -2.5 -5.0 16.25 42079.9084
0.0 0.0 -5.0 16.25 155717.9372
0.0 2.5 -5.0 16.25 9999999878.655602
0.0 5.0 -5.0 16.25 9999999897.382301
0.0 7.5 -5.0 16.25 10000000098.9909
0.0 10.0 -5.0 16.25 2548841661.7185
0.0 -5.0 -2.5 16.25 79797.6455
0.0 -2.5 -2.5 16.25 11293902.1034
0.0 0.0 -2.5 16.25 9999999920.8693
0.0 2.5 -2.5 16.25 10000000061.725302
0.0 5.0 -2.5 16.25 9999999922.2989
0.0 7.5 -2.5 16.25 9999999968.1488
0.0 10.0 -2.5 16.25 9999999934.3826
0.0 -5.0 0.0 16.25 98.5437
0.0 -2.5 0.0 16.25 50645020.423200004
0.0 0.0 0.0 16.25 108149751.8545
0.0 2.5 0.0 16.25 9999999902.367401
0.0 5.0 0.0 16.25 24799106.2989
0.0 7.5 0.0 16.25 8221190694.208099
0.0 10.0 0.0 16.25 8022393457.2453
0.0 -5.0 2.5 16.25 1139875.7368
0.0 -2.5 2.5 16.25 49982487.8588
0.0 0.0 2.5 16.25 1411644339.748
0.0 2.5 2.5 16.25 9999999993.976501
0.0 5.0 2.5 16.25 10000000077.5198
0.0 7.5 2.5 16.25 24310465.429899998
0.0 10.0 2.5 16.25 3.3484000000000003
0.0 -5.0 5.0 16.25 9999999880.4016
0.0 -2.5 5.0 16.25 9999999982.502901
0.0 0.0 5.0 16.25 10000000061.0907
0.0 2.5 5.0 16.25 76399326.5771
0.0 5.0 5.0 16.25 6536577894.4636
0.0 7.5 5.0 16.25 64.0272
0.0 10.0 5.0 16.25 14.1434
60.0 -5.0 -10.0 3.75 9999999997.6492
60.0 -2.5 -10.0 3.75 752484087.0145
60.0 0.0 -10.0 3.75 9999999713.4985
60.0 2.5 -10.0 3.75 9999999808.106
60.0 5.0 -10.0 3.75 9999999983.584301
60.0 7.5 -10.0 3.75 5027515082.4611
60.0 10.0 -10.0 3.75 3232247226.3574
60.0 -5.0 -7.5 3.75 10000000125.833601
60.0 -2.5 -7.5 3.75 10000000012.198
60.0 0.0 -7.5 3.75 9999999855.0849
60.0 2.5 -7.5 3.75 9999999946.294102
60.0 5.0 -7.5 3.75 9999999942.0273
60.0 7.5 -7.5 3.75 9999999824.712101
60.0 10.0 -7.5 3.75 9999999781.3997
60.0 -5.0 -5.0 3.75 10000000043.5956
60.0 -2.5 -5.0 3.75 9999999593.1555
60.0 0.0 -5.0 3.75 10000000172.714
60.0 2.5 -5.0 3.75 9999999921.722801
60.0 5.0 -5.0 3.75 10000000195.547401
60.0 7.5 -5.0 3.75 10000000307.076801
60.0 10.0 -5.0 3.75 1041842599.2182
60.0 -5.0 -2.5 3.75 10000000236.3286
60.0 -2.5 -2.5 3.75 10000000047.8491
60.0 0.0 -2.5 3.75 10000000100.618
60.0 2.5 -2.5 3.75 10000000255.907701
60.0 5.0 -2.5 3.75 9999999672.7637
60.0 7.5 -2.5 3.75 10000000264.496101
60.0 10.0 -2.5 3.75 9999999790.6457
60.0 -5.0 0.0 3.75 10000000113.486502
60.0 -2.5 0.0 3.75 9999999782.3843
60.0 0.0 0.0 3.75 9999999914.870901
60.0 2.5 0.0 3.75 10000000225.7975
60.0 5.0 0.0 3.75 9999999795.7042
60.0 7.5 0.0 3.75 10000000043.8169
60.0 10.0 0.0 3.75 77359514.38250001
60.0 -5.0 2.5 3.75 582016505.5728
60.0 -2.5 2.5 3.75 9999999976.0168
60.0 0.0 2.5 3.75 9999999669.496101
60.0 2.5 2.5 3.75 2407475423.382
60.0 5.0 2.5 3.75 10000000159.430302
60.0 7.5 2.5 3.75 10000000057.429
60.0 10.0 2.5 3.75 25993561.1078
60.0 -5.0 5.0 3.75 7649272.5897
60.0 -2.5 5.0 3.75 9999999971.9136
60.0 0.0 5.0 3.75 5217094543.593599
60.0 2.5 5.0 3.75 9999999997.627401
60.0 5.0 5.0 3.75 9999999880.09
60.0 7.5 5.0 3.75 10000000055.104301
60.0 10.0 5.0 3.75 218869.5934
60.0 0.0 -2.5 6.25 10000000096.475801
60.0 0.0 2.5 6.25 10000000052.9559
60.0 5.0 -7.5 7.5 9999999848.6951
60.0 0.0 -5.0 7.5 9999999871.995602
60.0 0.0 -2.5 7.5 10000000094.7413
60.0 -2.5 0.0 7.5 9999999998.1418
60.0 0.0 0.0 7.5 10000000026.3334
60.0 -2.5 2.5 7.5 10000000381.5049
60.0 0.0 2.5 7.5 9999999983.86
60.0 0.0 -7.5 8.75 10000000255.3117
60.0 0.0 -5.0 8.75 9999999423.9909
60.0 2.5 -5.0 8.75 10000000061.8651
60.0 0.0 -2.5 8.75 2779729217.3015003
60.0 -2.5 0.0 8.75 9999999891.5664
60.0 0.0 0.0 8.75 9999999908.888102
60.0 -2.5 2.5 8.75 9577800607.5951
60.0 0.0 2.5 8.75 9999999999.8187
60.0 2.5 2.5 8.75 1268766389.4997
60.0 -5.0 5.0 8.75 10000000244.347801
60.0 -2.5 5.0 8.75 1554252176.4053
60.0 0.0 5.0 8.75 10000000155.3348
60.0 0.0 -10.0 10.0 534323242.2395
60.0 0.0 -7.5 10.0 10000000038.064701
60.0 2.5 -7.5 10.0 9999999959.4969
60.0 5.0 -7.5 10.0 10000000112.763601
60.0 0.0 -5.0 10.0 9999999966.135601
60.0 2.5 -5.0 10.0 9999999862.7607
60.0 0.0 -2.5 10.0 10000000031.592402
60.0 -2.5 0.0 10.0 9999999971.2819
60.0 0.0 0.0 10.0 9999999987.5743
60.0 -5.0 2.5 10.0 89890081.3821
60.0 -2.5 2.5 10.0 10000000082.8246
60.0 0.0 2.5 10.0 9999999833.8526
60.0 2.5 2.5 10.0 9999999884.495602
60.0 -2.5 5.0 10.0 127161940.47399999
60.0 0.0 5.0 10.0 10000000377.2282
60.0 2.5 5.0 10.0 1235763861.8399
60.0 0.0 -10.0 11.25 10000000000.4451
60.0 7.5 -10.0 11.25 10000000286.4157
60.0 10.0 -10.0 11.25 125111839.0112
60.0 -2.5 -7.5 11.25 10000000015.871302
60.0 0.0 -7.5 11.25 10000000007.4451
60.0 2.5 -7.5 11.25 9999999863.3148
60.0 5.0 -7.5 11.25 9999999824.7858
60.0 7.5 -7.5 11.25 9999999890.897001
60.0 10.0 -7.5 11.25 9999999974.767801
60.0 0.0 -5.0 11.25 9999999916.8672
60.0 2.5 -5.0 11.25 9999999966.4295
60.0 0.0 -2.5 11.25 9999999855.516901
60.0 -2.5 0.0 11.25 10000000082.350801
60.0 0.0 0.0 11.25 9999999931.9109
60.0 2.5 0.0 11.25 3401493377.6972
60.0 -5.0 2.5 11.25 614617547.9540999
60.0 -2.5 2.5 11.25 10000000183.826101
60.0 0.0 2.5 11.25 10000000169.512901
60.0 2.5 2.5 11.25 10000000457.030901
60.0 -5.0 5.0 11.25 9999999952.886702
60.0 -2.5 5.0 11.25 9999999859.9834
60.0 0.0 5.0 11.25 9999999948.5813
60.0 2.5 5.0 11.25 1151098990.1204
60.0 5.0 5.0 11.25 2826658861.4958
60.0 0.0 -10.0 12.5 876629256.587
60.0 2.5 -10.0 12.5 842928190.5128001
60.0 5.0 -10.0 12.5 9999999997.3264
60.0 7.5 -10.0 12.5 15150501.8936
60.0 10.0 -10.0 12.5 510994395.8193
60.0 -2.5 -7.5 12.5 9999999998.3274
60.0 0.0 -7.5 12.5 9999999809.147001
60.0 2.5 -7.5 12.5 4862076645.659401
60.0 5.0 -7.5 12.5 2762489405.8386
60.0 7.5 -7.5 12.5 9999999955.303902
60.0 10.0 -7.5 12.5 871458432.0598999
60.0 -5.0 -5.0 12.5 35242.056099999994
60.0 -2.5 -5.0 12.5 9999999888.5361
60.0 0.0 -5.0 12.5 1008629262.1437
60.0 2.5 -5.0 12.5 9999999867.055601
60.0 -2.5 -2.5 12.5 10000000114.5669
60.0 0.0 -2.5 12.5 5583047330.1828
60.0 5.0 -2.5 12.5 10000000399.0821
60.0 -5.0 0.0 12.5 24763211.343900003
60.0 -2.5 0.0 12.5 500186564.7398
60.0 0.0 0.0 12.5 10000000164.401201
60.0 2.5 0.0 12.5 9999999768.5627
60.0 -5.0 2.5 12.5 1367885727.0973
60.0 -2.5 2.5 12.5 10000000029.635801
60.0 0.0 2.5 12.5 9999999996.396
60.0 2.5 2.5 12.5 9999999207.9347
60.0 -5.0 5.0 12.5 782480.5173999999
60.0 -2.5 5.0 12.5 10000000138.1292
60.0 0.0 5.0 12.5 10000000274.860102
60.0 2.5 5.0 12.5 688480151.4796001
60.0 5.0 5.0 12.5 9223967073.4759
60.0 -2.5 -10.0 13.75 1553868808.9561
60.0 0.0 -10.0 13.75 191380329.0428
60.0 2.5 -10.0 13.75 1946604086.002
60.0 5.0 -10.0 13.75 19855048.3187
60.0 7.5 -10.0 13.75 9210113.3719
60.0 10.0 -10.0 13.75 4815841261.131599
60.0 -2.5 -7.5 13.75 10000000145.5331
60.0 0.0 -7.5 13.75 10000000023.201101
60.0 2.5 -7.5 13.75 3666098100.9911
60.0 5.0 -7.5 13.75 9999999946.198
60.0 7.5 -7.5 13.75 9999999972.3458
60.0 10.0 -7.5 13.75 1148643062.3962002
60.0 -5.0 -5.0 13.75 10000000015.408401
60.0 -2.5 -5.0 13.75 10000000047.3411
60.0 0.0 -5.0 13.75 3169511498.1777
60.0 2.5 -5.0 13.75 9999999679.081202
60.0 5.0 -5.0 13.75 9999999906.545
60.0 7.5 -5.0 13.75 10000000014.5237
60.0 10.0 -5.0 13.75 11838089.870700002
60.0 -5.0 -2.5 13.75 1271526291.4315
60.0 -2.5 -2.5 13.75 10000000170.947802
60.0 0.0 -2.5 13.75 9999999897.404501
60.0 2.5 -2.5 13.75 1945865467.336
60.0 5.0 -2.5 13.75 9999999814.951801
60.0 7.5 -2.5 13.75 9999999922.409
60.0 -5.0 0.0 13.75 10000000018.7775
60.0 -2.5 0.0 13.75 35920933.099
60.0 0.0 0.0 13.75 815893283.2887
60.0 2.5 0.0 13.75 9999999511.527
60.0 5.0 0.0 13.75 10000000013.1065
60.0 -5.0 2.5 13.75 2482123715.6776
60.0 -2.5 2.5 13.75 6668706441.807401
60.0 0.0 2.5 13.75 10000000147.4477
60.0 2.5 2.5 13.75 10000000040.0799
60.0 -5.0 5.0 13.75 8552844709.6119
60.0 -2.5 5.0 13.75 9999999853.2404
60.0 0.0 5.0 13.75 9999999992.3022
60.0 2.5 5.0 13.75 205205204.8763
60.0 5.0 5.0 13.75 24188525.3497
60.0 -5.0 -10.0 15.0 7638287268.1395
60.0 -2.5 -10.0 15.0 85939239.5168
60.0 0.0 -10.0 15.0 27391556.738199998
60.0 2.5 -10.0 15.0 15444881.3181
60.0 5.0 -10.0 15.0 9999999957.519402
60.0 7.5 -10.0 15.0 60199877.5511
60.0 10.0 -10.0 15.0 16860010.989800002
60.0 -5.0 -7.5 15.0 1175686550.899
60.0 -2.5 -7.5 15.0 10000000127.478401
60.0 0.0 -7.5 15.0 10000000110.647202
60.0 2.5 -7.5 15.0 9340963524.9849
60.0 5.0 -7.5 15.0 10000000003.5921
60.0 7.5 -7.5 15.0 575904615.2245
60.0 10.0 -7.5 15.0 385881001.87
60.0 -5.0 -5.0 15.0 39584117.5634
60.0 -2.5 -5.0 15.0 10000000416.343
60.0 0.0 -5.0 15.0 886225045.3748
60.0 2.5 -5.0 15.0 6472133604.1585
60.0 5.0 -5.0 15.0 2393175076.1264
60.0 7.5 -5.0 15.0 160487042.4999
60.0 10.0 -5.0 15.0 694905915.4836
60.0 -5.0 -2.5 15.0 587882039.9970001
60.0 -2.5 -2.5 15.0 10000000092.107101
60.0 0.0 -2.5 15.0 7958963006.796
60.0 2.5 -2.5 15.0 2706734979.5098996
60.0 5.0 -2.5 15.0 10000000115.7238
60.0 7.5 -2.5 15.0 255839725.03980002
60.0 10.0 -2.5 15.0 9999999898.428501
60.0 -5.0 0.0 15.0 10000000213.696701
60.0 -2.5 0.0 15.0 9999999943.282001
60.0 0.0 0.0 15.0 9999999963.1853
60.0 2.5 0.0 15.0 9999999833.961401
60.0 5.0 0.0 15.0 9999999828.676802
60.0 7.5 0.0 15.0 1508862335.1678
60.0 10.0 0.0 15.0 5148221.3819
60.0 -5.0 2.5 15.0 1664821.3391
60.0 -2.5 2.5 15.0 9999999963.434801
60.0 0.0 2.5 15.0 691436323.0913
60.0 2.5 2.5 15.0 9999999909.509
60.0 5.0 2.5 15.0 9999999806.982801
60.0 7.5 2.5 15.0 9999999889.845201
60.0 10.0 2.5 15.0 108.74530000000001
60.0 -5.0 5.0 15.0 1051336619.4367
60.0 -2.5 5.0 15.0 4357341407.3758
60.0 0.0 5.0 15.0 706388540.7557
60.0 2.5 5.0 15.0 9003694463.0792
60.0 5.0 5.0 15.0 208454998.4683
60.0 -5.0 -10.0 16.25 2284.0872
60.0 -2.5 -10.0 16.25 415149.0179
60.0 0.0 -10.0 16.25 31317779.169099998
60.0 2.5 -10.0 16.25 826640.5978
60.0 5.0 -10.0 16.25 4130932.1842
60.0 7.5 -10.0 16.25 274021125.4266
60.0 10.0 -10.0 16.25 33336.668
60.0 -5.0 -7.5 16.25 85622940.6732
60.0 -2.5 -7.5 16.25 222575548.9058
60.0 0.0 -7.5 16.25 10000000223.379702
60.0 2.5 -7.5 16.25 9999999956.746302
60.0 5.0 -7.5 16.25 1330732657.84
60.0 7.5 -7.5 16.25 9999999964.6942
60.0 10.0 -7.5 16.25 767073814.7056
60.0 -5.0 -5.0 16.25 904251.8331
60.0 -2.5 -5.0 16.25 8845208383.6872
60.0 0.0 -5.0 16.25 194648926.6674
60.0 2.5 -5.0 16.25 71104629.0436
60.0 5.0 -5.0 16.25 8556623408.766
60.0 7.5 -5.0 16.25 796037766.7651
60.0 10.0 -5.0 16.25 9999999912.2859
60.0 -5.0 -2.5 16.25 2494969491.264
60.0 -2.5 -2.5 16.25 10000000109.136301
60.0 0.0 -2.5 16.25 2858557314.9576
60.0 2.5 -2.5 16.25 10000000041.015001
60.0 5.0 -2.5 16.25 9999999702.8791
60.0 7.5 -2.5 16.25 10000000039.5804
60.0 10.0 -2.5 16.25 1212626003.5689
60.0 -5.0 0.0 16.25 10000000052.1566
60.0 -2.5 0.0 16.25 9999999910.3971
60.0 0.0 0.0 16.25 9999999978.5265
60.0 2.5 0.0 16.25 9999999899.9962
60.0 5.0 0.0 16.25 9999999884.8843
60.0 7.5 0.0 16.25 6090672.3644
60.0 10.0 0.0 16.25 10000000003.0991
60.0 -5.0 2.5 16.25 10000000004.313501
60.0 -2.5 2.5 16.25 10000000301.484001
60.0 0.0 2.5 16.25 10000000034.085201
60.0 2.5 2.5 16.25 1561040352.7587001
60.0 5.0 2.5 16.25 157709698.007
60.0 7.5 2.5 16.25 4496.6366
60.0 10.0 2.5 16.25 10.468600000000002
60.0 -5.0 5.0 16.25 5127010.2870000005
60.0 -2.5 5.0 16.25 10000000132.6861
60.0 0.0 5.0 16.25 400868.9898
60.0 2.5 5.0 16.25 299037941.8377
60.0 5.0 5.0 16.25 285120007.8282
60.0 7.5 5.0 16.25 246334.9488
60.0 10.0 5.0 16.25 -28.1458
120.0 -5.0 -10.0 3.75 10000000006.924301
120.0 -2.5 -10.0 3.75 9999999784.698
120.0 0.0 -10.0 3.75 9999999780.7618
120.0 2.5 -10.0 3.75 10000000099.1907
120.0 5.0 -10.0 3.75 10000000109.9185
120.0 7.5 -10.0 3.75 3957755839.4486
120.0 10.0 -10.0 3.75 910498496.722
120.0 -5.0 -7.5 3.75 9999999993.1737
120.0 -2.5 -7.5 3.75 10000000050.860401
120.0 0.0 -7.5 3.75 10000000212.9284
120.0 2.5 -7.5 3.75 10000000242.245602
120.0 5.0 -7.5 3.75 10000000027.014801
120.0 7.5 -7.5 3.75 2977634665.8598
120.0 10.0 -7.5 3.75 9999999361.007301
120.0 -5.0 -5.0 3.75 9780356960.4639
120.0 -2.5 -5.0 3.75 10000000385.099201
120.0 0.0 -5.0 3.75 10000000104.1056
120.0 2.5 -5.0 3.75 10000000049.992802
120.0 5.0 -5.0 3.75 9999999941.5461
120.0 7.5 -5.0 3.75 9999999853.076601
120.0 10.0 -5.0 3.75 298752818.55840003
120.0 -5.0 -2.5 3.75 9087872335.4946
120.0 -2.5 -2.5 3.75 10000000192.5331
120.0 0.0 -2.5 3.75 10000000342.797401
120.0 2.5 -2.5 3.75 10000000185.869701
120.0 5.0 -2.5 3.75 9999999829.5459
120.0 7.5 -2.5 3.75 9999999472.5939
120.0 10.0 -2.5 3.75 10000000070.9053
120.0 -5.0 0.0 3.75 10000000022.755201
120.0 -2.5 0.0 3.75 9999999805.027102
120.0 0.0 0.0 3.75 10000000198.257502
120.0 2.5 0.0 3.75 10000000188.035002
120.0 5.0 0.0 3.75 10000000473.524
120.0 7.5 0.0 3.75 9999999908.2296
120.0 10.0 0.0 3.75 9999999828.818201
120.0 -5.0 2.5 3.75 9999999993.5345
120.0 -2.5 2.5 3.75 10000000061.6208
120.0 0.0 2.5 3.75 10000000170.612501
120.0 2.5 2.5 3.75 10000000058.3946
120.0 5.0 2.5 3.75 9999999933.222502
120.0 7.5 2.5 3.75 574681582.9523001
120.0 10.0 2.5 3.75 9999999941.5102
120.0 -5.0 5.0 3.75 10000000030.060001
120.0 -2.5 5.0 3.75 1437440868.1796
120.0 0.0 5.0 3.75 8236672500.3051
120.0 2.5 5.0 3.75 9999999895.5489
120.0 5.0 5.0 3.75 9999999896.1443
120.0 7.5 5.0 3.75 312085.36
120.0 10.0 5.0 3.75 140014.2546
120.0 -2.5 0.0 5.0 9999999691.0366
120.0 -2.5 2.5 5.0 10000000071.712502
120.0 0.0 -2.5 6.25 10000000216.9992
120.0 -2.5 0.0 6.25 497941255.4805
120.0 -2.5 2.5 6.25 9999999945.5599
120.0 -2.5 5.0 6.25 10000000221.8915
120.0 0.0 -7.5 7.5 9999999999.9109
120.0 -2.5 -5.0 7.5 10000000607.2346
120.0 0.0 -5.0 7.5 10000000218.021801
120.0 -2.5 -2.5 7.5 9999999762.9265
120.0 0.0 -2.5 7.5 10000000050.7625
120.0 -2.5 0.0 7.5 10000000237.928501
120.0 -2.5 2.5 7.5 4717525552.8624
120.0 0.0 2.5 7.5 10000000088.9528
120.0 -2.5 5.0 7.5 2956678008.59
120.0 0.0 -7.5 8.75 2615929162.5114
120.0 -2.5 -5.0 8.75 9999999767.0615
120.0 0.0 -5.0 8.75 9999999885.951
120.0 2.5 -5.0 8.75 9999999534.502201
120.0 -2.5 -2.5 8.75 9999999948.481401
120.0 0.0 -2.5 8.75 9999999784.399
120.0 -2.5 0.0 8.75 10000000190.765501
120.0 0.0 0.0 8.75 9999999991.6492
120.0 -2.5 2.5 8.75 466676525.87310004
120.0 0.0 2.5 8.75 9999999971.970901
120.0 -5.0 5.0 8.75 9999999824.5834
120.0 -2.5 5.0 8.75 10000000017.5958
120.0 0.0 -7.5 10.0 10000000038.613
120.0 2.5 -7.5 10.0 10000000051.8472
120.0 -2.5 -5.0 10.0 2625287423.448
120.0 0.0 -5.0 10.0 10000000072.5622
120.0 2.5 -5.0 10.0 10000000095.6623
120.0 -2.5 -2.5 10.0 10000000095.5233
120.0 0.0 -2.5 10.0 9999999881.492102
120.0 -2.5 0.0 10.0 10000000132.323
120.0 0.0 0.0 10.0 10000000189.926601
120.0 -2.5 2.5 10.0 9999999865.118301
120.0 0.0 2.5 10.0 9999999917.5587
120.0 2.5 2.5 10.0 9999999988.187
120.0 -5.0 5.0 10.0 9999999989.416801
120.0 -2.5 5.0 10.0 657614029.0616001
120.0 0.0 5.0 10.0 10000000033.0286
120.0 0.0 -10.0 11.25 667123760.0894
120.0 2.5 -10.0 11.25 10000000343.282202
120.0 5.0 -10.0 11.25 10000000014.774302
120.0 7.5 -10.0 11.25 9999999995.061401
120.0 0.0 -7.5 11.25 9999999966.3654
120.0 2.5 -7.5 11.25 10000000032.7929
120.0 5.0 -7.5 11.25 9999999975.9678
120.0 -2.5 -5.0 11.25 10000000029.160301
120.0 0.0 -5.0 11.25 10000000026.220701
120.0 2.5 -5.0 11.25 9999999669.405602
120.0 -5.0 -2.5 11.25 31009227.7674
120.0 -2.5 -2.5 11.25 10000000087.4312
120.0 0.0 -2.5 11.25 9999999993.441301
120.0 -5.0 0.0 11.25 3053518472.6643
120.0 -2.5 0.0 11.25 10000000223.822
120.0 0.0 0.0 11.25 2526225997.8013
120.0 2.5 0.0 11.25 9999999839.7275
120.0 5.0 0.0 11.25 9999999959.500301
120.0 -5.0 2.5 11.25 462500635.9659
120.0 -2.5 2.5 11.25 1425114827.5525
120.0 0.0 2.5 11.25 10000000128.8992
120.0 2.5 2.5 11.25 10000000049.2422
120.0 -5.0 5.0 11.25 39223665.8361
120.0 -2.5 5.0 11.25 9999999905.4871
120.0 0.0 5.0 11.25 10000000696.7143
120.0 2.5 5.0 11.25 9999999964.4319
120.0 -5.0 -10.0 12.5 641.4834999999999
120.0 0.0 -10.0 12.5 10000000045.052
120.0 2.5 -10.0 12.5 1058518930.6021999
120.0 5.0 -10.0 12.5 9999999987.448801
120.0 7.5 -10.0 12.5 9999999947.968801
120.0 10.0 -10.0 12.5 10000000177.6105
120.0 -2.5 -7.5 12.5 19836817.3218
120.0 0.0 -7.5 12.5 9999999890.1245
120.0 2.5 -7.5 12.5 1281076852.2959
120.0 5.0 -7.5 12.5 10000000004.124802
120.0 -2.5 -5.0 12.5 9999999975.3176
120.0 0.0 -5.0 12.5 9491392953.2464
120.0 2.5 -5.0 12.5 9999999903.577002
120.0 -5.0 -2.5 12.5 8449117.612499999
120.0 -2.5 -2.5 12.5 10000000090.1443
120.0 0.0 -2.5 12.5 9999999905.565401
120.0 -5.0 0.0 12.5 4047828.5698
120.0 -2.5 0.0 12.5 5722628335.3852
120.0 0.0 0.0 12.5 9999999950.5153
120.0 2.5 0.0 12.5 617170122.5362
120.0 5.0 0.0 12.5 9999999745.322802
120.0 -5.0 2.5 12.5 9999999973.149601
120.0 -2.5 2.5 12.5 9999999816.0884
120.0 0.0 2.5 12.5 10000000049.595402
120.0 2.5 2.5 12.5 448817365.5395
120.0 5.0 2.5 12.5 1287408849.001
120.0 -5.0 5.0 12.5 42850814.4585
120.0 -2.5 5.0 12.5 2098748697.5201
120.0 0.0 5.0 12.5 9999999888.8188
120.0 2.5 5.0 12.5 9999999717.3729
120.0 5.0 5.0 12.5 59869564.155
120.0 7.5 5.0 12.5 -87.1018
120.0 -5.0 -10.0 13.75 7021745.9791
120.0 -2.5 -10.0 13.75 10000000077.158401
120.0 0.0 -10.0 13.75 10000000068.064001
120.0 2.5 -10.0 13.75 2815932694.0014
120.0 5.0 -10.0 13.75 331032496.3214
120.0 7.5 -10.0 13.75 927878615.1018001
120.0 10.0 -10.0 13.75 546677594.5523
120.0 -2.5 -7.5 13.75 10000000020.287802
120.0 0.0 -7.5 13.75 9999999933.875502
120.0 2.5 -7.5 13.75 9999999790.7131
120.0 5.0 -7.5 13.75 235432740.5176
120.0 7.5 -7.5 13.75 10000000001.4424
120.0 10.0 -7.5 13.75 10000000001.8405
120.0 -5.0 -5.0 13.75 224413.09
120.0 -2.5 -5.0 13.75 2152245.8929
120.0 0.0 -5.0 13.75 9999999689.8638
120.0 2.5 -5.0 13.75 9999999892.5793
120.0 -5.0 -2.5 13.75 349755894.4909
120.0 -2.5 -2.5 13.75 9999999947.7775
120.0 0.0 -2.5 13.75 10000000248.3829
120.0 2.5 -2.5 13.75 3938035420.6896996
120.0 -5.0 0.0 13.75 247619923.1737
120.0 -2.5 0.0 13.75 9999999828.9862
120.0 0.0 0.0 13.75 9618961740.9501
120.0 2.5 0.0 13.75 9999999887.559
120.0 -5.0 2.5 13.75 887794582.6812
120.0 -2.5 2.5 13.75 5696514623.815701
120.0 0.0 2.5 13.75 10000000035.1389
120.0 2.5 2.5 13.75 9999999925.9395
120.0 5.0 2.5 13.75 9999999860.351301
120.0 7.5 2.5 13.75 5663.1592
120.0 -5.0 5.0 13.75 8199835.7379
120.0 -2.5 5.0 13.75 3104560077.5917
120.0 0.0 5.0 13.75 9999999956.7949
120.0 2.5 5.0 13.75 9999999990.437601
120.0 5.0 5.0 13.75 177961.3921
120.0 7.5 5.0 13.75 -99.76910000000001
120.0 -5.0 -10.0 15.0 6914830.571400001
120.0 -2.5 -10.0 15.0 495551703.5012
120.0 0.0 -10.0 15.0 10000000015.757101
120.0 2.5 -10.0 15.0 10000000012.526201
120.0 5.0 -10.0 15.0 9999999969.4004
120.0 7.5 -10.0 15.0 6870959.1471
120.0 10.0 -10.0 15.0 10000000102.3293
120.0 -5.0 -7.5 15.0 9999999965.8209
120.0 -2.5 -7.5 15.0 1163879143.5635
120.0 0.0 -7.5 15.0 9999999905.0722
120.0 2.5 -7.5 15.0 5077214842.7035
120.0 5.0 -7.5 15.0 10000000240.8484
120.0 7.5 -7.5 15.0 177385177.15
120.0 10.0 -7.5 15.0 5512714787.8551
120.0 -5.0 -5.0 15.0 15215.285
120.0 -2.5 -5.0 15.0 464569383.1975
120.0 0.0 -5.0 15.0 10000000130.000801
120.0 2.5 -5.0 15.0 9999999982.091501
120.0 5.0 -5.0 15.0 9999999962.5813
120.0 7.5 -5.0 15.0 512933603.515
120.0 10.0 -5.0 15.0 1500126971.419
120.0 -5.0 -2.5 15.0 1879449140.2528
120.0 -2.5 -2.5 15.0 8878439046.6145
120.0 0.0 -2.5 15.0 9999999984.8178
120.0 2.5 -2.5 15.0 10000000293.3136
120.0 5.0 -2.5 15.0 124922063.0293
120.0 7.5 -2.5 15.0 9999999995.7816
120.0 10.0 -2.5 15.0 5698805873.8967
120.0 -5.0 0.0 15.0 14052563.3163
120.0 -2.5 0.0 15.0 10000000122.888102
120.0 0.0 0.0 15.0 10000000576.596601
120.0 2.5 0.0 15.0 9999999899.0701
120.0 5.0 0.0 15.0 3543267.4458000003
120.0 10.0 0.0 15.0 9999999856.0473
120.0 -5.0 2.5 15.0 16173997.214
120.0 -2.5 2.5 15.0 7599493.377300001
120.0 0.0 2.5 15.0 9999999764.992802
120.0 2.5 2.5 15.0 9999999969.857302
120.0 5.0 2.5 15.0 9999999980.833801
120.0 7.5 2.5 15.0 3340087.1309
120.0 10.0 2.5 15.0 190.0007
120.0 -5.0 5.0 15.0 157347379.9759
120.0 -2.5 5.0 15.0 2465660601.9955
120.0 0.0 5.0 15.0 9999999939.720001
120.0 2.5 5.0 15.0 2145038984.889
120.0 5.0 5.0 15.0 2570.0039
120.0 7.5 5.0 15.0 -72.7851
120.0 10.0 5.0 15.0 -30.3051
120.0 -5.0 -10.0 16.25 21996335.194700003
120.0 -2.5 -10.0 16.25 12561879.9888
120.0 0.0 -10.0 16.25 5665731211.3999
120.0 2.5 -10.0 16.25 62962583.4679
120.0 5.0 -10.0 16.25 742377071.5874
120.0 7.5 -10.0 16.25 2262553286.8038
120.0 10.0 -10.0 16.25 9999999876.4323
120.0 -5.0 -7.5 16.25 275067.655
120.0 -2.5 -7.5 16.25 950849.7721000001
120.0 0.0 -7.5 16.25 9999999971.7497
120.0 2.5 -7.5 16.25 930256926.8378999
120.0 5.0 -7.5 16.25 2978150666.1777
120.0 7.5 -7.5 16.25 9999999959.6383
120.0 10.0 -7.5 16.25 1244023468.7023
120.0 -5.0 -5.0 16.25 4948.949500000001
120.0 -2.5 -5.0 16.25 10000000174.174002
120.0 0.0 -5.0 16.25 10000000106.989101
120.0 2.5 -5.0 16.25 1824112945.7074
120.0 5.0 -5.0 16.25 10000000054.5667
120.0 7.5 -5.0 16.25 6594363639.783199
120.0 10.0 -5.0 16.25 687511797.8141999
120.0 -5.0 -2.5 16.25 471506202.9553
120.0 -2.5 -2.5 16.25 9999999939.9248
120.0 0.0 -2.5 16.25 10000000059.2017
120.0 2.5 -2.5 16.25 964675934.5583
120.0 5.0 -2.5 16.25 6866356646.5060005
120.0 7.5 -2.5 16.25 202198256.4951
120.0 10.0 -2.5 16.25 9999999700.963202
120.0 -5.0 0.0 16.25 9999999961.5328
120.0 -2.5 0.0 16.25 10000000084.5403
120.0 0.0 0.0 16.25 10000000006.781101
120.0 2.5 0.0 16.25 6118359662.3579
120.0 5.0 0.0 16.25 88110646.2403
120.0 7.5 0.0 16.25 174769914.2245
120.0 10.0 0.0 16.25 46850.8456
120.0 -5.0 2.5 16.25 50917454.430599995
120.0 -2.5 2.5 16.25 9999999740.282501
120.0 0.0 2.5 16.25 1144578360.7085001
120.0 2.5 2.5 16.25 1968941840.6656
120.0 5.0 2.5 16.25 11740133.7578
120.0 7.5 2.5 16.25 3839.3905
120.0 10.0 2.5 16.25 -8.3398
120.0 -5.0 5.0 16.25 220424.0555
120.0 -2.5 5.0 16.25 2495558676.6208
120.0 0.0 5.0 16.25 9999999988.1044
120.0 2.5 5.0 16.25 613069.0553
120.0 5.0 5.0 16.25 20.680499999999995
120.0 7.5 5.0 16.25 -45.76349999999999
120.0 10.0 5.0 16.25 -20.035800000000002
180.0 -5.0 -10.0 3.75 6502370622.6729
180.0 -2.5 -10.0 3.75 10000000217.557901
180.0 0.0 -10.0 3.75 9999999986.013102
180.0 2.5 -10.0 3.75 10000000109.649101
180.0 5.0 -10.0 3.75 10000000127.9789
180.0 7.5 -10.0 3.75 9999999979.7404
180.0 10.0 -10.0 3.75 9999999979.650702
180.0 -5.0 -7.5 3.75 10000000073.4645
180.0 -2.5 -7.5 3.75 10000000397.6669
180.0 0.0 -7.5 3.75 10000000336.9386
180.0 2.5 -7.5 3.75 10000000017.8199
180.0 5.0 -7.5 3.75 10000000077.038801
180.0 7.5 -7.5 3.75 10000000845.120401
180.0 10.0 -7.5 3.75 9999999976.6179
180.0 -5.0 -5.0 3.75 10000000319.8955
180.0 -2.5 -5.0 3.75 10000000225.708801
180.0 0.0 -5.0 3.75 10000000371.589602
180.0 2.5 -5.0 3.75 10000000054.347
180.0 5.0 -5.0 3.75 9999999931.546001
180.0 7.5 -5.0 3.75 10000000017.354301
180.0 10.0 -5.0 3.75 10000000219.141
180.0 -5.0 -2.5 3.75 10000000227.924002
180.0 -2.5 -2.5 3.75 9999999909.823
180.0 0.0 -2.5 3.75 10000000320.836102
180.0 2.5 -2.5 3.75 10000000338.059101
180.0 5.0 -2.5 3.75 9999999915.7674
180.0 7.5 -2.5 3.75 9999999898.2446
180.0 10.0 -2.5 3.75 157934440.7097
180.0 -5.0 0.0 3.75 8475109343.9927
180.0 -2.5 0.0 3.75 10000000033.0489
180.0 0.0 0.0 3.75 9999999667.006102
180.0 2.5 0.0 3.75 10000000131.109402
180.0 5.0 0.0 3.75 9999999899.836
180.0 7.5 0.0 3.75 10000000007.442501
180.0 10.0 0.0 3.75 125360272.0168
180.0 -5.0 2.5 3.75 3908552508.6513
180.0 -2.5 2.5 3.75 9999999933.4549
180.0 0.0 2.5 3.75 9999999997.353601
180.0 2.5 2.5 3.75 1025984221.6893
180.0 5.0 2.5 3.75 9999999921.0632
180.0 7.5 2.5 3.75 604218359.1999999
180.0 10.0 2.5 3.75 2620978895.0732
180.0 -5.0 5.0 3.75 346940204.6207
180.0 -2.5 5.0 3.75 10000000049.2124
180.0 0.0 5.0 3.75 10000000017.0652
180.0 2.5 5.0 3.75 10000000083.955502
180.0 5.0 5.0 3.75 9999999959.9771
180.0 7.5 5.0 3.75 1559140994.6656
180.0 10.0 5.0 3.75 178963.3782
180.0 -2.5 2.5 5.0 1769819249.6673002
180.0 -2.5 -2.5 6.25 9999999852.201302
180.0 -2.5 0.0 6.25 10000000149.0119
180.0 -2.5 -2.5 7.5 10000000318.857101
180.0 -2.5 0.0 7.5 9999999848.897001
180.0 -2.5 2.5 7.5 9999999998.0293
180.0 0.0 2.5 7.5 9105486987.9113
180.0 2.5 2.5 7.5 9999999968.368801
180.0 2.5 -10.0 8.75 10000000043.3941
180.0 -2.5 -7.5 8.75 6758132308.8661995
180.0 2.5 -7.5 8.75 9999999975.0435
180.0 5.0 -7.5 8.75 9999999817.3293
180.0 -5.0 -5.0 8.75 3369573924.4225
180.0 -2.5 -5.0 8.75 10000000024.627401
180.0 -5.0 -2.5 8.75 4182407589.3906
180.0 -2.5 -2.5 8.75 10000000101.472301
180.0 0.0 -2.5 8.75 10000000213.278101
180.0 -5.0 0.0 8.75 6280322594.6105
180.0 -2.5 0.0 8.75 9999999973.644201
180.0 0.0 0.0 8.75 9999999703.484701
180.0 -5.0 2.5 8.75 10000000060.554201
180.0 -2.5 2.5 8.75 9999999771.2828
180.0 0.0 2.5 8.75 9999999915.8885
180.0 2.5 2.5 8.75 9999999843.7649
180.0 0.0 5.0 8.75 9439118300.5957
180.0 2.5 5.0 8.75 9999999934.026901
180.0 2.5 -10.0 10.0 9999999954.0098
180.0 -2.5 -7.5 10.0 8266655630.991
180.0 0.0 -7.5 10.0 9999999941.4113
180.0 2.5 -7.5 10.0 3265171833.2854
180.0 5.0 -7.5 10.0 9999999948.7464
180.0 -5.0 -5.0 10.0 9999999848.989601
180.0 -2.5 -5.0 10.0 3191345596.2718997
180.0 0.0 -5.0 10.0 10000000407.005001
180.0 -5.0 -2.5 10.0 10000000246.6207
180.0 -2.5 -2.5 10.0 10000000291.681702
180.0 0.0 -2.5 10.0 10000000204.2134
180.0 -5.0 0.0 10.0 10000000151.6616
180.0 -2.5 0.0 10.0 10000000372.3647
180.0 0.0 0.0 10.0 9999999841.071701
180.0 -5.0 2.5 10.0 10000000288.428501
180.0 -2.5 2.5 10.0 5309650640.458799
180.0 0.0 2.5 10.0 10000000147.2031
180.0 2.5 2.5 10.0 10000000287.7474
180.0 -2.5 5.0 10.0 9999999395.492102
180.0 0.0 5.0 10.0 696826881.2717
180.0 2.5 5.0 10.0 9999999896.6786
180.0 5.0 5.0 10.0 4847206543.273299
180.0 -2.5 -10.0 11.25 10000000084.6177
180.0 2.5 -10.0 11.25 9999999922.4988
180.0 5.0 -10.0 11.25 9999999982.7758
180.0 -2.5 -7.5 11.25 10000000337.799702
180.0 0.0 -7.5 11.25 10000000213.3395
180.0 2.5 -7.5 11.25 10000000270.9241
180.0 5.0 -7.5 11.25 9999999970.9461
180.0 -5.0 -5.0 11.25 9999999940.4382
180.0 -2.5 -5.0 11.25 10000000145.763
180.0 0.0 -5.0 11.25 9999999964.867601
180.0 -5.0 -2.5 11.25 9999999864.026001
180.0 -2.5 -2.5 11.25 9999999887.6243
180.0 0.0 -2.5 11.25 9999999884.0259
180.0 -5.0 0.0 11.25 1922817823.6697001
180.0 -2.5 0.0 11.25 9999999910.681501
180.0 0.0 0.0 11.25 9999999980.027401
180.0 -5.0 2.5 11.25 169621910.0301
180.0 -2.5 2.5 11.25 10000000040.2108
180.0 0.0 2.5 11.25 9999999977.3623
180.0 2.5 2.5 11.25 10000000018.9848
180.0 -5.0 5.0 11.25 9999999971.077501
180.0 -2.5 5.0 11.25 10000000326.5713
180.0 0.0 5.0 11.25 2456018514.8885
180.0 2.5 5.0 11.25 9999999938.5858
180.0 5.0 5.0 11.25 9999999764.3365
180.0 7.5 5.0 11.25 12079997.6445
180.0 -2.5 -10.0 12.5 278548.1037
180.0 0.0 -10.0 12.5 572175.2931
180.0 2.5 -10.0 12.5 7896547325.9658
180.0 5.0 -10.0 12.5 9999999762.638802
180.0 7.5 -10.0 12.5 9999999835.0911
180.0 -2.5 -7.5 12.5 1111029684.2723
180.0 0.0 -7.5 12.5 9999999958.806702
180.0 2.5 -7.5 12.5 9999999866.642302
180.0 5.0 -7.5 12.5 10000000097.792301
180.0 -5.0 -5.0 12.5 6697729651.1536
180.0 -2.5 -5.0 12.5 10000000043.7758
180.0 0.0 -5.0 12.5 9999999968.2008
180.0 2.5 -5.0 12.5 500001048.6724
180.0 5.0 -5.0 12.5 9999999703.2131
180.0 -5.0 -2.5 12.5 10000000183.720901
180.0 -2.5 -2.5 12.5 9999999887.171001
180.0 0.0 -2.5 12.5 10000000011.915201
180.0 2.5 -2.5 12.5 430064484.2815
180.0 5.0 -2.5 12.5 9999999980.8216
180.0 -5.0 0.0 12.5 9999999810.051802
180.0 -2.5 0.0 12.5 9999999978.3644
180.0 0.0 0.0 12.5 9999999699.264502
180.0 2.5 0.0 12.5 9999999459.4698
180.0 -5.0 2.5 12.5 387314987.74230003
180.0 -2.5 2.5 12.5 10000000039.4542
180.0 0.0 2.5 12.5 9999999961.900301
180.0 2.5 2.5 12.5 9999999934.048
180.0 5.0 2.5 12.5 43595785.992199995
180.0 -5.0 5.0 12.5 279424860.17620003
180.0 -2.5 5.0 12.5 17755093.8365
180.0 0.0 5.0 12.5 5874010577.0962
180.0 2.5 5.0 12.5 11575227.1956
180.0 5.0 5.0 12.5 9999999947.9025
180.0 7.5 5.0 12.5 48221.7402
180.0 10.0 5.0 12.5 334.0878
180.0 -5.0 -10.0 13.75 22655.382700000002
180.0 -2.5 -10.0 13.75 856512.6177
180.0 0.0 -10.0 13.75 46955271.9268
180.0 2.5 -10.0 13.75 9999999920.7168
180.0 5.0 -10.0 13.75 9999999983.600302
180.0 7.5 -10.0 13.75 10000000064.499401
180.0 -5.0 -7.5 13.75 10000000067.1576
180.0 -2.5 -7.5 13.75 125311820.5288
180.0 0.0 -7.5 13.75 10000000168.7117
180.0 2.5 -7.5 13.75 225879798.1385
180.0 5.0 -7.5 13.75 9999999668.991201
180.0 10.0 -7.5 13.75 10000000095.1895
180.0 -5.0 -5.0 13.75 380101601.9256
180.0 -2.5 -5.0 13.75 309822663.3514
180.0 0.0 -5.0 13.75 9999999867.1921
180.0 2.5 -5.0 13.75 9999999926.7872
180.0 5.0 -5.0 13.75 9999999716.685902
180.0 -5.0 -2.5 13.75 40478505.5152
180.0 -2.5 -2.5 13.75 318188387.6052
180.0 0.0 -2.5 13.75 1671288495.786
180.0 2.5 -2.5 13.75 9999999657.359701
180.0 5.0 -2.5 13.75 9999999774.8269
180.0 -5.0 0.0 13.75 4016687938.4824
180.0 -2.5 0.0 13.75 9999999588.764801
180.0 0.0 0.0 13.75 10000000053.585901
180.0 2.5 0.0 13.75 9999999813.3173
180.0 5.0 0.0 13.75 106672761.01169999
180.0 7.5 0.0 13.75 895917.6063999999
180.0 -5.0 2.5 13.75 9999999723.228
180.0 -2.5 2.5 13.75 10000000114.545101
180.0 0.0 2.5 13.75 10000000073.855902
180.0 2.5 2.5 13.75 9999999876.3218
180.0 5.0 2.5 13.75 1177722031.8172
180.0 7.5 2.5 13.75 21168501.2821
180.0 10.0 2.5 13.75 10000000070.126202
180.0 -5.0 5.0 13.75 17672.6509
180.0 -2.5 5.0 13.75 2176317391.0446
180.0 0.0 5.0 13.75 478631044.9746
180.0 2.5 5.0 13.75 363224.73
180.0 5.0 5.0 13.75 5142952.0398
180.0 7.5 5.0 13.75 51058866.9448
180.0 -5.0 -10.0 15.0 18557.3227
180.0 -2.5 -10.0 15.0 5000673.762499999
180.0 0.0 -10.0 15.0 8789706.3034
180.0 2.5 -10.0 15.0 9999999913.145401
180.0 5.0 -10.0 15.0 688690334.3031
180.0 7.5 -10.0 15.0 184873948.2732
180.0 10.0 -10.0 15.0 10000000052.794802
180.0 -5.0 -7.5 15.0 950609518.011
180.0 -2.5 -7.5 15.0 18712804.8079
180.0 0.0 -7.5 15.0 10000000021.8125
180.0 2.5 -7.5 15.0 9999999895.0723
180.0 5.0 -7.5 15.0 10000000071.5615
180.0 7.5 -7.5 15.0 9999999945.0102
180.0 10.0 -7.5 15.0 4788913490.0479
180.0 -5.0 -5.0 15.0 330409191.0927
180.0 -2.5 -5.0 15.0 9999999915.7681
180.0 0.0 -5.0 15.0 10000000255.2453
180.0 2.5 -5.0 15.0 747623747.1983
180.0 5.0 -5.0 15.0 9999999839.7205
180.0 7.5 -5.0 15.0 53868318.827999994
180.0 -5.0 -2.5 15.0 4558112118.1349
180.0 -2.5 -2.5 15.0 1024422538.9578
180.0 0.0 -2.5 15.0 10000000048.407202
180.0 2.5 -2.5 15.0 3587118863.0256
180.0 5.0 -2.5 15.0 869267645.5179999
180.0 7.5 -2.5 15.0 395732601.00049996
180.0 -5.0 0.0 15.0 112202346.4068
180.0 -2.5 0.0 15.0 9999999894.563301
180.0 0.0 0.0 15.0 4114088405.0169
180.0 2.5 0.0 15.0 785880590.2077
180.0 5.0 0.0 15.0 8949.6471
180.0 7.5 0.0 15.0 22046.4343
180.0 -5.0 2.5 15.0 9999999962.5245
180.0 -2.5 2.5 15.0 9999999914.4055
180.0 0.0 2.5 15.0 9999999919.2516
180.0 2.5 2.5 15.0 801799878.3574
180.0 5.0 2.5 15.0 3398758.1025
180.0 7.5 2.5 15.0 3061.7463
180.0 10.0 2.5 15.0 3966.1803999999997
180.0 -5.0 5.0 15.0 496766.5805
180.0 -2.5 5.0 15.0 77266253.2478
180.0 0.0 5.0 15.0 5607647.286400001
180.0 2.5 5.0 15.0 526542.4694000001
180.0 5.0 5.0 15.0 233264178.52719998
180.0 7.5 5.0 15.0 254717.2241
180.0 10.0 5.0 15.0 32.458800000000004
180.0 -5.0 -10.0 16.25 182.7149
180.0 -2.5 -10.0 16.25 8990.2424
180.0 0.0 -10.0 16.25 73458693.477
180.0 2.5 -10.0 16.25 798161360.2223
180.0 5.0 -10.0 16.25 10000000033.6044
180.0 7.5 -10.0 16.25 9999999993.2733
180.0 10.0 -10.0 16.25 6851994779.567201
180.0 -5.0 -7.5 16.25 427926.9746
180.0 -2.5 -7.5 16.25 689535.8354
180.0 0.0 -7.5 16.25 9999999897.3906
180.0 2.5 -7.5 16.25 6810681586.7201
180.0 5.0 -7.5 16.25 10000000026.0876
180.0 7.5 -7.5 16.25 9999999778.991701
180.0 10.0 -7.5 16.25 10000000021.494501
180.0 -5.0 -5.0 16.25 10079020.460600002
180.0 -2.5 -5.0 16.25 9999999941.394402
180.0 0.0 -5.0 16.25 7909860722.3935
180.0 2.5 -5.0 16.25 4768782732.125501
180.0 5.0 -5.0 16.25 9999999969.625801
180.0 7.5 -5.0 16.25 9383967216.634998
180.0 10.0 -5.0 16.25 9999999787.5268
180.0 -5.0 -2.5 16.25 870260.8144
180.0 -2.5 -2.5 16.25 9999999822.2138
180.0 0.0 -2.5 16.25 9999999840.943
180.0 2.5 -2.5 16.25 9999999904.637701
180.0 5.0 -2.5 16.25 10000000151.9048
180.0 7.5 -2.5 16.25 10000000099.0641
180.0 10.0 -2.5 16.25 59910776.411
180.0 -5.0 0.0 16.25 777277440.0501
180.0 -2.5 0.0 16.25 10000000246.744202
180.0 0.0 0.0 16.25 10000000160.3792
180.0 2.5 0.0 16.25 10000000043.049501
180.0 5.0 0.0 16.25 2281738.7356
180.0 7.5 0.0 16.25 77.1157
180.0 10.0 0.0 16.25 835546.5471
180.0 -5.0 2.5 16.25 10000000165.6877
180.0 -2.5 2.5 16.25 57321279.4167
180.0 0.0 2.5 16.25 10000000055.404501
180.0 2.5 2.5 16.25 1414694922.8532
180.0 5.0 2.5 16.25 1260526.5406999998
180.0 7.5 2.5 16.25 203.2726
180.0 10.0 2.5 16.25 40.989000000000004
180.0 -5.0 5.0 16.25 1226538.767
180.0 -2.5 5.0 16.25 291882985.0911
180.0 0.0 5.0 16.25 548188.1757
180.0 2.5 5.0 16.25 508.5743
180.0 5.0 5.0 16.25 6299971.8607
180.0 7.5 5.0 16.25 69804.83630000001
180.0 10.0 5.0 16.25 38.129
240.0 -5.0 -10.0 3.75 1107204924.0442002
240.0 -2.5 -10.0 3.75 10000000115.1348
240.0 0.0 -10.0 3.75 9999999841.597101
240.0 2.5 -10.0 3.75 9999999892.6853
240.0 5.0 -10.0 3.75 10000000125.303001
240.0 7.5 -10.0 3.75 10000000038.5825
240.0 10.0 -10.0 3.75 10000000162.7886
240.0 -5.0 -7.5 3.75 9999999766.608301
240.0 -2.5 -7.5 3.75 10000000196.7632
240.0 0.0 -7.5 3.75 9999999898.115702
240.0 2.5 -7.5 3.75 9999999749.598001
240.0 5.0 -7.5 3.75 10000000416.6651
240.0 7.5 -7.5 3.75 9999999973.5207
240.0 10.0 -7.5 3.75 10000000079.5993
240.0 -5.0 -5.0 3.75 9999999785.6046
240.0 -2.5 -5.0 3.75 9999999782.0928
240.0 0.0 -5.0 3.75 9999999791.8703
240.0 2.5 -5.0 3.75 9999999850.3318
240.0 5.0 -5.0 3.75 9999999826.1611
240.0 7.5 -5.0 3.75 9999999979.4125
240.0 10.0 -5.0 3.75 9999999994.7092
240.0 -5.0 -2.5 3.75 9999999857.0098
240.0 -2.5 -2.5 3.75 9999999921.964
240.0 0.0 -2.5 3.75 9999999595.3549
240.0 2.5 -2.5 3.75 9999999982.014101
240.0 5.0 -2.5 3.75 10000000095.1082
240.0 7.5 -2.5 3.75 9999999740.2826
240.0 10.0 -2.5 3.75 351979938.86539996
240.0 -5.0 0.0 3.75 10000000032.4221
240.0 -2.5 0.0 3.75 9999999794.726501
240.0 0.0 0.0 3.75 9999999987.213501
240.0 2.5 0.0 3.75 10000000044.6466
240.0 5.0 0.0 3.75 9999999929.0298
240.0 7.5 0.0 3.75 10000000007.832201
240.0 10.0 0.0 3.75 882328298.5102999
240.0 -5.0 2.5 3.75 2386550795.4241
240.0 -2.5 2.5 3.75 9999999948.6825
240.0 0.0 2.5 3.75 9999999997.7882
240.0 2.5 2.5 3.75 9999999986.3416
240.0 5.0 2.5 3.75 3445701444.0355
240.0 7.5 2.5 3.75 9999999850.5456
240.0 10.0 2.5 3.75 15220151.8355
240.0 -5.0 5.0 3.75 121540124.567
240.0 -2.5 5.0 3.75 10000000023.488401
240.0 0.0 5.0 3.75 10000000146.711802
240.0 2.5 5.0 3.75 10000000192.936901
240.0 5.0 5.0 3.75 10000000085.1986
240.0 7.5 5.0 3.75 26043342.4701
240.0 10.0 5.0 3.75 1521.3348999999998
240.0 0.0 5.0 5.0 3523165520.8143997
240.0 2.5 -7.5 6.25 9999999764.6264
240.0 0.0 -2.5 6.25 9999999930.502201
240.0 0.0 0.0 6.25 9999999732.9682
240.0 -2.5 2.5 6.25 384982988.11800003
240.0 0.0 2.5 6.25 855481256.1687
240.0 0.0 5.0 6.25 9999999994.1016
240.0 2.5 -7.5 7.5 9999999818.818901
240.0 0.0 -5.0 7.5 9999999902.343401
240.0 2.5 -5.0 7.5 5156241342.1196
240.0 0.0 -2.5 7.5 772719539.396
240.0 2.5 -2.5 7.5 10000000041.210701
240.0 0.0 0.0 7.5 9999999997.6865
240.0 2.5 0.0 7.5 9999999944.4265
240.0 0.0 2.5 7.5 10000000155.008902
240.0 -2.5 5.0 7.5 4011128502.9666
240.0 0.0 5.0 7.5 16573968.76
240.0 2.5 -10.0 8.75 10000000418.898401
240.0 2.5 -7.5 8.75 10000000128.7241
240.0 0.0 -5.0 8.75 10000000104.786201
240.0 2.5 -5.0 8.75 10000000375.9769
240.0 -2.5 -2.5 8.75 10000000193.1963
240.0 0.0 -2.5 8.75 9999999854.0592
240.0 2.5 -2.5 8.75 10000000145.345901
240.0 -5.0 0.0 8.75 9999999928.692202
240.0 -2.5 0.0 8.75 9999999776.539501
240.0 0.0 0.0 8.75 9999999933.9804
240.0 2.5 0.0 8.75 9999999951.0519
240.0 -2.5 2.5 8.75 9999999710.0865
240.0 0.0 2.5 8.75 9999999965.5603
240.0 2.5 2.5 8.75 246086556.0121
240.0 -2.5 5.0 8.75 432835694.8936
240.0 0.0 5.0 8.75 10000000035.166101
240.0 2.5 5.0 8.75 10000000117.024
240.0 2.5 -10.0 10.0 1091517096.3287
240.0 5.0 -10.0 10.0 5930245268.415299
240.0 2.5 -7.5 10.0 10000000046.057402
240.0 -5.0 -5.0 10.0 6021286105.4656
240.0 0.0 -5.0 10.0 10000000002.9578
240.0 2.5 -5.0 10.0 9999999901.3782
240.0 -5.0 -2.5 10.0 10000000122.1044
240.0 -2.5 -2.5 10.0 10000000228.573101
240.0 0.0 -2.5 10.0 9999999980.1872
240.0 2.5 -2.5 10.0 9999999872.9447
240.0 -5.0 0.0 10.0 1649297931.4379
240.0 -2.5 0.0 10.0 10000000049.152601
240.0 0.0 0.0 10.0 9999999963.0417
240.0 2.5 0.0 10.0 10000000060.7352
240.0 -2.5 2.5 10.0 10000000229.801401
240.0 0.0 2.5 10.0 10000000103.0667
240.0 2.5 2.5 10.0 1144930741.8332
240.0 5.0 2.5 10.0 463073014.3259
240.0 -2.5 5.0 10.0 5239384.4142
240.0 0.0 5.0 10.0 195460510.0989
240.0 2.5 5.0 10.0 10000000163.9797
240.0 5.0 5.0 10.0 10000000383.998901
240.0 -2.5 -10.0 11.25 9999999996.2766
240.0 2.5 -10.0 11.25 10000000101.335901
240.0 5.0 -10.0 11.25 10000000106.779001
240.0 10.0 -10.0 11.25 1845673434.9759
240.0 2.5 -7.5 11.25 10000000304.655201
240.0 -5.0 -5.0 11.25 7430536.5188
240.0 -2.5 -5.0 11.25 166596516.606
240.0 0.0 -5.0 11.25 9999999334.430801
240.0 2.5 -5.0 11.25 2685457311.2289
240.0 -5.0 -2.5 11.25 124434565.0071
240.0 -2.5 -2.5 11.25 10000000073.9228
240.0 0.0 -2.5 11.25 9999999976.640701
240.0 2.5 -2.5 11.25 10000000000.1481
240.0 -5.0 0.0 11.25 9999999806.034801
240.0 -2.5 0.0 11.25 9999999783.3306
240.0 0.0 0.0 11.25 10000000116.941502
240.0 2.5 0.0 11.25 5323361193.8938
240.0 -2.5 2.5 11.25 10000000058.8052
240.0 0.0 2.5 11.25 1052023059.8690001
240.0 2.5 2.5 11.25 10000000232.8451
240.0 5.0 2.5 11.25 10000000514.9465
240.0 -2.5 5.0 11.25 1446980781.0586002
240.0 0.0 5.0 11.25 132032024.0778
240.0 2.5 5.0 11.25 10000000115.7851
240.0 5.0 5.0 11.25 9999999959.029501
240.0 7.5 5.0 11.25 10000000053.198
240.0 -2.5 -10.0 12.5 80913713.421
240.0 0.0 -10.0 12.5 1331633435.9778998
240.0 2.5 -10.0 12.5 10000000255.7928
240.0 5.0 -10.0 12.5 88087602.3596
240.0 7.5 -10.0 12.5 9999999906.4379
240.0 10.0 -10.0 12.5 9999999876.855902
240.0 -5.0 -7.5 12.5 153768.78100000002
240.0 0.0 -7.5 12.5 230992902.4018
240.0 2.5 -7.5 12.5 240794635.7442
240.0 5.0 -7.5 12.5 9999999966.8188
240.0 7.5 -7.5 12.5 10000000073.642
240.0 10.0 -7.5 12.5 10000000165.972
240.0 -5.0 -5.0 12.5 779894.9528999999
240.0 -2.5 -5.0 12.5 1305750253.258
240.0 0.0 -5.0 12.5 10000000182.6198
240.0 2.5 -5.0 12.5 187488206.1002
240.0 5.0 -5.0 12.5 10000000088.0625
240.0 -5.0 -2.5 12.5 10757535.4944
240.0 -2.5 -2.5 12.5 10000000060.560202
240.0 0.0 -2.5 12.5 10000000152.9251
240.0 2.5 -2.5 12.5 3105462715.618
240.0 -5.0 0.0 12.5 27710748.235600002
240.0 -2.5 0.0 12.5 6756645465.2847
240.0 0.0 0.0 12.5 10000000045.0018
240.0 2.5 0.0 12.5 58662284.4977
240.0 -2.5 2.5 12.5 1921897912.1382
240.0 0.0 2.5 12.5 10000000009.8735
240.0 2.5 2.5 12.5 9999999987.738201
240.0 5.0 2.5 12.5 8644355332.9935
240.0 -2.5 5.0 12.5 9999999977.4526
240.0 0.0 5.0 12.5 89087765.9805
240.0 2.5 5.0 12.5 10000000326.6623
240.0 5.0 5.0 12.5 376951714.6124
240.0 7.5 5.0 12.5 93552432.81850001
240.0 10.0 5.0 12.5 -11.5916
240.0 -5.0 -10.0 13.75 101834.3408
240.0 -2.5 -10.0 13.75 488308687.95470005
240.0 0.0 -10.0 13.75 10000000026.1135
240.0 2.5 -10.0 13.75 10000000108.5548
240.0 5.0 -10.0 13.75 6507501832.372701
240.0 7.5 -10.0 13.75 776215423.7325001
240.0 10.0 -10.0 13.75 6616028214.7094
240.0 -5.0 -7.5 13.75 19627.8969
240.0 -2.5 -7.5 13.75 10000000123.523901
240.0 0.0 -7.5 13.75 10000000133.6264
240.0 2.5 -7.5 13.75 8046395308.2774
240.0 5.0 -7.5 13.75 9999999866.019901
240.0 7.5 -7.5 13.75 10000000048.9484
240.0 10.0 -7.5 13.75 10000000036.878101
240.0 -5.0 -5.0 13.75 93428908.0912
240.0 -2.5 -5.0 13.75 2696389358.4219
240.0 0.0 -5.0 13.75 9999999615.844301
240.0 2.5 -5.0 13.75 6608088967.1841
240.0 5.0 -5.0 13.75 9999999953.1758
240.0 7.5 -5.0 13.75 10000000307.3525
240.0 -5.0 -2.5 13.75 13451360.170599999
240.0 -2.5 -2.5 13.75 3858961460.8749
240.0 0.0 -2.5 13.75 7437378559.4943
240.0 2.5 -2.5 13.75 310373006.9297
240.0 5.0 -2.5 13.75 571549364.9882
240.0 -5.0 0.0 13.75 203842446.0351
240.0 -2.5 0.0 13.75 9999999792.2254
240.0 0.0 0.0 13.75 251655696.4129
240.0 2.5 0.0 13.75 3449702596.7435
240.0 5.0 0.0 13.75 10000000017.9617
240.0 -5.0 2.5 13.75 10000000068.5403
240.0 -2.5 2.5 13.75 312795780.21610004
240.0 0.0 2.5 13.75 10000000137.4318
240.0 2.5 2.5 13.75 10000000248.5818
240.0 5.0 2.5 13.75 10000000067.926601
240.0 7.5 2.5 13.75 819057773.9249
240.0 -2.5 5.0 13.75 127880863.9756
240.0 0.0 5.0 13.75 944601938.3375
240.0 2.5 5.0 13.75 1216426835.1721
240.0 5.0 5.0 13.75 20865935.682
240.0 7.5 5.0 13.75 4226316.3686999995
240.0 10.0 5.0 13.75 -33.614599999999996
240.0 -5.0 -10.0 15.0 1986.1077
240.0 -2.5 -10.0 15.0 6763834345.212701
240.0 0.0 -10.0 15.0 10000000016.7441
240.0 2.5 -10.0 15.0 1075827240.9645998
240.0 5.0 -10.0 15.0 10000000035.0294
240.0 7.5 -10.0 15.0 9999999758.8771
240.0 10.0 -10.0 15.0 1779144034.617
240.0 -5.0 -7.5 15.0 50917.763
240.0 -2.5 -7.5 15.0 1663051479.7328
240.0 0.0 -7.5 15.0 9612683551.4426
240.0 2.5 -7.5 15.0 9999999914.032202
240.0 5.0 -7.5 15.0 9999999979.8306
240.0 7.5 -7.5 15.0 10000000011.29
240.0 10.0 -7.5 15.0 10000000137.8721
240.0 -5.0 -5.0 15.0 62593981.7699
240.0 -2.5 -5.0 15.0 10000000127.8138
240.0 0.0 -5.0 15.0 10000000232.1103
240.0 2.5 -5.0 15.0 10000000159.484201
240.0 5.0 -5.0 15.0 2863890463.6634
240.0 7.5 -5.0 15.0 10000000091.4496
240.0 10.0 -5.0 15.0 9999999844.9006
240.0 -5.0 -2.5 15.0 6822961891.8141
240.0 -2.5 -2.5 15.0 196325319.1455
240.0 0.0 -2.5 15.0 10000000072.606602
240.0 2.5 -2.5 15.0 10000000083.563301
240.0 5.0 -2.5 15.0 10000000009.086601
240.0 7.5 -2.5 15.0 10000000187.909101
240.0 10.0 -2.5 15.0 128063.168
240.0 -5.0 0.0 15.0 17807999.7843
240.0 -2.5 0.0 15.0 272752559.4107
240.0 0.0 0.0 15.0 10000000023.936401
240.0 2.5 0.0 15.0 10000000163.3868
240.0 5.0 0.0 15.0 10000000079.262201
240.0 10.0 0.0 15.0 3302004314.5905004
240.0 -5.0 2.5 15.0 10449148.5254
240.0 -2.5 2.5 15.0 4040103423.8426
240.0 0.0 2.5 15.0 77439130.781
240.0 2.5 2.5 15.0 523420523.595
240.0 5.0 2.5 15.0 10000000057.7632
240.0 7.5 2.5 15.0 878083.2457000001
240.0 -5.0 5.0 15.0 13699.995299999999
240.0 -2.5 5.0 15.0 163586.41919999997
240.0 0.0 5.0 15.0 324358859.1641
240.0 2.5 5.0 15.0 2320825.7587
240.0 5.0 5.0 15.0 15540.5449
240.0 7.5 5.0 15.0 10.402999999999999
240.0 10.0 5.0 15.0 -38.7201
240.0 -5.0 -10.0 16.25 55.6787
240.0 -2.5 -10.0 16.25 659041132.2669
240.0 0.0 -10.0 16.25 29957945.755200002
240.0 2.5 -10.0 16.25 29258594.5215
240.0 5.0 -10.0 16.25 9999999873.2618
240.0 7.5 -10.0 16.25 85964512.0126
240.0 10.0 -10.0 16.25 2402032182.5282
240.0 -5.0 -7.5 16.25 1007138027.0784
240.0 -2.5 -7.5 16.25 925654978.9663
240.0 0.0 -7.5 16.25 10000000044.202501
240.0 2.5 -7.5 16.25 9999999842.756802
240.0 5.0 -7.5 16.25 10000000020.269201
240.0 7.5 -7.5 16.25 2583488107.0234
240.0 10.0 -7.5 16.25 150901203.10459998
240.0 -5.0 -5.0 16.25 62475.557
240.0 -2.5 -5.0 16.25 9999999939.0827
240.0 0.0 -5.0 16.25 9999999973.7996
240.0 2.5 -5.0 16.25 10000000062.874802
240.0 5.0 -5.0 16.25 10000000011.831701
240.0 7.5 -5.0 16.25 9999999790.4766
240.0 10.0 -5.0 16.25 1107682665.3689
240.0 -5.0 -2.5 16.25 10428912.8838
240.0 -2.5 -2.5 16.25 9999999965.4339
240.0 0.0 -2.5 16.25 232544546.0823
240.0 2.5 -2.5 16.25 10000000039.0067
240.0 5.0 -2.5 16.25 9999999975.4274
240.0 7.5 -2.5 16.25 483751823.8149
240.0 10.0 -2.5 16.25 62779837.790300004
240.0 -5.0 0.0 16.25 163776192.3422
240.0 -2.5 0.0 16.25 9999999995.0163
240.0 0.0 0.0 16.25 10000000063.060902
240.0 2.5 0.0 16.25 10000000064.0447
240.0 5.0 0.0 16.25 6074788.0377
240.0 7.5 0.0 16.25 2903330.6081000003
240.0 10.0 0.0 16.25 627517.2768999999
240.0 -5.0 2.5 16.25 3772441.8715
240.0 -2.5 2.5 16.25 9999999989.559301
240.0 0.0 2.5 16.25 148167804.6106
240.0 2.5 2.5 16.25 3476399081.8392
240.0 5.0 2.5 16.25 10000000052.193
240.0 7.5 2.5 16.25 9999999993.222101
240.0 -5.0 5.0 16.25 539111.4162
240.0 -2.5 5.0 16.25 1846.9915
240.0 0.0 5.0 16.25 17413.9246
240.0 2.5 5.0 16.25 54649382.5454
240.0 5.0 5.0 16.25 27103343.7346
240.0 7.5 5.0 16.25 63.6639
240.0 10.0 5.0 16.25 -34.4531
300.0 -5.0 -10.0 3.75 23144009.3469
300.0 -2.5 -10.0 3.75 815403943.6081
300.0 0.0 -10.0 3.75 9999999963.1418
300.0 2.5 -10.0 3.75 10000000244.3785
300.0 5.0 -10.0 3.75 9999999911.672
300.0 7.5 -10.0 3.75 5413713719.664201
300.0 10.0 -10.0 3.75 128288981.8891
300.0 -5.0 -7.5 3.75 10000000128.7957
300.0 -2.5 -7.5 3.75 9999999965.1683
300.0 0.0 -7.5 3.75 9999999698.148901
300.0 2.5 -7.5 3.75 9999999708.6383
300.0 5.0 -7.5 3.75 10000000079.570002
300.0 7.5 -7.5 3.75 9999999763.175402
300.0 10.0 -7.5 3.75 1052997095.9358001
300.0 -5.0 -5.0 3.75 1831191480.4708
300.0 -2.5 -5.0 3.75 9999999951.794
300.0 0.0 -5.0 3.75 9999999930.0785
300.0 2.5 -5.0 3.75 9999999990.9332
300.0 5.0 -5.0 3.75 9999999550.321402
300.0 7.5 -5.0 3.75 10000000060.2649
300.0 10.0 -5.0 3.75 9999999974.4687
300.0 -5.0 -2.5 3.75 10000000316.3279
300.0 -2.5 -2.5 3.75 10000000057.684101
300.0 0.0 -2.5 3.75 9999999834.644402
300.0 2.5 -2.5 3.75 9999999354.889301
300.0 5.0 -2.5 3.75 10000000110.3398
300.0 7.5 -2.5 3.75 8449311055.172999
300.0 10.0 -2.5 3.75 131634064.1587
300.0 -5.0 0.0 3.75 9999999975.2075
300.0 -2.5 0.0 3.75 10000000134.250301
300.0 0.0 0.0 3.75 10000000002.034101
300.0 2.5 0.0 3.75 10000000058.2912
300.0 5.0 0.0 3.75 10000000065.737501
300.0 7.5 0.0 3.75 10000000006.0063
300.0 10.0 0.0 3.75 10000000001.9722
300.0 -5.0 2.5 3.75 10000000298.5091
300.0 -2.5 2.5 3.75 10000000015.927
300.0 0.0 2.5 3.75 9999999555.3827
300.0 2.5 2.5 3.75 9999999845.6037
300.0 5.0 2.5 3.75 9999999921.755901
300.0 7.5 2.5 3.75 582392840.9238
300.0 10.0 2.5 3.75 574150.7914000001
300.0 -5.0 5.0 3.75 10000000123.805801
300.0 -2.5 5.0 3.75 10000000044.0788
300.0 0.0 5.0 3.75 9999999694.5004
300.0 2.5 5.0 3.75 1029701480.5798
300.0 5.0 5.0 3.75 355774.783
300.0 7.5 5.0 3.75 78822.948
300.0 10.0 5.0 3.75 300.1462
300.0 0.0 -2.5 5.0 10000000010.0974
300.0 0.0 0.0 5.0 10000000047.9747
300.0 5.0 -7.5 6.25 9999999941.389101
300.0 0.0 -5.0 6.25 9999999666.143301
300.0 0.0 -2.5 6.25 10000000277.301102
300.0 0.0 0.0 6.25 10000000066.610601
300.0 0.0 2.5 6.25 9999999976.7427
300.0 0.0 5.0 6.25 10000000114.200901
300.0 5.0 -7.5 7.5 10000000176.8208
300.0 2.5 -5.0 7.5 9999999780.5886
300.0 0.0 -2.5 7.5 10000000022.9871
300.0 2.5 -2.5 7.5 10000000519.066502
300.0 0.0 0.0 7.5 10000000169.495602
300.0 -2.5 2.5 7.5 5924446843.5708
300.0 0.0 2.5 7.5 10000000185.3556
300.0 -2.5 5.0 7.5 9999999969.4801
300.0 0.0 5.0 7.5 10000000545.9585
300.0 2.5 -10.0 8.75 10000000153.164001
300.0 5.0 -7.5 8.75 10000000122.8507
300.0 0.0 -5.0 8.75 10000000103.0534
300.0 2.5 -5.0 8.75 10000000245.0534
300.0 5.0 -5.0 8.75 10000000050.595901
300.0 0.0 -2.5 8.75 10000000047.885302
300.0 2.5 -2.5 8.75 10000000304.2926
300.0 0.0 0.0 8.75 9999999849.887402
300.0 2.5 0.0 8.75 10000000354.3929
300.0 0.0 2.5 8.75 9999999960.640202
300.0 2.5 2.5 8.75 10000000178.3061
300.0 -2.5 5.0 8.75 10000000187.346601
300.0 0.0 5.0 8.75 10000000181.1002
300.0 2.5 5.0 8.75 10000000819.4416
300.0 2.5 -10.0 10.0 10000000050.540901
300.0 2.5 -7.5 10.0 10000000046.021801
300.0 5.0 -7.5 10.0 10000000316.8526
300.0 7.5 -7.5 10.0 10000000290.965
300.0 0.0 -5.0 10.0 10000000039.469002
300.0 2.5 -5.0 10.0 10000000256.541101
300.0 5.0 -5.0 10.0 10000000229.483301
300.0 0.0 -2.5 10.0 10000000146.0554
300.0 2.5 -2.5 10.0 10000000321.0137
300.0 -5.0 0.0 10.0 1527557883.2127001
300.0 -2.5 0.0 10.0 9999999770.4129
300.0 0.0 0.0 10.0 10000000400.1469
300.0 2.5 0.0 10.0 10000000183.129301
300.0 5.0 0.0 10.0 10000000153.9244
300.0 -2.5 2.5 10.0 10000000179.346102
300.0 0.0 2.5 10.0 10000000084.785002
300.0 2.5 2.5 10.0 9999999935.5895
300.0 5.0 2.5 10.0 10000000270.7549
300.0 -2.5 5.0 10.0 1534733100.6385
300.0 0.0 5.0 10.0 3490975225.8506
300.0 2.5 5.0 10.0 9999999792.021502
300.0 2.5 -10.0 11.25 10000000097.753601
300.0 5.0 -10.0 11.25 761504237.1729
300.0 7.5 -10.0 11.25 10000000280.0618
300.0 10.0 -10.0 11.25 10000000022.6625
300.0 2.5 -7.5 11.25 10000000084.7833
300.0 5.0 -7.5 11.25 9999999957.263
300.0 0.0 -5.0 11.25 10000000028.4962
300.0 2.5 -5.0 11.25 10000000198.0065
300.0 5.0 -5.0 11.25 10000000145.3502
300.0 -2.5 -2.5 11.25 9999999889.8187
300.0 0.0 -2.5 11.25 2119866622.589
300.0 2.5 -2.5 11.25 9999999905.597801
300.0 -5.0 0.0 11.25 10000000117.7549
300.0 -2.5 0.0 11.25 10000000153.925201
300.0 0.0 0.0 11.25 1852668909.0048
300.0 2.5 0.0 11.25 10000000187.800001
300.0 -2.5 2.5 11.25 3778130617.7519
300.0 0.0 2.5 11.25 10000000084.650501
300.0 2.5 2.5 11.25 10000000073.632101
300.0 5.0 2.5 11.25 9999999840.3348
300.0 -2.5 5.0 11.25 10000000000.6366
300.0 0.0 5.0 11.25 10000000196.1327
300.0 2.5 5.0 11.25 347940944.2232
300.0 7.5 5.0 11.25 5077.5919
300.0 -5.0 -10.0 12.5 1.4812999999999974
300.0 2.5 -10.0 12.5 10000000285.2154
300.0 5.0 -10.0 12.5 10000000098.6098
300.0 7.5 -10.0 12.5 10000000090.104
300.0 10.0 -10.0 12.5 7857686190.2135
300.0 2.5 -7.5 12.5 10000000190.6821
300.0 5.0 -7.5 12.5 10000000050.7474
300.0 7.5 -7.5 12.5 10000000471.1145
300.0 -5.0 -5.0 12.5 18719.546299999998
300.0 -2.5 -5.0 12.5 1355366023.918
300.0 0.0 -5.0 12.5 2777709539.9301
300.0 2.5 -5.0 12.5 10000000399.5923
300.0 5.0 -5.0 12.5 10000000098.7835
300.0 -5.0 -2.5 12.5 10000000097.692202
300.0 -2.5 -2.5 12.5 10000000583.846
300.0 0.0 -2.5 12.5 10000000063.526701
300.0 2.5 -2.5 12.5 10000000232.952002
300.0 -5.0 0.0 12.5 8565944244.258
300.0 -2.5 0.0 12.5 9999999861.1172
300.0 0.0 0.0 12.5 10000000215.353802
300.0 2.5 0.0 12.5 9999999912.154701
300.0 5.0 0.0 12.5 3448855024.7802
300.0 -2.5 2.5 12.5 10000000036.7089
300.0 0.0 2.5 12.5 10000000006.4409
300.0 2.5 2.5 12.5 10000000087.179401
300.0 5.0 2.5 12.5 9999999951.219702
300.0 7.5 2.5 12.5 529888841.3088
300.0 10.0 2.5 12.5 21.550800000000002
300.0 -2.5 5.0 12.5 113422982.2606
300.0 0.0 5.0 12.5 9999999924.1546
300.0 2.5 5.0 12.5 531520095.6583
300.0 5.0 5.0 12.5 3365808146.0445
300.0 7.5 5.0 12.5 155155.63679999998
300.0 10.0 5.0 12.5 -6.486599999999999
300.0 0.0 -10.0 13.75 10000000072.1051
300.0 2.5 -10.0 13.75 10000000350.0596
300.0 5.0 -10.0 13.75 10000000008.744902
300.0 7.5 -10.0 13.75 9999999933.151402
300.0 10.0 -10.0 13.75 10000000016.790401
300.0 -5.0 -7.5 13.75 877.9026
300.0 -2.5 -7.5 13.75 5494.2893
300.0 2.5 -7.5 13.75 48273580.65
300.0 5.0 -7.5 13.75 9999999899.489302
300.0 7.5 -7.5 13.75 9999999837.8635
300.0 10.0 -7.5 13.75 2136877671.2814
300.0 -5.0 -5.0 13.75 2033.6163000000001
300.0 -2.5 -5.0 13.75 281424.2831
300.0 0.0 -5.0 13.75 8860380163.172499
300.0 2.5 -5.0 13.75 9999999940.8141
300.0 5.0 -5.0 13.75 9999999898.6504
300.0 -5.0 -2.5 13.75 573964.9283
300.0 -2.5 -2.5 13.75 15922195.378
300.0 0.0 -2.5 13.75 762998644.0177
300.0 2.5 -2.5 13.75 9999999883.335402
300.0 5.0 -2.5 13.75 10000000034.0485
300.0 -5.0 0.0 13.75 21398914.275000002
300.0 -2.5 0.0 13.75 231932588.3803
300.0 0.0 0.0 13.75 601311547.8689001
300.0 2.5 0.0 13.75 10000000105.7257
300.0 5.0 0.0 13.75 9999999427.815
300.0 7.5 0.0 13.75 5960492.7887
300.0 -2.5 2.5 13.75 672120.3883
300.0 0.0 2.5 13.75 9999999991.050901
300.0 2.5 2.5 13.75 9999999922.1443
300.0 5.0 2.5 13.75 9999999838.7317
300.0 7.5 2.5 13.75 523813944.6216
300.0 10.0 2.5 13.75 521.5552
300.0 -2.5 5.0 13.75 10000000018.6282
300.0 0.0 5.0 13.75 3789563954.331
300.0 2.5 5.0 13.75 325543231.8761
300.0 5.0 5.0 13.75 77251198.06490001
300.0 7.5 5.0 13.75 21448991.7718
300.0 10.0 5.0 13.75 -8.1546
300.0 -5.0 -10.0 15.0 76955.6746
300.0 -2.5 -10.0 15.0 10000000023.611801
300.0 0.0 -10.0 15.0 10000000052.5438
300.0 2.5 -10.0 15.0 113337870.648
300.0 5.0 -10.0 15.0 10000000029.4773
300.0 7.5 -10.0 15.0 1894131420.4848
300.0 10.0 -10.0 15.0 28715868.6413
300.0 -5.0 -7.5 15.0 0.7092999999999989
300.0 -2.5 -7.5 15.0 154534.6648
300.0 0.0 -7.5 15.0 10000000059.722301
300.0 2.5 -7.5 15.0 10000000050.8838
300.0 5.0 -7.5 15.0 9999999911.5161
300.0 7.5 -7.5 15.0 2091193181.6093001
300.0 10.0 -7.5 15.0 919664105.3992001
300.0 -5.0 -5.0 15.0 -35.1652
300.0 -2.5 -5.0 15.0 4286.2626
300.0 0.0 -5.0 15.0 10000000105.2313
300.0 2.5 -5.0 15.0 10000000016.568201
300.0 5.0 -5.0 15.0 10000000032.7217
300.0 7.5 -5.0 15.0 9999999942.174702
300.0 10.0 -5.0 15.0 45640455.415599994
300.0 -5.0 -2.5 15.0 862.4464
300.0 -2.5 -2.5 15.0 10541951.9683
300.0 0.0 -2.5 15.0 9999999893.914501
300.0 2.5 -2.5 15.0 9999999931.7301
300.0 5.0 -2.5 15.0 4402912339.4205
300.0 10.0 -2.5 15.0 524483704.05920005
300.0 -5.0 0.0 15.0 15545.7702
300.0 -2.5 0.0 15.0 5501823525.5883
300.0 0.0 0.0 15.0 63904077.538499996
300.0 2.5 0.0 15.0 9999999822.44
300.0 5.0 0.0 15.0 10000000323.600601
300.0 7.5 0.0 15.0 313544146.7958
300.0 -5.0 2.5 15.0 7535093.636
300.0 -2.5 2.5 15.0 3293365.3564999998
300.0 0.0 2.5 15.0 9552743278.6402
300.0 2.5 2.5 15.0 10000000052.182001
300.0 5.0 2.5 15.0 10000000235.367802
300.0 7.5 2.5 15.0 56078.6705
300.0 10.0 2.5 15.0 452.2318
300.0 -2.5 5.0 15.0 46613609.2197
300.0 0.0 5.0 15.0 5586175123.7185
300.0 2.5 5.0 15.0 19146613.6733
300.0 5.0 5.0 15.0 17263739.5512
300.0 7.5 5.0 15.0 382555.3684
300.0 10.0 5.0 15.0 -4.597200000000001
300.0 -5.0 -10.0 16.25 111.0049
300.0 -2.5 -10.0 16.25 37476375.5725
300.0 0.0 -10.0 16.25 63966255.149
300.0 2.5 -10.0 16.25 10000000027.0932
300.0 5.0 -10.0 16.25 10000000092.3451
300.0 7.5 -10.0 16.25 9999999965.067001
300.0 10.0 -10.0 16.25 541112752.1546999
300.0 -5.0 -7.5 16.25 310.39979999999997
300.0 -2.5 -7.5 16.25 2769070.7257
300.0 0.0 -7.5 16.25 2823271437.9958997
300.0 2.5 -7.5 16.25 649976514.3258
300.0 5.0 -7.5 16.25 10000000000.352701
300.0 7.5 -7.5 16.25 515533288.8553
300.0 10.0 -7.5 16.25 9999999862.447802
300.0 -5.0 -5.0 16.25 -24.8463
300.0 -2.5 -5.0 16.25 314981.7705
300.0 0.0 -5.0 16.25 10000000109.589901
300.0 2.5 -5.0 16.25 9999999863.774601
300.0 5.0 -5.0 16.25 9999999861.3153
300.0 7.5 -5.0 16.25 5502272955.316
300.0 10.0 -5.0 16.25 10000000151.722801
300.0 -5.0 -2.5 16.25 17316.4706
300.0 -2.5 -2.5 16.25 6267854457.2336
300.0 0.0 -2.5 16.25 363015498.3403
300.0 2.5 -2.5 16.25 9999999928.3419
300.0 5.0 -2.5 16.25 9999999923.3883
300.0 7.5 -2.5 16.25 9999999902.691502
300.0 10.0 -2.5 16.25 75487728.0716
300.0 -5.0 0.0 16.25 4722.4517000000005
300.0 -2.5 0.0 16.25 27676727.0824
300.0 0.0 0.0 16.25 237722115.0532
300.0 2.5 0.0 16.25 10000000396.861301
300.0 5.0 0.0 16.25 10000000323.991001
300.0 7.5 0.0 16.25 10000000030.2019
300.0 -5.0 2.5 16.25 168.4129
300.0 -2.5 2.5 16.25 93796.0951
300.0 0.0 2.5 16.25 9999999971.3749
300.0 2.5 2.5 16.25 10000000096.5962
300.0 5.0 2.5 16.25 10000000044.5955
300.0 7.5 2.5 16.25 30115.0614
300.0 10.0 2.5 16.25 88.6528
300.0 -5.0 5.0 16.25 85.1683
300.0 -2.5 5.0 16.25 801225.2585
300.0 0.0 5.0 16.25 1000977343.3759999
300.0 2.5 5.0 16.25 1019032834.7557
300.0 5.0 5.0 16.25 109992003.09730001
300.0 7.5 5.0 16.25 3701.2612
300.0 10.0 5.0 16.25 -0.5867
