0.0 -2.5 -7.5 10.0 -104.60220000000001
0.0 -2.5 -5.0 10.0 10000000024.4722
0.0 -2.5 -2.5 10.0 119005801.36739999
0.0 0.0 0.0 10.0 583449129.2877
0.0 -2.5 2.5 10.0 9999999958.4895
0.0 -5.0 5.0 10.0 441552433.1224
0.0 -2.5 -7.5 11.25 -95.8059
0.0 0.0 -7.5 11.25 3038.3747000000003
0.0 -5.0 -5.0 11.25 115711.1486
0.0 -2.5 -5.0 11.25 27582910.787400004
0.0 0.0 -5.0 11.25 18994888.423
0.0 -2.5 -2.5 11.25 60808800.1602
0.0 2.5 -2.5 11.25 9999999994.0112
0.0 5.0 -2.5 11.25 3736678038.0154996
0.0 -2.5 0.0 11.25 9999999841.797
0.0 0.0 0.0 11.25 111782528.5148
0.0 -5.0 2.5 11.25 120217.9806
0.0 -2.5 2.5 11.25 181743227.5557
0.0 0.0 2.5 11.25 9999999876.8903
0.0 -5.0 5.0 11.25 415764429.7928
0.0 -2.5 5.0 11.25 9999999948.1914
0.0 0.0 -10.0 12.5 -19.854
0.0 2.5 -10.0 12.5 155.9685
0.0 -2.5 -7.5 12.5 -69.23
0.0 0.0 -7.5 12.5 5251.8264
0.0 -5.0 -5.0 12.5 33.253
0.0 -2.5 -5.0 12.5 21678014.766900003
0.0 0.0 -5.0 12.5 9999999849.1315
0.0 2.5 -5.0 12.5 364904117.04829997
0.0 -2.5 -2.5 12.5 913098.8678
0.0 0.0 -2.5 12.5 9999999901.2509
0.0 2.5 -2.5 12.5 9999999869.8736
0.0 5.0 -2.5 12.5 7482457403.9301
0.0 -2.5 0.0 12.5 9999999875.8001
0.0 0.0 0.0 12.5 345146109.9545
0.0 -5.0 2.5 12.5 152876365.71989998
0.0 -2.5 2.5 12.5 5015267205.1984
0.0 0.0 2.5 12.5 10000000102.635
0.0 -5.0 5.0 12.5 9536640.465200001
0.0 -2.5 5.0 12.5 1045903526.1574
0.0 0.0 5.0 12.5 1120282783.5509999
0.0 0.0 -10.0 13.75 -8.299199999999999
0.0 2.5 -10.0 13.75 26.4908
0.0 -5.0 -7.5 13.75 -39.9527
0.0 -2.5 -7.5 13.75 -46.8047
0.0 0.0 -7.5 13.75 420.8965
0.0 5.0 -7.5 13.75 16440.9395
0.0 -5.0 -5.0 13.75 -61.6655
0.0 -2.5 -5.0 13.75 7905.6179
0.0 0.0 -5.0 13.75 801176.7059000001
0.0 2.5 -5.0 13.75 278628.3143
0.0 -5.0 -2.5 13.75 -57.4725
0.0 -2.5 -2.5 13.75 11970.9601
0.0 0.0 -2.5 13.75 686460.8565999999
0.0 2.5 -2.5 13.75 10000000025.6968
0.0 5.0 -2.5 13.75 1133319112.8308
0.0 7.5 -2.5 13.75 3360679386.2231
0.0 -5.0 0.0 13.75 20772434.0216
0.0 -2.5 0.0 13.75 8113599.943
0.0 0.0 0.0 13.75 4868205.2105
0.0 2.5 0.0 13.75 18892867.7534
0.0 10.0 0.0 13.75 908139501.214
0.0 -5.0 2.5 13.75 12770.094000000001
0.0 -2.5 2.5 13.75 9999999939.8577
0.0 0.0 2.5 13.75 9999999872.6646
0.0 -5.0 5.0 13.75 73742412.1718
0.0 -2.5 5.0 13.75 7790210.1274999995
0.0 0.0 5.0 13.75 33224893.3486
0.0 -5.0 -10.0 15.0 -13.661399999999999
0.0 -2.5 -10.0 15.0 -12.9671
0.0 0.0 -10.0 15.0 -0.19090000000000007
0.0 2.5 -10.0 15.0 26.8889
0.0 5.0 -10.0 15.0 77.3437
0.0 7.5 -10.0 15.0 75.3461
0.0 10.0 -10.0 15.0 62.114000000000004
0.0 -5.0 -7.5 15.0 -27.195
0.0 -2.5 -7.5 15.0 -28.5152
0.0 0.0 -7.5 15.0 -1.9389
0.0 2.5 -7.5 15.0 81.4085
0.0 5.0 -7.5 15.0 123.6845
0.0 10.0 -7.5 15.0 31805.8686
0.0 -5.0 -5.0 15.0 -43.008700000000005
0.0 -2.5 -5.0 15.0 -45.607
0.0 0.0 -5.0 15.0 138.1546
0.0 2.5 -5.0 15.0 35806.509399999995
0.0 5.0 -5.0 15.0 9999999929.273602
0.0 7.5 -5.0 15.0 26612600.3038
0.0 -5.0 -2.5 15.0 -58.8609
0.0 -2.5 -2.5 15.0 185.2147
0.0 0.0 -2.5 15.0 532.9707000000001
0.0 2.5 -2.5 15.0 2356740.3638
0.0 5.0 -2.5 15.0 28713981.543899998
0.0 7.5 -2.5 15.0 85151201.9131
0.0 10.0 -2.5 15.0 30630.6007
0.0 -5.0 0.0 15.0 130.6794
0.0 -2.5 0.0 15.0 7776385.602
0.0 0.0 0.0 15.0 6673291916.0357
0.0 2.5 0.0 15.0 9999999942.531801
0.0 5.0 0.0 15.0 3448647.2907999996
0.0 7.5 0.0 15.0 10000000110.728401
0.0 10.0 0.0 15.0 429495659.62420005
0.0 -5.0 2.5 15.0 26.2238
0.0 -2.5 2.5 15.0 3405570.6325
0.0 0.0 2.5 15.0 9999999873.9472
0.0 2.5 2.5 15.0 9999999896.009602
0.0 5.0 2.5 15.0 1063699254.6048001
0.0 7.5 2.5 15.0 9999999937.043701
0.0 -5.0 5.0 15.0 644.6473
0.0 -2.5 5.0 15.0 622.3077
0.0 0.0 5.0 15.0 5113136.6909
0.0 2.5 5.0 15.0 267629419.2252
0.0 10.0 5.0 15.0 9999999919.2436
0.0 -5.0 -10.0 16.25 -8.268799999999999
0.0 -2.5 -10.0 16.25 -5.9369
0.0 0.0 -10.0 16.25 4.947699999999999
0.0 2.5 -10.0 16.25 25.6057
0.0 5.0 -10.0 16.25 45.393299999999996
0.0 7.5 -10.0 16.25 50.925799999999995
0.0 10.0 -10.0 16.25 35.6899
0.0 -5.0 -7.5 16.25 -17.1474
0.0 -2.5 -7.5 16.25 -14.4587
0.0 0.0 -7.5 16.25 7.0578
0.0 2.5 -7.5 16.25 55.172700000000006
0.0 5.0 -7.5 16.25 81.7507
0.0 7.5 -7.5 16.25 76.5146
0.0 10.0 -7.5 16.25 61.7941
0.0 -5.0 -5.0 16.25 -27.408
0.0 -2.5 -5.0 16.25 -28.8451
0.0 0.0 -5.0 16.25 -2.4579999999999997
0.0 2.5 -5.0 16.25 358.851
0.0 5.0 -5.0 16.25 10193499.7772
0.0 7.5 -5.0 16.25 24653.2608
0.0 10.0 -5.0 16.25 108.4439
0.0 -5.0 -2.5 16.25 -37.9479
0.0 -2.5 -2.5 16.25 -19.005799999999997
0.0 0.0 -2.5 16.25 196006703.3707
0.0 2.5 -2.5 16.25 1288263.3368
0.0 5.0 -2.5 16.25 15389.172700000001
0.0 7.5 -2.5 16.25 31138802.1957
0.0 10.0 -2.5 16.25 408.5628
0.0 -5.0 0.0 16.25 -30.5402
0.0 -2.5 0.0 16.25 3120.2403999999997
0.0 0.0 0.0 16.25 4314648.0602
0.0 2.5 0.0 16.25 7389727.0674
0.0 5.0 0.0 16.25 101307.5623
0.0 7.5 0.0 16.25 6094.6224
0.0 10.0 0.0 16.25 972502.8473
0.0 -5.0 2.5 16.25 -10.9068
0.0 -2.5 2.5 16.25 386.0488
0.0 0.0 2.5 16.25 1341498.5015
0.0 2.5 2.5 16.25 20460583.5821
0.0 5.0 2.5 16.25 6196804.738299999
0.0 7.5 2.5 16.25 221933.6895
0.0 10.0 2.5 16.25 86314.6312
0.0 -5.0 5.0 16.25 9.8277
0.0 -2.5 5.0 16.25 -9.2685
0.0 0.0 5.0 16.25 346.91429999999997
0.0 2.5 5.0 16.25 895002.3399
0.0 5.0 5.0 16.25 16933510.005799998
0.0 7.5 5.0 16.25 24549753.141200002
0.0 10.0 5.0 16.25 26912.042699999998
60.0 -5.0 -10.0 3.75 283.93550000000005
60.0 -2.5 -10.0 3.75 983327993.7422
60.0 0.0 -10.0 3.75 10000000771.303501
60.0 2.5 -10.0 3.75 9999999941.999102
60.0 5.0 -10.0 3.75 1481322524.2672
60.0 7.5 -10.0 3.75 9999999331.2942
60.0 10.0 -10.0 3.75 9999999896.6989
60.0 -5.0 -7.5 3.75 4102450.1398
60.0 -2.5 -7.5 3.75 10000000080.7064
60.0 0.0 -7.5 3.75 410270952.7387
60.0 2.5 -7.5 3.75 10000000157.9836
60.0 5.0 -7.5 3.75 10000000047.102201
60.0 7.5 -7.5 3.75 9999999721.3901
60.0 10.0 -7.5 3.75 9999999844.1599
60.0 -5.0 -5.0 3.75 283919684.4174
60.0 -2.5 -5.0 3.75 1842702335.7984
60.0 0.0 -5.0 3.75 10000000038.188002
60.0 2.5 -5.0 3.75 9999999768.5499
60.0 5.0 -5.0 3.75 9999999769.2226
60.0 7.5 -5.0 3.75 9999999954.4603
60.0 10.0 -5.0 3.75 10000000145.2858
60.0 -5.0 -2.5 3.75 3028996672.3538003
60.0 -2.5 -2.5 3.75 9999999413.5
60.0 0.0 -2.5 3.75 9999999929.256401
60.0 2.5 -2.5 3.75 10000000005.4887
60.0 5.0 -2.5 3.75 10000000262.7521
60.0 7.5 -2.5 3.75 10000000201.3036
60.0 10.0 -2.5 3.75 9999999774.0291
60.0 -5.0 0.0 3.75 9999999858.0569
60.0 -2.5 0.0 3.75 9999999493.7255
60.0 0.0 0.0 3.75 10000000041.602001
60.0 2.5 0.0 3.75 10000000199.1156
60.0 5.0 0.0 3.75 10000000217.471601
60.0 7.5 0.0 3.75 10000000150.965
60.0 10.0 0.0 3.75 9999999987.949701
60.0 -5.0 2.5 3.75 9999999731.9146
60.0 -2.5 2.5 3.75 10000000091.142601
60.0 0.0 2.5 3.75 9999999488.3892
60.0 2.5 2.5 3.75 10000000324.8498
60.0 5.0 2.5 3.75 9999999626.4941
60.0 7.5 2.5 3.75 10000000579.683601
60.0 10.0 2.5 3.75 10000000152.545101
60.0 -5.0 5.0 3.75 9999999679.442001
60.0 -2.5 5.0 3.75 9999999975.855501
60.0 0.0 5.0 3.75 10000000125.381102
60.0 2.5 5.0 3.75 10000000044.3003
60.0 5.0 5.0 3.75 10000000165.820501
60.0 7.5 5.0 3.75 10000000293.724401
60.0 10.0 5.0 3.75 9999999834.0739
60.0 2.5 5.0 10.0 10000000293.109201
60.0 2.5 -10.0 11.25 -58.34780000000001
60.0 7.5 -10.0 11.25 -65.8924
60.0 5.0 -7.5 11.25 4634261.527500001
60.0 -2.5 2.5 11.25 10000000169.092402
60.0 0.0 2.5 11.25 10000000006.3621
60.0 2.5 2.5 11.25 1616311118.3362
60.0 5.0 2.5 11.25 10000000104.7688
60.0 7.5 2.5 11.25 9999999935.2136
60.0 -2.5 5.0 11.25 2162787112.5418997
60.0 0.0 5.0 11.25 10000000192.7905
60.0 2.5 5.0 11.25 10000000092.9318
60.0 5.0 5.0 11.25 10000000002.4918
60.0 0.0 -10.0 12.5 -22.2948
60.0 2.5 -10.0 12.5 -85.08109999999999
60.0 5.0 -10.0 12.5 -92.845
60.0 7.5 -10.0 12.5 -92.1307
60.0 0.0 -5.0 12.5 11928.4223
60.0 0.0 2.5 12.5 10000000103.1333
60.0 2.5 2.5 12.5 102491585.318
60.0 5.0 2.5 12.5 5327633086.345799
60.0 7.5 2.5 12.5 9999999939.6354
60.0 10.0 2.5 12.5 6673242773.8029995
60.0 0.0 5.0 12.5 10000000092.160002
60.0 2.5 5.0 12.5 10000000032.1105
60.0 5.0 5.0 12.5 3487566830.7774
60.0 7.5 5.0 12.5 10000000126.3703
60.0 10.0 5.0 12.5 9999999839.192001
60.0 0.0 -10.0 13.75 -23.596899999999998
60.0 2.5 -10.0 13.75 -68.9054
60.0 5.0 -10.0 13.75 -84.10470000000001
60.0 7.5 -10.0 13.75 -50.5184
60.0 10.0 -10.0 13.75 76.3044
60.0 -5.0 -7.5 13.75 30.189299999999996
60.0 2.5 -7.5 13.75 121.2784
60.0 5.0 -7.5 13.75 0.9488000000000056
60.0 7.5 -7.5 13.75 57.281800000000004
60.0 10.0 -7.5 13.75 781972.4055
60.0 -2.5 -5.0 13.75 52.60809999999999
60.0 0.0 -5.0 13.75 171.2526
60.0 5.0 -5.0 13.75 3747.6894
60.0 10.0 -5.0 13.75 10000000104.272001
60.0 -5.0 -2.5 13.75 1453.1709
60.0 -2.5 -2.5 13.75 321.294
60.0 0.0 -2.5 13.75 1748750.5087
60.0 0.0 0.0 13.75 9999999602.5303
60.0 2.5 0.0 13.75 2802751.3893
60.0 -2.5 2.5 13.75 27473361.2761
60.0 0.0 2.5 13.75 3225441.593
60.0 2.5 2.5 13.75 89880638.037
60.0 5.0 2.5 13.75 1224035227.7114
60.0 7.5 2.5 13.75 4539979285.307099
60.0 10.0 2.5 13.75 167722868.5172
60.0 0.0 5.0 13.75 216324037.17139998
60.0 2.5 5.0 13.75 2911999046.8372
60.0 5.0 5.0 13.75 119925043.9576
60.0 7.5 5.0 13.75 942704177.5767
60.0 10.0 5.0 13.75 10000000073.528
60.0 -5.0 -10.0 15.0 8.9901
60.0 -2.5 -10.0 15.0 2.2778
60.0 0.0 -10.0 15.0 -21.5895
60.0 2.5 -10.0 15.0 -52.2465
60.0 5.0 -10.0 15.0 -59.2443
60.0 7.5 -10.0 15.0 -29.384800000000002
60.0 10.0 -10.0 15.0 20.504
60.0 -5.0 -7.5 15.0 19.524600000000003
60.0 -2.5 -7.5 15.0 9.5182
60.0 0.0 -7.5 15.0 -30.8121
60.0 2.5 -7.5 15.0 -95.55239999999999
60.0 5.0 -7.5 15.0 -122.4865
60.0 7.5 -7.5 15.0 -69.008
60.0 10.0 -7.5 15.0 11886.173299999999
60.0 -5.0 -5.0 15.0 36.7906
60.0 -2.5 -5.0 15.0 26.7443
60.0 0.0 -5.0 15.0 -25.087200000000003
60.0 2.5 -5.0 15.0 -106.05030000000001
60.0 5.0 -5.0 15.0 78.8793
60.0 7.5 -5.0 15.0 9549.945300000001
60.0 10.0 -5.0 15.0 350462.0576
60.0 -5.0 -2.5 15.0 62.902
60.0 -2.5 -2.5 15.0 44.391999999999996
60.0 0.0 -2.5 15.0 2316.0631
60.0 2.5 -2.5 15.0 -25.688100000000006
60.0 10.0 -2.5 15.0 73738.619
60.0 -2.5 0.0 15.0 189.066
60.0 0.0 0.0 15.0 8400354.293
60.0 2.5 0.0 15.0 4559716.8169
60.0 7.5 0.0 15.0 9999999912.1685
60.0 -5.0 2.5 15.0 2014555.8784
60.0 -2.5 2.5 15.0 101691.75940000001
60.0 0.0 2.5 15.0 9999999940.702301
60.0 2.5 2.5 15.0 61226385.3195
60.0 5.0 2.5 15.0 5060350943.7395
60.0 7.5 2.5 15.0 38442350.7677
60.0 10.0 2.5 15.0 9999999944.1536
60.0 -2.5 5.0 15.0 788135107.2161
60.0 0.0 5.0 15.0 324743891.9638
60.0 2.5 5.0 15.0 9999999722.112501
60.0 5.0 5.0 15.0 10000000011.87
60.0 7.5 5.0 15.0 350423182.6959
60.0 10.0 5.0 15.0 1526404.4089
60.0 -5.0 -10.0 16.25 5.1358999999999995
60.0 -2.5 -10.0 16.25 -0.3552
60.0 0.0 -10.0 16.25 -17.778200000000002
60.0 2.5 -10.0 16.25 -38.4782
60.0 5.0 -10.0 16.25 -40.6564
60.0 7.5 -10.0 16.25 -16.5498
60.0 10.0 -10.0 16.25 19.9771
60.0 -5.0 -7.5 16.25 11.416699999999999
60.0 -2.5 -7.5 16.25 1.5560999999999998
60.0 0.0 -7.5 16.25 -28.2539
60.0 2.5 -7.5 16.25 -67.459
60.0 5.0 -7.5 16.25 -79.4063
60.0 7.5 -7.5 16.25 -44.6261
60.0 10.0 -7.5 16.25 60.8535
60.0 -5.0 -5.0 16.25 22.4771
60.0 -2.5 -5.0 16.25 8.352300000000001
60.0 0.0 -5.0 16.25 -34.308
60.0 2.5 -5.0 16.25 -85.4184
60.0 5.0 -5.0 16.25 -100.82169999999999
60.0 7.5 -5.0 16.25 -30.6983
60.0 10.0 -5.0 16.25 143.99509999999998
60.0 -5.0 -2.5 16.25 36.9161
60.0 -2.5 -2.5 16.25 18.1998
60.0 0.0 -2.5 16.25 10.372699999999995
60.0 2.5 -2.5 16.25 -93.2294
60.0 5.0 -2.5 16.25 678.2238
60.0 7.5 -2.5 16.25 9999999870.296202
60.0 10.0 -2.5 16.25 480486.2703
60.0 -5.0 0.0 16.25 47.4324
60.0 -2.5 0.0 16.25 27.183200000000003
60.0 0.0 0.0 16.25 72951.737
60.0 2.5 0.0 16.25 24352734.45
60.0 5.0 0.0 16.25 3253.8855999999996
60.0 7.5 0.0 16.25 991907789.964
60.0 10.0 0.0 16.25 476012579.8973
60.0 -5.0 2.5 16.25 839.7536
60.0 -2.5 2.5 16.25 272122271.5553
60.0 0.0 2.5 16.25 5474161.521699999
60.0 2.5 2.5 16.25 14000.0316
60.0 5.0 2.5 16.25 9193.5195
60.0 7.5 2.5 16.25 5710638.4998
60.0 10.0 2.5 16.25 3506243.3837
60.0 -5.0 5.0 16.25 19159.0237
60.0 -2.5 5.0 16.25 831566880.795
60.0 0.0 5.0 16.25 54630.7126
60.0 2.5 5.0 16.25 346686.3627
60.0 5.0 5.0 16.25 57349.5416
60.0 7.5 5.0 16.25 3309379.2752
60.0 10.0 5.0 16.25 52415499.6524
120.0 -5.0 -10.0 3.75 -61.6638
120.0 -2.5 -10.0 3.75 -88.3718
120.0 0.0 -10.0 3.75 62618.3536
120.0 2.5 -10.0 3.75 10000000012.9909
120.0 5.0 -10.0 3.75 10000000098.7858
120.0 7.5 -10.0 3.75 1366633726.4823
120.0 10.0 -10.0 3.75 10000000043.2618
120.0 -5.0 -7.5 3.75 10634.4672
120.0 -2.5 -7.5 3.75 10000000102.3006
120.0 0.0 -7.5 3.75 114693656.3677
120.0 2.5 -7.5 3.75 10000000179.8764
120.0 5.0 -7.5 3.75 10000000078.224401
120.0 7.5 -7.5 3.75 9999999948.040401
120.0 10.0 -7.5 3.75 10000000122.862501
120.0 -5.0 -5.0 3.75 108570.3939
120.0 -2.5 -5.0 3.75 571276415.6695
120.0 0.0 -5.0 3.75 9999999989.0361
120.0 2.5 -5.0 3.75 10000000120.838701
120.0 5.0 -5.0 3.75 9999999979.0352
120.0 7.5 -5.0 3.75 10000000083.3479
120.0 10.0 -5.0 3.75 10000000189.482601
120.0 -5.0 -2.5 3.75 1180707071.8407998
120.0 -2.5 -2.5 3.75 10000000402.8061
120.0 0.0 -2.5 3.75 10000000220.0457
120.0 2.5 -2.5 3.75 9999999807.9015
120.0 5.0 -2.5 3.75 10000000181.671501
120.0 7.5 -2.5 3.75 9999999773.8941
120.0 10.0 -2.5 3.75 9999999850.1898
120.0 -5.0 0.0 3.75 184615803.89499998
120.0 -2.5 0.0 3.75 10000000147.9148
120.0 0.0 0.0 3.75 9999999980.892601
120.0 2.5 0.0 3.75 10000000034.7749
120.0 5.0 0.0 3.75 9999999771.836
120.0 7.5 0.0 3.75 10000000174.8225
120.0 10.0 0.0 3.75 9999999978.6177
120.0 -5.0 2.5 3.75 10000000100.6096
120.0 -2.5 2.5 3.75 320025636.1138
120.0 0.0 2.5 3.75 7232667814.574
120.0 2.5 2.5 3.75 10000000116.395802
120.0 5.0 2.5 3.75 9999999619.7301
120.0 7.5 2.5 3.75 9999999846.603
120.0 10.0 2.5 3.75 10000000019.1278
120.0 -5.0 5.0 3.75 9999999984.697
120.0 -2.5 5.0 3.75 667915784.3818
120.0 0.0 5.0 3.75 9999999982.855501
120.0 2.5 5.0 3.75 9999999710.885601
120.0 5.0 5.0 3.75 9999999867.334702
120.0 7.5 5.0 3.75 10000000301.860802
120.0 10.0 5.0 3.75 10000000853.1404
120.0 2.5 2.5 7.5 1100354918.1553
120.0 2.5 5.0 7.5 6145374839.6446
120.0 2.5 -2.5 8.75 97577884.13540001
120.0 0.0 2.5 8.75 9999999948.2476
120.0 2.5 2.5 8.75 9999999985.0601
120.0 2.5 5.0 8.75 9999999638.6271
120.0 2.5 -2.5 10.0 4411749399.6994
120.0 0.0 0.0 10.0 2048675273.8867998
120.0 2.5 0.0 10.0 10000000117.5198
120.0 5.0 0.0 10.0 3576342641.4087
120.0 0.0 2.5 10.0 9999999947.292501
120.0 2.5 2.5 10.0 9999999909.900702
120.0 5.0 2.5 10.0 5377603224.3236
120.0 0.0 5.0 10.0 3325063.8856
120.0 2.5 5.0 10.0 3919550032.8567
120.0 2.5 -5.0 11.25 3994973244.9298997
120.0 5.0 -5.0 11.25 10000000003.0935
120.0 2.5 -2.5 11.25 5565922573.6032
120.0 5.0 -2.5 11.25 9999999984.481
120.0 7.5 -2.5 11.25 792512267.9871999
120.0 0.0 0.0 11.25 142345174.4573
120.0 2.5 0.0 11.25 6113092707.7045
120.0 5.0 0.0 11.25 10000000038.907001
120.0 7.5 0.0 11.25 10000000054.180601
120.0 0.0 2.5 11.25 72571975.10939999
120.0 2.5 2.5 11.25 9999999672.966301
120.0 5.0 2.5 11.25 9999999874.3561
120.0 0.0 5.0 11.25 129804951.27589999
120.0 2.5 5.0 11.25 9999999508.531101
120.0 2.5 -10.0 12.5 85.0924
120.0 2.5 -5.0 12.5 1505575539.2342
120.0 5.0 -5.0 12.5 4308501.8722
120.0 -2.5 -2.5 12.5 15500.2457
120.0 0.0 -2.5 12.5 4573254.458500001
120.0 2.5 -2.5 12.5 115954604.6295
120.0 5.0 -2.5 12.5 3843979.919
120.0 7.5 -2.5 12.5 2241466.0616
120.0 0.0 0.0 12.5 15738342.9899
120.0 2.5 0.0 12.5 663902442.8683001
120.0 5.0 0.0 12.5 106980900.5986
120.0 7.5 0.0 12.5 5639745.572500001
120.0 0.0 2.5 12.5 14193689.6791
120.0 2.5 2.5 12.5 1097540734.613
120.0 5.0 2.5 12.5 9999999860.899
120.0 7.5 2.5 12.5 9999999785.399601
120.0 0.0 5.0 12.5 42655.3483
120.0 2.5 5.0 12.5 1121155777.4379
120.0 5.0 5.0 12.5 1010983651.0975
120.0 -2.5 -10.0 13.75 15.3074
120.0 0.0 -10.0 13.75 44.1291
120.0 5.0 -10.0 13.75 75.9631
120.0 10.0 -10.0 13.75 875.9698
120.0 2.5 -7.5 13.75 4138.1009
120.0 5.0 -7.5 13.75 1160.5323
120.0 7.5 -7.5 13.75 4934.3433
120.0 -2.5 -5.0 13.75 37.4377
120.0 0.0 -5.0 13.75 8120.3477
120.0 2.5 -5.0 13.75 166384754.7381
120.0 5.0 -5.0 13.75 41623179.6936
120.0 -5.0 -2.5 13.75 13.7857
120.0 -2.5 -2.5 13.75 155.01069999999999
120.0 0.0 -2.5 13.75 10853.5755
120.0 2.5 -2.5 13.75 10026674.0705
120.0 5.0 -2.5 13.75 18811.0092
120.0 7.5 -2.5 13.75 6625173.8685
120.0 10.0 -2.5 13.75 222200992.79209998
120.0 -5.0 0.0 13.75 17.8394
120.0 0.0 0.0 13.75 53289602.6289
120.0 2.5 0.0 13.75 92428950.7649
120.0 5.0 0.0 13.75 1316540911.0979998
120.0 7.5 0.0 13.75 532002005.65970004
120.0 0.0 2.5 13.75 472695149.757
120.0 2.5 2.5 13.75 10000000117.8887
120.0 5.0 2.5 13.75 2619445.705
120.0 7.5 2.5 13.75 1103965796.5537
120.0 0.0 5.0 13.75 11159.418
120.0 2.5 5.0 13.75 46639768.1158
120.0 5.0 5.0 13.75 19578652.995699998
120.0 7.5 5.0 13.75 9999999900.981901
120.0 -5.0 -10.0 15.0 1.8255
120.0 -2.5 -10.0 15.0 15.4699
120.0 0.0 -10.0 15.0 34.1684
120.0 2.5 -10.0 15.0 45.739200000000004
120.0 5.0 -10.0 15.0 32.0303
120.0 10.0 -10.0 15.0 -24.8997
120.0 -5.0 -7.5 15.0 6.4316
120.0 -2.5 -7.5 15.0 25.4408
120.0 0.0 -7.5 15.0 52.8065
120.0 2.5 -7.5 15.0 80.2087
120.0 5.0 -7.5 15.0 327.8256
120.0 7.5 -7.5 15.0 333.5417
120.0 -5.0 -5.0 15.0 10.8721
120.0 -2.5 -5.0 15.0 32.863
120.0 0.0 -5.0 15.0 62.91239999999999
120.0 2.5 -5.0 15.0 294.7489
120.0 5.0 -5.0 15.0 551833.9241000001
120.0 7.5 -5.0 15.0 9999999579.977901
120.0 10.0 -5.0 15.0 175.4575
120.0 -5.0 -2.5 15.0 14.551
120.0 -2.5 -2.5 15.0 34.93429999999999
120.0 0.0 -2.5 15.0 2307.0562
120.0 2.5 -2.5 15.0 11218064.536999999
120.0 5.0 -2.5 15.0 606.3626
120.0 7.5 -2.5 15.0 58163.4551
120.0 10.0 -2.5 15.0 26453418.6861
120.0 -5.0 0.0 15.0 14.2668
120.0 -2.5 0.0 15.0 53.031400000000005
120.0 0.0 0.0 15.0 3093775131.8018003
120.0 2.5 0.0 15.0 197355209.9461
120.0 5.0 0.0 15.0 68114915.4238
120.0 7.5 0.0 15.0 5019371.094699999
120.0 10.0 0.0 15.0 7579705.5343
120.0 0.0 2.5 15.0 29804417.2885
120.0 2.5 2.5 15.0 376041334.0266
120.0 5.0 2.5 15.0 662498869.0123999
120.0 7.5 2.5 15.0 225663.4362
120.0 10.0 2.5 15.0 3160586.7205
120.0 0.0 5.0 15.0 59.0185
120.0 2.5 5.0 15.0 36209160.835499994
120.0 5.0 5.0 15.0 16623905.6569
120.0 7.5 5.0 15.0 77171734.1518
120.0 10.0 5.0 15.0 130970602.1132
120.0 -5.0 -10.0 16.25 2.9333
120.0 -2.5 -10.0 16.25 13.0373
120.0 0.0 -10.0 16.25 23.6117
120.0 2.5 -10.0 16.25 26.939100000000003
120.0 5.0 -10.0 16.25 15.282
120.0 7.5 -10.0 16.25 -9.6831
120.0 10.0 -10.0 16.25 -30.131800000000002
120.0 -5.0 -7.5 16.25 7.5628
120.0 -2.5 -7.5 16.25 21.177699999999998
120.0 0.0 -7.5 16.25 34.845600000000005
120.0 2.5 -7.5 16.25 32.16
120.0 5.0 -7.5 16.25 25.621
120.0 7.5 -7.5 16.25 1.7090999999999994
120.0 10.0 -7.5 16.25 -58.6975
120.0 -5.0 -5.0 16.25 10.892
120.0 -2.5 -5.0 16.25 26.6757
120.0 0.0 -5.0 16.25 37.7031
120.0 2.5 -5.0 16.25 15.652
120.0 5.0 -5.0 16.25 340.7425
120.0 7.5 -5.0 16.25 4344662.8244
120.0 10.0 -5.0 16.25 134.6071
120.0 -5.0 -2.5 16.25 12.6694
120.0 -2.5 -2.5 16.25 26.7152
120.0 0.0 -2.5 16.25 281.7684
120.0 2.5 -2.5 16.25 4418664.5815
120.0 5.0 -2.5 16.25 880994.6506
120.0 7.5 -2.5 16.25 90.7921
120.0 10.0 -2.5 16.25 626.8691
120.0 -5.0 0.0 16.25 11.1708
120.0 -2.5 0.0 16.25 16.896800000000002
120.0 0.0 0.0 16.25 10702.371000000001
120.0 2.5 0.0 16.25 256113.9872
120.0 5.0 0.0 16.25 1986403344.4379
120.0 7.5 0.0 16.25 37101.365099999995
120.0 10.0 0.0 16.25 54228.8965
120.0 -5.0 2.5 16.25 6.7719000000000005
120.0 -2.5 2.5 16.25 3.4093999999999998
120.0 0.0 2.5 16.25 63.4449
120.0 2.5 2.5 16.25 5625.0304
120.0 5.0 2.5 16.25 9999999941.4852
120.0 7.5 2.5 16.25 2043.7416
120.0 10.0 2.5 16.25 483.26500000000004
120.0 -2.5 5.0 16.25 -2.6708
120.0 0.0 5.0 16.25 -13.8087
120.0 2.5 5.0 16.25 200.4466
120.0 5.0 5.0 16.25 6541121393.7465
120.0 7.5 5.0 16.25 55006.1986
120.0 10.0 5.0 16.25 50327.120899999994
180.0 -5.0 -10.0 3.75 4.3178
180.0 -2.5 -10.0 3.75 10687.185899999999
180.0 0.0 -10.0 3.75 241176108.0814
180.0 2.5 -10.0 3.75 8317392.8464
180.0 5.0 -10.0 3.75 3310731197.1594
180.0 7.5 -10.0 3.75 437822566.6357
180.0 10.0 -10.0 3.75 10000000099.911201
180.0 -5.0 -7.5 3.75 393.23159999999996
180.0 -2.5 -7.5 3.75 95861611.4107
180.0 0.0 -7.5 3.75 59169267.5119
180.0 2.5 -7.5 3.75 10000000031.0746
180.0 5.0 -7.5 3.75 2988326481.1997
180.0 7.5 -7.5 3.75 9999999808.632
180.0 10.0 -7.5 3.75 10000000112.953701
180.0 -5.0 -5.0 3.75 26361.4206
180.0 -2.5 -5.0 3.75 3828336176.3397
180.0 0.0 -5.0 3.75 10000000004.027102
180.0 2.5 -5.0 3.75 9999999976.7388
180.0 5.0 -5.0 3.75 9999999948.794802
180.0 7.5 -5.0 3.75 10000000079.886702
180.0 10.0 -5.0 3.75 9999999954.302
180.0 -5.0 -2.5 3.75 116.56139999999999
180.0 -2.5 -2.5 3.75 483685.80100000004
180.0 0.0 -2.5 3.75 2931502579.5678997
180.0 2.5 -2.5 3.75 10000000306.9731
180.0 5.0 -2.5 3.75 9999999790.2805
180.0 7.5 -2.5 3.75 9999999639.5259
180.0 10.0 -2.5 3.75 10000000140.006102
180.0 -5.0 0.0 3.75 28995.803499999998
180.0 -2.5 0.0 3.75 1376373.2517
180.0 0.0 0.0 3.75 10000000078.460001
180.0 2.5 0.0 3.75 10000000130.323801
180.0 5.0 0.0 3.75 10000000173.596401
180.0 7.5 0.0 3.75 10000000090.861301
180.0 10.0 0.0 3.75 9999999513.3089
180.0 -5.0 2.5 3.75 10000000040.630402
180.0 -2.5 2.5 3.75 199312542.9483
180.0 0.0 2.5 3.75 10000000145.2978
180.0 2.5 2.5 3.75 10000000201.0308
180.0 5.0 2.5 3.75 10000000059.9951
180.0 7.5 2.5 3.75 10000000103.163502
180.0 10.0 2.5 3.75 9999999940.366701
180.0 -5.0 5.0 3.75 3160786873.5845
180.0 -2.5 5.0 3.75 1948716876.671
180.0 0.0 5.0 3.75 10000000174.1646
180.0 2.5 5.0 3.75 10000000149.060001
180.0 5.0 5.0 3.75 10000000287.5638
180.0 7.5 5.0 3.75 10000000156.691101
180.0 10.0 5.0 3.75 10000000435.1604
180.0 5.0 -2.5 8.75 53444331.791200005
180.0 5.0 -2.5 10.0 220321115.7466
180.0 2.5 2.5 10.0 137426.53280000002
180.0 5.0 -10.0 11.25 -13.5919
180.0 7.5 -10.0 11.25 90.7015
180.0 -2.5 -7.5 11.25 9.2583
180.0 5.0 -7.5 11.25 -28.261
180.0 2.5 -5.0 11.25 -22.2032
180.0 5.0 -5.0 11.25 -42.406
180.0 7.5 -5.0 11.25 1544245766.5783
180.0 10.0 -5.0 11.25 110650552.7524
180.0 5.0 -2.5 11.25 516.5651
180.0 0.0 0.0 11.25 2800.6443999999997
180.0 -2.5 2.5 11.25 156.6135
180.0 2.5 2.5 11.25 6208249.9365
180.0 -5.0 5.0 11.25 45.9208
180.0 5.0 5.0 11.25 10000000059.779701
180.0 0.0 -10.0 12.5 -0.4716
180.0 2.5 -10.0 12.5 -4.4928
180.0 5.0 -10.0 12.5 -6.2249
180.0 7.5 -10.0 12.5 2.6281
180.0 10.0 -10.0 12.5 27.034699999999997
180.0 -2.5 -7.5 12.5 5.455299999999999
180.0 0.0 -7.5 12.5 -0.4274
180.0 2.5 -7.5 12.5 -9.555299999999999
180.0 5.0 -7.5 12.5 -14.0026
180.0 7.5 -7.5 12.5 8.1
180.0 10.0 -7.5 12.5 2647.2354
180.0 2.5 -5.0 12.5 -19.8132
180.0 5.0 -5.0 12.5 -20.8649
180.0 7.5 -5.0 12.5 33967492.5329
180.0 10.0 -5.0 12.5 7825022.9644
180.0 2.5 -2.5 12.5 -32.1755
180.0 5.0 -2.5 12.5 117.6743
180.0 0.0 0.0 12.5 26.928800000000003
180.0 2.5 0.0 12.5 -20.6428
180.0 5.0 0.0 12.5 14738.444599999999
180.0 -2.5 2.5 12.5 43.445299999999996
180.0 0.0 2.5 12.5 229845063.3747
180.0 2.5 2.5 12.5 19129848.1227
180.0 -5.0 5.0 12.5 39.3854
180.0 2.5 5.0 12.5 83337417.8422
180.0 5.0 5.0 12.5 2984591576.9757
180.0 -5.0 -10.0 13.75 0.983
180.0 -2.5 -10.0 13.75 1.0566
180.0 0.0 -10.0 13.75 -0.46030000000000004
180.0 2.5 -10.0 13.75 -3.0540000000000003
180.0 5.0 -10.0 13.75 -1.9102999999999999
180.0 7.5 -10.0 13.75 6.6094
180.0 10.0 -10.0 13.75 20.1841
180.0 -2.5 -7.5 13.75 2.7492
180.0 0.0 -7.5 13.75 -1.8509
180.0 2.5 -7.5 13.75 -6.4419
180.0 5.0 -7.5 13.75 -3.9728000000000003
180.0 7.5 -7.5 13.75 10.642399999999999
180.0 10.0 -7.5 13.75 23.397399999999998
180.0 -2.5 -5.0 13.75 6.978
180.0 0.0 -5.0 13.75 -1.5980999999999999
180.0 2.5 -5.0 13.75 -11.6782
180.0 5.0 -5.0 13.75 -6.2389
180.0 7.5 -5.0 13.75 5493.4503
180.0 10.0 -5.0 13.75 3309.2536
180.0 2.5 -2.5 13.75 -16.3692
180.0 5.0 -2.5 13.75 -3.6059
180.0 7.5 -2.5 13.75 1912.6922
180.0 -2.5 0.0 13.75 24.243699999999997
180.0 0.0 0.0 13.75 9.9636
180.0 2.5 0.0 13.75 -15.8581
180.0 5.0 0.0 13.75 395.8699
180.0 -5.0 2.5 13.75 26.6943
180.0 -2.5 2.5 13.75 32.2336
180.0 0.0 2.5 13.75 693.1666
180.0 2.5 2.5 13.75 11807.696100000001
180.0 -5.0 5.0 13.75 31.467
180.0 -2.5 5.0 13.75 46.1649
180.0 0.0 5.0 13.75 18398.6347
180.0 2.5 5.0 13.75 4637681.3135
180.0 5.0 5.0 13.75 15140960.140999999
180.0 -5.0 -10.0 15.0 0.34180000000000005
180.0 -2.5 -10.0 15.0 0.5837
180.0 0.0 -10.0 15.0 0.018300000000000004
180.0 2.5 -10.0 15.0 -0.3339
180.0 5.0 -10.0 15.0 1.4568999999999999
180.0 7.5 -10.0 15.0 7.7383
180.0 10.0 -10.0 15.0 15.7262
180.0 -5.0 -7.5 15.0 1.7115
180.0 -2.5 -7.5 15.0 1.5695000000000001
180.0 0.0 -7.5 15.0 -1.1275
180.0 2.5 -7.5 15.0 -2.9013
180.0 5.0 -7.5 15.0 0.7485999999999999
180.0 7.5 -7.5 15.0 10.6599
180.0 10.0 -7.5 15.0 14.5688
180.0 -2.5 -5.0 15.0 3.4925
180.0 0.0 -5.0 15.0 -1.2128999999999999
180.0 2.5 -5.0 15.0 -5.8519
180.0 5.0 -5.0 15.0 0.08789999999999987
180.0 7.5 -5.0 15.0 12.516199999999998
180.0 10.0 -5.0 15.0 45.8964
180.0 -2.5 -2.5 15.0 7.7124
180.0 0.0 -2.5 15.0 0.1977
180.0 2.5 -2.5 15.0 -8.4696
180.0 5.0 -2.5 15.0 -5.2632
180.0 7.5 -2.5 15.0 37.5355
180.0 10.0 -2.5 15.0 441.2886
180.0 -2.5 0.0 15.0 14.836500000000001
180.0 0.0 0.0 15.0 4.7737
180.0 2.5 0.0 15.0 -12.5546
180.0 5.0 0.0 15.0 -17.1098
180.0 7.5 0.0 15.0 21842787.6484
180.0 10.0 0.0 15.0 101650845.5309
180.0 -5.0 2.5 15.0 18.723000000000003
180.0 -2.5 2.5 15.0 22.2301
180.0 0.0 2.5 15.0 10.4773
180.0 2.5 2.5 15.0 -17.4454
180.0 5.0 2.5 15.0 442771.5301
180.0 7.5 2.5 15.0 249727.53710000002
180.0 10.0 2.5 15.0 1105013226.6376002
180.0 -5.0 5.0 15.0 22.7185
180.0 -2.5 5.0 15.0 27.959
180.0 0.0 5.0 15.0 21.6575
180.0 2.5 5.0 15.0 368.63509999999997
180.0 5.0 5.0 15.0 5790040.571699999
180.0 7.5 5.0 15.0 9999999938.373001
180.0 10.0 5.0 15.0 10000000028.0062
180.0 -5.0 -10.0 16.25 0.0356
180.0 -2.5 -10.0 16.25 0.21869999999999998
180.0 0.0 -10.0 16.25 0.115
180.0 2.5 -10.0 16.25 0.3172
180.0 5.0 -10.0 16.25 2.4734000000000003
180.0 7.5 -10.0 16.25 6.4604
180.0 10.0 -10.0 16.25 9.863999999999999
180.0 -5.0 -7.5 16.25 0.6776
180.0 -2.5 -7.5 16.25 0.5853999999999999
180.0 0.0 -7.5 16.25 -0.4673
180.0 2.5 -7.5 16.25 -0.4303
180.0 5.0 -7.5 16.25 2.9103000000000003
180.0 7.5 -7.5 16.25 8.1919
180.0 10.0 -7.5 16.25 6.9808
180.0 -5.0 -5.0 16.25 1.9695
180.0 -2.5 -5.0 16.25 1.7393
180.0 0.0 -5.0 16.25 -0.8569
180.0 2.5 -5.0 16.25 -2.1928
180.0 5.0 -5.0 16.25 1.9391999999999998
180.0 7.5 -5.0 16.25 8.6352
180.0 10.0 -5.0 16.25 -4.259200000000001
180.0 -5.0 -2.5 16.25 4.1448
180.0 -2.5 -2.5 16.25 4.1478
180.0 0.0 -2.5 16.25 -0.7565
180.0 2.5 -2.5 16.25 -5.3871
180.0 5.0 -2.5 16.25 -1.7985000000000002
180.0 7.5 -2.5 16.25 20.073900000000002
180.0 10.0 -2.5 16.25 432.4477
180.0 -2.5 0.0 16.25 8.558399999999999
180.0 0.0 0.0 16.25 0.8109
180.0 2.5 0.0 16.25 -10.8033
180.0 5.0 0.0 16.25 -18.5013
180.0 7.5 0.0 16.25 3916.7808
180.0 10.0 0.0 16.25 6688424.8463
180.0 -5.0 2.5 16.25 12.1806
180.0 -2.5 2.5 16.25 13.783900000000001
180.0 0.0 2.5 16.25 2.4161000000000006
180.0 2.5 2.5 16.25 -24.7586
180.0 5.0 2.5 16.25 6.785499999999999
180.0 7.5 2.5 16.25 2087.3217000000004
180.0 10.0 2.5 16.25 65491262.4677
180.0 -5.0 5.0 16.25 15.6171
180.0 -2.5 5.0 16.25 17.86
180.0 0.0 5.0 16.25 2.1041999999999996
180.0 2.5 5.0 16.25 -21.8659
180.0 5.0 5.0 16.25 15121.0131
180.0 7.5 5.0 16.25 9999999924.8286
180.0 10.0 5.0 16.25 126501.7599
240.0 -5.0 -10.0 3.75 11.3797
240.0 -2.5 -10.0 3.75 25.2679
240.0 0.0 -10.0 3.75 36912.1213
240.0 2.5 -10.0 3.75 206379180.2852
240.0 5.0 -10.0 3.75 10000000111.6746
240.0 7.5 -10.0 3.75 9999999997.8159
240.0 10.0 -10.0 3.75 4037385728.6023
240.0 -5.0 -7.5 3.75 26.070999999999998
240.0 -2.5 -7.5 3.75 255.6073
240.0 0.0 -7.5 3.75 10784.2112
240.0 2.5 -7.5 3.75 6637272.2223
240.0 5.0 -7.5 3.75 10000000171.732
240.0 7.5 -7.5 3.75 9999999990.7504
240.0 10.0 -7.5 3.75 10000000066.2112
240.0 -5.0 -5.0 3.75 44.189699999999995
240.0 -2.5 -5.0 3.75 10623921.2822
240.0 0.0 -5.0 3.75 10000000145.2387
240.0 2.5 -5.0 3.75 10000000121.3155
240.0 5.0 -5.0 3.75 10000000085.8838
240.0 7.5 -5.0 3.75 10000000027.173801
240.0 10.0 -5.0 3.75 9999999941.1021
240.0 -5.0 -2.5 3.75 6494.659600000001
240.0 -2.5 -2.5 3.75 92845501.6057
240.0 0.0 -2.5 3.75 10000000085.856201
240.0 2.5 -2.5 3.75 10000000018.230001
240.0 5.0 -2.5 3.75 10000000415.236801
240.0 7.5 -2.5 3.75 9999999688.0358
240.0 10.0 -2.5 3.75 9999999988.6259
240.0 -5.0 0.0 3.75 2116.1209
240.0 -2.5 0.0 3.75 10000000056.983501
240.0 0.0 0.0 3.75 10000000032.6683
240.0 2.5 0.0 3.75 10000000060.8539
240.0 5.0 0.0 3.75 10000000311.0014
240.0 7.5 0.0 3.75 9999999990.5128
240.0 10.0 0.0 3.75 9999999831.234402
240.0 -5.0 2.5 3.75 52.596700000000006
240.0 -2.5 2.5 3.75 569417708.4434
240.0 0.0 2.5 3.75 9999999440.444801
240.0 2.5 2.5 3.75 10000000080.6352
240.0 5.0 2.5 3.75 10000000009.587301
240.0 7.5 2.5 3.75 10000000128.893702
240.0 10.0 2.5 3.75 10000000039.039902
240.0 -5.0 5.0 3.75 827654860.4063
240.0 -2.5 5.0 3.75 541699514.9977
240.0 0.0 5.0 3.75 5535123919.8488
240.0 2.5 5.0 3.75 9999999274.1131
240.0 5.0 5.0 3.75 10000000443.4587
240.0 7.5 5.0 3.75 9999999908.114801
240.0 10.0 5.0 3.75 10000000309.3992
240.0 -2.5 -10.0 11.25 6.954400000000001
240.0 5.0 -10.0 11.25 22.21
240.0 10.0 -10.0 11.25 152678.78889999999
240.0 5.0 -7.5 11.25 24.9278
240.0 -2.5 -2.5 11.25 50.845800000000004
240.0 -5.0 0.0 11.25 49.1211
240.0 -2.5 0.0 11.25 2951783300.9579997
240.0 0.0 0.0 11.25 10000000190.989101
240.0 -5.0 2.5 11.25 17980.885199999997
240.0 0.0 2.5 11.25 10000000214.031801
240.0 0.0 5.0 11.25 9999999633.3122
240.0 -5.0 -10.0 12.5 2.2296
240.0 -2.5 -10.0 12.5 4.3685
240.0 0.0 -10.0 12.5 7.5297
240.0 5.0 -10.0 12.5 7.168399999999999
240.0 7.5 -10.0 12.5 5.963900000000001
240.0 10.0 -10.0 12.5 30.7925
240.0 5.0 -7.5 12.5 -5.4047
240.0 7.5 -7.5 12.5 891.8713
240.0 10.0 -7.5 12.5 3052.6721000000002
240.0 2.5 -5.0 12.5 181.7727
240.0 -5.0 -2.5 12.5 25.793699999999998
240.0 -2.5 -2.5 12.5 21.7075
240.0 0.0 -2.5 12.5 8.5191
240.0 -5.0 0.0 12.5 54.2119
240.0 -2.5 0.0 12.5 8188185169.686501
240.0 0.0 0.0 12.5 9999999427.8614
240.0 2.5 0.0 12.5 349746273.4138
240.0 -5.0 2.5 12.5 7043.9946
240.0 0.0 2.5 12.5 533561362.4309
240.0 0.0 5.0 12.5 9999999846.3314
240.0 -2.5 -10.0 13.75 2.0396
240.0 0.0 -10.0 13.75 3.8489
240.0 2.5 -10.0 13.75 4.328200000000001
240.0 5.0 -10.0 13.75 2.6416999999999997
240.0 7.5 -10.0 13.75 -2.7188
240.0 10.0 -10.0 13.75 -7.1151
240.0 -5.0 -7.5 13.75 4.3902
240.0 2.5 -7.5 13.75 -3.6888
240.0 5.0 -7.5 13.75 -14.389199999999999
240.0 7.5 -7.5 13.75 -32.8548
240.0 10.0 -7.5 13.75 -42.8078
240.0 -5.0 -5.0 13.75 10.0358
240.0 -2.5 -5.0 13.75 7.3881
240.0 2.5 -5.0 13.75 -18.2155
240.0 10.0 -5.0 13.75 -51.7608
240.0 -5.0 -2.5 13.75 17.407500000000002
240.0 -2.5 -2.5 13.75 9.7425
240.0 0.0 -2.5 13.75 -9.4624
240.0 2.5 -2.5 13.75 2719.4125
240.0 -5.0 0.0 13.75 23.4757
240.0 -2.5 0.0 13.75 4002.2906
240.0 0.0 0.0 13.75 3279603.8345000003
240.0 2.5 0.0 13.75 1084246726.7526
240.0 -5.0 2.5 13.75 180.9739
240.0 0.0 2.5 13.75 470608.7229
240.0 2.5 2.5 13.75 1572085.8499999999
240.0 -5.0 5.0 13.75 211.898
240.0 0.0 5.0 13.75 148569669.0027
240.0 2.5 5.0 13.75 74127550.6889
240.0 -5.0 -10.0 15.0 0.566
240.0 -2.5 -10.0 15.0 1.1139
240.0 0.0 -10.0 15.0 1.3508
240.0 2.5 -10.0 15.0 1.1251
240.0 5.0 -10.0 15.0 0.08020000000000005
240.0 7.5 -10.0 15.0 -3.6288
240.0 10.0 -10.0 15.0 -5.7023
240.0 -5.0 -7.5 15.0 2.4743999999999997
240.0 -2.5 -7.5 15.0 2.0913
240.0 0.0 -7.5 15.0 -0.4419
240.0 2.5 -7.5 15.0 -6.592
240.0 5.0 -7.5 15.0 -15.3554
240.0 7.5 -7.5 15.0 -26.041
240.0 10.0 -7.5 15.0 -31.8612
240.0 -5.0 -5.0 15.0 6.597
240.0 -2.5 -5.0 15.0 2.9198
240.0 0.0 -5.0 15.0 -5.1789
240.0 2.5 -5.0 15.0 -20.512800000000002
240.0 5.0 -5.0 15.0 -40.0513
240.0 7.5 -5.0 15.0 -44.6943
240.0 10.0 -5.0 15.0 -59.8151
240.0 -5.0 -2.5 15.0 10.621599999999999
240.0 -2.5 -2.5 15.0 2.8652999999999995
240.0 0.0 -2.5 15.0 -14.627
240.0 2.5 -2.5 15.0 -33.3765
240.0 5.0 -2.5 15.0 -27.993499999999997
240.0 7.5 -2.5 15.0 -33.0826
240.0 10.0 -2.5 15.0 159.3231
240.0 -5.0 0.0 15.0 13.312
240.0 -2.5 0.0 15.0 3.6173999999999995
240.0 0.0 0.0 15.0 304.89079999999996
240.0 2.5 0.0 15.0 204081.70330000002
240.0 5.0 0.0 15.0 11983758.052399999
240.0 10.0 0.0 15.0 398.8666
240.0 -5.0 2.5 15.0 11.862499999999999
240.0 -2.5 2.5 15.0 43.133700000000005
240.0 0.0 2.5 15.0 4693.2086
240.0 2.5 2.5 15.0 17365.880699999998
240.0 5.0 2.5 15.0 766553.9285
240.0 10.0 2.5 15.0 9331.0408
240.0 -5.0 5.0 15.0 176.9442
240.0 0.0 5.0 15.0 141683356.0525
240.0 2.5 5.0 15.0 8532053.6799
240.0 5.0 5.0 15.0 66593150.3375
240.0 -5.0 -10.0 16.25 0.3834
240.0 -2.5 -10.0 16.25 0.31389999999999996
240.0 0.0 -10.0 16.25 0.4648
240.0 2.5 -10.0 16.25 -0.24230000000000002
240.0 5.0 -10.0 16.25 -1.6784
240.0 7.5 -10.0 16.25 -2.8769
240.0 10.0 -10.0 16.25 -3.4506
240.0 -5.0 -7.5 16.25 1.6555
240.0 -2.5 -7.5 16.25 0.7748999999999999
240.0 0.0 -7.5 16.25 -1.5915
240.0 2.5 -7.5 16.25 -6.579
240.0 5.0 -7.5 16.25 -13.6075
240.0 7.5 -7.5 16.25 -18.9125
240.0 10.0 -7.5 16.25 -21.3814
240.0 -5.0 -5.0 16.25 3.9364
240.0 -2.5 -5.0 16.25 0.4308
240.0 0.0 -5.0 16.25 -7.173299999999999
240.0 2.5 -5.0 16.25 -18.4174
240.0 5.0 -5.0 16.25 -31.3271
240.0 7.5 -5.0 16.25 -39.322
240.0 10.0 -5.0 16.25 -40.784499999999994
240.0 -5.0 -2.5 16.25 6.0374
240.0 -2.5 -2.5 16.25 -1.5676999999999999
240.0 0.0 -2.5 16.25 -16.2944
240.0 2.5 -2.5 16.25 -33.998
240.0 5.0 -2.5 16.25 -48.7156
240.0 7.5 -2.5 16.25 -54.57
240.0 10.0 -2.5 16.25 -51.358
240.0 -5.0 0.0 16.25 7.6411
240.0 -2.5 0.0 16.25 -4.0402000000000005
240.0 0.0 0.0 16.25 -30.8325
240.0 2.5 0.0 16.25 107.0893
240.0 5.0 0.0 16.25 879.0709
240.0 7.5 0.0 16.25 2752.5915
240.0 10.0 0.0 16.25 -38.8071
240.0 -5.0 2.5 16.25 7.6107000000000005
240.0 -2.5 2.5 16.25 17.952199999999998
240.0 0.0 2.5 16.25 199.77759999999998
240.0 2.5 2.5 16.25 160328.6109
240.0 5.0 2.5 16.25 1819.009
240.0 7.5 2.5 16.25 258041.4756
240.0 10.0 2.5 16.25 87.41199999999999
240.0 -5.0 5.0 16.25 0.3184
240.0 -2.5 5.0 16.25 11873.0723
240.0 0.0 5.0 16.25 157119.0435
240.0 2.5 5.0 16.25 54930763.923700005
240.0 5.0 5.0 16.25 459100.25430000003
240.0 7.5 5.0 16.25 511074.97469999996
240.0 10.0 5.0 16.25 163.16699999999997
300.0 -5.0 -10.0 3.75 20.8004
300.0 -2.5 -10.0 3.75 30.421499999999998
300.0 0.0 -10.0 3.75 20798.4137
300.0 2.5 -10.0 3.75 550625537.1467
300.0 5.0 -10.0 3.75 10000000050.4169
300.0 7.5 -10.0 3.75 10000000033.4106
300.0 10.0 -10.0 3.75 1267420667.345
300.0 -5.0 -7.5 3.75 20.3955
300.0 -2.5 -7.5 3.75 4140.4012999999995
300.0 0.0 -7.5 3.75 38685417.7112
300.0 2.5 -7.5 3.75 2631607780.9859
300.0 5.0 -7.5 3.75 9999999929.443901
300.0 7.5 -7.5 3.75 10000000097.622301
300.0 10.0 -7.5 3.75 10000000153.0676
300.0 -5.0 -5.0 3.75 1032608821.9036001
300.0 -2.5 -5.0 3.75 16760402.3952
300.0 0.0 -5.0 3.75 10000000027.8878
300.0 2.5 -5.0 3.75 9999999810.3791
300.0 5.0 -5.0 3.75 10000000166.668201
300.0 7.5 -5.0 3.75 10000000018.540901
300.0 10.0 -5.0 3.75 10000000259.1867
300.0 -5.0 -2.5 3.75 907489.3571
300.0 -2.5 -2.5 3.75 7104504298.3089
300.0 0.0 -2.5 3.75 10000000023.3554
300.0 2.5 -2.5 3.75 10000000044.070501
300.0 5.0 -2.5 3.75 10000000367.623701
300.0 7.5 -2.5 3.75 10000000137.093801
300.0 10.0 -2.5 3.75 10000000118.2476
300.0 -5.0 0.0 3.75 9999999952.7759
300.0 -2.5 0.0 3.75 9999999861.0508
300.0 0.0 0.0 3.75 9999999710.9407
300.0 2.5 0.0 3.75 10000000317.4176
300.0 5.0 0.0 3.75 10000000163.248701
300.0 7.5 0.0 3.75 10000000704.3733
300.0 10.0 0.0 3.75 10000000021.108002
300.0 -5.0 2.5 3.75 324550233.47929996
300.0 -2.5 2.5 3.75 10000000087.744701
300.0 0.0 2.5 3.75 5157841372.2288
300.0 2.5 2.5 3.75 9999999919.7996
300.0 5.0 2.5 3.75 10000000711.3831
300.0 7.5 2.5 3.75 10000000586.341002
300.0 10.0 2.5 3.75 10000000291.3138
300.0 -5.0 5.0 3.75 9999999983.7968
300.0 -2.5 5.0 3.75 9999999895.4659
300.0 0.0 5.0 3.75 7824971590.2514
300.0 2.5 5.0 3.75 10000000184.7378
300.0 5.0 5.0 3.75 10000000099.2106
300.0 7.5 5.0 3.75 10000000204.7856
300.0 10.0 5.0 3.75 10000000266.3652
300.0 -2.5 -5.0 8.75 4209344.5398
300.0 -5.0 5.0 8.75 130120590.4699
300.0 -2.5 -10.0 10.0 43.747
300.0 -2.5 -7.5 10.0 378.4388
300.0 -2.5 -5.0 10.0 1695.1671
300.0 -5.0 -2.5 10.0 894198.0282
300.0 -2.5 2.5 10.0 457477325.0612
300.0 -5.0 5.0 10.0 5187511375.804601
300.0 -2.5 5.0 10.0 9999999753.353
300.0 0.0 5.0 10.0 9999999836.5464
300.0 -2.5 -10.0 11.25 27.543699999999998
300.0 0.0 -10.0 11.25 6.422299999999999
300.0 2.5 -10.0 11.25 4742.9367
300.0 -2.5 -7.5 11.25 44.9886
300.0 0.0 -7.5 11.25 67.5706
300.0 -2.5 -5.0 11.25 168.9194
300.0 -2.5 0.0 11.25 1309730103.7098
300.0 -5.0 2.5 11.25 9999999916.446901
300.0 -2.5 2.5 11.25 6518019145.2138
300.0 -5.0 5.0 11.25 9999999889.1551
300.0 -2.5 5.0 11.25 9030269152.7413
300.0 0.0 5.0 11.25 9999999917.984001
300.0 5.0 5.0 11.25 10000000290.282701
300.0 -2.5 -10.0 12.5 17.5283
300.0 0.0 -10.0 12.5 0.26190000000000024
300.0 2.5 -10.0 12.5 -22.7599
300.0 5.0 -10.0 12.5 725.9456
300.0 7.5 -10.0 12.5 119161.8738
300.0 -5.0 -7.5 12.5 19.606399999999997
300.0 -2.5 -7.5 12.5 36.47
300.0 0.0 -7.5 12.5 20.0107
300.0 2.5 -7.5 12.5 622.4580000000001
300.0 -5.0 -5.0 12.5 13.0472
300.0 -2.5 -5.0 12.5 102.0608
300.0 0.0 -5.0 12.5 1215.7418
300.0 -5.0 -2.5 12.5 521.7288
300.0 -2.5 0.0 12.5 1003545112.9171
300.0 -5.0 2.5 12.5 5497634754.7494
300.0 -2.5 2.5 12.5 10000000247.6767
300.0 0.0 2.5 12.5 9999999990.7485
300.0 -5.0 5.0 12.5 5832269923.6437
300.0 -2.5 5.0 12.5 367071743.2468
300.0 0.0 5.0 12.5 10000000285.814701
300.0 5.0 5.0 12.5 4426483974.3222
300.0 7.5 5.0 12.5 400332184.6027
300.0 -5.0 -10.0 13.75 10.254199999999999
300.0 -2.5 -10.0 13.75 11.192499999999999
300.0 0.0 -10.0 13.75 -1.1263
300.0 2.5 -10.0 13.75 -28.4927
300.0 5.0 -10.0 13.75 -56.001599999999996
300.0 7.5 -10.0 13.75 -33.088100000000004
300.0 10.0 -10.0 13.75 103.76440000000002
300.0 -5.0 -7.5 13.75 15.1701
300.0 -2.5 -7.5 13.75 28.0578
300.0 0.0 -7.5 13.75 21.5993
300.0 2.5 -7.5 13.75 -19.478
300.0 5.0 -7.5 13.75 -64.0312
300.0 -5.0 -5.0 13.75 13.0305
300.0 -2.5 -5.0 13.75 50.5962
300.0 0.0 -5.0 13.75 94.73649999999999
300.0 2.5 -2.5 13.75 837996.7815
300.0 -5.0 0.0 13.75 1186.0132
300.0 -2.5 0.0 13.75 786406.3219
300.0 -5.0 2.5 13.75 4373260.8995
300.0 -2.5 2.5 13.75 148243748.0075
300.0 0.0 2.5 13.75 175740672.4845
300.0 10.0 2.5 13.75 17922.141
300.0 -5.0 5.0 13.75 11044305.7026
300.0 -2.5 5.0 13.75 10000000024.2392
300.0 0.0 5.0 13.75 6787414.852200001
300.0 2.5 5.0 13.75 9999999950.673302
300.0 7.5 5.0 13.75 650184841.6423
300.0 10.0 5.0 13.75 7262493928.3412
300.0 -5.0 -10.0 15.0 7.0799
300.0 -2.5 -10.0 15.0 7.4143
300.0 0.0 -10.0 15.0 -1.1782
300.0 2.5 -10.0 15.0 -20.724
300.0 5.0 -10.0 15.0 -41.5164
300.0 7.5 -10.0 15.0 -55.7859
300.0 10.0 -10.0 15.0 -47.5668
300.0 -5.0 -7.5 15.0 10.902199999999999
300.0 -2.5 -7.5 15.0 19.9644
300.0 0.0 -7.5 15.0 16.3296
300.0 2.5 -7.5 15.0 -10.3806
300.0 5.0 -7.5 15.0 -49.1655
300.0 7.5 -7.5 15.0 -66.6588
300.0 10.0 -7.5 15.0 -59.243199999999995
300.0 -5.0 -5.0 15.0 10.7384
300.0 -2.5 -5.0 15.0 35.4116
300.0 0.0 -5.0 15.0 54.3559
300.0 2.5 -5.0 15.0 35.6576
300.0 5.0 -5.0 15.0 9702.5321
300.0 7.5 -5.0 15.0 929.0382999999999
300.0 -5.0 -2.5 15.0 -2.7977
300.0 -2.5 -2.5 15.0 33.992599999999996
300.0 0.0 -2.5 15.0 511.1096
300.0 2.5 -2.5 15.0 618.1069
300.0 7.5 -2.5 15.0 62946766.4082
300.0 -5.0 0.0 15.0 -20.4062
300.0 -2.5 0.0 15.0 1000.3165
300.0 0.0 0.0 15.0 791047.5948999999
300.0 2.5 0.0 15.0 41450129.177600004
300.0 5.0 0.0 15.0 2397613.5659000003
300.0 -5.0 2.5 15.0 1607.025
300.0 -2.5 2.5 15.0 3306115.1839
300.0 0.0 2.5 15.0 9999999679.736101
300.0 2.5 2.5 15.0 4353043445.1149
300.0 5.0 2.5 15.0 10000000171.3069
300.0 7.5 2.5 15.0 341149831.7831
300.0 10.0 2.5 15.0 342.6605
300.0 -5.0 5.0 15.0 106786.3864
300.0 -2.5 5.0 15.0 10000000007.8584
300.0 0.0 5.0 15.0 152818277.9675
300.0 2.5 5.0 15.0 5478600166.973399
300.0 5.0 5.0 15.0 261564211.0828
300.0 7.5 5.0 15.0 16994817.1846
300.0 10.0 5.0 15.0 81993586.27950001
300.0 -5.0 -10.0 16.25 4.1567
300.0 -2.5 -10.0 16.25 4.4648
300.0 0.0 -10.0 16.25 -1.7388
300.0 2.5 -10.0 16.25 -15.3357
300.0 5.0 -10.0 16.25 -30.2102
300.0 7.5 -10.0 16.25 -38.5642
300.0 10.0 -10.0 16.25 -33.7096
300.0 -5.0 -7.5 16.25 7.2424
300.0 -2.5 -7.5 16.25 13.4194
300.0 0.0 -7.5 16.25 10.8661
300.0 2.5 -7.5 16.25 -7.335800000000001
300.0 5.0 -7.5 16.25 -34.705600000000004
300.0 7.5 -7.5 16.25 -51.7401
300.0 10.0 -7.5 16.25 -50.4213
300.0 -5.0 -5.0 16.25 8.3735
300.0 -2.5 -5.0 16.25 24.9728
300.0 0.0 -5.0 16.25 35.7745
300.0 2.5 -5.0 16.25 19.208399999999997
300.0 5.0 -5.0 16.25 -8.966099999999997
300.0 7.5 -5.0 16.25 -29.4043
300.0 10.0 -5.0 16.25 -53.9601
300.0 -5.0 -2.5 16.25 2.6400999999999994
300.0 -2.5 -2.5 16.25 29.754700000000003
300.0 0.0 -2.5 16.25 56.3376
300.0 2.5 -2.5 16.25 74.3872
300.0 5.0 -2.5 16.25 14.7819
300.0 7.5 -2.5 16.25 482961.7537
300.0 10.0 -2.5 16.25 32.9762
300.0 -5.0 0.0 16.25 -9.2561
300.0 -2.5 0.0 16.25 56.9235
300.0 0.0 0.0 16.25 298.4897
300.0 2.5 0.0 16.25 5042855.634699999
300.0 5.0 0.0 16.25 2275.5953
300.0 10.0 0.0 16.25 10992.1558
300.0 -5.0 2.5 16.25 -19.595100000000002
300.0 -2.5 2.5 16.25 80566.87849999999
300.0 0.0 2.5 16.25 106497.4144
300.0 2.5 2.5 16.25 76477542.05620001
300.0 5.0 2.5 16.25 3975029319.4621
300.0 7.5 2.5 16.25 180787.2549
300.0 10.0 2.5 16.25 84.9912
300.0 -5.0 5.0 16.25 9194.672799999998
300.0 -2.5 5.0 16.25 5408999818.0455
300.0 0.0 5.0 16.25 1496311336.4952998
300.0 2.5 5.0 16.25 10000000037.2227
300.0 5.0 5.0 16.25 10071095.0007
300.0 7.5 5.0 16.25 9629995.601699999
300.0 10.0 5.0 16.25 8212.145
