0.0 5.0 -7.5 6.25 2.8470999999999993
0.0 -2.5 5.0 6.25 94220498.40540001
0.0 0.0 2.5 7.5 10000000010.61
0.0 -2.5 5.0 7.5 172400906.82990003
0.0 0.0 5.0 7.5 748249374.2417
0.0 2.5 -10.0 8.75 0.1611
0.0 5.0 -10.0 8.75 0.2661
0.0 7.5 -10.0 8.75 0.47100000000000003
0.0 0.0 -7.5 8.75 -1.2253
0.0 5.0 -7.5 8.75 1.8306
0.0 0.0 0.0 8.75 21586925.3653
0.0 0.0 2.5 8.75 172240542.1758
0.0 -2.5 5.0 8.75 10000000008.344501
0.0 0.0 5.0 8.75 16242050.9536
0.0 2.5 5.0 8.75 204046023.80060002
0.0 5.0 5.0 8.75 10000000059.939001
0.0 5.0 -10.0 10.0 0.1414
0.0 7.5 -10.0 10.0 0.2823
0.0 0.0 -7.5 10.0 -0.49429999999999996
0.0 2.5 -7.5 10.0 1.1077
0.0 5.0 -7.5 10.0 1.7625000000000002
0.0 -2.5 -5.0 10.0 -4.7688
0.0 2.5 -5.0 10.0 0.43409999999999993
0.0 -2.5 -2.5 10.0 74563.9935
0.0 0.0 -2.5 10.0 24.9501
0.0 -2.5 0.0 10.0 137134733.50550002
0.0 0.0 0.0 10.0 553862994.4430001
0.0 2.5 0.0 10.0 3121835.311
0.0 0.0 2.5 10.0 4085312490.2718
0.0 2.5 2.5 10.0 43874960.7961
0.0 7.5 2.5 10.0 -0.4782000000000002
0.0 -2.5 5.0 10.0 9999999963.4785
0.0 0.0 5.0 10.0 68018916.36050001
0.0 2.5 5.0 10.0 672064410.399
0.0 5.0 5.0 10.0 28231.2747
0.0 2.5 -10.0 11.25 -0.018299999999999997
0.0 5.0 -10.0 11.25 -0.0438
0.0 7.5 -10.0 11.25 -0.0265
0.0 10.0 -10.0 11.25 -0.3079
0.0 0.0 -7.5 11.25 0.2745
0.0 2.5 -7.5 11.25 1.6339000000000001
0.0 5.0 -7.5 11.25 1.8576000000000001
0.0 7.5 -7.5 11.25 1.6266
0.0 -2.5 -5.0 11.25 -2.7765
0.0 0.0 -5.0 11.25 -0.789
0.0 2.5 -5.0 11.25 2.3089999999999997
0.0 5.0 -5.0 11.25 3.7260999999999997
0.0 -5.0 -2.5 11.25 1.8331
0.0 -2.5 -2.5 11.25 28.0816
0.0 0.0 -2.5 11.25 260.7594
0.0 7.5 -2.5 11.25 4.9992
0.0 -2.5 0.0 11.25 739225002.7621
0.0 0.0 0.0 11.25 4920104011.7643
0.0 2.5 0.0 11.25 9999999934.8584
0.0 -2.5 2.5 11.25 3326837100.9007
0.0 0.0 2.5 11.25 9999999954.844301
0.0 2.5 2.5 11.25 22972186.4839
0.0 5.0 2.5 11.25 76.3931
0.0 7.5 2.5 11.25 -0.8828
0.0 -5.0 5.0 11.25 1730.8721
0.0 -2.5 5.0 11.25 3201226.2976
0.0 0.0 5.0 11.25 119034.7122
0.0 2.5 5.0 11.25 1932491.9666
0.0 5.0 5.0 11.25 2265.2224
0.0 7.5 5.0 11.25 -1.5351
0.0 0.0 -10.0 12.5 0.3256
0.0 2.5 -10.0 12.5 0.10099999999999999
0.0 5.0 -10.0 12.5 0.009899999999999999
0.0 7.5 -10.0 12.5 -0.201
0.0 10.0 -10.0 12.5 -0.31720000000000004
0.0 -2.5 -7.5 12.5 -0.16190000000000002
0.0 0.0 -7.5 12.5 0.7644
0.0 2.5 -7.5 12.5 1.3787
0.0 5.0 -7.5 12.5 1.4185
0.0 7.5 -7.5 12.5 1.2561
0.0 10.0 -7.5 12.5 0.5720999999999999
0.0 -5.0 -5.0 12.5 -0.7917
0.0 -2.5 -5.0 12.5 -0.7636000000000001
0.0 0.0 -5.0 12.5 1.7822
0.0 2.5 -5.0 12.5 3.4278
0.0 5.0 -5.0 12.5 3.7806
0.0 7.5 -5.0 12.5 3.1422999999999996
0.0 10.0 -5.0 12.5 2.2384000000000004
0.0 -5.0 -2.5 12.5 -1.0989
0.0 -2.5 -2.5 12.5 2.7770999999999995
0.0 0.0 -2.5 12.5 73.4623
0.0 2.5 -2.5 12.5 13.5972
0.0 5.0 -2.5 12.5 4.1424
0.0 7.5 -2.5 12.5 4.1928
0.0 -5.0 0.0 12.5 -4.725
0.0 -2.5 0.0 12.5 2674.729
0.0 0.0 0.0 12.5 2777950.8808999998
0.0 2.5 0.0 12.5 150078.8506
0.0 5.0 0.0 12.5 18.401
0.0 -2.5 2.5 12.5 3221.3669
0.0 0.0 2.5 12.5 233852.26
0.0 2.5 2.5 12.5 12388.8922
0.0 5.0 2.5 12.5 -13.969
0.0 7.5 2.5 12.5 -1.0835
0.0 10.0 2.5 12.5 1.0408
0.0 -5.0 5.0 12.5 -20.7607
0.0 -2.5 5.0 12.5 151409.1789
0.0 0.0 5.0 12.5 716.2729
0.0 2.5 5.0 12.5 13362.0861
0.0 5.0 5.0 12.5 6827.115400000001
0.0 7.5 5.0 12.5 -1.9348999999999998
0.0 10.0 5.0 12.5 0.9074
0.0 0.0 -10.0 13.75 0.3679
0.0 2.5 -10.0 13.75 0.29710000000000003
0.0 5.0 -10.0 13.75 0.028000000000000004
0.0 7.5 -10.0 13.75 -0.2591
0.0 10.0 -10.0 13.75 -0.1872
0.0 -2.5 -7.5 13.75 0.8344999999999999
0.0 0.0 -7.5 13.75 1.5701999999999998
0.0 2.5 -7.5 13.75 1.1203999999999998
0.0 5.0 -7.5 13.75 0.9185
0.0 7.5 -7.5 13.75 0.7883
0.0 10.0 -7.5 13.75 0.1746
0.0 -5.0 -5.0 13.75 0.0829
0.0 -2.5 -5.0 13.75 1.3626999999999998
0.0 0.0 -5.0 13.75 3.146
0.0 2.5 -5.0 13.75 3.4058
0.0 5.0 -5.0 13.75 2.7848
0.0 7.5 -5.0 13.75 2.3162
0.0 10.0 -5.0 13.75 1.4982
0.0 -5.0 -2.5 13.75 -0.9818
0.0 -2.5 -2.5 13.75 0.018299999999999983
0.0 0.0 -2.5 13.75 11.7776
0.0 2.5 -2.5 13.75 6.1319
0.0 5.0 -2.5 13.75 3.5885999999999996
0.0 7.5 -2.5 13.75 3.0076
0.0 -5.0 0.0 13.75 -4.2831
0.0 -2.5 0.0 13.75 -7.5872
0.0 0.0 0.0 13.75 52.6709
0.0 2.5 0.0 13.75 181.3962
0.0 5.0 0.0 13.75 -2.2269
0.0 7.5 0.0 13.75 1.2755
0.0 -5.0 2.5 13.75 -15.507299999999999
0.0 -2.5 2.5 13.75 -22.7496
0.0 0.0 2.5 13.75 257.05929999999995
0.0 2.5 2.5 13.75 -28.069699999999997
0.0 5.0 2.5 13.75 -15.726099999999999
0.0 7.5 2.5 13.75 -2.3788
0.0 10.0 2.5 13.75 1.0466
0.0 -5.0 5.0 13.75 -27.615900000000003
0.0 -2.5 5.0 13.75 3.4941999999999993
0.0 0.0 5.0 13.75 -35.9547
0.0 2.5 5.0 13.75 550.7368
0.0 5.0 5.0 13.75 6.890000000000001
0.0 7.5 5.0 13.75 -2.4789000000000003
0.0 10.0 5.0 13.75 0.40179999999999993
0.0 -5.0 -10.0 15.0 0.0993
0.0 -2.5 -10.0 15.0 0.6002000000000001
0.0 0.0 -10.0 15.0 0.6742
0.0 2.5 -10.0 15.0 0.4414
0.0 5.0 -10.0 15.0 0.2435
0.0 7.5 -10.0 15.0 -0.1241
0.0 10.0 -10.0 15.0 -0.0257
0.0 -5.0 -7.5 15.0 0.3841
0.0 -2.5 -7.5 15.0 1.5813
0.0 0.0 -7.5 15.0 1.6979
0.0 2.5 -7.5 15.0 1.2426
0.0 5.0 -7.5 15.0 0.9933000000000001
0.0 7.5 -7.5 15.0 0.7044
0.0 10.0 -7.5 15.0 0.0107
0.0 -5.0 -5.0 15.0 0.5663
0.0 -2.5 -5.0 15.0 1.9739
0.0 0.0 -5.0 15.0 3.3676
0.0 2.5 -5.0 15.0 2.5149999999999997
0.0 5.0 -5.0 15.0 1.6481999999999999
0.0 7.5 -5.0 15.0 1.3989
0.0 10.0 -5.0 15.0 0.7864
0.0 -5.0 -2.5 15.0 -0.5912
0.0 -2.5 -2.5 15.0 1.392
0.0 0.0 -2.5 15.0 5.593
0.0 2.5 -2.5 15.0 3.7899000000000003
0.0 5.0 -2.5 15.0 2.3628
0.0 7.5 -2.5 15.0 1.8206
0.0 10.0 -2.5 15.0 1.2914
0.0 -5.0 0.0 15.0 -4.3277
0.0 -2.5 0.0 15.0 -6.3406
0.0 0.0 0.0 15.0 -2.1818
0.0 2.5 0.0 15.0 -3.6197999999999997
0.0 5.0 0.0 15.0 -1.5234
0.0 7.5 0.0 15.0 0.5726
0.0 10.0 0.0 15.0 1.3793
0.0 -5.0 2.5 15.0 -12.056899999999999
0.0 -2.5 2.5 15.0 -21.255
0.0 0.0 2.5 15.0 -25.028
0.0 2.5 2.5 15.0 -22.873
0.0 5.0 2.5 15.0 -10.7547
0.0 7.5 2.5 15.0 -1.9702000000000002
0.0 10.0 2.5 15.0 0.7189
0.0 -5.0 5.0 15.0 -19.4889
0.0 -2.5 5.0 15.0 -32.3275
0.0 0.0 5.0 15.0 -39.1722
0.0 2.5 5.0 15.0 -31.079599999999996
0.0 5.0 5.0 15.0 -13.812199999999999
0.0 7.5 5.0 15.0 -3.1652
0.0 10.0 5.0 15.0 0.7298
0.0 -5.0 -10.0 16.25 0.3528
0.0 -2.5 -10.0 16.25 0.6848
0.0 0.0 -10.0 16.25 0.853
0.0 2.5 -10.0 16.25 0.6988
0.0 5.0 -10.0 16.25 0.3712
0.0 7.5 -10.0 16.25 0.0256
0.0 10.0 -10.0 16.25 0.0001
0.0 -5.0 -7.5 16.25 0.5923
0.0 -2.5 -7.5 16.25 1.683
0.0 0.0 -7.5 16.25 1.77
0.0 2.5 -7.5 16.25 1.5078
0.0 5.0 -7.5 16.25 1.1197
0.0 7.5 -7.5 16.25 0.588
0.0 10.0 -7.5 16.25 0.08629999999999999
0.0 -5.0 -5.0 16.25 1.3798000000000001
0.0 -2.5 -5.0 16.25 2.6231
0.0 0.0 -5.0 16.25 2.8534
0.0 2.5 -5.0 16.25 2.0525
0.0 5.0 -5.0 16.25 1.3326
0.0 7.5 -5.0 16.25 1.0155
0.0 10.0 -5.0 16.25 0.5432
0.0 -5.0 -2.5 16.25 0.29589999999999994
0.0 -2.5 -2.5 16.25 1.1992999999999998
0.0 0.0 -2.5 16.25 3.0954
0.0 2.5 -2.5 16.25 1.6287
0.0 5.0 -2.5 16.25 0.5841999999999999
0.0 7.5 -2.5 16.25 0.9391
0.0 10.0 -2.5 16.25 0.8618
0.0 -5.0 0.0 16.25 -3.9448
0.0 -2.5 0.0 16.25 -5.4872
0.0 0.0 0.0 16.25 -4.2579
0.0 2.5 0.0 16.25 -3.1837999999999997
0.0 5.0 0.0 16.25 -2.0139
0.0 7.5 0.0 16.25 -0.04100000000000001
0.0 10.0 0.0 16.25 0.6446
0.0 -5.0 2.5 16.25 -9.3632
0.0 -2.5 2.5 16.25 -15.42
0.0 0.0 2.5 16.25 -17.187
0.0 2.5 2.5 16.25 -14.6296
0.0 5.0 2.5 16.25 -7.194
0.0 7.5 2.5 16.25 -1.6468
0.0 10.0 2.5 16.25 0.19619999999999999
0.0 -5.0 5.0 16.25 -13.5485
0.0 -2.5 5.0 16.25 -22.0901
0.0 0.0 5.0 16.25 -26.7311
0.0 2.5 5.0 16.25 -24.099899999999998
0.0 5.0 5.0 16.25 -10.8634
0.0 7.5 5.0 16.25 -2.7583
0.0 10.0 5.0 16.25 -0.0020000000000000018
60.0 -5.0 -10.0 3.75 8.4987
60.0 -2.5 -10.0 3.75 7.2104
60.0 0.0 -10.0 3.75 -5.2435
60.0 2.5 -10.0 3.75 -8.1087
60.0 5.0 -10.0 3.75 -5.3553
60.0 7.5 -10.0 3.75 -3.6455
60.0 10.0 -10.0 3.75 -1.4397
60.0 -5.0 -7.5 3.75 170217.817
60.0 -2.5 -7.5 3.75 122382.3685
60.0 0.0 -7.5 3.75 4194.8542
60.0 2.5 -7.5 3.75 -5.4904
60.0 5.0 -7.5 3.75 -3.2782
60.0 7.5 -7.5 3.75 -0.5125
60.0 10.0 -7.5 3.75 -0.3053
60.0 -5.0 -5.0 3.75 72273710.5719
60.0 -2.5 -5.0 3.75 61195255.4012
60.0 0.0 -5.0 3.75 860994963.9176999
60.0 2.5 -5.0 3.75 3077.5649
60.0 5.0 -5.0 3.75 3.5246000000000004
60.0 7.5 -5.0 3.75 4.4996
60.0 10.0 -5.0 3.75 2.9431000000000003
60.0 -5.0 -2.5 3.75 7707644544.1987
60.0 -2.5 -2.5 3.75 9999999993.519402
60.0 0.0 -2.5 3.75 9999999964.527601
60.0 2.5 -2.5 3.75 9999999700.8003
60.0 5.0 -2.5 3.75 2300.8683
60.0 7.5 -2.5 3.75 5.156599999999999
60.0 10.0 -2.5 3.75 4.030900000000001
60.0 -5.0 0.0 3.75 2718952454.4861
60.0 -2.5 0.0 3.75 362710941.0958
60.0 0.0 0.0 3.75 111794866.6792
60.0 2.5 0.0 3.75 9999999977.454802
60.0 5.0 0.0 3.75 696072235.3486999
60.0 7.5 0.0 3.75 11194.8376
60.0 10.0 0.0 3.75 2.0353
60.0 -5.0 2.5 3.75 9999999978.767801
60.0 -2.5 2.5 3.75 10000000001.83
60.0 0.0 2.5 3.75 585338802.1218001
60.0 2.5 2.5 3.75 9999999934.755402
60.0 5.0 2.5 3.75 9999999983.9838
60.0 7.5 2.5 3.75 7149387.9155
60.0 10.0 2.5 3.75 -1.5791999999999993
60.0 -5.0 5.0 3.75 10000000012.5653
60.0 -2.5 5.0 3.75 9999999642.2024
60.0 0.0 5.0 3.75 9999999893.8754
60.0 2.5 5.0 3.75 3025342403.2272997
60.0 5.0 5.0 3.75 10000000038.018702
60.0 7.5 5.0 3.75 10000000015.85
60.0 10.0 5.0 3.75 450.15160000000003
60.0 2.5 -2.5 5.0 231298.392
60.0 0.0 0.0 5.0 10000000078.102701
60.0 0.0 2.5 5.0 10000000324.498901
60.0 2.5 -2.5 6.25 57555.7248
60.0 0.0 0.0 6.25 10000000019.7502
60.0 0.0 2.5 6.25 1325786949.2019
60.0 0.0 5.0 6.25 10000000059.2598
60.0 2.5 -5.0 7.5 8.648599999999998
60.0 2.5 -2.5 7.5 80623.93950000001
60.0 5.0 -2.5 7.5 7.8639
60.0 -2.5 0.0 7.5 88498886.60659999
60.0 0.0 0.0 7.5 2432968505.7788
60.0 2.5 0.0 7.5 6892731.9014
60.0 0.0 2.5 7.5 4099202941.9898
60.0 0.0 5.0 7.5 10000000059.2206
60.0 2.5 -7.5 8.75 1.6229000000000002
60.0 2.5 -5.0 8.75 8.9687
60.0 5.0 -5.0 8.75 3.5785
60.0 0.0 -2.5 8.75 20088.2856
60.0 2.5 -2.5 8.75 101.384
60.0 -2.5 0.0 8.75 109486290.20199999
60.0 0.0 0.0 8.75 343170517.03110003
60.0 2.5 0.0 8.75 207387347.3562
60.0 -2.5 2.5 8.75 187066136.7892
60.0 0.0 2.5 8.75 2497339751.0634
60.0 0.0 5.0 8.75 10000000012.607801
60.0 5.0 -10.0 10.0 -1.7371
60.0 2.5 -7.5 10.0 2.4936
60.0 5.0 -7.5 10.0 -0.1251
60.0 7.5 -7.5 10.0 -0.659
60.0 0.0 -5.0 10.0 16.463
60.0 2.5 -5.0 10.0 9.2534
60.0 5.0 -5.0 10.0 3.5666
60.0 -2.5 -2.5 10.0 10000000042.208
60.0 0.0 -2.5 10.0 3512.3664000000003
60.0 2.5 -2.5 10.0 12.043700000000001
60.0 5.0 -2.5 10.0 4.6757
60.0 7.5 -2.5 10.0 2.3023000000000002
60.0 -2.5 0.0 10.0 5701.617
60.0 0.0 0.0 10.0 640959.58
60.0 2.5 0.0 10.0 2837.1868
60.0 -2.5 2.5 10.0 28122452.2794
60.0 0.0 2.5 10.0 21771804.8202
60.0 2.5 2.5 10.0 182245.9669
60.0 -2.5 5.0 10.0 8059855.9107
60.0 0.0 5.0 10.0 9999999991.562601
60.0 2.5 5.0 10.0 199463523.3287
60.0 2.5 -10.0 11.25 -1.2465
60.0 5.0 -10.0 11.25 -1.0939
60.0 10.0 -10.0 11.25 -0.0766
60.0 0.0 -7.5 11.25 3.9989999999999997
60.0 2.5 -7.5 11.25 2.2003000000000004
60.0 5.0 -7.5 11.25 -0.186
60.0 7.5 -7.5 11.25 -0.31880000000000003
60.0 0.0 -5.0 11.25 13.2093
60.0 2.5 -5.0 11.25 7.89
60.0 5.0 -5.0 11.25 2.7722
60.0 -2.5 -2.5 11.25 180.8363
60.0 0.0 -2.5 11.25 46.631699999999995
60.0 2.5 -2.5 11.25 8.9657
60.0 5.0 -2.5 11.25 3.9347000000000003
60.0 7.5 -2.5 11.25 1.6743999999999999
60.0 -5.0 0.0 11.25 26.045800000000003
60.0 -2.5 0.0 11.25 9622.094500000001
60.0 0.0 0.0 11.25 595.4948999999999
60.0 2.5 0.0 11.25 2.2862000000000005
60.0 5.0 0.0 11.25 1.912
60.0 -5.0 2.5 11.25 457710.62279999995
60.0 -2.5 2.5 11.25 232245398.82619998
60.0 0.0 2.5 11.25 177736803.8923
60.0 2.5 2.5 11.25 9999999934.1301
60.0 5.0 2.5 11.25 119.1914
60.0 -2.5 5.0 11.25 123725.96560000001
60.0 0.0 5.0 11.25 40265706.976399995
60.0 2.5 5.0 11.25 149300.0079
60.0 5.0 5.0 11.25 155.8572
60.0 7.5 5.0 11.25 -2.8031
60.0 -2.5 -10.0 12.5 -0.5482
60.0 0.0 -10.0 12.5 -0.6442
60.0 2.5 -10.0 12.5 -1.1661
60.0 5.0 -10.0 12.5 -0.9286
60.0 7.5 -10.0 12.5 -0.3633
60.0 10.0 -10.0 12.5 -0.0134
60.0 0.0 -7.5 12.5 3.8683
60.0 2.5 -7.5 12.5 1.8751000000000002
60.0 5.0 -7.5 12.5 0.1104
60.0 7.5 -7.5 12.5 0.0222
60.0 10.0 -7.5 12.5 -0.0011
60.0 -2.5 -5.0 12.5 12.528500000000001
60.0 0.0 -5.0 12.5 10.8922
60.0 2.5 -5.0 12.5 5.9677
60.0 5.0 -5.0 12.5 2.3196000000000003
60.0 7.5 -5.0 12.5 1.05
60.0 -5.0 -2.5 12.5 8.248800000000001
60.0 -2.5 -2.5 12.5 13.636899999999999
60.0 0.0 -2.5 12.5 13.7271
60.0 2.5 -2.5 12.5 8.865499999999999
60.0 5.0 -2.5 12.5 3.8139999999999996
60.0 7.5 -2.5 12.5 1.7173
60.0 -5.0 0.0 12.5 -2.1052
60.0 -2.5 0.0 12.5 59.6964
60.0 0.0 0.0 12.5 77.93900000000001
60.0 2.5 0.0 12.5 6.4459
60.0 5.0 0.0 12.5 3.1712999999999996
60.0 -5.0 2.5 12.5 110.9446
60.0 -2.5 2.5 12.5 55936.3383
60.0 0.0 2.5 12.5 1962925.0065000001
60.0 2.5 2.5 12.5 2103107.6878
60.0 5.0 2.5 12.5 5.485200000000001
60.0 7.5 2.5 12.5 0.6631
60.0 -5.0 5.0 12.5 -13.540700000000001
60.0 -2.5 5.0 12.5 253.13639999999998
60.0 0.0 5.0 12.5 6093.291700000001
60.0 2.5 5.0 12.5 297.6469
60.0 5.0 5.0 12.5 -6.637099999999999
60.0 7.5 5.0 12.5 -2.6315
60.0 10.0 5.0 12.5 0.8847
60.0 -2.5 -10.0 13.75 -0.6001
60.0 0.0 -10.0 13.75 -0.8956
60.0 2.5 -10.0 13.75 -1.0039
60.0 5.0 -10.0 13.75 -0.6028
60.0 7.5 -10.0 13.75 -0.2241
60.0 10.0 -10.0 13.75 0.0
60.0 0.0 -7.5 13.75 3.1789
60.0 2.5 -7.5 13.75 1.6136
60.0 5.0 -7.5 13.75 0.40990000000000004
60.0 7.5 -7.5 13.75 0.108
60.0 10.0 -7.5 13.75 0.0172
60.0 -2.5 -5.0 13.75 9.5715
60.0 0.0 -5.0 13.75 8.2305
60.0 2.5 -5.0 13.75 5.239800000000001
60.0 5.0 -5.0 13.75 2.7396
60.0 7.5 -5.0 13.75 1.1136
60.0 10.0 -5.0 13.75 0.37
60.0 -5.0 -2.5 13.75 6.9487
60.0 -2.5 -2.5 13.75 11.185500000000001
60.0 0.0 -2.5 13.75 11.4426
60.0 2.5 -2.5 13.75 7.883500000000001
60.0 5.0 -2.5 13.75 3.7687999999999997
60.0 7.5 -2.5 13.75 1.6960000000000002
60.0 -5.0 0.0 13.75 -0.28680000000000017
60.0 -2.5 0.0 13.75 5.510800000000001
60.0 0.0 0.0 13.75 12.9302
60.0 2.5 0.0 13.75 8.36
60.0 5.0 0.0 13.75 3.3836
60.0 -5.0 2.5 13.75 -7.6705000000000005
60.0 -2.5 2.5 13.75 16.0308
60.0 0.0 2.5 13.75 154.9889
60.0 2.5 2.5 13.75 634.334
60.0 5.0 2.5 13.75 -1.5166
60.0 7.5 2.5 13.75 -0.14939999999999998
60.0 -5.0 5.0 13.75 -13.4366
60.0 -2.5 5.0 13.75 -21.432199999999998
60.0 0.0 5.0 13.75 -17.0915
60.0 2.5 5.0 13.75 -25.0921
60.0 5.0 5.0 13.75 -13.799399999999999
60.0 7.5 5.0 13.75 -2.774
60.0 10.0 5.0 13.75 1.0824
60.0 -5.0 -10.0 15.0 -0.5454
60.0 -2.5 -10.0 15.0 -1.1277000000000001
60.0 0.0 -10.0 15.0 -1.4568
60.0 2.5 -10.0 15.0 -1.1109
60.0 5.0 -10.0 15.0 -0.5089
60.0 7.5 -10.0 15.0 -0.0403
60.0 10.0 -10.0 15.0 0.0
60.0 -5.0 -7.5 15.0 2.5591
60.0 -2.5 -7.5 15.0 2.6214
60.0 0.0 -7.5 15.0 2.127
60.0 2.5 -7.5 15.0 0.9236
60.0 5.0 -7.5 15.0 0.3913
60.0 7.5 -7.5 15.0 -0.0419
60.0 10.0 -7.5 15.0 0.0003
60.0 -5.0 -5.0 15.0 5.267600000000001
60.0 -2.5 -5.0 15.0 6.5994
60.0 0.0 -5.0 15.0 6.008
60.0 2.5 -5.0 15.0 4.3127
60.0 5.0 -5.0 15.0 2.3508
60.0 7.5 -5.0 15.0 0.8435
60.0 10.0 -5.0 15.0 0.15410000000000001
60.0 -5.0 -2.5 15.0 5.2970999999999995
60.0 -2.5 -2.5 15.0 8.348600000000001
60.0 0.0 -2.5 15.0 9.0526
60.0 2.5 -2.5 15.0 6.1166
60.0 5.0 -2.5 15.0 3.2112
60.0 7.5 -2.5 15.0 1.6993
60.0 10.0 -2.5 15.0 0.8185
60.0 -5.0 0.0 15.0 0.8785
60.0 -2.5 0.0 15.0 5.0523
60.0 0.0 0.0 15.0 9.4068
60.0 2.5 0.0 15.0 6.7328
60.0 5.0 0.0 15.0 2.3843
60.0 7.5 0.0 15.0 1.0889
60.0 -5.0 2.5 15.0 -6.0584
60.0 -2.5 2.5 15.0 -3.0216
60.0 0.0 2.5 15.0 5.708600000000001
60.0 2.5 2.5 15.0 1.1219000000000001
60.0 5.0 2.5 15.0 -1.391
60.0 7.5 2.5 15.0 -0.9007
60.0 10.0 2.5 15.0 0.519
60.0 -5.0 5.0 15.0 -10.5348
60.0 -2.5 5.0 15.0 -16.131
60.0 0.0 5.0 15.0 -18.9313
60.0 2.5 5.0 15.0 -17.3622
60.0 5.0 5.0 15.0 -10.0651
60.0 7.5 5.0 15.0 -3.0431999999999997
60.0 10.0 5.0 15.0 0.2848
60.0 -5.0 -10.0 16.25 -1.2363
60.0 -2.5 -10.0 16.25 -1.6442999999999999
60.0 0.0 -10.0 16.25 -1.4713
60.0 2.5 -10.0 16.25 -0.8296
60.0 5.0 -10.0 16.25 -0.1601
60.0 7.5 -10.0 16.25 0.0
60.0 10.0 -10.0 16.25 0.0
60.0 -5.0 -7.5 16.25 0.8962
60.0 -2.5 -7.5 16.25 0.9843000000000001
60.0 0.0 -7.5 16.25 0.6436
60.0 2.5 -7.5 16.25 0.5013
60.0 5.0 -7.5 16.25 0.069
60.0 7.5 -7.5 16.25 0.0191
60.0 10.0 -7.5 16.25 0.0
60.0 -5.0 -5.0 16.25 3.1908
60.0 -2.5 -5.0 16.25 4.0759
60.0 0.0 -5.0 16.25 4.123600000000001
60.0 2.5 -5.0 16.25 2.7663
60.0 5.0 -5.0 16.25 1.6386
60.0 7.5 -5.0 16.25 0.5158
60.0 10.0 -5.0 16.25 0.0563
60.0 -5.0 -2.5 16.25 3.8735
60.0 -2.5 -2.5 16.25 6.586
60.0 0.0 -2.5 16.25 6.730099999999999
60.0 2.5 -2.5 16.25 4.8980999999999995
60.0 5.0 -2.5 16.25 2.6905
60.0 7.5 -2.5 16.25 1.3957
60.0 10.0 -2.5 16.25 0.5229
60.0 -5.0 0.0 16.25 1.0481
60.0 -2.5 0.0 16.25 4.2195
60.0 0.0 0.0 16.25 6.2044
60.0 2.5 0.0 16.25 3.9066
60.0 5.0 0.0 16.25 1.5267
60.0 7.5 0.0 16.25 0.9497
60.0 10.0 0.0 16.25 0.9404
60.0 -5.0 2.5 16.25 -3.9893
60.0 -2.5 2.5 16.25 -2.7938
60.0 0.0 2.5 16.25 0.13349999999999995
60.0 2.5 2.5 16.25 -0.4683
60.0 5.0 2.5 16.25 -2.0737
60.0 7.5 2.5 16.25 -0.6462
60.0 10.0 2.5 16.25 0.3009
60.0 -5.0 5.0 16.25 -8.9554
60.0 -2.5 5.0 16.25 -12.066500000000001
60.0 0.0 5.0 16.25 -12.707899999999999
60.0 2.5 5.0 16.25 -12.1303
60.0 5.0 5.0 16.25 -7.527
60.0 7.5 5.0 16.25 -2.8492
60.0 10.0 5.0 16.25 -0.0706
120.0 -5.0 -10.0 3.75 -2.0779
120.0 -2.5 -10.0 3.75 -6.4799
120.0 0.0 -10.0 3.75 -7.6495999999999995
120.0 2.5 -10.0 3.75 -2.011
120.0 5.0 -10.0 3.75 3.3446
120.0 7.5 -10.0 3.75 2.7145
120.0 10.0 -10.0 3.75 -0.451
120.0 -5.0 -7.5 3.75 -5.4302
120.0 -2.5 -7.5 3.75 -17.2148
120.0 0.0 -7.5 3.75 1277.4368
120.0 2.5 -7.5 3.75 139.06369999999998
120.0 5.0 -7.5 3.75 3.7294
120.0 7.5 -7.5 3.75 1.1431
120.0 10.0 -7.5 3.75 -6.1621
120.0 -5.0 -5.0 3.75 -4.9551
120.0 -2.5 -5.0 3.75 9238.431
120.0 0.0 -5.0 3.75 14243191.285300002
120.0 2.5 -5.0 3.75 7160248720.4122
120.0 5.0 -5.0 3.75 18152040.8921
120.0 7.5 -5.0 3.75 536.1319
120.0 10.0 -5.0 3.75 -6.2137
120.0 -5.0 -2.5 3.75 991.1076
120.0 -2.5 -2.5 3.75 1428269935.1986
120.0 0.0 -2.5 3.75 4363309.3785999995
120.0 2.5 -2.5 3.75 3606879327.7159
120.0 5.0 -2.5 3.75 918009777.9346
120.0 7.5 -2.5 3.75 33276547.1025
120.0 10.0 -2.5 3.75 2783.3603000000003
120.0 -5.0 0.0 3.75 193064611.2609
120.0 -2.5 0.0 3.75 10000000022.9013
120.0 0.0 0.0 3.75 1997097292.7419002
120.0 2.5 0.0 3.75 8786454131.536201
120.0 5.0 0.0 3.75 202188695.83740002
120.0 7.5 0.0 3.75 10000000030.7698
120.0 10.0 0.0 3.75 1086582.5653000001
120.0 -5.0 2.5 3.75 10000000158.2159
120.0 -2.5 2.5 3.75 4925571230.9846
120.0 0.0 2.5 3.75 4262274633.217
120.0 2.5 2.5 3.75 9999999955.446201
120.0 5.0 2.5 3.75 7891498216.769401
120.0 7.5 2.5 3.75 322967639.6679
120.0 10.0 2.5 3.75 370925.1927
120.0 -5.0 5.0 3.75 10000000001.053202
120.0 -2.5 5.0 3.75 10000000010.4566
120.0 0.0 5.0 3.75 2046727345.7905998
120.0 2.5 5.0 3.75 9999999981.1371
120.0 5.0 5.0 3.75 151817311.03289998
120.0 7.5 5.0 3.75 484418486.9211
120.0 10.0 5.0 3.75 59792.2203
120.0 -2.5 5.0 5.0 10000000091.046001
120.0 -2.5 2.5 6.25 10000000033.308401
120.0 -2.5 5.0 6.25 9999999935.4347
120.0 2.5 -7.5 7.5 742.3580999999999
120.0 0.0 -5.0 7.5 721.2264
120.0 -2.5 0.0 7.5 9999999956.135101
120.0 -2.5 2.5 7.5 2489610949.4107
120.0 0.0 2.5 7.5 62193479.3275
120.0 -2.5 5.0 7.5 5156483718.271
120.0 0.0 5.0 7.5 10000000134.807701
120.0 2.5 -7.5 8.75 -0.27
120.0 5.0 -7.5 8.75 -11.5235
120.0 0.0 -5.0 8.75 -8.0827
120.0 0.0 0.0 8.75 10000000007.7917
120.0 -2.5 2.5 8.75 112980402.8932
120.0 0.0 2.5 8.75 22514080.984300002
120.0 -5.0 5.0 8.75 166888023.42229998
120.0 -2.5 5.0 8.75 10000000022.182701
120.0 0.0 5.0 8.75 9999999905.419401
120.0 2.5 5.0 8.75 1305509037.8543
120.0 2.5 -10.0 10.0 0.9913
120.0 2.5 -7.5 10.0 -3.1571
120.0 5.0 -7.5 10.0 -8.2726
120.0 7.5 -7.5 10.0 -4.6775
120.0 -2.5 -5.0 10.0 -11.408399999999999
120.0 0.0 -5.0 10.0 -10.880700000000001
120.0 2.5 -5.0 10.0 -11.2025
120.0 0.0 -2.5 10.0 312.8072
120.0 0.0 0.0 10.0 4005.5036
120.0 2.5 0.0 10.0 1010.4072
120.0 -5.0 2.5 10.0 8131787.416900001
120.0 -2.5 2.5 10.0 654102922.0077
120.0 0.0 2.5 10.0 103496.1927
120.0 2.5 2.5 10.0 15344.9347
120.0 -5.0 5.0 10.0 279023.8174
120.0 -2.5 5.0 10.0 6076766940.678101
120.0 0.0 5.0 10.0 9999999993.133701
120.0 2.5 5.0 10.0 10526830.0639
120.0 5.0 5.0 10.0 862.8679000000001
120.0 2.5 -10.0 11.25 0.04580000000000001
120.0 5.0 -10.0 11.25 -0.9972
120.0 10.0 -10.0 11.25 -1.3405
120.0 -2.5 -7.5 11.25 -3.33
120.0 0.0 -7.5 11.25 -2.7403
120.0 2.5 -7.5 11.25 -3.1588
120.0 5.0 -7.5 11.25 -5.0297
120.0 7.5 -7.5 11.25 -3.1407
120.0 -2.5 -5.0 11.25 -7.7945
120.0 0.0 -5.0 11.25 -7.280900000000001
120.0 2.5 -5.0 11.25 -7.2391000000000005
120.0 5.0 -5.0 11.25 -7.1541
120.0 7.5 -5.0 11.25 -2.5325
120.0 0.0 -2.5 11.25 -7.5901
120.0 2.5 -2.5 11.25 -4.2599
120.0 -5.0 0.0 11.25 2718798.1563
120.0 -2.5 0.0 11.25 21105.892
120.0 0.0 0.0 11.25 32.3643
120.0 2.5 0.0 11.25 29.1781
120.0 -5.0 2.5 11.25 10000000063.227402
120.0 -2.5 2.5 11.25 221615467.4773
120.0 0.0 2.5 11.25 1734991.611
120.0 2.5 2.5 11.25 39.2469
120.0 -5.0 5.0 11.25 3391.2369
120.0 -2.5 5.0 11.25 9999999840.045
120.0 0.0 5.0 11.25 185134945.9831
120.0 2.5 5.0 11.25 15220.1922
120.0 5.0 5.0 11.25 11.655100000000001
120.0 7.5 5.0 11.25 17.8256
120.0 -5.0 -10.0 12.5 -0.006200000000000001
120.0 -2.5 -10.0 12.5 0.8503000000000001
120.0 0.0 -10.0 12.5 0.9646999999999999
120.0 2.5 -10.0 12.5 -0.24919999999999998
120.0 5.0 -10.0 12.5 -0.9802
120.0 7.5 -10.0 12.5 -1.0984999999999998
120.0 10.0 -10.0 12.5 -1.2410999999999999
120.0 -2.5 -7.5 12.5 -2.4147
120.0 0.0 -7.5 12.5 -2.4571
120.0 2.5 -7.5 12.5 -2.7969
120.0 5.0 -7.5 12.5 -3.3627
120.0 7.5 -7.5 12.5 -1.8298999999999999
120.0 10.0 -7.5 12.5 -1.3412000000000002
120.0 -2.5 -5.0 12.5 -5.4641
120.0 0.0 -5.0 12.5 -5.2482999999999995
120.0 2.5 -5.0 12.5 -4.1712
120.0 5.0 -5.0 12.5 -3.1140999999999996
120.0 -5.0 -2.5 12.5 -1.8448
120.0 -2.5 -2.5 12.5 -3.445
120.0 0.0 -2.5 12.5 -3.9695
120.0 2.5 -2.5 12.5 -2.0407
120.0 5.0 -2.5 12.5 1.9662000000000002
120.0 -5.0 0.0 12.5 71.7432
120.0 -2.5 0.0 12.5 2130.1326000000004
120.0 0.0 0.0 12.5 -0.039899999999999824
120.0 2.5 0.0 12.5 3.3586
120.0 5.0 0.0 12.5 10.135900000000001
120.0 -5.0 2.5 12.5 62128560.9864
120.0 -2.5 2.5 12.5 20745953.9694
120.0 0.0 2.5 12.5 1573867.5533999999
120.0 2.5 2.5 12.5 5.5475
120.0 5.0 2.5 12.5 13.5171
120.0 -5.0 5.0 12.5 217.3704
120.0 -2.5 5.0 12.5 82583.6901
120.0 0.0 5.0 12.5 127126882.33739999
120.0 2.5 5.0 12.5 18.9708
120.0 5.0 5.0 12.5 8.0667
120.0 7.5 5.0 12.5 12.4358
120.0 -5.0 -10.0 13.75 -0.2003
120.0 -2.5 -10.0 13.75 0.8789
120.0 0.0 -10.0 13.75 1.1116
120.0 2.5 -10.0 13.75 0.2487
120.0 5.0 -10.0 13.75 -0.6335
120.0 7.5 -10.0 13.75 -1.3361
120.0 10.0 -10.0 13.75 -1.3084
120.0 -2.5 -7.5 13.75 -1.0739
120.0 0.0 -7.5 13.75 -1.3414
120.0 2.5 -7.5 13.75 -2.0394
120.0 5.0 -7.5 13.75 -2.1963000000000004
120.0 7.5 -7.5 13.75 -1.6207
120.0 10.0 -7.5 13.75 -1.5433
120.0 -2.5 -5.0 13.75 -3.2506999999999997
120.0 0.0 -5.0 13.75 -3.4715
120.0 2.5 -5.0 13.75 -2.7294
120.0 5.0 -5.0 13.75 -1.7872000000000001
120.0 7.5 -5.0 13.75 -0.5402
120.0 10.0 -5.0 13.75 0.1898
120.0 -5.0 -2.5 13.75 -0.7683
120.0 -2.5 -2.5 13.75 -1.6002999999999998
120.0 0.0 -2.5 13.75 -2.0618
120.0 2.5 -2.5 13.75 0.020199999999999996
120.0 5.0 -2.5 13.75 2.3176
120.0 -5.0 0.0 13.75 5.2264
120.0 -2.5 0.0 13.75 4.1332
120.0 0.0 0.0 13.75 2.7001000000000004
120.0 2.5 0.0 13.75 4.119
120.0 5.0 0.0 13.75 7.1107000000000005
120.0 -5.0 2.5 13.75 102.0585
120.0 -2.5 2.5 13.75 31805.0249
120.0 0.0 2.5 13.75 14.190100000000001
120.0 2.5 2.5 13.75 5.2621
120.0 5.0 2.5 13.75 9.6626
120.0 -5.0 5.0 13.75 -2.5888999999999998
120.0 -2.5 5.0 13.75 36.1757
120.0 0.0 5.0 13.75 203.8962
120.0 2.5 5.0 13.75 -1.4852
120.0 5.0 5.0 13.75 5.7669
120.0 7.5 5.0 13.75 9.070500000000001
120.0 -5.0 -10.0 15.0 -0.0717
120.0 -2.5 -10.0 15.0 0.6899
120.0 0.0 -10.0 15.0 0.7996000000000001
120.0 2.5 -10.0 15.0 0.26289999999999997
120.0 5.0 -10.0 15.0 -0.6411
120.0 7.5 -10.0 15.0 -1.2176
120.0 10.0 -10.0 15.0 -0.885
120.0 -5.0 -7.5 15.0 -0.8240000000000001
120.0 -2.5 -7.5 15.0 -0.2081
120.0 0.0 -7.5 15.0 -0.3871
120.0 2.5 -7.5 15.0 -1.1934
120.0 5.0 -7.5 15.0 -1.4622000000000002
120.0 7.5 -7.5 15.0 -1.6304
120.0 10.0 -7.5 15.0 -1.3275
120.0 -5.0 -5.0 15.0 -1.1298
120.0 -2.5 -5.0 15.0 -1.3559
120.0 0.0 -5.0 15.0 -1.8739000000000001
120.0 2.5 -5.0 15.0 -2.0798
120.0 5.0 -5.0 15.0 -1.6431
120.0 7.5 -5.0 15.0 -0.5096
120.0 10.0 -5.0 15.0 -0.4971
120.0 -5.0 -2.5 15.0 0.22820000000000001
120.0 -2.5 -2.5 15.0 -0.6035
120.0 0.0 -2.5 15.0 -0.9801
120.0 2.5 -2.5 15.0 -0.0557
120.0 5.0 -2.5 15.0 1.5813
120.0 7.5 -2.5 15.0 2.2572
120.0 10.0 -2.5 15.0 1.7716
120.0 -5.0 0.0 15.0 3.8538
120.0 -2.5 0.0 15.0 3.5682
120.0 0.0 0.0 15.0 2.2098
120.0 2.5 0.0 15.0 2.8484
120.0 5.0 0.0 15.0 5.2801
120.0 10.0 0.0 15.0 4.1947
120.0 -5.0 2.5 15.0 5.6583000000000006
120.0 -2.5 2.5 15.0 8.5031
120.0 0.0 2.5 15.0 4.2679
120.0 2.5 2.5 15.0 4.0298
120.0 5.0 2.5 15.0 6.9448
120.0 7.5 2.5 15.0 7.5846
120.0 -5.0 5.0 15.0 -1.9292999999999998
120.0 -2.5 5.0 15.0 0.4748999999999999
120.0 0.0 5.0 15.0 -2.9802999999999997
120.0 2.5 5.0 15.0 -0.9176
120.0 5.0 5.0 15.0 3.8453999999999997
120.0 7.5 5.0 15.0 6.1742
120.0 10.0 5.0 15.0 4.277
120.0 -5.0 -10.0 16.25 0.093
120.0 -2.5 -10.0 16.25 0.5654
120.0 0.0 -10.0 16.25 0.5720999999999999
120.0 2.5 -10.0 16.25 0.0702
120.0 5.0 -10.0 16.25 -0.5441999999999999
120.0 7.5 -10.0 16.25 -0.7307
120.0 10.0 -10.0 16.25 -0.41409999999999997
120.0 -5.0 -7.5 16.25 -0.44970000000000004
120.0 -2.5 -7.5 16.25 0.054700000000000006
120.0 0.0 -7.5 16.25 0.24009999999999998
120.0 2.5 -7.5 16.25 -0.4467
120.0 5.0 -7.5 16.25 -1.195
120.0 7.5 -7.5 16.25 -1.4490999999999998
120.0 10.0 -7.5 16.25 -0.9629000000000001
120.0 -5.0 -5.0 16.25 -0.402
120.0 -2.5 -5.0 16.25 -0.0675
120.0 0.0 -5.0 16.25 -0.4759
120.0 2.5 -5.0 16.25 -1.1096
120.0 5.0 -5.0 16.25 -1.2868000000000002
120.0 7.5 -5.0 16.25 -1.0326000000000002
120.0 10.0 -5.0 16.25 -0.6189
120.0 -5.0 -2.5 16.25 0.6008
120.0 -2.5 -2.5 16.25 0.3701
120.0 0.0 -2.5 16.25 0.0765
120.0 2.5 -2.5 16.25 -0.015999999999999993
120.0 5.0 -2.5 16.25 0.762
120.0 7.5 -2.5 16.25 0.9966999999999999
120.0 10.0 -2.5 16.25 0.7497
120.0 -5.0 0.0 16.25 3.2100999999999997
120.0 -2.5 0.0 16.25 2.8293
120.0 0.0 0.0 16.25 1.9841000000000002
120.0 2.5 0.0 16.25 2.0507
120.0 5.0 0.0 16.25 3.4792
120.0 7.5 0.0 16.25 3.7096
120.0 10.0 0.0 16.25 2.4842
120.0 -5.0 2.5 16.25 3.2762
120.0 -2.5 2.5 16.25 4.0213
120.0 0.0 2.5 16.25 2.4022
120.0 2.5 2.5 16.25 2.3986
120.0 5.0 2.5 16.25 4.1311
120.0 7.5 2.5 16.25 4.927
120.0 10.0 2.5 16.25 3.4067000000000003
120.0 -5.0 5.0 16.25 -3.1129
120.0 -2.5 5.0 16.25 -2.5619
120.0 0.0 5.0 16.25 -3.3116
120.0 2.5 5.0 16.25 -1.944
120.0 5.0 5.0 16.25 2.1883
120.0 7.5 5.0 16.25 3.7363
120.0 10.0 5.0 16.25 2.7864
180.0 -5.0 -10.0 3.75 1.9383
180.0 -2.5 -10.0 3.75 3.2379
180.0 0.0 -10.0 3.75 1.6522999999999999
180.0 2.5 -10.0 3.75 -2.013
180.0 5.0 -10.0 3.75 -4.1298
180.0 7.5 -10.0 3.75 -3.3907000000000003
180.0 10.0 -10.0 3.75 -1.4362000000000001
180.0 -5.0 -7.5 3.75 520.3778
180.0 -2.5 -7.5 3.75 5.526199999999999
180.0 0.0 -7.5 3.75 1.1139999999999999
180.0 2.5 -7.5 3.75 -4.8332
180.0 5.0 -7.5 3.75 -6.4846
180.0 7.5 -7.5 3.75 -3.9586
180.0 10.0 -7.5 3.75 -0.8974
180.0 -5.0 -5.0 3.75 10000000005.1348
180.0 -2.5 -5.0 3.75 5821157.494200001
180.0 0.0 -5.0 3.75 3244.4937999999997
180.0 2.5 -5.0 3.75 2.730599999999999
180.0 5.0 -5.0 3.75 -8.7888
180.0 7.5 -5.0 3.75 -3.2468000000000004
180.0 10.0 -5.0 3.75 0.9777000000000001
180.0 -5.0 -2.5 3.75 9999999938.147501
180.0 -2.5 -2.5 3.75 461718457.4332
180.0 0.0 -2.5 3.75 2560502379.5217
180.0 2.5 -2.5 3.75 1392828.2393
180.0 5.0 -2.5 3.75 -9.671
180.0 7.5 -2.5 3.75 -5.4307
180.0 10.0 -2.5 3.75 0.9188999999999998
180.0 -5.0 0.0 3.75 652358950.1623
180.0 -2.5 0.0 3.75 122723921.57970001
180.0 0.0 0.0 3.75 239569540.9339
180.0 2.5 0.0 3.75 10000000136.4591
180.0 5.0 0.0 3.75 156022.0167
180.0 7.5 0.0 3.75 3602.4669
180.0 10.0 0.0 3.75 25.0792
180.0 -5.0 2.5 3.75 9999999954.271502
180.0 -2.5 2.5 3.75 10000000085.2956
180.0 0.0 2.5 3.75 1562634375.3464
180.0 2.5 2.5 3.75 9999999992.015701
180.0 5.0 2.5 3.75 84762511.6448
180.0 7.5 2.5 3.75 9999999936.9414
180.0 10.0 2.5 3.75 9999999967.5077
180.0 -5.0 5.0 3.75 6146177495.2963
180.0 -2.5 5.0 3.75 10000000032.5725
180.0 0.0 5.0 3.75 9999999943.7276
180.0 2.5 5.0 3.75 9999999986.781101
180.0 5.0 5.0 3.75 9999999954.7329
180.0 7.5 5.0 3.75 135289037.33159998
180.0 10.0 5.0 3.75 3649089.5611
180.0 -2.5 -2.5 7.5 73142667.8972
180.0 0.0 2.5 7.5 10000000011.942001
180.0 0.0 5.0 7.5 8311086396.5146
180.0 -5.0 -2.5 8.75 2257.5508
180.0 -2.5 -2.5 8.75 331829.2951
180.0 2.5 -2.5 8.75 17.7096
180.0 -5.0 0.0 8.75 734895909.6836
180.0 0.0 0.0 8.75 437577.9657
180.0 0.0 2.5 8.75 2323395619.7685003
180.0 0.0 -10.0 10.0 -2.1851000000000003
180.0 2.5 -10.0 10.0 -1.8616
180.0 0.0 -7.5 10.0 -4.1449
180.0 2.5 -7.5 10.0 -1.6151
180.0 5.0 -7.5 10.0 -0.4833
180.0 -2.5 -5.0 10.0 8.531199999999998
180.0 0.0 -5.0 10.0 35.7926
180.0 2.5 -5.0 10.0 2.3293
180.0 5.0 -5.0 10.0 2.8303000000000003
180.0 -5.0 -2.5 10.0 3900.3635000000004
180.0 -2.5 -2.5 10.0 118.80030000000001
180.0 0.0 -2.5 10.0 12.503599999999999
180.0 2.5 -2.5 10.0 11.217
180.0 -5.0 0.0 10.0 407502012.99590003
180.0 -2.5 0.0 10.0 10000000022.864601
180.0 0.0 0.0 10.0 534451.2359
180.0 -5.0 2.5 10.0 109028212.05049999
180.0 0.0 2.5 10.0 589504259.04
180.0 2.5 2.5 10.0 7318823231.2796
180.0 0.0 5.0 10.0 1554158.5492999998
180.0 2.5 5.0 10.0 17244.244300000002
180.0 0.0 -10.0 11.25 -2.082
180.0 2.5 -10.0 11.25 -1.7455
180.0 5.0 -10.0 11.25 -1.0761
180.0 0.0 -7.5 11.25 -3.1147
180.0 2.5 -7.5 11.25 -1.0644
180.0 5.0 -7.5 11.25 -0.2303
180.0 7.5 -7.5 11.25 0.3181
180.0 -2.5 -5.0 11.25 -4.256
180.0 0.0 -5.0 11.25 -0.31100000000000005
180.0 2.5 -5.0 11.25 2.6869
180.0 5.0 -5.0 11.25 2.1327
180.0 -5.0 -2.5 11.25 3564.4878
180.0 -2.5 -2.5 11.25 161.1746
180.0 0.0 -2.5 11.25 9.6579
180.0 2.5 -2.5 11.25 9.380799999999999
180.0 -5.0 0.0 11.25 3593450.622
180.0 -2.5 0.0 11.25 10000000000.4178
180.0 0.0 0.0 11.25 8297.8802
180.0 -5.0 2.5 11.25 37136535.0651
180.0 -2.5 2.5 11.25 78956767.5044
180.0 0.0 2.5 11.25 10469.0656
180.0 2.5 2.5 11.25 131.2673
180.0 -5.0 5.0 11.25 4590351.7548
180.0 0.0 5.0 11.25 10000000015.283602
180.0 2.5 5.0 11.25 1.557
180.0 -5.0 -10.0 12.5 -0.2398
180.0 -2.5 -10.0 12.5 -1.501
180.0 0.0 -10.0 12.5 -1.8376
180.0 2.5 -10.0 12.5 -1.5142
180.0 5.0 -10.0 12.5 -0.8257
180.0 7.5 -10.0 12.5 -0.06599999999999999
180.0 10.0 -10.0 12.5 0.0035
180.0 -2.5 -7.5 12.5 -2.422
180.0 0.0 -7.5 12.5 -2.5196
180.0 2.5 -7.5 12.5 -1.2454999999999998
180.0 5.0 -7.5 12.5 -0.4083
180.0 7.5 -7.5 12.5 0.4815
180.0 -5.0 -5.0 12.5 -0.5755
180.0 -2.5 -5.0 12.5 -0.645
180.0 0.0 -5.0 12.5 0.9464999999999999
180.0 2.5 -5.0 12.5 1.9646
180.0 5.0 -5.0 12.5 1.7256999999999998
180.0 -5.0 -2.5 12.5 6.6933
180.0 -2.5 -2.5 12.5 20.1527
180.0 0.0 -2.5 12.5 7.492
180.0 2.5 -2.5 12.5 7.706500000000001
180.0 5.0 -2.5 12.5 4.149
180.0 -5.0 0.0 12.5 141936.90219999998
180.0 -2.5 0.0 12.5 29744.1562
180.0 0.0 0.0 12.5 77.84440000000001
180.0 2.5 0.0 12.5 7.838999999999999
180.0 -5.0 2.5 12.5 18337.7414
180.0 -2.5 2.5 12.5 872463.133
180.0 0.0 2.5 12.5 37.3712
180.0 2.5 2.5 12.5 1.7508
180.0 -5.0 5.0 12.5 612.2109999999999
180.0 -2.5 5.0 12.5 65854.1663
180.0 0.0 5.0 12.5 654.6976999999999
180.0 2.5 5.0 12.5 -4.0924000000000005
180.0 5.0 5.0 12.5 -6.7909
180.0 7.5 5.0 12.5 -9.1292
180.0 10.0 5.0 12.5 -6.707
180.0 -5.0 -10.0 13.75 -0.1392
180.0 -2.5 -10.0 13.75 -1.2696
180.0 0.0 -10.0 13.75 -1.7046
180.0 2.5 -10.0 13.75 -1.3358999999999999
180.0 5.0 -10.0 13.75 -0.596
180.0 7.5 -10.0 13.75 -0.0814
180.0 10.0 -10.0 13.75 0.0
180.0 -5.0 -7.5 13.75 -0.397
180.0 -2.5 -7.5 13.75 -1.8276000000000001
180.0 0.0 -7.5 13.75 -1.9351
180.0 2.5 -7.5 13.75 -1.181
180.0 5.0 -7.5 13.75 -0.3119
180.0 7.5 -7.5 13.75 0.3625
180.0 10.0 -7.5 13.75 0.3219
180.0 -5.0 -5.0 13.75 0.307
180.0 -2.5 -5.0 13.75 0.34069999999999995
180.0 0.0 -5.0 13.75 0.7540000000000001
180.0 2.5 -5.0 13.75 1.4396
180.0 5.0 -5.0 13.75 1.0685
180.0 -5.0 -2.5 13.75 2.3475
180.0 -2.5 -2.5 13.75 4.4306
180.0 0.0 -2.5 13.75 5.5569
180.0 2.5 -2.5 13.75 5.4341
180.0 5.0 -2.5 13.75 2.7449000000000003
180.0 -5.0 0.0 13.75 44.224
180.0 -2.5 0.0 13.75 447.6712
180.0 0.0 0.0 13.75 8.999
180.0 2.5 0.0 13.75 7.0057
180.0 -5.0 2.5 13.75 91.42490000000001
180.0 -2.5 2.5 13.75 56.8422
180.0 0.0 2.5 13.75 3.5656999999999996
180.0 2.5 2.5 13.75 2.4318999999999997
180.0 5.0 2.5 13.75 -1.4861
180.0 -5.0 5.0 13.75 -19.2038
180.0 -2.5 5.0 13.75 19.314300000000003
180.0 0.0 5.0 13.75 -8.9668
180.0 2.5 5.0 13.75 -2.7193
180.0 5.0 5.0 13.75 -3.013
180.0 7.5 5.0 13.75 -4.6091
180.0 10.0 5.0 13.75 -3.8245999999999998
180.0 -5.0 -10.0 15.0 -0.1236
180.0 -2.5 -10.0 15.0 -0.9440000000000001
180.0 0.0 -10.0 15.0 -1.1453
180.0 2.5 -10.0 15.0 -0.7911
180.0 5.0 -10.0 15.0 -0.2601
180.0 7.5 -10.0 15.0 -0.002
180.0 10.0 -10.0 15.0 0.0
180.0 -5.0 -7.5 15.0 -0.6682
180.0 -2.5 -7.5 15.0 -1.5350000000000001
180.0 0.0 -7.5 15.0 -1.2843
180.0 2.5 -7.5 15.0 -0.8954000000000001
180.0 5.0 -7.5 15.0 -0.28109999999999996
180.0 7.5 -7.5 15.0 0.08739999999999999
180.0 10.0 -7.5 15.0 0.0215
180.0 -5.0 -5.0 15.0 0.031399999999999983
180.0 -2.5 -5.0 15.0 -0.2443
180.0 0.0 -5.0 15.0 0.3811
180.0 2.5 -5.0 15.0 0.5325
180.0 5.0 -5.0 15.0 0.6334
180.0 7.5 -5.0 15.0 0.8839
180.0 10.0 -5.0 15.0 0.6604
180.0 -5.0 -2.5 15.0 2.5201000000000002
180.0 -2.5 -2.5 15.0 3.3602
180.0 0.0 -2.5 15.0 3.9896999999999996
180.0 2.5 -2.5 15.0 3.4582
180.0 5.0 -2.5 15.0 1.8976
180.0 10.0 -2.5 15.0 0.7125
180.0 -5.0 0.0 15.0 4.556
180.0 -2.5 0.0 15.0 5.5735
180.0 0.0 0.0 15.0 5.379
180.0 2.5 0.0 15.0 4.4112
180.0 5.0 0.0 15.0 1.688
180.0 -5.0 2.5 15.0 4.6622
180.0 -2.5 2.5 15.0 2.0324
180.0 0.0 2.5 15.0 2.9532999999999996
180.0 2.5 2.5 15.0 1.7587
180.0 5.0 2.5 15.0 -1.2854
180.0 7.5 2.5 15.0 -3.0895
180.0 -5.0 5.0 15.0 -15.983
180.0 -2.5 5.0 15.0 -14.8361
180.0 0.0 5.0 15.0 -7.5146999999999995
180.0 2.5 5.0 15.0 -2.6738
180.0 5.0 5.0 15.0 -1.9879
180.0 7.5 5.0 15.0 -2.8291999999999997
180.0 10.0 5.0 15.0 -2.764
180.0 -5.0 -10.0 16.25 -0.1724
180.0 -2.5 -10.0 16.25 -0.4581
180.0 0.0 -10.0 16.25 -0.5123
180.0 2.5 -10.0 16.25 -0.45690000000000003
180.0 5.0 -10.0 16.25 -0.0493
180.0 7.5 -10.0 16.25 0.0
180.0 10.0 -10.0 16.25 0.0
180.0 -5.0 -7.5 16.25 -0.2238
180.0 -2.5 -7.5 16.25 -0.6708999999999999
180.0 0.0 -7.5 16.25 -0.9892
180.0 2.5 -7.5 16.25 -0.7096
180.0 5.0 -7.5 16.25 -0.267
180.0 7.5 -7.5 16.25 -0.0116
180.0 10.0 -7.5 16.25 0.0
180.0 -5.0 -5.0 16.25 0.3561
180.0 -2.5 -5.0 16.25 0.46740000000000004
180.0 0.0 -5.0 16.25 0.3726
180.0 2.5 -5.0 16.25 0.1733
180.0 5.0 -5.0 16.25 0.4265
180.0 7.5 -5.0 16.25 0.3975
180.0 10.0 -5.0 16.25 0.1114
180.0 -5.0 -2.5 16.25 1.7852999999999999
180.0 -2.5 -2.5 16.25 2.0474
180.0 0.0 -2.5 16.25 2.5535
180.0 2.5 -2.5 16.25 2.199
180.0 5.0 -2.5 16.25 1.3481999999999998
180.0 7.5 -2.5 16.25 0.6826
180.0 10.0 -2.5 16.25 0.48129999999999995
180.0 -5.0 0.0 16.25 3.8299
180.0 -2.5 0.0 16.25 3.3699
180.0 0.0 0.0 16.25 3.481
180.0 2.5 0.0 16.25 2.8196000000000003
180.0 5.0 0.0 16.25 1.1025
180.0 7.5 0.0 16.25 -0.1947
180.0 -5.0 2.5 16.25 0.3668000000000001
180.0 -2.5 2.5 16.25 0.718
180.0 0.0 2.5 16.25 0.8397
180.0 2.5 2.5 16.25 1.2021
180.0 5.0 2.5 16.25 -0.6342
180.0 7.5 2.5 16.25 -2.2683
180.0 -5.0 5.0 16.25 -11.6746
180.0 -2.5 5.0 16.25 -9.5802
180.0 0.0 5.0 16.25 -4.885999999999999
180.0 2.5 5.0 16.25 -1.8865999999999998
180.0 5.0 5.0 16.25 -1.9531
180.0 7.5 5.0 16.25 -2.2145
180.0 10.0 5.0 16.25 -2.1004
240.0 -5.0 -10.0 3.75 -1.8379
240.0 -2.5 -10.0 3.75 -7.318499999999999
240.0 0.0 -10.0 3.75 1.3777
240.0 2.5 -10.0 3.75 -0.41049999999999986
240.0 5.0 -10.0 3.75 3.2109000000000005
240.0 7.5 -10.0 3.75 3.6195000000000004
240.0 10.0 -10.0 3.75 2.5627
240.0 -5.0 -7.5 3.75 -6.082599999999999
240.0 -2.5 -7.5 3.75 9115.8209
240.0 0.0 -7.5 3.75 9563903131.588
240.0 2.5 -7.5 3.75 39502554.2678
240.0 5.0 -7.5 3.75 9334.4919
240.0 7.5 -7.5 3.75 -1.2358000000000002
240.0 10.0 -7.5 3.75 -1.2762
240.0 -5.0 -5.0 3.75 16.044300000000003
240.0 -2.5 -5.0 3.75 4387.871
240.0 0.0 -5.0 3.75 46354972.5629
240.0 2.5 -5.0 3.75 9999999931.9221
240.0 5.0 -5.0 3.75 670791.957
240.0 7.5 -5.0 3.75 6.143800000000001
240.0 10.0 -5.0 3.75 -6.376200000000001
240.0 -5.0 -2.5 3.75 119955.4961
240.0 -2.5 -2.5 3.75 10000000020.397501
240.0 0.0 -2.5 3.75 5114223.9061
240.0 2.5 -2.5 3.75 966630914.9019
240.0 5.0 -2.5 3.75 5161670827.4125
240.0 7.5 -2.5 3.75 36964.993500000004
240.0 10.0 -2.5 3.75 -12.0762
240.0 -5.0 0.0 3.75 1673501235.4596002
240.0 -2.5 0.0 3.75 9999999962.2609
240.0 0.0 0.0 3.75 2234074333.4397
240.0 2.5 0.0 3.75 9999999953.103802
240.0 5.0 0.0 3.75 10000000031.896502
240.0 7.5 0.0 3.75 66751.1342
240.0 10.0 0.0 3.75 -8.5853
240.0 -5.0 2.5 3.75 9999999945.5167
240.0 -2.5 2.5 3.75 9999999963.5993
240.0 0.0 2.5 3.75 9999999897.9789
240.0 2.5 2.5 3.75 246572631.5994
240.0 5.0 2.5 3.75 10000000050.3134
240.0 7.5 2.5 3.75 129524.9923
240.0 10.0 2.5 3.75 0.15969999999999995
240.0 -5.0 5.0 3.75 10000000015.247002
240.0 -2.5 5.0 3.75 10000000176.8117
240.0 0.0 5.0 3.75 4675498084.3784
240.0 2.5 5.0 3.75 9999999943.387901
240.0 5.0 5.0 3.75 1271309997.5738
240.0 7.5 5.0 3.75 7567.4592
240.0 10.0 5.0 3.75 21.0309
240.0 0.0 0.0 5.0 10000000071.136301
240.0 -2.5 2.5 5.0 10000000001.4986
240.0 -2.5 5.0 5.0 10000000029.3024
240.0 0.0 0.0 6.25 10000000008.5426
240.0 -2.5 2.5 6.25 3428910472.0073004
240.0 0.0 2.5 6.25 2039076043.2703998
240.0 -5.0 5.0 6.25 10000000008.6776
240.0 -2.5 5.0 6.25 10000000358.017801
240.0 2.5 -10.0 7.5 3.4659999999999997
240.0 -2.5 -7.5 7.5 -2.4032999999999998
240.0 0.0 -5.0 7.5 46896.7795
240.0 0.0 0.0 7.5 1646589655.4674
240.0 -2.5 2.5 7.5 86670870.40460001
240.0 0.0 2.5 7.5 10000000043.3656
240.0 -5.0 5.0 7.5 10000000031.991201
240.0 -2.5 5.0 7.5 9999999990.2458
240.0 0.0 5.0 7.5 10000000078.1982
240.0 0.0 -10.0 8.75 4.772
240.0 2.5 -10.0 8.75 2.2263
240.0 5.0 -10.0 8.75 1.1211
240.0 -2.5 -7.5 8.75 -2.6428000000000003
240.0 0.0 -7.5 8.75 -0.2695000000000001
240.0 2.5 -7.5 8.75 -1.6063
240.0 -2.5 -5.0 8.75 0.8795000000000002
240.0 0.0 -5.0 8.75 117.42299999999999
240.0 0.0 -2.5 8.75 182428.8468
240.0 2.5 -2.5 8.75 12103.2611
240.0 -2.5 0.0 8.75 2261398838.4775996
240.0 0.0 0.0 8.75 1914029390.1641
240.0 -2.5 2.5 8.75 5294778135.3689995
240.0 0.0 2.5 8.75 10000000044.03
240.0 2.5 2.5 8.75 278379367.8794
240.0 -5.0 5.0 8.75 10000000081.975601
240.0 -2.5 5.0 8.75 9999999953.7886
240.0 0.0 5.0 8.75 2838516267.1054
240.0 0.0 -10.0 10.0 3.1978
240.0 2.5 -10.0 10.0 1.3676000000000001
240.0 5.0 -10.0 10.0 0.8230999999999999
240.0 -2.5 -7.5 10.0 -2.5204
240.0 0.0 -7.5 10.0 -1.9074
240.0 2.5 -7.5 10.0 -2.9748
240.0 -2.5 -5.0 10.0 -5.5674
240.0 0.0 -5.0 10.0 -13.1895
240.0 -5.0 -2.5 10.0 135384.4627
240.0 -2.5 -2.5 10.0 270831.82330000005
240.0 0.0 -2.5 10.0 188187.676
240.0 2.5 -2.5 10.0 -19.6346
240.0 -2.5 0.0 10.0 127653317.7477
240.0 0.0 0.0 10.0 1795448326.3898
240.0 2.5 0.0 10.0 15046753.0756
240.0 -5.0 2.5 10.0 61217811.7138
240.0 -2.5 2.5 10.0 1333682.3
240.0 0.0 2.5 10.0 4376041.9225
240.0 2.5 2.5 10.0 235630.4264
240.0 -5.0 5.0 10.0 236742401.9726
240.0 -2.5 5.0 10.0 9999999902.718401
240.0 0.0 5.0 10.0 10000000074.9167
240.0 2.5 5.0 10.0 3974274.1141999997
240.0 7.5 5.0 10.0 13.1752
240.0 -2.5 -10.0 11.25 2.9203
240.0 0.0 -10.0 11.25 2.3606
240.0 2.5 -10.0 11.25 1.0932
240.0 5.0 -10.0 11.25 1.1361
240.0 7.5 -10.0 11.25 0.8771
240.0 10.0 -10.0 11.25 0.4173
240.0 -5.0 -7.5 11.25 -0.7533
240.0 -2.5 -7.5 11.25 -1.1422
240.0 0.0 -7.5 11.25 -1.4579
240.0 2.5 -7.5 11.25 -2.4465
240.0 -2.5 -5.0 11.25 -10.9236
240.0 0.0 -5.0 11.25 -9.439499999999999
240.0 2.5 -5.0 11.25 -9.4865
240.0 -5.0 -2.5 11.25 40078.238099999995
240.0 -2.5 -2.5 11.25 8265.0954
240.0 0.0 -2.5 11.25 56.52870000000001
240.0 2.5 -2.5 11.25 -17.5948
240.0 -5.0 0.0 11.25 615046543.2821
240.0 -2.5 0.0 11.25 146708220.59059998
240.0 0.0 0.0 11.25 557408726.2869
240.0 2.5 0.0 11.25 35653.1044
240.0 -2.5 2.5 11.25 692422.7511
240.0 0.0 2.5 11.25 2434379.5954
240.0 2.5 2.5 11.25 4408.3141
240.0 5.0 2.5 11.25 9.5701
240.0 7.5 2.5 11.25 7.9561
240.0 -5.0 5.0 11.25 10000000090.2049
240.0 -2.5 5.0 11.25 4660815.728
240.0 0.0 5.0 11.25 32250486.272099998
240.0 2.5 5.0 11.25 10000000024.105902
240.0 7.5 5.0 11.25 11.4281
240.0 -2.5 -10.0 12.5 2.7596
240.0 0.0 -10.0 12.5 2.1809000000000003
240.0 2.5 -10.0 12.5 1.3069
240.0 5.0 -10.0 12.5 1.1097000000000001
240.0 7.5 -10.0 12.5 0.5147
240.0 10.0 -10.0 12.5 0.25020000000000003
240.0 -5.0 -7.5 12.5 1.1469
240.0 -2.5 -7.5 12.5 0.0766
240.0 0.0 -7.5 12.5 -0.3779
240.0 2.5 -7.5 12.5 -1.0995
240.0 5.0 -7.5 12.5 -1.5106
240.0 -5.0 -5.0 12.5 -3.4259
240.0 -2.5 -5.0 12.5 -5.1781
240.0 0.0 -5.0 12.5 -5.771
240.0 2.5 -5.0 12.5 -5.9932
240.0 5.0 -5.0 12.5 -4.9531
240.0 -5.0 -2.5 12.5 103.57639999999999
240.0 -2.5 -2.5 12.5 166.7116
240.0 0.0 -2.5 12.5 -1.2875000000000005
240.0 2.5 -2.5 12.5 -10.3048
240.0 -5.0 0.0 12.5 403895.96979999996
240.0 -2.5 0.0 12.5 596023.4369000001
240.0 0.0 0.0 12.5 146393.7325
240.0 2.5 0.0 12.5 -5.4207
240.0 5.0 0.0 12.5 -2.2081
240.0 -5.0 2.5 12.5 2.6903000000000006
240.0 -2.5 2.5 12.5 909.3898
240.0 0.0 2.5 12.5 70490.0108
240.0 2.5 2.5 12.5 0.12319999999999975
240.0 5.0 2.5 12.5 6.8348
240.0 7.5 2.5 12.5 6.076499999999999
240.0 -5.0 5.0 12.5 2746370497.0786
240.0 -2.5 5.0 12.5 153190.41330000001
240.0 0.0 5.0 12.5 225559.4252
240.0 2.5 5.0 12.5 597.7938
240.0 5.0 5.0 12.5 13.9769
240.0 7.5 5.0 12.5 9.7332
240.0 -2.5 -10.0 13.75 2.2935000000000003
240.0 0.0 -10.0 13.75 1.9541000000000002
240.0 2.5 -10.0 13.75 1.5018
240.0 5.0 -10.0 13.75 0.8696
240.0 7.5 -10.0 13.75 0.3602
240.0 10.0 -10.0 13.75 0.0911
240.0 -5.0 -7.5 13.75 2.2509
240.0 -2.5 -7.5 13.75 1.9514
240.0 0.0 -7.5 13.75 1.0497
240.0 2.5 -7.5 13.75 -0.41090000000000004
240.0 5.0 -7.5 13.75 -0.7833
240.0 7.5 -7.5 13.75 -0.4017
240.0 10.0 -7.5 13.75 -0.04820000000000001
240.0 -5.0 -5.0 13.75 0.9231
240.0 -2.5 -5.0 13.75 -1.3994
240.0 0.0 -5.0 13.75 -3.1035
240.0 2.5 -5.0 13.75 -3.3733999999999997
240.0 5.0 -5.0 13.75 -3.1827
240.0 -5.0 -2.5 13.75 3.8627000000000002
240.0 -2.5 -2.5 13.75 -2.4064
240.0 0.0 -2.5 13.75 -6.3904
240.0 2.5 -2.5 13.75 -6.1102
240.0 -5.0 0.0 13.75 391.2336
240.0 -2.5 0.0 13.75 120.8984
240.0 0.0 0.0 13.75 0.24770000000000003
240.0 2.5 0.0 13.75 -4.627800000000001
240.0 5.0 0.0 13.75 -1.4285999999999999
240.0 -5.0 2.5 13.75 -31.4841
240.0 -2.5 2.5 13.75 -29.3557
240.0 0.0 2.5 13.75 -9.038599999999999
240.0 2.5 2.5 13.75 -0.5264000000000002
240.0 5.0 2.5 13.75 5.5846
240.0 7.5 2.5 13.75 4.584099999999999
240.0 10.0 2.5 13.75 1.8046
240.0 -5.0 5.0 13.75 251.87609999999998
240.0 -2.5 5.0 13.75 254.2848
240.0 0.0 5.0 13.75 289.2907
240.0 2.5 5.0 13.75 3.8141999999999996
240.0 5.0 5.0 13.75 10.036399999999999
240.0 7.5 5.0 13.75 8.0315
240.0 10.0 5.0 13.75 3.133
240.0 -5.0 -10.0 15.0 1.1772
240.0 -2.5 -10.0 15.0 1.4194
240.0 0.0 -10.0 15.0 1.2545
240.0 2.5 -10.0 15.0 0.8939
240.0 5.0 -10.0 15.0 0.5563
240.0 7.5 -10.0 15.0 0.2197
240.0 10.0 -10.0 15.0 0.035899999999999994
240.0 -5.0 -7.5 15.0 2.1745
240.0 -2.5 -7.5 15.0 2.5021999999999998
240.0 0.0 -7.5 15.0 1.6935
240.0 2.5 -7.5 15.0 0.1259
240.0 5.0 -7.5 15.0 -0.2346
240.0 7.5 -7.5 15.0 -0.1848
240.0 10.0 -7.5 15.0 0.020800000000000003
240.0 -5.0 -5.0 15.0 2.8942
240.0 -2.5 -5.0 15.0 1.2045000000000001
240.0 0.0 -5.0 15.0 -0.43100000000000005
240.0 2.5 -5.0 15.0 -1.4372
240.0 5.0 -5.0 15.0 -1.7481
240.0 10.0 -5.0 15.0 -0.3944
240.0 -5.0 -2.5 15.0 3.8789
240.0 -2.5 -2.5 15.0 -1.3054
240.0 0.0 -2.5 15.0 -3.6530000000000005
240.0 2.5 -2.5 15.0 -3.4536000000000002
240.0 5.0 -2.5 15.0 -2.3297000000000003
240.0 7.5 -2.5 15.0 -1.4889
240.0 -5.0 0.0 15.0 -0.8982999999999999
240.0 -2.5 0.0 15.0 -5.7235
240.0 0.0 0.0 15.0 -5.8796
240.0 2.5 0.0 15.0 -3.0528000000000004
240.0 5.0 0.0 15.0 -0.5112
240.0 7.5 0.0 15.0 0.3189
240.0 -5.0 2.5 15.0 -21.9099
240.0 -2.5 2.5 15.0 -19.354400000000002
240.0 0.0 2.5 15.0 -9.059899999999999
240.0 2.5 2.5 15.0 -0.5399
240.0 5.0 2.5 15.0 2.8374
240.0 7.5 2.5 15.0 2.7599
240.0 10.0 2.5 15.0 1.3189
240.0 -5.0 5.0 15.0 -38.8405
240.0 -2.5 5.0 15.0 -26.585199999999997
240.0 0.0 5.0 15.0 -8.7124
240.0 2.5 5.0 15.0 1.2272
240.0 5.0 5.0 15.0 6.3037
240.0 7.5 5.0 15.0 4.9013
240.0 10.0 5.0 15.0 2.038
240.0 -5.0 -10.0 16.25 0.7477
240.0 -2.5 -10.0 16.25 0.6545000000000001
240.0 0.0 -10.0 16.25 0.4646
240.0 2.5 -10.0 16.25 0.5924
240.0 5.0 -10.0 16.25 0.273
240.0 7.5 -10.0 16.25 0.0716
240.0 10.0 -10.0 16.25 0.0031
240.0 -5.0 -7.5 16.25 1.9051
240.0 -2.5 -7.5 16.25 1.9497
240.0 0.0 -7.5 16.25 1.2930000000000001
240.0 2.5 -7.5 16.25 0.3744
240.0 5.0 -7.5 16.25 -0.0235
240.0 7.5 -7.5 16.25 0.0506
240.0 10.0 -7.5 16.25 0.0351
240.0 -5.0 -5.0 16.25 3.3112
240.0 -2.5 -5.0 16.25 2.4288
240.0 0.0 -5.0 16.25 0.9811000000000001
240.0 2.5 -5.0 16.25 -0.525
240.0 5.0 -5.0 16.25 -1.0128
240.0 7.5 -5.0 16.25 -0.5588000000000001
240.0 10.0 -5.0 16.25 -0.0827
240.0 -5.0 -2.5 16.25 2.8231
240.0 -2.5 -2.5 16.25 0.7234999999999999
240.0 0.0 -2.5 16.25 -1.0737
240.0 2.5 -2.5 16.25 -1.5102
240.0 5.0 -2.5 16.25 -1.2651000000000001
240.0 7.5 -2.5 16.25 -0.7194
240.0 10.0 -2.5 16.25 -0.3076
240.0 -5.0 0.0 16.25 -2.4997
240.0 -2.5 0.0 16.25 -4.8575
240.0 0.0 0.0 16.25 -4.2325
240.0 2.5 0.0 16.25 -1.9475
240.0 5.0 0.0 16.25 -0.3758
240.0 7.5 0.0 16.25 -0.1549
240.0 -5.0 2.5 16.25 -15.0033
240.0 -2.5 2.5 16.25 -13.0224
240.0 0.0 2.5 16.25 -6.8863
240.0 2.5 2.5 16.25 -1.0333999999999999
240.0 5.0 2.5 16.25 1.7867000000000002
240.0 7.5 2.5 16.25 1.4602000000000002
240.0 10.0 2.5 16.25 0.5764999999999999
240.0 -5.0 5.0 16.25 -26.5855
240.0 -2.5 5.0 16.25 -21.5595
240.0 0.0 5.0 16.25 -8.8428
240.0 2.5 5.0 16.25 -0.24079999999999996
240.0 5.0 5.0 16.25 3.4313000000000002
240.0 7.5 5.0 16.25 2.8455
240.0 10.0 5.0 16.25 1.1794
300.0 -5.0 -10.0 3.75 -0.7026000000000001
300.0 -2.5 -10.0 3.75 -2.6254999999999997
300.0 0.0 -10.0 3.75 -1.7783
300.0 2.5 -10.0 3.75 0.8102
300.0 5.0 -10.0 3.75 2.3636999999999997
300.0 7.5 -10.0 3.75 2.1274
300.0 10.0 -10.0 3.75 1.6302
300.0 -5.0 -7.5 3.75 1031.2194
300.0 -2.5 -7.5 3.75 98872094.3814
300.0 0.0 -7.5 3.75 581915.5258000001
300.0 2.5 -7.5 3.75 -0.2333999999999996
300.0 5.0 -7.5 3.75 4.8660000000000005
300.0 7.5 -7.5 3.75 5.2889
300.0 10.0 -7.5 3.75 4.4025
300.0 -5.0 -5.0 3.75 995180.9302
300.0 -2.5 -5.0 3.75 4829708288.7236
300.0 0.0 -5.0 3.75 582905803.9096
300.0 2.5 -5.0 3.75 1448508.7936
300.0 5.0 -5.0 3.75 669.7048000000001
300.0 7.5 -5.0 3.75 0.8129
300.0 10.0 -5.0 3.75 4.4235
300.0 -5.0 -2.5 3.75 9999999994.513
300.0 -2.5 -2.5 3.75 5170046.2809999995
300.0 0.0 -2.5 3.75 34435487.0675
300.0 2.5 -2.5 3.75 11369700.207799999
300.0 5.0 -2.5 3.75 1335938.1411
300.0 7.5 -2.5 3.75 230.81550000000001
300.0 10.0 -2.5 3.75 -2.0534
300.0 -5.0 0.0 3.75 9999999781.7534
300.0 -2.5 0.0 3.75 9999999877.840101
300.0 0.0 0.0 3.75 9999999867.0883
300.0 2.5 0.0 3.75 2141559218.4387999
300.0 5.0 0.0 3.75 88260162.4773
300.0 7.5 0.0 3.75 7373980.6446
300.0 10.0 0.0 3.75 1725965.4902000001
300.0 -5.0 2.5 3.75 9999999795.5296
300.0 -2.5 2.5 3.75 10000000224.274
300.0 0.0 2.5 3.75 10000000028.399801
300.0 2.5 2.5 3.75 10000000121.739601
300.0 5.0 2.5 3.75 2353411604.0497003
300.0 7.5 2.5 3.75 9999999932.257301
300.0 10.0 2.5 3.75 5183736307.2357
300.0 -5.0 5.0 3.75 3268139578.1582003
300.0 -2.5 5.0 3.75 9999999972.837502
300.0 0.0 5.0 3.75 47179605.5771
300.0 2.5 5.0 3.75 9999999866.6986
300.0 5.0 5.0 3.75 9999999807.641602
300.0 7.5 5.0 3.75 9999999935.921701
300.0 10.0 5.0 3.75 156746361.3518
300.0 -2.5 -2.5 6.25 40682659.7556
300.0 0.0 -2.5 6.25 5301598948.035501
300.0 2.5 -2.5 6.25 69816877.418
300.0 2.5 -5.0 7.5 1361.8085999999998
300.0 -2.5 -2.5 7.5 812899946.1199
300.0 0.0 -2.5 7.5 222643356.9529
300.0 0.0 0.0 7.5 1983108148.8455
300.0 0.0 2.5 7.5 9999999921.942902
300.0 5.0 -10.0 8.75 2.6314
300.0 2.5 -7.5 8.75 4.6566
300.0 5.0 -7.5 8.75 5.7361
300.0 0.0 -5.0 8.75 21526202.0787
300.0 2.5 -5.0 8.75 107.2506
300.0 5.0 -5.0 8.75 6.3896
300.0 -5.0 -2.5 8.75 1087918.6342
300.0 -2.5 -2.5 8.75 9999999936.4074
300.0 0.0 -2.5 8.75 23196832.6826
300.0 2.5 -2.5 8.75 703257.2262
300.0 -5.0 0.0 8.75 700044.0315
300.0 0.0 0.0 8.75 9999999941.872702
300.0 0.0 2.5 8.75 9999999981.715801
300.0 0.0 5.0 8.75 9999999902.4943
300.0 0.0 -10.0 10.0 1.4509999999999998
300.0 2.5 -10.0 10.0 2.5077
300.0 5.0 -10.0 10.0 2.3377
300.0 7.5 -10.0 10.0 1.4874
300.0 10.0 -10.0 10.0 0.7365
300.0 2.5 -7.5 10.0 4.0389
300.0 5.0 -7.5 10.0 4.9812
300.0 -5.0 -5.0 10.0 -5.7919
300.0 0.0 -5.0 10.0 3092.6704
300.0 2.5 -5.0 10.0 3.9792000000000005
300.0 5.0 -5.0 10.0 5.1416
300.0 -5.0 -2.5 10.0 583.8249999999999
300.0 -2.5 -2.5 10.0 182148.95239999998
300.0 0.0 -2.5 10.0 6900.3614
300.0 2.5 -2.5 10.0 332728.7472
300.0 -5.0 0.0 10.0 6194.6634
300.0 -2.5 0.0 10.0 9999999997.378
300.0 0.0 0.0 10.0 9999999958.742
300.0 2.5 0.0 10.0 218534489.0632
300.0 0.0 2.5 10.0 9999999924.059502
300.0 0.0 5.0 10.0 748401785.143
300.0 2.5 5.0 10.0 10000000086.554201
300.0 0.0 -10.0 11.25 1.5145
300.0 2.5 -10.0 11.25 1.9529
300.0 5.0 -10.0 11.25 1.8286
300.0 7.5 -10.0 11.25 0.9703
300.0 10.0 -10.0 11.25 0.45399999999999996
300.0 -2.5 -7.5 11.25 0.9970999999999999
300.0 0.0 -7.5 11.25 2.4783
300.0 2.5 -7.5 11.25 3.5159
300.0 5.0 -7.5 11.25 3.9396999999999998
300.0 7.5 -7.5 11.25 3.6711
300.0 -5.0 -5.0 11.25 -3.1333
300.0 -2.5 -5.0 11.25 -0.8609999999999998
300.0 0.0 -5.0 11.25 -0.11719999999999997
300.0 2.5 -5.0 11.25 1.7850000000000001
300.0 5.0 -5.0 11.25 4.154
300.0 -5.0 -2.5 11.25 9999999760.791101
300.0 -2.5 -2.5 11.25 1342357.7707
300.0 0.0 -2.5 11.25 9241.4805
300.0 2.5 -2.5 11.25 21.468799999999998
300.0 -5.0 0.0 11.25 3368113.8791
300.0 -2.5 0.0 11.25 351365834.3743
300.0 0.0 0.0 11.25 9999999963.206202
300.0 2.5 0.0 11.25 152963.61359999998
300.0 -5.0 2.5 11.25 51099.5925
300.0 -2.5 2.5 11.25 89584.2619
300.0 0.0 2.5 11.25 1013902905.4052
300.0 2.5 2.5 11.25 66313.0946
300.0 5.0 2.5 11.25 -8.2539
300.0 0.0 5.0 11.25 281619611.84250003
300.0 2.5 5.0 11.25 1311754.4376
300.0 5.0 5.0 11.25 -0.6649000000000012
300.0 7.5 5.0 11.25 -17.3908
300.0 -2.5 -10.0 12.5 1.0270000000000001
300.0 0.0 -10.0 12.5 1.3144
300.0 2.5 -10.0 12.5 1.4255
300.0 5.0 -10.0 12.5 1.2850000000000001
300.0 7.5 -10.0 12.5 0.6014999999999999
300.0 10.0 -10.0 12.5 0.1358
300.0 -2.5 -7.5 12.5 2.9978000000000002
300.0 0.0 -7.5 12.5 3.0897
300.0 2.5 -7.5 12.5 2.8712999999999997
300.0 5.0 -7.5 12.5 3.3312
300.0 7.5 -7.5 12.5 2.7416
300.0 -5.0 -5.0 12.5 2.3809
300.0 -2.5 -5.0 12.5 6.227899999999999
300.0 0.0 -5.0 12.5 1.9830999999999999
300.0 2.5 -5.0 12.5 2.6839000000000004
300.0 5.0 -5.0 12.5 4.2251
300.0 -5.0 -2.5 12.5 3717.4224
300.0 -2.5 -2.5 12.5 2950687.4183
300.0 0.0 -2.5 12.5 1164.1933999999999
300.0 2.5 -2.5 12.5 -2.8147
300.0 5.0 -2.5 12.5 0.7229999999999999
300.0 -5.0 0.0 12.5 308.5638
300.0 -2.5 0.0 12.5 935245.0428
300.0 0.0 0.0 12.5 29730248.968200002
300.0 2.5 0.0 12.5 1023.9793
300.0 5.0 0.0 12.5 -6.4226
300.0 7.5 0.0 12.5 -2.9589000000000003
300.0 -5.0 2.5 12.5 11496.870299999999
300.0 -2.5 2.5 12.5 -18.2084
300.0 0.0 2.5 12.5 426352.9948
300.0 2.5 2.5 12.5 179.34810000000002
300.0 5.0 2.5 12.5 -12.7745
300.0 7.5 2.5 12.5 -8.3939
300.0 -5.0 5.0 12.5 7124.9408
300.0 -2.5 5.0 12.5 58655772.1504
300.0 0.0 5.0 12.5 1416161.0071
300.0 2.5 5.0 12.5 17593.3481
300.0 5.0 5.0 12.5 -11.1719
300.0 7.5 5.0 12.5 -9.4869
300.0 -2.5 -10.0 13.75 0.9403000000000001
300.0 0.0 -10.0 13.75 1.0908
300.0 2.5 -10.0 13.75 1.0926
300.0 5.0 -10.0 13.75 0.7603000000000001
300.0 7.5 -10.0 13.75 0.092
300.0 10.0 -10.0 13.75 0.0094
300.0 -5.0 -7.5 13.75 2.4448
300.0 -2.5 -7.5 13.75 3.2723999999999998
300.0 0.0 -7.5 13.75 2.9078999999999997
300.0 2.5 -7.5 13.75 2.6582000000000003
300.0 5.0 -7.5 13.75 2.6485
300.0 7.5 -7.5 13.75 1.4913999999999998
300.0 -5.0 -5.0 13.75 4.179399999999999
300.0 -2.5 -5.0 13.75 6.9986
300.0 0.0 -5.0 13.75 3.8263999999999996
300.0 2.5 -5.0 13.75 2.7674000000000003
300.0 5.0 -5.0 13.75 3.4057999999999997
300.0 -5.0 -2.5 13.75 9.8324
300.0 -2.5 -2.5 13.75 104.7722
300.0 0.0 -2.5 13.75 25.448900000000002
300.0 2.5 -2.5 13.75 -1.444
300.0 5.0 -2.5 13.75 1.1084
300.0 7.5 -2.5 13.75 2.441
300.0 -5.0 0.0 13.75 -20.1599
300.0 -2.5 0.0 13.75 19.617599999999996
300.0 0.0 0.0 13.75 15515.8888
300.0 2.5 0.0 13.75 -11.3144
300.0 5.0 0.0 13.75 -4.0102
300.0 7.5 0.0 13.75 -1.5566
300.0 -5.0 2.5 13.75 -27.515599999999996
300.0 -2.5 2.5 13.75 -48.7195
300.0 0.0 2.5 13.75 -41.5118
300.0 2.5 2.5 13.75 -20.0788
300.0 5.0 2.5 13.75 -8.6518
300.0 7.5 2.5 13.75 -4.9259
300.0 10.0 2.5 13.75 -2.8912999999999998
300.0 -5.0 5.0 13.75 -19.9688
300.0 -2.5 5.0 13.75 3383.5024000000003
300.0 0.0 5.0 13.75 36248.7363
300.0 2.5 5.0 13.75 49.8121
300.0 5.0 5.0 13.75 -8.242700000000001
300.0 7.5 5.0 13.75 -5.3274
300.0 10.0 5.0 13.75 -3.6122
300.0 -2.5 -10.0 15.0 0.7857999999999999
300.0 0.0 -10.0 15.0 0.9623
300.0 2.5 -10.0 15.0 1.1193
300.0 5.0 -10.0 15.0 0.2935
300.0 7.5 -10.0 15.0 0.025
300.0 10.0 -10.0 15.0 0.0001
300.0 -5.0 -7.5 15.0 2.54
300.0 -2.5 -7.5 15.0 2.94
300.0 0.0 -7.5 15.0 2.4798
300.0 2.5 -7.5 15.0 1.8884999999999998
300.0 5.0 -7.5 15.0 1.5561
300.0 7.5 -7.5 15.0 0.5235
300.0 10.0 -7.5 15.0 0.0332
300.0 -5.0 -5.0 15.0 3.6905000000000006
300.0 -2.5 -5.0 15.0 5.4609000000000005
300.0 0.0 -5.0 15.0 3.1772
300.0 2.5 -5.0 15.0 2.4376
300.0 5.0 -5.0 15.0 2.4943000000000004
300.0 7.5 -5.0 15.0 1.9807000000000001
300.0 -5.0 -2.5 15.0 1.1551
300.0 -2.5 -2.5 15.0 6.324999999999999
300.0 0.0 -2.5 15.0 0.6503999999999999
300.0 2.5 -2.5 15.0 -0.408
300.0 5.0 -2.5 15.0 1.9162000000000001
300.0 7.5 -2.5 15.0 2.1812
300.0 10.0 -2.5 15.0 1.5580999999999998
300.0 -5.0 0.0 15.0 -14.1185
300.0 -2.5 0.0 15.0 -15.296199999999999
300.0 0.0 0.0 15.0 -14.8539
300.0 2.5 0.0 15.0 -8.7815
300.0 5.0 0.0 15.0 -2.8106999999999998
300.0 7.5 0.0 15.0 0.16399999999999998
300.0 10.0 0.0 15.0 0.6314
300.0 -5.0 2.5 15.0 -31.319
300.0 -2.5 2.5 15.0 -35.463300000000004
300.0 0.0 2.5 15.0 -31.8996
300.0 2.5 2.5 15.0 -15.9479
300.0 5.0 2.5 15.0 -6.2701
300.0 7.5 2.5 15.0 -2.4385000000000003
300.0 10.0 2.5 15.0 -1.018
300.0 -5.0 5.0 15.0 -28.2438
300.0 -2.5 5.0 15.0 -27.258000000000003
300.0 0.0 5.0 15.0 8.600299999999997
300.0 2.5 5.0 15.0 -13.876100000000001
300.0 5.0 5.0 15.0 -5.2445
300.0 7.5 5.0 15.0 -2.7639
300.0 10.0 5.0 15.0 -1.9100000000000001
300.0 -5.0 -10.0 16.25 0.6647
300.0 -2.5 -10.0 16.25 1.0553
300.0 0.0 -10.0 16.25 1.2562
300.0 2.5 -10.0 16.25 0.7653
300.0 5.0 -10.0 16.25 0.1447
300.0 7.5 -10.0 16.25 0.008
300.0 10.0 -10.0 16.25 0.0
300.0 -5.0 -7.5 16.25 2.2735000000000003
300.0 -2.5 -7.5 16.25 2.2255
300.0 0.0 -7.5 16.25 1.6658
300.0 2.5 -7.5 16.25 1.5032999999999999
300.0 5.0 -7.5 16.25 0.9097
300.0 7.5 -7.5 16.25 0.0834
300.0 10.0 -7.5 16.25 -0.0023
300.0 -5.0 -5.0 16.25 2.6529000000000003
300.0 -2.5 -5.0 16.25 3.337
300.0 0.0 -5.0 16.25 2.4438
300.0 2.5 -5.0 16.25 1.7314
300.0 5.0 -5.0 16.25 1.5986
300.0 7.5 -5.0 16.25 0.8698
300.0 10.0 -5.0 16.25 0.1227
300.0 -5.0 -2.5 16.25 -0.5145
300.0 -2.5 -2.5 16.25 0.9934999999999999
300.0 0.0 -2.5 16.25 -0.585
300.0 2.5 -2.5 16.25 0.009899999999999964
300.0 5.0 -2.5 16.25 1.1205
300.0 7.5 -2.5 16.25 1.2771
300.0 10.0 -2.5 16.25 0.6169
300.0 -5.0 0.0 16.25 -9.9795
300.0 -2.5 0.0 16.25 -10.4548
300.0 0.0 0.0 16.25 -9.7299
300.0 2.5 0.0 16.25 -6.01
300.0 5.0 0.0 16.25 -1.142
300.0 7.5 0.0 16.25 0.40709999999999996
300.0 10.0 0.0 16.25 0.6837
300.0 -5.0 2.5 16.25 -20.2077
300.0 -2.5 2.5 16.25 -23.7637
300.0 0.0 2.5 16.25 -21.0898
300.0 2.5 2.5 16.25 -11.1141
300.0 5.0 2.5 16.25 -4.3729
300.0 7.5 2.5 16.25 -1.2069
300.0 10.0 2.5 16.25 -0.1021
300.0 -5.0 5.0 16.25 -20.1824
300.0 -2.5 5.0 16.25 -27.8587
300.0 0.0 5.0 16.25 -25.508599999999998
300.0 2.5 5.0 16.25 -11.1722
300.0 5.0 5.0 16.25 -4.4036
300.0 7.5 5.0 16.25 -1.7516
300.0 10.0 5.0 16.25 -0.6178
