0.0 0.0 2.5 5.0 968566603.7451
0.0 2.5 2.5 5.0 272020.1183
0.0 0.0 5.0 5.0 3025.552
0.0 2.5 0.0 6.25 684466754.0491
0.0 0.0 2.5 6.25 7163835424.5917
0.0 0.0 5.0 6.25 505.72209999999995
0.0 0.0 0.0 7.5 9999999620.8847
0.0 2.5 0.0 7.5 9999999913.320301
0.0 0.0 2.5 7.5 391727250.4762
0.0 0.0 5.0 7.5 -11.658700000000001
0.0 0.0 -5.0 8.75 74216976.10149999
0.0 5.0 -5.0 8.75 9999999940.5893
0.0 -2.5 -2.5 8.75 2026778279.5711
0.0 0.0 -2.5 8.75 9999999962.9346
0.0 -2.5 0.0 8.75 9999999980.233002
0.0 0.0 0.0 8.75 10000000035.6235
0.0 2.5 0.0 8.75 9999999806.432701
0.0 0.0 2.5 8.75 173821.56759999998
0.0 2.5 2.5 8.75 145529.3298
0.0 0.0 5.0 8.75 -18.1674
0.0 2.5 5.0 8.75 -18.8087
0.0 5.0 -7.5 10.0 10000000125.704601
0.0 7.5 -7.5 10.0 839071440.9462999
0.0 -2.5 -5.0 10.0 68398494.31629999
0.0 0.0 -5.0 10.0 196774339.2644
0.0 2.5 -5.0 10.0 9999999814.1319
0.0 5.0 -5.0 10.0 10000000102.3248
0.0 7.5 -5.0 10.0 4543655512.0473995
0.0 -2.5 -2.5 10.0 9999999966.6657
0.0 0.0 -2.5 10.0 152640578.4552
0.0 2.5 -2.5 10.0 10000000001.2628
0.0 5.0 -2.5 10.0 97284127.23740001
0.0 -2.5 0.0 10.0 9999999991.2949
0.0 0.0 0.0 10.0 9999999959.700201
0.0 2.5 0.0 10.0 2025924119.8158
0.0 0.0 2.5 10.0 7.821400000000002
0.0 2.5 2.5 10.0 41430.6702
0.0 0.0 5.0 10.0 -12.5582
0.0 2.5 5.0 10.0 -19.572499999999998
0.0 2.5 -10.0 11.25 10000000031.397501
0.0 5.0 -10.0 11.25 10000000039.739101
0.0 10.0 -10.0 11.25 9999999970.244701
0.0 2.5 -7.5 11.25 10000000208.863901
0.0 5.0 -7.5 11.25 9999999908.2588
0.0 7.5 -7.5 11.25 2360252718.3608003
0.0 0.0 -5.0 11.25 9999999942.327702
0.0 2.5 -5.0 11.25 10000000031.036001
0.0 5.0 -5.0 11.25 9999999901.189402
0.0 -5.0 -2.5 11.25 16.956799999999998
0.0 -2.5 -2.5 11.25 20821714.1461
0.0 0.0 -2.5 11.25 17879199.583499998
0.0 2.5 -2.5 11.25 1282909567.828
0.0 5.0 -2.5 11.25 3576829.5193000003
0.0 -5.0 0.0 11.25 245.35410000000002
0.0 -2.5 0.0 11.25 133394741.00209999
0.0 0.0 0.0 11.25 31637.3716
0.0 2.5 0.0 11.25 10000000001.7199
0.0 0.0 2.5 11.25 -14.3902
0.0 2.5 2.5 11.25 589.2777
0.0 0.0 5.0 11.25 -7.4492
0.0 2.5 5.0 11.25 -13.1874
0.0 -2.5 -10.0 12.5 114002903.7943
0.0 2.5 -10.0 12.5 10000000089.232801
0.0 5.0 -10.0 12.5 109400950.085
0.0 7.5 -10.0 12.5 395218479.6397
0.0 10.0 -10.0 12.5 10000000019.7651
0.0 -5.0 -7.5 12.5 -31.2138
0.0 0.0 -7.5 12.5 49408711.7178
0.0 2.5 -7.5 12.5 10000000117.299501
0.0 5.0 -7.5 12.5 9999999940.3458
0.0 7.5 -7.5 12.5 9999999903.3924
0.0 10.0 -7.5 12.5 9999999955.5527
0.0 -2.5 -5.0 12.5 71642.59259999999
0.0 0.0 -5.0 12.5 501217777.4463
0.0 2.5 -5.0 12.5 10000000073.708
0.0 5.0 -5.0 12.5 9999999898.414701
0.0 -2.5 -2.5 12.5 2144841.3349
0.0 0.0 -2.5 12.5 45973879.8082
0.0 2.5 -2.5 12.5 37939900.9473
0.0 5.0 -2.5 12.5 178835.75970000002
0.0 -5.0 0.0 12.5 -3.1708000000000003
0.0 -2.5 0.0 12.5 20644029.8991
0.0 0.0 0.0 12.5 10261.187800000002
0.0 2.5 0.0 12.5 691734829.1243
0.0 5.0 0.0 12.5 6338.037
0.0 -2.5 2.5 12.5 4.7703999999999995
0.0 0.0 2.5 12.5 -7.9241
0.0 2.5 2.5 12.5 108.3185
0.0 7.5 2.5 12.5 536.8866
0.0 0.0 5.0 12.5 -4.1789
0.0 2.5 5.0 12.5 -6.8576999999999995
0.0 5.0 5.0 12.5 -6.965
0.0 -2.5 -10.0 13.75 2990.7032
0.0 0.0 -10.0 13.75 13883393.7501
0.0 2.5 -10.0 13.75 463712.84130000003
0.0 5.0 -10.0 13.75 76415278.5939
0.0 7.5 -10.0 13.75 9366120516.9512
0.0 10.0 -10.0 13.75 107585346.06989999
0.0 -5.0 -7.5 13.75 -18.779400000000003
0.0 -2.5 -7.5 13.75 15089.3115
0.0 0.0 -7.5 13.75 8173280.3795
0.0 2.5 -7.5 13.75 573934107.6745999
0.0 5.0 -7.5 13.75 2107822912.7143
0.0 7.5 -7.5 13.75 10000000058.366001
0.0 10.0 -7.5 13.75 10000000009.8925
0.0 -2.5 -5.0 13.75 42.5122
0.0 0.0 -5.0 13.75 923882.8076000001
0.0 2.5 -5.0 13.75 9999999973.281801
0.0 5.0 -5.0 13.75 10000000050.9941
0.0 7.5 -5.0 13.75 10000000011.6487
0.0 -5.0 -2.5 13.75 -12.0476
0.0 -2.5 -2.5 13.75 558.1527
0.0 0.0 -2.5 13.75 4950552.8207
0.0 2.5 -2.5 13.75 131011121.21159999
0.0 5.0 -2.5 13.75 771463331.5726
0.0 7.5 -2.5 13.75 6294978.267899999
0.0 -5.0 0.0 13.75 -5.02
0.0 -2.5 0.0 13.75 554186.5614
0.0 0.0 0.0 13.75 45.2127
0.0 2.5 0.0 13.75 35757588.852
0.0 5.0 0.0 13.75 788.8836
0.0 7.5 0.0 13.75 31442509.0409
0.0 10.0 0.0 13.75 2.3279
0.0 -5.0 2.5 13.75 -0.5074000000000001
0.0 -2.5 2.5 13.75 -0.538
0.0 0.0 2.5 13.75 -3.1397000000000004
0.0 2.5 2.5 13.75 4.7206
0.0 5.0 2.5 13.75 -3.9608999999999996
0.0 7.5 2.5 13.75 5.1812
0.0 -2.5 5.0 13.75 -0.12190000000000001
0.0 0.0 5.0 13.75 -1.8809
0.0 2.5 5.0 13.75 -2.6295
0.0 5.0 5.0 13.75 -2.4676
0.0 7.5 5.0 13.75 -2.9885
0.0 10.0 5.0 13.75 -2.5284
0.0 -5.0 -10.0 15.0 -5.6597
0.0 -2.5 -10.0 15.0 8.0396
0.0 0.0 -10.0 15.0 301.4943
0.0 2.5 -10.0 15.0 13382.9872
0.0 5.0 -10.0 15.0 306707725.3427
0.0 7.5 -10.0 15.0 1128887465.6741002
0.0 10.0 -10.0 15.0 441037271.79940003
0.0 -5.0 -7.5 15.0 -11.3752
0.0 -2.5 -7.5 15.0 -2.106
0.0 0.0 -7.5 15.0 2197.655
0.0 2.5 -7.5 15.0 539236.9347999999
0.0 5.0 -7.5 15.0 965468093.9941
0.0 7.5 -7.5 15.0 10000000080.7516
0.0 10.0 -7.5 15.0 597780523.9165001
0.0 -5.0 -5.0 15.0 -10.947799999999999
0.0 -2.5 -5.0 15.0 -7.544700000000001
0.0 0.0 -5.0 15.0 1861.5047
0.0 2.5 -5.0 15.0 62164106.7443
0.0 5.0 -5.0 15.0 10000000040.7262
0.0 7.5 -5.0 15.0 271245111.2458
0.0 10.0 -5.0 15.0 9999999972.052502
0.0 -5.0 -2.5 15.0 -8.0415
0.0 -2.5 -2.5 15.0 -4.0578
0.0 0.0 -2.5 15.0 187605.1057
0.0 2.5 -2.5 15.0 6663890690.8506
0.0 5.0 -2.5 15.0 4703239.7263
0.0 7.5 -2.5 15.0 132659425.4649
0.0 10.0 -2.5 15.0 12693.244
0.0 -5.0 0.0 15.0 -3.5723
0.0 -2.5 0.0 15.0 14.709999999999999
0.0 0.0 0.0 15.0 0.5535000000000005
0.0 2.5 0.0 15.0 82163.9047
0.0 5.0 0.0 15.0 113.8956
0.0 7.5 0.0 15.0 256.1037
0.0 10.0 0.0 15.0 -0.012399999999999967
0.0 -5.0 2.5 15.0 0.09700000000000003
0.0 -2.5 2.5 15.0 0.369
0.0 0.0 2.5 15.0 0.7262
0.0 2.5 2.5 15.0 5.1683
0.0 5.0 2.5 15.0 -0.07079999999999975
0.0 7.5 2.5 15.0 1.1677999999999997
0.0 10.0 2.5 15.0 0.8265
0.0 -5.0 5.0 15.0 0.54
0.0 -2.5 5.0 15.0 1.1888
0.0 0.0 5.0 15.0 0.8194999999999999
0.0 2.5 5.0 15.0 0.6360000000000001
0.0 5.0 5.0 15.0 -0.1361
0.0 7.5 5.0 15.0 -0.6868000000000001
0.0 10.0 5.0 15.0 -1.0881
0.0 -5.0 -10.0 16.25 -3.2592
0.0 -2.5 -10.0 16.25 -0.7496999999999998
0.0 0.0 -10.0 16.25 -0.015699999999999825
0.0 2.5 -10.0 16.25 214.6408
0.0 5.0 -10.0 16.25 4267929042.3372
0.0 7.5 -10.0 16.25 9999999941.1266
0.0 10.0 -10.0 16.25 6649128.979900001
0.0 -5.0 -7.5 16.25 -7.1666
0.0 -2.5 -7.5 16.25 -4.2245
0.0 0.0 -7.5 16.25 24.2762
0.0 2.5 -7.5 16.25 469.517
0.0 5.0 -7.5 16.25 9999999975.853
0.0 7.5 -7.5 16.25 897321.485
0.0 10.0 -7.5 16.25 2812755.6215999997
0.0 -5.0 -5.0 16.25 -7.4158
0.0 -2.5 -5.0 16.25 -4.7666
0.0 0.0 -5.0 16.25 0.3754999999999997
0.0 2.5 -5.0 16.25 41886.6757
0.0 5.0 -5.0 16.25 7627449.5464
0.0 7.5 -5.0 16.25 825589.9364
0.0 10.0 -5.0 16.25 9583879865.5734
0.0 -5.0 -2.5 16.25 -5.4738
0.0 -2.5 -2.5 16.25 -5.0114
0.0 0.0 -2.5 16.25 13.581299999999999
0.0 2.5 -2.5 16.25 8575033.8107
0.0 5.0 -2.5 16.25 207154.46050000002
0.0 7.5 -2.5 16.25 2547100359.3052
0.0 10.0 -2.5 16.25 68991.6867
0.0 -5.0 0.0 16.25 -1.9009
0.0 -2.5 0.0 16.25 -1.1811
0.0 0.0 0.0 16.25 1.0406
0.0 2.5 0.0 16.25 37.7802
0.0 5.0 0.0 16.25 3.6941
0.0 7.5 0.0 16.25 -2.308
0.0 10.0 0.0 16.25 -0.2232000000000003
0.0 -5.0 2.5 16.25 0.6066
0.0 -2.5 2.5 16.25 1.158
0.0 0.0 2.5 16.25 2.2133000000000003
0.0 2.5 2.5 16.25 3.7651
0.0 5.0 2.5 16.25 2.2364
0.0 7.5 2.5 16.25 1.4388
0.0 10.0 2.5 16.25 1.2572999999999999
0.0 -5.0 5.0 16.25 0.6238
0.0 -2.5 5.0 16.25 0.9732999999999999
0.0 0.0 5.0 16.25 1.6203999999999998
0.0 2.5 5.0 16.25 1.7449
0.0 5.0 5.0 16.25 1.0741999999999998
0.0 7.5 5.0 16.25 0.7072
0.0 10.0 5.0 16.25 0.2873
60.0 -5.0 -10.0 3.75 737235602.8988999
60.0 -2.5 -10.0 3.75 10000000162.4435
60.0 0.0 -10.0 3.75 10000000239.2837
60.0 2.5 -10.0 3.75 10000000558.8013
60.0 5.0 -10.0 3.75 10000000070.7315
60.0 7.5 -10.0 3.75 10000000034.125502
60.0 10.0 -10.0 3.75 79746158.4041
60.0 -5.0 -7.5 3.75 10000000323.276201
60.0 -2.5 -7.5 3.75 9999999883.815401
60.0 0.0 -7.5 3.75 9999999843.101002
60.0 2.5 -7.5 3.75 9999999968.344702
60.0 5.0 -7.5 3.75 10000000455.091002
60.0 7.5 -7.5 3.75 10000000062.9789
60.0 10.0 -7.5 3.75 9999999994.0333
60.0 -5.0 -5.0 3.75 10000000033.8777
60.0 -2.5 -5.0 3.75 10000000116.7364
60.0 0.0 -5.0 3.75 10000000049.142101
60.0 2.5 -5.0 3.75 9999999776.260302
60.0 5.0 -5.0 3.75 10000000389.2893
60.0 7.5 -5.0 3.75 9999999905.710402
60.0 10.0 -5.0 3.75 6010925977.205099
60.0 -5.0 -2.5 3.75 9999999770.400501
60.0 -2.5 -2.5 3.75 9999999788.1608
60.0 0.0 -2.5 3.75 9999999962.8612
60.0 2.5 -2.5 3.75 9999999663.0464
60.0 5.0 -2.5 3.75 2718602795.8678
60.0 7.5 -2.5 3.75 9999999867.471401
60.0 10.0 -2.5 3.75 237012541.9374
60.0 -5.0 0.0 3.75 82713.36290000001
60.0 -2.5 0.0 3.75 9999999916.1982
60.0 0.0 0.0 3.75 9999999944.5988
60.0 2.5 0.0 3.75 9999999585.085402
60.0 5.0 0.0 3.75 8815732950.3209
60.0 7.5 0.0 3.75 10000000104.1912
60.0 10.0 0.0 3.75 4906.0072
60.0 -5.0 2.5 3.75 532237613.0707
60.0 -2.5 2.5 3.75 417558055.1672
60.0 0.0 2.5 3.75 88423916.6613
60.0 2.5 2.5 3.75 17974798.3927
60.0 5.0 2.5 3.75 11182752.529299999
60.0 7.5 2.5 3.75 96990875.3121
60.0 10.0 2.5 3.75 -6.5523
60.0 -5.0 5.0 3.75 18.8586
60.0 -2.5 5.0 3.75 49.5778
60.0 0.0 5.0 3.75 26518.571
60.0 2.5 5.0 3.75 1585539851.705
60.0 5.0 5.0 3.75 575.2681
60.0 7.5 5.0 3.75 -4.291
60.0 10.0 5.0 3.75 -4.1234
60.0 0.0 -2.5 6.25 278117419.9853
60.0 0.0 2.5 6.25 235582.41220000002
60.0 5.0 -7.5 7.5 3903144335.0505
60.0 0.0 -5.0 7.5 10000000161.6629
60.0 0.0 -2.5 7.5 1780314054.2493
60.0 -2.5 0.0 7.5 10000000037.965801
60.0 0.0 0.0 7.5 2457622309.8816
60.0 -2.5 2.5 7.5 9999999911.055601
60.0 0.0 2.5 7.5 15162498.3032
60.0 0.0 -7.5 8.75 10000000119.482302
60.0 0.0 -5.0 8.75 461438310.4608
60.0 2.5 -5.0 8.75 3365105767.9337
60.0 0.0 -2.5 8.75 773350964.8457
60.0 -2.5 0.0 8.75 2858122687.5446997
60.0 0.0 0.0 8.75 1353974.2758
60.0 -2.5 2.5 8.75 6647.8443
60.0 0.0 2.5 8.75 52548724.2622
60.0 2.5 2.5 8.75 754.5024
60.0 -5.0 5.0 8.75 -26.5335
60.0 -2.5 5.0 8.75 -42.8733
60.0 0.0 5.0 8.75 -54.5776
60.0 0.0 -10.0 10.0 10000000033.086802
60.0 0.0 -7.5 10.0 982351097.3064
60.0 2.5 -7.5 10.0 9999999811.790602
60.0 5.0 -7.5 10.0 10000000090.1518
60.0 0.0 -5.0 10.0 1868800408.195
60.0 2.5 -5.0 10.0 9999999973.1844
60.0 0.0 -2.5 10.0 10000000124.708302
60.0 -2.5 0.0 10.0 12661651.7214
60.0 0.0 0.0 10.0 847098.1047
60.0 -5.0 2.5 10.0 -23.3381
60.0 -2.5 2.5 10.0 -19.8341
60.0 0.0 2.5 10.0 321.1846
60.0 2.5 2.5 10.0 239.04850000000002
60.0 -2.5 5.0 10.0 -31.059099999999997
60.0 0.0 5.0 10.0 -38.3895
60.0 2.5 5.0 10.0 -33.8095
60.0 0.0 -10.0 11.25 9999999975.1553
60.0 7.5 -10.0 11.25 44499569.494399995
60.0 10.0 -10.0 11.25 32466414.9212
60.0 -2.5 -7.5 11.25 141363860.30159998
60.0 0.0 -7.5 11.25 41889886.466
60.0 2.5 -7.5 11.25 9999999973.6298
60.0 5.0 -7.5 11.25 9999999930.395
60.0 7.5 -7.5 11.25 9999999972.637201
60.0 10.0 -7.5 11.25 2333206659.1302004
60.0 0.0 -5.0 11.25 10000000236.9582
60.0 2.5 -5.0 11.25 9999999485.5282
60.0 0.0 -2.5 11.25 607030038.1988
60.0 -2.5 0.0 11.25 2311772.2827000003
60.0 0.0 0.0 11.25 435300.48079999996
60.0 2.5 0.0 11.25 150575880.95560002
60.0 -5.0 2.5 11.25 -14.261000000000001
60.0 -2.5 2.5 11.25 -24.056800000000003
60.0 0.0 2.5 11.25 -29.337999999999997
60.0 2.5 2.5 11.25 15.0985
60.0 -5.0 5.0 11.25 -12.0095
60.0 -2.5 5.0 11.25 -19.1552
60.0 0.0 5.0 11.25 -23.7867
60.0 2.5 5.0 11.25 -20.510900000000003
60.0 5.0 5.0 11.25 -16.8754
60.0 0.0 -10.0 12.5 9999999981.655201
60.0 2.5 -10.0 12.5 486121538.35840005
60.0 5.0 -10.0 12.5 85699395.7449
60.0 7.5 -10.0 12.5 5418459048.4223
60.0 10.0 -10.0 12.5 47445470.163499996
60.0 -2.5 -7.5 12.5 53959978.1783
60.0 0.0 -7.5 12.5 9229766.8159
60.0 2.5 -7.5 12.5 10000000032.436401
60.0 5.0 -7.5 12.5 10000000013.8292
60.0 7.5 -7.5 12.5 37757881.2052
60.0 10.0 -7.5 12.5 10000000017.223501
60.0 -5.0 -5.0 12.5 2875703.7789000003
60.0 -2.5 -5.0 12.5 5623610.4382
60.0 0.0 -5.0 12.5 7406001703.5078
60.0 2.5 -5.0 12.5 1243244658.3704998
60.0 -2.5 -2.5 12.5 4755512.037199999
60.0 0.0 -2.5 12.5 17887819.914300002
60.0 5.0 -2.5 12.5 392564472.66569996
60.0 -5.0 0.0 12.5 3.1898
60.0 -2.5 0.0 12.5 101535.9345
60.0 0.0 0.0 12.5 9186.900300000001
60.0 2.5 0.0 12.5 10179276.4291
60.0 -5.0 2.5 12.5 -6.8778
60.0 -2.5 2.5 12.5 -10.1852
60.0 0.0 2.5 12.5 -10.470099999999999
60.0 2.5 2.5 12.5 3.5
60.0 -5.0 5.0 12.5 -6.5546
60.0 -2.5 5.0 12.5 -10.1881
60.0 0.0 5.0 12.5 -11.5879
60.0 2.5 5.0 12.5 -10.2966
60.0 5.0 5.0 12.5 -9.2747
60.0 -2.5 -10.0 13.75 127631.25630000001
60.0 0.0 -10.0 13.75 22043669.766599998
60.0 2.5 -10.0 13.75 8362723949.426001
60.0 5.0 -10.0 13.75 4354663631.199
60.0 7.5 -10.0 13.75 283298674.726
60.0 10.0 -10.0 13.75 9999999997.0287
60.0 -2.5 -7.5 13.75 9999999950.942701
60.0 0.0 -7.5 13.75 15747615.2923
60.0 2.5 -7.5 13.75 14092116.872900002
60.0 5.0 -7.5 13.75 6967190106.4274
60.0 7.5 -7.5 13.75 9999999985.259201
60.0 10.0 -7.5 13.75 462024037.605
60.0 -5.0 -5.0 13.75 46394.2095
60.0 -2.5 -5.0 13.75 2874.6622
60.0 0.0 -5.0 13.75 3496049191.801
60.0 2.5 -5.0 13.75 9999999960.4675
60.0 5.0 -5.0 13.75 190313128.63590002
60.0 7.5 -5.0 13.75 719612494.5625
60.0 10.0 -5.0 13.75 9999999953.4937
60.0 -5.0 -2.5 13.75 7.785100000000001
60.0 -2.5 -2.5 13.75 374528.91510000004
60.0 0.0 -2.5 13.75 484097.1496
60.0 2.5 -2.5 13.75 8277.8329
60.0 5.0 -2.5 13.75 3158.3714
60.0 7.5 -2.5 13.75 9999999996.723902
60.0 -5.0 0.0 13.75 2.8354
60.0 -2.5 0.0 13.75 639634.8214
60.0 0.0 0.0 13.75 589.6342
60.0 2.5 0.0 13.75 779737.8845
60.0 5.0 0.0 13.75 2142842.8301
60.0 -5.0 2.5 13.75 -1.2458
60.0 -2.5 2.5 13.75 -0.8705999999999998
60.0 0.0 2.5 13.75 -0.6688000000000001
60.0 2.5 2.5 13.75 -0.7150999999999996
60.0 -5.0 5.0 13.75 -2.7632
60.0 -2.5 5.0 13.75 -3.5642
60.0 0.0 5.0 13.75 -4.834
60.0 2.5 5.0 13.75 -3.6628999999999996
60.0 5.0 5.0 13.75 -4.141
60.0 -5.0 -10.0 15.0 -3.3373999999999997
60.0 -2.5 -10.0 15.0 975.6371
60.0 0.0 -10.0 15.0 41753.0604
60.0 2.5 -10.0 15.0 120457638.1639
60.0 5.0 -10.0 15.0 548594073.4905
60.0 7.5 -10.0 15.0 1557336997.2675
60.0 10.0 -10.0 15.0 355996235.5287
60.0 -5.0 -7.5 15.0 0.8675000000000006
60.0 -2.5 -7.5 15.0 7646896.1371
60.0 0.0 -7.5 15.0 1208754473.4114
60.0 2.5 -7.5 15.0 7512288790.7078
60.0 5.0 -7.5 15.0 8437493870.7086
60.0 7.5 -7.5 15.0 9999999963.9438
60.0 10.0 -7.5 15.0 2263392.6085
60.0 -5.0 -5.0 15.0 16.224899999999998
60.0 -2.5 -5.0 15.0 14.9879
60.0 0.0 -5.0 15.0 2004.0331999999999
60.0 2.5 -5.0 15.0 1395625978.9988
60.0 5.0 -5.0 15.0 65092907.8086
60.0 7.5 -5.0 15.0 1220868539.5667
60.0 10.0 -5.0 15.0 695401.7327
60.0 -5.0 -2.5 15.0 6.534699999999999
60.0 -2.5 -2.5 15.0 564.9198
60.0 0.0 -2.5 15.0 13033.5949
60.0 2.5 -2.5 15.0 22084.0073
60.0 5.0 -2.5 15.0 1226.4797
60.0 7.5 -2.5 15.0 315053079.72660005
60.0 10.0 -2.5 15.0 318011.2205
60.0 -5.0 0.0 15.0 5.1733
60.0 -2.5 0.0 15.0 2031.1856
60.0 0.0 0.0 15.0 124.2215
60.0 2.5 0.0 15.0 122.7414
60.0 5.0 0.0 15.0 16.194200000000002
60.0 7.5 0.0 15.0 122.73290000000001
60.0 10.0 0.0 15.0 1843.4225
60.0 -5.0 2.5 15.0 1.8141
60.0 -2.5 2.5 15.0 3.5194000000000005
60.0 0.0 2.5 15.0 3.6742
60.0 2.5 2.5 15.0 2.5538
60.0 5.0 2.5 15.0 1.2119
60.0 7.5 2.5 15.0 -2.2746
60.0 10.0 2.5 15.0 -2.5087
60.0 -5.0 5.0 15.0 -0.5431
60.0 -2.5 5.0 15.0 -0.28769999999999996
60.0 0.0 5.0 15.0 -0.40750000000000003
60.0 2.5 5.0 15.0 -0.1825
60.0 5.0 5.0 15.0 -0.3983
60.0 -5.0 -10.0 16.25 -0.9523
60.0 -2.5 -10.0 16.25 -3.1193
60.0 0.0 -10.0 16.25 142.3851
60.0 2.5 -10.0 16.25 1262002.0594
60.0 5.0 -10.0 16.25 10000000032.748001
60.0 7.5 -10.0 16.25 4132514.1546
60.0 10.0 -10.0 16.25 292813155.02169997
60.0 -5.0 -7.5 16.25 2.4932999999999996
60.0 -2.5 -7.5 16.25 41.8585
60.0 0.0 -7.5 16.25 173942138.41799998
60.0 2.5 -7.5 16.25 1475359.4307000001
60.0 5.0 -7.5 16.25 123160219.5923
60.0 7.5 -7.5 16.25 150944448.5777
60.0 10.0 -7.5 16.25 7292228.2171
60.0 -5.0 -5.0 16.25 4.999600000000001
60.0 -2.5 -5.0 16.25 1.2401999999999997
60.0 0.0 -5.0 16.25 76.8261
60.0 2.5 -5.0 16.25 143058.47869999998
60.0 5.0 -5.0 16.25 2577970957.7601
60.0 7.5 -5.0 16.25 62975550.776599996
60.0 10.0 -5.0 16.25 45926.925200000005
60.0 -5.0 -2.5 16.25 5.4382
60.0 -2.5 -2.5 16.25 8.392999999999999
60.0 0.0 -2.5 16.25 122564.7472
60.0 2.5 -2.5 16.25 124260.3261
60.0 5.0 -2.5 16.25 85.9341
60.0 7.5 -2.5 16.25 3332.7152
60.0 10.0 -2.5 16.25 192238.9569
60.0 -5.0 0.0 16.25 4.2184
60.0 -2.5 0.0 16.25 15.9741
60.0 0.0 0.0 16.25 9.8475
60.0 2.5 0.0 16.25 5.213900000000001
60.0 5.0 0.0 16.25 3.4598999999999993
60.0 7.5 0.0 16.25 3.6876
60.0 10.0 0.0 16.25 3.9048000000000003
60.0 -5.0 2.5 16.25 2.3800999999999997
60.0 -2.5 2.5 16.25 4.5849
60.0 0.0 2.5 16.25 4.848
60.0 2.5 2.5 16.25 4.6286
60.0 5.0 2.5 16.25 3.0826
60.0 7.5 2.5 16.25 1.0393999999999999
60.0 10.0 2.5 16.25 -1.0224
60.0 -5.0 5.0 16.25 0.1095
60.0 -2.5 5.0 16.25 0.6807
60.0 0.0 5.0 16.25 1.1734
60.0 2.5 5.0 16.25 1.3443999999999998
60.0 5.0 5.0 16.25 0.9954999999999999
60.0 7.5 5.0 16.25 0.08049999999999999
60.0 10.0 5.0 16.25 -0.43199999999999994
120.0 -5.0 -10.0 3.75 9999999944.8001
120.0 -2.5 -10.0 3.75 10000000021.153
120.0 0.0 -10.0 3.75 9999999984.061
120.0 2.5 -10.0 3.75 10000000021.6228
120.0 5.0 -10.0 3.75 10000000380.397501
120.0 7.5 -10.0 3.75 10000000154.828901
120.0 10.0 -10.0 3.75 3955200122.664
120.0 -5.0 -7.5 3.75 10000000072.5725
120.0 -2.5 -7.5 3.75 9999999478.4922
120.0 0.0 -7.5 3.75 10000000057.0342
120.0 2.5 -7.5 3.75 10000000190.1784
120.0 5.0 -7.5 3.75 10000000268.096
120.0 7.5 -7.5 3.75 9999999844.2348
120.0 10.0 -7.5 3.75 225361034.0747
120.0 -5.0 -5.0 3.75 10329323.3235
120.0 -2.5 -5.0 3.75 2409340328.0696
120.0 0.0 -5.0 3.75 10000000035.950201
120.0 2.5 -5.0 3.75 10000000331.7625
120.0 5.0 -5.0 3.75 2024853415.5293
120.0 7.5 -5.0 3.75 357305039.8215
120.0 10.0 -5.0 3.75 10000000044.418901
120.0 -5.0 -2.5 3.75 4410626255.2376
120.0 -2.5 -2.5 3.75 9999999934.5592
120.0 0.0 -2.5 3.75 10000000050.4505
120.0 2.5 -2.5 3.75 10000000049.2644
120.0 5.0 -2.5 3.75 9999999946.3854
120.0 7.5 -2.5 3.75 8820246137.8267
120.0 10.0 -2.5 3.75 294200866.70879996
120.0 -5.0 0.0 3.75 9999999915.057001
120.0 -2.5 0.0 3.75 9999999724.316
120.0 0.0 0.0 3.75 10000000108.948301
120.0 2.5 0.0 3.75 322387865.9107
120.0 5.0 0.0 3.75 297772842.1166
120.0 7.5 0.0 3.75 351739461.0875
120.0 10.0 0.0 3.75 26971398.4796
120.0 -5.0 2.5 3.75 9999999963.142
120.0 -2.5 2.5 3.75 1408644822.1016998
120.0 0.0 2.5 3.75 10000000194.0363
120.0 2.5 2.5 3.75 9999999972.2467
120.0 5.0 2.5 3.75 1014182866.722
120.0 7.5 2.5 3.75 2594001212.9431
120.0 10.0 2.5 3.75 30504.1879
120.0 -5.0 5.0 3.75 61072868.5723
120.0 -2.5 5.0 3.75 47497.632
120.0 0.0 5.0 3.75 34.5877
120.0 2.5 5.0 3.75 1318.5884999999998
120.0 5.0 5.0 3.75 573.1654
120.0 7.5 5.0 3.75 3125158.9641
120.0 10.0 5.0 3.75 252.9276
120.0 -2.5 0.0 5.0 9997004.6325
120.0 -2.5 2.5 5.0 117031467.6753
120.0 0.0 -2.5 6.25 567083704.2167001
120.0 -2.5 0.0 6.25 32253694.939799998
120.0 -2.5 2.5 6.25 9999999555.5849
120.0 -2.5 5.0 6.25 1575.1586
120.0 0.0 -7.5 7.5 10000000261.699202
120.0 -2.5 -5.0 7.5 2191901368.1615996
120.0 0.0 -5.0 7.5 10000000013.122501
120.0 -2.5 -2.5 7.5 852931862.9314
120.0 0.0 -2.5 7.5 10000000043.2821
120.0 -2.5 0.0 7.5 9999999904.900702
120.0 -2.5 2.5 7.5 574248.2180999999
120.0 0.0 2.5 7.5 124585.27630000001
120.0 -2.5 5.0 7.5 31.622999999999998
120.0 0.0 -7.5 8.75 10000000168.1804
120.0 -2.5 -5.0 8.75 10000000020.131802
120.0 0.0 -5.0 8.75 6377228919.2118
120.0 2.5 -5.0 8.75 2289712291.9125004
120.0 -2.5 -2.5 8.75 2825096.4218
120.0 0.0 -2.5 8.75 9999999906.583801
120.0 -2.5 0.0 8.75 69483431.3119
120.0 0.0 0.0 8.75 1417785770.8504
120.0 -2.5 2.5 8.75 9999999901.5482
120.0 0.0 2.5 8.75 1817261.4782
120.0 -5.0 5.0 8.75 -30.3862
120.0 -2.5 5.0 8.75 -37.2967
120.0 0.0 -7.5 10.0 9999999930.401402
120.0 2.5 -7.5 10.0 8734437764.833302
120.0 -2.5 -5.0 10.0 5170878012.0436
120.0 0.0 -5.0 10.0 9999999812.432001
120.0 2.5 -5.0 10.0 9999999930.9689
120.0 -2.5 -2.5 10.0 1515995.1467000002
120.0 0.0 -2.5 10.0 2541231394.3873997
120.0 -2.5 0.0 10.0 87605396.7855
120.0 0.0 0.0 10.0 373202904.0787
120.0 -2.5 2.5 10.0 7386.9513
120.0 0.0 2.5 10.0 4229.033799999999
120.0 2.5 2.5 10.0 2604702.1254
120.0 -5.0 5.0 10.0 -22.932000000000002
120.0 -2.5 5.0 10.0 -28.6412
120.0 0.0 5.0 10.0 -24.133200000000002
120.0 0.0 -10.0 11.25 9999999706.880701
120.0 2.5 -10.0 11.25 10000000018.307701
120.0 5.0 -10.0 11.25 10000000004.602201
120.0 7.5 -10.0 11.25 5978381566.7626
120.0 0.0 -7.5 11.25 10000000355.1312
120.0 2.5 -7.5 11.25 7489384199.1342
120.0 5.0 -7.5 11.25 9999999877.559801
120.0 -2.5 -5.0 11.25 958329112.2152001
120.0 0.0 -5.0 11.25 81058373.9877
120.0 2.5 -5.0 11.25 9999999914.3276
120.0 -5.0 -2.5 11.25 -19.1113
120.0 -2.5 -2.5 11.25 3025433.19
120.0 0.0 -2.5 11.25 5141737739.896999
120.0 -5.0 0.0 11.25 18.7671
120.0 -2.5 0.0 11.25 245123131.73290002
120.0 0.0 0.0 11.25 9999999952.045
120.0 2.5 0.0 11.25 454592010.10179996
120.0 5.0 0.0 11.25 525886.4774
120.0 -5.0 2.5 11.25 -18.750500000000002
120.0 -2.5 2.5 11.25 15597406.7454
120.0 0.0 2.5 11.25 62.7416
120.0 2.5 2.5 11.25 617875.2273
120.0 -5.0 5.0 11.25 -14.2325
120.0 -2.5 5.0 11.25 -18.8703
120.0 0.0 5.0 11.25 -15.502199999999998
120.0 2.5 5.0 11.25 -8.377699999999999
120.0 -5.0 -10.0 12.5 861.5315
120.0 0.0 -10.0 12.5 9999999965.820501
120.0 2.5 -10.0 12.5 8014969373.7071
120.0 5.0 -10.0 12.5 66992467.4012
120.0 7.5 -10.0 12.5 5132960544.221
120.0 10.0 -10.0 12.5 4203250.4715
120.0 -2.5 -7.5 12.5 8407747841.290199
120.0 0.0 -7.5 12.5 9999999803.442202
120.0 2.5 -7.5 12.5 25014072.437599998
120.0 5.0 -7.5 12.5 10000000148.3722
120.0 -2.5 -5.0 12.5 266492999.9652
120.0 0.0 -5.0 12.5 48557930.902
120.0 2.5 -5.0 12.5 239116620.8879
120.0 -5.0 -2.5 12.5 -7.0291
120.0 -2.5 -2.5 12.5 11548.940900000001
120.0 0.0 -2.5 12.5 122549.6246
120.0 -5.0 0.0 12.5 -8.9787
120.0 -2.5 0.0 12.5 515057.4069
120.0 0.0 0.0 12.5 287612.1113
120.0 2.5 0.0 12.5 183008.2328
120.0 5.0 0.0 12.5 212.64339999999999
120.0 -5.0 2.5 12.5 -7.316599999999999
120.0 -2.5 2.5 12.5 4560.9174
120.0 0.0 2.5 12.5 -5.935199999999999
120.0 2.5 2.5 12.5 129.6574
120.0 5.0 2.5 12.5 -2.1010999999999997
120.0 -5.0 5.0 12.5 -7.2402
120.0 -2.5 5.0 12.5 -10.412700000000001
120.0 0.0 5.0 12.5 -8.6563
120.0 2.5 5.0 12.5 -4.2696
120.0 5.0 5.0 12.5 -1.8936000000000002
120.0 7.5 5.0 12.5 1.9746
120.0 -5.0 -10.0 13.75 80.5134
120.0 -2.5 -10.0 13.75 108705.0435
120.0 0.0 -10.0 13.75 6732851896.6875
120.0 2.5 -10.0 13.75 10000000015.362001
120.0 5.0 -10.0 13.75 9999999931.8526
120.0 7.5 -10.0 13.75 4528261726.1601
120.0 10.0 -10.0 13.75 45085882.7306
120.0 -2.5 -7.5 13.75 545437289.6970999
120.0 0.0 -7.5 13.75 6047041.6365
120.0 2.5 -7.5 13.75 510467025.236
120.0 5.0 -7.5 13.75 2520735136.7091002
120.0 7.5 -7.5 13.75 15771978.9621
120.0 10.0 -7.5 13.75 454004879.3342
120.0 -5.0 -5.0 13.75 1002.1471
120.0 -2.5 -5.0 13.75 3091304.9126999998
120.0 0.0 -5.0 13.75 979251.1841
120.0 2.5 -5.0 13.75 4060851.7315
120.0 -5.0 -2.5 13.75 2.6613999999999995
120.0 -2.5 -2.5 13.75 29.8759
120.0 0.0 -2.5 13.75 2240794.3449
120.0 2.5 -2.5 13.75 184686075.6342
120.0 -5.0 0.0 13.75 -2.2952999999999997
120.0 -2.5 0.0 13.75 955.3442
120.0 0.0 0.0 13.75 42974.8634
120.0 2.5 0.0 13.75 17467.843
120.0 -5.0 2.5 13.75 -2.1513999999999998
120.0 -2.5 2.5 13.75 10.6891
120.0 0.0 2.5 13.75 -5.899
120.0 2.5 2.5 13.75 -0.6006999999999998
120.0 5.0 2.5 13.75 0.11830000000000007
120.0 7.5 2.5 13.75 3.1392
120.0 -5.0 5.0 13.75 -2.5767
120.0 -2.5 5.0 13.75 -4.3529
120.0 0.0 5.0 13.75 -3.6929
120.0 2.5 5.0 13.75 -1.7797
120.0 5.0 5.0 13.75 0.032399999999999984
120.0 7.5 5.0 13.75 2.3758999999999997
120.0 -5.0 -10.0 15.0 9.0001
120.0 -2.5 -10.0 15.0 46.2284
120.0 0.0 -10.0 15.0 12092848.7303
120.0 2.5 -10.0 15.0 10000000015.485
120.0 5.0 -10.0 15.0 1208689680.5462
120.0 7.5 -10.0 15.0 35261720.5186
120.0 10.0 -10.0 15.0 323760114.0109
120.0 -5.0 -7.5 15.0 20.9962
120.0 -2.5 -7.5 15.0 1323.82
120.0 0.0 -7.5 15.0 8906695.7322
120.0 2.5 -7.5 15.0 9999999998.647202
120.0 5.0 -7.5 15.0 9999999953.1671
120.0 7.5 -7.5 15.0 8688511704.582
120.0 10.0 -7.5 15.0 9999999994.834002
120.0 -5.0 -5.0 15.0 185.6549
120.0 -2.5 -5.0 15.0 295705.5928
120.0 0.0 -5.0 15.0 344.1431
120.0 2.5 -5.0 15.0 70127.89899999999
120.0 5.0 -5.0 15.0 9087537.486000001
120.0 7.5 -5.0 15.0 3016184239.3518
120.0 10.0 -5.0 15.0 68539.2805
120.0 -5.0 -2.5 15.0 6.5449
120.0 -2.5 -2.5 15.0 6.4535
120.0 0.0 -2.5 15.0 316.235
120.0 2.5 -2.5 15.0 1956561483.8876998
120.0 5.0 -2.5 15.0 4574444.4328000005
120.0 7.5 -2.5 15.0 32893491.635300003
120.0 10.0 -2.5 15.0 -5.762
120.0 -5.0 0.0 15.0 3.2897
120.0 -2.5 0.0 15.0 6.8118
120.0 0.0 0.0 15.0 28.694499999999998
120.0 2.5 0.0 15.0 8470.7533
120.0 5.0 0.0 15.0 10.445599999999999
120.0 10.0 0.0 15.0 2.5578
120.0 -5.0 2.5 15.0 1.0663999999999998
120.0 -2.5 2.5 15.0 1.6416
120.0 0.0 2.5 15.0 -0.44500000000000006
120.0 2.5 2.5 15.0 -0.18089999999999984
120.0 5.0 2.5 15.0 1.9930999999999999
120.0 7.5 2.5 15.0 3.5014999999999996
120.0 10.0 2.5 15.0 3.8524
120.0 -5.0 5.0 15.0 0.1992
120.0 -2.5 5.0 15.0 -0.6847000000000001
120.0 0.0 5.0 15.0 -0.8985000000000001
120.0 2.5 5.0 15.0 -0.24760000000000001
120.0 5.0 5.0 15.0 0.8557999999999999
120.0 7.5 5.0 15.0 1.292
120.0 10.0 5.0 15.0 1.1472
120.0 -5.0 -10.0 16.25 5.9043
120.0 -2.5 -10.0 16.25 -0.06119999999999948
120.0 0.0 -10.0 16.25 1961.9769999999999
120.0 2.5 -10.0 16.25 14636531.391900001
120.0 5.0 -10.0 16.25 42878118.0548
120.0 7.5 -10.0 16.25 387236.1518
120.0 10.0 -10.0 16.25 2961764.8669
120.0 -5.0 -7.5 16.25 6.6838999999999995
120.0 -2.5 -7.5 16.25 50.9107
120.0 0.0 -7.5 16.25 2061960.0262999998
120.0 2.5 -7.5 16.25 13711.5896
120.0 5.0 -7.5 16.25 28660540.975399997
120.0 7.5 -7.5 16.25 788986912.5446
120.0 10.0 -7.5 16.25 77085260.6143
120.0 -5.0 -5.0 16.25 10.5372
120.0 -2.5 -5.0 16.25 35.4349
120.0 0.0 -5.0 16.25 -3.3042000000000002
120.0 2.5 -5.0 16.25 200.1991
120.0 5.0 -5.0 16.25 17318.5956
120.0 7.5 -5.0 16.25 84202983.98279999
120.0 10.0 -5.0 16.25 237926.7483
120.0 -5.0 -2.5 16.25 7.1227
120.0 -2.5 -2.5 16.25 6.9068000000000005
120.0 0.0 -2.5 16.25 4.1487
120.0 2.5 -2.5 16.25 306144.861
120.0 5.0 -2.5 16.25 793914.5469000001
120.0 7.5 -2.5 16.25 246.37050000000002
120.0 10.0 -2.5 16.25 -3.9514000000000005
120.0 -5.0 0.0 16.25 4.0102
120.0 -2.5 0.0 16.25 5.4169
120.0 0.0 0.0 16.25 7.969000000000001
120.0 2.5 0.0 16.25 13.074300000000001
120.0 5.0 0.0 16.25 3.2584
120.0 7.5 0.0 16.25 1.0206999999999997
120.0 10.0 0.0 16.25 2.3508999999999998
120.0 -5.0 2.5 16.25 2.4596
120.0 -2.5 2.5 16.25 2.7268
120.0 0.0 2.5 16.25 1.9909000000000001
120.0 2.5 2.5 16.25 1.7579
120.0 5.0 2.5 16.25 2.176
120.0 7.5 2.5 16.25 3.1337
120.0 10.0 2.5 16.25 2.2024
120.0 -5.0 5.0 16.25 1.1707
120.0 -2.5 5.0 16.25 0.7768999999999999
120.0 0.0 5.0 16.25 0.26139999999999997
120.0 2.5 5.0 16.25 0.5051
120.0 5.0 5.0 16.25 0.8603000000000001
120.0 7.5 5.0 16.25 0.5625
120.0 10.0 5.0 16.25 0.6427999999999999
180.0 -5.0 -10.0 3.75 4112353778.1746
180.0 -2.5 -10.0 3.75 10000000056.250301
180.0 0.0 -10.0 3.75 8323510481.6026
180.0 2.5 -10.0 3.75 9999999955.565601
180.0 5.0 -10.0 3.75 6444023117.7821
180.0 7.5 -10.0 3.75 10000000071.1441
180.0 10.0 -10.0 3.75 9999999953.7217
180.0 -5.0 -7.5 3.75 505170039.8725
180.0 -2.5 -7.5 3.75 10000000042.758001
180.0 0.0 -7.5 3.75 9999999966.6182
180.0 2.5 -7.5 3.75 9999999941.7915
180.0 5.0 -7.5 3.75 9999999870.0398
180.0 7.5 -7.5 3.75 9999999835.1319
180.0 10.0 -7.5 3.75 10000000140.246801
180.0 -5.0 -5.0 3.75 9999999989.9356
180.0 -2.5 -5.0 3.75 9999999720.8528
180.0 0.0 -5.0 3.75 9999999986.396
180.0 2.5 -5.0 3.75 9999999904.1319
180.0 5.0 -5.0 3.75 9999999769.9083
180.0 7.5 -5.0 3.75 9999999746.701
180.0 10.0 -5.0 3.75 1666480086.4224
180.0 -5.0 -2.5 3.75 9999999883.54
180.0 -2.5 -2.5 3.75 10000000003.621
180.0 0.0 -2.5 3.75 10000000017.520102
180.0 2.5 -2.5 3.75 10000000031.946701
180.0 5.0 -2.5 3.75 264375856.9269
180.0 7.5 -2.5 3.75 31264957.857
180.0 10.0 -2.5 3.75 1141020313.0386
180.0 -5.0 0.0 3.75 9548209739.3213
180.0 -2.5 0.0 3.75 10000000053.7061
180.0 0.0 0.0 3.75 1244973152.0359
180.0 2.5 0.0 3.75 1687177360.4846
180.0 5.0 0.0 3.75 10000000074.999601
180.0 7.5 0.0 3.75 506307204.6113
180.0 10.0 0.0 3.75 344396.98480000003
180.0 -5.0 2.5 3.75 502516.2248
180.0 -2.5 2.5 3.75 300299.6305
180.0 0.0 2.5 3.75 4523237258.8119
180.0 2.5 2.5 3.75 208360975.3373
180.0 5.0 2.5 3.75 2516633.0354
180.0 7.5 2.5 3.75 18242070.066600002
180.0 10.0 2.5 3.75 94.8261
180.0 -5.0 5.0 3.75 4.5299000000000005
180.0 -2.5 5.0 3.75 9.7348
180.0 0.0 5.0 3.75 34.369499999999995
180.0 2.5 5.0 3.75 138.5685
180.0 5.0 5.0 3.75 183.6316
180.0 7.5 5.0 3.75 431.219
180.0 10.0 5.0 3.75 38.4998
180.0 -2.5 2.5 5.0 3521041147.455
180.0 -2.5 -2.5 6.25 9999999514.9122
180.0 -2.5 0.0 6.25 54175377.9431
180.0 -2.5 -2.5 7.5 21354244.8573
180.0 -2.5 0.0 7.5 339776.0845
180.0 -2.5 2.5 7.5 804.34
180.0 0.0 2.5 7.5 1241.3144
180.0 2.5 2.5 7.5 1500.8741
180.0 2.5 -10.0 8.75 10000000117.0337
180.0 -2.5 -7.5 8.75 6034797845.7537
180.0 2.5 -7.5 8.75 9999999786.9757
180.0 5.0 -7.5 8.75 10000000361.4946
180.0 -5.0 -5.0 8.75 542614247.7256
180.0 -2.5 -5.0 8.75 2936418213.3424
180.0 -5.0 -2.5 8.75 24812.8266
180.0 -2.5 -2.5 8.75 454171840.99939996
180.0 0.0 -2.5 8.75 9999999772.366901
180.0 -5.0 0.0 8.75 135.5509
180.0 -2.5 0.0 8.75 2340.3183000000004
180.0 0.0 0.0 8.75 6423592760.2127
180.0 -5.0 2.5 8.75 -5.325900000000001
180.0 -2.5 2.5 8.75 -1.0116999999999998
180.0 0.0 2.5 8.75 170.0106
180.0 2.5 2.5 8.75 14.2075
180.0 0.0 5.0 8.75 12.6197
180.0 2.5 5.0 8.75 17.0735
180.0 2.5 -10.0 10.0 9999999873.1355
180.0 -2.5 -7.5 10.0 439735204.0699
180.0 0.0 -7.5 10.0 9999999992.7963
180.0 2.5 -7.5 10.0 9999999854.6403
180.0 5.0 -7.5 10.0 950309332.6467
180.0 -5.0 -5.0 10.0 98982929.51120001
180.0 -2.5 -5.0 10.0 1304694120.9510002
180.0 0.0 -5.0 10.0 10000000010.3099
180.0 -5.0 -2.5 10.0 1253.4174
180.0 -2.5 -2.5 10.0 97547.12210000001
180.0 0.0 -2.5 10.0 1010358882.5554
180.0 -5.0 0.0 10.0 -23.4571
180.0 -2.5 0.0 10.0 2.9377999999999993
180.0 0.0 0.0 10.0 206414.4147
180.0 -5.0 2.5 10.0 -7.2274
180.0 -2.5 2.5 10.0 -4.5412
180.0 0.0 2.5 10.0 -1.7313999999999998
180.0 2.5 2.5 10.0 -1.0258000000000003
180.0 -2.5 5.0 10.0 3.3489000000000004
180.0 0.0 5.0 10.0 7.0057
180.0 2.5 5.0 10.0 9.6674
180.0 5.0 5.0 10.0 6.935
180.0 -2.5 -10.0 11.25 9999999963.6161
180.0 2.5 -10.0 11.25 5179549404.7167
180.0 5.0 -10.0 11.25 10000000014.5132
180.0 -2.5 -7.5 11.25 79330.8417
180.0 0.0 -7.5 11.25 9999999979.5259
180.0 2.5 -7.5 11.25 8254282602.2357
180.0 5.0 -7.5 11.25 2074146570.6125002
180.0 -5.0 -5.0 11.25 110332999.1423
180.0 -2.5 -5.0 11.25 367777768.4376
180.0 0.0 -5.0 11.25 9999999941.342701
180.0 -5.0 -2.5 11.25 4952.436900000001
180.0 -2.5 -2.5 11.25 17053077.808199998
180.0 0.0 -2.5 11.25 196119210.67110002
180.0 -5.0 0.0 11.25 -13.0948
180.0 -2.5 0.0 11.25 -10.8615
180.0 0.0 0.0 11.25 3349.7089
180.0 -5.0 2.5 11.25 -4.945
180.0 -2.5 2.5 11.25 -2.3116000000000003
180.0 0.0 2.5 11.25 -1.314
180.0 2.5 2.5 11.25 -2.2147000000000006
180.0 -5.0 5.0 11.25 -0.2611
180.0 -2.5 5.0 11.25 2.0168
180.0 0.0 5.0 11.25 4.7569
180.0 2.5 5.0 11.25 4.752599999999999
180.0 5.0 5.0 11.25 3.0754
180.0 7.5 5.0 11.25 0.030399999999999983
180.0 -2.5 -10.0 12.5 161811022.3175
180.0 0.0 -10.0 12.5 10000000064.531502
180.0 2.5 -10.0 12.5 116315467.8264
180.0 5.0 -10.0 12.5 1111610928.7716
180.0 7.5 -10.0 12.5 650130785.1172
180.0 -2.5 -7.5 12.5 85413475.8269
180.0 0.0 -7.5 12.5 950443683.7178
180.0 2.5 -7.5 12.5 9999999698.410002
180.0 5.0 -7.5 12.5 1606983314.7295
180.0 -5.0 -5.0 12.5 9999999760.1699
180.0 -2.5 -5.0 12.5 16995.6161
180.0 0.0 -5.0 12.5 37071779.6751
180.0 2.5 -5.0 12.5 593356052.3788
180.0 5.0 -5.0 12.5 512041282.1828
180.0 -5.0 -2.5 12.5 71.2251
180.0 -2.5 -2.5 12.5 17778.5249
180.0 0.0 -2.5 12.5 77159030.8626
180.0 2.5 -2.5 12.5 191097.92940000002
180.0 5.0 -2.5 12.5 8225794.7601
180.0 -5.0 0.0 12.5 -5.904999999999999
180.0 -2.5 0.0 12.5 -5.5201
180.0 0.0 0.0 12.5 1317889.4211
180.0 2.5 0.0 12.5 33.6394
180.0 -5.0 2.5 12.5 -2.3314
180.0 -2.5 2.5 12.5 -0.10570000000000013
180.0 0.0 2.5 12.5 1.2369999999999997
180.0 2.5 2.5 12.5 -0.7384999999999999
180.0 5.0 2.5 12.5 -4.3757
180.0 -5.0 5.0 12.5 0.06509999999999999
180.0 -2.5 5.0 12.5 1.807
180.0 0.0 5.0 12.5 3.5776999999999997
180.0 2.5 5.0 12.5 3.6658
180.0 5.0 5.0 12.5 1.5966
180.0 7.5 5.0 12.5 -0.8778
180.0 10.0 5.0 12.5 -3.2832999999999997
180.0 -5.0 -10.0 13.75 209.2821
180.0 -2.5 -10.0 13.75 692.098
180.0 0.0 -10.0 13.75 30454343.8699
180.0 2.5 -10.0 13.75 9728125587.196299
180.0 5.0 -10.0 13.75 9999999931.906101
180.0 7.5 -10.0 13.75 10000000043.355701
180.0 -5.0 -7.5 13.75 35.5984
180.0 -2.5 -7.5 13.75 256891999.8889
180.0 0.0 -7.5 13.75 68631391.6179
180.0 2.5 -7.5 13.75 207937089.47779998
180.0 5.0 -7.5 13.75 5185552364.6823
180.0 10.0 -7.5 13.75 3105.4226
180.0 -5.0 -5.0 13.75 8519.029499999999
180.0 -2.5 -5.0 13.75 184.80610000000001
180.0 0.0 -5.0 13.75 71424697.7849
180.0 2.5 -5.0 13.75 316804184.5152
180.0 5.0 -5.0 13.75 212338204.0851
180.0 -5.0 -2.5 13.75 3.4631000000000003
180.0 -2.5 -2.5 13.75 34.9867
180.0 0.0 -2.5 13.75 3400997.9902
180.0 2.5 -2.5 13.75 9999999960.911201
180.0 5.0 -2.5 13.75 345262.9635
180.0 -5.0 0.0 13.75 0.41989999999999994
180.0 -2.5 0.0 13.75 -0.1351
180.0 0.0 0.0 13.75 225.6916
180.0 2.5 0.0 13.75 3.7260999999999997
180.0 5.0 0.0 13.75 57.9329
180.0 7.5 0.0 13.75 -11.3436
180.0 -5.0 2.5 13.75 -0.7385999999999999
180.0 -2.5 2.5 13.75 1.1517
180.0 0.0 2.5 13.75 2.0078
180.0 2.5 2.5 13.75 0.7236
180.0 5.0 2.5 13.75 -2.6175
180.0 7.5 2.5 13.75 -6.082599999999999
180.0 10.0 2.5 13.75 -7.5499
180.0 -5.0 5.0 13.75 -0.0697
180.0 -2.5 5.0 13.75 1.7651
180.0 0.0 5.0 13.75 2.9179
180.0 2.5 5.0 13.75 2.8061
180.0 5.0 5.0 13.75 1.2674
180.0 7.5 5.0 13.75 -0.5727
180.0 -5.0 -10.0 15.0 7.062200000000001
180.0 -2.5 -10.0 15.0 11.0583
180.0 0.0 -10.0 15.0 382923.0438
180.0 2.5 -10.0 15.0 9999999911.0529
180.0 5.0 -10.0 15.0 83402858.8017
180.0 7.5 -10.0 15.0 9999999878.367802
180.0 10.0 -10.0 15.0 2421253.5626999997
180.0 -5.0 -7.5 15.0 7.9366
180.0 -2.5 -7.5 15.0 15905.5447
180.0 0.0 -7.5 15.0 6540235434.0218
180.0 2.5 -7.5 15.0 2615617.7062
180.0 5.0 -7.5 15.0 10000000299.660501
180.0 7.5 -7.5 15.0 190911447.9621
180.0 10.0 -7.5 15.0 193718.3903
180.0 -5.0 -5.0 15.0 12.5646
180.0 -2.5 -5.0 15.0 9.039900000000001
180.0 0.0 -5.0 15.0 658837.7356
180.0 2.5 -5.0 15.0 542362875.7013
180.0 5.0 -5.0 15.0 1072978023.4085001
180.0 7.5 -5.0 15.0 3131757.7928
180.0 -5.0 -2.5 15.0 5.198
180.0 -2.5 -2.5 15.0 4.851299999999999
180.0 0.0 -2.5 15.0 2579.3855000000003
180.0 2.5 -2.5 15.0 101612.4434
180.0 5.0 -2.5 15.0 19182.0225
180.0 7.5 -2.5 15.0 -3.0024999999999995
180.0 -5.0 0.0 15.0 1.9141999999999997
180.0 -2.5 0.0 15.0 3.2580999999999998
180.0 0.0 0.0 15.0 7.675400000000001
180.0 2.5 0.0 15.0 0.35250000000000004
180.0 5.0 0.0 15.0 -3.987
180.0 7.5 0.0 15.0 -8.312000000000001
180.0 -5.0 2.5 15.0 0.5448999999999999
180.0 -2.5 2.5 15.0 1.7544
180.0 0.0 2.5 15.0 2.5963
180.0 2.5 2.5 15.0 1.6048
180.0 5.0 2.5 15.0 -0.8793
180.0 7.5 2.5 15.0 -3.3547
180.0 10.0 2.5 15.0 -5.348999999999999
180.0 -5.0 5.0 15.0 0.08499999999999999
180.0 -2.5 5.0 15.0 1.0171000000000001
180.0 0.0 5.0 15.0 2.3196
180.0 2.5 5.0 15.0 2.552
180.0 5.0 5.0 15.0 1.2981
180.0 7.5 5.0 15.0 -0.1872
180.0 10.0 5.0 15.0 -1.8492
180.0 -5.0 -10.0 16.25 5.8107999999999995
180.0 -2.5 -10.0 16.25 -2.7879
180.0 0.0 -10.0 16.25 143.982
180.0 2.5 -10.0 16.25 56242.2939
180.0 5.0 -10.0 16.25 213220.4005
180.0 7.5 -10.0 16.25 10000000028.453901
180.0 10.0 -10.0 16.25 10000000049.6692
180.0 -5.0 -7.5 16.25 7.670999999999999
180.0 -2.5 -7.5 16.25 43.298
180.0 0.0 -7.5 16.25 1593800.2336
180.0 2.5 -7.5 16.25 1248287.5416
180.0 5.0 -7.5 16.25 161152605.73430002
180.0 7.5 -7.5 16.25 9999999957.1144
180.0 10.0 -7.5 16.25 1700642523.7979
180.0 -5.0 -5.0 16.25 7.6489
180.0 -2.5 -5.0 16.25 4.7254000000000005
180.0 0.0 -5.0 16.25 37.7985
180.0 2.5 -5.0 16.25 6540.5899
180.0 5.0 -5.0 16.25 10000000016.4302
180.0 7.5 -5.0 16.25 8178732.7215
180.0 10.0 -5.0 16.25 81.30109999999999
180.0 -5.0 -2.5 16.25 5.0759
180.0 -2.5 -2.5 16.25 6.0614
180.0 0.0 -2.5 16.25 27.4625
180.0 2.5 -2.5 16.25 288.327
180.0 5.0 -2.5 16.25 4907.4386
180.0 7.5 -2.5 16.25 -5.1318
180.0 10.0 -2.5 16.25 -8.3439
180.0 -5.0 0.0 16.25 2.6669
180.0 -2.5 0.0 16.25 4.173
180.0 0.0 0.0 16.25 4.0442
180.0 2.5 0.0 16.25 1.7468
180.0 5.0 0.0 16.25 -1.4066999999999998
180.0 7.5 0.0 16.25 -4.593999999999999
180.0 10.0 0.0 16.25 -6.5465
180.0 -5.0 2.5 16.25 0.36019999999999996
180.0 -2.5 2.5 16.25 1.7537
180.0 0.0 2.5 16.25 2.6778
180.0 2.5 2.5 16.25 2.0073000000000003
180.0 5.0 2.5 16.25 0.12519999999999992
180.0 7.5 2.5 16.25 -1.7257
180.0 10.0 2.5 16.25 -3.8568
180.0 -5.0 5.0 16.25 0.3343
180.0 -2.5 5.0 16.25 0.6826
180.0 0.0 5.0 16.25 1.5025
180.0 2.5 5.0 16.25 1.8906
180.0 5.0 5.0 16.25 1.3949
180.0 7.5 5.0 16.25 0.2411
180.0 10.0 5.0 16.25 -0.8009
240.0 -5.0 -10.0 3.75 10000000002.443901
240.0 -2.5 -10.0 3.75 10000000162.464
240.0 0.0 -10.0 3.75 10000000020.2068
240.0 2.5 -10.0 3.75 9999999701.3595
240.0 5.0 -10.0 3.75 9999999970.6354
240.0 7.5 -10.0 3.75 9999999992.0828
240.0 10.0 -10.0 3.75 1041402548.6657
240.0 -5.0 -7.5 3.75 9999999811.1968
240.0 -2.5 -7.5 3.75 9999999993.223501
240.0 0.0 -7.5 3.75 9999999886.779902
240.0 2.5 -7.5 3.75 9999999919.381
240.0 5.0 -7.5 3.75 10000000078.287802
240.0 7.5 -7.5 3.75 10000000061.731901
240.0 10.0 -7.5 3.75 9999999996.1954
240.0 -5.0 -5.0 3.75 9999999913.580101
240.0 -2.5 -5.0 3.75 9999999990.544401
240.0 0.0 -5.0 3.75 9999999817.301102
240.0 2.5 -5.0 3.75 9999999894.5997
240.0 5.0 -5.0 3.75 9999999923.8696
240.0 7.5 -5.0 3.75 10000000113.361301
240.0 10.0 -5.0 3.75 9999999981.8777
240.0 -5.0 -2.5 3.75 27054771.9174
240.0 -2.5 -2.5 3.75 9999999692.140501
240.0 0.0 -2.5 3.75 7500557981.4299
240.0 2.5 -2.5 3.75 9999999854.611
240.0 5.0 -2.5 3.75 2283047969.8578
240.0 7.5 -2.5 3.75 9999999970.7546
240.0 10.0 -2.5 3.75 1977289675.5056
240.0 -5.0 0.0 3.75 494184.0818
240.0 -2.5 0.0 3.75 65704909.8156
240.0 0.0 0.0 3.75 9999999981.210901
240.0 2.5 0.0 3.75 9999999889.9533
240.0 5.0 0.0 3.75 10000000260.248402
240.0 7.5 0.0 3.75 10000000010.734001
240.0 10.0 0.0 3.75 32788152.8668
240.0 -5.0 2.5 3.75 19.9285
240.0 -2.5 2.5 3.75 127.83489999999999
240.0 0.0 2.5 3.75 785237.0784
240.0 2.5 2.5 3.75 130824037.8036
240.0 5.0 2.5 3.75 57851161.1145
240.0 7.5 2.5 3.75 36544721.1038
240.0 10.0 2.5 3.75 1565.423
240.0 -5.0 5.0 3.75 22.5866
240.0 -2.5 5.0 3.75 1542.7871
240.0 0.0 5.0 3.75 307440.995
240.0 2.5 5.0 3.75 6992193.3226
240.0 5.0 5.0 3.75 2166.8210999999997
240.0 7.5 5.0 3.75 16.5706
240.0 10.0 5.0 3.75 3.924200000000001
240.0 0.0 5.0 5.0 184.64280000000002
240.0 2.5 -7.5 6.25 9999999954.6312
240.0 0.0 -2.5 6.25 937892094.0437
240.0 0.0 0.0 6.25 110343647.45820001
240.0 -2.5 2.5 6.25 33.2441
240.0 0.0 2.5 6.25 67874.0097
240.0 0.0 5.0 6.25 8.1063
240.0 2.5 -7.5 7.5 9999999908.2495
240.0 0.0 -5.0 7.5 3416760621.1137
240.0 2.5 -5.0 7.5 9999999922.229301
240.0 0.0 -2.5 7.5 12856915.5517
240.0 2.5 -2.5 7.5 9999999961.2231
240.0 0.0 0.0 7.5 49340.4728
240.0 2.5 0.0 7.5 1188829644.4099
240.0 0.0 2.5 7.5 131957.8443
240.0 -2.5 5.0 7.5 -2.1674
240.0 0.0 5.0 7.5 -13.6655
240.0 2.5 -10.0 8.75 9999999987.990002
240.0 2.5 -7.5 8.75 9999999972.8432
240.0 0.0 -5.0 8.75 1701057380.2414
240.0 2.5 -5.0 8.75 7065857693.4035
240.0 -2.5 -2.5 8.75 1756364.5134
240.0 0.0 -2.5 8.75 24542872.988199998
240.0 2.5 -2.5 8.75 2612068359.0195
240.0 -5.0 0.0 8.75 -1.191600000000001
240.0 -2.5 0.0 8.75 1645338.6262
240.0 0.0 0.0 8.75 63803.5703
240.0 2.5 0.0 8.75 173966385.0872
240.0 -2.5 2.5 8.75 -26.6581
240.0 0.0 2.5 8.75 7057.4834
240.0 2.5 2.5 8.75 9999999727.917702
240.0 -2.5 5.0 8.75 -9.2108
240.0 0.0 5.0 8.75 -25.5556
240.0 2.5 5.0 8.75 -0.8384
240.0 2.5 -10.0 10.0 10000000093.4985
240.0 5.0 -10.0 10.0 9999999857.712101
240.0 2.5 -7.5 10.0 9999999951.220701
240.0 -5.0 -5.0 10.0 12.2256
240.0 0.0 -5.0 10.0 8768274358.0124
240.0 2.5 -5.0 10.0 9999999836.5431
240.0 -5.0 -2.5 10.0 -23.7293
240.0 -2.5 -2.5 10.0 214311673.176
240.0 0.0 -2.5 10.0 9999999982.657701
240.0 2.5 -2.5 10.0 1408650347.4583
240.0 -5.0 0.0 10.0 -13.2484
240.0 -2.5 0.0 10.0 9.4449
240.0 0.0 0.0 10.0 354.935
240.0 2.5 0.0 10.0 2418.7905
240.0 -2.5 2.5 10.0 -23.1881
240.0 0.0 2.5 10.0 1044.144
240.0 2.5 2.5 10.0 1256624.4483999999
240.0 5.0 2.5 10.0 518.1148000000001
240.0 -2.5 5.0 10.0 -12.6127
240.0 0.0 5.0 10.0 -27.063
240.0 2.5 5.0 10.0 39.1194
240.0 5.0 5.0 10.0 -20.2894
240.0 -2.5 -10.0 11.25 9999999753.820002
240.0 2.5 -10.0 11.25 9999999922.088701
240.0 5.0 -10.0 11.25 9999999905.4556
240.0 10.0 -10.0 11.25 2515964254.9766
240.0 2.5 -7.5 11.25 3515682176.6378
240.0 -5.0 -5.0 11.25 206.6099
240.0 -2.5 -5.0 11.25 8904938126.3118
240.0 0.0 -5.0 11.25 1013350550.625
240.0 2.5 -5.0 11.25 149752073.68019998
240.0 -5.0 -2.5 11.25 -13.9118
240.0 -2.5 -2.5 11.25 6389.0736
240.0 0.0 -2.5 11.25 9999999965.3019
240.0 2.5 -2.5 11.25 1872959.4844000002
240.0 -5.0 0.0 11.25 -9.1437
240.0 -2.5 0.0 11.25 -23.4805
240.0 0.0 0.0 11.25 -21.467499999999998
240.0 2.5 0.0 11.25 338.7961
240.0 -2.5 2.5 11.25 -18.3111
240.0 0.0 2.5 11.25 -26.5863
240.0 2.5 2.5 11.25 446.92420000000004
240.0 5.0 2.5 11.25 103.7992
240.0 -2.5 5.0 11.25 -12.5852
240.0 0.0 5.0 11.25 -23.735899999999997
240.0 2.5 5.0 11.25 -27.4174
240.0 5.0 5.0 11.25 -23.0939
240.0 7.5 5.0 11.25 -17.0154
240.0 -2.5 -10.0 12.5 256053485.8018
240.0 0.0 -10.0 12.5 251407732.2778
240.0 2.5 -10.0 12.5 95209051.5841
240.0 5.0 -10.0 12.5 9999999870.5027
240.0 7.5 -10.0 12.5 23597049.7465
240.0 10.0 -10.0 12.5 389351423.42709994
240.0 -5.0 -7.5 12.5 -3.7542999999999997
240.0 0.0 -7.5 12.5 49475338.353099994
240.0 2.5 -7.5 12.5 58707413.2354
240.0 5.0 -7.5 12.5 11017621.948900001
240.0 7.5 -7.5 12.5 133738960.3112
240.0 10.0 -7.5 12.5 141356928.8853
240.0 -5.0 -5.0 12.5 17.8969
240.0 -2.5 -5.0 12.5 998741.6481999999
240.0 0.0 -5.0 12.5 7954486947.5079
240.0 2.5 -5.0 12.5 399171839.9893
240.0 5.0 -5.0 12.5 2588042552.2945
240.0 -5.0 -2.5 12.5 -6.8302
240.0 -2.5 -2.5 12.5 427067790.5935
240.0 0.0 -2.5 12.5 165472.1815
240.0 2.5 -2.5 12.5 56935.9062
240.0 -5.0 0.0 12.5 -4.8433
240.0 -2.5 0.0 12.5 -14.1341
240.0 0.0 0.0 12.5 -20.0776
240.0 2.5 0.0 12.5 -20.5611
240.0 -2.5 2.5 12.5 -11.9727
240.0 0.0 2.5 12.5 -20.9636
240.0 2.5 2.5 12.5 -27.212899999999998
240.0 5.0 2.5 12.5 -20.385099999999998
240.0 -2.5 5.0 12.5 -9.3437
240.0 0.0 5.0 12.5 -17.721400000000003
240.0 2.5 5.0 12.5 -22.5817
240.0 5.0 5.0 12.5 -19.5884
240.0 7.5 5.0 12.5 -15.0844
240.0 10.0 5.0 12.5 -10.6786
240.0 -5.0 -10.0 13.75 6.0099
240.0 -2.5 -10.0 13.75 521329.9671
240.0 0.0 -10.0 13.75 13428185.351
240.0 2.5 -10.0 13.75 400608113.6006
240.0 5.0 -10.0 13.75 10000000187.8428
240.0 7.5 -10.0 13.75 1406111207.1067
240.0 10.0 -10.0 13.75 826267.3025999999
240.0 -5.0 -7.5 13.75 1.7378
240.0 -2.5 -7.5 13.75 2251.5191
240.0 0.0 -7.5 13.75 119908.2601
240.0 2.5 -7.5 13.75 9999999959.710201
240.0 5.0 -7.5 13.75 79066254.62449999
240.0 7.5 -7.5 13.75 9999999987.5331
240.0 10.0 -7.5 13.75 72777209.4321
240.0 -5.0 -5.0 13.75 -0.8735999999999997
240.0 -2.5 -5.0 13.75 74902600.0939
240.0 0.0 -5.0 13.75 33404811.141799998
240.0 2.5 -5.0 13.75 90556.8177
240.0 5.0 -5.0 13.75 9999999990.6966
240.0 7.5 -5.0 13.75 35629.7315
240.0 -5.0 -2.5 13.75 -1.0694
240.0 -2.5 -2.5 13.75 578.2293999999999
240.0 0.0 -2.5 13.75 4214107169.4955
240.0 2.5 -2.5 13.75 3764.1578999999997
240.0 5.0 -2.5 13.75 588564.5148
240.0 -5.0 0.0 13.75 -0.8452
240.0 -2.5 0.0 13.75 -7.0266
240.0 0.0 0.0 13.75 -10.8384
240.0 2.5 0.0 13.75 -14.427399999999999
240.0 5.0 0.0 13.75 16.7834
240.0 -5.0 2.5 13.75 -1.5516
240.0 -2.5 2.5 13.75 -7.5233
240.0 0.0 2.5 13.75 -13.2448
240.0 2.5 2.5 13.75 -17.471
240.0 5.0 2.5 13.75 -19.225299999999997
240.0 7.5 2.5 13.75 -15.9433
240.0 -2.5 5.0 13.75 -6.3775
240.0 0.0 5.0 13.75 -12.123700000000001
240.0 2.5 5.0 13.75 -15.667200000000001
240.0 5.0 5.0 13.75 -15.3446
240.0 7.5 5.0 13.75 -12.9761
240.0 10.0 5.0 13.75 -8.5931
240.0 -5.0 -10.0 15.0 8.1815
240.0 -2.5 -10.0 15.0 196.3388
240.0 0.0 -10.0 15.0 203827.7046
240.0 2.5 -10.0 15.0 1104348.1544
240.0 5.0 -10.0 15.0 59669600.3968
240.0 7.5 -10.0 15.0 10000000004.606
240.0 10.0 -10.0 15.0 262717460.0375
240.0 -5.0 -7.5 15.0 6.351799999999999
240.0 -2.5 -7.5 15.0 2.7166999999999994
240.0 0.0 -7.5 15.0 895788.0685
240.0 2.5 -7.5 15.0 24893033.1
240.0 5.0 -7.5 15.0 10000000138.033
240.0 7.5 -7.5 15.0 457187.92480000004
240.0 10.0 -7.5 15.0 299966717.8956
240.0 -5.0 -5.0 15.0 3.2116
240.0 -2.5 -5.0 15.0 399.0601
240.0 0.0 -5.0 15.0 103247.8594
240.0 2.5 -5.0 15.0 10000000022.481901
240.0 5.0 -5.0 15.0 5903.853
240.0 7.5 -5.0 15.0 17575.3716
240.0 10.0 -5.0 15.0 2755469.3377
240.0 -5.0 -2.5 15.0 1.9337000000000002
240.0 -2.5 -2.5 15.0 19.5573
240.0 0.0 -2.5 15.0 8524.6156
240.0 2.5 -2.5 15.0 130.17659999999998
240.0 5.0 -2.5 15.0 92.6707
240.0 7.5 -2.5 15.0 2.937099999999999
240.0 10.0 -2.5 15.0 -1.8074999999999997
240.0 -5.0 0.0 15.0 0.9678000000000001
240.0 -2.5 0.0 15.0 -2.2653
240.0 0.0 0.0 15.0 -5.3379
240.0 2.5 0.0 15.0 -7.520899999999999
240.0 5.0 0.0 15.0 -8.2275
240.0 10.0 0.0 15.0 486.9968
240.0 -5.0 2.5 15.0 0.07229999999999999
240.0 -2.5 2.5 15.0 -4.0353
240.0 0.0 2.5 15.0 -8.2954
240.0 2.5 2.5 15.0 -11.0197
240.0 5.0 2.5 15.0 -13.2727
240.0 7.5 2.5 15.0 -14.8624
240.0 -5.0 5.0 15.0 -0.5929
240.0 -2.5 5.0 15.0 -3.946
240.0 0.0 5.0 15.0 -7.7733
240.0 2.5 5.0 15.0 -11.0354
240.0 5.0 5.0 15.0 -11.800500000000001
240.0 7.5 5.0 15.0 -10.3499
240.0 10.0 5.0 15.0 -6.7348
240.0 -5.0 -10.0 16.25 6.778300000000001
240.0 -2.5 -10.0 16.25 11.160400000000001
240.0 0.0 -10.0 16.25 134.3798
240.0 2.5 -10.0 16.25 267.7398
240.0 5.0 -10.0 16.25 9999999991.4013
240.0 7.5 -10.0 16.25 1108702509.5428
240.0 10.0 -10.0 16.25 45295058.4062
240.0 -5.0 -7.5 16.25 5.821000000000001
240.0 -2.5 -7.5 16.25 4.2283
240.0 0.0 -7.5 16.25 152.2441
240.0 2.5 -7.5 16.25 9999999979.6557
240.0 5.0 -7.5 16.25 9999999968.8099
240.0 7.5 -7.5 16.25 2073163453.1773002
240.0 10.0 -7.5 16.25 4674617976.8331
240.0 -5.0 -5.0 16.25 3.7534
240.0 -2.5 -5.0 16.25 3.6881999999999997
240.0 0.0 -5.0 16.25 63.6231
240.0 2.5 -5.0 16.25 36004.6066
240.0 5.0 -5.0 16.25 1142848.5103
240.0 7.5 -5.0 16.25 2482.1404
240.0 10.0 -5.0 16.25 131.79579999999999
240.0 -5.0 -2.5 16.25 2.9774
240.0 -2.5 -2.5 16.25 3.1374
240.0 0.0 -2.5 16.25 57.7861
240.0 2.5 -2.5 16.25 -0.10550000000000015
240.0 5.0 -2.5 16.25 -0.6879999999999997
240.0 7.5 -2.5 16.25 -0.1545999999999994
240.0 10.0 -2.5 16.25 -2.5063
240.0 -5.0 0.0 16.25 1.7651
240.0 -2.5 0.0 16.25 0.15100000000000002
240.0 0.0 0.0 16.25 -1.2532
240.0 2.5 0.0 16.25 -3.4909
240.0 5.0 0.0 16.25 -3.9832
240.0 7.5 0.0 16.25 -5.1636
240.0 10.0 0.0 16.25 -5.545599999999999
240.0 -5.0 2.5 16.25 0.6411
240.0 -2.5 2.5 16.25 -1.6556000000000002
240.0 0.0 2.5 16.25 -4.363899999999999
240.0 2.5 2.5 16.25 -7.343999999999999
240.0 5.0 2.5 16.25 -9.1395
240.0 7.5 2.5 16.25 -9.033100000000001
240.0 -5.0 5.0 16.25 -0.31820000000000004
240.0 -2.5 5.0 16.25 -2.2616
240.0 0.0 5.0 16.25 -5.0532
240.0 2.5 5.0 16.25 -7.0467
240.0 5.0 5.0 16.25 -8.1601
240.0 7.5 5.0 16.25 -7.3003
240.0 10.0 5.0 16.25 -5.2819
300.0 -5.0 -10.0 3.75 112549289.0058
300.0 -2.5 -10.0 3.75 9999999978.642801
300.0 0.0 -10.0 3.75 10000000039.933
300.0 2.5 -10.0 3.75 10000000297.0998
300.0 5.0 -10.0 3.75 10000000093.137901
300.0 7.5 -10.0 3.75 2564898114.339
300.0 10.0 -10.0 3.75 2290793920.4162
300.0 -5.0 -7.5 3.75 9999999913.766602
300.0 -2.5 -7.5 3.75 10000000113.2066
300.0 0.0 -7.5 3.75 9999999983.734201
300.0 2.5 -7.5 3.75 9999999765.459501
300.0 5.0 -7.5 3.75 10000000035.275702
300.0 7.5 -7.5 3.75 7480637518.2029
300.0 10.0 -7.5 3.75 9999999877.325201
300.0 -5.0 -5.0 3.75 4377164920.7819
300.0 -2.5 -5.0 3.75 9999999988.2063
300.0 0.0 -5.0 3.75 9999999754.3274
300.0 2.5 -5.0 3.75 10000000397.6417
300.0 5.0 -5.0 3.75 9999999987.731901
300.0 7.5 -5.0 3.75 10000000026.643501
300.0 10.0 -5.0 3.75 34703632.7328
300.0 -5.0 -2.5 3.75 221678.8038
300.0 -2.5 -2.5 3.75 10000000159.981201
300.0 0.0 -2.5 3.75 10000000127.8869
300.0 2.5 -2.5 3.75 9999999652.9272
300.0 5.0 -2.5 3.75 9999999967.6548
300.0 7.5 -2.5 3.75 1862138415.3434
300.0 10.0 -2.5 3.75 15117.58
300.0 -5.0 0.0 3.75 9999999411.5328
300.0 -2.5 0.0 3.75 142794329.7461
300.0 0.0 0.0 3.75 3691603211.2874
300.0 2.5 0.0 3.75 10000000109.493801
300.0 5.0 0.0 3.75 117263355.2093
300.0 7.5 0.0 3.75 55757111.5904
300.0 10.0 0.0 3.75 49.7318
300.0 -5.0 2.5 3.75 49541685.636700004
300.0 -2.5 2.5 3.75 997887.1104
300.0 0.0 2.5 3.75 10000000052.2805
300.0 2.5 2.5 3.75 31606557.2731
300.0 5.0 2.5 3.75 2280944.6903
300.0 7.5 2.5 3.75 18.229
300.0 10.0 2.5 3.75 3.3600000000000003
300.0 -5.0 5.0 3.75 8948.4381
300.0 -2.5 5.0 3.75 52.7737
300.0 0.0 5.0 3.75 18553.1918
300.0 2.5 5.0 3.75 4480794.6247000005
300.0 5.0 5.0 3.75 -8.3198
300.0 7.5 5.0 3.75 -0.8482000000000001
300.0 10.0 5.0 3.75 3.2533
300.0 0.0 -2.5 5.0 9999999681.104101
300.0 0.0 0.0 5.0 1970353616.3323
300.0 5.0 -7.5 6.25 10000000245.787401
300.0 0.0 -5.0 6.25 10000000270.2432
300.0 0.0 -2.5 6.25 9999999802.270802
300.0 0.0 0.0 6.25 9999999774.039001
300.0 0.0 2.5 6.25 490162.7901
300.0 0.0 5.0 6.25 42.587199999999996
300.0 5.0 -7.5 7.5 9999999865.3379
300.0 2.5 -5.0 7.5 9999999988.0466
300.0 0.0 -2.5 7.5 9999999988.329102
300.0 2.5 -2.5 7.5 10000000386.9286
300.0 0.0 0.0 7.5 584841405.7208
300.0 -2.5 2.5 7.5 2113.2698
300.0 0.0 2.5 7.5 985123722.3963
300.0 -2.5 5.0 7.5 -2.6432
300.0 0.0 5.0 7.5 -11.6503
300.0 2.5 -10.0 8.75 9999999716.661001
300.0 5.0 -7.5 8.75 9999999966.124102
300.0 0.0 -5.0 8.75 1929897828.4371002
300.0 2.5 -5.0 8.75 9999999999.679201
300.0 5.0 -5.0 8.75 9999999879.0002
300.0 0.0 -2.5 8.75 807015063.4557
300.0 2.5 -2.5 8.75 168403627.1564
300.0 0.0 0.0 8.75 13801332.0308
300.0 2.5 0.0 8.75 2328389070.0162997
300.0 0.0 2.5 8.75 12737.6929
300.0 2.5 2.5 8.75 2795.1423
300.0 -2.5 5.0 8.75 -11.2803
300.0 0.0 5.0 8.75 -15.1995
300.0 2.5 5.0 8.75 -14.6833
300.0 2.5 -10.0 10.0 10000000092.608002
300.0 2.5 -7.5 10.0 10000000208.2222
300.0 5.0 -7.5 10.0 9999999936.4825
300.0 7.5 -7.5 10.0 136637464.11969998
300.0 0.0 -5.0 10.0 8949380843.6355
300.0 2.5 -5.0 10.0 10000000099.6917
300.0 5.0 -5.0 10.0 9999999979.6685
300.0 0.0 -2.5 10.0 514244143.0015
300.0 2.5 -2.5 10.0 195720710.7512
300.0 -5.0 0.0 10.0 1033922.9596000001
300.0 -2.5 0.0 10.0 1358.1689999999999
300.0 0.0 0.0 10.0 5514130445.0433
300.0 2.5 0.0 10.0 5708830894.855
300.0 5.0 0.0 10.0 884136647.9403
300.0 -2.5 2.5 10.0 -25.1421
300.0 0.0 2.5 10.0 208.4864
300.0 2.5 2.5 10.0 200.24179999999998
300.0 5.0 2.5 10.0 257.83599999999996
300.0 -2.5 5.0 10.0 -14.030899999999999
300.0 0.0 5.0 10.0 -14.177499999999998
300.0 2.5 5.0 10.0 -12.482700000000001
300.0 2.5 -10.0 11.25 9999999978.7119
300.0 5.0 -10.0 11.25 9999999995.372702
300.0 7.5 -10.0 11.25 5462654930.5611
300.0 10.0 -10.0 11.25 9999999541.927101
300.0 2.5 -7.5 11.25 9999999882.493301
300.0 5.0 -7.5 11.25 462534315.5087
300.0 0.0 -5.0 11.25 145823001.352
300.0 2.5 -5.0 11.25 9999999925.475601
300.0 5.0 -5.0 11.25 10000000104.3871
300.0 -2.5 -2.5 11.25 20456.704
300.0 0.0 -2.5 11.25 9999999834.0109
300.0 2.5 -2.5 11.25 10000000164.280401
300.0 -5.0 0.0 11.25 451.7459
300.0 -2.5 0.0 11.25 785.5562
300.0 0.0 0.0 11.25 380.8979
300.0 2.5 0.0 11.25 9999999966.3539
300.0 -2.5 2.5 11.25 -27.6777
300.0 0.0 2.5 11.25 -25.3418
300.0 2.5 2.5 11.25 98.8786
300.0 5.0 2.5 11.25 199.5956
300.0 -2.5 5.0 11.25 -13.987699999999998
300.0 0.0 5.0 11.25 -12.7411
300.0 2.5 5.0 11.25 -10.4251
300.0 7.5 5.0 11.25 -4.2622
300.0 -5.0 -10.0 12.5 1.2586000000000004
300.0 2.5 -10.0 12.5 46224556.7644
300.0 5.0 -10.0 12.5 1408230714.2495
300.0 7.5 -10.0 12.5 477662085.2528
300.0 10.0 -10.0 12.5 9999999975.5891
300.0 2.5 -7.5 12.5 9999999873.5814
300.0 5.0 -7.5 12.5 1813004488.8765001
300.0 7.5 -7.5 12.5 596982998.0834999
300.0 -5.0 -5.0 12.5 -9.8873
300.0 -2.5 -5.0 12.5 11241.3929
300.0 0.0 -5.0 12.5 1659281.1962
300.0 2.5 -5.0 12.5 255677102.3131
300.0 5.0 -5.0 12.5 10000000052.354801
300.0 -5.0 -2.5 12.5 -20.3259
300.0 -2.5 -2.5 12.5 224.8272
300.0 0.0 -2.5 12.5 67359368.4827
300.0 2.5 -2.5 12.5 24716402.6451
300.0 -5.0 0.0 12.5 -30.3838
300.0 -2.5 0.0 12.5 -14.1385
300.0 0.0 0.0 12.5 372.8673
300.0 2.5 0.0 12.5 1326586.9777
300.0 5.0 0.0 12.5 1289790.6492
300.0 -2.5 2.5 12.5 -22.538
300.0 0.0 2.5 12.5 -19.3181
300.0 2.5 2.5 12.5 22.8989
300.0 5.0 2.5 12.5 47.1036
300.0 7.5 2.5 12.5 137.3698
300.0 10.0 2.5 12.5 -0.29890000000000005
300.0 -2.5 5.0 12.5 -12.8186
300.0 0.0 5.0 12.5 -11.465200000000001
300.0 2.5 5.0 12.5 -8.853200000000001
300.0 5.0 5.0 12.5 -5.709
300.0 7.5 5.0 12.5 -3.4278
300.0 10.0 5.0 12.5 -0.6037
300.0 0.0 -10.0 13.75 133593.19619999998
300.0 2.5 -10.0 13.75 10000000033.7495
300.0 5.0 -10.0 13.75 3755671894.3381004
300.0 7.5 -10.0 13.75 737663.1263
300.0 10.0 -10.0 13.75 9999999955.708601
300.0 -5.0 -7.5 13.75 0.2605999999999997
300.0 -2.5 -7.5 13.75 1241.5586
300.0 2.5 -7.5 13.75 2019850.5267
300.0 5.0 -7.5 13.75 12479054.6879
300.0 7.5 -7.5 13.75 10000000006.638802
300.0 10.0 -7.5 13.75 594013269.6403
300.0 -5.0 -5.0 13.75 -4.047499999999999
300.0 -2.5 -5.0 13.75 761.8093
300.0 0.0 -5.0 13.75 11053106.6491
300.0 2.5 -5.0 13.75 172720.79679999998
300.0 5.0 -5.0 13.75 32118913.7323
300.0 -5.0 -2.5 13.75 -12.4605
300.0 -2.5 -2.5 13.75 -7.908900000000001
300.0 0.0 -2.5 13.75 1747.1432
300.0 2.5 -2.5 13.75 9999999917.568201
300.0 5.0 -2.5 13.75 453201451.0761
300.0 -5.0 0.0 13.75 -20.2044
300.0 -2.5 0.0 13.75 -21.290100000000002
300.0 0.0 0.0 13.75 -17.249000000000002
300.0 2.5 0.0 13.75 773.4555
300.0 5.0 0.0 13.75 878.2861
300.0 7.5 0.0 13.75 2727.9458
300.0 -2.5 2.5 13.75 -17.176599999999997
300.0 0.0 2.5 13.75 -15.3469
300.0 2.5 2.5 13.75 -8.2168
300.0 5.0 2.5 13.75 -4.5223
300.0 7.5 2.5 13.75 -3.4327
300.0 10.0 2.5 13.75 -1.2861
300.0 -2.5 5.0 13.75 -9.967
300.0 0.0 5.0 13.75 -8.8217
300.0 2.5 5.0 13.75 -6.8749
300.0 5.0 5.0 13.75 -4.6158
300.0 7.5 5.0 13.75 -2.3383000000000003
300.0 10.0 5.0 13.75 -0.3852
300.0 -5.0 -10.0 15.0 3.8566
300.0 -2.5 -10.0 15.0 8.697099999999999
300.0 0.0 -10.0 15.0 401.64770000000004
300.0 2.5 -10.0 15.0 9999999997.262201
300.0 5.0 -10.0 15.0 3286263621.5234
300.0 7.5 -10.0 15.0 173451252.5776
300.0 10.0 -10.0 15.0 192644283.0697
300.0 -5.0 -7.5 15.0 2.8562000000000003
300.0 -2.5 -7.5 15.0 38.0162
300.0 0.0 -7.5 15.0 37937.3001
300.0 2.5 -7.5 15.0 10000000012.153502
300.0 5.0 -7.5 15.0 66389191.50049999
300.0 7.5 -7.5 15.0 6443924.6844
300.0 10.0 -7.5 15.0 9999999984.013802
300.0 -5.0 -5.0 15.0 -1.4094
300.0 -2.5 -5.0 15.0 49.8176
300.0 0.0 -5.0 15.0 39026.4829
300.0 2.5 -5.0 15.0 3168.2319
300.0 5.0 -5.0 15.0 1126697582.3030999
300.0 7.5 -5.0 15.0 1597734502.6751
300.0 10.0 -5.0 15.0 1648407413.7598
300.0 -5.0 -2.5 15.0 -8.3369
300.0 -2.5 -2.5 15.0 -6.4008
300.0 0.0 -2.5 15.0 -0.27810000000000007
300.0 2.5 -2.5 15.0 596.4767
300.0 5.0 -2.5 15.0 6782.5039
300.0 10.0 -2.5 15.0 160712211.9008
300.0 -5.0 0.0 15.0 -13.0643
300.0 -2.5 0.0 15.0 -15.2577
300.0 0.0 0.0 15.0 -19.0271
300.0 2.5 0.0 15.0 -7.8282
300.0 5.0 0.0 15.0 -1.0113
300.0 7.5 0.0 15.0 386.72490000000005
300.0 -5.0 2.5 15.0 -11.8693
300.0 -2.5 2.5 15.0 -12.6743
300.0 0.0 2.5 15.0 -11.5506
300.0 2.5 2.5 15.0 -8.029399999999999
300.0 5.0 2.5 15.0 -4.587899999999999
300.0 7.5 2.5 15.0 -2.7536
300.0 10.0 2.5 15.0 -0.44999999999999996
300.0 -2.5 5.0 15.0 -8.128400000000001
300.0 0.0 5.0 15.0 -6.817699999999999
300.0 2.5 5.0 15.0 -5.0588
300.0 5.0 5.0 15.0 -3.1054
300.0 7.5 5.0 15.0 -1.4498
300.0 10.0 5.0 15.0 -0.2885
300.0 -5.0 -10.0 16.25 3.6462999999999997
300.0 -2.5 -10.0 16.25 6.5248
300.0 0.0 -10.0 16.25 6.611500000000001
300.0 2.5 -10.0 16.25 525626.4853000001
300.0 5.0 -10.0 16.25 36129628.257
300.0 7.5 -10.0 16.25 62745255.7754
300.0 10.0 -10.0 16.25 59036.0451
300.0 -5.0 -7.5 16.25 2.8461
300.0 -2.5 -7.5 16.25 7.3156
300.0 0.0 -7.5 16.25 34.9713
300.0 2.5 -7.5 16.25 1653095.6331
300.0 5.0 -7.5 16.25 4662450284.1103
300.0 7.5 -7.5 16.25 304468.66599999997
300.0 10.0 -7.5 16.25 9999999977.164202
300.0 -5.0 -5.0 16.25 -0.20929999999999999
300.0 -2.5 -5.0 16.25 5.827
300.0 0.0 -5.0 16.25 95.3579
300.0 2.5 -5.0 16.25 16.855
300.0 5.0 -5.0 16.25 27745.5606
300.0 7.5 -5.0 16.25 486088.609
300.0 10.0 -5.0 16.25 1403618.7748
300.0 -5.0 -2.5 16.25 -5.3163
300.0 -2.5 -2.5 16.25 -3.6475999999999997
300.0 0.0 -2.5 16.25 -2.9223999999999997
300.0 2.5 -2.5 16.25 -5.200100000000001
300.0 5.0 -2.5 16.25 29.766199999999998
300.0 7.5 -2.5 16.25 192091.03720000002
300.0 10.0 -2.5 16.25 4199248.1062
300.0 -5.0 0.0 16.25 -8.8226
300.0 -2.5 0.0 16.25 -9.5416
300.0 0.0 0.0 16.25 -9.6938
300.0 2.5 0.0 16.25 -6.9285
300.0 5.0 0.0 16.25 -3.1131
300.0 7.5 0.0 16.25 7.6448
300.0 -5.0 2.5 16.25 -7.561299999999999
300.0 -2.5 2.5 16.25 -8.9899
300.0 0.0 2.5 16.25 -7.9098
300.0 2.5 2.5 16.25 -5.4363
300.0 5.0 2.5 16.25 -3.1106
300.0 7.5 2.5 16.25 -1.647
300.0 10.0 2.5 16.25 -0.2748
300.0 -5.0 5.0 16.25 -4.698
300.0 -2.5 5.0 16.25 -5.3552
300.0 0.0 5.0 16.25 -4.969
300.0 2.5 5.0 16.25 -3.5236
300.0 5.0 5.0 16.25 -2.2053
300.0 7.5 5.0 16.25 -0.9293
300.0 10.0 5.0 16.25 0.1472
