0.0 -2.5 -7.5 10.0 1547.2178999999999
0.0 -2.5 -5.0 10.0 74664346.3351
0.0 -2.5 -2.5 10.0 385338.65709999995
0.0 0.0 0.0 10.0 9999999919.68
0.0 -2.5 2.5 10.0 431572315.527
0.0 -5.0 5.0 10.0 10000000131.8547
0.0 -2.5 -7.5 11.25 215.7719
0.0 0.0 -7.5 11.25 18702608.3977
0.0 -5.0 -5.0 11.25 16880.7197
0.0 -2.5 -5.0 11.25 374033412.8856
0.0 0.0 -5.0 11.25 1080856329.9323
0.0 -2.5 -2.5 11.25 3371.5332
0.0 2.5 -2.5 11.25 10000000100.4104
0.0 5.0 -2.5 11.25 9999999907.2858
0.0 -2.5 0.0 11.25 1472283.8642
0.0 0.0 0.0 11.25 736835785.0258
0.0 -5.0 2.5 11.25 9999999959.225
0.0 -2.5 2.5 11.25 275562943.4835
0.0 0.0 2.5 11.25 115855924.5123
0.0 -5.0 5.0 11.25 3327829215.9386
0.0 -2.5 5.0 11.25 10000000070.891201
0.0 0.0 -10.0 12.5 -20.2812
0.0 2.5 -10.0 12.5 -7.0676999999999985
0.0 -2.5 -7.5 12.5 -9.885299999999999
0.0 0.0 -7.5 12.5 444470.9168
0.0 -5.0 -5.0 12.5 30.3216
0.0 -2.5 -5.0 12.5 108151975.2006
0.0 0.0 -5.0 12.5 283801880.757
0.0 2.5 -5.0 12.5 1537995821.2899
0.0 -2.5 -2.5 12.5 1490.084
0.0 0.0 -2.5 12.5 8546.8786
0.0 2.5 -2.5 12.5 33986790.160299994
0.0 5.0 -2.5 12.5 9999999950.512701
0.0 -2.5 0.0 12.5 4325.5395
0.0 0.0 0.0 12.5 18795271.3671
0.0 -5.0 2.5 12.5 299185264.83470005
0.0 -2.5 2.5 12.5 10000000032.6588
0.0 0.0 2.5 12.5 940836.8089
0.0 -5.0 5.0 12.5 21382304.184299998
0.0 -2.5 5.0 12.5 10000000001.735401
0.0 0.0 5.0 12.5 10000000311.2303
0.0 0.0 -10.0 13.75 -16.3806
0.0 2.5 -10.0 13.75 -26.195899999999998
0.0 -5.0 -7.5 13.75 -6.6509
0.0 -2.5 -7.5 13.75 -12.4863
0.0 0.0 -7.5 13.75 15949.824
0.0 5.0 -7.5 13.75 30929.5281
0.0 -5.0 -5.0 13.75 -11.6809
0.0 -2.5 -5.0 13.75 9357.666299999999
0.0 0.0 -5.0 13.75 23205.723
0.0 2.5 -5.0 13.75 30116.1604
0.0 -5.0 -2.5 13.75 -1.952
0.0 -2.5 -2.5 13.75 -1.1273
0.0 0.0 -2.5 13.75 -4.3873
0.0 2.5 -2.5 13.75 581305.1561
0.0 5.0 -2.5 13.75 854843.3832
0.0 7.5 -2.5 13.75 72246.901
0.0 -5.0 0.0 13.75 1879.7941999999998
0.0 -2.5 0.0 13.75 24.3459
0.0 0.0 0.0 13.75 1525.8445000000002
0.0 2.5 0.0 13.75 2816.828
0.0 10.0 0.0 13.75 16441.4779
0.0 -5.0 2.5 13.75 177492.5358
0.0 -2.5 2.5 13.75 8856.202800000001
0.0 0.0 2.5 13.75 47513672.5635
0.0 -5.0 5.0 13.75 11060.7415
0.0 -2.5 5.0 13.75 10000000121.690802
0.0 0.0 5.0 13.75 237672680.93400002
0.0 -5.0 -10.0 15.0 -2.208
0.0 -2.5 -10.0 15.0 -6.1187
0.0 0.0 -10.0 15.0 -13.126900000000001
0.0 2.5 -10.0 15.0 -18.7392
0.0 5.0 -10.0 15.0 -20.540599999999998
0.0 7.5 -10.0 15.0 29.455699999999997
0.0 10.0 -10.0 15.0 -0.4655
0.0 -5.0 -7.5 15.0 -5.2253
0.0 -2.5 -7.5 15.0 -11.0605
0.0 0.0 -7.5 15.0 -12.7745
0.0 2.5 -7.5 15.0 453.393
0.0 5.0 -7.5 15.0 -17.1563
0.0 10.0 -7.5 15.0 10837.009999999998
0.0 -5.0 -5.0 15.0 -7.2418000000000005
0.0 -2.5 -5.0 15.0 -8.295399999999999
0.0 0.0 -5.0 15.0 -8.3303
0.0 2.5 -5.0 15.0 280.2532
0.0 5.0 -5.0 15.0 108385.0471
0.0 7.5 -5.0 15.0 -8.017
0.0 -5.0 -2.5 15.0 -2.3457
0.0 -2.5 -2.5 15.0 -2.4003
0.0 0.0 -2.5 15.0 -8.1392
0.0 2.5 -2.5 15.0 392.6435
0.0 5.0 -2.5 15.0 26.601699999999997
0.0 7.5 -2.5 15.0 17.4726
0.0 10.0 -2.5 15.0 179.6985
0.0 -5.0 0.0 15.0 13.8319
0.0 -2.5 0.0 15.0 8.088799999999999
0.0 0.0 0.0 15.0 -1.3304
0.0 2.5 0.0 15.0 -10.091
0.0 5.0 0.0 15.0 1392.9315
0.0 7.5 0.0 15.0 -11.318999999999999
0.0 10.0 0.0 15.0 -0.9425000000000008
0.0 -5.0 2.5 15.0 71.4711
0.0 -2.5 2.5 15.0 78.129
0.0 0.0 2.5 15.0 11465.4269
0.0 2.5 2.5 15.0 70.7087
0.0 5.0 2.5 15.0 492.7716
0.0 7.5 2.5 15.0 -37.0158
0.0 -5.0 5.0 15.0 15526.387200000001
0.0 -2.5 5.0 15.0 8711.592900000001
0.0 0.0 5.0 15.0 316140.45
0.0 2.5 5.0 15.0 535073.8407000001
0.0 10.0 5.0 15.0 -23.9048
0.0 -5.0 -10.0 16.25 -1.6945
0.0 -2.5 -10.0 16.25 -4.5595
0.0 0.0 -10.0 16.25 -9.8483
0.0 2.5 -10.0 16.25 -13.5595
0.0 5.0 -10.0 16.25 -13.913499999999999
0.0 7.5 -10.0 16.25 -10.1406
0.0 10.0 -10.0 16.25 -2.8129
0.0 -5.0 -7.5 16.25 -3.3196
0.0 -2.5 -7.5 16.25 -7.6324
0.0 0.0 -7.5 16.25 -16.3015
0.0 2.5 -7.5 16.25 -17.7664
0.0 5.0 -7.5 16.25 -14.363800000000001
0.0 7.5 -7.5 16.25 -7.6869
0.0 10.0 -7.5 16.25 4.839300000000001
0.0 -5.0 -5.0 16.25 -4.4874
0.0 -2.5 -5.0 16.25 -7.0642000000000005
0.0 0.0 -5.0 16.25 -12.511
0.0 2.5 -5.0 16.25 -17.5761
0.0 5.0 -5.0 16.25 -2.2094999999999994
0.0 7.5 -5.0 16.25 -2.1853000000000002
0.0 10.0 -5.0 16.25 6.3459
0.0 -5.0 -2.5 16.25 -2.9218
0.0 -2.5 -2.5 16.25 -0.7645
0.0 0.0 -2.5 16.25 -3.7766
0.0 2.5 -2.5 16.25 -11.013300000000001
0.0 5.0 -2.5 16.25 -7.8284
0.0 7.5 -2.5 16.25 2.5893999999999995
0.0 10.0 -2.5 16.25 8.5234
0.0 -5.0 0.0 16.25 3.968
0.0 -2.5 0.0 16.25 7.629099999999999
0.0 0.0 0.0 16.25 3.5807
0.0 2.5 0.0 16.25 -4.6675
0.0 5.0 0.0 16.25 -10.094
0.0 7.5 0.0 16.25 -8.0275
0.0 10.0 0.0 16.25 0.7238000000000007
0.0 -5.0 2.5 16.25 12.1004
0.0 -2.5 2.5 16.25 15.921700000000001
0.0 0.0 2.5 16.25 15.761800000000001
0.0 2.5 2.5 16.25 -7.053800000000001
0.0 5.0 2.5 16.25 -20.8552
0.0 7.5 2.5 16.25 -23.2283
0.0 10.0 2.5 16.25 -9.099499999999999
0.0 -5.0 5.0 16.25 19.4731
0.0 -2.5 5.0 16.25 28.5444
0.0 0.0 5.0 16.25 23.3223
0.0 2.5 5.0 16.25 206.50900000000001
0.0 5.0 5.0 16.25 -33.0686
0.0 7.5 5.0 16.25 -38.5435
0.0 10.0 5.0 16.25 -14.9898
60.0 -5.0 -10.0 3.75 192023.2957
60.0 -2.5 -10.0 3.75 110725692.0096
60.0 0.0 -10.0 3.75 10000000067.6214
60.0 2.5 -10.0 3.75 9999999988.7243
60.0 5.0 -10.0 3.75 10000000036.739302
60.0 7.5 -10.0 3.75 9999998864.3377
60.0 10.0 -10.0 3.75 10000000074.045301
60.0 -5.0 -7.5 3.75 13614905.5112
60.0 -2.5 -7.5 3.75 10000000022.986502
60.0 0.0 -7.5 3.75 2398298033.6656
60.0 2.5 -7.5 3.75 10000000085.9789
60.0 5.0 -7.5 3.75 9999999925.5925
60.0 7.5 -7.5 3.75 9999999923.288502
60.0 10.0 -7.5 3.75 9999999900.6994
60.0 -5.0 -5.0 3.75 9999999989.463202
60.0 -2.5 -5.0 3.75 9999999836.741201
60.0 0.0 -5.0 3.75 9999999851.229101
60.0 2.5 -5.0 3.75 10000000010.713001
60.0 5.0 -5.0 3.75 9999999793.207
60.0 7.5 -5.0 3.75 9999999257.2397
60.0 10.0 -5.0 3.75 10000000174.7117
60.0 -5.0 -2.5 3.75 9999999884.7106
60.0 -2.5 -2.5 3.75 2929146466.9344
60.0 0.0 -2.5 3.75 9999999954.620602
60.0 2.5 -2.5 3.75 9999999939.227901
60.0 5.0 -2.5 3.75 10000000178.2131
60.0 7.5 -2.5 3.75 10000000132.721102
60.0 10.0 -2.5 3.75 10000000183.498402
60.0 -5.0 0.0 3.75 9999999856.934301
60.0 -2.5 0.0 3.75 9999999937.889101
60.0 0.0 0.0 3.75 9999999451.3642
60.0 2.5 0.0 3.75 9999999980.7623
60.0 5.0 0.0 3.75 9999999950.051401
60.0 7.5 0.0 3.75 10000000093.3076
60.0 10.0 0.0 3.75 10000000003.2738
60.0 -5.0 2.5 3.75 7165099680.794701
60.0 -2.5 2.5 3.75 9999999827.4379
60.0 0.0 2.5 3.75 9999999922.750101
60.0 2.5 2.5 3.75 9999999881.128
60.0 5.0 2.5 3.75 9999999821.2926
60.0 7.5 2.5 3.75 10000000237.9328
60.0 10.0 2.5 3.75 9999999862.5793
60.0 -5.0 5.0 3.75 9999999817.559
60.0 -2.5 5.0 3.75 10000001095.177301
60.0 0.0 5.0 3.75 9999999958.1966
60.0 2.5 5.0 3.75 9999999734.620401
60.0 5.0 5.0 3.75 9999999997.300402
60.0 7.5 5.0 3.75 10000000085.220901
60.0 10.0 5.0 3.75 10000000247.0363
60.0 2.5 5.0 10.0 9999999705.724401
60.0 2.5 -10.0 11.25 38.833099999999995
60.0 7.5 -10.0 11.25 1100711.7796
60.0 5.0 -7.5 11.25 63954.099799999996
60.0 -2.5 2.5 11.25 10000000068.92
60.0 0.0 2.5 11.25 4545396935.7632
60.0 2.5 2.5 11.25 10000000109.811401
60.0 5.0 2.5 11.25 7390482180.1552
60.0 7.5 2.5 11.25 10000000355.086
60.0 -2.5 5.0 11.25 1254147472.4663
60.0 0.0 5.0 11.25 10000000047.722101
60.0 2.5 5.0 11.25 10000000468.244902
60.0 5.0 5.0 11.25 190435347.7084
60.0 0.0 -10.0 12.5 20.465700000000002
60.0 2.5 -10.0 12.5 23.9522
60.0 5.0 -10.0 12.5 22.496
60.0 7.5 -10.0 12.5 1318.4076
60.0 0.0 -5.0 12.5 65.6947
60.0 0.0 2.5 12.5 2187733.5930999997
60.0 2.5 2.5 12.5 10000000128.891201
60.0 5.0 2.5 12.5 5498391.0174
60.0 7.5 2.5 12.5 9999999898.0156
60.0 10.0 2.5 12.5 10000000193.727201
60.0 0.0 5.0 12.5 118376184.615
60.0 2.5 5.0 12.5 109418605.5052
60.0 5.0 5.0 12.5 8333220.2136
60.0 7.5 5.0 12.5 6138642353.7709
60.0 10.0 5.0 12.5 53599552.379
60.0 0.0 -10.0 13.75 18.0899
60.0 2.5 -10.0 13.75 20.0815
60.0 5.0 -10.0 13.75 -2.2441999999999998
60.0 7.5 -10.0 13.75 -24.1195
60.0 10.0 -10.0 13.75 -30.1824
60.0 -5.0 -7.5 13.75 2.2067
60.0 2.5 -7.5 13.75 26.6166
60.0 5.0 -7.5 13.75 118.50959999999999
60.0 7.5 -7.5 13.75 1138.4365
60.0 10.0 -7.5 13.75 8904.9639
60.0 -2.5 -5.0 13.75 6.844899999999999
60.0 0.0 -5.0 13.75 16.2131
60.0 5.0 -5.0 13.75 19133.536900000003
60.0 10.0 -5.0 13.75 6086.771
60.0 -5.0 -2.5 13.75 289.13849999999996
60.0 -2.5 -2.5 13.75 4772.7934000000005
60.0 0.0 -2.5 13.75 16586.1545
60.0 0.0 0.0 13.75 1960.6371
60.0 2.5 0.0 13.75 484.1275
60.0 -2.5 2.5 13.75 141.73000000000002
60.0 0.0 2.5 13.75 6381800.1053
60.0 2.5 2.5 13.75 35532.6175
60.0 5.0 2.5 13.75 3365.7014
60.0 7.5 2.5 13.75 7219953.5866
60.0 10.0 2.5 13.75 10000000174.3271
60.0 0.0 5.0 13.75 569254.8292
60.0 2.5 5.0 13.75 134949447.0982
60.0 5.0 5.0 13.75 25210.3961
60.0 7.5 5.0 13.75 432662.9041
60.0 10.0 5.0 13.75 16147169.4312
60.0 -5.0 -10.0 15.0 2.1026000000000002
60.0 -2.5 -10.0 15.0 7.022200000000001
60.0 0.0 -10.0 15.0 13.6128
60.0 2.5 -10.0 15.0 14.2616
60.0 5.0 -10.0 15.0 1.2559
60.0 7.5 -10.0 15.0 -15.4618
60.0 10.0 -10.0 15.0 -20.3542
60.0 -5.0 -7.5 15.0 3.7359999999999998
60.0 -2.5 -7.5 15.0 9.100999999999999
60.0 0.0 -7.5 15.0 16.8113
60.0 2.5 -7.5 15.0 16.2013
60.0 5.0 -7.5 15.0 -0.11830000000000007
60.0 7.5 -7.5 15.0 -17.3504
60.0 10.0 -7.5 15.0 -0.7335000000000029
60.0 -5.0 -5.0 15.0 2.58
60.0 -2.5 -5.0 15.0 8.030999999999999
60.0 0.0 -5.0 15.0 14.143099999999999
60.0 2.5 -5.0 15.0 26.8901
60.0 5.0 -5.0 15.0 13.2711
60.0 7.5 -5.0 15.0 -16.3803
60.0 10.0 -5.0 15.0 55.006099999999996
60.0 -5.0 -2.5 15.0 -0.4436
60.0 -2.5 -2.5 15.0 29.8618
60.0 0.0 -2.5 15.0 63.7243
60.0 2.5 -2.5 15.0 14.241200000000001
60.0 10.0 -2.5 15.0 38138.8042
60.0 -2.5 0.0 15.0 9.6962
60.0 0.0 0.0 15.0 12.375300000000001
60.0 2.5 0.0 15.0 19.346
60.0 7.5 0.0 15.0 8.8187
60.0 -5.0 2.5 15.0 -11.1018
60.0 -2.5 2.5 15.0 0.6010999999999997
60.0 0.0 2.5 15.0 61.3702
60.0 2.5 2.5 15.0 113.49780000000001
60.0 5.0 2.5 15.0 42.257600000000004
60.0 7.5 2.5 15.0 332.7377
60.0 10.0 2.5 15.0 2928.6314
60.0 -2.5 5.0 15.0 -6.4381
60.0 0.0 5.0 15.0 39.2826
60.0 2.5 5.0 15.0 56240.8374
60.0 5.0 5.0 15.0 105.36619999999999
60.0 7.5 5.0 15.0 619.1079000000001
60.0 10.0 5.0 15.0 674.8986000000001
60.0 -5.0 -10.0 16.25 2.1131
60.0 -2.5 -10.0 16.25 5.5949
60.0 0.0 -10.0 16.25 9.587299999999999
60.0 2.5 -10.0 16.25 9.3431
60.0 5.0 -10.0 16.25 1.7879999999999998
60.0 7.5 -10.0 16.25 -8.937100000000001
60.0 10.0 -10.0 16.25 -13.7405
60.0 -5.0 -7.5 16.25 3.2411000000000003
60.0 -2.5 -7.5 16.25 7.3006
60.0 0.0 -7.5 16.25 11.3021
60.0 2.5 -7.5 16.25 10.327200000000001
60.0 5.0 -7.5 16.25 0.4876999999999998
60.0 7.5 -7.5 16.25 -14.4483
60.0 10.0 -7.5 16.25 -19.334300000000002
60.0 -5.0 -5.0 16.25 3.9682000000000004
60.0 -2.5 -5.0 16.25 7.8309999999999995
60.0 0.0 -5.0 16.25 11.1584
60.0 2.5 -5.0 16.25 10.3964
60.0 5.0 -5.0 16.25 -0.7705000000000002
60.0 7.5 -5.0 16.25 -14.6876
60.0 10.0 -5.0 16.25 -16.4448
60.0 -5.0 -2.5 16.25 1.3480000000000003
60.0 -2.5 -2.5 16.25 8.2835
60.0 0.0 -2.5 16.25 10.4801
60.0 2.5 -2.5 16.25 10.0605
60.0 5.0 -2.5 16.25 1.9345999999999997
60.0 7.5 -2.5 16.25 -11.8524
60.0 10.0 -2.5 16.25 -4.8296
60.0 -5.0 0.0 16.25 -1.1260000000000001
60.0 -2.5 0.0 16.25 6.3989
60.0 0.0 0.0 16.25 8.709
60.0 2.5 0.0 16.25 13.2787
60.0 5.0 0.0 16.25 12.270999999999997
60.0 7.5 0.0 16.25 1.7809
60.0 10.0 0.0 16.25 -5.8963
60.0 -5.0 2.5 16.25 -5.758900000000001
60.0 -2.5 2.5 16.25 0.3557999999999999
60.0 0.0 2.5 16.25 11.029399999999999
60.0 2.5 2.5 16.25 22.1385
60.0 5.0 2.5 16.25 26.301500000000004
60.0 7.5 2.5 16.25 18.3875
60.0 10.0 2.5 16.25 7.1025
60.0 -5.0 5.0 16.25 -11.311
60.0 -2.5 5.0 16.25 -3.7941
60.0 0.0 5.0 16.25 14.693900000000001
60.0 2.5 5.0 16.25 46.2713
60.0 5.0 5.0 16.25 45.424
60.0 7.5 5.0 16.25 37.3283
60.0 10.0 5.0 16.25 -0.48139999999999983
120.0 -5.0 -10.0 3.75 -15.0031
120.0 -2.5 -10.0 3.75 3174392.8914
120.0 0.0 -10.0 3.75 51015646.3093
120.0 2.5 -10.0 3.75 374504465.84440005
120.0 5.0 -10.0 3.75 10000000148.086
120.0 7.5 -10.0 3.75 10000000284.3864
120.0 10.0 -10.0 3.75 9999999583.126001
120.0 -5.0 -7.5 3.75 349.5677
120.0 -2.5 -7.5 3.75 10000000364.980202
120.0 0.0 -7.5 3.75 6317883124.329301
120.0 2.5 -7.5 3.75 10000000524.325901
120.0 5.0 -7.5 3.75 10000000030.010302
120.0 7.5 -7.5 3.75 9999999824.1931
120.0 10.0 -7.5 3.75 9999999823.114601
120.0 -5.0 -5.0 3.75 9237018.2936
120.0 -2.5 -5.0 3.75 10000000218.2362
120.0 0.0 -5.0 3.75 1169159403.978
120.0 2.5 -5.0 3.75 10000000071.4293
120.0 5.0 -5.0 3.75 9999999933.934801
120.0 7.5 -5.0 3.75 9999999841.2761
120.0 10.0 -5.0 3.75 9999999820.172901
120.0 -5.0 -2.5 3.75 10000000031.6322
120.0 -2.5 -2.5 3.75 10000000135.4529
120.0 0.0 -2.5 3.75 9999999933.7576
120.0 2.5 -2.5 3.75 9999999907.143501
120.0 5.0 -2.5 3.75 9999999804.1826
120.0 7.5 -2.5 3.75 10000000019.7523
120.0 10.0 -2.5 3.75 9999999634.507
120.0 -5.0 0.0 3.75 213117709.0741
120.0 -2.5 0.0 3.75 10000000046.0783
120.0 0.0 0.0 3.75 9999999957.614302
120.0 2.5 0.0 3.75 9999999836.7108
120.0 5.0 0.0 3.75 9999999643.2982
120.0 7.5 0.0 3.75 9999999647.7726
120.0 10.0 0.0 3.75 10000000099.209301
120.0 -5.0 2.5 3.75 9999999938.5816
120.0 -2.5 2.5 3.75 10000000354.9948
120.0 0.0 2.5 3.75 655956722.2689999
120.0 2.5 2.5 3.75 10000000104.991701
120.0 5.0 2.5 3.75 9999999870.968
120.0 7.5 2.5 3.75 10000000123.486301
120.0 10.0 2.5 3.75 10000000043.4396
120.0 -5.0 5.0 3.75 9999999885.9605
120.0 -2.5 5.0 3.75 518523203.1449
120.0 0.0 5.0 3.75 9999999788.7201
120.0 2.5 5.0 3.75 10000000096.010101
120.0 5.0 5.0 3.75 10000000099.8071
120.0 7.5 5.0 3.75 10000000287.3237
120.0 10.0 5.0 3.75 10000000026.0076
120.0 2.5 2.5 7.5 9999999888.832
120.0 2.5 5.0 7.5 1026218768.2499
120.0 2.5 -2.5 8.75 10000000022.6814
120.0 0.0 2.5 8.75 10000000212.797
120.0 2.5 2.5 8.75 9999999723.0814
120.0 2.5 5.0 8.75 9999999865.491001
120.0 2.5 -2.5 10.0 9999999970.513401
120.0 0.0 0.0 10.0 37398.0448
120.0 2.5 0.0 10.0 3005018539.3966
120.0 5.0 0.0 10.0 274601251.258
120.0 0.0 2.5 10.0 242904170.3789
120.0 2.5 2.5 10.0 1823308106.08
120.0 5.0 2.5 10.0 9999999868.9435
120.0 0.0 5.0 10.0 354644605.7921
120.0 2.5 5.0 10.0 43020437.7562
120.0 2.5 -5.0 11.25 4488.7205
120.0 5.0 -5.0 11.25 10000000040.619202
120.0 2.5 -2.5 11.25 9999999954.363401
120.0 5.0 -2.5 11.25 379518242.69299996
120.0 7.5 -2.5 11.25 564177425.5177
120.0 0.0 0.0 11.25 38469.5043
120.0 2.5 0.0 11.25 10426988.5901
120.0 5.0 0.0 11.25 48457334.3535
120.0 7.5 0.0 11.25 141787465.745
120.0 0.0 2.5 11.25 1875645183.2110999
120.0 2.5 2.5 11.25 10000000062.8022
120.0 5.0 2.5 11.25 164506018.2061
120.0 0.0 5.0 11.25 245713380.8083
120.0 2.5 5.0 11.25 9999999947.212502
120.0 2.5 -10.0 12.5 0.46450000000000014
120.0 2.5 -5.0 12.5 2961.1969999999997
120.0 5.0 -5.0 12.5 11292.0311
120.0 -2.5 -2.5 12.5 12.9275
120.0 0.0 -2.5 12.5 11.8391
120.0 2.5 -2.5 12.5 57818.1503
120.0 5.0 -2.5 12.5 126565034.0053
120.0 7.5 -2.5 12.5 462176.9029
120.0 0.0 0.0 12.5 44800.9602
120.0 2.5 0.0 12.5 957725959.5286
120.0 5.0 0.0 12.5 103777.7926
120.0 7.5 0.0 12.5 115307.29800000001
120.0 0.0 2.5 12.5 21547.885299999998
120.0 2.5 2.5 12.5 66822090.795099996
120.0 5.0 2.5 12.5 1669388922.5958
120.0 7.5 2.5 12.5 9999999990.465
120.0 0.0 5.0 12.5 7508753.5358
120.0 2.5 5.0 12.5 4012657166.4687
120.0 5.0 5.0 12.5 31532543.2782
120.0 -2.5 -10.0 13.75 -5.142
120.0 0.0 -10.0 13.75 -5.6577
120.0 5.0 -10.0 13.75 18.7593
120.0 10.0 -10.0 13.75 4332280.3203
120.0 2.5 -7.5 13.75 132963.045
120.0 5.0 -7.5 13.75 9999999941.9256
120.0 7.5 -7.5 13.75 59.3795
120.0 -2.5 -5.0 13.75 2.5048000000000004
120.0 0.0 -5.0 13.75 294.88739999999996
120.0 2.5 -5.0 13.75 258.4391
120.0 5.0 -5.0 13.75 52.4055
120.0 -5.0 -2.5 13.75 8.0955
120.0 -2.5 -2.5 13.75 10.9924
120.0 0.0 -2.5 13.75 11.1859
120.0 2.5 -2.5 13.75 284.8438
120.0 5.0 -2.5 13.75 149318917.5395
120.0 7.5 -2.5 13.75 785.18
120.0 10.0 -2.5 13.75 2.6155999999999997
120.0 -5.0 0.0 13.75 29.1663
120.0 0.0 0.0 13.75 43.139700000000005
120.0 2.5 0.0 13.75 442.3257
120.0 5.0 0.0 13.75 738.7685
120.0 7.5 0.0 13.75 127.6455
120.0 0.0 2.5 13.75 1049.9324
120.0 2.5 2.5 13.75 1092824579.0729
120.0 5.0 2.5 13.75 609525780.2296001
120.0 7.5 2.5 13.75 718825.9479
120.0 0.0 5.0 13.75 28134.5852
120.0 2.5 5.0 13.75 277631368.5644
120.0 5.0 5.0 13.75 10307474.5996
120.0 7.5 5.0 13.75 2689415.5694
120.0 -5.0 -10.0 15.0 -1.8761999999999999
120.0 -2.5 -10.0 15.0 -2.96
120.0 0.0 -10.0 15.0 -2.3341
120.0 2.5 -10.0 15.0 2.4682999999999997
120.0 5.0 -10.0 15.0 12.512
120.0 10.0 -10.0 15.0 62.7932
120.0 -5.0 -7.5 15.0 -1.6198
120.0 -2.5 -7.5 15.0 -0.8569
120.0 0.0 -7.5 15.0 2.1498999999999997
120.0 2.5 -7.5 15.0 54.6105
120.0 5.0 -7.5 15.0 1279.0465
120.0 7.5 -7.5 15.0 23.9478
120.0 -5.0 -5.0 15.0 1.1479
120.0 -2.5 -5.0 15.0 4.173
120.0 0.0 -5.0 15.0 15.388100000000001
120.0 2.5 -5.0 15.0 21.0826
120.0 5.0 -5.0 15.0 19.6171
120.0 7.5 -5.0 15.0 16.247
120.0 10.0 -5.0 15.0 9.8018
120.0 -5.0 -2.5 15.0 6.2359
120.0 -2.5 -2.5 15.0 9.4573
120.0 0.0 -2.5 15.0 12.0984
120.0 2.5 -2.5 15.0 14.265500000000001
120.0 5.0 -2.5 15.0 35.2726
120.0 7.5 -2.5 15.0 8.8656
120.0 10.0 -2.5 15.0 2.3676999999999992
120.0 -5.0 0.0 15.0 10.3026
120.0 -2.5 0.0 15.0 43.311499999999995
120.0 0.0 0.0 15.0 7.360299999999999
120.0 2.5 0.0 15.0 6.263799999999999
120.0 5.0 0.0 15.0 9.166899999999998
120.0 7.5 0.0 15.0 13.6514
120.0 10.0 0.0 15.0 34.7349
120.0 0.0 2.5 15.0 -14.4208
120.0 2.5 2.5 15.0 55750.211
120.0 5.0 2.5 15.0 16.424500000000002
120.0 7.5 2.5 15.0 134.352
120.0 10.0 2.5 15.0 1859.8029999999999
120.0 0.0 5.0 15.0 62.2748
120.0 2.5 5.0 15.0 2053937.788
120.0 5.0 5.0 15.0 93.6425
120.0 7.5 5.0 15.0 235.7015
120.0 10.0 5.0 15.0 34.650800000000004
120.0 -5.0 -10.0 16.25 -1.2344
120.0 -2.5 -10.0 16.25 -1.7961
120.0 0.0 -10.0 16.25 -0.3852
120.0 2.5 -10.0 16.25 4.398000000000001
120.0 5.0 -10.0 16.25 11.361500000000001
120.0 7.5 -10.0 16.25 14.7054
120.0 10.0 -10.0 16.25 11.6859
120.0 -5.0 -7.5 16.25 -0.8335
120.0 -2.5 -7.5 16.25 0.1245
120.0 0.0 -7.5 16.25 3.7946
120.0 2.5 -7.5 16.25 13.5706
120.0 5.0 -7.5 16.25 18.5596
120.0 7.5 -7.5 16.25 17.3222
120.0 10.0 -7.5 16.25 13.581199999999999
120.0 -5.0 -5.0 16.25 1.317
120.0 -2.5 -5.0 16.25 4.4475
120.0 0.0 -5.0 16.25 10.7235
120.0 2.5 -5.0 16.25 17.095
120.0 5.0 -5.0 16.25 17.822699999999998
120.0 7.5 -5.0 16.25 14.220300000000002
120.0 10.0 -5.0 16.25 6.9557
120.0 -5.0 -2.5 16.25 4.8353
120.0 -2.5 -2.5 16.25 7.0443
120.0 0.0 -2.5 16.25 9.538599999999999
120.0 2.5 -2.5 16.25 11.8047
120.0 5.0 -2.5 16.25 12.8049
120.0 7.5 -2.5 16.25 9.6625
120.0 10.0 -2.5 16.25 3.6389
120.0 -5.0 0.0 16.25 7.6258
120.0 -2.5 0.0 16.25 7.3523000000000005
120.0 0.0 0.0 16.25 4.9171000000000005
120.0 2.5 0.0 16.25 4.7286
120.0 5.0 0.0 16.25 8.539200000000001
120.0 7.5 0.0 16.25 10.3979
120.0 10.0 0.0 16.25 6.7221
120.0 -5.0 2.5 16.25 8.187000000000001
120.0 -2.5 2.5 16.25 -3.9234
120.0 0.0 2.5 16.25 -12.2698
120.0 2.5 2.5 16.25 -9.4863
120.0 5.0 2.5 16.25 4.184399999999999
120.0 7.5 2.5 16.25 16.3626
120.0 10.0 2.5 16.25 10.7047
120.0 -2.5 5.0 16.25 -16.9606
120.0 0.0 5.0 16.25 -23.0808
120.0 2.5 5.0 16.25 13.527800000000001
120.0 5.0 5.0 16.25 12.9759
120.0 7.5 5.0 16.25 28.743499999999997
120.0 10.0 5.0 16.25 25.8154
180.0 -5.0 -10.0 3.75 14.954899999999999
180.0 -2.5 -10.0 3.75 8.4443
180.0 0.0 -10.0 3.75 6415.8099
180.0 2.5 -10.0 3.75 113778413.2783
180.0 5.0 -10.0 3.75 8837987515.913599
180.0 7.5 -10.0 3.75 14623134.5945
180.0 10.0 -10.0 3.75 9999999920.7436
180.0 -5.0 -7.5 3.75 988.7297
180.0 -2.5 -7.5 3.75 18.697599999999998
180.0 0.0 -7.5 3.75 3471.754
180.0 2.5 -7.5 3.75 2018973521.2338
180.0 5.0 -7.5 3.75 10000000068.294401
180.0 7.5 -7.5 3.75 10000000433.1879
180.0 10.0 -7.5 3.75 10000000073.414701
180.0 -5.0 -5.0 3.75 57782.1824
180.0 -2.5 -5.0 3.75 232.45229999999998
180.0 0.0 -5.0 3.75 128638387.0012
180.0 2.5 -5.0 3.75 10000000025.1979
180.0 5.0 -5.0 3.75 9999999977.666601
180.0 7.5 -5.0 3.75 3247126497.9238997
180.0 10.0 -5.0 3.75 9999999938.202002
180.0 -5.0 -2.5 3.75 661.1237
180.0 -2.5 -2.5 3.75 8811324.8259
180.0 0.0 -2.5 3.75 117981581.0845
180.0 2.5 -2.5 3.75 9999999955.232601
180.0 5.0 -2.5 3.75 10000000035.1746
180.0 7.5 -2.5 3.75 9999999819.6165
180.0 10.0 -2.5 3.75 9999999838.563002
180.0 -5.0 0.0 3.75 6867097.9055
180.0 -2.5 0.0 3.75 1210723449.5959
180.0 0.0 0.0 3.75 9999999920.7506
180.0 2.5 0.0 3.75 10000000100.8952
180.0 5.0 0.0 3.75 10000000153.661701
180.0 7.5 0.0 3.75 9999999832.708
180.0 10.0 0.0 3.75 10000000084.4522
180.0 -5.0 2.5 3.75 5434948618.8426
180.0 -2.5 2.5 3.75 10000000085.328402
180.0 0.0 2.5 3.75 10000000013.614601
180.0 2.5 2.5 3.75 10000000132.6172
180.0 5.0 2.5 3.75 9999999980.147202
180.0 7.5 2.5 3.75 10000000036.6536
180.0 10.0 2.5 3.75 10000000153.302502
180.0 -5.0 5.0 3.75 26301355.854000002
180.0 -2.5 5.0 3.75 10000000104.2432
180.0 0.0 5.0 3.75 9940380120.4763
180.0 2.5 5.0 3.75 10000000135.479801
180.0 5.0 5.0 3.75 10000000036.095701
180.0 7.5 5.0 3.75 10000000226.5016
180.0 10.0 5.0 3.75 10000000119.3663
180.0 5.0 -2.5 8.75 1413.2794
180.0 5.0 -2.5 10.0 34.1237
180.0 2.5 2.5 10.0 10000000048.6263
180.0 5.0 -10.0 11.25 18.1955
180.0 7.5 -10.0 11.25 8.231000000000002
180.0 -2.5 -7.5 11.25 5.4021
180.0 5.0 -7.5 11.25 24.1243
180.0 2.5 -5.0 11.25 27.198099999999997
180.0 5.0 -5.0 11.25 25.724200000000003
180.0 7.5 -5.0 11.25 99913.33369999999
180.0 10.0 -5.0 11.25 1558686887.3481
180.0 5.0 -2.5 11.25 25.733400000000003
180.0 0.0 0.0 11.25 27.8703
180.0 -2.5 2.5 11.25 12.2857
180.0 2.5 2.5 11.25 10000000051.3782
180.0 -5.0 5.0 11.25 2.1885
180.0 5.0 5.0 11.25 2468857530.4813
180.0 0.0 -10.0 12.5 6.3493
180.0 2.5 -10.0 12.5 11.0759
180.0 5.0 -10.0 12.5 12.346
180.0 7.5 -10.0 12.5 7.5512
180.0 10.0 -10.0 12.5 22.4181
180.0 -2.5 -7.5 12.5 3.2583
180.0 0.0 -7.5 12.5 9.9121
180.0 2.5 -7.5 12.5 15.802900000000001
180.0 5.0 -7.5 12.5 16.2606
180.0 7.5 -7.5 12.5 48.6558
180.0 10.0 -7.5 12.5 4099.897999999999
180.0 2.5 -5.0 12.5 20.2074
180.0 5.0 -5.0 12.5 18.4161
180.0 7.5 -5.0 12.5 556571.3749
180.0 10.0 -5.0 12.5 11534390.4764
180.0 2.5 -2.5 12.5 22.32
180.0 5.0 -2.5 12.5 23.119500000000002
180.0 0.0 0.0 12.5 19.645699999999998
180.0 2.5 0.0 12.5 579.2548999999999
180.0 5.0 0.0 12.5 1113.6753
180.0 -2.5 2.5 12.5 9.2101
180.0 0.0 2.5 12.5 762613.578
180.0 2.5 2.5 12.5 256299897.82860002
180.0 -5.0 5.0 12.5 1.4681
180.0 2.5 5.0 12.5 9999999939.939201
180.0 5.0 5.0 12.5 158244889.1826
180.0 -5.0 -10.0 13.75 0.34159999999999996
180.0 -2.5 -10.0 13.75 1.0090999999999999
180.0 0.0 -10.0 13.75 3.5963000000000003
180.0 2.5 -10.0 13.75 6.309399999999999
180.0 5.0 -10.0 13.75 7.3209
180.0 7.5 -10.0 13.75 5.656000000000001
180.0 10.0 -10.0 13.75 2.1430000000000002
180.0 -2.5 -7.5 13.75 2.0221
180.0 0.0 -7.5 13.75 5.7933
180.0 2.5 -7.5 13.75 9.6218
180.0 5.0 -7.5 13.75 9.658
180.0 7.5 -7.5 13.75 8.2636
180.0 10.0 -7.5 13.75 36.8681
180.0 -2.5 -5.0 13.75 3.7922
180.0 0.0 -5.0 13.75 8.7021
180.0 2.5 -5.0 13.75 12.919599999999999
180.0 5.0 -5.0 13.75 11.935699999999999
180.0 7.5 -5.0 13.75 350.7801
180.0 10.0 -5.0 13.75 53401.5875
180.0 2.5 -2.5 13.75 17.2994
180.0 5.0 -2.5 13.75 16.5461
180.0 7.5 -2.5 13.75 94.1926
180.0 -2.5 0.0 13.75 7.906499999999999
180.0 0.0 0.0 13.75 14.8554
180.0 2.5 0.0 13.75 28.1994
180.0 5.0 0.0 13.75 39.5303
180.0 -5.0 2.5 13.75 3.7453999999999996
180.0 -2.5 2.5 13.75 6.1686
180.0 0.0 2.5 13.75 534.7779
180.0 2.5 2.5 13.75 30313.036399999997
180.0 -5.0 5.0 13.75 0.47340000000000004
180.0 -2.5 5.0 13.75 1.7751000000000001
180.0 0.0 5.0 13.75 3654.3226
180.0 2.5 5.0 13.75 2369188.9850999997
180.0 5.0 5.0 13.75 386369.5426
180.0 -5.0 -10.0 15.0 0.2589
180.0 -2.5 -10.0 15.0 0.6778000000000001
180.0 0.0 -10.0 15.0 2.0116
180.0 2.5 -10.0 15.0 4.051399999999999
180.0 5.0 -10.0 15.0 4.8145999999999995
180.0 7.5 -10.0 15.0 4.69
180.0 10.0 -10.0 15.0 2.7662
180.0 -5.0 -7.5 15.0 0.6998
180.0 -2.5 -7.5 15.0 1.0989
180.0 0.0 -7.5 15.0 3.2755
180.0 2.5 -7.5 15.0 6.1469
180.0 5.0 -7.5 15.0 7.4917
180.0 7.5 -7.5 15.0 7.8429
180.0 10.0 -7.5 15.0 4.9227
180.0 -2.5 -5.0 15.0 2.1767
180.0 0.0 -5.0 15.0 5.6754
180.0 2.5 -5.0 15.0 9.5175
180.0 5.0 -5.0 15.0 9.6738
180.0 7.5 -5.0 15.0 11.85
180.0 10.0 -5.0 15.0 54.639
180.0 -2.5 -2.5 15.0 4.1156999999999995
180.0 0.0 -2.5 15.0 9.1491
180.0 2.5 -2.5 15.0 13.5569
180.0 5.0 -2.5 15.0 15.451899999999998
180.0 7.5 -2.5 15.0 10.701899999999998
180.0 10.0 -2.5 15.0 11.2942
180.0 -2.5 0.0 15.0 6.1497
180.0 0.0 0.0 15.0 12.5268
180.0 2.5 0.0 15.0 17.822499999999998
180.0 5.0 0.0 15.0 19.2193
180.0 7.5 0.0 15.0 25.0616
180.0 10.0 0.0 15.0 5.780199999999999
180.0 -5.0 2.5 15.0 3.173
180.0 -2.5 2.5 15.0 6.1112
180.0 0.0 2.5 15.0 20.0578
180.0 2.5 2.5 15.0 45.220299999999995
180.0 5.0 2.5 15.0 55.9196
180.0 7.5 2.5 15.0 13.478499999999999
180.0 10.0 2.5 15.0 -9.5974
180.0 -5.0 5.0 15.0 1.6161999999999999
180.0 -2.5 5.0 15.0 1.8507
180.0 0.0 5.0 15.0 15.1317
180.0 2.5 5.0 15.0 300.9741
180.0 5.0 5.0 15.0 709.0127
180.0 7.5 5.0 15.0 73208.7768
180.0 10.0 5.0 15.0 1496778.9394
180.0 -5.0 -10.0 16.25 0.1126
180.0 -2.5 -10.0 16.25 0.3209
180.0 0.0 -10.0 16.25 0.8332
180.0 2.5 -10.0 16.25 2.0079000000000002
180.0 5.0 -10.0 16.25 3.1009
180.0 7.5 -10.0 16.25 3.4543
180.0 10.0 -10.0 16.25 2.8717
180.0 -5.0 -7.5 16.25 0.4093
180.0 -2.5 -7.5 16.25 0.8210999999999999
180.0 0.0 -7.5 16.25 1.7298
180.0 2.5 -7.5 16.25 3.714
180.0 5.0 -7.5 16.25 5.3929
180.0 7.5 -7.5 16.25 6.567699999999999
180.0 10.0 -7.5 16.25 5.958500000000001
180.0 -5.0 -5.0 16.25 0.7575999999999999
180.0 -2.5 -5.0 16.25 1.5566
180.0 0.0 -5.0 16.25 3.3709000000000002
180.0 2.5 -5.0 16.25 6.304399999999999
180.0 5.0 -5.0 16.25 8.0971
180.0 7.5 -5.0 16.25 9.5257
180.0 10.0 -5.0 16.25 14.809700000000001
180.0 -5.0 -2.5 16.25 1.5288
180.0 -2.5 -2.5 16.25 2.8468
180.0 0.0 -2.5 16.25 6.4236
180.0 2.5 -2.5 16.25 10.0901
180.0 5.0 -2.5 16.25 11.5582
180.0 7.5 -2.5 16.25 10.4115
180.0 10.0 -2.5 16.25 11.5738
180.0 -2.5 0.0 16.25 4.5598
180.0 0.0 0.0 16.25 10.234200000000001
180.0 2.5 0.0 16.25 14.4328
180.0 5.0 0.0 16.25 13.8709
180.0 7.5 0.0 16.25 10.2089
180.0 10.0 0.0 16.25 5.0828
180.0 -5.0 2.5 16.25 2.8884
180.0 -2.5 2.5 16.25 4.9284
180.0 0.0 2.5 16.25 12.774099999999999
180.0 2.5 2.5 16.25 16.542199999999998
180.0 5.0 2.5 16.25 10.8464
180.0 7.5 2.5 16.25 0.31240000000000023
180.0 10.0 2.5 16.25 -3.7223
180.0 -5.0 5.0 16.25 2.2321
180.0 -2.5 5.0 16.25 3.1606
180.0 0.0 5.0 16.25 8.370999999999999
180.0 2.5 5.0 16.25 12.9587
180.0 5.0 5.0 16.25 -2.089
180.0 7.5 5.0 16.25 -6.968399999999999
180.0 10.0 5.0 16.25 -17.6798
240.0 -5.0 -10.0 3.75 26.6169
240.0 -2.5 -10.0 3.75 38.9503
240.0 0.0 -10.0 3.75 2193.9226
240.0 2.5 -10.0 3.75 1108233566.2344
240.0 5.0 -10.0 3.75 247938066.73839998
240.0 7.5 -10.0 3.75 220979009.83609998
240.0 10.0 -10.0 3.75 1446858165.4383001
240.0 -5.0 -7.5 3.75 37.806599999999996
240.0 -2.5 -7.5 3.75 6850285.5764999995
240.0 0.0 -7.5 3.75 9309677.9526
240.0 2.5 -7.5 3.75 67421109.59459999
240.0 5.0 -7.5 3.75 10000000027.4524
240.0 7.5 -7.5 3.75 9999999968.1119
240.0 10.0 -7.5 3.75 9999999946.9932
240.0 -5.0 -5.0 3.75 36381.3012
240.0 -2.5 -5.0 3.75 35575.807
240.0 0.0 -5.0 3.75 2843951558.1483
240.0 2.5 -5.0 3.75 10000000231.4507
240.0 5.0 -5.0 3.75 9999999981.9974
240.0 7.5 -5.0 3.75 9999999676.7509
240.0 10.0 -5.0 3.75 9999999995.2789
240.0 -5.0 -2.5 3.75 2087.0643
240.0 -2.5 -2.5 3.75 135297450.7544
240.0 0.0 -2.5 3.75 9999999913.975101
240.0 2.5 -2.5 3.75 10000000035.668001
240.0 5.0 -2.5 3.75 10000000499.016401
240.0 7.5 -2.5 3.75 9999999862.731602
240.0 10.0 -2.5 3.75 10000000056.3164
240.0 -5.0 0.0 3.75 105456364.87429999
240.0 -2.5 0.0 3.75 9999999925.7623
240.0 0.0 0.0 3.75 9999999990.5186
240.0 2.5 0.0 3.75 9999999671.953901
240.0 5.0 0.0 3.75 9999999900.5093
240.0 7.5 0.0 3.75 10000000204.525501
240.0 10.0 0.0 3.75 10000000124.0429
240.0 -5.0 2.5 3.75 32788747.871900003
240.0 -2.5 2.5 3.75 123543518.0818
240.0 0.0 2.5 3.75 3358587603.0113
240.0 2.5 2.5 3.75 9999999508.081001
240.0 5.0 2.5 3.75 10000000084.825901
240.0 7.5 2.5 3.75 9999999850.845402
240.0 10.0 2.5 3.75 10000000125.4923
240.0 -5.0 5.0 3.75 10000000022.5974
240.0 -2.5 5.0 3.75 9999999914.872501
240.0 0.0 5.0 3.75 9999999556.959301
240.0 2.5 5.0 3.75 10000000159.966501
240.0 5.0 5.0 3.75 10000000128.533602
240.0 7.5 5.0 3.75 10000000219.6315
240.0 10.0 5.0 3.75 10000000326.251501
240.0 -2.5 -10.0 11.25 7.0680000000000005
240.0 5.0 -10.0 11.25 3.3461
240.0 10.0 -10.0 11.25 277665.93
240.0 5.0 -7.5 11.25 8.393
240.0 -2.5 -2.5 11.25 454.95840000000004
240.0 -5.0 0.0 11.25 18.5548
240.0 -2.5 0.0 11.25 570537.3034
240.0 0.0 0.0 11.25 461804252.4036
240.0 -5.0 2.5 11.25 23.5031
240.0 0.0 2.5 11.25 7708295630.484301
240.0 0.0 5.0 11.25 10000000127.486101
240.0 -5.0 -10.0 12.5 2.7774
240.0 -2.5 -10.0 12.5 4.9222
240.0 0.0 -10.0 12.5 5.5527999999999995
240.0 5.0 -10.0 12.5 2.8827999999999996
240.0 7.5 -10.0 12.5 -3.1001
240.0 10.0 -10.0 12.5 69.06280000000001
240.0 5.0 -7.5 12.5 4.3126999999999995
240.0 7.5 -7.5 12.5 -0.13709999999999997
240.0 10.0 -7.5 12.5 963727.6289
240.0 2.5 -5.0 12.5 16.5109
240.0 -5.0 -2.5 12.5 14.4982
240.0 -2.5 -2.5 12.5 87.0519
240.0 0.0 -2.5 12.5 6000.871999999999
240.0 -5.0 0.0 12.5 14.989099999999999
240.0 -2.5 0.0 12.5 392405059.0097
240.0 0.0 0.0 12.5 6949374.1428000005
240.0 2.5 0.0 12.5 183166.2689
240.0 -5.0 2.5 12.5 10.4464
240.0 0.0 2.5 12.5 227532167.9529
240.0 0.0 5.0 12.5 281843914.0155
240.0 -2.5 -10.0 13.75 3.5645000000000002
240.0 0.0 -10.0 13.75 4.6981
240.0 2.5 -10.0 13.75 4.418699999999999
240.0 5.0 -10.0 13.75 3.2306999999999997
240.0 7.5 -10.0 13.75 -1.5175
240.0 10.0 -10.0 13.75 -3.5890999999999997
240.0 -5.0 -7.5 13.75 3.0645
240.0 2.5 -7.5 13.75 7.635
240.0 5.0 -7.5 13.75 6.0207
240.0 7.5 -7.5 13.75 -1.4293000000000005
240.0 10.0 -7.5 13.75 67.92070000000001
240.0 -5.0 -5.0 13.75 6.2279
240.0 -2.5 -5.0 13.75 9.1131
240.0 2.5 -5.0 13.75 13.3355
240.0 10.0 -5.0 13.75 293.269
240.0 -5.0 -2.5 13.75 10.2555
240.0 -2.5 -2.5 13.75 16.0979
240.0 0.0 -2.5 13.75 91.22030000000001
240.0 2.5 -2.5 13.75 227.9856
240.0 -5.0 0.0 13.75 13.077499999999999
240.0 -2.5 0.0 13.75 2495.2808999999997
240.0 0.0 0.0 13.75 5301518.0984
240.0 2.5 0.0 13.75 33209.068100000004
240.0 -5.0 2.5 13.75 9.4873
240.0 0.0 2.5 13.75 98203.4367
240.0 2.5 2.5 13.75 11115.865
240.0 -5.0 5.0 13.75 -0.6960000000000002
240.0 0.0 5.0 13.75 93390287.9506
240.0 2.5 5.0 13.75 622061.0041
240.0 -5.0 -10.0 15.0 0.8853
240.0 -2.5 -10.0 15.0 2.739
240.0 0.0 -10.0 15.0 3.4556
240.0 2.5 -10.0 15.0 3.9897000000000005
240.0 5.0 -10.0 15.0 2.8935000000000004
240.0 7.5 -10.0 15.0 0.4094000000000001
240.0 10.0 -10.0 15.0 -1.6392
240.0 -5.0 -7.5 15.0 1.9419000000000002
240.0 -2.5 -7.5 15.0 4.0252
240.0 0.0 -7.5 15.0 5.0995
240.0 2.5 -7.5 15.0 5.9337
240.0 5.0 -7.5 15.0 5.7149
240.0 7.5 -7.5 15.0 3.3022000000000005
240.0 10.0 -7.5 15.0 2.4189999999999996
240.0 -5.0 -5.0 15.0 4.1841
240.0 -2.5 -5.0 15.0 7.2186
240.0 0.0 -5.0 15.0 9.4327
240.0 2.5 -5.0 15.0 11.0416
240.0 5.0 -5.0 15.0 12.6931
240.0 7.5 -5.0 15.0 12.822899999999999
240.0 10.0 -5.0 15.0 6.491100000000001
240.0 -5.0 -2.5 15.0 8.0483
240.0 -2.5 -2.5 15.0 11.0321
240.0 0.0 -2.5 15.0 12.4592
240.0 2.5 -2.5 15.0 14.810300000000002
240.0 5.0 -2.5 15.0 11.102300000000001
240.0 7.5 -2.5 15.0 6.8553999999999995
240.0 10.0 -2.5 15.0 10.3176
240.0 -5.0 0.0 15.0 10.933
240.0 -2.5 0.0 15.0 17.4807
240.0 0.0 0.0 15.0 48.4404
240.0 2.5 0.0 15.0 69.8385
240.0 5.0 0.0 15.0 17.1033
240.0 10.0 0.0 15.0 35.9179
240.0 -5.0 2.5 15.0 7.6476999999999995
240.0 -2.5 2.5 15.0 5.8794
240.0 0.0 2.5 15.0 9.109200000000001
240.0 2.5 2.5 15.0 30.8726
240.0 5.0 2.5 15.0 7.5115
240.0 10.0 2.5 15.0 95.2783
240.0 -5.0 5.0 15.0 -0.3176000000000001
240.0 0.0 5.0 15.0 5227.3406
240.0 2.5 5.0 15.0 15825.8047
240.0 5.0 5.0 15.0 -12.3241
240.0 -5.0 -10.0 16.25 0.3285
240.0 -2.5 -10.0 16.25 1.4043
240.0 0.0 -10.0 16.25 2.9402
240.0 2.5 -10.0 16.25 2.8491
240.0 5.0 -10.0 16.25 1.9517999999999998
240.0 7.5 -10.0 16.25 0.4965
240.0 10.0 -10.0 16.25 -0.6496999999999999
240.0 -5.0 -7.5 16.25 1.0654
240.0 -2.5 -7.5 16.25 3.0846999999999998
240.0 0.0 -7.5 16.25 4.5474
240.0 2.5 -7.5 16.25 4.7957
240.0 5.0 -7.5 16.25 4.125
240.0 7.5 -7.5 16.25 2.8138
240.0 10.0 -7.5 16.25 2.2386
240.0 -5.0 -5.0 16.25 2.8541000000000003
240.0 -2.5 -5.0 16.25 5.4136
240.0 0.0 -5.0 16.25 6.960699999999999
240.0 2.5 -5.0 16.25 8.0685
240.0 5.0 -5.0 16.25 7.4694
240.0 7.5 -5.0 16.25 5.151999999999999
240.0 10.0 -5.0 16.25 5.7234
240.0 -5.0 -2.5 16.25 5.4213000000000005
240.0 -2.5 -2.5 16.25 8.9604
240.0 0.0 -2.5 16.25 10.263399999999999
240.0 2.5 -2.5 16.25 10.191600000000001
240.0 5.0 -2.5 16.25 7.3979
240.0 7.5 -2.5 16.25 4.174300000000001
240.0 10.0 -2.5 16.25 6.2351
240.0 -5.0 0.0 16.25 8.2447
240.0 -2.5 0.0 16.25 11.426400000000001
240.0 0.0 0.0 16.25 11.5085
240.0 2.5 0.0 16.25 6.488100000000001
240.0 5.0 0.0 16.25 0.5519000000000003
240.0 7.5 0.0 16.25 -2.6542
240.0 10.0 0.0 16.25 3.7812
240.0 -5.0 2.5 16.25 6.6431000000000004
240.0 -2.5 2.5 16.25 5.9801
240.0 0.0 2.5 16.25 2.0693999999999995
240.0 2.5 2.5 16.25 -4.024
240.0 5.0 2.5 16.25 -10.0482
240.0 7.5 2.5 16.25 -8.7786
240.0 10.0 2.5 16.25 2.6460999999999997
240.0 -5.0 5.0 16.25 0.12649999999999983
240.0 -2.5 5.0 16.25 -2.8212
240.0 0.0 5.0 16.25 -9.2512
240.0 2.5 5.0 16.25 -9.181999999999999
240.0 5.0 5.0 16.25 -11.9081
240.0 7.5 5.0 16.25 -4.944599999999999
240.0 10.0 5.0 16.25 6.8359000000000005
300.0 -5.0 -10.0 3.75 4232.2528
300.0 -2.5 -10.0 3.75 9999999973.1945
300.0 0.0 -10.0 3.75 24297342.1443
300.0 2.5 -10.0 3.75 324671724.8853
300.0 5.0 -10.0 3.75 85905568.82100001
300.0 7.5 -10.0 3.75 10000000209.812601
300.0 10.0 -10.0 3.75 10000000198.5603
300.0 -5.0 -7.5 3.75 9976.3802
300.0 -2.5 -7.5 3.75 10000000082.6399
300.0 0.0 -7.5 3.75 10000000005.7005
300.0 2.5 -7.5 3.75 10000000005.960701
300.0 5.0 -7.5 3.75 9000625280.0517
300.0 7.5 -7.5 3.75 10000000262.709501
300.0 10.0 -7.5 3.75 10000000277.6527
300.0 -5.0 -5.0 3.75 1207537.7332
300.0 -2.5 -5.0 3.75 1333316928.0688999
300.0 0.0 -5.0 3.75 9999999883.6299
300.0 2.5 -5.0 3.75 3410131579.5161
300.0 5.0 -5.0 3.75 10000000248.5237
300.0 7.5 -5.0 3.75 10000000031.7217
300.0 10.0 -5.0 3.75 10000000513.897202
300.0 -5.0 -2.5 3.75 2921231.7934000003
300.0 -2.5 -2.5 3.75 9999999848.8546
300.0 0.0 -2.5 3.75 9999999933.083
300.0 2.5 -2.5 3.75 10000000079.0163
300.0 5.0 -2.5 3.75 10000000267.035501
300.0 7.5 -2.5 3.75 10000000309.582
300.0 10.0 -2.5 3.75 10000000180.5692
300.0 -5.0 0.0 3.75 95956990.62
300.0 -2.5 0.0 3.75 6415254061.5871
300.0 0.0 0.0 3.75 9999999948.602701
300.0 2.5 0.0 3.75 9999999965.907902
300.0 5.0 0.0 3.75 9999999912.174002
300.0 7.5 0.0 3.75 10000000084.316101
300.0 10.0 0.0 3.75 10000000049.175701
300.0 -5.0 2.5 3.75 108055.44170000001
300.0 -2.5 2.5 3.75 10000000074.296001
300.0 0.0 2.5 3.75 10000000076.086102
300.0 2.5 2.5 3.75 10000000194.0307
300.0 5.0 2.5 3.75 10000000073.9013
300.0 7.5 2.5 3.75 10000000355.363201
300.0 10.0 2.5 3.75 10000000065.297602
300.0 -5.0 5.0 3.75 66135273.5538
300.0 -2.5 5.0 3.75 913350567.2897
300.0 0.0 5.0 3.75 10000000049.312601
300.0 2.5 5.0 3.75 10000000159.492601
300.0 5.0 5.0 3.75 10000000214.3565
300.0 7.5 5.0 3.75 9999999874.2646
300.0 10.0 5.0 3.75 9999999991.2905
300.0 -2.5 -5.0 8.75 242506408.95769998
300.0 -5.0 5.0 8.75 10000000028.9129
300.0 -2.5 -10.0 10.0 1.2320000000000002
300.0 -2.5 -7.5 10.0 739.0199
300.0 -2.5 -5.0 10.0 46190.6814
300.0 -5.0 -2.5 10.0 13831.9705
300.0 -2.5 2.5 10.0 9999999834.221401
300.0 -5.0 5.0 10.0 3466289.7712999997
300.0 -2.5 5.0 10.0 9999999812.8286
300.0 0.0 5.0 10.0 10000000007.299702
300.0 -2.5 -10.0 11.25 -1.6922000000000001
300.0 0.0 -10.0 11.25 -5.9315999999999995
300.0 2.5 -10.0 11.25 13.848400000000002
300.0 -2.5 -7.5 11.25 -4.9883
300.0 0.0 -7.5 11.25 -1.0762
300.0 -2.5 -5.0 11.25 1539.72
300.0 -2.5 0.0 11.25 10000000011.555801
300.0 -5.0 2.5 11.25 58275.6571
300.0 -2.5 2.5 11.25 9999999894.554201
300.0 -5.0 5.0 11.25 110619462.1905
300.0 -2.5 5.0 11.25 6006276575.2786
300.0 0.0 5.0 11.25 9795402381.9526
300.0 5.0 5.0 11.25 10000000088.893501
300.0 -2.5 -10.0 12.5 -2.7945
300.0 0.0 -10.0 12.5 -4.046
300.0 2.5 -10.0 12.5 -1.319
300.0 5.0 -10.0 12.5 222.7414
300.0 7.5 -10.0 12.5 136.2137
300.0 -5.0 -7.5 12.5 -4.6077
300.0 -2.5 -7.5 12.5 -8.6418
300.0 0.0 -7.5 12.5 -10.4707
300.0 2.5 -7.5 12.5 103.3755
300.0 -5.0 -5.0 12.5 -14.9932
300.0 -2.5 -5.0 12.5 -6.5351
300.0 0.0 -5.0 12.5 52.9889
300.0 -5.0 -2.5 12.5 34.376599999999996
300.0 -2.5 0.0 12.5 10000000061.914701
300.0 -5.0 2.5 12.5 44688.9361
300.0 -2.5 2.5 12.5 860108791.761
300.0 0.0 2.5 12.5 32418040.633899998
300.0 -5.0 5.0 12.5 427918198.0475
300.0 -2.5 5.0 12.5 5120341.423
300.0 0.0 5.0 12.5 52744211.0446
300.0 5.0 5.0 12.5 96945934.4006
300.0 7.5 5.0 12.5 71450.4206
300.0 -5.0 -10.0 13.75 -1.4146
300.0 -2.5 -10.0 13.75 -3.8197
300.0 0.0 -10.0 13.75 -3.7289000000000003
300.0 2.5 -10.0 13.75 1.5172000000000003
300.0 5.0 -10.0 13.75 9.999099999999999
300.0 7.5 -10.0 13.75 18.451999999999998
300.0 10.0 -10.0 13.75 106.56530000000001
300.0 -5.0 -7.5 13.75 -3.8349
300.0 -2.5 -7.5 13.75 -8.3336
300.0 0.0 -7.5 13.75 -6.6308
300.0 2.5 -7.5 13.75 5.0367
300.0 5.0 -7.5 13.75 20.8154
300.0 -5.0 -5.0 13.75 -8.7214
300.0 -2.5 -5.0 13.75 -16.6459
300.0 0.0 -5.0 13.75 -14.240300000000001
300.0 2.5 -2.5 13.75 451842.32139999996
300.0 -5.0 0.0 13.75 25765.5967
300.0 -2.5 0.0 13.75 237384999.69129997
300.0 -5.0 2.5 13.75 837.2279
300.0 -2.5 2.5 13.75 87916.7129
300.0 0.0 2.5 13.75 683.6246000000001
300.0 10.0 2.5 13.75 8786.3924
300.0 -5.0 5.0 13.75 149890.8407
300.0 -2.5 5.0 13.75 69027104.80610001
300.0 0.0 5.0 13.75 13353.9731
300.0 2.5 5.0 13.75 60406568.7355
300.0 7.5 5.0 13.75 300.1663
300.0 10.0 5.0 13.75 58.1466
300.0 -5.0 -10.0 15.0 -1.2791
300.0 -2.5 -10.0 15.0 -2.8030000000000004
300.0 0.0 -10.0 15.0 -1.7389999999999999
300.0 2.5 -10.0 15.0 2.9368000000000003
300.0 5.0 -10.0 15.0 8.3542
300.0 7.5 -10.0 15.0 12.479299999999999
300.0 10.0 -10.0 15.0 10.674199999999999
300.0 -5.0 -7.5 15.0 -2.4259
300.0 -2.5 -7.5 15.0 -5.713500000000001
300.0 0.0 -7.5 15.0 -3.6805000000000003
300.0 2.5 -7.5 15.0 4.6527
300.0 5.0 -7.5 15.0 10.446299999999999
300.0 7.5 -7.5 15.0 14.003599999999999
300.0 10.0 -7.5 15.0 15.6422
300.0 -5.0 -5.0 15.0 -4.7756
300.0 -2.5 -5.0 15.0 -10.8579
300.0 0.0 -5.0 15.0 -10.1849
300.0 2.5 -5.0 15.0 6.1535
300.0 5.0 -5.0 15.0 30.441
300.0 7.5 -5.0 15.0 53.4499
300.0 -5.0 -2.5 15.0 -9.9924
300.0 -2.5 -2.5 15.0 -16.871499999999997
300.0 0.0 -2.5 15.0 -14.550799999999999
300.0 2.5 -2.5 15.0 50.572700000000005
300.0 7.5 -2.5 15.0 343.9034
300.0 -5.0 0.0 15.0 -6.6242
300.0 -2.5 0.0 15.0 520.5790999999999
300.0 0.0 0.0 15.0 3802.617
300.0 2.5 0.0 15.0 3331.7313
300.0 5.0 0.0 15.0 6.1846
300.0 -5.0 2.5 15.0 -21.9467
300.0 -2.5 2.5 15.0 -30.2496
300.0 0.0 2.5 15.0 -37.9465
300.0 2.5 2.5 15.0 -18.5703
300.0 5.0 2.5 15.0 18.610999999999997
300.0 7.5 2.5 15.0 26.754
300.0 10.0 2.5 15.0 26.765100000000004
300.0 -5.0 5.0 15.0 7.415000000000001
300.0 -2.5 5.0 15.0 12.2945
300.0 0.0 5.0 15.0 116.6121
300.0 2.5 5.0 15.0 863.1324000000001
300.0 5.0 5.0 15.0 11.481800000000002
300.0 7.5 5.0 15.0 32.9666
300.0 10.0 5.0 15.0 34.6796
300.0 -5.0 -10.0 16.25 -0.7927
300.0 -2.5 -10.0 16.25 -1.7625
300.0 0.0 -10.0 16.25 -0.6748
300.0 2.5 -10.0 16.25 3.2832
300.0 5.0 -10.0 16.25 7.1944
300.0 7.5 -10.0 16.25 8.8193
300.0 10.0 -10.0 16.25 7.3644
300.0 -5.0 -7.5 16.25 -1.5737
300.0 -2.5 -7.5 16.25 -3.5155000000000003
300.0 0.0 -7.5 16.25 -1.8664
300.0 2.5 -7.5 16.25 4.0283
300.0 5.0 -7.5 16.25 8.8267
300.0 7.5 -7.5 16.25 10.3001
300.0 10.0 -7.5 16.25 8.336400000000001
300.0 -5.0 -5.0 16.25 -3.1483000000000003
300.0 -2.5 -5.0 16.25 -7.4671
300.0 0.0 -5.0 16.25 -6.4084
300.0 2.5 -5.0 16.25 2.3517000000000006
300.0 5.0 -5.0 16.25 6.7173
300.0 7.5 -5.0 16.25 8.6866
300.0 10.0 -5.0 16.25 7.674100000000001
300.0 -5.0 -2.5 16.25 -6.1625
300.0 -2.5 -2.5 16.25 -12.5605
300.0 0.0 -2.5 16.25 -13.8628
300.0 2.5 -2.5 16.25 -4.8187999999999995
300.0 5.0 -2.5 16.25 3.0364999999999993
300.0 7.5 -2.5 16.25 6.3351999999999995
300.0 10.0 -2.5 16.25 3.343
300.0 -5.0 0.0 16.25 -13.7317
300.0 -2.5 0.0 16.25 -21.4223
300.0 0.0 0.0 16.25 -25.8151
300.0 2.5 0.0 16.25 -6.5197
300.0 5.0 0.0 16.25 3.174299999999999
300.0 10.0 0.0 16.25 5.040399999999999
300.0 -5.0 2.5 16.25 -15.5217
300.0 -2.5 2.5 16.25 -25.5972
300.0 0.0 2.5 16.25 -25.8799
300.0 2.5 2.5 16.25 -11.6338
300.0 5.0 2.5 16.25 9.665099999999999
300.0 7.5 2.5 16.25 19.650399999999998
300.0 10.0 2.5 16.25 18.4624
300.0 -5.0 5.0 16.25 -16.2098
300.0 -2.5 5.0 16.25 -28.494
300.0 0.0 5.0 16.25 -29.168599999999998
300.0 2.5 5.0 16.25 -17.9268
300.0 5.0 5.0 16.25 8.435
300.0 7.5 5.0 16.25 26.0302
300.0 10.0 5.0 16.25 27.971
