0.0 0.0 2.5 5.0 9999999984.506601
0.0 2.5 2.5 5.0 9999999905.2579
0.0 0.0 5.0 5.0 2332611472.0081
0.0 2.5 0.0 6.25 10000000331.439701
0.0 0.0 2.5 6.25 9999999748.1091
0.0 0.0 5.0 6.25 10000000012.2152
0.0 0.0 0.0 7.5 3775386742.2574
0.0 2.5 0.0 7.5 10000000017.608702
0.0 0.0 2.5 7.5 10000000026.5925
0.0 0.0 5.0 7.5 10000000053.366701
0.0 0.0 -5.0 8.75 9999999803.1026
0.0 5.0 -5.0 8.75 10000000142.8026
0.0 -2.5 -2.5 8.75 10000000424.861101
0.0 0.0 -2.5 8.75 9999999923.9838
0.0 -2.5 0.0 8.75 9999999990.702301
0.0 0.0 0.0 8.75 9999999949.478
0.0 2.5 0.0 8.75 10000000138.525501
0.0 0.0 2.5 8.75 9999999995.6557
0.0 2.5 2.5 8.75 9999999810.8117
0.0 0.0 5.0 8.75 9999999964.928001
0.0 2.5 5.0 8.75 5201422182.6714
0.0 5.0 -7.5 10.0 9999999930.1891
0.0 7.5 -7.5 10.0 9999999993.132801
0.0 -2.5 -5.0 10.0 10000000095.701
0.0 0.0 -5.0 10.0 10000000579.563501
0.0 2.5 -5.0 10.0 10000000303.9827
0.0 5.0 -5.0 10.0 9999999870.722502
0.0 7.5 -5.0 10.0 10000000324.622501
0.0 -2.5 -2.5 10.0 881024960.9395
0.0 0.0 -2.5 10.0 9999999965.536402
0.0 2.5 -2.5 10.0 10000000474.035501
0.0 5.0 -2.5 10.0 9999999816.1375
0.0 -2.5 0.0 10.0 2715815176.9635
0.0 0.0 0.0 10.0 9999999575.1982
0.0 2.5 0.0 10.0 9999999912.484201
0.0 0.0 2.5 10.0 10000000029.173
0.0 2.5 2.5 10.0 10000000070.0258
0.0 0.0 5.0 10.0 9999999727.281301
0.0 2.5 5.0 10.0 9999999982.7693
0.0 2.5 -10.0 11.25 10000000059.8866
0.0 5.0 -10.0 11.25 9999999986.982101
0.0 10.0 -10.0 11.25 5289504836.6576
0.0 2.5 -7.5 11.25 9999999902.9811
0.0 5.0 -7.5 11.25 10000000049.913
0.0 7.5 -7.5 11.25 9999999920.4958
0.0 0.0 -5.0 11.25 8595801892.1283
0.0 2.5 -5.0 11.25 3416641971.9939003
0.0 5.0 -5.0 11.25 10000000006.283201
0.0 -5.0 -2.5 11.25 9999999937.573502
0.0 -2.5 -2.5 11.25 917365922.1107
0.0 0.0 -2.5 11.25 10000000080.755402
0.0 2.5 -2.5 11.25 10000000001.185001
0.0 5.0 -2.5 11.25 9999999799.7108
0.0 -5.0 0.0 11.25 6875834.7234000005
0.0 -2.5 0.0 11.25 10000000096.3437
0.0 0.0 0.0 11.25 10000000080.0997
0.0 2.5 0.0 11.25 10000000426.6982
0.0 0.0 2.5 11.25 9999999884.3108
0.0 2.5 2.5 11.25 9999999776.850801
0.0 0.0 5.0 11.25 9999999855.101002
0.0 2.5 5.0 11.25 212055344.6359
0.0 -2.5 -10.0 12.5 712832741.0643001
0.0 2.5 -10.0 12.5 74869914.2849
0.0 5.0 -10.0 12.5 9999999960.128
0.0 7.5 -10.0 12.5 1596065698.9086
0.0 10.0 -10.0 12.5 1728550458.3368
0.0 -5.0 -7.5 12.5 37057597.5613
0.0 0.0 -7.5 12.5 10000000080.6516
0.0 2.5 -7.5 12.5 9999999987.100801
0.0 5.0 -7.5 12.5 9999999822.025501
0.0 7.5 -7.5 12.5 9999999880.0496
0.0 10.0 -7.5 12.5 9999999967.3759
0.0 -2.5 -5.0 12.5 1998953674.3351
0.0 0.0 -5.0 12.5 1003911380.6244
0.0 2.5 -5.0 12.5 10000000016.326601
0.0 5.0 -5.0 12.5 10000000047.687302
0.0 -2.5 -2.5 12.5 10000000944.080101
0.0 0.0 -2.5 12.5 9999999939.699501
0.0 2.5 -2.5 12.5 10000000070.302502
0.0 5.0 -2.5 12.5 10000000220.027401
0.0 -5.0 0.0 12.5 76428.4801
0.0 -2.5 0.0 12.5 10000000079.5762
0.0 0.0 0.0 12.5 481745109.9864
0.0 2.5 0.0 12.5 9526034308.6537
0.0 5.0 0.0 12.5 10000000007.1984
0.0 -2.5 2.5 12.5 9999999510.1175
0.0 0.0 2.5 12.5 3482938258.9242997
0.0 2.5 2.5 12.5 677295068.3403
0.0 7.5 2.5 12.5 10000000250.699202
0.0 0.0 5.0 12.5 9999999916.8677
0.0 2.5 5.0 12.5 1551133262.319
0.0 5.0 5.0 12.5 9999999966.322601
0.0 -2.5 -10.0 13.75 50483.4657
0.0 0.0 -10.0 13.75 28127881.377
0.0 2.5 -10.0 13.75 1689356995.8527
0.0 5.0 -10.0 13.75 10000000134.9099
0.0 7.5 -10.0 13.75 9999999987.0273
0.0 10.0 -10.0 13.75 5253584451.963
0.0 -5.0 -7.5 13.75 244414536.6256
0.0 -2.5 -7.5 13.75 46321742.1578
0.0 0.0 -7.5 13.75 9999999945.810701
0.0 2.5 -7.5 13.75 9999999995.4144
0.0 5.0 -7.5 13.75 10000000038.3749
0.0 7.5 -7.5 13.75 1850247639.2918
0.0 10.0 -7.5 13.75 108358284.64930001
0.0 -2.5 -5.0 13.75 10000000018.4792
0.0 0.0 -5.0 13.75 93517343.5042
0.0 2.5 -5.0 13.75 10000000326.7112
0.0 5.0 -5.0 13.75 9999999896.2324
0.0 7.5 -5.0 13.75 10000000040.9122
0.0 -5.0 -2.5 13.75 158182725.0438
0.0 -2.5 -2.5 13.75 926969110.4706
0.0 0.0 -2.5 13.75 759749982.0891
0.0 2.5 -2.5 13.75 10000000037.354801
0.0 5.0 -2.5 13.75 9999999945.0182
0.0 7.5 -2.5 13.75 9999999976.8353
0.0 -5.0 0.0 13.75 66742.0959
0.0 -2.5 0.0 13.75 9999999989.1523
0.0 0.0 0.0 13.75 9999999924.1025
0.0 2.5 0.0 13.75 9999999930.168402
0.0 5.0 0.0 13.75 9999999965.6788
0.0 7.5 0.0 13.75 10000000301.251902
0.0 10.0 0.0 13.75 9999999942.084301
0.0 -5.0 2.5 13.75 116.2621
0.0 -2.5 2.5 13.75 682416429.3015
0.0 0.0 2.5 13.75 9999999994.692902
0.0 2.5 2.5 13.75 1100717559.8176
0.0 5.0 2.5 13.75 110623802.887
0.0 7.5 2.5 13.75 1089099330.8687
0.0 -2.5 5.0 13.75 3002693952.3914
0.0 0.0 5.0 13.75 9999999959.0937
0.0 2.5 5.0 13.75 107688329.7516
0.0 5.0 5.0 13.75 10000000010.822
0.0 7.5 5.0 13.75 647686589.2113
0.0 10.0 5.0 13.75 194250138.50860003
0.0 -5.0 -10.0 15.0 22262.384000000002
0.0 -2.5 -10.0 15.0 664.2147
0.0 0.0 -10.0 15.0 35832.7628
0.0 2.5 -10.0 15.0 4177735.2929
0.0 5.0 -10.0 15.0 73598528.6902
0.0 7.5 -10.0 15.0 1886184413.1959999
0.0 10.0 -10.0 15.0 1238699957.7402
0.0 -5.0 -7.5 15.0 6775183201.7086
0.0 -2.5 -7.5 15.0 166337.4107
0.0 0.0 -7.5 15.0 141631337.22010002
0.0 2.5 -7.5 15.0 2401618660.3241
0.0 5.0 -7.5 15.0 10000000114.1121
0.0 7.5 -7.5 15.0 10000000008.1641
0.0 10.0 -7.5 15.0 4322951426.3274
0.0 -5.0 -5.0 15.0 618626.198
0.0 -2.5 -5.0 15.0 135425.0716
0.0 0.0 -5.0 15.0 9999999462.696402
0.0 2.5 -5.0 15.0 5226630690.7127
0.0 5.0 -5.0 15.0 10000000038.466301
0.0 7.5 -5.0 15.0 9304328233.0721
0.0 10.0 -5.0 15.0 10000000406.978601
0.0 -5.0 -2.5 15.0 2747.5747
0.0 -2.5 -2.5 15.0 192237772.61540002
0.0 0.0 -2.5 15.0 1119468093.8114
0.0 2.5 -2.5 15.0 9999999887.7922
0.0 5.0 -2.5 15.0 9999999822.3138
0.0 7.5 -2.5 15.0 9999999971.4654
0.0 10.0 -2.5 15.0 10000000038.557901
0.0 -5.0 0.0 15.0 7466.5342
0.0 -2.5 0.0 15.0 37000797.6223
0.0 0.0 0.0 15.0 10000000015.1107
0.0 2.5 0.0 15.0 9999999865.6471
0.0 5.0 0.0 15.0 10000000062.1439
0.0 7.5 0.0 15.0 10000000192.534101
0.0 10.0 0.0 15.0 10000000129.5011
0.0 -5.0 2.5 15.0 221.114
0.0 -2.5 2.5 15.0 858411282.8498
0.0 0.0 2.5 15.0 10000000120.341301
0.0 2.5 2.5 15.0 1442928732.1916
0.0 5.0 2.5 15.0 10000000073.063501
0.0 7.5 2.5 15.0 9999999967.422901
0.0 10.0 2.5 15.0 283821264.71599996
0.0 -5.0 5.0 15.0 1473120.2218000002
0.0 -2.5 5.0 15.0 10000000140.3234
0.0 0.0 5.0 15.0 245380582.995
0.0 2.5 5.0 15.0 10000000051.444
0.0 5.0 5.0 15.0 308840615.9076
0.0 7.5 5.0 15.0 1612130.4228
0.0 10.0 5.0 15.0 675785221.7967
0.0 -5.0 -10.0 16.25 48.196
0.0 -2.5 -10.0 16.25 28.049999999999997
0.0 0.0 -10.0 16.25 124.138
0.0 2.5 -10.0 16.25 9999999955.7315
0.0 5.0 -10.0 16.25 3862480339.2809
0.0 7.5 -10.0 16.25 282005706.7621
0.0 10.0 -10.0 16.25 272520637.1846
0.0 -5.0 -7.5 16.25 199683.0093
0.0 -2.5 -7.5 16.25 82892.1507
0.0 0.0 -7.5 16.25 1012065.3766
0.0 2.5 -7.5 16.25 3746390990.1952
0.0 5.0 -7.5 16.25 10000000116.6688
0.0 7.5 -7.5 16.25 9530275473.421099
0.0 10.0 -7.5 16.25 555663425.3915
0.0 -5.0 -5.0 16.25 122974.79639999999
0.0 -2.5 -5.0 16.25 2143.2401
0.0 0.0 -5.0 16.25 995137676.2282001
0.0 2.5 -5.0 16.25 103168940.2898
0.0 5.0 -5.0 16.25 9999999663.1909
0.0 7.5 -5.0 16.25 10000000114.857101
0.0 10.0 -5.0 16.25 10000000264.841702
0.0 -5.0 -2.5 16.25 1915.7377999999999
0.0 -2.5 -2.5 16.25 1121112837.101
0.0 0.0 -2.5 16.25 10000000022.3908
0.0 2.5 -2.5 16.25 100533246.3923
0.0 5.0 -2.5 16.25 10000000056.6956
0.0 7.5 -2.5 16.25 302919070.3595
0.0 10.0 -2.5 16.25 4082254930.6018
0.0 -5.0 0.0 16.25 2032.228
0.0 -2.5 0.0 16.25 9999999959.3663
0.0 0.0 0.0 16.25 9999999965.222301
0.0 2.5 0.0 16.25 9999999944.5928
0.0 5.0 0.0 16.25 9999999973.3188
0.0 7.5 0.0 16.25 534269081.5797
0.0 10.0 0.0 16.25 9999999872.703402
0.0 -5.0 2.5 16.25 8.8628
0.0 -2.5 2.5 16.25 8301471.7473
0.0 0.0 2.5 16.25 55493330.3639
0.0 2.5 2.5 16.25 528258058.33
0.0 5.0 2.5 16.25 10000000070.058601
0.0 7.5 2.5 16.25 3753530848.2645
0.0 10.0 2.5 16.25 9999999983.2478
0.0 -5.0 5.0 16.25 49.437999999999995
0.0 -2.5 5.0 16.25 9999999968.706202
0.0 0.0 5.0 16.25 494679.1355
0.0 2.5 5.0 16.25 9999999956.1567
0.0 5.0 5.0 16.25 4561052199.529301
0.0 7.5 5.0 16.25 1117184006.7646
0.0 10.0 5.0 16.25 12175887.189299999
60.0 -5.0 -10.0 3.75 17134524.773000002
60.0 -2.5 -10.0 3.75 10000000074.067701
60.0 0.0 -10.0 3.75 9999999666.044601
60.0 2.5 -10.0 3.75 10000000192.8532
60.0 5.0 -10.0 3.75 10000000018.7215
60.0 7.5 -10.0 3.75 9999999967.3813
60.0 10.0 -10.0 3.75 683698.3301
60.0 -5.0 -7.5 3.75 9999999989.5774
60.0 -2.5 -7.5 3.75 10000000346.153
60.0 0.0 -7.5 3.75 10000000362.415401
60.0 2.5 -7.5 3.75 9999999892.1483
60.0 5.0 -7.5 3.75 9999999651.799002
60.0 7.5 -7.5 3.75 9999999453.3703
60.0 10.0 -7.5 3.75 9999999957.3213
60.0 -5.0 -5.0 3.75 10000000033.731401
60.0 -2.5 -5.0 3.75 9999999923.5377
60.0 0.0 -5.0 3.75 10000000167.0172
60.0 2.5 -5.0 3.75 9999999822.112902
60.0 5.0 -5.0 3.75 10000000300.6196
60.0 7.5 -5.0 3.75 7109968450.973599
60.0 10.0 -5.0 3.75 1333752313.88
60.0 -5.0 -2.5 3.75 6955768170.9628
60.0 -2.5 -2.5 3.75 9999999871.8964
60.0 0.0 -2.5 3.75 9999999951.4776
60.0 2.5 -2.5 3.75 9999999882.163502
60.0 5.0 -2.5 3.75 9999999759.058
60.0 7.5 -2.5 3.75 10000000145.018002
60.0 10.0 -2.5 3.75 10000000193.4864
60.0 -5.0 0.0 3.75 9999999941.805601
60.0 -2.5 0.0 3.75 9999999998.022501
60.0 0.0 0.0 3.75 10000000285.4634
60.0 2.5 0.0 3.75 10000000048.766602
60.0 5.0 0.0 3.75 10000000499.337
60.0 7.5 0.0 3.75 10000000053.021502
60.0 10.0 0.0 3.75 1775518025.8643
60.0 -5.0 2.5 3.75 9999999949.3768
60.0 -2.5 2.5 3.75 9999999820.586401
60.0 0.0 2.5 3.75 9999999918.257301
60.0 2.5 2.5 3.75 10000000057.063002
60.0 5.0 2.5 3.75 10000000030.208
60.0 7.5 2.5 3.75 10000000126.0617
60.0 10.0 2.5 3.75 10000000101.211802
60.0 -5.0 5.0 3.75 8314622.9773
60.0 -2.5 5.0 3.75 3312239590.1801
60.0 0.0 5.0 3.75 10000000134.4494
60.0 2.5 5.0 3.75 9999999804.9367
60.0 5.0 5.0 3.75 9999999676.811
60.0 7.5 5.0 3.75 10000000324.509401
60.0 10.0 5.0 3.75 9999999908.6298
60.0 0.0 -2.5 6.25 9999999668.244501
60.0 0.0 2.5 6.25 10000000006.1818
60.0 5.0 -7.5 7.5 6277469014.7793
60.0 0.0 -5.0 7.5 9999999896.3414
60.0 0.0 -2.5 7.5 10000000199.259
60.0 -2.5 0.0 7.5 10000000033.7276
60.0 0.0 0.0 7.5 9999999888.9002
60.0 -2.5 2.5 7.5 10000000005.9104
60.0 0.0 2.5 7.5 10000000140.513102
60.0 0.0 -7.5 8.75 9999999811.731
60.0 0.0 -5.0 8.75 8208252231.9318
60.0 2.5 -5.0 8.75 9999999687.678501
60.0 0.0 -2.5 8.75 9999999929.2432
60.0 -2.5 0.0 8.75 9999999991.5781
60.0 0.0 0.0 8.75 9999999880.0244
60.0 -2.5 2.5 8.75 10000000074.593
60.0 0.0 2.5 8.75 5185662822.8054
60.0 2.5 2.5 8.75 9999999958.5121
60.0 -5.0 5.0 8.75 636034.3016
60.0 -2.5 5.0 8.75 10000000037.558401
60.0 0.0 5.0 8.75 10000000113.049702
60.0 0.0 -10.0 10.0 1766731871.813
60.0 0.0 -7.5 10.0 9999999878.073502
60.0 2.5 -7.5 10.0 9999999990.932901
60.0 5.0 -7.5 10.0 9999999893.258202
60.0 0.0 -5.0 10.0 10000000223.228102
60.0 2.5 -5.0 10.0 9999999852.866701
60.0 0.0 -2.5 10.0 3101810418.3556004
60.0 -2.5 0.0 10.0 10000000040.1401
60.0 0.0 0.0 10.0 10000000203.076801
60.0 -5.0 2.5 10.0 979443475.0198001
60.0 -2.5 2.5 10.0 7966391115.9536
60.0 0.0 2.5 10.0 9999999726.8405
60.0 2.5 2.5 10.0 10000000112.5118
60.0 -2.5 5.0 10.0 3791778056.4241
60.0 0.0 5.0 10.0 10000000184.0214
60.0 2.5 5.0 10.0 10000000009.0764
60.0 0.0 -10.0 11.25 9999999934.496601
60.0 7.5 -10.0 11.25 9999999925.293701
60.0 10.0 -10.0 11.25 21986069.5967
60.0 -2.5 -7.5 11.25 1054052206.0673001
60.0 0.0 -7.5 11.25 2535345378.0357003
60.0 2.5 -7.5 11.25 9999999993.928701
60.0 5.0 -7.5 11.25 10000000163.440102
60.0 7.5 -7.5 11.25 9532007150.308
60.0 10.0 -7.5 11.25 9999999923.7999
60.0 0.0 -5.0 11.25 10000000038.0634
60.0 2.5 -5.0 11.25 10000000022.4195
60.0 0.0 -2.5 11.25 9999999967.343601
60.0 -2.5 0.0 11.25 668829951.9074
60.0 0.0 0.0 11.25 9999999927.457401
60.0 2.5 0.0 11.25 9999999788.7562
60.0 -5.0 2.5 11.25 10000000098.3381
60.0 -2.5 2.5 11.25 83523994.6332
60.0 0.0 2.5 11.25 9999999936.952301
60.0 2.5 2.5 11.25 9999999878.855701
60.0 -5.0 5.0 11.25 9999999934.101301
60.0 -2.5 5.0 11.25 735913445.005
60.0 0.0 5.0 11.25 9999999902.572102
60.0 2.5 5.0 11.25 10000000069.708801
60.0 5.0 5.0 11.25 10000000053.6921
60.0 0.0 -10.0 12.5 1727144518.7903998
60.0 2.5 -10.0 12.5 10000000027.472502
60.0 5.0 -10.0 12.5 10000000039.4741
60.0 7.5 -10.0 12.5 8379852031.976999
60.0 10.0 -10.0 12.5 2046109719.2615001
60.0 -2.5 -7.5 12.5 901783028.9295
60.0 0.0 -7.5 12.5 4611235001.303
60.0 2.5 -7.5 12.5 9999999845.707901
60.0 5.0 -7.5 12.5 10000000084.4528
60.0 7.5 -7.5 12.5 2485605952.5446
60.0 10.0 -7.5 12.5 717233503.069
60.0 -5.0 -5.0 12.5 2778.8223
60.0 -2.5 -5.0 12.5 125198748.9492
60.0 0.0 -5.0 12.5 10000000079.902102
60.0 2.5 -5.0 12.5 10000000024.4713
60.0 -2.5 -2.5 12.5 11652180.3995
60.0 0.0 -2.5 12.5 9999999897.602402
60.0 5.0 -2.5 12.5 10000000049.002201
60.0 -5.0 0.0 12.5 2304945.7612
60.0 -2.5 0.0 12.5 177107571.3509
60.0 0.0 0.0 12.5 9999999909.922201
60.0 2.5 0.0 12.5 1171919879.4758
60.0 -5.0 2.5 12.5 10000000009.556501
60.0 -2.5 2.5 12.5 10000000057.935501
60.0 0.0 2.5 12.5 10000000190.167702
60.0 2.5 2.5 12.5 10000000140.342402
60.0 -5.0 5.0 12.5 6008132235.650101
60.0 -2.5 5.0 12.5 1681563733.8339999
60.0 0.0 5.0 12.5 6357821151.2164
60.0 2.5 5.0 12.5 10000000057.0632
60.0 5.0 5.0 12.5 10000000208.5631
60.0 -2.5 -10.0 13.75 726727187.1122
60.0 0.0 -10.0 13.75 10000000042.009602
60.0 2.5 -10.0 13.75 1732740591.108
60.0 5.0 -10.0 13.75 118718004.3898
60.0 7.5 -10.0 13.75 9999999902.128801
60.0 10.0 -10.0 13.75 228056595.51560003
60.0 -2.5 -7.5 13.75 32053205.515499998
60.0 0.0 -7.5 13.75 9999999985.021
60.0 2.5 -7.5 13.75 9999999789.0722
60.0 5.0 -7.5 13.75 5018714158.4854
60.0 7.5 -7.5 13.75 10000000132.690102
60.0 10.0 -7.5 13.75 42341735.7768
60.0 -5.0 -5.0 13.75 9999999993.5597
60.0 -2.5 -5.0 13.75 734692410.3776001
60.0 0.0 -5.0 13.75 9999999892.6636
60.0 2.5 -5.0 13.75 10000000172.2285
60.0 5.0 -5.0 13.75 10000000224.8829
60.0 7.5 -5.0 13.75 9999999957.944101
60.0 10.0 -5.0 13.75 10000000079.9556
60.0 -5.0 -2.5 13.75 1248.2055
60.0 -2.5 -2.5 13.75 4704689.3481
60.0 0.0 -2.5 13.75 348415982.69159997
60.0 2.5 -2.5 13.75 10000000466.03
60.0 5.0 -2.5 13.75 10000000013.1909
60.0 7.5 -2.5 13.75 4206480628.5586
60.0 -5.0 0.0 13.75 5966874402.5983
60.0 -2.5 0.0 13.75 462563771.2313
60.0 0.0 0.0 13.75 4379248931.321099
60.0 2.5 0.0 13.75 530885539.171
60.0 5.0 0.0 13.75 10000000224.5323
60.0 -5.0 2.5 13.75 276034629.4469
60.0 -2.5 2.5 13.75 646384524.0105
60.0 0.0 2.5 13.75 9999999873.766
60.0 2.5 2.5 13.75 10000000238.521301
60.0 -5.0 5.0 13.75 9922860.1148
60.0 -2.5 5.0 13.75 1604756172.7035
60.0 0.0 5.0 13.75 10000000454.9785
60.0 2.5 5.0 13.75 399218973.5392
60.0 5.0 5.0 13.75 10000000048.9449
60.0 -5.0 -10.0 15.0 94.9105
60.0 -2.5 -10.0 15.0 9999999937.7105
60.0 0.0 -10.0 15.0 314141853.7257
60.0 2.5 -10.0 15.0 771090138.1534
60.0 5.0 -10.0 15.0 34839246.5437
60.0 7.5 -10.0 15.0 10000000012.8015
60.0 10.0 -10.0 15.0 1425324648.858
60.0 -5.0 -7.5 15.0 3861.4658
60.0 -2.5 -7.5 15.0 1277171.4135
60.0 0.0 -7.5 15.0 3468604.2085
60.0 2.5 -7.5 15.0 9999999882.674702
60.0 5.0 -7.5 15.0 9999999854.4055
60.0 7.5 -7.5 15.0 9999999853.368801
60.0 10.0 -7.5 15.0 10000000187.8386
60.0 -5.0 -5.0 15.0 9999999988.2731
60.0 -2.5 -5.0 15.0 4106295963.2577
60.0 0.0 -5.0 15.0 9999999872.8321
60.0 2.5 -5.0 15.0 10000000071.6832
60.0 5.0 -5.0 15.0 9999999723.2075
60.0 7.5 -5.0 15.0 9999999834.808401
60.0 10.0 -5.0 15.0 129618751.0045
60.0 -5.0 -2.5 15.0 7810.2
60.0 -2.5 -2.5 15.0 89421477.1044
60.0 0.0 -2.5 15.0 10000000131.248201
60.0 2.5 -2.5 15.0 10000000093.757
60.0 5.0 -2.5 15.0 8014281878.8974
60.0 7.5 -2.5 15.0 9999999946.686201
60.0 10.0 -2.5 15.0 9999999897.2257
60.0 -5.0 0.0 15.0 10000000077.937801
60.0 -2.5 0.0 15.0 9999999953.3567
60.0 0.0 0.0 15.0 9999999925.3575
60.0 2.5 0.0 15.0 10000000044.6369
60.0 5.0 0.0 15.0 9999999870.179201
60.0 7.5 0.0 15.0 10000000062.850801
60.0 10.0 0.0 15.0 9999999894.9241
60.0 -5.0 2.5 15.0 436371.353
60.0 -2.5 2.5 15.0 261005074.7131
60.0 0.0 2.5 15.0 2091035201.7854002
60.0 2.5 2.5 15.0 9999999900.5555
60.0 5.0 2.5 15.0 10000000037.505701
60.0 7.5 2.5 15.0 10000000188.558102
60.0 10.0 2.5 15.0 10000000178.567501
60.0 -5.0 5.0 15.0 3016.6917
60.0 -2.5 5.0 15.0 432103689.4899
60.0 0.0 5.0 15.0 9999999916.141
60.0 2.5 5.0 15.0 1325494784.4034002
60.0 5.0 5.0 15.0 1081966409.0367
60.0 -5.0 -10.0 16.25 44.8647
60.0 -2.5 -10.0 16.25 173448587.2569
60.0 0.0 -10.0 16.25 311141791.79749995
60.0 2.5 -10.0 16.25 23244119.0129
60.0 5.0 -10.0 16.25 10000000058.1835
60.0 7.5 -10.0 16.25 10000000005.6534
60.0 10.0 -10.0 16.25 122195.44260000001
60.0 -5.0 -7.5 16.25 3591.5982
60.0 -2.5 -7.5 16.25 28439840.137599997
60.0 0.0 -7.5 16.25 12943357.9823
60.0 2.5 -7.5 16.25 6698528885.267099
60.0 5.0 -7.5 16.25 1136914835.7804
60.0 7.5 -7.5 16.25 9999999932.803501
60.0 10.0 -7.5 16.25 2617261.684
60.0 -5.0 -5.0 16.25 9999999786.193201
60.0 -2.5 -5.0 16.25 9999999940.011301
60.0 0.0 -5.0 16.25 1571825515.1827
60.0 2.5 -5.0 16.25 398543798.55700004
60.0 5.0 -5.0 16.25 815930866.8195
60.0 7.5 -5.0 16.25 9999999979.503801
60.0 10.0 -5.0 16.25 10000000002.137001
60.0 -5.0 -2.5 16.25 8185.9581
60.0 -2.5 -2.5 16.25 4614738633.8145
60.0 0.0 -2.5 16.25 10000000016.1331
60.0 2.5 -2.5 16.25 9999999925.1886
60.0 5.0 -2.5 16.25 9999999865.4374
60.0 7.5 -2.5 16.25 9999999994.8834
60.0 10.0 -2.5 16.25 9999999983.9036
60.0 -5.0 0.0 16.25 512356242.5451
60.0 -2.5 0.0 16.25 61222230.2965
60.0 0.0 0.0 16.25 9999999958.199701
60.0 2.5 0.0 16.25 9999999910.0025
60.0 5.0 0.0 16.25 771306616.8928
60.0 7.5 0.0 16.25 9999999844.7287
60.0 10.0 0.0 16.25 75414770.247
60.0 -5.0 2.5 16.25 1012.8378
60.0 -2.5 2.5 16.25 211579.7476
60.0 0.0 2.5 16.25 43032581.4396
60.0 2.5 2.5 16.25 36160464.7688
60.0 5.0 2.5 16.25 23895934.7271
60.0 7.5 2.5 16.25 9999999837.6522
60.0 10.0 2.5 16.25 10000000006.135801
60.0 -5.0 5.0 16.25 215.2537
60.0 -2.5 5.0 16.25 48574672.9929
60.0 0.0 5.0 16.25 4809100326.219999
60.0 2.5 5.0 16.25 45858981.541099995
60.0 5.0 5.0 16.25 9999999949.5905
60.0 7.5 5.0 16.25 289589315.93079996
60.0 10.0 5.0 16.25 3661860.4852
120.0 -5.0 -10.0 3.75 6109117.9197
120.0 -2.5 -10.0 3.75 3549435865.4007
120.0 0.0 -10.0 3.75 10000000059.598902
120.0 2.5 -10.0 3.75 10000000232.559502
120.0 5.0 -10.0 3.75 10000000100.098701
120.0 7.5 -10.0 3.75 10000000233.369001
120.0 10.0 -10.0 3.75 10000000034.931301
120.0 -5.0 -7.5 3.75 10000000058.9911
120.0 -2.5 -7.5 3.75 10000000127.3036
120.0 0.0 -7.5 3.75 10000000137.321201
120.0 2.5 -7.5 3.75 10000000105.3952
120.0 5.0 -7.5 3.75 10000000060.6156
120.0 7.5 -7.5 3.75 10000000243.714901
120.0 10.0 -7.5 3.75 9999999860.258501
120.0 -5.0 -5.0 3.75 9999999894.169601
120.0 -2.5 -5.0 3.75 9999999962.470701
120.0 0.0 -5.0 3.75 10000000156.0112
120.0 2.5 -5.0 3.75 10000000059.155401
120.0 5.0 -5.0 3.75 9999999763.5128
120.0 7.5 -5.0 3.75 10000000338.7296
120.0 10.0 -5.0 3.75 9999999833.8882
120.0 -5.0 -2.5 3.75 9999999855.783901
120.0 -2.5 -2.5 3.75 9999999680.1511
120.0 0.0 -2.5 3.75 9999999963.8342
120.0 2.5 -2.5 3.75 10000000229.590801
120.0 5.0 -2.5 3.75 9999999959.5827
120.0 7.5 -2.5 3.75 10000000095.667501
120.0 10.0 -2.5 3.75 9999999902.405901
120.0 -5.0 0.0 3.75 9999999965.7858
120.0 -2.5 0.0 3.75 10000000072.147202
120.0 0.0 0.0 3.75 10000000280.2117
120.0 2.5 0.0 3.75 9999999872.3129
120.0 5.0 0.0 3.75 9999999876.3246
120.0 7.5 0.0 3.75 10000000134.2455
120.0 10.0 0.0 3.75 9999999998.3577
120.0 -5.0 2.5 3.75 10000000001.1443
120.0 -2.5 2.5 3.75 9999999937.0037
120.0 0.0 2.5 3.75 5445241583.5647
120.0 2.5 2.5 3.75 10000000010.1471
120.0 5.0 2.5 3.75 9999999890.0865
120.0 7.5 2.5 3.75 10000000103.309301
120.0 10.0 2.5 3.75 10000000173.543201
120.0 -5.0 5.0 3.75 10000000094.195501
120.0 -2.5 5.0 3.75 8692810715.444601
120.0 0.0 5.0 3.75 9999999499.674501
120.0 2.5 5.0 3.75 9999999854.0375
120.0 5.0 5.0 3.75 2406754436.8496
120.0 7.5 5.0 3.75 1655966678.0417
120.0 10.0 5.0 3.75 9999999992.3714
120.0 -2.5 0.0 5.0 10000000113.3911
120.0 -2.5 2.5 5.0 2471526792.3381
120.0 0.0 -2.5 6.25 10000000147.171701
120.0 -2.5 0.0 6.25 9999999887.2604
120.0 -2.5 2.5 6.25 9999999946.9048
120.0 -2.5 5.0 6.25 10000000149.107101
120.0 0.0 -7.5 7.5 4132328164.7469
120.0 -2.5 -5.0 7.5 10000000157.698801
120.0 0.0 -5.0 7.5 9999999784.962
120.0 -2.5 -2.5 7.5 9999999935.3019
120.0 0.0 -2.5 7.5 10000000072.157902
120.0 -2.5 0.0 7.5 10000000149.3924
120.0 -2.5 2.5 7.5 1335898105.8852
120.0 0.0 2.5 7.5 10000000011.378601
120.0 -2.5 5.0 7.5 2216158084.0144
120.0 0.0 -7.5 8.75 10000000026.0459
120.0 -2.5 -5.0 8.75 10000000117.691
120.0 0.0 -5.0 8.75 9999999978.599602
120.0 2.5 -5.0 8.75 2540297706.5539002
120.0 -2.5 -2.5 8.75 9999999825.813702
120.0 0.0 -2.5 8.75 6762671127.3263
120.0 -2.5 0.0 8.75 10000000145.9517
120.0 0.0 0.0 8.75 10000000129.4862
120.0 -2.5 2.5 8.75 9999999952.1334
120.0 0.0 2.5 8.75 10000000105.2395
120.0 -5.0 5.0 8.75 3293759794.3416996
120.0 -2.5 5.0 8.75 1852116741.5623
120.0 0.0 -7.5 10.0 9999999887.5035
120.0 2.5 -7.5 10.0 10000000225.480001
120.0 -2.5 -5.0 10.0 9999999979.161901
120.0 0.0 -5.0 10.0 10000000113.0993
120.0 2.5 -5.0 10.0 2462271748.2411
120.0 -2.5 -2.5 10.0 10000000042.910002
120.0 0.0 -2.5 10.0 10000000391.933102
120.0 -2.5 0.0 10.0 9585091012.1394
120.0 0.0 0.0 10.0 10000000048.6028
120.0 -2.5 2.5 10.0 10000000046.263601
120.0 0.0 2.5 10.0 10000000116.0555
120.0 2.5 2.5 10.0 9999999845.5217
120.0 -5.0 5.0 10.0 10000000034.9736
120.0 -2.5 5.0 10.0 9999999709.347502
120.0 0.0 5.0 10.0 10000000042.728601
120.0 0.0 -10.0 11.25 420834413.4847
120.0 2.5 -10.0 11.25 10000000122.861301
120.0 5.0 -10.0 11.25 9999999906.030901
120.0 7.5 -10.0 11.25 105299984.4665
120.0 0.0 -7.5 11.25 10000000047.9836
120.0 2.5 -7.5 11.25 10000000027.0611
120.0 5.0 -7.5 11.25 9999999959.5676
120.0 -2.5 -5.0 11.25 126693475.6743
120.0 0.0 -5.0 11.25 9999999988.666801
120.0 2.5 -5.0 11.25 5161574103.3393
120.0 -5.0 -2.5 11.25 181006301.5479
120.0 -2.5 -2.5 11.25 9999999982.7775
120.0 0.0 -2.5 11.25 9999999947.300001
120.0 -5.0 0.0 11.25 6062825.4399999995
120.0 -2.5 0.0 11.25 10000000182.925701
120.0 0.0 0.0 11.25 201586718.0556
120.0 2.5 0.0 11.25 10000000037.0828
120.0 5.0 0.0 11.25 10000000197.620602
120.0 -5.0 2.5 11.25 10000000010.0631
120.0 -2.5 2.5 11.25 10000000167.2835
120.0 0.0 2.5 11.25 9999999975.428701
120.0 2.5 2.5 11.25 10000000029.6205
120.0 -5.0 5.0 11.25 9423448.9395
120.0 -2.5 5.0 11.25 10000000058.289902
120.0 0.0 5.0 11.25 10000000061.2168
120.0 2.5 5.0 11.25 10000000149.6128
120.0 -5.0 -10.0 12.5 1078.3923
120.0 0.0 -10.0 12.5 1560850944.702
120.0 2.5 -10.0 12.5 10000000047.0119
120.0 5.0 -10.0 12.5 1902143634.638
120.0 7.5 -10.0 12.5 111167792.7491
120.0 10.0 -10.0 12.5 1623291592.3276
120.0 -2.5 -7.5 12.5 2680424401.1432
120.0 0.0 -7.5 12.5 10000000032.1681
120.0 2.5 -7.5 12.5 10000000135.0951
120.0 5.0 -7.5 12.5 9999999932.932402
120.0 -2.5 -5.0 12.5 74359.3845
120.0 0.0 -5.0 12.5 9999999965.9269
120.0 2.5 -5.0 12.5 1762712002.5475001
120.0 -5.0 -2.5 12.5 6336168.1048
120.0 -2.5 -2.5 12.5 10000000028.7448
120.0 0.0 -2.5 12.5 3068711182.6342998
120.0 -5.0 0.0 12.5 587897.2014
120.0 -2.5 0.0 12.5 9999999924.1075
120.0 0.0 0.0 12.5 10000000234.3939
120.0 2.5 0.0 12.5 6813960852.7719
120.0 5.0 0.0 12.5 10000000173.9358
120.0 -5.0 2.5 12.5 10000000096.6159
120.0 -2.5 2.5 12.5 10000000003.119001
120.0 0.0 2.5 12.5 9999999870.148401
120.0 2.5 2.5 12.5 10000000132.7012
120.0 5.0 2.5 12.5 9999999974.079401
120.0 -5.0 5.0 12.5 39746.181599999996
120.0 -2.5 5.0 12.5 10000000033.8477
120.0 0.0 5.0 12.5 10000000005.5629
120.0 2.5 5.0 12.5 9999999906.9013
120.0 5.0 5.0 12.5 2218050492.1937
120.0 7.5 5.0 12.5 9999999897.794
120.0 -5.0 -10.0 13.75 8.435500000000001
120.0 -2.5 -10.0 13.75 178163.6469
120.0 0.0 -10.0 13.75 3520562519.9396996
120.0 2.5 -10.0 13.75 9999999990.0107
120.0 5.0 -10.0 13.75 9999999936.1994
120.0 7.5 -10.0 13.75 3859362.3705
120.0 10.0 -10.0 13.75 182820500.6778
120.0 -2.5 -7.5 13.75 52499439.525000006
120.0 0.0 -7.5 13.75 288887429.6656
120.0 2.5 -7.5 13.75 10000000016.2324
120.0 5.0 -7.5 13.75 10000000060.481201
120.0 7.5 -7.5 13.75 6870018249.216
120.0 10.0 -7.5 13.75 10000000094.8829
120.0 -5.0 -5.0 13.75 22723.470599999997
120.0 -2.5 -5.0 13.75 362475.6049
120.0 0.0 -5.0 13.75 2707721468.0191
120.0 2.5 -5.0 13.75 10000000121.4881
120.0 -5.0 -2.5 13.75 10000000007.134901
120.0 -2.5 -2.5 13.75 10000000024.069601
120.0 0.0 -2.5 13.75 10000000073.859402
120.0 2.5 -2.5 13.75 9999999734.3363
120.0 -5.0 0.0 13.75 120997.557
120.0 -2.5 0.0 13.75 9999999983.4228
120.0 0.0 0.0 13.75 338107214.5854
120.0 2.5 0.0 13.75 10000000106.8707
120.0 -5.0 2.5 13.75 303747427.1045
120.0 -2.5 2.5 13.75 9999999974.0842
120.0 0.0 2.5 13.75 6265162603.1767
120.0 2.5 2.5 13.75 4643454758.5574
120.0 5.0 2.5 13.75 9999999853.9016
120.0 7.5 2.5 13.75 9999999949.345201
120.0 -5.0 5.0 13.75 899062.7673
120.0 -2.5 5.0 13.75 2470154285.0477004
120.0 0.0 5.0 13.75 9999999961.756102
120.0 2.5 5.0 13.75 10000000149.1921
120.0 5.0 5.0 13.75 9999999977.127401
120.0 7.5 5.0 13.75 10000000159.019901
120.0 -5.0 -10.0 15.0 14.8779
120.0 -2.5 -10.0 15.0 421434144.1174
120.0 0.0 -10.0 15.0 266750604.5214
120.0 2.5 -10.0 15.0 9999999987.8229
120.0 5.0 -10.0 15.0 9999999969.4801
120.0 7.5 -10.0 15.0 98193793.62490001
120.0 10.0 -10.0 15.0 9999999943.479801
120.0 -5.0 -7.5 15.0 328.891
120.0 -2.5 -7.5 15.0 14139921.2206
120.0 0.0 -7.5 15.0 9372312739.8652
120.0 2.5 -7.5 15.0 9999999927.888
120.0 5.0 -7.5 15.0 10000000002.842701
120.0 7.5 -7.5 15.0 9999999975.5575
120.0 10.0 -7.5 15.0 859640791.8003
120.0 -5.0 -5.0 15.0 4769.6309
120.0 -2.5 -5.0 15.0 427967587.9583
120.0 0.0 -5.0 15.0 1311883817.2451
120.0 2.5 -5.0 15.0 9999999892.059801
120.0 5.0 -5.0 15.0 9999999926.9857
120.0 7.5 -5.0 15.0 9999999916.9179
120.0 10.0 -5.0 15.0 2211780592.6538
120.0 -5.0 -2.5 15.0 16700752.7993
120.0 -2.5 -2.5 15.0 6580194.237899999
120.0 0.0 -2.5 15.0 521584331.5965
120.0 2.5 -2.5 15.0 9999999953.7429
120.0 5.0 -2.5 15.0 10000000079.7833
120.0 7.5 -2.5 15.0 10000000064.251202
120.0 10.0 -2.5 15.0 9999999940.135
120.0 -5.0 0.0 15.0 58493.2353
120.0 -2.5 0.0 15.0 10000000072.5662
120.0 0.0 0.0 15.0 3006654607.9393997
120.0 2.5 0.0 15.0 10000000185.5976
120.0 5.0 0.0 15.0 9999999980.1331
120.0 10.0 0.0 15.0 10000000035.9717
120.0 -5.0 2.5 15.0 4237518.164100001
120.0 -2.5 2.5 15.0 553251263.0034001
120.0 0.0 2.5 15.0 10000000017.353401
120.0 2.5 2.5 15.0 1771667927.5441
120.0 5.0 2.5 15.0 10000000032.924501
120.0 7.5 2.5 15.0 9999999934.5433
120.0 10.0 2.5 15.0 147046712.203
120.0 -5.0 5.0 15.0 13091.4018
120.0 -2.5 5.0 15.0 10000000027.0303
120.0 0.0 5.0 15.0 9999999969.174501
120.0 2.5 5.0 15.0 10000000124.464401
120.0 5.0 5.0 15.0 101415287.6367
120.0 7.5 5.0 15.0 730278131.4517
120.0 10.0 5.0 15.0 15793151.3187
120.0 -5.0 -10.0 16.25 15.3158
120.0 -2.5 -10.0 16.25 816198657.1457
120.0 0.0 -10.0 16.25 64335482.149900004
120.0 2.5 -10.0 16.25 197603699.01389998
120.0 5.0 -10.0 16.25 9999999583.6256
120.0 7.5 -10.0 16.25 58519423.8714
120.0 10.0 -10.0 16.25 99309489.36299999
120.0 -5.0 -7.5 16.25 3307.2466
120.0 -2.5 -7.5 16.25 52028.2234
120.0 0.0 -7.5 16.25 7551738849.8321
120.0 2.5 -7.5 16.25 9999999999.0832
120.0 5.0 -7.5 16.25 9999999823.400501
120.0 7.5 -7.5 16.25 9999999932.0417
120.0 10.0 -7.5 16.25 58195314.9826
120.0 -5.0 -5.0 16.25 23693793.497399997
120.0 -2.5 -5.0 16.25 10000000013.922901
120.0 0.0 -5.0 16.25 9999999937.4178
120.0 2.5 -5.0 16.25 9999999740.5153
120.0 5.0 -5.0 16.25 10000000214.4377
120.0 7.5 -5.0 16.25 10000000011.5021
120.0 10.0 -5.0 16.25 9999999966.256601
120.0 -5.0 -2.5 16.25 10427.7303
120.0 -2.5 -2.5 16.25 493240.4588
120.0 0.0 -2.5 16.25 10000000148.720701
120.0 2.5 -2.5 16.25 10000000000.735802
120.0 5.0 -2.5 16.25 4592748535.507501
120.0 7.5 -2.5 16.25 9999999926.569801
120.0 10.0 -2.5 16.25 10000000006.594702
120.0 -5.0 0.0 16.25 701528.7006999999
120.0 -2.5 0.0 16.25 1338299874.6044
120.0 0.0 0.0 16.25 10000000017.046501
120.0 2.5 0.0 16.25 10000000105.174702
120.0 5.0 0.0 16.25 10000000171.6508
120.0 7.5 0.0 16.25 10000000020.2998
120.0 10.0 0.0 16.25 9999999912.6651
120.0 -5.0 2.5 16.25 19259.896200000003
120.0 -2.5 2.5 16.25 4304366.5593
120.0 0.0 2.5 16.25 9999999967.2849
120.0 2.5 2.5 16.25 10000000164.952301
120.0 5.0 2.5 16.25 9999999841.8327
120.0 7.5 2.5 16.25 10000000048.851702
120.0 10.0 2.5 16.25 167654187.5615
120.0 -5.0 5.0 16.25 1647.1091999999999
120.0 -2.5 5.0 16.25 171292130.0312
120.0 0.0 5.0 16.25 98931272.22680001
120.0 2.5 5.0 16.25 10000000108.2966
120.0 5.0 5.0 16.25 10000000047.319101
120.0 7.5 5.0 16.25 1834315.1839
120.0 10.0 5.0 16.25 10000000023.018501
180.0 -5.0 -10.0 3.75 1452279751.8074
180.0 -2.5 -10.0 3.75 9999999632.900702
180.0 0.0 -10.0 3.75 8184436248.487499
180.0 2.5 -10.0 3.75 9999999971.2754
180.0 5.0 -10.0 3.75 10000000079.6725
180.0 7.5 -10.0 3.75 9999999964.258501
180.0 10.0 -10.0 3.75 13035472.9255
180.0 -5.0 -7.5 3.75 692367197.8851
180.0 -2.5 -7.5 3.75 10000000114.5828
180.0 0.0 -7.5 3.75 10000000329.9501
180.0 2.5 -7.5 3.75 9999999778.338701
180.0 5.0 -7.5 3.75 9999999886.6844
180.0 7.5 -7.5 3.75 9999999914.9265
180.0 10.0 -7.5 3.75 10000000050.520802
180.0 -5.0 -5.0 3.75 9999999989.1256
180.0 -2.5 -5.0 3.75 9999999836.6369
180.0 0.0 -5.0 3.75 9999999811.4382
180.0 2.5 -5.0 3.75 10000000009.965601
180.0 5.0 -5.0 3.75 9999999837.689402
180.0 7.5 -5.0 3.75 10000000116.9888
180.0 10.0 -5.0 3.75 10000000181.8236
180.0 -5.0 -2.5 3.75 10000000097.370602
180.0 -2.5 -2.5 3.75 9999999798.6623
180.0 0.0 -2.5 3.75 10000000221.1105
180.0 2.5 -2.5 3.75 9999999993.065
180.0 5.0 -2.5 3.75 10000000201.8537
180.0 7.5 -2.5 3.75 10000000064.0984
180.0 10.0 -2.5 3.75 10000000014.767302
180.0 -5.0 0.0 3.75 9999999853.5301
180.0 -2.5 0.0 3.75 10000000051.160002
180.0 0.0 0.0 3.75 3822661575.5107
180.0 2.5 0.0 3.75 9999999926.198
180.0 5.0 0.0 3.75 10000000070.735
180.0 7.5 0.0 3.75 10000000008.2784
180.0 10.0 0.0 3.75 10000000071.5785
180.0 -5.0 2.5 3.75 1011367993.4376999
180.0 -2.5 2.5 3.75 10000000018.0407
180.0 0.0 2.5 3.75 1363052340.8829
180.0 2.5 2.5 3.75 9999999911.729
180.0 5.0 2.5 3.75 9999999945.845701
180.0 7.5 2.5 3.75 9999999919.957901
180.0 10.0 2.5 3.75 10000000247.438702
180.0 -5.0 5.0 3.75 9999999633.4612
180.0 -2.5 5.0 3.75 10000000004.032701
180.0 0.0 5.0 3.75 9999999881.9475
180.0 2.5 5.0 3.75 9999999957.482801
180.0 5.0 5.0 3.75 10000000302.494202
180.0 7.5 5.0 3.75 9999999606.601501
180.0 10.0 5.0 3.75 10000000002.166101
180.0 -2.5 2.5 5.0 9999999970.2831
180.0 -2.5 -2.5 6.25 10000000296.0804
180.0 -2.5 0.0 6.25 9999999951.118301
180.0 -2.5 -2.5 7.5 2669637561.2893996
180.0 -2.5 0.0 7.5 6580200999.3151
180.0 -2.5 2.5 7.5 9999999939.604801
180.0 0.0 2.5 7.5 10000000297.364302
180.0 2.5 2.5 7.5 9999999869.5244
180.0 2.5 -10.0 8.75 9999999959.031
180.0 -2.5 -7.5 8.75 9999999898.310001
180.0 2.5 -7.5 8.75 9999999897.5601
180.0 5.0 -7.5 8.75 9999999920.165901
180.0 -5.0 -5.0 8.75 10000000056.1933
180.0 -2.5 -5.0 8.75 3064169448.9670997
180.0 -5.0 -2.5 8.75 10000000005.770401
180.0 -2.5 -2.5 8.75 9821750952.6451
180.0 0.0 -2.5 8.75 9999999851.5034
180.0 -5.0 0.0 8.75 10000000178.834501
180.0 -2.5 0.0 8.75 10000000130.645601
180.0 0.0 0.0 8.75 9999999867.055302
180.0 -5.0 2.5 8.75 10000000089.730202
180.0 -2.5 2.5 8.75 10000000153.3276
180.0 0.0 2.5 8.75 10000000024.1481
180.0 2.5 2.5 8.75 9999999977.8761
180.0 0.0 5.0 8.75 1221035542.8106
180.0 2.5 5.0 8.75 9999999795.0897
180.0 2.5 -10.0 10.0 2439692000.2198
180.0 -2.5 -7.5 10.0 10000000021.168701
180.0 0.0 -7.5 10.0 9999999937.387001
180.0 2.5 -7.5 10.0 9999999897.5263
180.0 5.0 -7.5 10.0 4293015673.1123
180.0 -5.0 -5.0 10.0 1917937.3406
180.0 -2.5 -5.0 10.0 10000000022.322802
180.0 0.0 -5.0 10.0 6949883521.926101
180.0 -5.0 -2.5 10.0 10000000003.6704
180.0 -2.5 -2.5 10.0 10000000078.4006
180.0 0.0 -2.5 10.0 10000000044.5428
180.0 -5.0 0.0 10.0 8240304852.6811
180.0 -2.5 0.0 10.0 9999999914.475101
180.0 0.0 0.0 10.0 10000000429.5569
180.0 -5.0 2.5 10.0 310938027.9158
180.0 -2.5 2.5 10.0 9999999691.543001
180.0 0.0 2.5 10.0 10000000022.084002
180.0 2.5 2.5 10.0 10000000157.851301
180.0 -2.5 5.0 10.0 10000000057.9727
180.0 0.0 5.0 10.0 9999999949.0156
180.0 2.5 5.0 10.0 9999999864.1287
180.0 5.0 5.0 10.0 10000000011.7497
180.0 -2.5 -10.0 11.25 14167698.188
180.0 2.5 -10.0 11.25 5162985806.5275
180.0 5.0 -10.0 11.25 9999999988.9824
180.0 -2.5 -7.5 11.25 6748217998.5714
180.0 0.0 -7.5 11.25 442565894.7683
180.0 2.5 -7.5 11.25 9999999680.681501
180.0 5.0 -7.5 11.25 9999999939.7219
180.0 -5.0 -5.0 11.25 21847600.4065
180.0 -2.5 -5.0 11.25 10000000048.038
180.0 0.0 -5.0 11.25 10000000202.1643
180.0 -5.0 -2.5 11.25 273427547.0388
180.0 -2.5 -2.5 11.25 10000000150.0421
180.0 0.0 -2.5 11.25 5427551501.8621
180.0 -5.0 0.0 11.25 10000000086.538301
180.0 -2.5 0.0 11.25 807535943.677
180.0 0.0 0.0 11.25 9999999983.225302
180.0 -5.0 2.5 11.25 30886150.2679
180.0 -2.5 2.5 11.25 10000000200.5275
180.0 0.0 2.5 11.25 9999999930.8285
180.0 2.5 2.5 11.25 10000000093.4768
180.0 -5.0 5.0 11.25 9999999994.8584
180.0 -2.5 5.0 11.25 116981978.8913
180.0 0.0 5.0 11.25 1039961152.2564
180.0 2.5 5.0 11.25 9999999999.4519
180.0 5.0 5.0 11.25 9999999804.5347
180.0 7.5 5.0 11.25 1913939184.0706
180.0 -2.5 -10.0 12.5 11315503.941399999
180.0 0.0 -10.0 12.5 10000000133.2991
180.0 2.5 -10.0 12.5 8645677371.9744
180.0 5.0 -10.0 12.5 9999999976.2686
180.0 7.5 -10.0 12.5 640238522.3693
180.0 -2.5 -7.5 12.5 9999999989.8714
180.0 0.0 -7.5 12.5 64759421.2856
180.0 2.5 -7.5 12.5 10000000260.7682
180.0 5.0 -7.5 12.5 498581524.0722
180.0 -5.0 -5.0 12.5 101051.8279
180.0 -2.5 -5.0 12.5 10000000428.794102
180.0 0.0 -5.0 12.5 10000000269.3729
180.0 2.5 -5.0 12.5 9999999975.0055
180.0 5.0 -5.0 12.5 10000000142.149302
180.0 -5.0 -2.5 12.5 43680398.9669
180.0 -2.5 -2.5 12.5 9999999937.831701
180.0 0.0 -2.5 12.5 10000000050.1093
180.0 2.5 -2.5 12.5 3785246726.7308
180.0 5.0 -2.5 12.5 9999999814.1439
180.0 -5.0 0.0 12.5 9999999861.634901
180.0 -2.5 0.0 12.5 125500547.6282
180.0 0.0 0.0 12.5 9999999782.090601
180.0 2.5 0.0 12.5 4248585392.6915
180.0 -5.0 2.5 12.5 16356532.6108
180.0 -2.5 2.5 12.5 9999999871.537401
180.0 0.0 2.5 12.5 9999999820.923801
180.0 2.5 2.5 12.5 9999999547.9978
180.0 5.0 2.5 12.5 9999999962.983301
180.0 -5.0 5.0 12.5 10000000018.2637
180.0 -2.5 5.0 12.5 9999999958.0132
180.0 0.0 5.0 12.5 9999999918.0776
180.0 2.5 5.0 12.5 9999999910.970201
180.0 5.0 5.0 12.5 10000000009.7306
180.0 7.5 5.0 12.5 325606599.4349
180.0 10.0 5.0 12.5 339862075.6709
180.0 -5.0 -10.0 13.75 10491.617100000001
180.0 -2.5 -10.0 13.75 30756678.9716
180.0 0.0 -10.0 13.75 10000000011.4412
180.0 2.5 -10.0 13.75 9999999907.5056
180.0 5.0 -10.0 13.75 9999999970.8251
180.0 7.5 -10.0 13.75 10000000110.7745
180.0 -5.0 -7.5 13.75 15621040.5737
180.0 -2.5 -7.5 13.75 10000000122.366901
180.0 0.0 -7.5 13.75 106847473.95799999
180.0 2.5 -7.5 13.75 9999999826.560902
180.0 5.0 -7.5 13.75 1654259666.1783001
180.0 10.0 -7.5 13.75 2390297078.0513
180.0 -5.0 -5.0 13.75 2370334.7694
180.0 -2.5 -5.0 13.75 9999999906.963902
180.0 0.0 -5.0 13.75 1535311280.7438998
180.0 2.5 -5.0 13.75 9999999972.723501
180.0 5.0 -5.0 13.75 1773920175.4311
180.0 -5.0 -2.5 13.75 422613.7828
180.0 -2.5 -2.5 13.75 10000000063.981201
180.0 0.0 -2.5 13.75 10000000060.088001
180.0 2.5 -2.5 13.75 10000000041.0701
180.0 5.0 -2.5 13.75 10000000219.687601
180.0 -5.0 0.0 13.75 10000000069.172401
180.0 -2.5 0.0 13.75 9999999981.9547
180.0 0.0 0.0 13.75 5148240196.9722
180.0 2.5 0.0 13.75 10000000077.707401
180.0 5.0 0.0 13.75 9999999858.208101
180.0 7.5 0.0 13.75 9999999922.507101
180.0 -5.0 2.5 13.75 387147.29360000003
180.0 -2.5 2.5 13.75 7078095378.4601
180.0 0.0 2.5 13.75 9999999932.7266
180.0 2.5 2.5 13.75 7401261649.3337
180.0 5.0 2.5 13.75 10000000019.317001
180.0 7.5 2.5 13.75 10000000011.248901
180.0 10.0 2.5 13.75 86006948.6801
180.0 -5.0 5.0 13.75 8176812.6849
180.0 -2.5 5.0 13.75 14898724.8348
180.0 0.0 5.0 13.75 9999999757.6735
180.0 2.5 5.0 13.75 758177328.6088
180.0 5.0 5.0 13.75 10000000310.7894
180.0 7.5 5.0 13.75 6860398504.0418
180.0 -5.0 -10.0 15.0 79518.438
180.0 -2.5 -10.0 15.0 21958167.9123
180.0 0.0 -10.0 15.0 9999999881.7031
180.0 2.5 -10.0 15.0 10000000136.4715
180.0 5.0 -10.0 15.0 9999999875.694302
180.0 7.5 -10.0 15.0 2777376946.2111
180.0 10.0 -10.0 15.0 1654713534.7329998
180.0 -5.0 -7.5 15.0 21406.5165
180.0 -2.5 -7.5 15.0 35931278.3635
180.0 0.0 -7.5 15.0 684185808.0320001
180.0 2.5 -7.5 15.0 9999999876.185902
180.0 5.0 -7.5 15.0 1231507549.5021
180.0 7.5 -7.5 15.0 10000000107.2019
180.0 10.0 -7.5 15.0 9999999990.6739
180.0 -5.0 -5.0 15.0 468199.4945
180.0 -2.5 -5.0 15.0 2246992585.6879
180.0 0.0 -5.0 15.0 9999999956.991701
180.0 2.5 -5.0 15.0 6269069633.758
180.0 5.0 -5.0 15.0 9999999990.5452
180.0 7.5 -5.0 15.0 556559010.0284
180.0 -5.0 -2.5 15.0 199866689.0952
180.0 -2.5 -2.5 15.0 5238854350.3814
180.0 0.0 -2.5 15.0 9999999895.0114
180.0 2.5 -2.5 15.0 10000000104.0188
180.0 5.0 -2.5 15.0 9999999714.275301
180.0 7.5 -2.5 15.0 9999999938.6732
180.0 -5.0 0.0 15.0 10000000008.8637
180.0 -2.5 0.0 15.0 10000000012.469002
180.0 0.0 0.0 15.0 6321890864.964999
180.0 2.5 0.0 15.0 1382846256.5345
180.0 5.0 0.0 15.0 1052636658.8832
180.0 7.5 0.0 15.0 1092344218.3888
180.0 -5.0 2.5 15.0 11164460.719800001
180.0 -2.5 2.5 15.0 6141433.178900001
180.0 0.0 2.5 15.0 10000000023.195301
180.0 2.5 2.5 15.0 10000000019.0492
180.0 5.0 2.5 15.0 924607525.4498
180.0 7.5 2.5 15.0 10000000032.3815
180.0 10.0 2.5 15.0 4196498.5844
180.0 -5.0 5.0 15.0 69962.3723
180.0 -2.5 5.0 15.0 9999999986.891401
180.0 0.0 5.0 15.0 138724297.2444
180.0 2.5 5.0 15.0 102232824.0994
180.0 5.0 5.0 15.0 236984435.4021
180.0 7.5 5.0 15.0 10000000019.5394
180.0 10.0 5.0 15.0 87902721.0808
180.0 -5.0 -10.0 16.25 1059.9467
180.0 -2.5 -10.0 16.25 9999999992.3197
180.0 0.0 -10.0 16.25 9999999967.3421
180.0 2.5 -10.0 16.25 97160776.1184
180.0 5.0 -10.0 16.25 1120577916.5377002
180.0 7.5 -10.0 16.25 10000000250.851002
180.0 10.0 -10.0 16.25 131806953.0104
180.0 -5.0 -7.5 16.25 569.3651
180.0 -2.5 -7.5 16.25 27990913.0035
180.0 0.0 -7.5 16.25 140714098.6809
180.0 2.5 -7.5 16.25 10000000119.379501
180.0 5.0 -7.5 16.25 9999999899.0652
180.0 7.5 -7.5 16.25 10000000055.946001
180.0 10.0 -7.5 16.25 134765019.1711
180.0 -5.0 -5.0 16.25 276902868.4764
180.0 -2.5 -5.0 16.25 2969451.7666
180.0 0.0 -5.0 16.25 10000000070.0793
180.0 2.5 -5.0 16.25 9999999931.075201
180.0 5.0 -5.0 16.25 10000000026.9237
180.0 7.5 -5.0 16.25 858625643.049
180.0 10.0 -5.0 16.25 931114641.201
180.0 -5.0 -2.5 16.25 243045.9485
180.0 -2.5 -2.5 16.25 80577441.3208
180.0 0.0 -2.5 16.25 9999999957.4636
180.0 2.5 -2.5 16.25 9999999888.522001
180.0 5.0 -2.5 16.25 9999999899.909
180.0 7.5 -2.5 16.25 9999999848.958601
180.0 10.0 -2.5 16.25 10000000006.5874
180.0 -5.0 0.0 16.25 9999999983.6777
180.0 -2.5 0.0 16.25 9999999944.5795
180.0 0.0 0.0 16.25 3644721609.0194
180.0 2.5 0.0 16.25 7445875112.2093
180.0 5.0 0.0 16.25 553557841.2881
180.0 7.5 0.0 16.25 724206571.0699
180.0 10.0 0.0 16.25 5895091.2927
180.0 -5.0 2.5 16.25 96966.21070000001
180.0 -2.5 2.5 16.25 976377.3123000001
180.0 0.0 2.5 16.25 10000000082.057701
180.0 2.5 2.5 16.25 9999999917.801601
180.0 5.0 2.5 16.25 869847344.799
180.0 7.5 2.5 16.25 4329052.2257
180.0 10.0 2.5 16.25 41459.4419
180.0 -5.0 5.0 16.25 30.232
180.0 -2.5 5.0 16.25 10000000015.1783
180.0 0.0 5.0 16.25 905871750.0512
180.0 2.5 5.0 16.25 9999999581.376501
180.0 5.0 5.0 16.25 7517737.6886
180.0 7.5 5.0 16.25 403410167.707
180.0 10.0 5.0 16.25 4014.5522
240.0 -5.0 -10.0 3.75 3467669282.7813
240.0 -2.5 -10.0 3.75 10000000067.1375
240.0 0.0 -10.0 3.75 9999999793.666601
240.0 2.5 -10.0 3.75 10000000053.342901
240.0 5.0 -10.0 3.75 9999999967.646
240.0 7.5 -10.0 3.75 10000000026.1928
240.0 10.0 -10.0 3.75 27913836.565700002
240.0 -5.0 -7.5 3.75 4190324646.4044003
240.0 -2.5 -7.5 3.75 9999999989.885302
240.0 0.0 -7.5 3.75 10000000270.170502
240.0 2.5 -7.5 3.75 10000000228.200401
240.0 5.0 -7.5 3.75 9999999861.512201
240.0 7.5 -7.5 3.75 9999999918.699902
240.0 10.0 -7.5 3.75 2398654538.1804
240.0 -5.0 -5.0 3.75 10000000082.473001
240.0 -2.5 -5.0 3.75 9999999982.263601
240.0 0.0 -5.0 3.75 9999999850.784601
240.0 2.5 -5.0 3.75 9999999839.322401
240.0 5.0 -5.0 3.75 9999999942.9752
240.0 7.5 -5.0 3.75 10000000091.956501
240.0 10.0 -5.0 3.75 9999999959.8281
240.0 -5.0 -2.5 3.75 9999999764.072102
240.0 -2.5 -2.5 3.75 10000000004.890701
240.0 0.0 -2.5 3.75 9999999727.278301
240.0 2.5 -2.5 3.75 9999999747.575
240.0 5.0 -2.5 3.75 10000000182.366402
240.0 7.5 -2.5 3.75 10000000202.8773
240.0 10.0 -2.5 3.75 10000000032.8784
240.0 -5.0 0.0 3.75 9999999907.7348
240.0 -2.5 0.0 3.75 9999999943.3134
240.0 0.0 0.0 3.75 9999999833.4199
240.0 2.5 0.0 3.75 10000000248.6236
240.0 5.0 0.0 3.75 9999999934.9051
240.0 7.5 0.0 3.75 10000000068.3421
240.0 10.0 0.0 3.75 9999999965.789001
240.0 -5.0 2.5 3.75 10000000019.278801
240.0 -2.5 2.5 3.75 10000000115.2504
240.0 0.0 2.5 3.75 10000000251.733501
240.0 2.5 2.5 3.75 10000000100.1208
240.0 5.0 2.5 3.75 10000000279.8045
240.0 7.5 2.5 3.75 1649041663.5503
240.0 10.0 2.5 3.75 9999999938.2437
240.0 -5.0 5.0 3.75 10000000041.9948
240.0 -2.5 5.0 3.75 10000000114.2191
240.0 0.0 5.0 3.75 10000000106.166302
240.0 2.5 5.0 3.75 1759903264.8559
240.0 5.0 5.0 3.75 696078926.8602
240.0 7.5 5.0 3.75 3407297946.3624997
240.0 10.0 5.0 3.75 9999999931.5186
240.0 0.0 5.0 5.0 1816092154.1089
240.0 2.5 -7.5 6.25 9999999887.6105
240.0 0.0 -2.5 6.25 9999999655.7847
240.0 0.0 0.0 6.25 9999999919.797901
240.0 -2.5 2.5 6.25 9999999913.7448
240.0 0.0 2.5 6.25 9999999882.341501
240.0 0.0 5.0 6.25 275897067.73080003
240.0 2.5 -7.5 7.5 10000000072.0062
240.0 0.0 -5.0 7.5 9999999856.0112
240.0 2.5 -5.0 7.5 9999999946.636301
240.0 0.0 -2.5 7.5 9999999915.585901
240.0 2.5 -2.5 7.5 9999999697.6061
240.0 0.0 0.0 7.5 10000000152.7024
240.0 2.5 0.0 7.5 10000000448.8453
240.0 0.0 2.5 7.5 9999999790.9186
240.0 -2.5 5.0 7.5 10000000004.416101
240.0 0.0 5.0 7.5 1235961218.8176
240.0 2.5 -10.0 8.75 9999999683.9496
240.0 2.5 -7.5 8.75 9999999932.6996
240.0 0.0 -5.0 8.75 9999999838.038
240.0 2.5 -5.0 8.75 10000000680.4592
240.0 -2.5 -2.5 8.75 10000000048.9272
240.0 0.0 -2.5 8.75 10000000372.8976
240.0 2.5 -2.5 8.75 9999999973.799301
240.0 -5.0 0.0 8.75 9999999983.445301
240.0 -2.5 0.0 8.75 9999999705.0554
240.0 0.0 0.0 8.75 10000000327.7113
240.0 2.5 0.0 8.75 9999999955.6837
240.0 -2.5 2.5 8.75 10000000032.6877
240.0 0.0 2.5 8.75 9999999936.1763
240.0 2.5 2.5 8.75 10000000025.6979
240.0 -2.5 5.0 8.75 10000000070.0772
240.0 0.0 5.0 8.75 10000000045.255901
240.0 2.5 5.0 8.75 9999999936.296001
240.0 2.5 -10.0 10.0 9999999878.0916
240.0 5.0 -10.0 10.0 10000000049.8806
240.0 2.5 -7.5 10.0 10000000153.048101
240.0 -5.0 -5.0 10.0 8954253788.4305
240.0 0.0 -5.0 10.0 9999999973.471102
240.0 2.5 -5.0 10.0 10000000010.974602
240.0 -5.0 -2.5 10.0 404499466.06049997
240.0 -2.5 -2.5 10.0 6903801197.6107
240.0 0.0 -2.5 10.0 9999999897.7171
240.0 2.5 -2.5 10.0 9999999861.4978
240.0 -5.0 0.0 10.0 9999999804.0095
240.0 -2.5 0.0 10.0 9999999973.456701
240.0 0.0 0.0 10.0 10000000146.3777
240.0 2.5 0.0 10.0 10000000149.441502
240.0 -2.5 2.5 10.0 10000000126.318201
240.0 0.0 2.5 10.0 10000000082.8246
240.0 2.5 2.5 10.0 9999999920.507301
240.0 5.0 2.5 10.0 9999999913.4575
240.0 -2.5 5.0 10.0 1815815989.3546
240.0 0.0 5.0 10.0 445955916.2314
240.0 2.5 5.0 10.0 75877710.1168
240.0 5.0 5.0 10.0 977231652.5624
240.0 -2.5 -10.0 11.25 225147.5579
240.0 2.5 -10.0 11.25 10000000004.1534
240.0 5.0 -10.0 11.25 10000000164.123001
240.0 10.0 -10.0 11.25 9999999978.579102
240.0 2.5 -7.5 11.25 9999999768.0711
240.0 -5.0 -5.0 11.25 7038848821.611
240.0 -2.5 -5.0 11.25 9999999994.712
240.0 0.0 -5.0 11.25 10000000301.2444
240.0 2.5 -5.0 11.25 10000000062.255901
240.0 -5.0 -2.5 11.25 3149410881.5687003
240.0 -2.5 -2.5 11.25 9999999940.7931
240.0 0.0 -2.5 11.25 9999999929.5044
240.0 2.5 -2.5 11.25 10000000015.579102
240.0 -5.0 0.0 11.25 9999999943.9936
240.0 -2.5 0.0 11.25 697918434.5789
240.0 0.0 0.0 11.25 9999999873.4557
240.0 2.5 0.0 11.25 8622986544.8244
240.0 -2.5 2.5 11.25 763343564.0469
240.0 0.0 2.5 11.25 4212421253.8162
240.0 2.5 2.5 11.25 9999999971.4561
240.0 5.0 2.5 11.25 9999999775.992
240.0 -2.5 5.0 11.25 589367259.2572
240.0 0.0 5.0 11.25 9999999919.7042
240.0 2.5 5.0 11.25 10000000012.3274
240.0 5.0 5.0 11.25 9999999941.163
240.0 7.5 5.0 11.25 1448161407.2598999
240.0 -2.5 -10.0 12.5 34600.1896
240.0 0.0 -10.0 12.5 10000000039.137001
240.0 2.5 -10.0 12.5 9999999993.199501
240.0 5.0 -10.0 12.5 9999999690.3069
240.0 7.5 -10.0 12.5 1327463059.0719
240.0 10.0 -10.0 12.5 532815881.3595
240.0 -5.0 -7.5 12.5 9999999965.057201
240.0 0.0 -7.5 12.5 10000000159.1734
240.0 2.5 -7.5 12.5 10000000000.861502
240.0 5.0 -7.5 12.5 10000000344.18
240.0 7.5 -7.5 12.5 9999999997.8076
240.0 10.0 -7.5 12.5 10000000014.994701
240.0 -5.0 -5.0 12.5 8705233.3578
240.0 -2.5 -5.0 12.5 9999999840.414902
240.0 0.0 -5.0 12.5 9999999879.6868
240.0 2.5 -5.0 12.5 9999999918.822802
240.0 5.0 -5.0 12.5 3146218229.0953
240.0 -5.0 -2.5 12.5 459947365.3653
240.0 -2.5 -2.5 12.5 10000000027.255402
240.0 0.0 -2.5 12.5 1170117160.099
240.0 2.5 -2.5 12.5 10000000049.29
240.0 -5.0 0.0 12.5 919230881.9895
240.0 -2.5 0.0 12.5 9999999968.519901
240.0 0.0 0.0 12.5 10000000114.033401
240.0 2.5 0.0 12.5 10000000097.0275
240.0 -2.5 2.5 12.5 2493600682.5393
240.0 0.0 2.5 12.5 9999999963.7191
240.0 2.5 2.5 12.5 10000000031.1562
240.0 5.0 2.5 12.5 10000000150.8313
240.0 -2.5 5.0 12.5 344133162.43
240.0 0.0 5.0 12.5 1320872632.9253
240.0 2.5 5.0 12.5 10000000015.0627
240.0 5.0 5.0 12.5 286341466.0168
240.0 7.5 5.0 12.5 10000000171.425201
240.0 10.0 5.0 12.5 1982864420.0688
240.0 -5.0 -10.0 13.75 21.109599999999997
240.0 -2.5 -10.0 13.75 5596538964.4593
240.0 0.0 -10.0 13.75 6242609327.6247
240.0 2.5 -10.0 13.75 3131616801.1025996
240.0 5.0 -10.0 13.75 1558992944.2635999
240.0 7.5 -10.0 13.75 1158205545.1963
240.0 10.0 -10.0 13.75 10000000011.785702
240.0 -5.0 -7.5 13.75 657680.9725
240.0 -2.5 -7.5 13.75 198022236.9342
240.0 0.0 -7.5 13.75 9999999959.481201
240.0 2.5 -7.5 13.75 10000000011.6919
240.0 5.0 -7.5 13.75 10000000346.214401
240.0 7.5 -7.5 13.75 9320760527.0438
240.0 10.0 -7.5 13.75 9999999945.199202
240.0 -5.0 -5.0 13.75 1264183.6114999999
240.0 -2.5 -5.0 13.75 9999999987.1168
240.0 0.0 -5.0 13.75 10000000039.8071
240.0 2.5 -5.0 13.75 9145110993.460201
240.0 5.0 -5.0 13.75 9999999992.8334
240.0 7.5 -5.0 13.75 9999999829.459301
240.0 -5.0 -2.5 13.75 616678389.692
240.0 -2.5 -2.5 13.75 10000000121.3153
240.0 0.0 -2.5 13.75 9448076354.3949
240.0 2.5 -2.5 13.75 9999999987.180601
240.0 5.0 -2.5 13.75 10000000394.9731
240.0 -5.0 0.0 13.75 5696526.2297
240.0 -2.5 0.0 13.75 13103798.706699999
240.0 0.0 0.0 13.75 10000000227.775702
240.0 2.5 0.0 13.75 9999999921.421902
240.0 5.0 0.0 13.75 6706894019.295799
240.0 -5.0 2.5 13.75 108913581.43519999
240.0 -2.5 2.5 13.75 570323954.3499
240.0 0.0 2.5 13.75 9999999945.598202
240.0 2.5 2.5 13.75 10000000025.8505
240.0 5.0 2.5 13.75 10000000017.898901
240.0 7.5 2.5 13.75 10000000083.477201
240.0 -2.5 5.0 13.75 9999999973.871601
240.0 0.0 5.0 13.75 301210771.56009996
240.0 2.5 5.0 13.75 413656322.70750004
240.0 5.0 5.0 13.75 10000000025.164202
240.0 7.5 5.0 13.75 569486826.6561999
240.0 10.0 5.0 13.75 146491096.9115
240.0 -5.0 -10.0 15.0 506.04330000000004
240.0 -2.5 -10.0 15.0 66156216.1357
240.0 0.0 -10.0 15.0 906593576.2829
240.0 2.5 -10.0 15.0 10000000031.0772
240.0 5.0 -10.0 15.0 9999999997.967701
240.0 7.5 -10.0 15.0 9999999882.7844
240.0 10.0 -10.0 15.0 9999999997.818901
240.0 -5.0 -7.5 15.0 22070.4729
240.0 -2.5 -7.5 15.0 2685607619.4268
240.0 0.0 -7.5 15.0 4595755793.2035
240.0 2.5 -7.5 15.0 9999999812.7264
240.0 5.0 -7.5 15.0 976426796.4111
240.0 7.5 -7.5 15.0 9999999793.399302
240.0 10.0 -7.5 15.0 1677156190.6032
240.0 -5.0 -5.0 15.0 676.8715
240.0 -2.5 -5.0 15.0 4324932070.6518
240.0 0.0 -5.0 15.0 10000000409.985802
240.0 2.5 -5.0 15.0 10000000011.397701
240.0 5.0 -5.0 15.0 5949140667.2479
240.0 7.5 -5.0 15.0 9999999768.088202
240.0 10.0 -5.0 15.0 10000000031.658
240.0 -5.0 -2.5 15.0 72607.4124
240.0 -2.5 -2.5 15.0 469422623.65749997
240.0 0.0 -2.5 15.0 963574354.7422
240.0 2.5 -2.5 15.0 10000000114.7306
240.0 5.0 -2.5 15.0 3153149001.9335
240.0 7.5 -2.5 15.0 10000000130.1648
240.0 10.0 -2.5 15.0 10000000194.720001
240.0 -5.0 0.0 15.0 300.0071
240.0 -2.5 0.0 15.0 54358851.5432
240.0 0.0 0.0 15.0 9370404191.4806
240.0 2.5 0.0 15.0 9999999827.943602
240.0 5.0 0.0 15.0 7832999852.9237995
240.0 10.0 0.0 15.0 8407047317.623401
240.0 -5.0 2.5 15.0 800093.4023
240.0 -2.5 2.5 15.0 9999999952.837
240.0 0.0 2.5 15.0 244039685.15480003
240.0 2.5 2.5 15.0 7184403938.1499
240.0 5.0 2.5 15.0 10000000120.252201
240.0 7.5 2.5 15.0 10000000048.1018
240.0 -5.0 5.0 15.0 18433.2465
240.0 -2.5 5.0 15.0 9999999993.711401
240.0 0.0 5.0 15.0 7572638.720799999
240.0 2.5 5.0 15.0 4360542.9427000005
240.0 5.0 5.0 15.0 10000000027.4207
240.0 7.5 5.0 15.0 1396929599.0003998
240.0 10.0 5.0 15.0 2414600692.992
240.0 -5.0 -10.0 16.25 274.26149999999996
240.0 -2.5 -10.0 16.25 92221417.25289999
240.0 0.0 -10.0 16.25 10000000111.1065
240.0 2.5 -10.0 16.25 10000000014.723001
240.0 5.0 -10.0 16.25 10000000022.855902
240.0 7.5 -10.0 16.25 9999999910.4074
240.0 10.0 -10.0 16.25 521658611.7669
240.0 -5.0 -7.5 16.25 196.5506
240.0 -2.5 -7.5 16.25 210724140.4814
240.0 0.0 -7.5 16.25 10000000020.2893
240.0 2.5 -7.5 16.25 10000000018.498201
240.0 5.0 -7.5 16.25 10000000069.343801
240.0 7.5 -7.5 16.25 9999999973.9141
240.0 10.0 -7.5 16.25 9999999877.9867
240.0 -5.0 -5.0 16.25 804.2208999999999
240.0 -2.5 -5.0 16.25 3183748746.114
240.0 0.0 -5.0 16.25 10000000174.6791
240.0 2.5 -5.0 16.25 9999999982.7381
240.0 5.0 -5.0 16.25 6020856657.8562
240.0 7.5 -5.0 16.25 10000000045.764
240.0 10.0 -5.0 16.25 10000000004.742802
240.0 -5.0 -2.5 16.25 54.8974
240.0 -2.5 -2.5 16.25 4431103.713699999
240.0 0.0 -2.5 16.25 6787291586.715099
240.0 2.5 -2.5 16.25 10000000141.4307
240.0 5.0 -2.5 16.25 431303881.98740005
240.0 7.5 -2.5 16.25 10000000102.750101
240.0 10.0 -2.5 16.25 9999999945.1403
240.0 -5.0 0.0 16.25 -14.3589
240.0 -2.5 0.0 16.25 52409808.5009
240.0 0.0 0.0 16.25 115821148.9772
240.0 2.5 0.0 16.25 10000000125.158901
240.0 5.0 0.0 16.25 4019021979.7414002
240.0 7.5 0.0 16.25 112963550.82290001
240.0 10.0 0.0 16.25 9999999999.4979
240.0 -5.0 2.5 16.25 254.0909
240.0 -2.5 2.5 16.25 1612088.8355
240.0 0.0 2.5 16.25 10000000048.0198
240.0 2.5 2.5 16.25 1344574441.6948
240.0 5.0 2.5 16.25 9999999843.170101
240.0 7.5 2.5 16.25 10000000143.434801
240.0 -5.0 5.0 16.25 2289.9128
240.0 -2.5 5.0 16.25 533503579.5912
240.0 0.0 5.0 16.25 16381190.7791
240.0 2.5 5.0 16.25 7297.615000000001
240.0 5.0 5.0 16.25 1147289.1427
240.0 7.5 5.0 16.25 6223498578.0359
240.0 10.0 5.0 16.25 934060949.879
300.0 -5.0 -10.0 3.75 9999999878.746601
300.0 -2.5 -10.0 3.75 9999999941.1791
300.0 0.0 -10.0 3.75 10000000005.9409
300.0 2.5 -10.0 3.75 9999999866.9944
300.0 5.0 -10.0 3.75 10000000285.9066
300.0 7.5 -10.0 3.75 9999999941.0095
300.0 10.0 -10.0 3.75 10000000044.7607
300.0 -5.0 -7.5 3.75 9999999747.532902
300.0 -2.5 -7.5 3.75 9999999951.6532
300.0 0.0 -7.5 3.75 10000000193.7303
300.0 2.5 -7.5 3.75 10000000103.707401
300.0 5.0 -7.5 3.75 9999999695.9953
300.0 7.5 -7.5 3.75 9999999988.9058
300.0 10.0 -7.5 3.75 9999999980.5146
300.0 -5.0 -5.0 3.75 9999999965.972801
300.0 -2.5 -5.0 3.75 10000000507.1376
300.0 0.0 -5.0 3.75 10000000262.769402
300.0 2.5 -5.0 3.75 10000000547.721802
300.0 5.0 -5.0 3.75 10000000168.954802
300.0 7.5 -5.0 3.75 9999999934.5254
300.0 10.0 -5.0 3.75 10000000349.1345
300.0 -5.0 -2.5 3.75 10000000038.349201
300.0 -2.5 -2.5 3.75 10000000658.602001
300.0 0.0 -2.5 3.75 10000000028.9599
300.0 2.5 -2.5 3.75 10000000307.776001
300.0 5.0 -2.5 3.75 10000000020.519201
300.0 7.5 -2.5 3.75 9999999800.640001
300.0 10.0 -2.5 3.75 9999999943.438501
300.0 -5.0 0.0 3.75 10000000088.8731
300.0 -2.5 0.0 3.75 8719768528.2104
300.0 0.0 0.0 3.75 10000000340.0147
300.0 2.5 0.0 3.75 10000000011.0119
300.0 5.0 0.0 3.75 9999999940.120602
300.0 7.5 0.0 3.75 9999999934.8026
300.0 10.0 0.0 3.75 10000000087.707901
300.0 -5.0 2.5 3.75 10000000042.996801
300.0 -2.5 2.5 3.75 1878236563.1158
300.0 0.0 2.5 3.75 9999999938.9626
300.0 2.5 2.5 3.75 10000000203.7441
300.0 5.0 2.5 3.75 9999999622.450201
300.0 7.5 2.5 3.75 9999999851.3605
300.0 10.0 2.5 3.75 4576301379.838
300.0 -5.0 5.0 3.75 5723101080.869101
300.0 -2.5 5.0 3.75 193006216.4013
300.0 0.0 5.0 3.75 10000000066.8696
300.0 2.5 5.0 3.75 1397451533.8319
300.0 5.0 5.0 3.75 9999999926.109402
300.0 7.5 5.0 3.75 10000000022.2341
300.0 10.0 5.0 3.75 1121684.5224
300.0 0.0 -2.5 5.0 9999999938.7187
300.0 0.0 0.0 5.0 10000000098.168001
300.0 5.0 -7.5 6.25 10000000023.740501
300.0 0.0 -5.0 6.25 10000000151.3157
300.0 0.0 -2.5 6.25 10000000010.879301
300.0 0.0 0.0 6.25 10000000447.162601
300.0 0.0 2.5 6.25 10000000204.221802
300.0 0.0 5.0 6.25 10000000097.1462
300.0 5.0 -7.5 7.5 9999999681.602001
300.0 2.5 -5.0 7.5 9999999642.477701
300.0 0.0 -2.5 7.5 10000000159.115702
300.0 2.5 -2.5 7.5 10000000403.163801
300.0 0.0 0.0 7.5 9999999966.5161
300.0 -2.5 2.5 7.5 4458825201.1806
300.0 0.0 2.5 7.5 10000000087.3831
300.0 -2.5 5.0 7.5 9999999893.0254
300.0 0.0 5.0 7.5 6968822134.9774
300.0 2.5 -10.0 8.75 9999999891.699701
300.0 5.0 -7.5 8.75 10000000048.334702
300.0 0.0 -5.0 8.75 10000000030.4011
300.0 2.5 -5.0 8.75 10000000165.446201
300.0 5.0 -5.0 8.75 10000000157.292702
300.0 0.0 -2.5 8.75 9999999846.5974
300.0 2.5 -2.5 8.75 9999999952.521101
300.0 0.0 0.0 8.75 9999999975.3118
300.0 2.5 0.0 8.75 10000000045.733301
300.0 0.0 2.5 8.75 9999999938.041302
300.0 2.5 2.5 8.75 9999999900.2437
300.0 -2.5 5.0 8.75 1697419709.2896998
300.0 0.0 5.0 8.75 8107503737.8258
300.0 2.5 5.0 8.75 1444004468.1334002
300.0 2.5 -10.0 10.0 9999999897.513802
300.0 2.5 -7.5 10.0 9999999781.468
300.0 5.0 -7.5 10.0 9999999949.5438
300.0 7.5 -7.5 10.0 10000000158.8292
300.0 0.0 -5.0 10.0 2425021326.3965
300.0 2.5 -5.0 10.0 10000000019.832201
300.0 5.0 -5.0 10.0 9999999938.1758
300.0 0.0 -2.5 10.0 9999999915.591301
300.0 2.5 -2.5 10.0 10000000230.8215
300.0 -5.0 0.0 10.0 53080850.3194
300.0 -2.5 0.0 10.0 9999999873.2609
300.0 0.0 0.0 10.0 10000000193.008202
300.0 2.5 0.0 10.0 9999999942.863901
300.0 5.0 0.0 10.0 9999999573.901901
300.0 -2.5 2.5 10.0 9999999942.204102
300.0 0.0 2.5 10.0 10000000022.202002
300.0 2.5 2.5 10.0 10000000107.7553
300.0 5.0 2.5 10.0 10000000116.831001
300.0 -2.5 5.0 10.0 9999999826.416101
300.0 0.0 5.0 10.0 211730683.2689
300.0 2.5 5.0 10.0 10000000355.496801
300.0 2.5 -10.0 11.25 9999999996.1256
300.0 5.0 -10.0 11.25 1688199609.4242
300.0 7.5 -10.0 11.25 1035442644.8019
300.0 10.0 -10.0 11.25 10000000101.8113
300.0 2.5 -7.5 11.25 6764935253.6845
300.0 5.0 -7.5 11.25 9999999921.070702
300.0 0.0 -5.0 11.25 9999999838.984402
300.0 2.5 -5.0 11.25 9999999882.7322
300.0 5.0 -5.0 11.25 10000000095.3539
300.0 -2.5 -2.5 11.25 537011017.4888
300.0 0.0 -2.5 11.25 10000000019.8199
300.0 2.5 -2.5 11.25 9999999683.380402
300.0 -5.0 0.0 11.25 48127839.6088
300.0 -2.5 0.0 11.25 10000000116.396
300.0 0.0 0.0 11.25 10000000003.245401
300.0 2.5 0.0 11.25 8063158229.6794
300.0 -2.5 2.5 11.25 9999999874.669
300.0 0.0 2.5 11.25 509517291.3607
300.0 2.5 2.5 11.25 9999999938.652601
300.0 5.0 2.5 11.25 10000000007.9818
300.0 -2.5 5.0 11.25 3369577505.9470997
300.0 0.0 5.0 11.25 9999999934.513802
300.0 2.5 5.0 11.25 9999999939.19
300.0 7.5 5.0 11.25 10000000051.122002
300.0 -5.0 -10.0 12.5 -20.967299999999998
300.0 2.5 -10.0 12.5 140575693.2158
300.0 5.0 -10.0 12.5 9999999882.605001
300.0 7.5 -10.0 12.5 9999999846.9162
300.0 10.0 -10.0 12.5 10000000079.8316
300.0 2.5 -7.5 12.5 10000000022.979301
300.0 5.0 -7.5 12.5 10000000061.471401
300.0 7.5 -7.5 12.5 10000000098.428701
300.0 -5.0 -5.0 12.5 63899737.9389
300.0 -2.5 -5.0 12.5 1398350375.2167
300.0 0.0 -5.0 12.5 10000000017.403101
300.0 2.5 -5.0 12.5 9999999980.022701
300.0 5.0 -5.0 12.5 9999999627.426401
300.0 -5.0 -2.5 12.5 2572.1477
300.0 -2.5 -2.5 12.5 89824494.6646
300.0 0.0 -2.5 12.5 10000000174.6093
300.0 2.5 -2.5 12.5 10000000101.801601
300.0 -5.0 0.0 12.5 104044088.4075
300.0 -2.5 0.0 12.5 1466709264.2368
300.0 0.0 0.0 12.5 2535407824.4579
300.0 2.5 0.0 12.5 9999999883.3724
300.0 5.0 0.0 12.5 1428437082.7235
300.0 -2.5 2.5 12.5 9999999999.892101
300.0 0.0 2.5 12.5 15135881.6964
300.0 2.5 2.5 12.5 10000000094.074501
300.0 5.0 2.5 12.5 3377634071.0092
300.0 7.5 2.5 12.5 4580276250.459701
300.0 10.0 2.5 12.5 6852857167.739
300.0 -2.5 5.0 12.5 10000000144.349
300.0 0.0 5.0 12.5 10000000167.601301
300.0 2.5 5.0 12.5 10000000019.210001
300.0 5.0 5.0 12.5 10000000368.091301
300.0 7.5 5.0 12.5 9999999978.556301
300.0 10.0 5.0 12.5 607614625.8349999
300.0 0.0 -10.0 13.75 4185375.113
300.0 2.5 -10.0 13.75 10000000016.5025
300.0 5.0 -10.0 13.75 10000000006.939901
300.0 7.5 -10.0 13.75 2375785238.6477
300.0 10.0 -10.0 13.75 45804028.5549
300.0 -5.0 -7.5 13.75 2653164.5402
300.0 -2.5 -7.5 13.75 626111.0375
300.0 2.5 -7.5 13.75 10000000005.700201
300.0 5.0 -7.5 13.75 3119899332.2921
300.0 7.5 -7.5 13.75 10000000001.6233
300.0 10.0 -7.5 13.75 10000000094.437101
300.0 -5.0 -5.0 13.75 2767.1630999999998
300.0 -2.5 -5.0 13.75 757018411.1033001
300.0 0.0 -5.0 13.75 6142724591.2651
300.0 2.5 -5.0 13.75 3977883762.6807
300.0 5.0 -5.0 13.75 10000000110.696402
300.0 -5.0 -2.5 13.75 1840.1724000000002
300.0 -2.5 -2.5 13.75 700156.5334
300.0 0.0 -2.5 13.75 189113141.1659
300.0 2.5 -2.5 13.75 10000000303.1254
300.0 5.0 -2.5 13.75 9999999963.984701
300.0 -5.0 0.0 13.75 1157386111.44
300.0 -2.5 0.0 13.75 10000000076.0161
300.0 0.0 0.0 13.75 382961930.0778
300.0 2.5 0.0 13.75 9999999970.878601
300.0 5.0 0.0 13.75 5137536730.6454
300.0 7.5 0.0 13.75 10000000285.101501
300.0 -2.5 2.5 13.75 122502014.2464
300.0 0.0 2.5 13.75 9064160.9016
300.0 2.5 2.5 13.75 9999999787.4202
300.0 5.0 2.5 13.75 9999999924.0088
300.0 7.5 2.5 13.75 10000000280.0076
300.0 10.0 2.5 13.75 794282481.1085
300.0 -2.5 5.0 13.75 2392125.7836
300.0 0.0 5.0 13.75 9999999974.628101
300.0 2.5 5.0 13.75 5154190483.9156
300.0 5.0 5.0 13.75 10000000019.6651
300.0 7.5 5.0 13.75 574743691.4014
300.0 10.0 5.0 13.75 7509844.1711
300.0 -5.0 -10.0 15.0 -14.3964
300.0 -2.5 -10.0 15.0 -22.926099999999998
300.0 0.0 -10.0 15.0 1244562.9452
300.0 2.5 -10.0 15.0 3428579083.3255
300.0 5.0 -10.0 15.0 10000000060.9505
300.0 7.5 -10.0 15.0 399535772.3858
300.0 10.0 -10.0 15.0 10000000207.7346
300.0 -5.0 -7.5 15.0 33446.5534
300.0 -2.5 -7.5 15.0 30129012.0765
300.0 0.0 -7.5 15.0 2755549274.1060004
300.0 2.5 -7.5 15.0 10000000109.4262
300.0 5.0 -7.5 15.0 4281449698.265
300.0 7.5 -7.5 15.0 10000000446.016
300.0 10.0 -7.5 15.0 10000000141.1977
300.0 -5.0 -5.0 15.0 544.4789999999999
300.0 -2.5 -5.0 15.0 26447.0001
300.0 0.0 -5.0 15.0 265270492.7144
300.0 2.5 -5.0 15.0 9999999947.757
300.0 5.0 -5.0 15.0 10000000006.0832
300.0 7.5 -5.0 15.0 10000000148.2092
300.0 10.0 -5.0 15.0 10000000192.602201
300.0 -5.0 -2.5 15.0 803.4935
300.0 -2.5 -2.5 15.0 425995.50889999996
300.0 0.0 -2.5 15.0 45441621.4269
300.0 2.5 -2.5 15.0 876839488.3686
300.0 5.0 -2.5 15.0 10000000227.7201
300.0 10.0 -2.5 15.0 8523848630.6438
300.0 -5.0 0.0 15.0 498774361.2363
300.0 -2.5 0.0 15.0 755416.9974
300.0 0.0 0.0 15.0 127060737.7953
300.0 2.5 0.0 15.0 9999999894.4046
300.0 5.0 0.0 15.0 5659417730.3766
300.0 7.5 0.0 15.0 9999999981.9627
300.0 -5.0 2.5 15.0 10000000033.721401
300.0 -2.5 2.5 15.0 10000000029.9906
300.0 0.0 2.5 15.0 19015050.758
300.0 2.5 2.5 15.0 10000000202.310902
300.0 5.0 2.5 15.0 10000000041.305302
300.0 7.5 2.5 15.0 9999999792.5105
300.0 10.0 2.5 15.0 220518817.1376
300.0 -2.5 5.0 15.0 711142.5732
300.0 0.0 5.0 15.0 10000000049.434101
300.0 2.5 5.0 15.0 2505879083.9584
300.0 5.0 5.0 15.0 10000000009.1844
300.0 7.5 5.0 15.0 10000000160.4388
300.0 10.0 5.0 15.0 14741095.2456
300.0 -5.0 -10.0 16.25 -7.9426
300.0 -2.5 -10.0 16.25 -14.8423
300.0 0.0 -10.0 16.25 510256.0247
300.0 2.5 -10.0 16.25 397176451.4549
300.0 5.0 -10.0 16.25 2180138245.0748
300.0 7.5 -10.0 16.25 108927879.4751
300.0 10.0 -10.0 16.25 110255309.0537
300.0 -5.0 -7.5 16.25 -5.6684
300.0 -2.5 -7.5 16.25 189648.2347
300.0 0.0 -7.5 16.25 419691312.1946
300.0 2.5 -7.5 16.25 8174366571.613601
300.0 5.0 -7.5 16.25 1743597792.9132
300.0 7.5 -7.5 16.25 9999999958.484701
300.0 10.0 -7.5 16.25 9999999985.845402
300.0 -5.0 -5.0 16.25 -9.9098
300.0 -2.5 -5.0 16.25 2073.7808999999997
300.0 0.0 -5.0 16.25 275463348.2899
300.0 2.5 -5.0 16.25 10000000016.576
300.0 5.0 -5.0 16.25 9999999997.9181
300.0 7.5 -5.0 16.25 9999999808.576302
300.0 10.0 -5.0 16.25 9999999596.5114
300.0 -5.0 -2.5 16.25 384.60269999999997
300.0 -2.5 -2.5 16.25 148570742.7608
300.0 0.0 -2.5 16.25 5202958.9834
300.0 2.5 -2.5 16.25 2809397434.7646003
300.0 5.0 -2.5 16.25 9999999973.7826
300.0 7.5 -2.5 16.25 10000000097.8048
300.0 10.0 -2.5 16.25 10000000073.7343
300.0 -5.0 0.0 16.25 9704905.5812
300.0 -2.5 0.0 16.25 754798.206
300.0 0.0 0.0 16.25 591079851.637
300.0 2.5 0.0 16.25 6809293899.239401
300.0 5.0 0.0 16.25 9999999814.144001
300.0 7.5 0.0 16.25 41293810.9442
300.0 -5.0 2.5 16.25 12705.247800000001
300.0 -2.5 2.5 16.25 48252285.9934
300.0 0.0 2.5 16.25 9999999790.026402
300.0 2.5 2.5 16.25 1275860419.3981
300.0 5.0 2.5 16.25 9999999958.4827
300.0 7.5 2.5 16.25 627290766.4904
300.0 10.0 2.5 16.25 9999999905.5259
300.0 -5.0 5.0 16.25 6.4861
300.0 -2.5 5.0 16.25 1107.7971
300.0 0.0 5.0 16.25 9999999832.9153
300.0 2.5 5.0 16.25 4688243.7778
300.0 5.0 5.0 16.25 1987688.5158
300.0 7.5 5.0 16.25 9999999994.475302
300.0 10.0 5.0 16.25 236609237.6646
