0.0 5.0 -7.5 6.25 0.0524
0.0 -2.5 5.0 6.25 9999999919.4985
0.0 0.0 2.5 7.5 5353171472.5892
0.0 -2.5 5.0 7.5 9999999976.463902
0.0 0.0 5.0 7.5 9999999981.8775
0.0 2.5 -10.0 8.75 -0.1192
0.0 5.0 -10.0 8.75 -0.3233
0.0 7.5 -10.0 8.75 -0.163
0.0 0.0 -7.5 8.75 -2.0185
0.0 5.0 -7.5 8.75 -0.6322
0.0 0.0 0.0 8.75 1632954.2556
0.0 0.0 2.5 8.75 425804480.54539996
0.0 -2.5 5.0 8.75 9999999987.5846
0.0 0.0 5.0 8.75 9999999948.610401
0.0 2.5 5.0 8.75 9047461819.0643
0.0 5.0 5.0 8.75 67433990.5678
0.0 5.0 -10.0 10.0 -0.474
0.0 7.5 -10.0 10.0 -0.37370000000000003
0.0 0.0 -7.5 10.0 -1.5281
0.0 2.5 -7.5 10.0 -0.36829999999999996
0.0 5.0 -7.5 10.0 -0.1061
0.0 -2.5 -5.0 10.0 -5.32
0.0 2.5 -5.0 10.0 -3.9579999999999997
0.0 -2.5 -2.5 10.0 729.1106
0.0 0.0 -2.5 10.0 -24.2239
0.0 -2.5 0.0 10.0 1265618088.4116
0.0 0.0 0.0 10.0 2100695.8223
0.0 2.5 0.0 10.0 198741.18219999998
0.0 0.0 2.5 10.0 9999999962.221401
0.0 2.5 2.5 10.0 8892572.0519
0.0 7.5 2.5 10.0 3.1930000000000005
0.0 -2.5 5.0 10.0 1418462.0781
0.0 0.0 5.0 10.0 2621636.9504
0.0 2.5 5.0 10.0 705289655.6278
0.0 5.0 5.0 10.0 539090.9844
0.0 2.5 -10.0 11.25 -0.2747
0.0 5.0 -10.0 11.25 -0.4185
0.0 7.5 -10.0 11.25 -0.4293
0.0 10.0 -10.0 11.25 -0.4169
0.0 0.0 -7.5 11.25 -0.9595
0.0 2.5 -7.5 11.25 0.0003999999999999837
0.0 5.0 -7.5 11.25 0.197
0.0 7.5 -7.5 11.25 0.1148
0.0 -2.5 -5.0 11.25 -3.8617
0.0 0.0 -5.0 11.25 -3.8869
0.0 2.5 -5.0 11.25 -1.4975999999999998
0.0 5.0 -5.0 11.25 -0.08710000000000007
0.0 -5.0 -2.5 11.25 -0.3349
0.0 -2.5 -2.5 11.25 -10.389800000000001
0.0 0.0 -2.5 11.25 12.5549
0.0 7.5 -2.5 11.25 0.9299999999999999
0.0 -2.5 0.0 11.25 6124202850.5608
0.0 0.0 0.0 11.25 160217745.8087
0.0 2.5 0.0 11.25 4924073.652
0.0 -2.5 2.5 11.25 1934992.9307
0.0 0.0 2.5 11.25 507216658.0679
0.0 2.5 2.5 11.25 52245919.935
0.0 5.0 2.5 11.25 179.038
0.0 7.5 2.5 11.25 2.2709
0.0 -5.0 5.0 11.25 6889520.7012
0.0 -2.5 5.0 11.25 9231.2816
0.0 0.0 5.0 11.25 4169852.0196999996
0.0 2.5 5.0 11.25 17799246.4826
0.0 5.0 5.0 11.25 1512.5930999999998
0.0 7.5 5.0 11.25 5.8012
0.0 0.0 -10.0 12.5 0.09789999999999999
0.0 2.5 -10.0 12.5 -0.0876
0.0 5.0 -10.0 12.5 -0.24200000000000002
0.0 7.5 -10.0 12.5 -0.39239999999999997
0.0 10.0 -10.0 12.5 -0.304
0.0 -2.5 -7.5 12.5 -1.2148
0.0 0.0 -7.5 12.5 -0.2908
0.0 2.5 -7.5 12.5 0.07809999999999999
0.0 5.0 -7.5 12.5 0.1386
0.0 7.5 -7.5 12.5 0.1959
0.0 10.0 -7.5 12.5 -0.053899999999999997
0.0 -5.0 -5.0 12.5 -1.873
0.0 -2.5 -5.0 12.5 -2.1245000000000003
0.0 0.0 -5.0 12.5 -1.0941
0.0 2.5 -5.0 12.5 0.4718
0.0 5.0 -5.0 12.5 0.7662
0.0 7.5 -5.0 12.5 1.0937999999999999
0.0 10.0 -5.0 12.5 0.8245
0.0 -5.0 -2.5 12.5 -0.4284999999999999
0.0 -2.5 -2.5 12.5 -6.1671
0.0 0.0 -2.5 12.5 18.939799999999998
0.0 2.5 -2.5 12.5 1.692
0.0 5.0 -2.5 12.5 0.6738
0.0 7.5 -2.5 12.5 1.7594
0.0 -5.0 0.0 12.5 -0.5665
0.0 -2.5 0.0 12.5 146029.15550000002
0.0 0.0 0.0 12.5 946211.6531
0.0 2.5 0.0 12.5 47643591.540699996
0.0 5.0 0.0 12.5 15.412700000000001
0.0 -2.5 2.5 12.5 2076.4163
0.0 0.0 2.5 12.5 34488.6064
0.0 2.5 2.5 12.5 10940.6435
0.0 5.0 2.5 12.5 -2.9800000000000004
0.0 7.5 2.5 12.5 1.7085
0.0 10.0 2.5 12.5 2.9605
0.0 -5.0 5.0 12.5 958.3283
0.0 -2.5 5.0 12.5 40.5653
0.0 0.0 5.0 12.5 876.5297999999999
0.0 2.5 5.0 12.5 1267.4692
0.0 5.0 5.0 12.5 320.25070000000005
0.0 7.5 5.0 12.5 3.1827
0.0 10.0 5.0 12.5 4.5699
0.0 0.0 -10.0 13.75 0.2787
0.0 2.5 -10.0 13.75 0.1494
0.0 5.0 -10.0 13.75 -0.0709
0.0 7.5 -10.0 13.75 -0.2804
0.0 10.0 -10.0 13.75 -0.1765
0.0 -2.5 -7.5 13.75 -0.2865
0.0 0.0 -7.5 13.75 0.5851999999999999
0.0 2.5 -7.5 13.75 0.5139
0.0 5.0 -7.5 13.75 0.27959999999999996
0.0 7.5 -7.5 13.75 0.2236
0.0 10.0 -7.5 13.75 -0.14420000000000002
0.0 -5.0 -5.0 13.75 -1.5658
0.0 -2.5 -5.0 13.75 -0.6088
0.0 0.0 -5.0 13.75 0.7822
0.0 2.5 -5.0 13.75 1.1861
0.0 5.0 -5.0 13.75 1.0806
0.0 7.5 -5.0 13.75 0.9854999999999999
0.0 10.0 -5.0 13.75 0.6775
0.0 -5.0 -2.5 13.75 -0.42010000000000003
0.0 -2.5 -2.5 13.75 -1.0081
0.0 0.0 -2.5 13.75 6.8422
0.0 2.5 -2.5 13.75 3.4798000000000004
0.0 5.0 -2.5 13.75 1.773
0.0 7.5 -2.5 13.75 1.5963
0.0 -5.0 0.0 13.75 0.8018999999999998
0.0 -2.5 0.0 13.75 -2.7176
0.0 0.0 0.0 13.75 120.76910000000001
0.0 2.5 0.0 13.75 2341.2058
0.0 5.0 0.0 13.75 -0.04650000000000021
0.0 7.5 0.0 13.75 1.6839
0.0 -5.0 2.5 13.75 -1.3024999999999998
0.0 -2.5 2.5 13.75 -1.9927000000000001
0.0 0.0 2.5 13.75 73.195
0.0 2.5 2.5 13.75 50.5218
0.0 5.0 2.5 13.75 -10.3561
0.0 7.5 2.5 13.75 0.7602000000000001
0.0 10.0 2.5 13.75 2.5848
0.0 -5.0 5.0 13.75 5.5344
0.0 -2.5 5.0 13.75 -11.5982
0.0 0.0 5.0 13.75 -28.6123
0.0 2.5 5.0 13.75 -18.9742
0.0 5.0 5.0 13.75 -6.2183
0.0 7.5 5.0 13.75 1.7106000000000001
0.0 10.0 5.0 13.75 3.3234000000000004
0.0 -5.0 -10.0 15.0 0.07769999999999999
0.0 -2.5 -10.0 15.0 0.4347
0.0 0.0 -10.0 15.0 0.4766
0.0 2.5 -10.0 15.0 0.3075
0.0 5.0 -10.0 15.0 0.1618
0.0 7.5 -10.0 15.0 -0.1522
0.0 10.0 -10.0 15.0 -0.0195
0.0 -5.0 -7.5 15.0 -0.2785
0.0 -2.5 -7.5 15.0 0.6984999999999999
0.0 0.0 -7.5 15.0 1.0578
0.0 2.5 -7.5 15.0 0.9245000000000001
0.0 5.0 -7.5 15.0 0.7135
0.0 7.5 -7.5 15.0 0.4142
0.0 10.0 -7.5 15.0 -0.0767
0.0 -5.0 -5.0 15.0 -0.8775999999999999
0.0 -2.5 -5.0 15.0 0.3322
0.0 0.0 -5.0 15.0 1.6131
0.0 2.5 -5.0 15.0 1.2116
0.0 5.0 -5.0 15.0 0.8189
0.0 7.5 -5.0 15.0 0.6871
0.0 10.0 -5.0 15.0 0.5175
0.0 -5.0 -2.5 15.0 -0.02889999999999998
0.0 -2.5 -2.5 15.0 1.0661999999999998
0.0 0.0 -2.5 15.0 4.6627
0.0 2.5 -2.5 15.0 3.0700000000000003
0.0 5.0 -2.5 15.0 1.3718000000000001
0.0 7.5 -2.5 15.0 0.9665999999999999
0.0 10.0 -2.5 15.0 0.8464
0.0 -5.0 0.0 15.0 0.7682
0.0 -2.5 0.0 15.0 -1.7117
0.0 0.0 0.0 15.0 6.218300000000001
0.0 2.5 0.0 15.0 2.1839
0.0 5.0 0.0 15.0 0.18720000000000003
0.0 7.5 0.0 15.0 0.8387
0.0 10.0 0.0 15.0 1.1431
0.0 -5.0 2.5 15.0 0.17409999999999992
0.0 -2.5 2.5 15.0 -6.5077
0.0 0.0 2.5 15.0 -11.2835
0.0 2.5 2.5 15.0 -13.0848
0.0 5.0 2.5 15.0 -5.8693
0.0 7.5 2.5 15.0 0.574
0.0 10.0 2.5 15.0 1.4758
0.0 -5.0 5.0 15.0 -0.4949000000000001
0.0 -2.5 5.0 15.0 -9.2241
0.0 0.0 5.0 15.0 -21.5948
0.0 2.5 5.0 15.0 -23.7687
0.0 5.0 5.0 15.0 -7.9418
0.0 7.5 5.0 15.0 0.8041999999999999
0.0 10.0 5.0 15.0 2.2994
0.0 -5.0 -10.0 16.25 0.20520000000000002
0.0 -2.5 -10.0 16.25 0.48019999999999996
0.0 0.0 -10.0 16.25 0.6459
0.0 2.5 -10.0 16.25 0.5589000000000001
0.0 5.0 -10.0 16.25 0.2632
0.0 7.5 -10.0 16.25 0.0134
0.0 10.0 -10.0 16.25 0.0
0.0 -5.0 -7.5 16.25 0.048
0.0 -2.5 -7.5 16.25 1.0917999999999999
0.0 0.0 -7.5 16.25 1.3991
0.0 2.5 -7.5 16.25 1.3255000000000001
0.0 5.0 -7.5 16.25 0.9408
0.0 7.5 -7.5 16.25 0.4682
0.0 10.0 -7.5 16.25 0.047299999999999995
0.0 -5.0 -5.0 16.25 0.0828
0.0 -2.5 -5.0 16.25 1.4237
0.0 0.0 -5.0 16.25 1.9184999999999999
0.0 2.5 -5.0 16.25 1.6264
0.0 5.0 -5.0 16.25 1.1889999999999998
0.0 7.5 -5.0 16.25 0.8371000000000001
0.0 10.0 -5.0 16.25 0.4809
0.0 -5.0 -2.5 16.25 0.6407
0.0 -2.5 -2.5 16.25 1.7174999999999998
0.0 0.0 -2.5 16.25 3.2285
0.0 2.5 -2.5 16.25 1.7933999999999999
0.0 5.0 -2.5 16.25 0.6121000000000001
0.0 7.5 -2.5 16.25 0.7282
0.0 10.0 -2.5 16.25 0.654
0.0 -5.0 0.0 16.25 0.8294999999999999
0.0 -2.5 0.0 16.25 0.2217
0.0 0.0 0.0 16.25 0.9782000000000001
0.0 2.5 0.0 16.25 -0.12640000000000007
0.0 5.0 0.0 16.25 -0.5931
0.0 7.5 0.0 16.25 0.2104
0.0 10.0 0.0 16.25 0.5163
0.0 -5.0 2.5 16.25 0.2234
0.0 -2.5 2.5 16.25 -4.4282
0.0 0.0 2.5 16.25 -7.1118
0.0 2.5 2.5 16.25 -7.505
0.0 5.0 2.5 16.25 -3.643
0.0 7.5 2.5 16.25 -0.3423
0.0 10.0 2.5 16.25 0.3383
0.0 -5.0 5.0 16.25 0.18769999999999987
0.0 -2.5 5.0 16.25 -7.4026000000000005
0.0 0.0 5.0 16.25 -14.4278
0.0 2.5 5.0 16.25 -14.2062
0.0 5.0 5.0 16.25 -5.882300000000001
0.0 7.5 5.0 16.25 -0.2344
0.0 10.0 5.0 16.25 0.5335
60.0 -5.0 -10.0 3.75 3.0568
60.0 -2.5 -10.0 3.75 6.123099999999999
60.0 0.0 -10.0 3.75 3.8388
60.0 2.5 -10.0 3.75 1.4871999999999999
60.0 5.0 -10.0 3.75 0.887
60.0 7.5 -10.0 3.75 0.22419999999999998
60.0 10.0 -10.0 3.75 0.11099999999999999
60.0 -5.0 -7.5 3.75 78126.3318
60.0 -2.5 -7.5 3.75 26423.7127
60.0 0.0 -7.5 3.75 363.6882
60.0 2.5 -7.5 3.75 -1.7242000000000002
60.0 5.0 -7.5 3.75 -0.22899999999999998
60.0 7.5 -7.5 3.75 0.4806
60.0 10.0 -7.5 3.75 0.26980000000000004
60.0 -5.0 -5.0 3.75 4675021034.8433
60.0 -2.5 -5.0 3.75 573646364.5425
60.0 0.0 -5.0 3.75 485546070.4247
60.0 2.5 -5.0 3.75 5410.9855
60.0 5.0 -5.0 3.75 -4.5102
60.0 7.5 -5.0 3.75 -0.6970999999999999
60.0 10.0 -5.0 3.75 0.11489999999999997
60.0 -5.0 -2.5 3.75 10000000024.951601
60.0 -2.5 -2.5 3.75 10000000105.1637
60.0 0.0 -2.5 3.75 9999999883.29
60.0 2.5 -2.5 3.75 12073162.896399999
60.0 5.0 -2.5 3.75 -19.16
60.0 7.5 -2.5 3.75 -5.9295
60.0 10.0 -2.5 3.75 -2.0066
60.0 -5.0 0.0 3.75 557273257.2957
60.0 -2.5 0.0 3.75 10000000201.345901
60.0 0.0 0.0 3.75 10000000001.1909
60.0 2.5 0.0 3.75 9999999963.129501
60.0 5.0 0.0 3.75 4289846.7077
60.0 7.5 0.0 3.75 337.1548
60.0 10.0 0.0 3.75 -4.9026
60.0 -5.0 2.5 3.75 10000000013.927301
60.0 -2.5 2.5 3.75 9999999832.0965
60.0 0.0 2.5 3.75 9999999945.2562
60.0 2.5 2.5 3.75 9999999957.536701
60.0 5.0 2.5 3.75 9999999961.974201
60.0 7.5 2.5 3.75 862172.8971000001
60.0 10.0 2.5 3.75 -7.4047
60.0 -5.0 5.0 3.75 10000000028.9281
60.0 -2.5 5.0 3.75 9999999973.061901
60.0 0.0 5.0 3.75 9999999990.3024
60.0 2.5 5.0 3.75 1552351286.2851999
60.0 5.0 5.0 3.75 9999999931.073301
60.0 7.5 5.0 3.75 3815457.7574
60.0 10.0 5.0 3.75 31.7606
60.0 2.5 -2.5 5.0 4812.8121
60.0 0.0 0.0 5.0 10000000075.3309
60.0 0.0 2.5 5.0 1709824646.8667998
60.0 2.5 -2.5 6.25 1538.0733
60.0 0.0 0.0 6.25 10000000033.4997
60.0 0.0 2.5 6.25 9999999885.315102
60.0 0.0 5.0 6.25 10000000056.614101
60.0 2.5 -5.0 7.5 56.400999999999996
60.0 2.5 -2.5 7.5 145.07340000000002
60.0 5.0 -2.5 7.5 -7.6892000000000005
60.0 -2.5 0.0 7.5 9999999975.213202
60.0 0.0 0.0 7.5 438952465.7297
60.0 2.5 0.0 7.5 1435970.3756
60.0 0.0 2.5 7.5 6597985955.0423
60.0 0.0 5.0 7.5 10000000088.7714
60.0 2.5 -7.5 8.75 -0.8412999999999999
60.0 2.5 -5.0 8.75 2.0540999999999996
60.0 5.0 -5.0 8.75 -1.4933
60.0 0.0 -2.5 8.75 13498.462099999999
60.0 2.5 -2.5 8.75 11.6268
60.0 -2.5 0.0 8.75 55777872.3292
60.0 0.0 0.0 8.75 10000000054.621801
60.0 2.5 0.0 8.75 21147482.4024
60.0 -2.5 2.5 8.75 4807722.3911
60.0 0.0 2.5 8.75 5422862.7253
60.0 0.0 5.0 8.75 3848989321.222
60.0 5.0 -10.0 10.0 -1.1547
60.0 2.5 -7.5 10.0 0.3011999999999999
60.0 5.0 -7.5 10.0 -0.9773000000000001
60.0 7.5 -7.5 10.0 -0.7356
60.0 0.0 -5.0 10.0 6.887
60.0 2.5 -5.0 10.0 3.1007
60.0 5.0 -5.0 10.0 -0.28859999999999997
60.0 -2.5 -2.5 10.0 23839.086199999998
60.0 0.0 -2.5 10.0 164.1629
60.0 2.5 -2.5 10.0 3.7253000000000003
60.0 5.0 -2.5 10.0 -2.0162
60.0 7.5 -2.5 10.0 -2.4316
60.0 -2.5 0.0 10.0 717459.6805
60.0 0.0 0.0 10.0 9999999997.9619
60.0 2.5 0.0 10.0 4985.2972
60.0 -2.5 2.5 10.0 890655.2132
60.0 0.0 2.5 10.0 8697428.3356
60.0 2.5 2.5 10.0 26117.936100000003
60.0 -2.5 5.0 10.0 232560604.3252
60.0 0.0 5.0 10.0 383433703.41359997
60.0 2.5 5.0 10.0 546459920.7745
60.0 2.5 -10.0 11.25 -1.4532
60.0 5.0 -10.0 11.25 -1.0637
60.0 10.0 -10.0 11.25 -0.0833
60.0 0.0 -7.5 11.25 0.23409999999999997
60.0 2.5 -7.5 11.25 0.5662
60.0 5.0 -7.5 11.25 -0.8313999999999999
60.0 7.5 -7.5 11.25 -0.5869
60.0 0.0 -5.0 11.25 5.8177
60.0 2.5 -5.0 11.25 2.9688
60.0 5.0 -5.0 11.25 0.20350000000000001
60.0 -2.5 -2.5 11.25 37.6494
60.0 0.0 -2.5 11.25 7.9418
60.0 2.5 -2.5 11.25 2.5246
60.0 5.0 -2.5 11.25 -0.6757
60.0 7.5 -2.5 11.25 -0.9021000000000001
60.0 -5.0 0.0 11.25 -7.1607
60.0 -2.5 0.0 11.25 247.2265
60.0 0.0 0.0 11.25 567244.5807
60.0 2.5 0.0 11.25 -3.4616000000000002
60.0 5.0 0.0 11.25 -3.898
60.0 -5.0 2.5 11.25 1323984.8594
60.0 -2.5 2.5 11.25 3884540.3589
60.0 0.0 2.5 11.25 328027078.0076
60.0 2.5 2.5 11.25 5298730.5536
60.0 5.0 2.5 11.25 7.9049
60.0 -2.5 5.0 11.25 8308631.195
60.0 0.0 5.0 11.25 944148619.6877999
60.0 2.5 5.0 11.25 31460721.2467
60.0 5.0 5.0 11.25 15624.5746
60.0 7.5 5.0 11.25 -0.6972999999999998
60.0 -2.5 -10.0 12.5 -1.1743
60.0 0.0 -10.0 12.5 -1.2709
60.0 2.5 -10.0 12.5 -1.4426999999999999
60.0 5.0 -10.0 12.5 -0.9077
60.0 7.5 -10.0 12.5 -0.4588
60.0 10.0 -10.0 12.5 -0.0149
60.0 0.0 -7.5 12.5 1.3484
60.0 2.5 -7.5 12.5 0.6256999999999999
60.0 5.0 -7.5 12.5 -0.3741
60.0 7.5 -7.5 12.5 -0.1361
60.0 10.0 -7.5 12.5 -0.0401
60.0 -2.5 -5.0 12.5 4.6918999999999995
60.0 0.0 -5.0 12.5 5.563899999999999
60.0 2.5 -5.0 12.5 3.0494
60.0 5.0 -5.0 12.5 1.1863
60.0 7.5 -5.0 12.5 0.2403
60.0 -5.0 -2.5 12.5 -1.0451000000000001
60.0 -2.5 -2.5 12.5 3.9767
60.0 0.0 -2.5 12.5 5.7859
60.0 2.5 -2.5 12.5 3.7549
60.0 5.0 -2.5 12.5 1.0788
60.0 7.5 -2.5 12.5 0.3441
60.0 -5.0 0.0 12.5 -6.3357
60.0 -2.5 0.0 12.5 4.0133
60.0 0.0 0.0 12.5 6.7401
60.0 2.5 0.0 12.5 0.7301000000000002
60.0 5.0 0.0 12.5 -0.40239999999999987
60.0 -5.0 2.5 12.5 87.604
60.0 -2.5 2.5 12.5 15728.1669
60.0 0.0 2.5 12.5 2476975368.8346
60.0 2.5 2.5 12.5 288684.3769
60.0 5.0 2.5 12.5 -0.4096000000000001
60.0 7.5 2.5 12.5 -0.3981
60.0 -5.0 5.0 12.5 5.327
60.0 -2.5 5.0 12.5 3589.1143
60.0 0.0 5.0 12.5 272453.7857
60.0 2.5 5.0 12.5 4007.5933
60.0 5.0 5.0 12.5 180.3193
60.0 7.5 5.0 12.5 -0.7988000000000001
60.0 10.0 5.0 12.5 1.884
60.0 -2.5 -10.0 13.75 -1.3489
60.0 0.0 -10.0 13.75 -1.7191
60.0 2.5 -10.0 13.75 -1.4764
60.0 5.0 -10.0 13.75 -0.8428
60.0 7.5 -10.0 13.75 -0.24280000000000002
60.0 10.0 -10.0 13.75 0.0
60.0 0.0 -7.5 13.75 1.2391
60.0 2.5 -7.5 13.75 0.2247
60.0 5.0 -7.5 13.75 -0.085
60.0 7.5 -7.5 13.75 0.0412
60.0 10.0 -7.5 13.75 0.0015
60.0 -2.5 -5.0 13.75 4.2085
60.0 0.0 -5.0 13.75 4.3894
60.0 2.5 -5.0 13.75 3.268
60.0 5.0 -5.0 13.75 1.7009
60.0 7.5 -5.0 13.75 0.5202
60.0 10.0 -5.0 13.75 0.2199
60.0 -5.0 -2.5 13.75 -0.6603
60.0 -2.5 -2.5 13.75 3.9301999999999997
60.0 0.0 -2.5 13.75 5.880199999999999
60.0 2.5 -2.5 13.75 4.4889
60.0 5.0 -2.5 13.75 1.884
60.0 7.5 -2.5 13.75 0.7204
60.0 -5.0 0.0 13.75 -4.3705
60.0 -2.5 0.0 13.75 0.4707999999999999
60.0 0.0 0.0 13.75 6.0374
60.0 2.5 0.0 13.75 5.203799999999999
60.0 5.0 0.0 13.75 1.6308
60.0 -5.0 2.5 13.75 -6.47
60.0 -2.5 2.5 13.75 7.944400000000001
60.0 0.0 2.5 13.75 159.9654
60.0 2.5 2.5 13.75 471.1064
60.0 5.0 2.5 13.75 -0.22250000000000014
60.0 7.5 2.5 13.75 -0.5048
60.0 -5.0 5.0 13.75 -4.6182
60.0 -2.5 5.0 13.75 -0.023699999999999832
60.0 0.0 5.0 13.75 368.39009999999996
60.0 2.5 5.0 13.75 5.7035
60.0 5.0 5.0 13.75 -7.7461
60.0 7.5 5.0 13.75 -0.8712
60.0 10.0 5.0 13.75 1.4579
60.0 -5.0 -10.0 15.0 -0.9831
60.0 -2.5 -10.0 15.0 -1.7137
60.0 0.0 -10.0 15.0 -1.9312
60.0 2.5 -10.0 15.0 -1.3817
60.0 5.0 -10.0 15.0 -0.6529
60.0 7.5 -10.0 15.0 -0.0465
60.0 10.0 -10.0 15.0 0.0
60.0 -5.0 -7.5 15.0 0.2677
60.0 -2.5 -7.5 15.0 0.7292
60.0 0.0 -7.5 15.0 0.3983
60.0 2.5 -7.5 15.0 0.04819999999999999
60.0 5.0 -7.5 15.0 -0.0305
60.0 7.5 -7.5 15.0 -0.10339999999999999
60.0 10.0 -7.5 15.0 0.0
60.0 -5.0 -5.0 15.0 0.9773000000000001
60.0 -2.5 -5.0 15.0 2.9307
60.0 0.0 -5.0 15.0 3.4196999999999997
60.0 2.5 -5.0 15.0 2.6629
60.0 5.0 -5.0 15.0 1.4000000000000001
60.0 7.5 -5.0 15.0 0.6128
60.0 10.0 -5.0 15.0 0.1217
60.0 -5.0 -2.5 15.0 -0.595
60.0 -2.5 -2.5 15.0 3.3267
60.0 0.0 -2.5 15.0 5.432200000000001
60.0 2.5 -2.5 15.0 3.9908
60.0 5.0 -2.5 15.0 2.3444000000000003
60.0 7.5 -2.5 15.0 1.1093
60.0 10.0 -2.5 15.0 0.6688999999999999
60.0 -5.0 0.0 15.0 -2.8464
60.0 -2.5 0.0 15.0 1.9607999999999999
60.0 0.0 0.0 15.0 6.600700000000001
60.0 2.5 0.0 15.0 5.5011
60.0 5.0 0.0 15.0 1.6481
60.0 7.5 0.0 15.0 0.5312
60.0 -5.0 2.5 15.0 -4.2806999999999995
60.0 -2.5 2.5 15.0 -0.6576
60.0 0.0 2.5 15.0 11.168
60.0 2.5 2.5 15.0 5.1584
60.0 5.0 2.5 15.0 -0.25289999999999996
60.0 7.5 2.5 15.0 -0.6707000000000001
60.0 10.0 2.5 15.0 0.0609
60.0 -5.0 5.0 15.0 -2.1117
60.0 -2.5 5.0 15.0 -3.9465000000000003
60.0 0.0 5.0 15.0 -5.2294
60.0 2.5 5.0 15.0 -7.8563
60.0 5.0 5.0 15.0 -5.8461
60.0 7.5 5.0 15.0 -1.2892000000000001
60.0 10.0 5.0 15.0 0.6284000000000001
60.0 -5.0 -10.0 16.25 -1.3137
60.0 -2.5 -10.0 16.25 -1.8392000000000002
60.0 0.0 -10.0 16.25 -1.6437
60.0 2.5 -10.0 16.25 -0.9876999999999999
60.0 5.0 -10.0 16.25 -0.1754
60.0 7.5 -10.0 16.25 0.0
60.0 10.0 -10.0 16.25 0.0
60.0 -5.0 -7.5 16.25 -0.2378
60.0 -2.5 -7.5 16.25 -0.3468
60.0 0.0 -7.5 16.25 -0.3381
60.0 2.5 -7.5 16.25 -0.271
60.0 5.0 -7.5 16.25 -0.102
60.0 7.5 -7.5 16.25 0.0023
60.0 10.0 -7.5 16.25 0.0
60.0 -5.0 -5.0 16.25 0.665
60.0 -2.5 -5.0 16.25 1.8052
60.0 0.0 -5.0 16.25 2.2382999999999997
60.0 2.5 -5.0 16.25 1.8572000000000002
60.0 5.0 -5.0 16.25 1.1565
60.0 7.5 -5.0 16.25 0.4461
60.0 10.0 -5.0 16.25 0.0343
60.0 -5.0 -2.5 16.25 0.11810000000000001
60.0 -2.5 -2.5 16.25 3.397
60.0 0.0 -2.5 16.25 4.4756
60.0 2.5 -2.5 16.25 3.7014
60.0 5.0 -2.5 16.25 2.2634000000000003
60.0 7.5 -2.5 16.25 1.2244000000000002
60.0 10.0 -2.5 16.25 0.47800000000000004
60.0 -5.0 0.0 16.25 -1.1862
60.0 -2.5 0.0 16.25 3.0326
60.0 0.0 0.0 16.25 5.5466
60.0 2.5 0.0 16.25 3.4699
60.0 5.0 0.0 16.25 1.4002
60.0 7.5 0.0 16.25 0.7803
60.0 10.0 0.0 16.25 0.8667
60.0 -5.0 2.5 16.25 -1.6784
60.0 -2.5 2.5 16.25 0.9718
60.0 0.0 2.5 16.25 4.3083
60.0 2.5 2.5 16.25 1.9315000000000002
60.0 5.0 2.5 16.25 -0.9478
60.0 7.5 2.5 16.25 -0.4861
60.0 10.0 2.5 16.25 0.4155
60.0 -5.0 5.0 16.25 -1.9266
60.0 -2.5 5.0 16.25 -2.1437
60.0 0.0 5.0 16.25 -3.2512
60.0 2.5 5.0 16.25 -5.1269
60.0 5.0 5.0 16.25 -4.2684
60.0 7.5 5.0 16.25 -1.677
60.0 10.0 5.0 16.25 -0.012299999999999998
120.0 -5.0 -10.0 3.75 -0.7656000000000001
120.0 -2.5 -10.0 3.75 -4.0349
120.0 0.0 -10.0 3.75 -6.0401
120.0 2.5 -10.0 3.75 -3.3823
120.0 5.0 -10.0 3.75 0.042200000000000015
120.0 7.5 -10.0 3.75 1.0221
120.0 10.0 -10.0 3.75 0.7145
120.0 -5.0 -7.5 3.75 1.1536
120.0 -2.5 -7.5 3.75 -10.9802
120.0 0.0 -7.5 3.75 49.6593
120.0 2.5 -7.5 3.75 5.890000000000001
120.0 5.0 -7.5 3.75 -2.5317
120.0 7.5 -7.5 3.75 2.7727
120.0 10.0 -7.5 3.75 1.4552999999999998
120.0 -5.0 -5.0 3.75 3.3649
120.0 -2.5 -5.0 3.75 9.639199999999999
120.0 0.0 -5.0 3.75 122266174.9856
120.0 2.5 -5.0 3.75 1242378481.3792
120.0 5.0 -5.0 3.75 49207.0824
120.0 7.5 -5.0 3.75 220.3231
120.0 10.0 -5.0 3.75 1.6923999999999997
120.0 -5.0 -2.5 3.75 125.6129
120.0 -2.5 -2.5 3.75 107238.3977
120.0 0.0 -2.5 3.75 10000000110.3055
120.0 2.5 -2.5 3.75 10000000014.6667
120.0 5.0 -2.5 3.75 42749240.8857
120.0 7.5 -2.5 3.75 2399908.8201
120.0 10.0 -2.5 3.75 14574.0403
120.0 -5.0 0.0 3.75 9999999963.4382
120.0 -2.5 0.0 3.75 963341.581
120.0 0.0 0.0 3.75 359388510.9642
120.0 2.5 0.0 3.75 2970673539.0829997
120.0 5.0 0.0 3.75 630146867.2651
120.0 7.5 0.0 3.75 3026131909.5791
120.0 10.0 0.0 3.75 508471825.94879997
120.0 -5.0 2.5 3.75 10000000002.992802
120.0 -2.5 2.5 3.75 293371756.0758
120.0 0.0 2.5 3.75 9999999918.635801
120.0 2.5 2.5 3.75 10000000084.8883
120.0 5.0 2.5 3.75 48046165.771000005
120.0 7.5 2.5 3.75 300278.2775
120.0 10.0 2.5 3.75 69261996.6274
120.0 -5.0 5.0 3.75 9999999988.6879
120.0 -2.5 5.0 3.75 69327895.14819999
120.0 0.0 5.0 3.75 9999999920.129702
120.0 2.5 5.0 3.75 10000000008.982801
120.0 5.0 5.0 3.75 8220969789.8605
120.0 7.5 5.0 3.75 1065645.1334
120.0 10.0 5.0 3.75 78.3151
120.0 -2.5 5.0 5.0 10000000027.4428
120.0 -2.5 2.5 6.25 10000000149.7252
120.0 -2.5 5.0 6.25 6642707070.2579
120.0 2.5 -7.5 7.5 53.403499999999994
120.0 0.0 -5.0 7.5 167.13070000000002
120.0 -2.5 0.0 7.5 53228776.5853
120.0 -2.5 2.5 7.5 216109092.9022
120.0 0.0 2.5 7.5 613107298.1278
120.0 -2.5 5.0 7.5 1605235330.9551
120.0 0.0 5.0 7.5 1692688306.2
120.0 2.5 -7.5 8.75 4.2989
120.0 5.0 -7.5 8.75 -4.7196
120.0 0.0 -5.0 8.75 -2.0442
120.0 0.0 0.0 8.75 832110.1947
120.0 -2.5 2.5 8.75 10000000026.8393
120.0 0.0 2.5 8.75 297207625.27760005
120.0 -5.0 5.0 8.75 3346584482.3621
120.0 -2.5 5.0 8.75 10000000110.118101
120.0 0.0 5.0 8.75 9999999946.732302
120.0 2.5 5.0 8.75 72853109.6067
120.0 2.5 -10.0 10.0 1.7165
120.0 2.5 -7.5 10.0 0.4991
120.0 5.0 -7.5 10.0 -4.3349
120.0 7.5 -7.5 10.0 -3.0796
120.0 -2.5 -5.0 10.0 -4.9292
120.0 0.0 -5.0 10.0 -4.585
120.0 2.5 -5.0 10.0 -6.2844
120.0 0.0 -2.5 10.0 105.10220000000001
120.0 0.0 0.0 10.0 1632.7172
120.0 2.5 0.0 10.0 12962.5161
120.0 -5.0 2.5 10.0 575507127.2307
120.0 -2.5 2.5 10.0 9999999986.756802
120.0 0.0 2.5 10.0 1165853.8901
120.0 2.5 2.5 10.0 536550.88
120.0 -5.0 5.0 10.0 834630.7605000001
120.0 -2.5 5.0 10.0 966981114.5203
120.0 0.0 5.0 10.0 9999999929.0736
120.0 2.5 5.0 10.0 1839965.1206
120.0 5.0 5.0 10.0 902.7541
120.0 2.5 -10.0 11.25 1.0735
120.0 5.0 -10.0 11.25 0.035500000000000004
120.0 10.0 -10.0 11.25 -0.9292
120.0 -2.5 -7.5 11.25 -0.5413
120.0 0.0 -7.5 11.25 0.054900000000000004
120.0 2.5 -7.5 11.25 -0.6838
120.0 5.0 -7.5 11.25 -3.2641999999999998
120.0 7.5 -7.5 11.25 -2.2561
120.0 -2.5 -5.0 11.25 -3.1378000000000004
120.0 0.0 -5.0 11.25 -4.1766000000000005
120.0 2.5 -5.0 11.25 -5.5877
120.0 5.0 -5.0 11.25 -7.3391
120.0 7.5 -5.0 11.25 -4.0283
120.0 0.0 -2.5 11.25 -8.1798
120.0 2.5 -2.5 11.25 -9.2017
120.0 -5.0 0.0 11.25 6097.7711
120.0 -2.5 0.0 11.25 157.3332
120.0 0.0 0.0 11.25 5.58
120.0 2.5 0.0 11.25 8.854000000000001
120.0 -5.0 2.5 11.25 167135305.6579
120.0 -2.5 2.5 11.25 9999999973.641602
120.0 0.0 2.5 11.25 544088.8653000001
120.0 2.5 2.5 11.25 201.5732
120.0 -5.0 5.0 11.25 2972.3851
120.0 -2.5 5.0 11.25 119461866.92210001
120.0 0.0 5.0 11.25 4463573.329
120.0 2.5 5.0 11.25 1543.8282
120.0 5.0 5.0 11.25 6.9888
120.0 7.5 5.0 11.25 11.1471
120.0 -5.0 -10.0 12.5 -0.438
120.0 -2.5 -10.0 12.5 0.6728
120.0 0.0 -10.0 12.5 1.4818
120.0 2.5 -10.0 12.5 0.7906000000000001
120.0 5.0 -10.0 12.5 -0.1526
120.0 7.5 -10.0 12.5 -0.8391
120.0 10.0 -10.0 12.5 -1.2225
120.0 -2.5 -7.5 12.5 -0.5771
120.0 0.0 -7.5 12.5 -0.3841
120.0 2.5 -7.5 12.5 -0.9389
120.0 5.0 -7.5 12.5 -2.2853000000000003
120.0 7.5 -7.5 12.5 -1.6592
120.0 10.0 -7.5 12.5 -1.5055
120.0 -2.5 -5.0 12.5 -1.8327999999999998
120.0 0.0 -5.0 12.5 -3.3501000000000003
120.0 2.5 -5.0 12.5 -3.965
120.0 5.0 -5.0 12.5 -3.7897
120.0 -5.0 -2.5 12.5 -0.6208
120.0 -2.5 -2.5 12.5 -2.7478
120.0 0.0 -2.5 12.5 -5.6057999999999995
120.0 2.5 -2.5 12.5 -5.8346
120.0 5.0 -2.5 12.5 -3.1002
120.0 -5.0 0.0 12.5 23.745600000000003
120.0 -2.5 0.0 12.5 20.7791
120.0 0.0 0.0 12.5 -6.5314
120.0 2.5 0.0 12.5 -5.338100000000001
120.0 5.0 0.0 12.5 1.1111000000000002
120.0 -5.0 2.5 12.5 12573872.9655
120.0 -2.5 2.5 12.5 414320.7945
120.0 0.0 2.5 12.5 201138.73849999998
120.0 2.5 2.5 12.5 -5.3205
120.0 5.0 2.5 12.5 3.8326
120.0 -5.0 5.0 12.5 154.582
120.0 -2.5 5.0 12.5 3319592.4354000003
120.0 0.0 5.0 12.5 23986080.815899998
120.0 2.5 5.0 12.5 9.015699999999999
120.0 5.0 5.0 12.5 2.5743
120.0 7.5 5.0 12.5 7.5268
120.0 -5.0 -10.0 13.75 -0.22390000000000002
120.0 -2.5 -10.0 13.75 0.7541000000000001
120.0 0.0 -10.0 13.75 1.3299
120.0 2.5 -10.0 13.75 0.8224
120.0 5.0 -10.0 13.75 -0.1668
120.0 7.5 -10.0 13.75 -1.1197
120.0 10.0 -10.0 13.75 -1.2271
120.0 -2.5 -7.5 13.75 -0.163
120.0 0.0 -7.5 13.75 -0.1528
120.0 2.5 -7.5 13.75 -0.8599
120.0 5.0 -7.5 13.75 -1.48
120.0 7.5 -7.5 13.75 -1.6387999999999998
120.0 10.0 -7.5 13.75 -1.7205000000000001
120.0 -2.5 -5.0 13.75 -1.0698
120.0 0.0 -5.0 13.75 -2.1232
120.0 2.5 -5.0 13.75 -2.6729
120.0 5.0 -5.0 13.75 -2.5751
120.0 7.5 -5.0 13.75 -1.3483999999999998
120.0 10.0 -5.0 13.75 -0.7476
120.0 -5.0 -2.5 13.75 0.26720000000000005
120.0 -2.5 -2.5 13.75 -1.2764
120.0 0.0 -2.5 13.75 -3.6592000000000002
120.0 2.5 -2.5 13.75 -3.1157
120.0 5.0 -2.5 13.75 -1.4123
120.0 -5.0 0.0 13.75 3.1428000000000003
120.0 -2.5 0.0 13.75 0.24140000000000028
120.0 0.0 0.0 13.75 -3.0527
120.0 2.5 0.0 13.75 -2.8523
120.0 5.0 0.0 13.75 0.851
120.0 -5.0 2.5 13.75 157.7335
120.0 -2.5 2.5 13.75 1707.2555
120.0 0.0 2.5 13.75 5.5516000000000005
120.0 2.5 2.5 13.75 -2.5379
120.0 5.0 2.5 13.75 2.6250999999999998
120.0 -5.0 5.0 13.75 0.5926999999999998
120.0 -2.5 5.0 13.75 111.5453
120.0 0.0 5.0 13.75 1966.7537
120.0 2.5 5.0 13.75 -4.2305
120.0 5.0 5.0 13.75 1.8910000000000002
120.0 7.5 5.0 13.75 5.7877
120.0 -5.0 -10.0 15.0 -0.018000000000000002
120.0 -2.5 -10.0 15.0 0.6193000000000001
120.0 0.0 -10.0 15.0 0.8429
120.0 2.5 -10.0 15.0 0.4644
120.0 5.0 -10.0 15.0 -0.37939999999999996
120.0 7.5 -10.0 15.0 -0.9986999999999999
120.0 10.0 -10.0 15.0 -0.8149
120.0 -5.0 -7.5 15.0 -0.8882
120.0 -2.5 -7.5 15.0 -0.0392
120.0 0.0 -7.5 15.0 0.5008
120.0 2.5 -7.5 15.0 -0.33249999999999996
120.0 5.0 -7.5 15.0 -1.1587
120.0 7.5 -7.5 15.0 -1.6012
120.0 10.0 -7.5 15.0 -1.4287
120.0 -5.0 -5.0 15.0 -0.5831999999999999
120.0 -2.5 -5.0 15.0 -0.4188
120.0 0.0 -5.0 15.0 -1.244
120.0 2.5 -5.0 15.0 -1.6793
120.0 5.0 -5.0 15.0 -2.0128
120.0 7.5 -5.0 15.0 -1.4317
120.0 10.0 -5.0 15.0 -1.0571000000000002
120.0 -5.0 -2.5 15.0 0.35519999999999996
120.0 -2.5 -2.5 15.0 -0.5345
120.0 0.0 -2.5 15.0 -1.8708
120.0 2.5 -2.5 15.0 -2.1106000000000003
120.0 5.0 -2.5 15.0 -0.7262000000000001
120.0 7.5 -2.5 15.0 0.1884
120.0 10.0 -2.5 15.0 0.6189
120.0 -5.0 0.0 15.0 1.9873999999999998
120.0 -2.5 0.0 15.0 0.6165
120.0 0.0 0.0 15.0 -2.2515
120.0 2.5 0.0 15.0 -2.2218
120.0 5.0 0.0 15.0 0.6323000000000001
120.0 10.0 0.0 15.0 2.7876
120.0 -5.0 2.5 15.0 4.923400000000001
120.0 -2.5 2.5 15.0 4.2118
120.0 0.0 2.5 15.0 -0.30400000000000005
120.0 2.5 2.5 15.0 -1.4282
120.0 5.0 2.5 15.0 2.05
120.0 7.5 2.5 15.0 4.7414
120.0 -5.0 5.0 15.0 2.1849
120.0 -2.5 5.0 15.0 6.307
120.0 0.0 5.0 15.0 -0.7083999999999999
120.0 2.5 5.0 15.0 -3.5849
120.0 5.0 5.0 15.0 1.4009
120.0 7.5 5.0 15.0 4.745
120.0 10.0 5.0 15.0 3.8281
120.0 -5.0 -10.0 16.25 0.074
120.0 -2.5 -10.0 16.25 0.5317000000000001
120.0 0.0 -10.0 16.25 0.6110000000000001
120.0 2.5 -10.0 16.25 0.2264
120.0 5.0 -10.0 16.25 -0.3512
120.0 7.5 -10.0 16.25 -0.626
120.0 10.0 -10.0 16.25 -0.4008
120.0 -5.0 -7.5 16.25 -0.4046
120.0 -2.5 -7.5 16.25 0.12450000000000001
120.0 0.0 -7.5 16.25 0.39299999999999996
120.0 2.5 -7.5 16.25 -0.14070000000000002
120.0 5.0 -7.5 16.25 -0.9587
120.0 7.5 -7.5 16.25 -1.4261
120.0 10.0 -7.5 16.25 -1.0183
120.0 -5.0 -5.0 16.25 -0.4052
120.0 -2.5 -5.0 16.25 0.1089
120.0 0.0 -5.0 16.25 -0.1265
120.0 2.5 -5.0 16.25 -1.0808
120.0 5.0 -5.0 16.25 -1.5335
120.0 7.5 -5.0 16.25 -1.3071
120.0 10.0 -5.0 16.25 -1.0612
120.0 -5.0 -2.5 16.25 0.6078
120.0 -2.5 -2.5 16.25 0.3267
120.0 0.0 -2.5 16.25 -0.7098
120.0 2.5 -2.5 16.25 -1.3448
120.0 5.0 -2.5 16.25 -0.7364999999999999
120.0 7.5 -2.5 16.25 -0.24659999999999999
120.0 10.0 -2.5 16.25 -0.0713
120.0 -5.0 0.0 16.25 1.8981999999999999
120.0 -2.5 0.0 16.25 0.7485
120.0 0.0 0.0 16.25 -0.7079
120.0 2.5 0.0 16.25 -0.8897999999999999
120.0 5.0 0.0 16.25 1.0267000000000002
120.0 7.5 0.0 16.25 2.0747999999999998
120.0 10.0 0.0 16.25 1.5644
120.0 -5.0 2.5 16.25 2.9332000000000003
120.0 -2.5 2.5 16.25 2.3581
120.0 0.0 2.5 16.25 -0.46080000000000004
120.0 2.5 2.5 16.25 -1.1158
120.0 5.0 2.5 16.25 1.6705
120.0 7.5 2.5 16.25 3.759
120.0 10.0 2.5 16.25 2.728
120.0 -5.0 5.0 16.25 1.8712
120.0 -2.5 5.0 16.25 1.0582999999999998
120.0 0.0 5.0 16.25 -2.6901
120.0 2.5 5.0 16.25 -2.5604
120.0 5.0 5.0 16.25 1.1383999999999999
120.0 7.5 5.0 16.25 3.4162000000000003
120.0 10.0 5.0 16.25 2.4028
180.0 -5.0 -10.0 3.75 -0.11450000000000005
180.0 -2.5 -10.0 3.75 1.6919000000000002
180.0 0.0 -10.0 3.75 1.5809000000000002
180.0 2.5 -10.0 3.75 0.3114
180.0 5.0 -10.0 3.75 -0.4828
180.0 7.5 -10.0 3.75 -0.5428
180.0 10.0 -10.0 3.75 -0.2056
180.0 -5.0 -7.5 3.75 40.5874
180.0 -2.5 -7.5 3.75 1.0808
180.0 0.0 -7.5 3.75 2.8891000000000004
180.0 2.5 -7.5 3.75 1.3551000000000002
180.0 5.0 -7.5 3.75 -0.179
180.0 7.5 -7.5 3.75 -0.258
180.0 10.0 -7.5 3.75 0.1128
180.0 -5.0 -5.0 3.75 10000000000.423101
180.0 -2.5 -5.0 3.75 61797731.7352
180.0 0.0 -5.0 3.75 115.7499
180.0 2.5 -5.0 3.75 -0.41780000000000017
180.0 5.0 -5.0 3.75 -2.9811
180.0 7.5 -5.0 3.75 -1.49
180.0 10.0 -5.0 3.75 -0.053500000000000006
180.0 -5.0 -2.5 3.75 10000000026.5529
180.0 -2.5 -2.5 3.75 10000000050.644201
180.0 0.0 -2.5 3.75 11863202.1283
180.0 2.5 -2.5 3.75 41432.9871
180.0 5.0 -2.5 3.75 -13.9011
180.0 7.5 -2.5 3.75 -7.7919
180.0 10.0 -2.5 3.75 -3.1586999999999996
180.0 -5.0 0.0 3.75 7799811365.517099
180.0 -2.5 0.0 3.75 40294569.8098
180.0 0.0 0.0 3.75 146801832.168
180.0 2.5 0.0 3.75 103419250.8322
180.0 5.0 0.0 3.75 2939.7156
180.0 7.5 0.0 3.75 325.0522
180.0 10.0 0.0 3.75 -0.3534999999999995
180.0 -5.0 2.5 3.75 4920223769.457601
180.0 -2.5 2.5 3.75 10000000049.7036
180.0 0.0 2.5 3.75 10000000091.541601
180.0 2.5 2.5 3.75 10000000122.609201
180.0 5.0 2.5 3.75 1291350089.1816
180.0 7.5 2.5 3.75 3072953978.7161
180.0 10.0 2.5 3.75 36150516.866
180.0 -5.0 5.0 3.75 10000000078.138601
180.0 -2.5 5.0 3.75 232953297.8737
180.0 0.0 5.0 3.75 6216727993.1363
180.0 2.5 5.0 3.75 574663554.1177
180.0 5.0 5.0 3.75 9999999949.607101
180.0 7.5 5.0 3.75 761051231.7538
180.0 10.0 5.0 3.75 1677375.7718
180.0 -2.5 -2.5 7.5 19786512.9764
180.0 0.0 2.5 7.5 10000000006.9025
180.0 0.0 5.0 7.5 9999999937.8446
180.0 -5.0 -2.5 8.75 164053.88919999998
180.0 -2.5 -2.5 8.75 24146086.7019
180.0 2.5 -2.5 8.75 65.30799999999999
180.0 -5.0 0.0 8.75 32505310.132
180.0 0.0 0.0 8.75 56725.2543
180.0 0.0 2.5 8.75 3715076142.8241
180.0 0.0 -10.0 10.0 -1.2398
180.0 2.5 -10.0 10.0 -1.5444
180.0 0.0 -7.5 10.0 -3.2314999999999996
180.0 2.5 -7.5 10.0 -1.4516
180.0 5.0 -7.5 10.0 -0.4365
180.0 -2.5 -5.0 10.0 159.5527
180.0 0.0 -5.0 10.0 4.9905
180.0 2.5 -5.0 10.0 -0.9906
180.0 5.0 -5.0 10.0 0.671
180.0 -5.0 -2.5 10.0 53.84
180.0 -2.5 -2.5 10.0 85.8411
180.0 0.0 -2.5 10.0 10.2418
180.0 2.5 -2.5 10.0 3.8528
180.0 -5.0 0.0 10.0 17205228.7863
180.0 -2.5 0.0 10.0 5634364.3593
180.0 0.0 0.0 10.0 400743.2925
180.0 -5.0 2.5 10.0 3578133546.0163
180.0 0.0 2.5 10.0 547094.325
180.0 2.5 2.5 10.0 2236415.5989
180.0 0.0 5.0 10.0 9871022.651899999
180.0 2.5 5.0 10.0 14178745.3867
180.0 0.0 -10.0 11.25 -1.6046
180.0 2.5 -10.0 11.25 -1.5725
180.0 5.0 -10.0 11.25 -1.0061
180.0 0.0 -7.5 11.25 -2.6807
180.0 2.5 -7.5 11.25 -1.3148
180.0 5.0 -7.5 11.25 -0.5611
180.0 7.5 -7.5 11.25 0.18319999999999997
180.0 -2.5 -5.0 11.25 -6.6175
180.0 0.0 -5.0 11.25 -3.9795
180.0 2.5 -5.0 11.25 -0.33740000000000003
180.0 5.0 -5.0 11.25 0.684
180.0 -5.0 -2.5 11.25 71.03609999999999
180.0 -2.5 -2.5 11.25 -0.8865
180.0 0.0 -2.5 11.25 0.15580000000000016
180.0 2.5 -2.5 11.25 3.8253999999999997
180.0 -5.0 0.0 11.25 961488.9791
180.0 -2.5 0.0 11.25 9313527.724
180.0 0.0 0.0 11.25 8652.8784
180.0 -5.0 2.5 11.25 9999999944.653301
180.0 -2.5 2.5 11.25 44868404.918299995
180.0 0.0 2.5 11.25 54785.0806
180.0 2.5 2.5 11.25 94.3309
180.0 -5.0 5.0 11.25 956667.6696
180.0 0.0 5.0 11.25 45861141.941
180.0 2.5 5.0 11.25 11.488199999999999
180.0 -5.0 -10.0 12.5 0.5583
180.0 -2.5 -10.0 12.5 -0.9372
180.0 0.0 -10.0 12.5 -1.7677
180.0 2.5 -10.0 12.5 -1.589
180.0 5.0 -10.0 12.5 -0.8797
180.0 7.5 -10.0 12.5 -0.1259
180.0 10.0 -10.0 12.5 0.0
180.0 -2.5 -7.5 12.5 -1.8356999999999999
180.0 0.0 -7.5 12.5 -2.4453
180.0 2.5 -7.5 12.5 -1.7166000000000001
180.0 5.0 -7.5 12.5 -0.675
180.0 7.5 -7.5 12.5 0.1768
180.0 -5.0 -5.0 12.5 -1.9451
180.0 -2.5 -5.0 12.5 -2.5588
180.0 0.0 -5.0 12.5 -1.7917
180.0 2.5 -5.0 12.5 0.010999999999999982
180.0 5.0 -5.0 12.5 0.7666
180.0 -5.0 -2.5 12.5 -2.8024
180.0 -2.5 -2.5 12.5 -1.3373999999999997
180.0 0.0 -2.5 12.5 1.5261
180.0 2.5 -2.5 12.5 3.2963
180.0 5.0 -2.5 12.5 2.2478
180.0 -5.0 0.0 12.5 46340.8406
180.0 -2.5 0.0 12.5 5846.4673
180.0 0.0 0.0 12.5 247.12969999999999
180.0 2.5 0.0 12.5 5.32
180.0 -5.0 2.5 12.5 27117.1922
180.0 -2.5 2.5 12.5 2277839.7928
180.0 0.0 2.5 12.5 371.4971
180.0 2.5 2.5 12.5 3.2786999999999997
180.0 -5.0 5.0 12.5 1305.2474
180.0 -2.5 5.0 12.5 19004.4396
180.0 0.0 5.0 12.5 400.2939
180.0 2.5 5.0 12.5 -0.9783999999999997
180.0 5.0 5.0 12.5 -3.9513999999999996
180.0 7.5 5.0 12.5 -6.7801
180.0 10.0 5.0 12.5 -5.2284999999999995
180.0 -5.0 -10.0 13.75 0.25179999999999997
180.0 -2.5 -10.0 13.75 -0.9162
180.0 0.0 -10.0 13.75 -1.5087
180.0 2.5 -10.0 13.75 -1.2202000000000002
180.0 5.0 -10.0 13.75 -0.5728
180.0 7.5 -10.0 13.75 -0.0606
180.0 10.0 -10.0 13.75 0.0
180.0 -5.0 -7.5 13.75 -0.0756
180.0 -2.5 -7.5 13.75 -1.5262
180.0 0.0 -7.5 13.75 -2.0767
180.0 2.5 -7.5 13.75 -1.4377
180.0 5.0 -7.5 13.75 -0.6083000000000001
180.0 7.5 -7.5 13.75 0.192
180.0 10.0 -7.5 13.75 0.2265
180.0 -5.0 -5.0 13.75 -0.5702
180.0 -2.5 -5.0 13.75 -1.6513
180.0 0.0 -5.0 13.75 -1.1381
180.0 2.5 -5.0 13.75 -0.0688
180.0 5.0 -5.0 13.75 0.44789999999999996
180.0 -5.0 -2.5 13.75 -2.116
180.0 -2.5 -2.5 13.75 -0.05290000000000017
180.0 0.0 -2.5 13.75 1.6808999999999998
180.0 2.5 -2.5 13.75 2.4075
180.0 5.0 -2.5 13.75 1.7791000000000001
180.0 -5.0 0.0 13.75 41.6339
180.0 -2.5 0.0 13.75 71.3728
180.0 0.0 0.0 13.75 4.4758000000000004
180.0 2.5 0.0 13.75 4.4217
180.0 -5.0 2.5 13.75 38.9695
180.0 -2.5 2.5 13.75 114.9152
180.0 0.0 2.5 13.75 4.3183
180.0 2.5 2.5 13.75 3.8215999999999997
180.0 5.0 2.5 13.75 0.19940000000000002
180.0 -5.0 5.0 13.75 -0.5730000000000004
180.0 -2.5 5.0 13.75 11.550799999999999
180.0 0.0 5.0 13.75 -3.6727
180.0 2.5 5.0 13.75 1.2761
180.0 5.0 5.0 13.75 -0.8007000000000001
180.0 7.5 5.0 13.75 -3.8829000000000002
180.0 10.0 5.0 13.75 -3.6601
180.0 -5.0 -10.0 15.0 -0.0279
180.0 -2.5 -10.0 15.0 -0.7849
180.0 0.0 -10.0 15.0 -0.978
180.0 2.5 -10.0 15.0 -0.7271
180.0 5.0 -10.0 15.0 -0.2416
180.0 7.5 -10.0 15.0 -0.0012
180.0 10.0 -10.0 15.0 0.0
180.0 -5.0 -7.5 15.0 -0.2914
180.0 -2.5 -7.5 15.0 -1.3892
180.0 0.0 -7.5 15.0 -1.4220000000000002
180.0 2.5 -7.5 15.0 -1.1727999999999998
180.0 5.0 -7.5 15.0 -0.5239
180.0 7.5 -7.5 15.0 -0.0157
180.0 10.0 -7.5 15.0 0.0053
180.0 -5.0 -5.0 15.0 -0.3701
180.0 -2.5 -5.0 15.0 -0.8773
180.0 0.0 -5.0 15.0 -0.8446
180.0 2.5 -5.0 15.0 -0.3627
180.0 5.0 -5.0 15.0 0.0935
180.0 7.5 -5.0 15.0 0.764
180.0 10.0 -5.0 15.0 0.6077
180.0 -5.0 -2.5 15.0 -0.6232
180.0 -2.5 -2.5 15.0 0.27799999999999997
180.0 0.0 -2.5 15.0 1.5108000000000001
180.0 2.5 -2.5 15.0 2.0091
180.0 5.0 -2.5 15.0 1.3393000000000002
180.0 10.0 -2.5 15.0 0.8817
180.0 -5.0 0.0 15.0 0.18130000000000002
180.0 -2.5 0.0 15.0 1.4485000000000001
180.0 0.0 0.0 15.0 2.815
180.0 2.5 0.0 15.0 2.9152
180.0 5.0 0.0 15.0 1.5149
180.0 -5.0 2.5 15.0 5.5621
180.0 -2.5 2.5 15.0 2.5907999999999998
180.0 0.0 2.5 15.0 3.1108000000000002
180.0 2.5 2.5 15.0 2.9211
180.0 5.0 2.5 15.0 0.14579999999999999
180.0 7.5 2.5 15.0 -2.1788
180.0 -5.0 5.0 15.0 -6.417
180.0 -2.5 5.0 15.0 -6.805899999999999
180.0 0.0 5.0 15.0 -1.8451
180.0 2.5 5.0 15.0 0.10839999999999994
180.0 5.0 5.0 15.0 -0.5510999999999999
180.0 7.5 5.0 15.0 -2.6215
180.0 10.0 5.0 15.0 -2.8957
180.0 -5.0 -10.0 16.25 -0.10830000000000001
180.0 -2.5 -10.0 16.25 -0.34700000000000003
180.0 0.0 -10.0 16.25 -0.4575
180.0 2.5 -10.0 16.25 -0.42379999999999995
180.0 5.0 -10.0 16.25 -0.0361
180.0 7.5 -10.0 16.25 0.0
180.0 10.0 -10.0 16.25 0.0
180.0 -5.0 -7.5 16.25 -0.1027
180.0 -2.5 -7.5 16.25 -0.6229
180.0 0.0 -7.5 16.25 -1.0754000000000001
180.0 2.5 -7.5 16.25 -0.7604
180.0 5.0 -7.5 16.25 -0.3411
180.0 7.5 -7.5 16.25 -0.0161
180.0 10.0 -7.5 16.25 0.0
180.0 -5.0 -5.0 16.25 0.09609999999999999
180.0 -2.5 -5.0 16.25 -0.3509
180.0 0.0 -5.0 16.25 -0.30279999999999996
180.0 2.5 -5.0 16.25 -0.2583
180.0 5.0 -5.0 16.25 0.15480000000000002
180.0 7.5 -5.0 16.25 0.2959
180.0 10.0 -5.0 16.25 0.0933
180.0 -5.0 -2.5 16.25 0.35140000000000005
180.0 -2.5 -2.5 16.25 0.7734
180.0 0.0 -2.5 16.25 1.1503
180.0 2.5 -2.5 16.25 1.3760000000000001
180.0 5.0 -2.5 16.25 0.8863
180.0 7.5 -2.5 16.25 0.7262
180.0 10.0 -2.5 16.25 0.5675
180.0 -5.0 0.0 16.25 1.1083
180.0 -2.5 0.0 16.25 1.5867
180.0 0.0 0.0 16.25 2.0754
180.0 2.5 0.0 16.25 2.2794
180.0 5.0 0.0 16.25 1.0394
180.0 7.5 0.0 16.25 0.05960000000000001
180.0 -5.0 2.5 16.25 1.4361000000000002
180.0 -2.5 2.5 16.25 1.5034
180.0 0.0 2.5 16.25 1.6265999999999998
180.0 2.5 2.5 16.25 1.6766
180.0 5.0 2.5 16.25 -0.07039999999999999
180.0 7.5 2.5 16.25 -1.7158
180.0 -5.0 5.0 16.25 -4.5868
180.0 -2.5 5.0 16.25 -3.8896
180.0 0.0 5.0 16.25 -1.3064
180.0 2.5 5.0 16.25 0.17329999999999995
180.0 5.0 5.0 16.25 -1.4005
180.0 7.5 5.0 16.25 -2.2762000000000002
180.0 10.0 5.0 16.25 -2.0971
240.0 -5.0 -10.0 3.75 -1.4696
240.0 -2.5 -10.0 3.75 -7.6431000000000004
240.0 0.0 -10.0 3.75 -8.5598
240.0 2.5 -10.0 3.75 -5.4190000000000005
240.0 5.0 -10.0 3.75 -1.8479999999999999
240.0 7.5 -10.0 3.75 -0.10300000000000004
240.0 10.0 -10.0 3.75 0.47150000000000003
240.0 -5.0 -7.5 3.75 -3.9966
240.0 -2.5 -7.5 3.75 334.9836
240.0 0.0 -7.5 3.75 10000000012.741402
240.0 2.5 -7.5 3.75 251454.0086
240.0 5.0 -7.5 3.75 395.6914
240.0 7.5 -7.5 3.75 -1.3136999999999999
240.0 10.0 -7.5 3.75 -0.14949999999999997
240.0 -5.0 -5.0 3.75 -12.0251
240.0 -2.5 -5.0 3.75 -19.2251
240.0 0.0 -5.0 3.75 1859322.3203
240.0 2.5 -5.0 3.75 20379647.288000003
240.0 5.0 -5.0 3.75 1890183682.7655
240.0 7.5 -5.0 3.75 53.012
240.0 10.0 -5.0 3.75 1.21
240.0 -5.0 -2.5 3.75 20076.1541
240.0 -2.5 -2.5 3.75 16065.707
240.0 0.0 -2.5 3.75 17629.858200000002
240.0 2.5 -2.5 3.75 1658572887.461
240.0 5.0 -2.5 3.75 10000000055.168001
240.0 7.5 -2.5 3.75 870.7426
240.0 10.0 -2.5 3.75 2.3425999999999996
240.0 -5.0 0.0 3.75 3822599859.9336
240.0 -2.5 0.0 3.75 9999999794.5795
240.0 0.0 0.0 3.75 183877391.442
240.0 2.5 0.0 3.75 467120809.8387
240.0 5.0 0.0 3.75 10000000032.8209
240.0 7.5 0.0 3.75 22011.9973
240.0 10.0 0.0 3.75 -0.4974999999999996
240.0 -5.0 2.5 3.75 9999999889.902802
240.0 -2.5 2.5 3.75 4869984818.441099
240.0 0.0 2.5 3.75 9999999762.3717
240.0 2.5 2.5 3.75 10000000059.810701
240.0 5.0 2.5 3.75 998036731.9206
240.0 7.5 2.5 3.75 518130.2449
240.0 10.0 2.5 3.75 -3.9054999999999995
240.0 -5.0 5.0 3.75 10000000012.2024
240.0 -2.5 5.0 3.75 9999999903.016901
240.0 0.0 5.0 3.75 10000000108.144901
240.0 2.5 5.0 3.75 10000000019.885
240.0 5.0 5.0 3.75 6156366221.3905
240.0 7.5 5.0 3.75 61800.4767
240.0 10.0 5.0 3.75 6.661899999999999
240.0 0.0 0.0 5.0 81128896.17300001
240.0 -2.5 2.5 5.0 9999999807.691502
240.0 -2.5 5.0 5.0 10000000302.082401
240.0 0.0 0.0 6.25 170308863.5848
240.0 -2.5 2.5 6.25 9999999975.935902
240.0 0.0 2.5 6.25 9999999983.7784
240.0 -5.0 5.0 6.25 9999999924.2682
240.0 -2.5 5.0 6.25 10000000076.845201
240.0 2.5 -10.0 7.5 2.0851
240.0 -2.5 -7.5 7.5 1.0174999999999998
240.0 0.0 -5.0 7.5 4884539.3535
240.0 0.0 0.0 7.5 4575383327.493401
240.0 -2.5 2.5 7.5 9999999913.464
240.0 0.0 2.5 7.5 1323042941.9097002
240.0 -5.0 5.0 7.5 10000000011.807001
240.0 -2.5 5.0 7.5 10000000077.303202
240.0 0.0 5.0 7.5 9999999992.359402
240.0 0.0 -10.0 8.75 3.7287999999999997
240.0 2.5 -10.0 8.75 1.9521999999999997
240.0 5.0 -10.0 8.75 1.0697
240.0 -2.5 -7.5 8.75 1.2828999999999997
240.0 0.0 -7.5 8.75 3.3445
240.0 2.5 -7.5 8.75 -0.5765999999999998
240.0 -2.5 -5.0 8.75 -8.2868
240.0 0.0 -5.0 8.75 30.925199999999997
240.0 0.0 -2.5 8.75 89072.7503
240.0 2.5 -2.5 8.75 39349.2747
240.0 -2.5 0.0 8.75 10000000116.3973
240.0 0.0 0.0 8.75 24658828.6639
240.0 -2.5 2.5 8.75 545025636.7706
240.0 0.0 2.5 8.75 762771178.0662
240.0 2.5 2.5 8.75 72550824.0337
240.0 -5.0 5.0 8.75 9999999907.041601
240.0 -2.5 5.0 8.75 9999999880.001501
240.0 0.0 5.0 8.75 10000000053.1592
240.0 0.0 -10.0 10.0 2.8199
240.0 2.5 -10.0 10.0 1.6363
240.0 5.0 -10.0 10.0 1.2328
240.0 -2.5 -7.5 10.0 0.8137
240.0 0.0 -7.5 10.0 0.7566999999999999
240.0 2.5 -7.5 10.0 -1.1532
240.0 -2.5 -5.0 10.0 -7.6608
240.0 0.0 -5.0 10.0 -7.3435
240.0 -5.0 -2.5 10.0 50380.2878
240.0 -2.5 -2.5 10.0 3539111340.3548
240.0 0.0 -2.5 10.0 23829.543
240.0 2.5 -2.5 10.0 3.136099999999999
240.0 -2.5 0.0 10.0 9999999986.0373
240.0 0.0 0.0 10.0 2671988625.9662004
240.0 2.5 0.0 10.0 202222.6681
240.0 -5.0 2.5 10.0 83839.82579999999
240.0 -2.5 2.5 10.0 5139259.724699999
240.0 0.0 2.5 10.0 34504415.6062
240.0 2.5 2.5 10.0 161446.6282
240.0 -5.0 5.0 10.0 3865490.0469000004
240.0 -2.5 5.0 10.0 9999999923.839602
240.0 0.0 5.0 10.0 109662907.7624
240.0 2.5 5.0 10.0 2356821.6105
240.0 7.5 5.0 10.0 10.5215
240.0 -2.5 -10.0 11.25 2.5161
240.0 0.0 -10.0 11.25 2.4199
240.0 2.5 -10.0 11.25 1.5759
240.0 5.0 -10.0 11.25 1.4557
240.0 7.5 -10.0 11.25 0.9530000000000001
240.0 10.0 -10.0 11.25 0.44410000000000005
240.0 -5.0 -7.5 11.25 1.3139
240.0 -2.5 -7.5 11.25 1.1594
240.0 0.0 -7.5 11.25 0.4851
240.0 2.5 -7.5 11.25 -0.8217
240.0 -2.5 -5.0 11.25 -5.0058
240.0 0.0 -5.0 11.25 -4.7695
240.0 2.5 -5.0 11.25 -6.286300000000001
240.0 -5.0 -2.5 11.25 508.27919999999995
240.0 -2.5 -2.5 11.25 195.4168
240.0 0.0 -2.5 11.25 -2.0195
240.0 2.5 -2.5 11.25 -14.3799
240.0 -5.0 0.0 11.25 131796549.9072
240.0 -2.5 0.0 11.25 9999999970.0979
240.0 0.0 0.0 11.25 9999999975.186602
240.0 2.5 0.0 11.25 4324.8143
240.0 -2.5 2.5 11.25 9999999968.8539
240.0 0.0 2.5 11.25 1162832.4696999998
240.0 2.5 2.5 11.25 94362.6597
240.0 5.0 2.5 11.25 3.780199999999999
240.0 7.5 2.5 11.25 5.4306
240.0 -5.0 5.0 11.25 2902429.7682
240.0 -2.5 5.0 11.25 78742138.9601
240.0 0.0 5.0 11.25 2188504054.5948997
240.0 2.5 5.0 11.25 1073610.613
240.0 7.5 5.0 11.25 8.7242
240.0 -2.5 -10.0 12.5 2.3787
240.0 0.0 -10.0 12.5 2.3121
240.0 2.5 -10.0 12.5 1.8194000000000001
240.0 5.0 -10.0 12.5 1.4553
240.0 7.5 -10.0 12.5 0.7301
240.0 10.0 -10.0 12.5 0.28090000000000004
240.0 -5.0 -7.5 12.5 1.9615
240.0 -2.5 -7.5 12.5 1.7756
240.0 0.0 -7.5 12.5 0.9966
240.0 2.5 -7.5 12.5 -0.08039999999999999
240.0 5.0 -7.5 12.5 -0.832
240.0 -5.0 -5.0 12.5 -0.37060000000000004
240.0 -2.5 -5.0 12.5 -1.5252000000000001
240.0 0.0 -5.0 12.5 -2.6767000000000003
240.0 2.5 -5.0 12.5 -4.1687
240.0 5.0 -5.0 12.5 -3.9779
240.0 -5.0 -2.5 12.5 8.9441
240.0 -2.5 -2.5 12.5 3.3893
240.0 0.0 -2.5 12.5 -6.5504999999999995
240.0 2.5 -2.5 12.5 -8.9001
240.0 -5.0 0.0 12.5 29297.636000000002
240.0 -2.5 0.0 12.5 111090.91530000001
240.0 0.0 0.0 12.5 30353.4938
240.0 2.5 0.0 12.5 -5.8861
240.0 5.0 0.0 12.5 -4.3119000000000005
240.0 -5.0 2.5 12.5 282.35339999999997
240.0 -2.5 2.5 12.5 121841.9024
240.0 0.0 2.5 12.5 1269.3638999999998
240.0 2.5 2.5 12.5 -1.6635
240.0 5.0 2.5 12.5 3.8629000000000002
240.0 7.5 2.5 12.5 4.0968
240.0 -5.0 5.0 12.5 -19.0659
240.0 -2.5 5.0 12.5 16660.4415
240.0 0.0 5.0 12.5 5544.4736
240.0 2.5 5.0 12.5 175.80599999999998
240.0 5.0 5.0 12.5 10.462
240.0 7.5 5.0 12.5 7.856800000000001
240.0 -2.5 -10.0 13.75 1.9562
240.0 0.0 -10.0 13.75 1.9524
240.0 2.5 -10.0 13.75 1.7064000000000001
240.0 5.0 -10.0 13.75 1.0836000000000001
240.0 7.5 -10.0 13.75 0.4779
240.0 10.0 -10.0 13.75 0.1022
240.0 -5.0 -7.5 13.75 1.9515
240.0 -2.5 -7.5 13.75 2.4171
240.0 0.0 -7.5 13.75 1.7613
240.0 2.5 -7.5 13.75 0.32930000000000004
240.0 5.0 -7.5 13.75 -0.11629999999999999
240.0 7.5 -7.5 13.75 -0.111
240.0 10.0 -7.5 13.75 0.008
240.0 -5.0 -5.0 13.75 1.7295
240.0 -2.5 -5.0 13.75 0.8203
240.0 0.0 -5.0 13.75 -0.804
240.0 2.5 -5.0 13.75 -1.9887000000000001
240.0 5.0 -5.0 13.75 -2.4758
240.0 -5.0 -2.5 13.75 5.076700000000001
240.0 -2.5 -2.5 13.75 -0.8638000000000001
240.0 0.0 -2.5 13.75 -4.3473
240.0 2.5 -2.5 13.75 -5.3134999999999994
240.0 -5.0 0.0 13.75 124.2635
240.0 -2.5 0.0 13.75 167.2214
240.0 0.0 0.0 13.75 60.4474
240.0 2.5 0.0 13.75 -5.5353
240.0 5.0 0.0 13.75 -3.1163
240.0 -5.0 2.5 13.75 -13.351
240.0 -2.5 2.5 13.75 -11.6491
240.0 0.0 2.5 13.75 -10.56
240.0 2.5 2.5 13.75 -2.7664
240.0 5.0 2.5 13.75 3.0263999999999998
240.0 7.5 2.5 13.75 3.1451
240.0 10.0 2.5 13.75 1.4718
240.0 -5.0 5.0 13.75 -32.4227
240.0 -2.5 5.0 13.75 -6.918800000000001
240.0 0.0 5.0 13.75 29.4752
240.0 2.5 5.0 13.75 0.8856000000000002
240.0 5.0 5.0 13.75 8.1357
240.0 7.5 5.0 13.75 6.362
240.0 10.0 5.0 13.75 2.5568
240.0 -5.0 -10.0 15.0 0.8634999999999999
240.0 -2.5 -10.0 15.0 1.1279
240.0 0.0 -10.0 15.0 1.1476
240.0 2.5 -10.0 15.0 0.9875
240.0 5.0 -10.0 15.0 0.6696
240.0 7.5 -10.0 15.0 0.2182
240.0 10.0 -10.0 15.0 0.0311
240.0 -5.0 -7.5 15.0 1.7071
240.0 -2.5 -7.5 15.0 2.2171
240.0 0.0 -7.5 15.0 1.9209999999999998
240.0 2.5 -7.5 15.0 0.6257
240.0 5.0 -7.5 15.0 0.1882
240.0 7.5 -7.5 15.0 -0.0575
240.0 10.0 -7.5 15.0 0.07
240.0 -5.0 -5.0 15.0 2.7224999999999997
240.0 -2.5 -5.0 15.0 1.9355000000000002
240.0 0.0 -5.0 15.0 0.4544
240.0 2.5 -5.0 15.0 -0.6526000000000001
240.0 5.0 -5.0 15.0 -1.4029
240.0 10.0 -5.0 15.0 -0.37279999999999996
240.0 -5.0 -2.5 15.0 5.227799999999999
240.0 -2.5 -2.5 15.0 1.3180999999999998
240.0 0.0 -2.5 15.0 -1.7892000000000001
240.0 2.5 -2.5 15.0 -2.9501
240.0 5.0 -2.5 15.0 -2.3845
240.0 7.5 -2.5 15.0 -1.5684
240.0 -5.0 0.0 15.0 8.465499999999999
240.0 -2.5 0.0 15.0 -0.6374
240.0 0.0 0.0 15.0 -4.7632
240.0 2.5 0.0 15.0 -3.5114
240.0 5.0 0.0 15.0 -1.4183
240.0 7.5 0.0 15.0 -0.43220000000000003
240.0 -5.0 2.5 15.0 -8.584399999999999
240.0 -2.5 2.5 15.0 -12.4907
240.0 0.0 2.5 15.0 -8.2057
240.0 2.5 2.5 15.0 -1.5487
240.0 5.0 2.5 15.0 1.7272999999999998
240.0 7.5 2.5 15.0 1.8608000000000002
240.0 10.0 2.5 15.0 0.7689
240.0 -5.0 5.0 15.0 -22.4386
240.0 -2.5 5.0 15.0 -22.9444
240.0 0.0 5.0 15.0 -10.1906
240.0 2.5 5.0 15.0 0.8899999999999999
240.0 5.0 5.0 15.0 5.2072
240.0 7.5 5.0 15.0 4.254899999999999
240.0 10.0 5.0 15.0 1.8084
240.0 -5.0 -10.0 16.25 0.4675
240.0 -2.5 -10.0 16.25 0.4934
240.0 0.0 -10.0 16.25 0.43329999999999996
240.0 2.5 -10.0 16.25 0.6293
240.0 5.0 -10.0 16.25 0.2566
240.0 7.5 -10.0 16.25 0.07039999999999999
240.0 10.0 -10.0 16.25 0.0027
240.0 -5.0 -7.5 16.25 1.548
240.0 -2.5 -7.5 16.25 1.7205000000000001
240.0 0.0 -7.5 16.25 1.2198
240.0 2.5 -7.5 16.25 0.4516
240.0 5.0 -7.5 16.25 0.1026
240.0 7.5 -7.5 16.25 0.09509999999999999
240.0 10.0 -7.5 16.25 0.039599999999999996
240.0 -5.0 -5.0 16.25 2.4912
240.0 -2.5 -5.0 16.25 2.3455
240.0 0.0 -5.0 16.25 1.382
240.0 2.5 -5.0 16.25 -0.13929999999999998
240.0 5.0 -5.0 16.25 -0.7414000000000001
240.0 7.5 -5.0 16.25 -0.4285
240.0 10.0 -5.0 16.25 -0.0598
240.0 -5.0 -2.5 16.25 3.6382000000000003
240.0 -2.5 -2.5 16.25 1.8543999999999998
240.0 0.0 -2.5 16.25 -0.2208
240.0 2.5 -2.5 16.25 -1.0030000000000001
240.0 5.0 -2.5 16.25 -1.1202
240.0 7.5 -2.5 16.25 -0.702
240.0 10.0 -2.5 16.25 -0.36510000000000004
240.0 -5.0 0.0 16.25 3.1908000000000003
240.0 -2.5 0.0 16.25 -0.8831
240.0 0.0 0.0 16.25 -2.6487999999999996
240.0 2.5 0.0 16.25 -1.9646000000000001
240.0 5.0 0.0 16.25 -0.8884
240.0 7.5 0.0 16.25 -0.3441
240.0 -5.0 2.5 16.25 -5.401
240.0 -2.5 2.5 16.25 -7.5805
240.0 0.0 2.5 16.25 -5.0594
240.0 2.5 2.5 16.25 -1.3295
240.0 5.0 2.5 16.25 0.9828000000000001
240.0 7.5 2.5 16.25 0.8374
240.0 10.0 2.5 16.25 0.3287
240.0 -5.0 5.0 16.25 -14.469700000000001
240.0 -2.5 5.0 16.25 -14.9298
240.0 0.0 5.0 16.25 -6.8683000000000005
240.0 2.5 5.0 16.25 0.07299999999999995
240.0 5.0 5.0 16.25 2.7635
240.0 7.5 5.0 16.25 2.1632
240.0 10.0 5.0 16.25 0.7937
300.0 -5.0 -10.0 3.75 0.3485999999999998
300.0 -2.5 -10.0 3.75 -1.4631
300.0 0.0 -10.0 3.75 -1.5145
300.0 2.5 -10.0 3.75 -0.40480000000000005
300.0 5.0 -10.0 3.75 -0.009800000000000003
300.0 7.5 -10.0 3.75 0.1729
300.0 10.0 -10.0 3.75 0.3802
300.0 -5.0 -7.5 3.75 46.6505
300.0 -2.5 -7.5 3.75 80805.5713
300.0 0.0 -7.5 3.75 1055.9073
300.0 2.5 -7.5 3.75 -5.6114
300.0 5.0 -7.5 3.75 -1.6301999999999999
300.0 7.5 -7.5 3.75 0.14450000000000002
300.0 10.0 -7.5 3.75 0.7392
300.0 -5.0 -5.0 3.75 6775332.788299999
300.0 -2.5 -5.0 3.75 10000000014.091301
300.0 0.0 -5.0 3.75 9999999987.6926
300.0 2.5 -5.0 3.75 1242929.6727
300.0 5.0 -5.0 3.75 -6.867100000000001
300.0 7.5 -5.0 3.75 -4.3251
300.0 10.0 -5.0 3.75 -1.3025
300.0 -5.0 -2.5 3.75 6475306.4257000005
300.0 -2.5 -2.5 3.75 3124239.013
300.0 0.0 -2.5 3.75 5806876614.7865
300.0 2.5 -2.5 3.75 4540755.4936
300.0 5.0 -2.5 3.75 97.4208
300.0 7.5 -2.5 3.75 -0.2919999999999998
300.0 10.0 -2.5 3.75 -7.2052
300.0 -5.0 0.0 3.75 9999999854.996601
300.0 -2.5 0.0 3.75 9999999928.321402
300.0 0.0 0.0 3.75 9999999614.4489
300.0 2.5 0.0 3.75 6814803491.6962
300.0 5.0 0.0 3.75 211283.40709999998
300.0 7.5 0.0 3.75 7545096.7126
300.0 10.0 0.0 3.75 87020697.74499999
300.0 -5.0 2.5 3.75 9999999952.530901
300.0 -2.5 2.5 3.75 10000000023.819101
300.0 0.0 2.5 3.75 10000000045.2208
300.0 2.5 2.5 3.75 48802526.2474
300.0 5.0 2.5 3.75 425465879.027
300.0 7.5 2.5 3.75 231638689.0505
300.0 10.0 2.5 3.75 2421631060.9018
300.0 -5.0 5.0 3.75 9999999980.0636
300.0 -2.5 5.0 3.75 9999999994.5116
300.0 0.0 5.0 3.75 5874382852.0455
300.0 2.5 5.0 3.75 9999999969.8146
300.0 5.0 5.0 3.75 9999999983.9225
300.0 7.5 5.0 3.75 665669555.5372001
300.0 10.0 5.0 3.75 2210182709.6823
300.0 -2.5 -2.5 6.25 906586467.6877
300.0 0.0 -2.5 6.25 38604571.4419
300.0 2.5 -2.5 6.25 7775116.6455
300.0 2.5 -5.0 7.5 295.0473
300.0 -2.5 -2.5 7.5 19442138.638400003
300.0 0.0 -2.5 7.5 53005334.4955
300.0 0.0 0.0 7.5 326434776.8991
300.0 0.0 2.5 7.5 9999999910.650702
300.0 5.0 -10.0 8.75 0.872
300.0 2.5 -7.5 8.75 -0.3183999999999998
300.0 5.0 -7.5 8.75 1.3607
300.0 0.0 -5.0 8.75 163612.2131
300.0 2.5 -5.0 8.75 30.5445
300.0 5.0 -5.0 8.75 -0.6770999999999998
300.0 -5.0 -2.5 8.75 147556.0397
300.0 -2.5 -2.5 8.75 102289.3319
300.0 0.0 -2.5 8.75 1472167195.46
300.0 2.5 -2.5 8.75 112053.0714
300.0 -5.0 0.0 8.75 316103.4644
300.0 0.0 0.0 8.75 9999999926.013
300.0 0.0 2.5 8.75 2498489739.1756
300.0 0.0 5.0 8.75 9999999991.2963
300.0 0.0 -10.0 10.0 0.2955
300.0 2.5 -10.0 10.0 0.7999999999999999
300.0 5.0 -10.0 10.0 0.8668
300.0 7.5 -10.0 10.0 0.632
300.0 10.0 -10.0 10.0 0.5225
300.0 2.5 -7.5 10.0 0.5516000000000001
300.0 5.0 -7.5 10.0 1.8053
300.0 -5.0 -5.0 10.0 -4.1977
300.0 0.0 -5.0 10.0 244.78840000000002
300.0 2.5 -5.0 10.0 0.7204000000000002
300.0 5.0 -5.0 10.0 0.24380000000000002
300.0 -5.0 -2.5 10.0 35.6439
300.0 -2.5 -2.5 10.0 3998.8749000000003
300.0 0.0 -2.5 10.0 4156164.7965
300.0 2.5 -2.5 10.0 269075.7544
300.0 -5.0 0.0 10.0 3125.7337
300.0 -2.5 0.0 10.0 9999999989.812101
300.0 0.0 0.0 10.0 9999999995.901701
300.0 2.5 0.0 10.0 17669715.2568
300.0 0.0 2.5 10.0 192660657.0101
300.0 0.0 5.0 10.0 10000000038.901901
300.0 2.5 5.0 10.0 10000000060.822802
300.0 0.0 -10.0 11.25 0.3423999999999999
300.0 2.5 -10.0 11.25 0.7039
300.0 5.0 -10.0 11.25 0.7547
300.0 7.5 -10.0 11.25 0.5007
300.0 10.0 -10.0 11.25 0.31320000000000003
300.0 -2.5 -7.5 11.25 -0.9242
300.0 0.0 -7.5 11.25 0.45019999999999993
300.0 2.5 -7.5 11.25 1.3083999999999998
300.0 5.0 -7.5 11.25 1.7762
300.0 7.5 -7.5 11.25 2.2526
300.0 -5.0 -5.0 11.25 -4.5327
300.0 -2.5 -5.0 11.25 -3.8737000000000004
300.0 0.0 -5.0 11.25 -3.1989
300.0 2.5 -5.0 11.25 -1.8765
300.0 5.0 -5.0 11.25 1.3835000000000002
300.0 -5.0 -2.5 11.25 23594.7563
300.0 -2.5 -2.5 11.25 91734258.5406
300.0 0.0 -2.5 11.25 2870.1983999999998
300.0 2.5 -2.5 11.25 23.4589
300.0 -5.0 0.0 11.25 23012.7228
300.0 -2.5 0.0 11.25 113584038.1231
300.0 0.0 0.0 11.25 427628795.7809
300.0 2.5 0.0 11.25 4339.5585
300.0 -5.0 2.5 11.25 171.4186
300.0 -2.5 2.5 11.25 40083529.4295
300.0 0.0 2.5 11.25 10000000055.7626
300.0 2.5 2.5 11.25 422298.909
300.0 5.0 2.5 11.25 28.844
300.0 0.0 5.0 11.25 2952527651.4937
300.0 2.5 5.0 11.25 396128342.3709
300.0 5.0 5.0 11.25 7.3591999999999995
300.0 7.5 5.0 11.25 -6.6905
300.0 -2.5 -10.0 12.5 0.0694
300.0 0.0 -10.0 12.5 0.4831
300.0 2.5 -10.0 12.5 0.5547000000000001
300.0 5.0 -10.0 12.5 0.6142
300.0 7.5 -10.0 12.5 0.316
300.0 10.0 -10.0 12.5 0.0838
300.0 -2.5 -7.5 12.5 0.5545
300.0 0.0 -7.5 12.5 1.1764000000000001
300.0 2.5 -7.5 12.5 1.5680999999999998
300.0 5.0 -7.5 12.5 1.9988000000000001
300.0 7.5 -7.5 12.5 1.7906
300.0 -5.0 -5.0 12.5 -0.8535999999999999
300.0 -2.5 -5.0 12.5 1.6105
300.0 0.0 -5.0 12.5 0.04849999999999999
300.0 2.5 -5.0 12.5 0.5745000000000001
300.0 5.0 -5.0 12.5 2.3954
300.0 -5.0 -2.5 12.5 341.1036
300.0 -2.5 -2.5 12.5 5824.215700000001
300.0 0.0 -2.5 12.5 4008.8604
300.0 2.5 -2.5 12.5 -3.8185000000000002
300.0 5.0 -2.5 12.5 0.13969999999999994
300.0 -5.0 0.0 12.5 155.7607
300.0 -2.5 0.0 12.5 106563.40909999999
300.0 0.0 0.0 12.5 656008.7117000001
300.0 2.5 0.0 12.5 156.0966
300.0 5.0 0.0 12.5 -1.7180000000000002
300.0 7.5 0.0 12.5 -0.2793
300.0 -5.0 2.5 12.5 -14.9779
300.0 -2.5 2.5 12.5 87.4357
300.0 0.0 2.5 12.5 1048958.4824
300.0 2.5 2.5 12.5 2037.5112
300.0 5.0 2.5 12.5 -3.1778999999999997
300.0 7.5 2.5 12.5 -2.3771
300.0 -5.0 5.0 12.5 258.5125
300.0 -2.5 5.0 12.5 10645818.9642
300.0 0.0 5.0 12.5 268569.2745
300.0 2.5 5.0 12.5 34807.3237
300.0 5.0 5.0 12.5 -2.0548999999999995
300.0 7.5 5.0 12.5 -2.9871
300.0 -2.5 -10.0 13.75 0.2682
300.0 0.0 -10.0 13.75 0.5669
300.0 2.5 -10.0 13.75 0.659
300.0 5.0 -10.0 13.75 0.45199999999999996
300.0 7.5 -10.0 13.75 0.0518
300.0 10.0 -10.0 13.75 0.0055
300.0 -5.0 -7.5 13.75 0.42069999999999996
300.0 -2.5 -7.5 13.75 1.1722
300.0 0.0 -7.5 13.75 1.4016
300.0 2.5 -7.5 13.75 1.4883
300.0 5.0 -7.5 13.75 1.6743
300.0 7.5 -7.5 13.75 0.9662999999999999
300.0 -5.0 -5.0 13.75 1.8082000000000003
300.0 -2.5 -5.0 13.75 4.0931
300.0 0.0 -5.0 13.75 2.2503
300.0 2.5 -5.0 13.75 1.5823
300.0 5.0 -5.0 13.75 2.2215
300.0 -5.0 -2.5 13.75 6.0183
300.0 -2.5 -2.5 13.75 42.783
300.0 0.0 -2.5 13.75 28.5741
300.0 2.5 -2.5 13.75 -1.2458
300.0 5.0 -2.5 13.75 1.1844999999999999
300.0 7.5 -2.5 13.75 2.5159000000000002
300.0 -5.0 0.0 13.75 -7.043699999999999
300.0 -2.5 0.0 13.75 39.968199999999996
300.0 0.0 0.0 13.75 657.6101
300.0 2.5 0.0 13.75 -2.47
300.0 5.0 0.0 13.75 -1.3343
300.0 7.5 0.0 13.75 0.20519999999999994
300.0 -5.0 2.5 13.75 -11.1588
300.0 -2.5 2.5 13.75 -25.5272
300.0 0.0 2.5 13.75 -26.1042
300.0 2.5 2.5 13.75 -12.717099999999999
300.0 5.0 2.5 13.75 -2.6338
300.0 7.5 2.5 13.75 -1.6086
300.0 10.0 2.5 13.75 -1.0648
300.0 -5.0 5.0 13.75 -14.0317
300.0 -2.5 5.0 13.75 1394.5374
300.0 0.0 5.0 13.75 1080.9243999999999
300.0 2.5 5.0 13.75 8.6289
300.0 5.0 5.0 13.75 -1.3894000000000002
300.0 7.5 5.0 13.75 -1.3716
300.0 10.0 5.0 13.75 -2.0033
300.0 -2.5 -10.0 15.0 0.5023
300.0 0.0 -10.0 15.0 0.74
300.0 2.5 -10.0 15.0 0.8686
300.0 5.0 -10.0 15.0 0.20400000000000001
300.0 7.5 -10.0 15.0 0.0315
300.0 10.0 -10.0 15.0 0.0
300.0 -5.0 -7.5 15.0 0.7301
300.0 -2.5 -7.5 15.0 1.3019
300.0 0.0 -7.5 15.0 1.4638
300.0 2.5 -7.5 15.0 1.1914
300.0 5.0 -7.5 15.0 1.1159
300.0 7.5 -7.5 15.0 0.2883
300.0 10.0 -7.5 15.0 0.0164
300.0 -5.0 -5.0 15.0 2.3995
300.0 -2.5 -5.0 15.0 3.7272
300.0 0.0 -5.0 15.0 2.4600999999999997
300.0 2.5 -5.0 15.0 1.7285
300.0 5.0 -5.0 15.0 1.8624999999999998
300.0 7.5 -5.0 15.0 1.6705
300.0 -5.0 -2.5 15.0 3.0608000000000004
300.0 -2.5 -2.5 15.0 9.6523
300.0 0.0 -2.5 15.0 2.5282
300.0 2.5 -2.5 15.0 0.5167000000000002
300.0 5.0 -2.5 15.0 1.7448000000000001
300.0 7.5 -2.5 15.0 2.0467000000000004
300.0 10.0 -2.5 15.0 1.5611
300.0 -5.0 0.0 15.0 -3.2936000000000005
300.0 -2.5 0.0 15.0 -3.4189999999999996
300.0 0.0 0.0 15.0 -6.555499999999999
300.0 2.5 0.0 15.0 -4.6638
300.0 5.0 0.0 15.0 -0.7249
300.0 7.5 0.0 15.0 1.1197000000000001
300.0 10.0 0.0 15.0 1.0586
300.0 -5.0 2.5 15.0 -8.4549
300.0 -2.5 2.5 15.0 -16.5818
300.0 0.0 2.5 15.0 -19.271900000000002
300.0 2.5 2.5 15.0 -9.5014
300.0 5.0 2.5 15.0 -2.4182
300.0 7.5 2.5 15.0 -0.44830000000000003
300.0 10.0 2.5 15.0 -0.2002
300.0 -5.0 5.0 15.0 -12.056899999999999
300.0 -2.5 5.0 15.0 -24.769399999999997
300.0 0.0 5.0 15.0 -21.4162
300.0 2.5 5.0 15.0 -7.152900000000001
300.0 5.0 5.0 15.0 -1.4059
300.0 7.5 5.0 15.0 -0.7408
300.0 10.0 5.0 15.0 -1.0038
300.0 -5.0 -10.0 16.25 0.39199999999999996
300.0 -2.5 -10.0 16.25 0.7548
300.0 0.0 -10.0 16.25 0.9841
300.0 2.5 -10.0 16.25 0.6218
300.0 5.0 -10.0 16.25 0.134
300.0 7.5 -10.0 16.25 0.0068
300.0 10.0 -10.0 16.25 0.0
300.0 -5.0 -7.5 16.25 1.0646
300.0 -2.5 -7.5 16.25 1.4995999999999998
300.0 0.0 -7.5 16.25 1.3447
300.0 2.5 -7.5 16.25 1.3759000000000001
300.0 5.0 -7.5 16.25 0.8405999999999999
300.0 7.5 -7.5 16.25 0.0423
300.0 10.0 -7.5 16.25 -0.0012
300.0 -5.0 -5.0 16.25 1.8303
300.0 -2.5 -5.0 16.25 2.8237
300.0 0.0 -5.0 16.25 2.1669
300.0 2.5 -5.0 16.25 1.6025
300.0 5.0 -5.0 16.25 1.4628
300.0 7.5 -5.0 16.25 0.6921
300.0 10.0 -5.0 16.25 0.1139
300.0 -5.0 -2.5 16.25 2.2582
300.0 -2.5 -2.5 16.25 3.6343
300.0 0.0 -2.5 16.25 1.1648
300.0 2.5 -2.5 16.25 0.3772
300.0 5.0 -2.5 16.25 1.2849
300.0 7.5 -2.5 16.25 1.2156
300.0 10.0 -2.5 16.25 0.6452
300.0 -5.0 0.0 16.25 -1.539
300.0 -2.5 0.0 16.25 -2.6722
300.0 0.0 0.0 16.25 -4.3197
300.0 2.5 0.0 16.25 -3.1451
300.0 5.0 0.0 16.25 -0.188
300.0 7.5 0.0 16.25 0.8883
300.0 10.0 0.0 16.25 0.8921
300.0 -5.0 2.5 16.25 -5.4263
300.0 -2.5 2.5 16.25 -10.5777
300.0 0.0 2.5 16.25 -12.232099999999999
300.0 2.5 2.5 16.25 -6.6556
300.0 5.0 2.5 16.25 -2.0797
300.0 7.5 2.5 16.25 -0.228
300.0 10.0 2.5 16.25 0.34040000000000004
300.0 -5.0 5.0 16.25 -7.6122000000000005
300.0 -2.5 5.0 16.25 -16.5491
300.0 0.0 5.0 16.25 -15.171999999999999
300.0 2.5 5.0 16.25 -5.885
300.0 5.0 5.0 16.25 -1.8121
300.0 7.5 5.0 16.25 -0.5687
300.0 10.0 5.0 16.25 -0.0922
