0.0 5.0 -7.5 6.25 10000000023.408901
0.0 -2.5 5.0 6.25 10000000057.9722
0.0 0.0 2.5 7.5 10000000013.9456
0.0 -2.5 5.0 7.5 9999999985.7049
0.0 0.0 5.0 7.5 4828816110.248899
0.0 2.5 -10.0 8.75 10000000023.980902
0.0 5.0 -10.0 8.75 3202404539.8673997
0.0 7.5 -10.0 8.75 2088422.4733000002
0.0 0.0 -7.5 8.75 10000000001.990002
0.0 5.0 -7.5 8.75 2302183619.5221
0.0 0.0 0.0 8.75 10000000034.871101
0.0 0.0 2.5 8.75 10000000038.0093
0.0 -2.5 5.0 8.75 7641904891.286099
0.0 0.0 5.0 8.75 15783850.0644
0.0 2.5 5.0 8.75 9999999815.1515
0.0 5.0 5.0 8.75 5119082771.7994995
0.0 5.0 -10.0 10.0 8393286477.1074
0.0 7.5 -10.0 10.0 9708320243.8158
0.0 0.0 -7.5 10.0 1575874696.7292001
0.0 2.5 -7.5 10.0 9999999966.4577
0.0 5.0 -7.5 10.0 9999999619.4571
0.0 -2.5 -5.0 10.0 66250579.4377
0.0 2.5 -5.0 10.0 9999999994.9992
0.0 -2.5 -2.5 10.0 69405784.1638
0.0 0.0 -2.5 10.0 10000000002.1408
0.0 -2.5 0.0 10.0 1015268225.6101999
0.0 0.0 0.0 10.0 10000000006.795
0.0 2.5 0.0 10.0 9999999966.330502
0.0 0.0 2.5 10.0 10000000117.426601
0.0 2.5 2.5 10.0 10000000096.763401
0.0 7.5 2.5 10.0 9999999930.5055
0.0 -2.5 5.0 10.0 10000000017.6704
0.0 0.0 5.0 10.0 1340726.5174
0.0 2.5 5.0 10.0 142628075.37150002
0.0 5.0 5.0 10.0 2364198.0984
0.0 2.5 -10.0 11.25 3460834.8255
0.0 5.0 -10.0 11.25 590598963.9652001
0.0 7.5 -10.0 11.25 13006374.3809
0.0 10.0 -10.0 11.25 1885.7539000000002
0.0 0.0 -7.5 11.25 20037323.1175
0.0 2.5 -7.5 11.25 9999999864.1509
0.0 5.0 -7.5 11.25 9999999994.4852
0.0 7.5 -7.5 11.25 9999999946.079802
0.0 -2.5 -5.0 11.25 85822.0581
0.0 0.0 -5.0 11.25 65791472.7632
0.0 2.5 -5.0 11.25 9999999935.5394
0.0 5.0 -5.0 11.25 9999999959.531
0.0 -5.0 -2.5 11.25 359004.3577
0.0 -2.5 -2.5 11.25 457740.8986
0.0 0.0 -2.5 11.25 10000000015.793701
0.0 7.5 -2.5 11.25 8201535372.4682
0.0 -2.5 0.0 11.25 1530460635.0270998
0.0 0.0 0.0 11.25 10000000036.220001
0.0 2.5 0.0 11.25 10000000087.2865
0.0 -2.5 2.5 11.25 2096518908.9323
0.0 0.0 2.5 11.25 326909125.2137
0.0 2.5 2.5 11.25 10000000062.849401
0.0 5.0 2.5 11.25 837252927.1559
0.0 7.5 2.5 11.25 30862557.2537
0.0 -5.0 5.0 11.25 12381505.1091
0.0 -2.5 5.0 11.25 1485491.0706
0.0 0.0 5.0 11.25 86306.7911
0.0 2.5 5.0 11.25 7009927.614999999
0.0 5.0 5.0 11.25 5483716.4138
0.0 7.5 5.0 11.25 5679199.4339000005
0.0 0.0 -10.0 12.5 9533.9346
0.0 2.5 -10.0 12.5 6266378.8005
0.0 5.0 -10.0 12.5 3682.7068
0.0 7.5 -10.0 12.5 3560483.5774999997
0.0 10.0 -10.0 12.5 46.1059
0.0 -2.5 -7.5 12.5 1181.7901
0.0 0.0 -7.5 12.5 3087740.7029
0.0 2.5 -7.5 12.5 111877.6909
0.0 5.0 -7.5 12.5 9999999865.7595
0.0 7.5 -7.5 12.5 5606072.218099999
0.0 10.0 -7.5 12.5 9999999884.028
0.0 -5.0 -5.0 12.5 -40.973099999999995
0.0 -2.5 -5.0 12.5 57.587399999999995
0.0 0.0 -5.0 12.5 4816.5594
0.0 2.5 -5.0 12.5 1222937.1276
0.0 5.0 -5.0 12.5 172380074.2972
0.0 7.5 -5.0 12.5 596683416.1474
0.0 10.0 -5.0 12.5 9999999955.8687
0.0 -5.0 -2.5 12.5 782570.2853999999
0.0 -2.5 -2.5 12.5 98916.15960000001
0.0 0.0 -2.5 12.5 1031465394.8705
0.0 2.5 -2.5 12.5 250510812.4501
0.0 5.0 -2.5 12.5 10000000082.2119
0.0 7.5 -2.5 12.5 3743974266.579
0.0 -5.0 0.0 12.5 9999999960.290901
0.0 -2.5 0.0 12.5 9999999930.424702
0.0 0.0 0.0 12.5 10000000042.104101
0.0 2.5 0.0 12.5 10000000046.1707
0.0 5.0 0.0 12.5 9999999936.222
0.0 -2.5 2.5 12.5 9956327.8066
0.0 0.0 2.5 12.5 1308790693.013
0.0 2.5 2.5 12.5 2707640320.4926
0.0 5.0 2.5 12.5 62556777.8885
0.0 7.5 2.5 12.5 10000000001.817202
0.0 10.0 2.5 12.5 9719.2969
0.0 -5.0 5.0 12.5 152125.2219
0.0 -2.5 5.0 12.5 23781985.342600003
0.0 0.0 5.0 12.5 7693.6021
0.0 2.5 5.0 12.5 645689665.3205999
0.0 5.0 5.0 12.5 80950910.01560001
0.0 7.5 5.0 12.5 4918187.3736000005
0.0 10.0 5.0 12.5 -13.098600000000001
0.0 0.0 -10.0 13.75 268.1544
0.0 2.5 -10.0 13.75 170.2813
0.0 5.0 -10.0 13.75 45170.911100000005
0.0 7.5 -10.0 13.75 61.3583
0.0 10.0 -10.0 13.75 -26.3455
0.0 -2.5 -7.5 13.75 -10.402
0.0 0.0 -7.5 13.75 65609.93740000001
0.0 2.5 -7.5 13.75 109599.1628
0.0 5.0 -7.5 13.75 616354500.1419001
0.0 7.5 -7.5 13.75 40868.9562
0.0 10.0 -7.5 13.75 13089478.3457
0.0 -5.0 -5.0 13.75 -23.7003
0.0 -2.5 -5.0 13.75 -21.703899999999997
0.0 0.0 -5.0 13.75 38.9407
0.0 2.5 -5.0 13.75 3293564563.4485
0.0 5.0 -5.0 13.75 2664393877.9269
0.0 7.5 -5.0 13.75 540879019.5918
0.0 10.0 -5.0 13.75 5258800732.879399
0.0 -5.0 -2.5 13.75 390691.9797
0.0 -2.5 -2.5 13.75 72343.5083
0.0 0.0 -2.5 13.75 706698.3896
0.0 2.5 -2.5 13.75 3491459.7634
0.0 5.0 -2.5 13.75 10000000001.5634
0.0 7.5 -2.5 13.75 85959525.0914
0.0 -5.0 0.0 13.75 2614029.8752
0.0 -2.5 0.0 13.75 10000000003.5284
0.0 0.0 0.0 13.75 10000000012.3841
0.0 2.5 0.0 13.75 10000000086.9792
0.0 5.0 0.0 13.75 9999999961.943602
0.0 7.5 0.0 13.75 946516886.9321
0.0 -5.0 2.5 13.75 3791030.7427000003
0.0 -2.5 2.5 13.75 12780227.0427
0.0 0.0 2.5 13.75 17463140.8013
0.0 2.5 2.5 13.75 10000000353.598701
0.0 5.0 2.5 13.75 184786593.75869998
0.0 7.5 2.5 13.75 1335135889.4345
0.0 10.0 2.5 13.75 16320.4619
0.0 -5.0 5.0 13.75 309958.5984
0.0 -2.5 5.0 13.75 38803.2664
0.0 0.0 5.0 13.75 340.6216
0.0 2.5 5.0 13.75 10000000026.8658
0.0 5.0 5.0 13.75 55359038.488
0.0 7.5 5.0 13.75 292657213.6548
0.0 10.0 5.0 13.75 -2.0683000000000002
0.0 -5.0 -10.0 15.0 21.8165
0.0 -2.5 -10.0 15.0 4.1677
0.0 0.0 -10.0 15.0 -27.566499999999998
0.0 2.5 -10.0 15.0 -31.253400000000006
0.0 5.0 -10.0 15.0 2980824.0324999997
0.0 7.5 -10.0 15.0 -15.544300000000007
0.0 10.0 -10.0 15.0 -50.6196
0.0 -5.0 -7.5 15.0 -2.4680999999999997
0.0 -2.5 -7.5 15.0 -13.0626
0.0 0.0 -7.5 15.0 -38.7086
0.0 2.5 -7.5 15.0 8728.3637
0.0 5.0 -7.5 15.0 9999999952.3493
0.0 7.5 -7.5 15.0 91970.0459
0.0 10.0 -7.5 15.0 953258207.6011
0.0 -5.0 -5.0 15.0 -15.0164
0.0 -2.5 -5.0 15.0 -15.883799999999999
0.0 0.0 -5.0 15.0 -29.8418
0.0 2.5 -5.0 15.0 2382.5214
0.0 5.0 -5.0 15.0 2051413.9716
0.0 7.5 -5.0 15.0 1238782.1959000002
0.0 10.0 -5.0 15.0 17123.1756
0.0 -5.0 -2.5 15.0 1248.0076999999999
0.0 -2.5 -2.5 15.0 90.05499999999999
0.0 0.0 -2.5 15.0 66874.0378
0.0 2.5 -2.5 15.0 61638.5732
0.0 5.0 -2.5 15.0 5423510.444700001
0.0 7.5 -2.5 15.0 6564899.4468
0.0 10.0 -2.5 15.0 1194.4602
0.0 -5.0 0.0 15.0 18676848.4833
0.0 -2.5 0.0 15.0 9999999938.145
0.0 0.0 0.0 15.0 6137116629.9249
0.0 2.5 0.0 15.0 27266459.8467
0.0 5.0 0.0 15.0 38299548.3749
0.0 7.5 0.0 15.0 903783196.3259
0.0 10.0 0.0 15.0 34223.748700000004
0.0 -5.0 2.5 15.0 171720763.3446
0.0 -2.5 2.5 15.0 82058.7458
0.0 0.0 2.5 15.0 17574270.8425
0.0 2.5 2.5 15.0 7138057711.2396
0.0 5.0 2.5 15.0 58624959.044
0.0 7.5 2.5 15.0 907992889.871
0.0 10.0 2.5 15.0 364.3861
0.0 -5.0 5.0 15.0 272.0052
0.0 -2.5 5.0 15.0 21.1433
0.0 0.0 5.0 15.0 62.9018
0.0 2.5 5.0 15.0 10000000019.8344
0.0 5.0 5.0 15.0 10000000003.9053
0.0 7.5 5.0 15.0 65617.81610000001
0.0 10.0 5.0 15.0 -5.3696
0.0 -5.0 -10.0 16.25 13.5099
0.0 -2.5 -10.0 16.25 0.21309999999999996
0.0 0.0 -10.0 16.25 -26.0529
0.0 2.5 -10.0 16.25 -67.402
0.0 5.0 -10.0 16.25 765.6388
0.0 7.5 -10.0 16.25 -81.49849999999999
0.0 10.0 -10.0 16.25 -42.9295
0.0 -5.0 -7.5 16.25 -0.40669999999999995
0.0 -2.5 -7.5 16.25 -9.8737
0.0 0.0 -7.5 16.25 -34.117399999999996
0.0 2.5 -7.5 16.25 -69.52590000000001
0.0 5.0 -7.5 16.25 30040.4132
0.0 7.5 -7.5 16.25 -67.11580000000001
0.0 10.0 -7.5 16.25 3976.944
0.0 -5.0 -5.0 16.25 -8.605
0.0 -2.5 -5.0 16.25 -11.1998
0.0 0.0 -5.0 16.25 -23.884300000000003
0.0 2.5 -5.0 16.25 -29.841900000000003
0.0 5.0 -5.0 16.25 2132.5973
0.0 7.5 -5.0 16.25 270.9694
0.0 10.0 -5.0 16.25 112.8811
0.0 -5.0 -2.5 16.25 13.3298
0.0 -2.5 -2.5 16.25 -7.9226
0.0 0.0 -2.5 16.25 52703.5124
0.0 2.5 -2.5 16.25 1928.6261
0.0 5.0 -2.5 16.25 112.8323
0.0 7.5 -2.5 16.25 2668.0348
0.0 10.0 -2.5 16.25 -14.020299999999999
0.0 -5.0 0.0 16.25 640.4514
0.0 -2.5 0.0 16.25 4793729938.025399
0.0 0.0 0.0 16.25 9999999995.167301
0.0 2.5 0.0 16.25 47702139.2273
0.0 5.0 0.0 16.25 934330316.3617
0.0 7.5 0.0 16.25 49788.4902
0.0 10.0 0.0 16.25 54.786500000000004
0.0 -5.0 2.5 16.25 802.6021000000001
0.0 -2.5 2.5 16.25 6157.4259
0.0 0.0 2.5 16.25 378133.6422
0.0 2.5 2.5 16.25 542970520.9786
0.0 5.0 2.5 16.25 104936246.8418
0.0 7.5 2.5 16.25 28410.5881
0.0 10.0 2.5 16.25 1769.3281
0.0 -5.0 5.0 16.25 -2.2396
0.0 -2.5 5.0 16.25 0.9380000000000006
0.0 0.0 5.0 16.25 6.053
0.0 2.5 5.0 16.25 9999999988.6539
0.0 5.0 5.0 16.25 9999999975.771502
0.0 7.5 5.0 16.25 8342492544.131901
0.0 10.0 5.0 16.25 -3.8230000000000004
60.0 -5.0 -10.0 3.75 10000000071.0398
60.0 -2.5 -10.0 3.75 10000000228.939402
60.0 0.0 -10.0 3.75 9999999741.919601
60.0 2.5 -10.0 3.75 10000000044.4139
60.0 5.0 -10.0 3.75 7894113313.921499
60.0 7.5 -10.0 3.75 10000000080.5398
60.0 10.0 -10.0 3.75 17198.7752
60.0 -5.0 -7.5 3.75 358994412.25490004
60.0 -2.5 -7.5 3.75 9999999830.8075
60.0 0.0 -7.5 3.75 10000000150.533401
60.0 2.5 -7.5 3.75 9999999858.931702
60.0 5.0 -7.5 3.75 10000000042.325401
60.0 7.5 -7.5 3.75 9999999898.0711
60.0 10.0 -7.5 3.75 323064050.5938
60.0 -5.0 -5.0 3.75 10000000097.2155
60.0 -2.5 -5.0 3.75 10000000037.248901
60.0 0.0 -5.0 3.75 9999999648.0356
60.0 2.5 -5.0 3.75 10000000079.0305
60.0 5.0 -5.0 3.75 9999999905.4549
60.0 7.5 -5.0 3.75 671616849.5376
60.0 10.0 -5.0 3.75 131592208.5789
60.0 -5.0 -2.5 3.75 10000000094.755201
60.0 -2.5 -2.5 3.75 9999999998.193401
60.0 0.0 -2.5 3.75 10000000360.030901
60.0 2.5 -2.5 3.75 9999999946.6145
60.0 5.0 -2.5 3.75 9999999866.421001
60.0 7.5 -2.5 3.75 613928906.6805
60.0 10.0 -2.5 3.75 9999999970.4088
60.0 -5.0 0.0 3.75 207493369.1105
60.0 -2.5 0.0 3.75 1050911579.3657
60.0 0.0 0.0 3.75 9999999768.264
60.0 2.5 0.0 3.75 10000000085.8469
60.0 5.0 0.0 3.75 9999999893.620602
60.0 7.5 0.0 3.75 9999999895.3798
60.0 10.0 0.0 3.75 822003.3852
60.0 -5.0 2.5 3.75 8707302618.9354
60.0 -2.5 2.5 3.75 693637434.4765999
60.0 0.0 2.5 3.75 10000000003.7436
60.0 2.5 2.5 3.75 9999999905.189901
60.0 5.0 2.5 3.75 10000000248.4757
60.0 7.5 2.5 3.75 9999999955.9776
60.0 10.0 2.5 3.75 156029422.5909
60.0 -5.0 5.0 3.75 1141464597.8229
60.0 -2.5 5.0 3.75 10000000092.0834
60.0 0.0 5.0 3.75 655248097.6107
60.0 2.5 5.0 3.75 64083846.8221
60.0 5.0 5.0 3.75 55459547.3014
60.0 7.5 5.0 3.75 10000000144.018002
60.0 10.0 5.0 3.75 1691536112.642
60.0 2.5 -2.5 5.0 9999999806.532202
60.0 0.0 0.0 5.0 9999999912.0
60.0 0.0 2.5 5.0 9999999880.736801
60.0 2.5 -2.5 6.25 10000000210.7511
60.0 0.0 0.0 6.25 10000000005.137201
60.0 0.0 2.5 6.25 9999999938.633501
60.0 0.0 5.0 6.25 9999999907.989801
60.0 2.5 -5.0 7.5 10000000160.021
60.0 2.5 -2.5 7.5 9999999921.1518
60.0 5.0 -2.5 7.5 9999999964.61
60.0 -2.5 0.0 7.5 6281126425.1332
60.0 0.0 0.0 7.5 9999999615.935501
60.0 2.5 0.0 7.5 9999999984.4101
60.0 0.0 2.5 7.5 9999999671.2999
60.0 0.0 5.0 7.5 9999999843.708101
60.0 2.5 -7.5 8.75 636894248.5611
60.0 2.5 -5.0 8.75 10000000048.440802
60.0 5.0 -5.0 8.75 9999999869.952501
60.0 0.0 -2.5 8.75 9999999980.134401
60.0 2.5 -2.5 8.75 9999999952.456902
60.0 -2.5 0.0 8.75 1343785553.1179
60.0 0.0 0.0 8.75 4991162183.5139
60.0 2.5 0.0 8.75 9999999842.830801
60.0 -2.5 2.5 8.75 9999999695.9207
60.0 0.0 2.5 8.75 9999999754.395
60.0 0.0 5.0 8.75 10000000048.4634
60.0 5.0 -10.0 10.0 497498912.172
60.0 2.5 -7.5 10.0 1154164850.3371
60.0 5.0 -7.5 10.0 9999999937.052101
60.0 7.5 -7.5 10.0 1626997559.7536001
60.0 0.0 -5.0 10.0 210235793.6913
60.0 2.5 -5.0 10.0 10000000006.1664
60.0 5.0 -5.0 10.0 9999999893.2903
60.0 -2.5 -2.5 10.0 9999999987.590801
60.0 0.0 -2.5 10.0 9999999535.946201
60.0 2.5 -2.5 10.0 10000000103.675001
60.0 5.0 -2.5 10.0 1948036741.4942
60.0 7.5 -2.5 10.0 9999999966.5282
60.0 -2.5 0.0 10.0 10000000049.633202
60.0 0.0 0.0 10.0 9999999819.282202
60.0 2.5 0.0 10.0 9999999828.232801
60.0 -2.5 2.5 10.0 10000000012.3244
60.0 0.0 2.5 10.0 9999999845.6821
60.0 2.5 2.5 10.0 10000000050.550701
60.0 -2.5 5.0 10.0 10000000008.6657
60.0 0.0 5.0 10.0 9999999938.615702
60.0 2.5 5.0 10.0 663518690.8734
60.0 2.5 -10.0 11.25 1878464525.4612
60.0 5.0 -10.0 11.25 230662282.8006
60.0 10.0 -10.0 11.25 26795.4778
60.0 0.0 -7.5 11.25 10000000035.1049
60.0 2.5 -7.5 11.25 382346560.4591
60.0 5.0 -7.5 11.25 9999999928.4155
60.0 7.5 -7.5 11.25 448403986.27070004
60.0 0.0 -5.0 11.25 2382611929.453
60.0 2.5 -5.0 11.25 9999999795.9265
60.0 5.0 -5.0 11.25 1329379186.5314
60.0 -2.5 -2.5 11.25 1382491542.0645
60.0 0.0 -2.5 11.25 10000000034.355902
60.0 2.5 -2.5 11.25 9999999988.1228
60.0 5.0 -2.5 11.25 9999999891.8768
60.0 7.5 -2.5 11.25 185774737.6809
60.0 -5.0 0.0 11.25 873873.0096
60.0 -2.5 0.0 11.25 9999999891.3412
60.0 0.0 0.0 11.25 106811665.12699999
60.0 2.5 0.0 11.25 9999999872.5468
60.0 5.0 0.0 11.25 9999999910.302
60.0 -5.0 2.5 11.25 9999999955.2231
60.0 -2.5 2.5 11.25 9999999968.3089
60.0 0.0 2.5 11.25 252969381.4706
60.0 2.5 2.5 11.25 591133147.0086
60.0 5.0 2.5 11.25 9999999960.4354
60.0 -2.5 5.0 11.25 9999999962.870602
60.0 0.0 5.0 11.25 1468130145.3241
60.0 2.5 5.0 11.25 9999999962.4202
60.0 5.0 5.0 11.25 26217468.6768
60.0 7.5 5.0 11.25 7466999.3838
60.0 -2.5 -10.0 12.5 84.5981
60.0 0.0 -10.0 12.5 2760.0978999999998
60.0 2.5 -10.0 12.5 16926.4212
60.0 5.0 -10.0 12.5 377851.9212
60.0 7.5 -10.0 12.5 160.22750000000002
60.0 10.0 -10.0 12.5 85.25120000000001
60.0 0.0 -7.5 12.5 28167029.3208
60.0 2.5 -7.5 12.5 1621154.9253999998
60.0 5.0 -7.5 12.5 4576323.3702
60.0 7.5 -7.5 12.5 9999999928.446001
60.0 10.0 -7.5 12.5 6823.9729
60.0 -2.5 -5.0 12.5 336777.5136
60.0 0.0 -5.0 12.5 9999999976.9689
60.0 2.5 -5.0 12.5 9999999921.9845
60.0 5.0 -5.0 12.5 9999999902.7028
60.0 7.5 -5.0 12.5 347999204.54249996
60.0 -5.0 -2.5 12.5 78.9325
60.0 -2.5 -2.5 12.5 1182637.3442
60.0 0.0 -2.5 12.5 910738541.5491
60.0 2.5 -2.5 12.5 254789365.7262
60.0 5.0 -2.5 12.5 9999999967.0807
60.0 7.5 -2.5 12.5 242302161.4157
60.0 -5.0 0.0 12.5 1210286.608
60.0 -2.5 0.0 12.5 23205472.8145
60.0 0.0 0.0 12.5 3311133.6215999997
60.0 2.5 0.0 12.5 9999999971.872002
60.0 5.0 0.0 12.5 9999999960.457602
60.0 -5.0 2.5 12.5 9999999917.352901
60.0 -2.5 2.5 12.5 9999999919.4375
60.0 0.0 2.5 12.5 1398447207.6406
60.0 2.5 2.5 12.5 153660278.0916
60.0 5.0 2.5 12.5 9999999970.6266
60.0 7.5 2.5 12.5 966053277.2884
60.0 -5.0 5.0 12.5 92387893.9182
60.0 -2.5 5.0 12.5 161866518.5045
60.0 0.0 5.0 12.5 192558509.4529
60.0 2.5 5.0 12.5 1075053151.9335
60.0 5.0 5.0 12.5 5439706030.5582
60.0 7.5 5.0 12.5 6683673.754600001
60.0 10.0 5.0 12.5 10509361.9501
60.0 -2.5 -10.0 13.75 10.0439
60.0 0.0 -10.0 13.75 785.9962
60.0 2.5 -10.0 13.75 1169.72
60.0 5.0 -10.0 13.75 286.8556
60.0 7.5 -10.0 13.75 -44.0981
60.0 10.0 -10.0 13.75 -28.3313
60.0 0.0 -7.5 13.75 10000000117.573301
60.0 2.5 -7.5 13.75 117330.9463
60.0 5.0 -7.5 13.75 292353.6905
60.0 7.5 -7.5 13.75 156656.2579
60.0 10.0 -7.5 13.75 649.3487
60.0 -2.5 -5.0 13.75 4069.0269
60.0 0.0 -5.0 13.75 5718171.311500001
60.0 2.5 -5.0 13.75 24480402.568099998
60.0 5.0 -5.0 13.75 74149315.1781
60.0 7.5 -5.0 13.75 1179600.2833
60.0 10.0 -5.0 13.75 74342.59580000001
60.0 -5.0 -2.5 13.75 4.4205000000000005
60.0 -2.5 -2.5 13.75 1006913.5086
60.0 0.0 -2.5 13.75 9999999936.303902
60.0 2.5 -2.5 13.75 679526789.2204
60.0 5.0 -2.5 13.75 39549251.6826
60.0 7.5 -2.5 13.75 6082527474.4571
60.0 -5.0 0.0 13.75 164.42919999999998
60.0 -2.5 0.0 13.75 3060.4109
60.0 0.0 0.0 13.75 115891.1227
60.0 2.5 0.0 13.75 9999999934.788801
60.0 5.0 0.0 13.75 9999999929.5482
60.0 -5.0 2.5 13.75 256488.2695
60.0 -2.5 2.5 13.75 1565920.4272999999
60.0 0.0 2.5 13.75 3178725462.0023
60.0 2.5 2.5 13.75 53608654.129599996
60.0 5.0 2.5 13.75 9999999992.6382
60.0 7.5 2.5 13.75 956586797.7754999
60.0 -5.0 5.0 13.75 5103.8628
60.0 -2.5 5.0 13.75 10000000047.6954
60.0 0.0 5.0 13.75 180851836.3135
60.0 2.5 5.0 13.75 6646096311.3657
60.0 5.0 5.0 13.75 65522231.2293
60.0 7.5 5.0 13.75 24696331.3636
60.0 10.0 5.0 13.75 59330.0127
60.0 -5.0 -10.0 15.0 6.7213
60.0 -2.5 -10.0 15.0 4.6792
60.0 0.0 -10.0 15.0 80.78850000000001
60.0 2.5 -10.0 15.0 -25.1914
60.0 5.0 -10.0 15.0 -45.9962
60.0 7.5 -10.0 15.0 -44.784
60.0 10.0 -10.0 15.0 -28.642
60.0 -5.0 -7.5 15.0 18.9638
60.0 -2.5 -7.5 15.0 21.9392
60.0 0.0 -7.5 15.0 26638.3525
60.0 2.5 -7.5 15.0 1078.5282
60.0 5.0 -7.5 15.0 58032.7013
60.0 7.5 -7.5 15.0 -69.6455
60.0 10.0 -7.5 15.0 -49.2106
60.0 -5.0 -5.0 15.0 14.208
60.0 -2.5 -5.0 15.0 33.4965
60.0 0.0 -5.0 15.0 165279.2584
60.0 2.5 -5.0 15.0 3546271688.1844
60.0 5.0 -5.0 15.0 2008420.8094000001
60.0 7.5 -5.0 15.0 8554.8807
60.0 10.0 -5.0 15.0 531942.7112
60.0 -5.0 -2.5 15.0 0.4825000000000004
60.0 -2.5 -2.5 15.0 515.652
60.0 0.0 -2.5 15.0 47011620.4191
60.0 2.5 -2.5 15.0 384598.0024
60.0 5.0 -2.5 15.0 8026.472900000001
60.0 7.5 -2.5 15.0 94170628.667
60.0 10.0 -2.5 15.0 26222.5764
60.0 -5.0 0.0 15.0 -13.4989
60.0 -2.5 0.0 15.0 -18.8903
60.0 0.0 0.0 15.0 22201.171700000003
60.0 2.5 0.0 15.0 204952406.41880003
60.0 5.0 0.0 15.0 3715767.0362000004
60.0 7.5 0.0 15.0 87903.39289999999
60.0 -5.0 2.5 15.0 330.9574
60.0 -2.5 2.5 15.0 528.3602
60.0 0.0 2.5 15.0 1524801152.8418999
60.0 2.5 2.5 15.0 61364114.3534
60.0 5.0 2.5 15.0 15725037.689900002
60.0 7.5 2.5 15.0 135246.1368
60.0 10.0 2.5 15.0 1.1460000000000008
60.0 -5.0 5.0 15.0 174.3635
60.0 -2.5 5.0 15.0 10573471.0988
60.0 0.0 5.0 15.0 1979845.5169
60.0 2.5 5.0 15.0 6702210323.1939
60.0 5.0 5.0 15.0 1278253914.6217
60.0 7.5 5.0 15.0 24473.4071
60.0 10.0 5.0 15.0 1115966.6658
60.0 -5.0 -10.0 16.25 4.2965
60.0 -2.5 -10.0 16.25 0.9387000000000001
60.0 0.0 -10.0 16.25 -8.3338
60.0 2.5 -10.0 16.25 -25.825599999999998
60.0 5.0 -10.0 16.25 -42.2706
60.0 7.5 -10.0 16.25 -40.7923
60.0 10.0 -10.0 16.25 -25.419800000000002
60.0 -5.0 -7.5 16.25 10.4868
60.0 -2.5 -7.5 16.25 5.397600000000001
60.0 0.0 -7.5 16.25 67.9269
60.0 2.5 -7.5 16.25 -37.603300000000004
60.0 5.0 -7.5 16.25 -38.61630000000001
60.0 7.5 -7.5 16.25 -81.4086
60.0 10.0 -7.5 16.25 -42.9446
60.0 -5.0 -5.0 16.25 7.553700000000001
60.0 -2.5 -5.0 16.25 -4.6926000000000005
60.0 0.0 -5.0 16.25 208.91570000000002
60.0 2.5 -5.0 16.25 2960.7938
60.0 5.0 -5.0 16.25 586.8643000000001
60.0 7.5 -5.0 16.25 -67.03920000000001
60.0 10.0 -5.0 16.25 333.644
60.0 -5.0 -2.5 16.25 0.20119999999999982
60.0 -2.5 -2.5 16.25 -11.9189
60.0 0.0 -2.5 16.25 9999999981.9356
60.0 2.5 -2.5 16.25 9938.4727
60.0 5.0 -2.5 16.25 -9.821600000000004
60.0 7.5 -2.5 16.25 522.0577999999999
60.0 10.0 -2.5 16.25 13.190700000000003
60.0 -5.0 0.0 16.25 -7.4587
60.0 -2.5 0.0 16.25 -15.4333
60.0 0.0 0.0 16.25 699.6225000000001
60.0 2.5 0.0 16.25 10664583.7477
60.0 5.0 0.0 16.25 114980910.4833
60.0 7.5 0.0 16.25 -9.1754
60.0 10.0 0.0 16.25 -17.616500000000002
60.0 -5.0 2.5 16.25 -7.5487
60.0 -2.5 2.5 16.25 -12.3727
60.0 0.0 2.5 16.25 31788317.0221
60.0 2.5 2.5 16.25 88461140.8484
60.0 5.0 2.5 16.25 167658978.7491
60.0 7.5 2.5 16.25 36.8072
60.0 10.0 2.5 16.25 -8.385200000000001
60.0 -5.0 5.0 16.25 9.4655
60.0 -2.5 5.0 16.25 18422.8662
60.0 0.0 5.0 16.25 176170.9864
60.0 2.5 5.0 16.25 189919271.253
60.0 5.0 5.0 16.25 705637398.1504
60.0 7.5 5.0 16.25 1970.9409999999998
60.0 10.0 5.0 16.25 2382.4489999999996
120.0 -5.0 -10.0 3.75 73678357.3085
120.0 -2.5 -10.0 3.75 10000000375.1203
120.0 0.0 -10.0 3.75 10000000123.4312
120.0 2.5 -10.0 3.75 10000000325.471802
120.0 5.0 -10.0 3.75 9999999916.182201
120.0 7.5 -10.0 3.75 41929560.4918
120.0 10.0 -10.0 3.75 3620786064.7635
120.0 -5.0 -7.5 3.75 2601965914.6806
120.0 -2.5 -7.5 3.75 9999999953.082602
120.0 0.0 -7.5 3.75 9999999919.610601
120.0 2.5 -7.5 3.75 10000000262.1567
120.0 5.0 -7.5 3.75 9999999914.391401
120.0 7.5 -7.5 3.75 9999999791.307901
120.0 10.0 -7.5 3.75 3292020806.3988
120.0 -5.0 -5.0 3.75 9999999915.1525
120.0 -2.5 -5.0 3.75 9999999746.5955
120.0 0.0 -5.0 3.75 9999999953.873402
120.0 2.5 -5.0 3.75 8177269786.3908
120.0 5.0 -5.0 3.75 10000000053.7513
120.0 7.5 -5.0 3.75 6707541177.4206
120.0 10.0 -5.0 3.75 10000000050.0235
120.0 -5.0 -2.5 3.75 10000000121.756
120.0 -2.5 -2.5 3.75 9999999732.7418
120.0 0.0 -2.5 3.75 10000000031.606901
120.0 2.5 -2.5 3.75 9999999903.7882
120.0 5.0 -2.5 3.75 10000000022.5883
120.0 7.5 -2.5 3.75 10000000005.8164
120.0 10.0 -2.5 3.75 9505.6112
120.0 -5.0 0.0 3.75 1520383642.7702
120.0 -2.5 0.0 3.75 9999999894.561
120.0 0.0 0.0 3.75 9999999833.377201
120.0 2.5 0.0 3.75 9999999918.3064
120.0 5.0 0.0 3.75 6507215509.8049
120.0 7.5 0.0 3.75 32951785.417299997
120.0 10.0 0.0 3.75 11007.987
120.0 -5.0 2.5 3.75 3705034935.4543
120.0 -2.5 2.5 3.75 9999999915.064901
120.0 0.0 2.5 3.75 9999999980.5319
120.0 2.5 2.5 3.75 3798072811.7762
120.0 5.0 2.5 3.75 9999999964.7331
120.0 7.5 2.5 3.75 127392383.3943
120.0 10.0 2.5 3.75 841815.6549999999
120.0 -5.0 5.0 3.75 10000000038.361101
120.0 -2.5 5.0 3.75 9999999911.478802
120.0 0.0 5.0 3.75 9999999922.036001
120.0 2.5 5.0 3.75 10000000062.985
120.0 5.0 5.0 3.75 172744626.7425
120.0 7.5 5.0 3.75 18249108.276300002
120.0 10.0 5.0 3.75 6.645300000000001
120.0 -2.5 5.0 5.0 6289747409.9724
120.0 -2.5 2.5 6.25 9999999945.376902
120.0 -2.5 5.0 6.25 1349659404.7312999
120.0 2.5 -7.5 7.5 10000000158.402401
120.0 0.0 -5.0 7.5 9999999910.9734
120.0 -2.5 0.0 7.5 9999999822.273901
120.0 -2.5 2.5 7.5 9999999897.672401
120.0 0.0 2.5 7.5 6184473805.27
120.0 -2.5 5.0 7.5 30080215.9032
120.0 0.0 5.0 7.5 14472172.6016
120.0 2.5 -7.5 8.75 9999999937.0077
120.0 5.0 -7.5 8.75 985688334.9988999
120.0 0.0 -5.0 8.75 8151467605.9733
120.0 0.0 0.0 8.75 9999999834.660501
120.0 -2.5 2.5 8.75 9999999809.7663
120.0 0.0 2.5 8.75 610879833.9461
120.0 -5.0 5.0 8.75 9999999839.231602
120.0 -2.5 5.0 8.75 9999999961.6091
120.0 0.0 5.0 8.75 243471301.1892
120.0 2.5 5.0 8.75 1359639738.4506
120.0 2.5 -10.0 10.0 3291.3224999999998
120.0 2.5 -7.5 10.0 3317107474.8903003
120.0 5.0 -7.5 10.0 9999999937.0254
120.0 7.5 -7.5 10.0 24182758.9349
120.0 -2.5 -5.0 10.0 595529536.9001
120.0 0.0 -5.0 10.0 9999999885.566502
120.0 2.5 -5.0 10.0 9999999934.5135
120.0 0.0 -2.5 10.0 9999999945.9676
120.0 0.0 0.0 10.0 928348959.6086
120.0 2.5 0.0 10.0 9999999957.3938
120.0 -5.0 2.5 10.0 693626046.2968999
120.0 -2.5 2.5 10.0 9999999901.038801
120.0 0.0 2.5 10.0 9999999732.2987
120.0 2.5 2.5 10.0 10000000029.582401
120.0 -5.0 5.0 10.0 10000000161.9437
120.0 -2.5 5.0 10.0 47848992.0003
120.0 0.0 5.0 10.0 22018083.9603
120.0 2.5 5.0 10.0 10000000037.977402
120.0 5.0 5.0 10.0 10000000077.573502
120.0 2.5 -10.0 11.25 8626.2222
120.0 5.0 -10.0 11.25 23830348.147
120.0 10.0 -10.0 11.25 36322.1325
120.0 -2.5 -7.5 11.25 2412712.3604
120.0 0.0 -7.5 11.25 128498551.36230001
120.0 2.5 -7.5 11.25 60419528.7554
120.0 5.0 -7.5 11.25 10000000084.4276
120.0 7.5 -7.5 11.25 158056.1047
120.0 -2.5 -5.0 11.25 2618073.0588
120.0 0.0 -5.0 11.25 251195092.1597
120.0 2.5 -5.0 11.25 40407491.9952
120.0 5.0 -5.0 11.25 9999999974.954401
120.0 7.5 -5.0 11.25 9999999970.297
120.0 0.0 -2.5 11.25 9999999576.817701
120.0 2.5 -2.5 11.25 9999999967.767601
120.0 -5.0 0.0 11.25 154517048.10230002
120.0 -2.5 0.0 11.25 10000000038.4888
120.0 0.0 0.0 11.25 786783194.6481999
120.0 2.5 0.0 11.25 2049904755.5036998
120.0 -5.0 2.5 11.25 741213160.2783
120.0 -2.5 2.5 11.25 9999999933.248701
120.0 0.0 2.5 11.25 388331162.3132
120.0 2.5 2.5 11.25 88375900.4825
120.0 -5.0 5.0 11.25 9999999953.400301
120.0 -2.5 5.0 11.25 9999999961.4773
120.0 0.0 5.0 11.25 9999999940.8325
120.0 2.5 5.0 11.25 9999999979.2588
120.0 5.0 5.0 11.25 9343033490.726799
120.0 7.5 5.0 11.25 2940013.8608
120.0 -5.0 -10.0 12.5 41.669399999999996
120.0 -2.5 -10.0 12.5 158.8944
120.0 0.0 -10.0 12.5 60.6242
120.0 2.5 -10.0 12.5 20.264699999999998
120.0 5.0 -10.0 12.5 2476845.0831
120.0 7.5 -10.0 12.5 280.9795
120.0 10.0 -10.0 12.5 87.9069
120.0 -2.5 -7.5 12.5 85.5569
120.0 0.0 -7.5 12.5 113963.7727
120.0 2.5 -7.5 12.5 3183622.3451
120.0 5.0 -7.5 12.5 125674455.8787
120.0 7.5 -7.5 12.5 304682741.2091
120.0 10.0 -7.5 12.5 35438.901699999995
120.0 -2.5 -5.0 12.5 68086.8368
120.0 0.0 -5.0 12.5 18996718.0689
120.0 2.5 -5.0 12.5 419570025.0149
120.0 5.0 -5.0 12.5 9999999904.156801
120.0 -5.0 -2.5 12.5 17878.7042
120.0 -2.5 -2.5 12.5 5283899.2687
120.0 0.0 -2.5 12.5 3755872.2345000003
120.0 2.5 -2.5 12.5 9999999847.250101
120.0 5.0 -2.5 12.5 74995634.74219999
120.0 -5.0 0.0 12.5 378209213.6882
120.0 -2.5 0.0 12.5 10000000044.3463
120.0 0.0 0.0 12.5 4392538514.2622
120.0 2.5 0.0 12.5 9999999913.3348
120.0 5.0 0.0 12.5 340729321.5033
120.0 -5.0 2.5 12.5 3691039524.7700996
120.0 -2.5 2.5 12.5 822139617.0964
120.0 0.0 2.5 12.5 9999999932.2136
120.0 2.5 2.5 12.5 5263401847.5842
120.0 5.0 2.5 12.5 9999999976.271502
120.0 -5.0 5.0 12.5 9999999864.7667
120.0 -2.5 5.0 12.5 411216.08430000005
120.0 0.0 5.0 12.5 10000000041.1812
120.0 2.5 5.0 12.5 10000000011.524302
120.0 5.0 5.0 12.5 9999999975.916101
120.0 7.5 5.0 12.5 8278024.1644
120.0 -5.0 -10.0 13.75 23.5856
120.0 -2.5 -10.0 13.75 38.0274
120.0 0.0 -10.0 13.75 22.228900000000003
120.0 2.5 -10.0 13.75 -3.2639
120.0 5.0 -10.0 13.75 77.96709999999999
120.0 7.5 -10.0 13.75 7.806500000000001
120.0 10.0 -10.0 13.75 32.9169
120.0 -2.5 -7.5 13.75 -11.1449
120.0 0.0 -7.5 13.75 9999999918.7413
120.0 2.5 -7.5 13.75 65071.5768
120.0 5.0 -7.5 13.75 57066.026600000005
120.0 7.5 -7.5 13.75 1356.9176
120.0 10.0 -7.5 13.75 24.2592
120.0 -2.5 -5.0 13.75 -32.7134
120.0 0.0 -5.0 13.75 2959583677.159
120.0 2.5 -5.0 13.75 291646114.4818
120.0 5.0 -5.0 13.75 1036637405.6791
120.0 7.5 -5.0 13.75 123306546.0959
120.0 10.0 -5.0 13.75 613965.4598
120.0 -5.0 -2.5 13.75 207.2158
120.0 -2.5 -2.5 13.75 184116.9517
120.0 0.0 -2.5 13.75 4480574.7377
120.0 2.5 -2.5 13.75 5902631303.3517
120.0 5.0 -2.5 13.75 1354057074.3499
120.0 -5.0 0.0 13.75 556844853.5606
120.0 -2.5 0.0 13.75 9999999948.4179
120.0 0.0 0.0 13.75 77412663.70670001
120.0 2.5 0.0 13.75 755527801.7019
120.0 5.0 0.0 13.75 9999999946.966702
120.0 -5.0 2.5 13.75 26050258.3604
120.0 -2.5 2.5 13.75 9999999896.2451
120.0 0.0 2.5 13.75 7874034758.6522
120.0 2.5 2.5 13.75 10000000053.8444
120.0 5.0 2.5 13.75 9999999970.5902
120.0 -5.0 5.0 13.75 241160791.645
120.0 -2.5 5.0 13.75 10337727.597000001
120.0 0.0 5.0 13.75 9999999935.5624
120.0 2.5 5.0 13.75 10000000027.2066
120.0 5.0 5.0 13.75 10000000380.758001
120.0 7.5 5.0 13.75 10210588.626
120.0 -5.0 -10.0 15.0 14.2007
120.0 -2.5 -10.0 15.0 18.7574
120.0 0.0 -10.0 15.0 3.2792
120.0 2.5 -10.0 15.0 -13.861
120.0 5.0 -10.0 15.0 -17.2412
120.0 7.5 -10.0 15.0 -1.2523
120.0 10.0 -10.0 15.0 18.9695
120.0 -5.0 -7.5 15.0 -3.4551999999999996
120.0 -2.5 -7.5 15.0 -12.6783
120.0 0.0 -7.5 15.0 7981.4043
120.0 2.5 -7.5 15.0 937.3212000000001
120.0 5.0 -7.5 15.0 -34.053799999999995
120.0 7.5 -7.5 15.0 -32.6292
120.0 10.0 -7.5 15.0 -3.1114999999999995
120.0 -5.0 -5.0 15.0 -24.5225
120.0 -2.5 -5.0 15.0 -42.3092
120.0 0.0 -5.0 15.0 44730.0639
120.0 2.5 -5.0 15.0 1434114.4617
120.0 5.0 -5.0 15.0 51066.636399999996
120.0 7.5 -5.0 15.0 171205.5297
120.0 10.0 -5.0 15.0 923.3044
120.0 -5.0 -2.5 15.0 32.2385
120.0 -2.5 -2.5 15.0 29458.4024
120.0 0.0 -2.5 15.0 1604.0757
120.0 2.5 -2.5 15.0 5538442192.8557
120.0 5.0 -2.5 15.0 860618.1581
120.0 7.5 -2.5 15.0 5666121798.8253
120.0 10.0 -2.5 15.0 57308072.097200006
120.0 -5.0 0.0 15.0 480453.6488
120.0 -2.5 0.0 15.0 3721565934.5546002
120.0 0.0 0.0 15.0 465348907.53000003
120.0 2.5 0.0 15.0 9999999960.8395
120.0 5.0 0.0 15.0 9999999917.853601
120.0 10.0 0.0 15.0 698258.5665
120.0 -5.0 2.5 15.0 536022.0584
120.0 -2.5 2.5 15.0 47276901.2421
120.0 0.0 2.5 15.0 190007677.07750002
120.0 2.5 2.5 15.0 5410575.062100001
120.0 5.0 2.5 15.0 9999999983.8476
120.0 7.5 2.5 15.0 521.0148999999999
120.0 -5.0 5.0 15.0 8590.061
120.0 -2.5 5.0 15.0 75131.08600000001
120.0 0.0 5.0 15.0 40418250.9417
120.0 2.5 5.0 15.0 9999999919.753801
120.0 5.0 5.0 15.0 36004.1054
120.0 7.5 5.0 15.0 490207.778
120.0 10.0 5.0 15.0 -4.3495
120.0 -5.0 -10.0 16.25 7.2432
120.0 -2.5 -10.0 16.25 7.3332
120.0 0.0 -10.0 16.25 -5.3458000000000006
120.0 2.5 -10.0 16.25 -19.0764
120.0 5.0 -10.0 16.25 -17.933
120.0 7.5 -10.0 16.25 -4.8521
120.0 10.0 -10.0 16.25 10.206199999999999
120.0 -5.0 -7.5 16.25 -4.2381
120.0 -2.5 -7.5 16.25 -13.42
120.0 0.0 -7.5 16.25 -26.9469
120.0 2.5 -7.5 16.25 -49.943400000000004
120.0 5.0 -7.5 16.25 -51.9729
120.0 7.5 -7.5 16.25 -27.8796
120.0 10.0 -7.5 16.25 -4.6934
120.0 -5.0 -5.0 16.25 -15.4178
120.0 -2.5 -5.0 16.25 -33.3896
120.0 0.0 -5.0 16.25 280.2373
120.0 2.5 -5.0 16.25 1299.8315
120.0 5.0 -5.0 16.25 911.6986
120.0 7.5 -5.0 16.25 -41.7918
120.0 10.0 -5.0 16.25 -6.6456
120.0 -5.0 -2.5 16.25 -19.0614
120.0 -2.5 -2.5 16.25 -19.1359
120.0 0.0 -2.5 16.25 -54.592299999999994
120.0 2.5 -2.5 16.25 81655.23310000001
120.0 5.0 -2.5 16.25 228.28029999999995
120.0 7.5 -2.5 16.25 4319.2671
120.0 10.0 -2.5 16.25 1320.8128000000002
120.0 -5.0 0.0 16.25 15.123
120.0 -2.5 0.0 16.25 89965.9596
120.0 0.0 0.0 16.25 225119.1029
120.0 2.5 0.0 16.25 262.76460000000003
120.0 5.0 0.0 16.25 1896931.5152
120.0 7.5 0.0 16.25 438.9914
120.0 10.0 0.0 16.25 181.2629
120.0 -5.0 2.5 16.25 5798.4003
120.0 -2.5 2.5 16.25 1034105.6419
120.0 0.0 2.5 16.25 1101963696.4164
120.0 2.5 2.5 16.25 15780813.536
120.0 5.0 2.5 16.25 10000000021.6842
120.0 7.5 2.5 16.25 370.0549
120.0 10.0 2.5 16.25 -9.359200000000001
120.0 -5.0 5.0 16.25 -13.9906
120.0 -2.5 5.0 16.25 29307.430399999997
120.0 0.0 5.0 16.25 17574786.4863
120.0 2.5 5.0 16.25 9999999932.4409
120.0 5.0 5.0 16.25 487772700.38579994
120.0 7.5 5.0 16.25 26.0801
120.0 10.0 5.0 16.25 -3.2359999999999998
180.0 -5.0 -10.0 3.75 9999999978.8726
180.0 -2.5 -10.0 3.75 9999999787.614
180.0 0.0 -10.0 3.75 2682753824.5750003
180.0 2.5 -10.0 3.75 10000000023.525501
180.0 5.0 -10.0 3.75 10000000138.3925
180.0 7.5 -10.0 3.75 1539233.8786
180.0 10.0 -10.0 3.75 7466866.7321999995
180.0 -5.0 -7.5 3.75 9999999973.563501
180.0 -2.5 -7.5 3.75 9999999705.2092
180.0 0.0 -7.5 3.75 10000000127.5443
180.0 2.5 -7.5 3.75 9999999708.7296
180.0 5.0 -7.5 3.75 20947671.9438
180.0 7.5 -7.5 3.75 368647495.8621
180.0 10.0 -7.5 3.75 4223627541.7648
180.0 -5.0 -5.0 3.75 1001150934.518
180.0 -2.5 -5.0 3.75 1778485688.4129002
180.0 0.0 -5.0 3.75 10000000362.0365
180.0 2.5 -5.0 3.75 9999999939.053001
180.0 5.0 -5.0 3.75 10000000051.6947
180.0 7.5 -5.0 3.75 10000000058.387402
180.0 10.0 -5.0 3.75 9999999827.1944
180.0 -5.0 -2.5 3.75 10000000030.8481
180.0 -2.5 -2.5 3.75 10000000234.6116
180.0 0.0 -2.5 3.75 10000000079.5599
180.0 2.5 -2.5 3.75 109995286.5003
180.0 5.0 -2.5 3.75 9999999886.9764
180.0 7.5 -2.5 3.75 1063349910.7565
180.0 10.0 -2.5 3.75 512673491.5038
180.0 -5.0 0.0 3.75 152778827.1588
180.0 -2.5 0.0 3.75 10000000038.6616
180.0 0.0 0.0 3.75 2819306733.0253
180.0 2.5 0.0 3.75 9999999901.8379
180.0 5.0 0.0 3.75 9999999941.819601
180.0 7.5 0.0 3.75 6370792333.9026
180.0 10.0 0.0 3.75 12595867.261799999
180.0 -5.0 2.5 3.75 4044173854.8462
180.0 -2.5 2.5 3.75 10000000117.644001
180.0 0.0 2.5 3.75 327226870.6821
180.0 2.5 2.5 3.75 10000000050.945002
180.0 5.0 2.5 3.75 10000000951.0074
180.0 7.5 2.5 3.75 10000000157.7607
180.0 10.0 2.5 3.75 126668802.3042
180.0 -5.0 5.0 3.75 10000000363.365702
180.0 -2.5 5.0 3.75 880514486.3902999
180.0 0.0 5.0 3.75 5214093686.1654005
180.0 2.5 5.0 3.75 97049426.1062
180.0 5.0 5.0 3.75 10000000024.0361
180.0 7.5 5.0 3.75 313371351.9601
180.0 10.0 5.0 3.75 1081847.8742000002
180.0 -2.5 -2.5 7.5 9999999927.536701
180.0 0.0 2.5 7.5 2453177383.8278
180.0 0.0 5.0 7.5 9999999989.408602
180.0 -5.0 -2.5 8.75 1179721997.1445
180.0 -2.5 -2.5 8.75 10000000079.208302
180.0 2.5 -2.5 8.75 9999999971.223501
180.0 -5.0 0.0 8.75 4095452658.4181995
180.0 0.0 0.0 8.75 10000000029.082602
180.0 0.0 2.5 8.75 8654723105.119999
180.0 0.0 -10.0 10.0 107247366.2239
180.0 2.5 -10.0 10.0 30679654.958
180.0 0.0 -7.5 10.0 9999999702.469002
180.0 2.5 -7.5 10.0 10000000019.1788
180.0 5.0 -7.5 10.0 9999999906.7954
180.0 -2.5 -5.0 10.0 9999999805.9178
180.0 0.0 -5.0 10.0 9999999481.177801
180.0 2.5 -5.0 10.0 9999999919.060701
180.0 5.0 -5.0 10.0 9999999936.0925
180.0 -5.0 -2.5 10.0 176449503.4015
180.0 -2.5 -2.5 10.0 254468478.33589998
180.0 0.0 -2.5 10.0 9999999849.2402
180.0 2.5 -2.5 10.0 9999999891.4521
180.0 -5.0 0.0 10.0 9999999955.0021
180.0 -2.5 0.0 10.0 9999999934.667702
180.0 0.0 0.0 10.0 9999999870.9738
180.0 -5.0 2.5 10.0 9999999982.775702
180.0 0.0 2.5 10.0 155613594.3267
180.0 2.5 2.5 10.0 464043641.0302
180.0 0.0 5.0 10.0 60251765.2526
180.0 2.5 5.0 10.0 9999999993.3673
180.0 0.0 -10.0 11.25 9249924034.1377
180.0 2.5 -10.0 11.25 3511808.8029
180.0 5.0 -10.0 11.25 17871270.740199998
180.0 0.0 -7.5 11.25 9999999844.363401
180.0 2.5 -7.5 11.25 9999999917.709002
180.0 5.0 -7.5 11.25 5223751452.9976
180.0 7.5 -7.5 11.25 14893399.6802
180.0 -2.5 -5.0 11.25 9999999882.5576
180.0 0.0 -5.0 11.25 9133643314.9996
180.0 2.5 -5.0 11.25 9999999999.5991
180.0 5.0 -5.0 11.25 10000000027.188002
180.0 -5.0 -2.5 11.25 1281561.7212999999
180.0 -2.5 -2.5 11.25 48323298.8263
180.0 0.0 -2.5 11.25 10000000122.5347
180.0 2.5 -2.5 11.25 9999999930.4801
180.0 -5.0 0.0 11.25 10000000000.479
180.0 -2.5 0.0 11.25 2305051365.6010003
180.0 0.0 0.0 11.25 9999999942.118801
180.0 -5.0 2.5 11.25 1179774345.2447
180.0 -2.5 2.5 11.25 10000000075.939701
180.0 0.0 2.5 11.25 1234338178.7394
180.0 2.5 2.5 11.25 9999999972.324501
180.0 -5.0 5.0 11.25 79958338.2633
180.0 0.0 5.0 11.25 1271942148.0987
180.0 2.5 5.0 11.25 10000000025.9461
180.0 -5.0 -10.0 12.5 -22.4414
180.0 -2.5 -10.0 12.5 53.86120000000001
180.0 0.0 -10.0 12.5 15691587.5803
180.0 2.5 -10.0 12.5 406723.98079999996
180.0 5.0 -10.0 12.5 73.1809
180.0 7.5 -10.0 12.5 15268.9107
180.0 10.0 -10.0 12.5 -19.803400000000003
180.0 -2.5 -7.5 12.5 59630.340099999994
180.0 0.0 -7.5 12.5 2715160.4345
180.0 2.5 -7.5 12.5 19152392.2369
180.0 5.0 -7.5 12.5 2586586.3028
180.0 7.5 -7.5 12.5 504449509.1566
180.0 -5.0 -5.0 12.5 346122146.2705
180.0 -2.5 -5.0 12.5 9999999887.621601
180.0 0.0 -5.0 12.5 81453259.6875
180.0 2.5 -5.0 12.5 9999999917.223202
180.0 5.0 -5.0 12.5 9999999949.965601
180.0 -5.0 -2.5 12.5 389738.4902
180.0 -2.5 -2.5 12.5 6898981.8462000005
180.0 0.0 -2.5 12.5 192759758.723
180.0 2.5 -2.5 12.5 10000000002.0688
180.0 5.0 -2.5 12.5 190015168.6198
180.0 -5.0 0.0 12.5 6395743035.3406
180.0 -2.5 0.0 12.5 566947581.5724
180.0 0.0 0.0 12.5 9999999971.9983
180.0 2.5 0.0 12.5 10000000063.644402
180.0 -5.0 2.5 12.5 9999999964.421701
180.0 -2.5 2.5 12.5 9999999892.9204
180.0 0.0 2.5 12.5 279750725.9758
180.0 2.5 2.5 12.5 25714459.0191
180.0 -5.0 5.0 12.5 569945425.4569
180.0 -2.5 5.0 12.5 99498986.58700001
180.0 0.0 5.0 12.5 93001545.9474
180.0 2.5 5.0 12.5 10000000053.880201
180.0 5.0 5.0 12.5 1600827894.2166
180.0 7.5 5.0 12.5 289256434.63600004
180.0 10.0 5.0 12.5 10000000014.8668
180.0 -5.0 -10.0 13.75 -20.2628
180.0 -2.5 -10.0 13.75 -31.1126
180.0 0.0 -10.0 13.75 522.2468
180.0 2.5 -10.0 13.75 121579.3824
180.0 5.0 -10.0 13.75 -3.9227999999999996
180.0 7.5 -10.0 13.75 41.1774
180.0 10.0 -10.0 13.75 -11.7224
180.0 -5.0 -7.5 13.75 -33.1023
180.0 -2.5 -7.5 13.75 567.7378000000001
180.0 0.0 -7.5 13.75 14488081.7555
180.0 2.5 -7.5 13.75 5060008915.171
180.0 5.0 -7.5 13.75 1687469.7316
180.0 7.5 -7.5 13.75 58788.2004
180.0 10.0 -7.5 13.75 15.818200000000001
180.0 -5.0 -5.0 13.75 -50.5829
180.0 -2.5 -5.0 13.75 26643720.5137
180.0 0.0 -5.0 13.75 1130200091.4369
180.0 2.5 -5.0 13.75 91834312.19060001
180.0 5.0 -5.0 13.75 1225517916.3809
180.0 -5.0 -2.5 13.75 167.7626
180.0 -2.5 -2.5 13.75 350007.31190000003
180.0 0.0 -2.5 13.75 2566463526.8199
180.0 2.5 -2.5 13.75 9999999874.7329
180.0 5.0 -2.5 13.75 7823440049.0021
180.0 -5.0 0.0 13.75 29720.8134
180.0 -2.5 0.0 13.75 6258749.8235
180.0 0.0 0.0 13.75 10000000051.5335
180.0 2.5 0.0 13.75 640541614.4568
180.0 -5.0 2.5 13.75 11802316.8318
180.0 -2.5 2.5 13.75 154480622.48790002
180.0 0.0 2.5 13.75 1001724445.2729
180.0 2.5 2.5 13.75 9999999982.8328
180.0 5.0 2.5 13.75 9999999985.6159
180.0 -5.0 5.0 13.75 9767086.779099999
180.0 -2.5 5.0 13.75 34099402.340900004
180.0 0.0 5.0 13.75 14404031.1417
180.0 2.5 5.0 13.75 559531473.6216
180.0 5.0 5.0 13.75 148311232.0635
180.0 7.5 5.0 13.75 64645.028600000005
180.0 10.0 5.0 13.75 3546372224.3221
180.0 -5.0 -10.0 15.0 -19.909599999999998
180.0 -2.5 -10.0 15.0 -33.9954
180.0 0.0 -10.0 15.0 59.77610000000001
180.0 2.5 -10.0 15.0 921.5441999999999
180.0 5.0 -10.0 15.0 -10.444
180.0 7.5 -10.0 15.0 -7.005800000000001
180.0 10.0 -10.0 15.0 -7.5287
180.0 -5.0 -7.5 15.0 -34.033
180.0 -2.5 -7.5 15.0 -62.9813
180.0 0.0 -7.5 15.0 1483217.5904
180.0 2.5 -7.5 15.0 3094.9729
180.0 5.0 -7.5 15.0 2906.6013000000003
180.0 7.5 -7.5 15.0 560.0985999999999
180.0 10.0 -7.5 15.0 -4.058
180.0 -5.0 -5.0 15.0 -57.4681
180.0 -2.5 -5.0 15.0 1422.6178
180.0 0.0 -5.0 15.0 901129157.6035
180.0 2.5 -5.0 15.0 121698.0483
180.0 5.0 -5.0 15.0 1439788.037
180.0 7.5 -5.0 15.0 49.3617
180.0 10.0 -5.0 15.0 10.277000000000001
180.0 -5.0 -2.5 15.0 -58.2761
180.0 -2.5 -2.5 15.0 22948.1266
180.0 0.0 -2.5 15.0 2114957.8417
180.0 2.5 -2.5 15.0 42735004.06869999
180.0 5.0 -2.5 15.0 238569.7669
180.0 10.0 -2.5 15.0 23.0719
180.0 -5.0 0.0 15.0 121.244
180.0 -2.5 0.0 15.0 19567887.34
180.0 0.0 0.0 15.0 10000000000.176102
180.0 2.5 0.0 15.0 285473.1958
180.0 5.0 0.0 15.0 -28.8689
180.0 -5.0 2.5 15.0 8031754130.6337
180.0 -2.5 2.5 15.0 9999999947.2656
180.0 0.0 2.5 15.0 10000000157.312601
180.0 2.5 2.5 15.0 86999769.7698
180.0 5.0 2.5 15.0 9999999941.122301
180.0 7.5 2.5 15.0 222.9256
180.0 -5.0 5.0 15.0 10314.7137
180.0 -2.5 5.0 15.0 10000000016.829601
180.0 0.0 5.0 15.0 154762828.3297
180.0 2.5 5.0 15.0 10000000000.9682
180.0 5.0 5.0 15.0 1128765698.6588
180.0 7.5 5.0 15.0 290928.86169999995
180.0 10.0 5.0 15.0 15215650.8313
180.0 -5.0 -10.0 16.25 -19.044900000000002
180.0 -2.5 -10.0 16.25 -32.2588
180.0 0.0 -10.0 16.25 -34.925900000000006
180.0 2.5 -10.0 16.25 -25.2903
180.0 5.0 -10.0 16.25 -12.673
180.0 7.5 -10.0 16.25 -6.8186
180.0 10.0 -10.0 16.25 -4.966100000000001
180.0 -5.0 -7.5 16.25 -31.3889
180.0 -2.5 -7.5 16.25 -64.774
180.0 0.0 -7.5 16.25 645.5816
180.0 2.5 -7.5 16.25 -51.2429
180.0 5.0 -7.5 16.25 38.1126
180.0 7.5 -7.5 16.25 -13.2188
180.0 10.0 -7.5 16.25 -2.6113
180.0 -5.0 -5.0 16.25 -44.9001
180.0 -2.5 -5.0 16.25 -91.2337
180.0 0.0 -5.0 16.25 1900.2172
180.0 2.5 -5.0 16.25 36.4289
180.0 5.0 -5.0 16.25 115.95510000000002
180.0 7.5 -5.0 16.25 -13.5208
180.0 10.0 -5.0 16.25 5.3762
180.0 -5.0 -2.5 16.25 -41.9416
180.0 -2.5 -2.5 16.25 -59.80859999999999
180.0 0.0 -2.5 16.25 7852.9615
180.0 2.5 -2.5 16.25 27945.5099
180.0 5.0 -2.5 16.25 52.3523
180.0 7.5 -2.5 16.25 -6.0086
180.0 10.0 -2.5 16.25 12.0703
180.0 -5.0 0.0 16.25 22.596499999999995
180.0 -2.5 0.0 16.25 44814.421899999994
180.0 0.0 0.0 16.25 246965714.9481
180.0 2.5 0.0 16.25 8127.7923
180.0 5.0 0.0 16.25 -25.7588
180.0 7.5 0.0 16.25 -2.4852
180.0 -5.0 2.5 16.25 5848.6838
180.0 -2.5 2.5 16.25 10000000113.9962
180.0 0.0 2.5 16.25 9999999994.7898
180.0 2.5 2.5 16.25 9999999956.7661
180.0 5.0 2.5 16.25 40688796.277
180.0 7.5 2.5 16.25 20.401
180.0 -5.0 5.0 16.25 885.8672
180.0 -2.5 5.0 16.25 5219978.9453
180.0 0.0 5.0 16.25 42988090.0093
180.0 2.5 5.0 16.25 14262880.5282
180.0 5.0 5.0 16.25 2024610.1135
180.0 7.5 5.0 16.25 15396.3045
180.0 10.0 5.0 16.25 653.65
240.0 -5.0 -10.0 3.75 9999999815.6644
240.0 -2.5 -10.0 3.75 10000000090.820501
240.0 0.0 -10.0 3.75 9395501436.604801
240.0 2.5 -10.0 3.75 1016853244.1413001
240.0 5.0 -10.0 3.75 10000000054.8334
240.0 7.5 -10.0 3.75 1703195788.9092999
240.0 10.0 -10.0 3.75 6544406039.7169
240.0 -5.0 -7.5 3.75 10000000054.828901
240.0 -2.5 -7.5 3.75 7598026597.7115
240.0 0.0 -7.5 3.75 10000000021.7229
240.0 2.5 -7.5 3.75 9999999981.5365
240.0 5.0 -7.5 3.75 10000000075.7751
240.0 7.5 -7.5 3.75 6714511174.9892
240.0 10.0 -7.5 3.75 3798.8532
240.0 -5.0 -5.0 3.75 10000000083.2786
240.0 -2.5 -5.0 3.75 9999999954.034101
240.0 0.0 -5.0 3.75 10000000100.9167
240.0 2.5 -5.0 3.75 10000000042.007
240.0 5.0 -5.0 3.75 854964420.8917
240.0 7.5 -5.0 3.75 10000000071.234402
240.0 10.0 -5.0 3.75 9999999998.713202
240.0 -5.0 -2.5 3.75 9999999971.880201
240.0 -2.5 -2.5 3.75 9999999822.7744
240.0 0.0 -2.5 3.75 10000000077.1219
240.0 2.5 -2.5 3.75 10000000504.771
240.0 5.0 -2.5 3.75 9999999800.1467
240.0 7.5 -2.5 3.75 1935137155.0643
240.0 10.0 -2.5 3.75 9999999976.296501
240.0 -5.0 0.0 3.75 9999999983.953201
240.0 -2.5 0.0 3.75 10000000098.550701
240.0 0.0 0.0 3.75 10000000184.4073
240.0 2.5 0.0 3.75 10000000129.044
240.0 5.0 0.0 3.75 9999999720.7812
240.0 7.5 0.0 3.75 267240420.72
240.0 10.0 0.0 3.75 233682041.46850002
240.0 -5.0 2.5 3.75 9999999967.668901
240.0 -2.5 2.5 3.75 5058217634.8677
240.0 0.0 2.5 3.75 10000000041.246101
240.0 2.5 2.5 3.75 7436555781.386999
240.0 5.0 2.5 3.75 9999999856.192202
240.0 7.5 2.5 3.75 2053599.7137
240.0 10.0 2.5 3.75 10000000001.401701
240.0 -5.0 5.0 3.75 10000000056.114101
240.0 -2.5 5.0 3.75 10000000041.403301
240.0 0.0 5.0 3.75 8466398613.3455
240.0 2.5 5.0 3.75 9999999937.212801
240.0 5.0 5.0 3.75 9999999977.7766
240.0 7.5 5.0 3.75 31623.6786
240.0 10.0 5.0 3.75 17227710.4727
240.0 0.0 0.0 5.0 9999999956.5256
240.0 -2.5 2.5 5.0 10000000014.409601
240.0 -2.5 5.0 5.0 10000000035.3337
240.0 0.0 0.0 6.25 10000000001.3546
240.0 -2.5 2.5 6.25 266228525.6206
240.0 0.0 2.5 6.25 10000000013.274601
240.0 -5.0 5.0 6.25 207360083.2867
240.0 -2.5 5.0 6.25 14868715.2663
240.0 2.5 -10.0 7.5 300113342.0871
240.0 -2.5 -7.5 7.5 1438479902.1633
240.0 0.0 -5.0 7.5 10000000016.134201
240.0 0.0 0.0 7.5 4586343432.119101
240.0 -2.5 2.5 7.5 4375875404.6647005
240.0 0.0 2.5 7.5 6468611225.8435
240.0 -5.0 5.0 7.5 10000000023.6273
240.0 -2.5 5.0 7.5 10000000026.509201
240.0 0.0 5.0 7.5 96441379.79609999
240.0 0.0 -10.0 8.75 487293895.441
240.0 2.5 -10.0 8.75 4293427047.4758
240.0 5.0 -10.0 8.75 6436355948.9035
240.0 -2.5 -7.5 8.75 9999999971.232
240.0 0.0 -7.5 8.75 9999999965.169401
240.0 2.5 -7.5 8.75 673642712.9536
240.0 -2.5 -5.0 8.75 9999999917.943602
240.0 0.0 -5.0 8.75 9999999831.5139
240.0 0.0 -2.5 8.75 9999999928.2525
240.0 2.5 -2.5 8.75 10000000433.738901
240.0 -2.5 0.0 8.75 2871185299.4876
240.0 0.0 0.0 8.75 10000000159.462502
240.0 -2.5 2.5 8.75 78804357.10759999
240.0 0.0 2.5 8.75 10000000088.112902
240.0 2.5 2.5 8.75 28833376.6341
240.0 -5.0 5.0 8.75 1957625364.8481
240.0 -2.5 5.0 8.75 10000000024.2516
240.0 0.0 5.0 8.75 10000000033.935001
240.0 0.0 -10.0 10.0 2390481408.1959
240.0 2.5 -10.0 10.0 9999999901.5219
240.0 5.0 -10.0 10.0 9999999940.7005
240.0 -2.5 -7.5 10.0 7182051.2589
240.0 0.0 -7.5 10.0 9999999969.7928
240.0 2.5 -7.5 10.0 8685134512.1104
240.0 -2.5 -5.0 10.0 9999999944.671701
240.0 0.0 -5.0 10.0 4412685352.834701
240.0 -5.0 -2.5 10.0 9999999889.1219
240.0 -2.5 -2.5 10.0 9999999972.4983
240.0 0.0 -2.5 10.0 9999999892.7317
240.0 2.5 -2.5 10.0 154638071.1798
240.0 -2.5 0.0 10.0 10000000006.061602
240.0 0.0 0.0 10.0 9304834.204
240.0 2.5 0.0 10.0 142182193.1489
240.0 -5.0 2.5 10.0 674062556.8826
240.0 -2.5 2.5 10.0 1781004084.3872
240.0 0.0 2.5 10.0 206808061.6547
240.0 2.5 2.5 10.0 1374089038.2240002
240.0 -5.0 5.0 10.0 141205232.21580002
240.0 -2.5 5.0 10.0 10000000049.237202
240.0 0.0 5.0 10.0 10000000040.5676
240.0 2.5 5.0 10.0 116551130.4577
240.0 7.5 5.0 10.0 9244544.8955
240.0 -2.5 -10.0 11.25 435590833.51229995
240.0 0.0 -10.0 11.25 13786569.8244
240.0 2.5 -10.0 11.25 175372582.96879998
240.0 5.0 -10.0 11.25 303277997.8067
240.0 7.5 -10.0 11.25 10621096.4946
240.0 10.0 -10.0 11.25 82400.59730000001
240.0 -5.0 -7.5 11.25 882796.4704
240.0 -2.5 -7.5 11.25 1858405.9660999998
240.0 0.0 -7.5 11.25 2840447176.9112
240.0 2.5 -7.5 11.25 672919794.2681
240.0 -2.5 -5.0 11.25 579101063.3987
240.0 0.0 -5.0 11.25 10000000112.860102
240.0 2.5 -5.0 11.25 9999999978.3514
240.0 -5.0 -2.5 11.25 4488936408.0460005
240.0 -2.5 -2.5 11.25 465468193.73950005
240.0 0.0 -2.5 11.25 651722094.9755
240.0 2.5 -2.5 11.25 10000000039.4421
240.0 -5.0 0.0 11.25 8283895308.5423
240.0 -2.5 0.0 11.25 6098720788.3352
240.0 0.0 0.0 11.25 287599972.9379
240.0 2.5 0.0 11.25 501970632.38750005
240.0 -2.5 2.5 11.25 9338231.7316
240.0 0.0 2.5 11.25 9999999996.721802
240.0 2.5 2.5 11.25 5733026225.6363
240.0 5.0 2.5 11.25 63366421.6561
240.0 7.5 2.5 11.25 1353411.6945
240.0 -5.0 5.0 11.25 509692360.8144
240.0 -2.5 5.0 11.25 9999999992.863201
240.0 0.0 5.0 11.25 10000000065.4307
240.0 2.5 5.0 11.25 10000000044.010302
240.0 7.5 5.0 11.25 1472.7045
240.0 -2.5 -10.0 12.5 12314.188
240.0 0.0 -10.0 12.5 3106309.4708
240.0 2.5 -10.0 12.5 308909.0833
240.0 5.0 -10.0 12.5 348931195.6606
240.0 7.5 -10.0 12.5 5852732.3611
240.0 10.0 -10.0 12.5 3832.9681
240.0 -5.0 -7.5 12.5 3030.8887
240.0 -2.5 -7.5 12.5 53081.9458
240.0 0.0 -7.5 12.5 1804832604.1653
240.0 2.5 -7.5 12.5 796112832.9746
240.0 5.0 -7.5 12.5 8813739.9067
240.0 -5.0 -5.0 12.5 479.35420000000005
240.0 -2.5 -5.0 12.5 10097.7452
240.0 0.0 -5.0 12.5 148481286.0949
240.0 2.5 -5.0 12.5 10000000066.9937
240.0 5.0 -5.0 12.5 10000000031.7915
240.0 -5.0 -2.5 12.5 9999999928.506401
240.0 -2.5 -2.5 12.5 184159916.6076
240.0 0.0 -2.5 12.5 9999999921.6744
240.0 2.5 -2.5 12.5 9999999944.2558
240.0 -5.0 0.0 12.5 10000000027.4039
240.0 -2.5 0.0 12.5 914013727.0925001
240.0 0.0 0.0 12.5 150736600.5008
240.0 2.5 0.0 12.5 1067645190.277
240.0 5.0 0.0 12.5 10000000090.886501
240.0 -5.0 2.5 12.5 79639.3282
240.0 -2.5 2.5 12.5 2159426.5505000004
240.0 0.0 2.5 12.5 264498370.16700003
240.0 2.5 2.5 12.5 10000000088.707
240.0 5.0 2.5 12.5 534907.3685
240.0 7.5 2.5 12.5 311352.9293
240.0 -5.0 5.0 12.5 1705.4902
240.0 -2.5 5.0 12.5 10000000052.3064
240.0 0.0 5.0 12.5 10000000036.349901
240.0 2.5 5.0 12.5 570760286.5393
240.0 5.0 5.0 12.5 17634823.6097
240.0 7.5 5.0 12.5 1.9925999999999995
240.0 -2.5 -10.0 13.75 -85.0275
240.0 0.0 -10.0 13.75 14632.577
240.0 2.5 -10.0 13.75 84955257.5332
240.0 5.0 -10.0 13.75 3454432.6561
240.0 7.5 -10.0 13.75 688.3978000000001
240.0 10.0 -10.0 13.75 69.9014
240.0 -5.0 -7.5 13.75 -61.8405
240.0 -2.5 -7.5 13.75 95.0977
240.0 0.0 -7.5 13.75 639123941.0233
240.0 2.5 -7.5 13.75 174443675.65060002
240.0 5.0 -7.5 13.75 2296556.8524
240.0 7.5 -7.5 13.75 10000000020.3463
240.0 10.0 -7.5 13.75 2207.1719000000003
240.0 -5.0 -5.0 13.75 177.7293
240.0 -2.5 -5.0 13.75 172.4604
240.0 0.0 -5.0 13.75 3081572894.9752
240.0 2.5 -5.0 13.75 9999999888.067902
240.0 5.0 -5.0 13.75 951889087.049
240.0 -5.0 -2.5 13.75 9999999977.137402
240.0 -2.5 -2.5 13.75 207482966.2333
240.0 0.0 -2.5 13.75 10000000131.8204
240.0 2.5 -2.5 13.75 10000000034.106201
240.0 -5.0 0.0 13.75 10000000285.434502
240.0 -2.5 0.0 13.75 10000000032.8129
240.0 0.0 0.0 13.75 710634980.1313
240.0 2.5 0.0 13.75 4477798214.0142
240.0 5.0 0.0 13.75 12369460.5342
240.0 -5.0 2.5 13.75 12578.804399999999
240.0 -2.5 2.5 13.75 119825.987
240.0 0.0 2.5 13.75 9999999977.9682
240.0 2.5 2.5 13.75 53276869.3746
240.0 5.0 2.5 13.75 31202855.385
240.0 7.5 2.5 13.75 14141.9544
240.0 10.0 2.5 13.75 4.7515
240.0 -5.0 5.0 13.75 22.0136
240.0 -2.5 5.0 13.75 1164938.0977
240.0 0.0 5.0 13.75 8452897238.3633
240.0 2.5 5.0 13.75 10000000000.823101
240.0 5.0 5.0 13.75 295.1207
240.0 7.5 5.0 13.75 -0.4236999999999993
240.0 10.0 5.0 13.75 -10.6443
240.0 -5.0 -10.0 15.0 -37.4078
240.0 -2.5 -10.0 15.0 -88.1058
240.0 0.0 -10.0 15.0 364924.8879
240.0 2.5 -10.0 15.0 577945319.0933
240.0 5.0 -10.0 15.0 1339.6974
240.0 7.5 -10.0 15.0 13.4386
240.0 10.0 -10.0 15.0 18.288899999999998
240.0 -5.0 -7.5 15.0 -54.7034
240.0 -2.5 -7.5 15.0 244.7674
240.0 0.0 -7.5 15.0 16652631.3695
240.0 2.5 -7.5 15.0 545582.8135
240.0 5.0 -7.5 15.0 39473.6561
240.0 7.5 -7.5 15.0 28845.1095
240.0 10.0 -7.5 15.0 19.817899999999998
240.0 -5.0 -5.0 15.0 -46.8036
240.0 -2.5 -5.0 15.0 -48.324099999999994
240.0 0.0 -5.0 15.0 14628.8973
240.0 2.5 -5.0 15.0 9999999935.8054
240.0 5.0 -5.0 15.0 110025.87199999999
240.0 10.0 -5.0 15.0 1.2533000000000003
240.0 -5.0 -2.5 15.0 9629.468499999999
240.0 -2.5 -2.5 15.0 44118597.231300004
240.0 0.0 -2.5 15.0 10000000066.4412
240.0 2.5 -2.5 15.0 2612672.9195999997
240.0 5.0 -2.5 15.0 20321.245600000002
240.0 7.5 -2.5 15.0 2660741.5881000003
240.0 -5.0 0.0 15.0 123182.3651
240.0 -2.5 0.0 15.0 9999999982.4141
240.0 0.0 0.0 15.0 110358322.69150001
240.0 2.5 0.0 15.0 10000000052.424301
240.0 5.0 0.0 15.0 10000000094.596401
240.0 7.5 0.0 15.0 415089.6765
240.0 -5.0 2.5 15.0 2306.3419999999996
240.0 -2.5 2.5 15.0 24199.3155
240.0 0.0 2.5 15.0 3040615272.734
240.0 2.5 2.5 15.0 10000000049.645802
240.0 5.0 2.5 15.0 25409.5896
240.0 7.5 2.5 15.0 2791.4327000000003
240.0 10.0 2.5 15.0 -15.7383
240.0 -5.0 5.0 15.0 2.6747
240.0 -2.5 5.0 15.0 4835.4888
240.0 0.0 5.0 15.0 3999914772.6775
240.0 2.5 5.0 15.0 334786994.13989997
240.0 5.0 5.0 15.0 76.1835
240.0 7.5 5.0 15.0 1.1212
240.0 10.0 5.0 15.0 -7.813199999999999
240.0 -5.0 -10.0 16.25 -34.4806
240.0 -2.5 -10.0 16.25 -77.9745
240.0 0.0 -10.0 16.25 354.206
240.0 2.5 -10.0 16.25 34340.577
240.0 5.0 -10.0 16.25 -32.8278
240.0 7.5 -10.0 16.25 -4.465199999999999
240.0 10.0 -10.0 16.25 9.2551
240.0 -5.0 -7.5 16.25 -44.6666
240.0 -2.5 -7.5 16.25 -86.9124
240.0 0.0 -7.5 16.25 844.4295
240.0 2.5 -7.5 16.25 2761.5523
240.0 5.0 -7.5 16.25 91.4773
240.0 7.5 -7.5 16.25 112.4688
240.0 10.0 -7.5 16.25 6.4356
240.0 -5.0 -5.0 16.25 -37.6193
240.0 -2.5 -5.0 16.25 -61.2339
240.0 0.0 -5.0 16.25 -32.0594
240.0 2.5 -5.0 16.25 17824.7231
240.0 5.0 -5.0 16.25 217.0266
240.0 7.5 -5.0 16.25 -5.6395
240.0 10.0 -5.0 16.25 0.2919999999999998
240.0 -5.0 -2.5 16.25 -13.1319
240.0 -2.5 -2.5 16.25 6742.612
240.0 0.0 -2.5 16.25 166340.3768
240.0 2.5 -2.5 16.25 41615.168300000005
240.0 5.0 -2.5 16.25 10.1576
240.0 7.5 -2.5 16.25 40905.9445
240.0 10.0 -2.5 16.25 -2.523
240.0 -5.0 0.0 16.25 120.2397
240.0 -2.5 0.0 16.25 28038759.8895
240.0 0.0 0.0 16.25 17202392.464
240.0 2.5 0.0 16.25 9999999998.198502
240.0 5.0 0.0 16.25 17228.1839
240.0 7.5 0.0 16.25 3505.7577
240.0 -5.0 2.5 16.25 106.964
240.0 -2.5 2.5 16.25 2232.3433
240.0 0.0 2.5 16.25 296210353.7133
240.0 2.5 2.5 16.25 9999999952.6016
240.0 5.0 2.5 16.25 109753406.8619
240.0 7.5 2.5 16.25 230.174
240.0 10.0 2.5 16.25 -7.2131
240.0 -5.0 5.0 16.25 1.8583999999999996
240.0 -2.5 5.0 16.25 10.3694
240.0 0.0 5.0 16.25 455239.4034
240.0 2.5 5.0 16.25 10000000043.5151
240.0 5.0 5.0 16.25 270.5781
240.0 7.5 5.0 16.25 2.0368999999999997
240.0 10.0 5.0 16.25 -4.2844
300.0 -5.0 -10.0 3.75 3813493135.878
300.0 -2.5 -10.0 3.75 9999999905.954601
300.0 0.0 -10.0 3.75 2399680154.7239
300.0 2.5 -10.0 3.75 10000000050.7367
300.0 5.0 -10.0 3.75 547457274.5701
300.0 7.5 -10.0 3.75 1817170749.3532
300.0 10.0 -10.0 3.75 10262387.7073
300.0 -5.0 -7.5 3.75 10000000007.7012
300.0 -2.5 -7.5 3.75 2247956547.4782
300.0 0.0 -7.5 3.75 9999999846.257801
300.0 2.5 -7.5 3.75 10000000027.884602
300.0 5.0 -7.5 3.75 9999999558.285301
300.0 7.5 -7.5 3.75 9999999910.5282
300.0 10.0 -7.5 3.75 9999999861.3477
300.0 -5.0 -5.0 3.75 9999999880.8036
300.0 -2.5 -5.0 3.75 9999999923.8376
300.0 0.0 -5.0 3.75 9999999800.156801
300.0 2.5 -5.0 3.75 3117878236.0265
300.0 5.0 -5.0 3.75 10000000056.6453
300.0 7.5 -5.0 3.75 10000000189.4305
300.0 10.0 -5.0 3.75 7929181535.4232
300.0 -5.0 -2.5 3.75 9999999849.016201
300.0 -2.5 -2.5 3.75 9999999721.968401
300.0 0.0 -2.5 3.75 9999999974.2451
300.0 2.5 -2.5 3.75 9999999702.2863
300.0 5.0 -2.5 3.75 9999999953.7066
300.0 7.5 -2.5 3.75 21509215.6766
300.0 10.0 -2.5 3.75 50536363.746
300.0 -5.0 0.0 3.75 4549233648.6638
300.0 -2.5 0.0 3.75 2357438748.1143003
300.0 0.0 0.0 3.75 9999999858.049702
300.0 2.5 0.0 3.75 9999999978.979
300.0 5.0 0.0 3.75 10000000009.7682
300.0 7.5 0.0 3.75 10000000092.999102
300.0 10.0 0.0 3.75 47908061.8883
300.0 -5.0 2.5 3.75 9999999979.0377
300.0 -2.5 2.5 3.75 9999999974.258902
300.0 0.0 2.5 3.75 9999999888.1278
300.0 2.5 2.5 3.75 16739678.795
300.0 5.0 2.5 3.75 10000000061.343401
300.0 7.5 2.5 3.75 4223997653.0308
300.0 10.0 2.5 3.75 126760.8588
300.0 -5.0 5.0 3.75 4161655754.5233
300.0 -2.5 5.0 3.75 3421352171.2127
300.0 0.0 5.0 3.75 2959867055.1561
300.0 2.5 5.0 3.75 10000000192.6821
300.0 5.0 5.0 3.75 10987817.7782
300.0 7.5 5.0 3.75 233.6703
300.0 10.0 5.0 3.75 9.935500000000001
300.0 -2.5 -2.5 6.25 9999999957.587
300.0 0.0 -2.5 6.25 4978034953.5757
300.0 2.5 -2.5 6.25 10000000054.8931
300.0 2.5 -5.0 7.5 10000000058.039902
300.0 -2.5 -2.5 7.5 10000000011.063002
300.0 0.0 -2.5 7.5 9999999743.218801
300.0 0.0 0.0 7.5 9999999950.9407
300.0 0.0 2.5 7.5 9999999957.818602
300.0 5.0 -10.0 8.75 4991954271.835
300.0 2.5 -7.5 8.75 9999999955.2448
300.0 5.0 -7.5 8.75 9999999980.5522
300.0 0.0 -5.0 8.75 2479239506.4508004
300.0 2.5 -5.0 8.75 10000000088.4962
300.0 5.0 -5.0 8.75 10000000369.402
300.0 -5.0 -2.5 8.75 9670182349.5325
300.0 -2.5 -2.5 8.75 9999999926.0275
300.0 0.0 -2.5 8.75 9999999814.801401
300.0 2.5 -2.5 8.75 10000000053.065102
300.0 -5.0 0.0 8.75 9999999872.0279
300.0 0.0 0.0 8.75 10000000057.1473
300.0 0.0 2.5 8.75 8101865538.4542
300.0 0.0 5.0 8.75 5472839184.6623
300.0 0.0 -10.0 10.0 348173796.17440003
300.0 2.5 -10.0 10.0 5760812.949700001
300.0 5.0 -10.0 10.0 10000000039.3642
300.0 7.5 -10.0 10.0 2439916687.2318
300.0 10.0 -10.0 10.0 969311.1206
300.0 2.5 -7.5 10.0 9999999963.1557
300.0 5.0 -7.5 10.0 10000000124.650002
300.0 -5.0 -5.0 10.0 5036694.1567
300.0 0.0 -5.0 10.0 2229376563.8524003
300.0 2.5 -5.0 10.0 9999999962.7143
300.0 5.0 -5.0 10.0 9999999969.408401
300.0 -5.0 -2.5 10.0 133845133.9959
300.0 -2.5 -2.5 10.0 10000000027.5431
300.0 0.0 -2.5 10.0 10000000213.200401
300.0 2.5 -2.5 10.0 446764753.2009
300.0 -5.0 0.0 10.0 9999999305.9974
300.0 -2.5 0.0 10.0 9999999941.5676
300.0 0.0 0.0 10.0 9999999933.819302
300.0 2.5 0.0 10.0 1059112927.9772999
300.0 0.0 2.5 10.0 9999999864.736101
300.0 0.0 5.0 10.0 10000000035.7532
300.0 2.5 5.0 10.0 1272911.5777999999
300.0 0.0 -10.0 11.25 47284.095
300.0 2.5 -10.0 11.25 36858197.0181
300.0 5.0 -10.0 11.25 78253150.7488
300.0 7.5 -10.0 11.25 1201034035.8099
300.0 10.0 -10.0 11.25 54047.8868
300.0 -2.5 -7.5 11.25 183923.7669
300.0 0.0 -7.5 11.25 203044106.62800002
300.0 2.5 -7.5 11.25 2418865858.8157997
300.0 5.0 -7.5 11.25 1608393480.8279
300.0 7.5 -7.5 11.25 9999999858.884
300.0 -5.0 -5.0 11.25 2754.0924999999997
300.0 -2.5 -5.0 11.25 13935.8772
300.0 0.0 -5.0 11.25 10000000199.878
300.0 2.5 -5.0 11.25 9999999958.685701
300.0 5.0 -5.0 11.25 9999999973.7338
300.0 -5.0 -2.5 11.25 506571104.4758
300.0 -2.5 -2.5 11.25 10000000019.672401
300.0 0.0 -2.5 11.25 10000000204.9447
300.0 2.5 -2.5 11.25 10000000033.482101
300.0 -5.0 0.0 11.25 173851862.752
300.0 -2.5 0.0 11.25 9999999953.817001
300.0 0.0 0.0 11.25 146118024.3912
300.0 2.5 0.0 11.25 9999999965.251202
300.0 -5.0 2.5 11.25 474691.50509999995
300.0 -2.5 2.5 11.25 9999999940.069101
300.0 0.0 2.5 11.25 669597455.3498
300.0 2.5 2.5 11.25 63091616.7241
300.0 5.0 2.5 11.25 484745481.8379
300.0 0.0 5.0 11.25 1338159924.8703
300.0 2.5 5.0 11.25 31328.2528
300.0 5.0 5.0 11.25 2333058.5932
300.0 7.5 5.0 11.25 1787577887.9320002
300.0 -2.5 -10.0 12.5 87.16829999999999
300.0 0.0 -10.0 12.5 295.56109999999995
300.0 2.5 -10.0 12.5 1916480075.4415998
300.0 5.0 -10.0 12.5 119009.6609
300.0 7.5 -10.0 12.5 1647240.4360999998
300.0 10.0 -10.0 12.5 373027.16370000003
300.0 -2.5 -7.5 12.5 211.8722
300.0 0.0 -7.5 12.5 2094056804.9552
300.0 2.5 -7.5 12.5 9999999924.4101
300.0 5.0 -7.5 12.5 9999999999.371801
300.0 7.5 -7.5 12.5 9999999924.6989
300.0 -5.0 -5.0 12.5 637.3889
300.0 -2.5 -5.0 12.5 3778.4102000000003
300.0 0.0 -5.0 12.5 1866487517.1249
300.0 2.5 -5.0 12.5 3756601973.1663003
300.0 5.0 -5.0 12.5 10000000081.5858
300.0 -5.0 -2.5 12.5 732447100.0746
300.0 -2.5 -2.5 12.5 525527550.33409995
300.0 0.0 -2.5 12.5 9999999878.4258
300.0 2.5 -2.5 12.5 10000000022.4337
300.0 5.0 -2.5 12.5 10000000022.5814
300.0 -5.0 0.0 12.5 10000000113.015501
300.0 -2.5 0.0 12.5 279299744.11590004
300.0 0.0 0.0 12.5 618628342.6097
300.0 2.5 0.0 12.5 9999999970.0074
300.0 5.0 0.0 12.5 5598192339.7774
300.0 7.5 0.0 12.5 15577.3928
300.0 -5.0 2.5 12.5 241258520.33810002
300.0 -2.5 2.5 12.5 2691241034.0308
300.0 0.0 2.5 12.5 9999999980.671701
300.0 2.5 2.5 12.5 525342131.95180005
300.0 5.0 2.5 12.5 9999999974.274801
300.0 7.5 2.5 12.5 18445981.1809
300.0 -5.0 5.0 12.5 14647.305
300.0 -2.5 5.0 12.5 3580739.047
300.0 0.0 5.0 12.5 1689801284.0929
300.0 2.5 5.0 12.5 13426.4513
300.0 5.0 5.0 12.5 2101268.4867999996
300.0 7.5 5.0 12.5 9999999984.8523
300.0 -2.5 -10.0 13.75 -52.3953
300.0 0.0 -10.0 13.75 -76.63640000000001
300.0 2.5 -10.0 13.75 4798953409.3726
300.0 5.0 -10.0 13.75 9999999853.217701
300.0 7.5 -10.0 13.75 199543.5729
300.0 10.0 -10.0 13.75 1648.44
300.0 -5.0 -7.5 13.75 -6.4771
300.0 -2.5 -7.5 13.75 -45.2764
300.0 0.0 -7.5 13.75 1102209.0518
300.0 2.5 -7.5 13.75 9999999859.6601
300.0 5.0 -7.5 13.75 9999999914.5076
300.0 7.5 -7.5 13.75 8824709.4264
300.0 -5.0 -5.0 13.75 668.5234
300.0 -2.5 -5.0 13.75 -2.5152
300.0 0.0 -5.0 13.75 9999999960.107101
300.0 2.5 -5.0 13.75 1770289686.5831
300.0 5.0 -5.0 13.75 9999999864.9927
300.0 -5.0 -2.5 13.75 139158.0271
300.0 -2.5 -2.5 13.75 183585.5382
300.0 0.0 -2.5 13.75 10000000053.086102
300.0 2.5 -2.5 13.75 62395573.1793
300.0 5.0 -2.5 13.75 788867828.2809
300.0 7.5 -2.5 13.75 81172499.3741
300.0 -5.0 0.0 13.75 845573581.3403
300.0 -2.5 0.0 13.75 3819306.998
300.0 0.0 0.0 13.75 23074866.112800002
300.0 2.5 0.0 13.75 9459445200.430899
300.0 5.0 0.0 13.75 4458997966.457
300.0 7.5 0.0 13.75 4090.9248000000002
300.0 -5.0 2.5 13.75 9363.0773
300.0 -2.5 2.5 13.75 123507.4277
300.0 0.0 2.5 13.75 151093936.61270002
300.0 2.5 2.5 13.75 181932629.4942
300.0 5.0 2.5 13.75 780314871.4735
300.0 7.5 2.5 13.75 103935911.5947
300.0 10.0 2.5 13.75 13147030.5957
300.0 -5.0 5.0 13.75 12209.0514
300.0 -2.5 5.0 13.75 385031.658
300.0 0.0 5.0 13.75 80514755.7399
300.0 2.5 5.0 13.75 5686.455499999999
300.0 5.0 5.0 13.75 71394948.3071
300.0 7.5 5.0 13.75 605372291.6923001
300.0 10.0 5.0 13.75 10650681.047
300.0 -2.5 -10.0 15.0 -47.1048
300.0 0.0 -10.0 15.0 -87.43209999999999
300.0 2.5 -10.0 15.0 14006350.7533
300.0 5.0 -10.0 15.0 21997.3325
300.0 7.5 -10.0 15.0 7800.790000000001
300.0 10.0 -10.0 15.0 -18.2533
300.0 -5.0 -7.5 15.0 -7.1496
300.0 -2.5 -7.5 15.0 -39.928599999999996
300.0 0.0 -7.5 15.0 39.21040000000001
300.0 2.5 -7.5 15.0 514192.46770000004
300.0 5.0 -7.5 15.0 19322214.9512
300.0 7.5 -7.5 15.0 210259.622
300.0 10.0 -7.5 15.0 1971.0071
300.0 -5.0 -5.0 15.0 6.859400000000001
300.0 -2.5 -5.0 15.0 -17.2077
300.0 0.0 -5.0 15.0 32028.421299999998
300.0 2.5 -5.0 15.0 163677330.25079998
300.0 5.0 -5.0 15.0 303599.42679999996
300.0 7.5 -5.0 15.0 18644305.188100003
300.0 -5.0 -2.5 15.0 66.1023
300.0 -2.5 -2.5 15.0 47.7536
300.0 0.0 -2.5 15.0 9999999922.986101
300.0 2.5 -2.5 15.0 10000000017.5112
300.0 5.0 -2.5 15.0 17338732.1477
300.0 7.5 -2.5 15.0 137.9148
300.0 10.0 -2.5 15.0 9.4672
300.0 -5.0 0.0 15.0 14913.155200000001
300.0 -2.5 0.0 15.0 1209.4781
300.0 0.0 0.0 15.0 71953.8137
300.0 2.5 0.0 15.0 9999999979.947401
300.0 5.0 0.0 15.0 6531326726.7588005
300.0 7.5 0.0 15.0 92.6643
300.0 10.0 0.0 15.0 7.121700000000001
300.0 -5.0 2.5 15.0 10.093799999999998
300.0 -2.5 2.5 15.0 362062.36079999997
300.0 0.0 2.5 15.0 9999999996.2264
300.0 2.5 2.5 15.0 1155810203.8242
300.0 5.0 2.5 15.0 157225528.85610002
300.0 7.5 2.5 15.0 351781.743
300.0 10.0 2.5 15.0 1546323.6226
300.0 -5.0 5.0 15.0 209.5645
300.0 -2.5 5.0 15.0 38622.3561
300.0 0.0 5.0 15.0 65745046.6361
300.0 2.5 5.0 15.0 6566.8691
300.0 5.0 5.0 15.0 1216628.4863999998
300.0 7.5 5.0 15.0 19974759.214
300.0 10.0 5.0 15.0 4859178.6251
300.0 -5.0 -10.0 16.25 -12.7408
300.0 -2.5 -10.0 16.25 -40.0953
300.0 0.0 -10.0 16.25 -90.7268
300.0 2.5 -10.0 16.25 1966.0862
300.0 5.0 -10.0 16.25 224.0514
300.0 7.5 -10.0 16.25 -12.869800000000001
300.0 10.0 -10.0 16.25 -26.5574
300.0 -5.0 -7.5 16.25 -7.3493
300.0 -2.5 -7.5 16.25 -32.3176
300.0 0.0 -7.5 16.25 -66.111
300.0 2.5 -7.5 16.25 131.2421
300.0 5.0 -7.5 16.25 519.1332
300.0 7.5 -7.5 16.25 192.96640000000002
300.0 10.0 -7.5 16.25 -11.119
300.0 -5.0 -5.0 16.25 0.31279999999999997
300.0 -2.5 -5.0 16.25 -13.938600000000001
300.0 0.0 -5.0 16.25 -0.16210000000000058
300.0 2.5 -5.0 16.25 1594.9458
300.0 5.0 -5.0 16.25 1.0360000000000014
300.0 7.5 -5.0 16.25 1563.2766
300.0 10.0 -5.0 16.25 -3.1588
300.0 -5.0 -2.5 16.25 2.5885
300.0 -2.5 -2.5 16.25 -7.2311000000000005
300.0 0.0 -2.5 16.25 9999999946.8642
300.0 2.5 -2.5 16.25 4967922.5622000005
300.0 5.0 -2.5 16.25 13792841.029000001
300.0 7.5 -2.5 16.25 7.241300000000001
300.0 10.0 -2.5 16.25 4.2539
300.0 -5.0 0.0 16.25 8.5449
300.0 -2.5 0.0 16.25 585.7704
300.0 0.0 0.0 16.25 83838273.3202
300.0 2.5 0.0 16.25 9999999984.867
300.0 5.0 0.0 16.25 82508231.1134
300.0 7.5 0.0 16.25 100.2533
300.0 10.0 0.0 16.25 0.15359999999999996
300.0 -5.0 2.5 16.25 6.903099999999999
300.0 -2.5 2.5 16.25 1581.0386
300.0 0.0 2.5 16.25 332023358.9424
300.0 2.5 2.5 16.25 67880837.2513
300.0 5.0 2.5 16.25 570935023.8704001
300.0 7.5 2.5 16.25 853.5846
300.0 10.0 2.5 16.25 34.081199999999995
300.0 -5.0 5.0 16.25 7.643199999999999
300.0 -2.5 5.0 16.25 692.9769
300.0 0.0 5.0 16.25 990990.9902
300.0 2.5 5.0 16.25 2228.4168
300.0 5.0 5.0 16.25 33579458.21
300.0 7.5 5.0 16.25 699.5099
300.0 10.0 5.0 16.25 93818.3867
