0.0 5.0 -7.5 6.25 10000000028.2094
0.0 -2.5 5.0 6.25 221.6211
0.0 0.0 2.5 7.5 9999999940.149302
0.0 -2.5 5.0 7.5 80.7812
0.0 0.0 5.0 7.5 1993672.0174
0.0 2.5 -10.0 8.75 3604926528.6927
0.0 5.0 -10.0 8.75 91697275.1762
0.0 7.5 -10.0 8.75 1205932072.2793
0.0 0.0 -7.5 8.75 9999999966.3244
0.0 5.0 -7.5 8.75 9999999770.315401
0.0 0.0 0.0 8.75 9999999950.678001
0.0 0.0 2.5 8.75 3165897.4823000003
0.0 -2.5 5.0 8.75 53.993700000000004
0.0 0.0 5.0 8.75 3090165.3079
0.0 2.5 5.0 8.75 10000000025.3143
0.0 5.0 5.0 8.75 9999999942.1667
0.0 5.0 -10.0 10.0 5039936711.1873
0.0 7.5 -10.0 10.0 9185127.8867
0.0 0.0 -7.5 10.0 557637435.2887001
0.0 2.5 -7.5 10.0 9999999943.943201
0.0 5.0 -7.5 10.0 9999999964.614101
0.0 -2.5 -5.0 10.0 10000000003.615702
0.0 2.5 -5.0 10.0 9999999295.4416
0.0 -2.5 -2.5 10.0 10000000041.9022
0.0 0.0 -2.5 10.0 1676818650.1975
0.0 -2.5 0.0 10.0 1705011876.8704
0.0 0.0 0.0 10.0 10000000137.580101
0.0 2.5 0.0 10.0 10000000066.728
0.0 0.0 2.5 10.0 39129287.538399994
0.0 2.5 2.5 10.0 10000000048.2611
0.0 7.5 2.5 10.0 9999999826.639301
0.0 -2.5 5.0 10.0 38.3526
0.0 0.0 5.0 10.0 176946.7994
0.0 2.5 5.0 10.0 10000000020.0564
0.0 5.0 5.0 10.0 56491876.8107
0.0 2.5 -10.0 11.25 2772550666.3947
0.0 5.0 -10.0 11.25 9999999988.9806
0.0 7.5 -10.0 11.25 97983459.3844
0.0 10.0 -10.0 11.25 777658553.4326
0.0 0.0 -7.5 11.25 223578785.903
0.0 2.5 -7.5 11.25 10000000131.677301
0.0 5.0 -7.5 11.25 9999999971.1595
0.0 7.5 -7.5 11.25 355499208.2336
0.0 -2.5 -5.0 11.25 9999999952.042301
0.0 0.0 -5.0 11.25 738095306.8714
0.0 2.5 -5.0 11.25 886154751.3356
0.0 5.0 -5.0 11.25 10000000059.155401
0.0 -5.0 -2.5 11.25 1270700127.6341
0.0 -2.5 -2.5 11.25 10000000191.5069
0.0 0.0 -2.5 11.25 10000000242.6651
0.0 7.5 -2.5 11.25 9999999971.1028
0.0 -2.5 0.0 11.25 120316465.1276
0.0 0.0 0.0 11.25 10000000048.1121
0.0 2.5 0.0 11.25 127121946.1098
0.0 -2.5 2.5 11.25 7212.828600000001
0.0 0.0 2.5 11.25 23261.228099999997
0.0 2.5 2.5 11.25 10000000335.313501
0.0 5.0 2.5 11.25 609288374.7304001
0.0 7.5 2.5 11.25 9999999920.3209
0.0 -5.0 5.0 11.25 14.386199999999999
0.0 -2.5 5.0 11.25 32.5696
0.0 0.0 5.0 11.25 13740.781799999999
0.0 2.5 5.0 11.25 2142559.7579
0.0 5.0 5.0 11.25 241422945.0077
0.0 7.5 5.0 11.25 4837667.2872
0.0 0.0 -10.0 12.5 18678.5563
0.0 2.5 -10.0 12.5 14645492.4983
0.0 5.0 -10.0 12.5 10000000016.820002
0.0 7.5 -10.0 12.5 1839370806.9726999
0.0 10.0 -10.0 12.5 165146863.4558
0.0 -2.5 -7.5 12.5 170946116.3983
0.0 0.0 -7.5 12.5 32957833.8388
0.0 2.5 -7.5 12.5 102967844.22880001
0.0 5.0 -7.5 12.5 9999999992.9964
0.0 7.5 -7.5 12.5 9999999853.0743
0.0 10.0 -7.5 12.5 4409628134.2272
0.0 -5.0 -5.0 12.5 2679611.7348
0.0 -2.5 -5.0 12.5 318485198.4469
0.0 0.0 -5.0 12.5 857165900.0926001
0.0 2.5 -5.0 12.5 9999999887.1338
0.0 5.0 -5.0 12.5 10000000067.4797
0.0 7.5 -5.0 12.5 10000000157.656301
0.0 10.0 -5.0 12.5 9999999923.910301
0.0 -5.0 -2.5 12.5 267494.7708
0.0 -2.5 -2.5 12.5 1136282.0913
0.0 0.0 -2.5 12.5 9999999998.3334
0.0 2.5 -2.5 12.5 10000000051.184
0.0 5.0 -2.5 12.5 10000000062.3153
0.0 7.5 -2.5 12.5 10000000294.1588
0.0 -5.0 0.0 12.5 41.2492
0.0 -2.5 0.0 12.5 9999999993.997301
0.0 0.0 0.0 12.5 2636305899.1284
0.0 2.5 0.0 12.5 9999999744.543001
0.0 5.0 0.0 12.5 10000000056.9507
0.0 -2.5 2.5 12.5 853.3493
0.0 0.0 2.5 12.5 288036.9388
0.0 2.5 2.5 12.5 1512265415.5685
0.0 5.0 2.5 12.5 7102620231.0608
0.0 7.5 2.5 12.5 9999999978.6875
0.0 10.0 2.5 12.5 9999999922.0804
0.0 -5.0 5.0 12.5 10.5157
0.0 -2.5 5.0 12.5 25.4303
0.0 0.0 5.0 12.5 216.2729
0.0 2.5 5.0 12.5 364913.261
0.0 5.0 5.0 12.5 369116.41980000003
0.0 7.5 5.0 12.5 10000000011.6131
0.0 10.0 5.0 12.5 679675.1916
0.0 0.0 -10.0 13.75 20838.623499999998
0.0 2.5 -10.0 13.75 1757767.4297000002
0.0 5.0 -10.0 13.75 33422134.9961
0.0 7.5 -10.0 13.75 40193741.3507
0.0 10.0 -10.0 13.75 598949.1788999999
0.0 -2.5 -7.5 13.75 36134.777200000004
0.0 0.0 -7.5 13.75 150495498.6106
0.0 2.5 -7.5 13.75 8715682.411300002
0.0 5.0 -7.5 13.75 10000000043.611801
0.0 7.5 -7.5 13.75 9029902501.6703
0.0 10.0 -7.5 13.75 9999999967.7597
0.0 -5.0 -5.0 13.75 107464.2495
0.0 -2.5 -5.0 13.75 5882734.4053
0.0 0.0 -5.0 13.75 676210435.1132001
0.0 2.5 -5.0 13.75 10000000077.9831
0.0 5.0 -5.0 13.75 2643607180.1543
0.0 7.5 -5.0 13.75 9999999680.961802
0.0 10.0 -5.0 13.75 9999999796.9834
0.0 -5.0 -2.5 13.75 108.87039999999999
0.0 -2.5 -2.5 13.75 -15.865399999999998
0.0 0.0 -2.5 13.75 17651.4892
0.0 2.5 -2.5 13.75 2783543.6085
0.0 5.0 -2.5 13.75 9999999952.7611
0.0 7.5 -2.5 13.75 9592935355.7399
0.0 -5.0 0.0 13.75 -18.7817
0.0 -2.5 0.0 13.75 4450.126300000001
0.0 0.0 0.0 13.75 9999999998.8551
0.0 2.5 0.0 13.75 3659836.6397
0.0 5.0 0.0 13.75 10000000038.672401
0.0 7.5 0.0 13.75 2142722.2255
0.0 -5.0 2.5 13.75 -1.8241999999999998
0.0 -2.5 2.5 13.75 84.6063
0.0 0.0 2.5 13.75 312.03979999999996
0.0 2.5 2.5 13.75 557557225.3318
0.0 5.0 2.5 13.75 10000000075.6802
0.0 7.5 2.5 13.75 39417237.8864
0.0 10.0 2.5 13.75 3188791763.1856
0.0 -5.0 5.0 13.75 5.781
0.0 -2.5 5.0 13.75 16.9749
0.0 0.0 5.0 13.75 26.9778
0.0 2.5 5.0 13.75 381769.0777
0.0 5.0 5.0 13.75 5738.0302
0.0 7.5 5.0 13.75 5471.7432
0.0 10.0 5.0 13.75 309.7301
0.0 -5.0 -10.0 15.0 91.1308
0.0 -2.5 -10.0 15.0 20.645799999999998
0.0 0.0 -10.0 15.0 267.85470000000004
0.0 2.5 -10.0 15.0 421927.15739999997
0.0 5.0 -10.0 15.0 751.6809
0.0 7.5 -10.0 15.0 161940.1051
0.0 10.0 -10.0 15.0 185.3763
0.0 -5.0 -7.5 15.0 1462.5807
0.0 -2.5 -7.5 15.0 147.29700000000003
0.0 0.0 -7.5 15.0 3167574119.6989
0.0 2.5 -7.5 15.0 1182311.4460999998
0.0 5.0 -7.5 15.0 912966001.0497999
0.0 7.5 -7.5 15.0 1700349.6233
0.0 10.0 -7.5 15.0 65724003.331999995
0.0 -5.0 -5.0 15.0 135.3917
0.0 -2.5 -5.0 15.0 4920640.7178
0.0 0.0 -5.0 15.0 197756.5454
0.0 2.5 -5.0 15.0 9999999905.8013
0.0 5.0 -5.0 15.0 562503046.8810999
0.0 7.5 -5.0 15.0 335236862.1509
0.0 10.0 -5.0 15.0 108221278.3392
0.0 -5.0 -2.5 15.0 -22.9544
0.0 -2.5 -2.5 15.0 -35.3403
0.0 0.0 -2.5 15.0 1301.4656
0.0 2.5 -2.5 15.0 989050911.5090001
0.0 5.0 -2.5 15.0 9999999949.232302
0.0 7.5 -2.5 15.0 601510021.7251
0.0 10.0 -2.5 15.0 144121469.38930002
0.0 -5.0 0.0 15.0 -15.8326
0.0 -2.5 0.0 15.0 -14.2105
0.0 0.0 0.0 15.0 18769.9839
0.0 2.5 0.0 15.0 14485921.226200001
0.0 5.0 0.0 15.0 98688974.7065
0.0 7.5 0.0 15.0 136127406.64819998
0.0 10.0 0.0 15.0 1206705530.7117002
0.0 -5.0 2.5 15.0 -3.5498000000000003
0.0 -2.5 2.5 15.0 2.6081999999999996
0.0 0.0 2.5 15.0 174.6757
0.0 2.5 2.5 15.0 504628.37830000004
0.0 5.0 2.5 15.0 463416.5481
0.0 7.5 2.5 15.0 2120.8802
0.0 10.0 2.5 15.0 585117.7353
0.0 -5.0 5.0 15.0 2.3191
0.0 -2.5 5.0 15.0 10.3476
0.0 0.0 5.0 15.0 14.5083
0.0 2.5 5.0 15.0 1981968.6277
0.0 5.0 5.0 15.0 6.054499999999999
0.0 7.5 5.0 15.0 -18.5135
0.0 10.0 5.0 15.0 -15.520699999999998
0.0 -5.0 -10.0 16.25 22.445700000000002
0.0 -2.5 -10.0 16.25 9.8609
0.0 0.0 -10.0 16.25 -8.4582
0.0 2.5 -10.0 16.25 414.345
0.0 5.0 -10.0 16.25 110.81569999999999
0.0 7.5 -10.0 16.25 36.6874
0.0 10.0 -10.0 16.25 -12.5816
0.0 -5.0 -7.5 16.25 0.4416000000000002
0.0 -2.5 -7.5 16.25 -9.0264
0.0 0.0 -7.5 16.25 859.8279
0.0 2.5 -7.5 16.25 47139.7845
0.0 5.0 -7.5 16.25 1130571565.3586001
0.0 7.5 -7.5 16.25 11603.402
0.0 10.0 -7.5 16.25 792.1672
0.0 -5.0 -5.0 16.25 -14.0483
0.0 -2.5 -5.0 16.25 46.6303
0.0 0.0 -5.0 16.25 26597.5336
0.0 2.5 -5.0 16.25 7524234.8421
0.0 5.0 -5.0 16.25 9999999872.1558
0.0 7.5 -5.0 16.25 9999999905.4207
0.0 10.0 -5.0 16.25 4999.6868
0.0 -5.0 -2.5 16.25 -16.6616
0.0 -2.5 -2.5 16.25 -25.0199
0.0 0.0 -2.5 16.25 -32.481300000000005
0.0 2.5 -2.5 16.25 1213429368.9018998
0.0 5.0 -2.5 16.25 9999999900.559
0.0 7.5 -2.5 16.25 66427549.5225
0.0 10.0 -2.5 16.25 159454097.8976
0.0 -5.0 0.0 16.25 -12.1837
0.0 -2.5 0.0 16.25 -12.7486
0.0 0.0 0.0 16.25 -14.4236
0.0 2.5 0.0 16.25 1341.5821
0.0 5.0 0.0 16.25 9999999986.7324
0.0 7.5 0.0 16.25 17635.5802
0.0 10.0 0.0 16.25 5040337.7052
0.0 -5.0 2.5 16.25 -3.5246
0.0 -2.5 2.5 16.25 -0.24309999999999987
0.0 0.0 2.5 16.25 1.0135
0.0 2.5 2.5 16.25 3647.6749
0.0 5.0 2.5 16.25 682.439
0.0 7.5 2.5 16.25 -22.2979
0.0 10.0 2.5 16.25 573038.1664999999
0.0 -5.0 5.0 16.25 0.03989999999999999
0.0 -2.5 5.0 16.25 5.3214
0.0 0.0 5.0 16.25 8.8857
0.0 2.5 5.0 16.25 273.3989
0.0 5.0 5.0 16.25 -0.9152
0.0 7.5 5.0 16.25 -13.0159
0.0 10.0 5.0 16.25 -19.2169
60.0 -5.0 -10.0 3.75 904363749.9524
60.0 -2.5 -10.0 3.75 9999999885.4025
60.0 0.0 -10.0 3.75 9999999980.3187
60.0 2.5 -10.0 3.75 9999999933.232601
60.0 5.0 -10.0 3.75 290007053.8184
60.0 7.5 -10.0 3.75 10000000001.4214
60.0 10.0 -10.0 3.75 9999999972.3644
60.0 -5.0 -7.5 3.75 19519182.8596
60.0 -2.5 -7.5 3.75 10000000057.451601
60.0 0.0 -7.5 3.75 10000000118.923101
60.0 2.5 -7.5 3.75 10000000181.640202
60.0 5.0 -7.5 3.75 10000000088.237701
60.0 7.5 -7.5 3.75 9999999960.713902
60.0 10.0 -7.5 3.75 9999999971.3089
60.0 -5.0 -5.0 3.75 5896392.2406
60.0 -2.5 -5.0 3.75 10000000037.910301
60.0 0.0 -5.0 3.75 10000000139.7474
60.0 2.5 -5.0 3.75 9999999959.9066
60.0 5.0 -5.0 3.75 9999999883.7085
60.0 7.5 -5.0 3.75 9999999950.3652
60.0 10.0 -5.0 3.75 2032080717.6257
60.0 -5.0 -2.5 3.75 10000000067.819302
60.0 -2.5 -2.5 3.75 9999999645.3474
60.0 0.0 -2.5 3.75 9999999983.0431
60.0 2.5 -2.5 3.75 10000000152.4934
60.0 5.0 -2.5 3.75 9999999961.195002
60.0 7.5 -2.5 3.75 10000000059.4358
60.0 10.0 -2.5 3.75 9999999914.1434
60.0 -5.0 0.0 3.75 9999999998.0566
60.0 -2.5 0.0 3.75 10000000053.7092
60.0 0.0 0.0 3.75 9660223208.3871
60.0 2.5 0.0 3.75 10000000343.5659
60.0 5.0 0.0 3.75 10000000323.724901
60.0 7.5 0.0 3.75 9999999834.8253
60.0 10.0 0.0 3.75 269085842.2201
60.0 -5.0 2.5 3.75 1331393825.6176
60.0 -2.5 2.5 3.75 9999999986.3153
60.0 0.0 2.5 3.75 9999999940.3868
60.0 2.5 2.5 3.75 9999999967.3579
60.0 5.0 2.5 3.75 10000000011.135
60.0 7.5 2.5 3.75 9999999985.6464
60.0 10.0 2.5 3.75 9999999929.0387
60.0 -5.0 5.0 3.75 1280823346.0111
60.0 -2.5 5.0 3.75 9999999945.588501
60.0 0.0 5.0 3.75 9999999942.4522
60.0 2.5 5.0 3.75 9999999946.630701
60.0 5.0 5.0 3.75 10000000051.4417
60.0 7.5 5.0 3.75 9999999950.857302
60.0 10.0 5.0 3.75 10000000102.747002
60.0 2.5 -2.5 5.0 10000000112.686901
60.0 0.0 0.0 5.0 9999999876.0561
60.0 0.0 2.5 5.0 10000000043.0258
60.0 2.5 -2.5 6.25 10000000351.9073
60.0 0.0 0.0 6.25 9999999971.2453
60.0 0.0 2.5 6.25 10000000100.884602
60.0 0.0 5.0 6.25 72687015.09230001
60.0 2.5 -5.0 7.5 9999999921.375502
60.0 2.5 -2.5 7.5 10000000062.653301
60.0 5.0 -2.5 7.5 10000000079.1497
60.0 -2.5 0.0 7.5 9999999842.167301
60.0 0.0 0.0 7.5 1481305885.2173
60.0 2.5 0.0 7.5 10000000078.6021
60.0 0.0 2.5 7.5 9999999999.101301
60.0 0.0 5.0 7.5 2446735442.4908
60.0 2.5 -7.5 8.75 9999999874.2863
60.0 2.5 -5.0 8.75 9999999959.160702
60.0 5.0 -5.0 8.75 10000000050.0065
60.0 0.0 -2.5 8.75 10000000043.662
60.0 2.5 -2.5 8.75 9999999982.867
60.0 -2.5 0.0 8.75 2204639195.9618
60.0 0.0 0.0 8.75 399533224.148
60.0 2.5 0.0 8.75 10000000251.8581
60.0 -2.5 2.5 8.75 90801035.277
60.0 0.0 2.5 8.75 10000000199.9943
60.0 0.0 5.0 8.75 484720121.9866
60.0 5.0 -10.0 10.0 9999999974.4316
60.0 2.5 -7.5 10.0 9999999985.558
60.0 5.0 -7.5 10.0 10000000033.286402
60.0 7.5 -7.5 10.0 10000000157.6149
60.0 0.0 -5.0 10.0 10000000098.7261
60.0 2.5 -5.0 10.0 763114748.725
60.0 5.0 -5.0 10.0 10000000007.855902
60.0 -2.5 -2.5 10.0 841931967.8805
60.0 0.0 -2.5 10.0 10000000142.8125
60.0 2.5 -2.5 10.0 4605263653.8484
60.0 5.0 -2.5 10.0 9999999645.2639
60.0 7.5 -2.5 10.0 6404952137.157201
60.0 -2.5 0.0 10.0 107773956.2604
60.0 0.0 0.0 10.0 455997135.4881
60.0 2.5 0.0 10.0 10000000020.1317
60.0 -2.5 2.5 10.0 56198422.6623
60.0 0.0 2.5 10.0 9999999857.843102
60.0 2.5 2.5 10.0 9999999678.652102
60.0 -2.5 5.0 10.0 433945181.12409997
60.0 0.0 5.0 10.0 9999999946.4797
60.0 2.5 5.0 10.0 10000000136.0326
60.0 2.5 -10.0 11.25 438106029.4958
60.0 5.0 -10.0 11.25 14685435.902999999
60.0 10.0 -10.0 11.25 141694127.7408
60.0 0.0 -7.5 11.25 217507533.548
60.0 2.5 -7.5 11.25 10000000283.9745
60.0 5.0 -7.5 11.25 10000000231.7198
60.0 7.5 -7.5 11.25 688871867.9331
60.0 0.0 -5.0 11.25 76606033.90169999
60.0 2.5 -5.0 11.25 6869276838.121
60.0 5.0 -5.0 11.25 9999999946.4825
60.0 -2.5 -2.5 11.25 10000000019.9776
60.0 0.0 -2.5 11.25 9999999882.6917
60.0 2.5 -2.5 11.25 9999999709.3299
60.0 5.0 -2.5 11.25 49987038.7237
60.0 7.5 -2.5 11.25 10000000005.7467
60.0 -5.0 0.0 11.25 95.0375
60.0 -2.5 0.0 11.25 9787441.7718
60.0 0.0 0.0 11.25 2542656626.7819004
60.0 2.5 0.0 11.25 9999999922.736801
60.0 5.0 0.0 11.25 2875913642.7949
60.0 -5.0 2.5 11.25 108516.3177
60.0 -2.5 2.5 11.25 68023077.48830001
60.0 0.0 2.5 11.25 142061860.30949998
60.0 2.5 2.5 11.25 271389508.367
60.0 5.0 2.5 11.25 9999999933.4442
60.0 -2.5 5.0 11.25 2805346.8196
60.0 0.0 5.0 11.25 897849344.9727
60.0 2.5 5.0 11.25 1306102369.312
60.0 5.0 5.0 11.25 1887488758.2888
60.0 7.5 5.0 11.25 7911925.3306
60.0 -2.5 -10.0 12.5 4917.9736
60.0 0.0 -10.0 12.5 146825.40840000001
60.0 2.5 -10.0 12.5 40222791.994899996
60.0 5.0 -10.0 12.5 522770969.1409
60.0 7.5 -10.0 12.5 9999999920.829802
60.0 10.0 -10.0 12.5 1157204.6339
60.0 0.0 -7.5 12.5 40672.2488
60.0 2.5 -7.5 12.5 1210861772.1457999
60.0 5.0 -7.5 12.5 9999999968.971601
60.0 7.5 -7.5 12.5 9999999923.4874
60.0 10.0 -7.5 12.5 1993039.3083000001
60.0 -2.5 -5.0 12.5 21598.412500000002
60.0 0.0 -5.0 12.5 667269.7846
60.0 2.5 -5.0 12.5 9999999914.6243
60.0 5.0 -5.0 12.5 1968984512.5375
60.0 7.5 -5.0 12.5 9999999969.8117
60.0 -5.0 -2.5 12.5 25.6814
60.0 -2.5 -2.5 12.5 5380716.6497
60.0 0.0 -2.5 12.5 3809344655.448
60.0 2.5 -2.5 12.5 9999999950.8689
60.0 5.0 -2.5 12.5 10000000209.4705
60.0 7.5 -2.5 12.5 9999999891.647501
60.0 -5.0 0.0 12.5 21.6747
60.0 -2.5 0.0 12.5 16226774.4204
60.0 0.0 0.0 12.5 4157341924.618
60.0 2.5 0.0 12.5 9999999763.967402
60.0 5.0 0.0 12.5 4237177245.5867
60.0 -5.0 2.5 12.5 432.1284
60.0 -2.5 2.5 12.5 317706647.34610003
60.0 0.0 2.5 12.5 3715061094.5924997
60.0 2.5 2.5 12.5 23854516.7492
60.0 5.0 2.5 12.5 9999999930.2443
60.0 7.5 2.5 12.5 9999999960.3873
60.0 -5.0 5.0 12.5 104.97030000000001
60.0 -2.5 5.0 12.5 1091.0538
60.0 0.0 5.0 12.5 2050071.7351000002
60.0 2.5 5.0 12.5 287647302.9483
60.0 5.0 5.0 12.5 2063895.0415
60.0 7.5 5.0 12.5 64146314.084300004
60.0 10.0 5.0 12.5 50209475.2624
60.0 -2.5 -10.0 13.75 32.4594
60.0 0.0 -10.0 13.75 1414.7288999999998
60.0 2.5 -10.0 13.75 202016367.77830002
60.0 5.0 -10.0 13.75 339579.9136
60.0 7.5 -10.0 13.75 83601573.273
60.0 10.0 -10.0 13.75 1466.4116000000001
60.0 0.0 -7.5 13.75 15625.1992
60.0 2.5 -7.5 13.75 2194413592.6728
60.0 5.0 -7.5 13.75 10000000204.9897
60.0 7.5 -7.5 13.75 212533679.15989998
60.0 10.0 -7.5 13.75 2925.722
60.0 -2.5 -5.0 13.75 188490.28280000002
60.0 0.0 -5.0 13.75 9581.544899999999
60.0 2.5 -5.0 13.75 955175108.4115001
60.0 5.0 -5.0 13.75 5845863640.339701
60.0 7.5 -5.0 13.75 6194113545.1917
60.0 10.0 -5.0 13.75 951135479.9361
60.0 -5.0 -2.5 13.75 63.3258
60.0 -2.5 -2.5 13.75 2823891353.7253
60.0 0.0 -2.5 13.75 77678.0138
60.0 2.5 -2.5 13.75 9999999983.8525
60.0 5.0 -2.5 13.75 10000000009.941502
60.0 7.5 -2.5 13.75 8652334086.090199
60.0 -5.0 0.0 13.75 -0.27849999999999975
60.0 -2.5 0.0 13.75 296081.33520000003
60.0 0.0 0.0 13.75 15297690.5396
60.0 2.5 0.0 13.75 9999999939.9256
60.0 5.0 0.0 13.75 186961084.09100002
60.0 -5.0 2.5 13.75 1.1583
60.0 -2.5 2.5 13.75 3043.6481
60.0 0.0 2.5 13.75 135941207.01860002
60.0 2.5 2.5 13.75 12453740.8667
60.0 5.0 2.5 13.75 10667850.4818
60.0 7.5 2.5 13.75 9999999930.650002
60.0 -5.0 5.0 13.75 -14.1985
60.0 -2.5 5.0 13.75 -37.4583
60.0 0.0 5.0 13.75 2573408.2060000002
60.0 2.5 5.0 13.75 143656152.76099998
60.0 5.0 5.0 13.75 1260902066.6049001
60.0 7.5 5.0 13.75 51.47330000000001
60.0 10.0 5.0 13.75 5301.6173
60.0 -5.0 -10.0 15.0 -2.0610999999999997
60.0 -2.5 -10.0 15.0 0.3454999999999999
60.0 0.0 -10.0 15.0 18.408900000000003
60.0 2.5 -10.0 15.0 10388051.7246
60.0 5.0 -10.0 15.0 9852673.878899999
60.0 7.5 -10.0 15.0 38.4767
60.0 10.0 -10.0 15.0 38.768699999999995
60.0 -5.0 -7.5 15.0 3.842
60.0 -2.5 -7.5 15.0 4.051
60.0 0.0 -7.5 15.0 10308.984400000001
60.0 2.5 -7.5 15.0 561070.9443000001
60.0 5.0 -7.5 15.0 9999999947.5055
60.0 7.5 -7.5 15.0 102884.1421
60.0 10.0 -7.5 15.0 2145.1207
60.0 -5.0 -5.0 15.0 11.620099999999999
60.0 -2.5 -5.0 15.0 149.9028
60.0 0.0 -5.0 15.0 661.6446000000001
60.0 2.5 -5.0 15.0 2084618557.3471
60.0 5.0 -5.0 15.0 9999999973.4726
60.0 7.5 -5.0 15.0 18027418.459200002
60.0 10.0 -5.0 15.0 6600398.2388
60.0 -5.0 -2.5 15.0 4.4553
60.0 -2.5 -2.5 15.0 133082.755
60.0 0.0 -2.5 15.0 74326.6455
60.0 2.5 -2.5 15.0 68921005.962
60.0 5.0 -2.5 15.0 9999999979.078001
60.0 7.5 -2.5 15.0 160253648.70859998
60.0 10.0 -2.5 15.0 9999999975.0112
60.0 -5.0 0.0 15.0 -3.1826999999999996
60.0 -2.5 0.0 15.0 535.6577
60.0 0.0 0.0 15.0 6496.8262
60.0 2.5 0.0 15.0 50233469.546900004
60.0 5.0 0.0 15.0 183606925.47500002
60.0 7.5 0.0 15.0 9999999946.631802
60.0 -5.0 2.5 15.0 -3.9931
60.0 -2.5 2.5 15.0 -14.4987
60.0 0.0 2.5 15.0 1838816.9124
60.0 2.5 2.5 15.0 54813421.973400004
60.0 5.0 2.5 15.0 391187705.5945
60.0 7.5 2.5 15.0 737089.9082000001
60.0 10.0 2.5 15.0 9999999957.463701
60.0 -5.0 5.0 15.0 -8.9513
60.0 -2.5 5.0 15.0 -27.0414
60.0 0.0 5.0 15.0 9769450.1444
60.0 2.5 5.0 15.0 66891556.734900005
60.0 5.0 5.0 15.0 5417.334400000001
60.0 7.5 5.0 15.0 -40.3522
60.0 10.0 5.0 15.0 196.4271
60.0 -5.0 -10.0 16.25 -1.9146
60.0 -2.5 -10.0 16.25 -1.2661
60.0 0.0 -10.0 16.25 -3.0853
60.0 2.5 -10.0 16.25 253.36749999999998
60.0 5.0 -10.0 16.25 2936.6627
60.0 7.5 -10.0 16.25 11.084
60.0 10.0 -10.0 16.25 18.7527
60.0 -5.0 -7.5 16.25 4.2894
60.0 -2.5 -7.5 16.25 1.7219000000000002
60.0 0.0 -7.5 16.25 3.761399999999999
60.0 2.5 -7.5 16.25 10129.6684
60.0 5.0 -7.5 16.25 345383.9215
60.0 7.5 -7.5 16.25 45.6136
60.0 10.0 -7.5 16.25 13.373999999999999
60.0 -5.0 -5.0 16.25 7.997400000000001
60.0 -2.5 -5.0 16.25 5.6381000000000006
60.0 0.0 -5.0 16.25 93.75489999999999
60.0 2.5 -5.0 16.25 10000000054.608702
60.0 5.0 -5.0 16.25 9999999913.5053
60.0 7.5 -5.0 16.25 12721.920399999999
60.0 10.0 -5.0 16.25 5142.1972
60.0 -5.0 -2.5 16.25 1.8845999999999998
60.0 -2.5 -2.5 16.25 -3.599
60.0 0.0 -2.5 16.25 201768.8804
60.0 2.5 -2.5 16.25 2125144655.3051999
60.0 5.0 -2.5 16.25 7216004387.1611
60.0 7.5 -2.5 16.25 9999999859.077002
60.0 10.0 -2.5 16.25 240014.6906
60.0 -5.0 0.0 16.25 -2.8601
60.0 -2.5 0.0 16.25 -21.416999999999998
60.0 0.0 0.0 16.25 -33.9877
60.0 2.5 0.0 16.25 4435845.8332
60.0 5.0 0.0 16.25 943225.8233
60.0 7.5 0.0 16.25 816935244.3674
60.0 10.0 0.0 16.25 88524058.1857
60.0 -5.0 2.5 16.25 -4.4794
60.0 -2.5 2.5 16.25 -21.248099999999997
60.0 0.0 2.5 16.25 354.9792
60.0 2.5 2.5 16.25 122075.19690000001
60.0 5.0 2.5 16.25 18612.2179
60.0 7.5 2.5 16.25 95765.4529
60.0 10.0 2.5 16.25 9999999970.8125
60.0 -5.0 5.0 16.25 -5.4073
60.0 -2.5 5.0 16.25 -18.3907
60.0 0.0 5.0 16.25 307.7373
60.0 2.5 5.0 16.25 41255.2106
60.0 5.0 5.0 16.25 610.4486
60.0 7.5 5.0 16.25 -35.4525
60.0 10.0 5.0 16.25 -21.4049
120.0 -5.0 -10.0 3.75 10000000013.0993
120.0 -2.5 -10.0 3.75 10000000068.303902
120.0 0.0 -10.0 3.75 3633842301.0842
120.0 2.5 -10.0 3.75 10000000186.3532
120.0 5.0 -10.0 3.75 4793924798.0639
120.0 7.5 -10.0 3.75 10000000059.379002
120.0 10.0 -10.0 3.75 632879057.7413
120.0 -5.0 -7.5 3.75 10000000252.2476
120.0 -2.5 -7.5 3.75 9999999968.7254
120.0 0.0 -7.5 3.75 10000000127.1051
120.0 2.5 -7.5 3.75 9999999922.296501
120.0 5.0 -7.5 3.75 10000000094.133701
120.0 7.5 -7.5 3.75 9999999865.6284
120.0 10.0 -7.5 3.75 10000000010.8659
120.0 -5.0 -5.0 3.75 4663623243.6915
120.0 -2.5 -5.0 3.75 445271616.38670003
120.0 0.0 -5.0 3.75 10000000055.197401
120.0 2.5 -5.0 3.75 10000000077.2063
120.0 5.0 -5.0 3.75 9999999734.154202
120.0 7.5 -5.0 3.75 1039169519.1906
120.0 10.0 -5.0 3.75 9999999682.900501
120.0 -5.0 -2.5 3.75 338291837.3258
120.0 -2.5 -2.5 3.75 10000000316.59
120.0 0.0 -2.5 3.75 9999999933.3614
120.0 2.5 -2.5 3.75 10000000065.808102
120.0 5.0 -2.5 3.75 9999999860.0937
120.0 7.5 -2.5 3.75 9999999955.8708
120.0 10.0 -2.5 3.75 9999999962.7798
120.0 -5.0 0.0 3.75 9999999858.9489
120.0 -2.5 0.0 3.75 9999999990.900702
120.0 0.0 0.0 3.75 9603502284.235
120.0 2.5 0.0 3.75 9999999961.640501
120.0 5.0 0.0 3.75 9999999915.812601
120.0 7.5 0.0 3.75 9999999889.5084
120.0 10.0 0.0 3.75 9999999969.442701
120.0 -5.0 2.5 3.75 274095162.3333
120.0 -2.5 2.5 3.75 5030086365.157101
120.0 0.0 2.5 3.75 9999999947.9094
120.0 2.5 2.5 3.75 1338508452.7126
120.0 5.0 2.5 3.75 9999999789.8696
120.0 7.5 2.5 3.75 9999999521.3477
120.0 10.0 2.5 3.75 11650448.167200001
120.0 -5.0 5.0 3.75 2224092311.3463
120.0 -2.5 5.0 3.75 9999999933.0004
120.0 0.0 5.0 3.75 398886969.88839996
120.0 2.5 5.0 3.75 777675059.0272
120.0 5.0 5.0 3.75 88920933.6004
120.0 7.5 5.0 3.75 10000000047.150501
120.0 10.0 5.0 3.75 10925650.8148
120.0 -2.5 5.0 5.0 5103501.7708
120.0 -2.5 2.5 6.25 9999999922.5944
120.0 -2.5 5.0 6.25 100359043.3283
120.0 2.5 -7.5 7.5 10000000108.2686
120.0 0.0 -5.0 7.5 10000000199.687101
120.0 -2.5 0.0 7.5 19600535.6452
120.0 -2.5 2.5 7.5 1898813322.7440999
120.0 0.0 2.5 7.5 10000000029.3439
120.0 -2.5 5.0 7.5 22448.8595
120.0 0.0 5.0 7.5 133959517.76200001
120.0 2.5 -7.5 8.75 9999999691.1397
120.0 5.0 -7.5 8.75 9832883267.4397
120.0 0.0 -5.0 8.75 10000000196.461802
120.0 0.0 0.0 8.75 9999999643.4095
120.0 -2.5 2.5 8.75 46404698.5912
120.0 0.0 2.5 8.75 785811759.956
120.0 -5.0 5.0 8.75 -9.976199999999999
120.0 -2.5 5.0 8.75 864.278
120.0 0.0 5.0 8.75 532415620.9077
120.0 2.5 5.0 8.75 4363793887.4551
120.0 2.5 -10.0 10.0 692471608.5932
120.0 2.5 -7.5 10.0 10000000094.037401
120.0 5.0 -7.5 10.0 2138403459.7347
120.0 7.5 -7.5 10.0 7424369515.4868
120.0 -2.5 -5.0 10.0 2457283095.5731
120.0 0.0 -5.0 10.0 9999999950.2199
120.0 2.5 -5.0 10.0 10000000137.1077
120.0 0.0 -2.5 10.0 1816671043.8781002
120.0 0.0 0.0 10.0 9999999977.946201
120.0 2.5 0.0 10.0 10000000067.257502
120.0 -5.0 2.5 10.0 5054058.5224
120.0 -2.5 2.5 10.0 168128399.1943
120.0 0.0 2.5 10.0 269374261.615
120.0 2.5 2.5 10.0 9999999871.5464
120.0 -5.0 5.0 10.0 -39.9833
120.0 -2.5 5.0 10.0 16541.5051
120.0 0.0 5.0 10.0 6490801654.0476
120.0 2.5 5.0 10.0 10000000073.406
120.0 5.0 5.0 10.0 9999999995.3244
120.0 2.5 -10.0 11.25 25906547.7745
120.0 5.0 -10.0 11.25 10000000096.9727
120.0 10.0 -10.0 11.25 7767229683.205999
120.0 -2.5 -7.5 11.25 9999999869.426401
120.0 0.0 -7.5 11.25 5235166.3909
120.0 2.5 -7.5 11.25 1359459411.2455
120.0 5.0 -7.5 11.25 1267133060.1452
120.0 7.5 -7.5 11.25 10000000036.3141
120.0 -2.5 -5.0 11.25 521021855.8789
120.0 0.0 -5.0 11.25 10000000108.245901
120.0 2.5 -5.0 11.25 1941110309.0763
120.0 5.0 -5.0 11.25 10000000394.826302
120.0 7.5 -5.0 11.25 10000000004.318201
120.0 0.0 -2.5 11.25 321439186.4944
120.0 2.5 -2.5 11.25 9999999935.977701
120.0 -5.0 0.0 11.25 472889498.0627
120.0 -2.5 0.0 11.25 7884517.9041
120.0 0.0 0.0 11.25 9999999801.6049
120.0 2.5 0.0 11.25 10000000036.6928
120.0 -5.0 2.5 11.25 18014.305
120.0 -2.5 2.5 11.25 4959246.6574
120.0 0.0 2.5 11.25 10000000065.9057
120.0 2.5 2.5 11.25 195977131.5736
120.0 -5.0 5.0 11.25 -44.462
120.0 -2.5 5.0 11.25 9323.359699999999
120.0 0.0 5.0 11.25 437604388.2608
120.0 2.5 5.0 11.25 1207639658.1067
120.0 5.0 5.0 11.25 9999999916.466002
120.0 7.5 5.0 11.25 4448562811.9132
120.0 -5.0 -10.0 12.5 144.5523
120.0 -2.5 -10.0 12.5 148578.2421
120.0 0.0 -10.0 12.5 33643.0187
120.0 2.5 -10.0 12.5 283774612.27140003
120.0 5.0 -10.0 12.5 99295786.46949999
120.0 7.5 -10.0 12.5 10000000044.6417
120.0 10.0 -10.0 12.5 9999999815.8589
120.0 -2.5 -7.5 12.5 90098475.54609999
120.0 0.0 -7.5 12.5 173012536.1374
120.0 2.5 -7.5 12.5 104761197.6874
120.0 5.0 -7.5 12.5 474798049.3184
120.0 7.5 -7.5 12.5 468571422.2221
120.0 10.0 -7.5 12.5 23090332.6192
120.0 -2.5 -5.0 12.5 17818948.5798
120.0 0.0 -5.0 12.5 8068013349.888101
120.0 2.5 -5.0 12.5 502154551.84980005
120.0 5.0 -5.0 12.5 10000000046.189001
120.0 -5.0 -2.5 12.5 9999999940.709501
120.0 -2.5 -2.5 12.5 244595.41369999998
120.0 0.0 -2.5 12.5 10000000143.729
120.0 2.5 -2.5 12.5 9999999979.1333
120.0 5.0 -2.5 12.5 9999999879.6091
120.0 -5.0 0.0 12.5 11464.4917
120.0 -2.5 0.0 12.5 16890.0378
120.0 0.0 0.0 12.5 9999999916.491001
120.0 2.5 0.0 12.5 10000000397.063702
120.0 5.0 0.0 12.5 9999999908.7224
120.0 -5.0 2.5 12.5 -46.85380000000001
120.0 -2.5 2.5 12.5 546750.6919
120.0 0.0 2.5 12.5 10000000007.7935
120.0 2.5 2.5 12.5 9999999970.1292
120.0 5.0 2.5 12.5 10000000090.3195
120.0 -5.0 5.0 12.5 -37.555400000000006
120.0 -2.5 5.0 12.5 66966.0469
120.0 0.0 5.0 12.5 1418366.3817
120.0 2.5 5.0 12.5 10499329.1765
120.0 5.0 5.0 12.5 157208795.5964
120.0 7.5 5.0 12.5 10000000062.6919
120.0 -5.0 -10.0 13.75 34.1962
120.0 -2.5 -10.0 13.75 7717.3055
120.0 0.0 -10.0 13.75 27595.662
120.0 2.5 -10.0 13.75 2552.0152000000003
120.0 5.0 -10.0 13.75 7903.8569
120.0 7.5 -10.0 13.75 689765.3723
120.0 10.0 -10.0 13.75 10000000103.509901
120.0 -2.5 -7.5 13.75 191456965.0113
120.0 0.0 -7.5 13.75 90398.10759999999
120.0 2.5 -7.5 13.75 35900782.953
120.0 5.0 -7.5 13.75 44068054.4335
120.0 7.5 -7.5 13.75 1572219.0125
120.0 10.0 -7.5 13.75 19118279.5412
120.0 -2.5 -5.0 13.75 13467496.6555
120.0 0.0 -5.0 13.75 551113417.5108
120.0 2.5 -5.0 13.75 16973466.650999997
120.0 5.0 -5.0 13.75 10000000045.2879
120.0 7.5 -5.0 13.75 10000000036.320002
120.0 10.0 -5.0 13.75 10000000013.804602
120.0 -5.0 -2.5 13.75 110.10499999999999
120.0 -2.5 -2.5 13.75 1832.7867999999999
120.0 0.0 -2.5 13.75 9999999796.625101
120.0 2.5 -2.5 13.75 119078029.72099999
120.0 5.0 -2.5 13.75 1795971912.7287002
120.0 -5.0 0.0 13.75 -89.76939999999999
120.0 -2.5 0.0 13.75 17553.039399999998
120.0 0.0 0.0 13.75 397158720.1049
120.0 2.5 0.0 13.75 6697225083.4751
120.0 5.0 0.0 13.75 689135832.0609
120.0 -5.0 2.5 13.75 -62.8183
120.0 -2.5 2.5 13.75 614.5336000000001
120.0 0.0 2.5 13.75 9999999924.2282
120.0 2.5 2.5 13.75 23570989.159399997
120.0 5.0 2.5 13.75 3870876129.2876997
120.0 -5.0 5.0 13.75 -31.188599999999997
120.0 -2.5 5.0 13.75 258.1393
120.0 0.0 5.0 13.75 471755.7403
120.0 2.5 5.0 13.75 22306891.4749
120.0 5.0 5.0 13.75 3914.3695
120.0 7.5 5.0 13.75 29315485.5889
120.0 -5.0 -10.0 15.0 19.363899999999997
120.0 -2.5 -10.0 15.0 86.5409
120.0 0.0 -10.0 15.0 120.88669999999999
120.0 2.5 -10.0 15.0 31.278999999999996
120.0 5.0 -10.0 15.0 2068.9562
120.0 7.5 -10.0 15.0 2578.6191999999996
120.0 10.0 -10.0 15.0 2268.8581999999997
120.0 -5.0 -7.5 15.0 10.792300000000001
120.0 -2.5 -7.5 15.0 1537.8328999999999
120.0 0.0 -7.5 15.0 2040.1398000000002
120.0 2.5 -7.5 15.0 726340.2017
120.0 5.0 -7.5 15.0 66403177.023
120.0 7.5 -7.5 15.0 5213804.792599999
120.0 10.0 -7.5 15.0 30841.044
120.0 -5.0 -5.0 15.0 149.9477
120.0 -2.5 -5.0 15.0 1524.9662
120.0 0.0 -5.0 15.0 7659719.6034
120.0 2.5 -5.0 15.0 1726981.8421
120.0 5.0 -5.0 15.0 10000000029.2858
120.0 7.5 -5.0 15.0 9999999997.146502
120.0 10.0 -5.0 15.0 25412837.6619
120.0 -5.0 -2.5 15.0 -58.510000000000005
120.0 -2.5 -2.5 15.0 1599.8838
120.0 0.0 -2.5 15.0 604033.0622
120.0 2.5 -2.5 15.0 167404627.806
120.0 5.0 -2.5 15.0 7190816703.1961
120.0 7.5 -2.5 15.0 9999999977.1404
120.0 10.0 -2.5 15.0 2487911.8342
120.0 -5.0 0.0 15.0 -68.1931
120.0 -2.5 0.0 15.0 3082.9681
120.0 0.0 0.0 15.0 7283670.0937
120.0 2.5 0.0 15.0 414430334.6368
120.0 5.0 0.0 15.0 9999999757.536001
120.0 10.0 0.0 15.0 10369411.4134
120.0 -5.0 2.5 15.0 -48.3209
120.0 -2.5 2.5 15.0 97.9291
120.0 0.0 2.5 15.0 9999999900.7434
120.0 2.5 2.5 15.0 20788760.712
120.0 5.0 2.5 15.0 6446919.2277
120.0 7.5 2.5 15.0 31583058.800199997
120.0 -5.0 5.0 15.0 -25.828599999999998
120.0 -2.5 5.0 15.0 -38.0535
120.0 0.0 5.0 15.0 16730.1122
120.0 2.5 5.0 15.0 25279571.4426
120.0 5.0 5.0 15.0 -48.021699999999996
120.0 7.5 5.0 15.0 109495.9286
120.0 10.0 5.0 15.0 60536.8183
120.0 -5.0 -10.0 16.25 11.8847
120.0 -2.5 -10.0 16.25 25.6286
120.0 0.0 -10.0 16.25 28.1175
120.0 2.5 -10.0 16.25 16.304
120.0 5.0 -10.0 16.25 30.609699999999997
120.0 7.5 -10.0 16.25 34.9888
120.0 10.0 -10.0 16.25 29.923900000000003
120.0 -5.0 -7.5 16.25 -7.8583
120.0 -2.5 -7.5 16.25 -6.6998
120.0 0.0 -7.5 16.25 99836.53490000001
120.0 2.5 -7.5 16.25 804016996.2045001
120.0 5.0 -7.5 16.25 8879.8858
120.0 7.5 -7.5 16.25 249.8374
120.0 10.0 -7.5 16.25 23.586199999999998
120.0 -5.0 -5.0 16.25 -27.4233
120.0 -2.5 -5.0 16.25 -23.3646
120.0 0.0 -5.0 16.25 4546449186.6799
120.0 2.5 -5.0 16.25 12953268.9054
120.0 5.0 -5.0 16.25 15712902.107099999
120.0 7.5 -5.0 16.25 129941634.8374
120.0 10.0 -5.0 16.25 8675.548400000001
120.0 -5.0 -2.5 16.25 -43.340599999999995
120.0 -2.5 -2.5 16.25 -55.675200000000004
120.0 0.0 -2.5 16.25 5142933.3922
120.0 2.5 -2.5 16.25 5533159081.0392
120.0 5.0 -2.5 16.25 9265116.398
120.0 7.5 -2.5 16.25 8936.9398
120.0 10.0 -2.5 16.25 1291.8644
120.0 -5.0 0.0 16.25 -47.3445
120.0 -2.5 0.0 16.25 -64.6228
120.0 0.0 0.0 16.25 3121.0706999999998
120.0 2.5 0.0 16.25 3934089.5507
120.0 5.0 0.0 16.25 3652098816.7697997
120.0 7.5 0.0 16.25 29619294.631899998
120.0 10.0 0.0 16.25 116517.1394
120.0 -5.0 2.5 16.25 -35.2538
120.0 -2.5 2.5 16.25 -48.655100000000004
120.0 0.0 2.5 16.25 292742.9107
120.0 2.5 2.5 16.25 867.7147
120.0 5.0 2.5 16.25 696.9698000000001
120.0 7.5 2.5 16.25 1474061250.2709
120.0 10.0 2.5 16.25 1226070.0655
120.0 -5.0 5.0 16.25 -20.0945
120.0 -2.5 5.0 16.25 -33.8733
120.0 0.0 5.0 16.25 1074.9588999999999
120.0 2.5 5.0 16.25 73462.5049
120.0 5.0 5.0 16.25 -45.0223
120.0 7.5 5.0 16.25 202.88819999999998
120.0 10.0 5.0 16.25 965.9466
180.0 -5.0 -10.0 3.75 396887941.95199996
180.0 -2.5 -10.0 3.75 155709425.0873
180.0 0.0 -10.0 3.75 10000000102.9897
180.0 2.5 -10.0 3.75 9999999898.749102
180.0 5.0 -10.0 3.75 9999999971.8129
180.0 7.5 -10.0 3.75 9999999882.1693
180.0 10.0 -10.0 3.75 48892385.8966
180.0 -5.0 -7.5 3.75 10000000124.626701
180.0 -2.5 -7.5 3.75 10000000107.270601
180.0 0.0 -7.5 3.75 9999999767.707401
180.0 2.5 -7.5 3.75 9999999634.094301
180.0 5.0 -7.5 3.75 337226873.1637
180.0 7.5 -7.5 3.75 9999999776.798
180.0 10.0 -7.5 3.75 233063795.5292
180.0 -5.0 -5.0 3.75 10000000153.6769
180.0 -2.5 -5.0 3.75 9999999877.7045
180.0 0.0 -5.0 3.75 9999999825.7362
180.0 2.5 -5.0 3.75 9999999716.3036
180.0 5.0 -5.0 3.75 148261379.6428
180.0 7.5 -5.0 3.75 9999999668.0146
180.0 10.0 -5.0 3.75 4281781471.6713004
180.0 -5.0 -2.5 3.75 7900404.522299999
180.0 -2.5 -2.5 3.75 9999999809.9768
180.0 0.0 -2.5 3.75 9999999895.4615
180.0 2.5 -2.5 3.75 10000000020.5543
180.0 5.0 -2.5 3.75 10000000041.6439
180.0 7.5 -2.5 3.75 9999999828.8162
180.0 10.0 -2.5 3.75 9999999779.141901
180.0 -5.0 0.0 3.75 10000000067.781502
180.0 -2.5 0.0 3.75 10000000063.514301
180.0 0.0 0.0 3.75 9999999991.399101
180.0 2.5 0.0 3.75 5188159079.7168
180.0 5.0 0.0 3.75 10000000180.970001
180.0 7.5 0.0 3.75 10000000010.2696
180.0 10.0 0.0 3.75 3945546609.8504
180.0 -5.0 2.5 3.75 3105928899.6036997
180.0 -2.5 2.5 3.75 10000000105.071701
180.0 0.0 2.5 3.75 220343554.1315
180.0 2.5 2.5 3.75 2496318566.7138
180.0 5.0 2.5 3.75 10000000010.897501
180.0 7.5 2.5 3.75 9999999981.6741
180.0 10.0 2.5 3.75 3009908487.2971997
180.0 -5.0 5.0 3.75 10000000060.653101
180.0 -2.5 5.0 3.75 5032115429.7775
180.0 0.0 5.0 3.75 241127057.5048
180.0 2.5 5.0 3.75 9999999950.042002
180.0 5.0 5.0 3.75 9999999996.3815
180.0 7.5 5.0 3.75 10655094.7222
180.0 10.0 5.0 3.75 342421749.57479995
180.0 -2.5 -2.5 7.5 9999999915.135101
180.0 0.0 2.5 7.5 10000000050.6189
180.0 0.0 5.0 7.5 6548393650.1795
180.0 -5.0 -2.5 8.75 51487872.0022
180.0 -2.5 -2.5 8.75 9999999877.5674
180.0 2.5 -2.5 8.75 9999999911.4869
180.0 -5.0 0.0 8.75 16555638.2489
180.0 0.0 0.0 8.75 9999999989.812601
180.0 0.0 2.5 8.75 1320845283.6301
180.0 0.0 -10.0 10.0 9999999699.7007
180.0 2.5 -10.0 10.0 10000000128.3372
180.0 0.0 -7.5 10.0 10000000013.5965
180.0 2.5 -7.5 10.0 10000000026.225302
180.0 5.0 -7.5 10.0 9999999956.323301
180.0 -2.5 -5.0 10.0 9999999856.852701
180.0 0.0 -5.0 10.0 9999999988.046501
180.0 2.5 -5.0 10.0 10000000480.684502
180.0 5.0 -5.0 10.0 9999999957.896101
180.0 -5.0 -2.5 10.0 64088848.6099
180.0 -2.5 -2.5 10.0 9999999907.2527
180.0 0.0 -2.5 10.0 3732854535.1064
180.0 2.5 -2.5 10.0 10000000213.661701
180.0 -5.0 0.0 10.0 9999999953.342001
180.0 -2.5 0.0 10.0 10000000154.5653
180.0 0.0 0.0 10.0 463698634.6168
180.0 -5.0 2.5 10.0 95612638.6206
180.0 0.0 2.5 10.0 4972656306.059299
180.0 2.5 2.5 10.0 567290529.2042
180.0 0.0 5.0 10.0 10000000110.142801
180.0 2.5 5.0 10.0 2882551712.2448
180.0 0.0 -10.0 11.25 10000000008.077501
180.0 2.5 -10.0 11.25 10000000082.209002
180.0 5.0 -10.0 11.25 11344224.3171
180.0 0.0 -7.5 11.25 2219561905.1688
180.0 2.5 -7.5 11.25 8366890712.3282995
180.0 5.0 -7.5 11.25 10000000090.039701
180.0 7.5 -7.5 11.25 9999999801.3588
180.0 -2.5 -5.0 11.25 1543002820.3460999
180.0 0.0 -5.0 11.25 9999999802.9109
180.0 2.5 -5.0 11.25 9999999898.9242
180.0 5.0 -5.0 11.25 9999999966.5645
180.0 -5.0 -2.5 11.25 3741522.757
180.0 -2.5 -2.5 11.25 149409740.5617
180.0 0.0 -2.5 11.25 9999999963.032001
180.0 2.5 -2.5 11.25 9999999944.105001
180.0 -5.0 0.0 11.25 79366320.48560001
180.0 -2.5 0.0 11.25 9999999672.752
180.0 0.0 0.0 11.25 309219223.82780004
180.0 -5.0 2.5 11.25 6560914.5367
180.0 -2.5 2.5 11.25 21301877.312
180.0 0.0 2.5 11.25 10000000070.7679
180.0 2.5 2.5 11.25 10000000000.076801
180.0 -5.0 5.0 11.25 4078276.1438
180.0 0.0 5.0 11.25 1533787507.4731998
180.0 2.5 5.0 11.25 91928241.9827
180.0 -5.0 -10.0 12.5 -15.8643
180.0 -2.5 -10.0 12.5 9999999994.2085
180.0 0.0 -10.0 12.5 111795708.4574
180.0 2.5 -10.0 12.5 10000000015.283901
180.0 5.0 -10.0 12.5 4004190.9781
180.0 7.5 -10.0 12.5 9977.6524
180.0 10.0 -10.0 12.5 1845.5752
180.0 -2.5 -7.5 12.5 1685827.9845
180.0 0.0 -7.5 12.5 197722530.2916
180.0 2.5 -7.5 12.5 9999999908.4283
180.0 5.0 -7.5 12.5 53664152.46879999
180.0 7.5 -7.5 12.5 10000000010.8953
180.0 -5.0 -5.0 12.5 990.05
180.0 -2.5 -5.0 12.5 2303995.1070000003
180.0 0.0 -5.0 12.5 2118917636.0176
180.0 2.5 -5.0 12.5 9999999975.7649
180.0 5.0 -5.0 12.5 9999999989.3801
180.0 -5.0 -2.5 12.5 118611.5616
180.0 -2.5 -2.5 12.5 2022380361.0303998
180.0 0.0 -2.5 12.5 9999999915.567001
180.0 2.5 -2.5 12.5 128223449.8676
180.0 5.0 -2.5 12.5 9999999993.549702
180.0 -5.0 0.0 12.5 238096.33049999998
180.0 -2.5 0.0 12.5 5940834431.5707
180.0 0.0 0.0 12.5 1723995501.3231
180.0 2.5 0.0 12.5 218059487.4045
180.0 -5.0 2.5 12.5 179390.922
180.0 -2.5 2.5 12.5 849506725.3234
180.0 0.0 2.5 12.5 10000000022.3316
180.0 2.5 2.5 12.5 10000000127.843601
180.0 -5.0 5.0 12.5 3483.1643
180.0 -2.5 5.0 12.5 5544.9211000000005
180.0 0.0 5.0 12.5 23975.3432
180.0 2.5 5.0 12.5 383032.53140000004
180.0 5.0 5.0 12.5 39462.8507
180.0 7.5 5.0 12.5 10735.1431
180.0 10.0 5.0 12.5 435882.7552
180.0 -5.0 -10.0 13.75 -28.8137
180.0 -2.5 -10.0 13.75 762.4921
180.0 0.0 -10.0 13.75 24982.9909
180.0 2.5 -10.0 13.75 10000000026.612902
180.0 5.0 -10.0 13.75 16771.6315
180.0 7.5 -10.0 13.75 10752.3145
180.0 10.0 -10.0 13.75 150411.39479999998
180.0 -5.0 -7.5 13.75 -48.7039
180.0 -2.5 -7.5 13.75 79640.1072
180.0 0.0 -7.5 13.75 46919776.364
180.0 2.5 -7.5 13.75 4725434910.6796
180.0 5.0 -7.5 13.75 1722102.4869000001
180.0 7.5 -7.5 13.75 73225850.8014
180.0 10.0 -7.5 13.75 9225983.0088
180.0 -5.0 -5.0 13.75 -10.058599999999998
180.0 -2.5 -5.0 13.75 415480057.01900005
180.0 0.0 -5.0 13.75 7065404724.7486
180.0 2.5 -5.0 13.75 9999999999.7129
180.0 5.0 -5.0 13.75 6906425833.1124
180.0 -5.0 -2.5 13.75 24394.487399999998
180.0 -2.5 -2.5 13.75 9999999956.844002
180.0 0.0 -2.5 13.75 1807896355.5228
180.0 2.5 -2.5 13.75 4803330461.6938
180.0 5.0 -2.5 13.75 10000000009.8896
180.0 -5.0 0.0 13.75 872.8032999999999
180.0 -2.5 0.0 13.75 9999999926.7098
180.0 0.0 0.0 13.75 150250488.2237
180.0 2.5 0.0 13.75 713350394.5072
180.0 -5.0 2.5 13.75 0.11550000000000438
180.0 -2.5 2.5 13.75 31420.0757
180.0 0.0 2.5 13.75 62822732.6833
180.0 2.5 2.5 13.75 10635067.0762
180.0 5.0 2.5 13.75 505419.4393
180.0 -5.0 5.0 13.75 -4.560500000000001
180.0 -2.5 5.0 13.75 1736.4919
180.0 0.0 5.0 13.75 82458.28469999999
180.0 2.5 5.0 13.75 657582.3420000001
180.0 5.0 5.0 13.75 80.3727
180.0 7.5 5.0 13.75 14.5778
180.0 10.0 5.0 13.75 82.3418
180.0 -5.0 -10.0 15.0 -26.1746
180.0 -2.5 -10.0 15.0 -18.9524
180.0 0.0 -10.0 15.0 4823.3679
180.0 2.5 -10.0 15.0 6697.3565
180.0 5.0 -10.0 15.0 1098.1673999999998
180.0 7.5 -10.0 15.0 1451.0716
180.0 10.0 -10.0 15.0 536.3097
180.0 -5.0 -7.5 15.0 -41.4124
180.0 -2.5 -7.5 15.0 5468.8457
180.0 0.0 -7.5 15.0 2807785.6755
180.0 2.5 -7.5 15.0 9999999974.1095
180.0 5.0 -7.5 15.0 126455.3178
180.0 7.5 -7.5 15.0 66875718.6541
180.0 10.0 -7.5 15.0 233834.2774
180.0 -5.0 -5.0 15.0 -59.733200000000004
180.0 -2.5 -5.0 15.0 21187834.187
180.0 0.0 -5.0 15.0 8267662.960899999
180.0 2.5 -5.0 15.0 10000000016.878302
180.0 5.0 -5.0 15.0 10000000160.3372
180.0 7.5 -5.0 15.0 10026705.8636
180.0 10.0 -5.0 15.0 26677.7753
180.0 -5.0 -2.5 15.0 1548.1783999999998
180.0 -2.5 -2.5 15.0 223400873.451
180.0 0.0 -2.5 15.0 1136565.4409
180.0 2.5 -2.5 15.0 10000000025.6107
180.0 5.0 -2.5 15.0 1001678251.7749001
180.0 10.0 -2.5 15.0 1106347158.7975001
180.0 -5.0 0.0 15.0 -60.9186
180.0 -2.5 0.0 15.0 4669383.9411
180.0 0.0 0.0 15.0 88541192.2084
180.0 2.5 0.0 15.0 1202330.7603
180.0 5.0 0.0 15.0 15189606.3956
180.0 -5.0 2.5 15.0 -48.1025
180.0 -2.5 2.5 15.0 1324229.1535
180.0 0.0 2.5 15.0 232100436.7454
180.0 2.5 2.5 15.0 140.63080000000002
180.0 5.0 2.5 15.0 2199425.8528
180.0 7.5 2.5 15.0 10000000017.530901
180.0 -5.0 5.0 15.0 -21.368399999999998
180.0 -2.5 5.0 15.0 344.305
180.0 0.0 5.0 15.0 4310.236599999999
180.0 2.5 5.0 15.0 31.9314
180.0 5.0 5.0 15.0 -9.756
180.0 7.5 5.0 15.0 7.0638000000000005
180.0 10.0 5.0 15.0 12.8779
180.0 -5.0 -10.0 16.25 -22.5461
180.0 -2.5 -10.0 16.25 -19.785800000000002
180.0 0.0 -10.0 16.25 -2.4703
180.0 2.5 -10.0 16.25 878755.399
180.0 5.0 -10.0 16.25 33.948
180.0 7.5 -10.0 16.25 28.1279
180.0 10.0 -10.0 16.25 5.826199999999999
180.0 -5.0 -7.5 16.25 -34.9844
180.0 -2.5 -7.5 16.25 -15.006699999999999
180.0 0.0 -7.5 16.25 134785230.77199998
180.0 2.5 -7.5 16.25 43309026.3388
180.0 5.0 -7.5 16.25 508.2398
180.0 7.5 -7.5 16.25 61811.254799999995
180.0 10.0 -7.5 16.25 1318.2566000000002
180.0 -5.0 -5.0 16.25 -52.029199999999996
180.0 -2.5 -5.0 16.25 1175.0251
180.0 0.0 -5.0 16.25 5835685479.1642
180.0 2.5 -5.0 16.25 9999999954.62
180.0 5.0 -5.0 16.25 10000000118.2127
180.0 7.5 -5.0 16.25 1194.9043
180.0 10.0 -5.0 16.25 32.0318
180.0 -5.0 -2.5 16.25 -55.876400000000004
180.0 -2.5 -2.5 16.25 529.0639000000001
180.0 0.0 -2.5 16.25 941766.8470999999
180.0 2.5 -2.5 16.25 1943235492.0640998
180.0 5.0 -2.5 16.25 42150624.7263
180.0 7.5 -2.5 16.25 11206423.3081
180.0 10.0 -2.5 16.25 607.6392
180.0 -5.0 0.0 16.25 -51.605900000000005
180.0 -2.5 0.0 16.25 12.250299999999996
180.0 0.0 0.0 16.25 64218.2848
180.0 2.5 0.0 16.25 5114.9394
180.0 5.0 0.0 16.25 1741823.7698
180.0 7.5 0.0 16.25 645197463.7516
180.0 -5.0 2.5 16.25 -39.5468
180.0 -2.5 2.5 16.25 3629.6742
180.0 0.0 2.5 16.25 23062.761499999997
180.0 2.5 2.5 16.25 -51.4417
180.0 5.0 2.5 16.25 6894.3281
180.0 7.5 2.5 16.25 37630755.040599994
180.0 -5.0 5.0 16.25 -18.994400000000002
180.0 -2.5 5.0 16.25 61.8531
180.0 0.0 5.0 16.25 221.93759999999997
180.0 2.5 5.0 16.25 -27.3133
180.0 5.0 5.0 16.25 -12.565900000000001
180.0 7.5 5.0 16.25 -1.6174000000000002
180.0 10.0 5.0 16.25 8.6
240.0 -5.0 -10.0 3.75 9999999954.8171
240.0 -2.5 -10.0 3.75 10000000268.8418
240.0 0.0 -10.0 3.75 9999999898.260101
240.0 2.5 -10.0 3.75 9999999835.0969
240.0 5.0 -10.0 3.75 9999999995.9016
240.0 7.5 -10.0 3.75 281779938.57
240.0 10.0 -10.0 3.75 9999999804.942202
240.0 -5.0 -7.5 3.75 9999999904.5098
240.0 -2.5 -7.5 3.75 9999999987.0755
240.0 0.0 -7.5 3.75 2725822235.0470996
240.0 2.5 -7.5 3.75 10000000049.606602
240.0 5.0 -7.5 3.75 9999999908.7017
240.0 7.5 -7.5 3.75 9999999970.9715
240.0 10.0 -7.5 3.75 4786243344.9351
240.0 -5.0 -5.0 3.75 946198846.37
240.0 -2.5 -5.0 3.75 9999999929.7513
240.0 0.0 -5.0 3.75 2100724575.5588999
240.0 2.5 -5.0 3.75 10000000028.0203
240.0 5.0 -5.0 3.75 9999999926.53
240.0 7.5 -5.0 3.75 1723072321.5555
240.0 10.0 -5.0 3.75 950888733.8011
240.0 -5.0 -2.5 3.75 9999999931.478
240.0 -2.5 -2.5 3.75 9999999901.105001
240.0 0.0 -2.5 3.75 9999999766.129501
240.0 2.5 -2.5 3.75 10000000108.941801
240.0 5.0 -2.5 3.75 9999999997.611301
240.0 7.5 -2.5 3.75 445773727.60620004
240.0 10.0 -2.5 3.75 9999999877.8295
240.0 -5.0 0.0 3.75 10000000078.4209
240.0 -2.5 0.0 3.75 6679361318.8386
240.0 0.0 0.0 3.75 10000000037.042501
240.0 2.5 0.0 3.75 10000000006.6569
240.0 5.0 0.0 3.75 9999999863.6996
240.0 7.5 0.0 3.75 10000000028.250502
240.0 10.0 0.0 3.75 9999999990.0564
240.0 -5.0 2.5 3.75 16800.872499999998
240.0 -2.5 2.5 3.75 250419765.5122
240.0 0.0 2.5 3.75 1556368418.4757
240.0 2.5 2.5 3.75 9999999953.7077
240.0 5.0 2.5 3.75 10000000074.490002
240.0 7.5 2.5 3.75 10000000366.365501
240.0 10.0 2.5 3.75 764571517.0241001
240.0 -5.0 5.0 3.75 1045.6373999999998
240.0 -2.5 5.0 3.75 10000000046.5457
240.0 0.0 5.0 3.75 468886756.8288
240.0 2.5 5.0 3.75 9999999945.738401
240.0 5.0 5.0 3.75 850477420.7777001
240.0 7.5 5.0 3.75 1096619175.7064998
240.0 10.0 5.0 3.75 4622555522.2606
240.0 0.0 0.0 5.0 10000000072.356401
240.0 -2.5 2.5 5.0 385644.1199
240.0 -2.5 5.0 5.0 64220074.417899996
240.0 0.0 0.0 6.25 10000000132.158602
240.0 -2.5 2.5 6.25 806971457.1028
240.0 0.0 2.5 6.25 3570213304.0078998
240.0 -5.0 5.0 6.25 789.0561
240.0 -2.5 5.0 6.25 8707649.530399999
240.0 2.5 -10.0 7.5 9999999596.2527
240.0 -2.5 -7.5 7.5 9999999843.826801
240.0 0.0 -5.0 7.5 10000000121.063501
240.0 0.0 0.0 7.5 9999999940.945702
240.0 -2.5 2.5 7.5 9897170838.6094
240.0 0.0 2.5 7.5 10000000002.401701
240.0 -5.0 5.0 7.5 63877.4441
240.0 -2.5 5.0 7.5 17174824.781400003
240.0 0.0 5.0 7.5 61028917.3698
240.0 0.0 -10.0 8.75 1007411831.7626001
240.0 2.5 -10.0 8.75 613297845.6496
240.0 5.0 -10.0 8.75 9999999847.555
240.0 -2.5 -7.5 8.75 10000000170.7609
240.0 0.0 -7.5 8.75 7172736419.2205
240.0 2.5 -7.5 8.75 9999999703.7313
240.0 -2.5 -5.0 8.75 4146654630.202
240.0 0.0 -5.0 8.75 9999999952.0125
240.0 0.0 -2.5 8.75 10000000055.492802
240.0 2.5 -2.5 8.75 10000000012.840601
240.0 -2.5 0.0 8.75 80419484.79370001
240.0 0.0 0.0 8.75 9999999999.4332
240.0 -2.5 2.5 8.75 177314311.48639998
240.0 0.0 2.5 8.75 1271309607.043
240.0 2.5 2.5 8.75 9999999699.1191
240.0 -5.0 5.0 8.75 118491.2514
240.0 -2.5 5.0 8.75 15314936.289600002
240.0 0.0 5.0 8.75 2428727.1668
240.0 0.0 -10.0 10.0 9999999837.6931
240.0 2.5 -10.0 10.0 2038518586.7005
240.0 5.0 -10.0 10.0 9999999968.0405
240.0 -2.5 -7.5 10.0 5823712254.3158
240.0 0.0 -7.5 10.0 9999999786.0732
240.0 2.5 -7.5 10.0 9999999916.4638
240.0 -2.5 -5.0 10.0 2105603754.226
240.0 0.0 -5.0 10.0 10000000053.785702
240.0 -5.0 -2.5 10.0 166419119.42119998
240.0 -2.5 -2.5 10.0 1817193763.8023
240.0 0.0 -2.5 10.0 9999999915.555101
240.0 2.5 -2.5 10.0 10000000295.1816
240.0 -2.5 0.0 10.0 591755464.832
240.0 0.0 0.0 10.0 10000000046.690102
240.0 2.5 0.0 10.0 9999999952.227701
240.0 -5.0 2.5 10.0 22321.6226
240.0 -2.5 2.5 10.0 529887606.19
240.0 0.0 2.5 10.0 9999999976.318201
240.0 2.5 2.5 10.0 808289883.8601999
240.0 -5.0 5.0 10.0 9812.7975
240.0 -2.5 5.0 10.0 4613622250.8572
240.0 0.0 5.0 10.0 10000000062.454401
240.0 2.5 5.0 10.0 9054971003.434399
240.0 7.5 5.0 10.0 68599330.9071
240.0 -2.5 -10.0 11.25 35772032.7523
240.0 0.0 -10.0 11.25 9999999850.4016
240.0 2.5 -10.0 11.25 2753621589.9110003
240.0 5.0 -10.0 11.25 10000000409.5372
240.0 7.5 -10.0 11.25 10000000033.6282
240.0 10.0 -10.0 11.25 10000000006.410702
240.0 -5.0 -7.5 11.25 73826876.4083
240.0 -2.5 -7.5 11.25 1190975048.294
240.0 0.0 -7.5 11.25 2124692927.7353
240.0 2.5 -7.5 11.25 10000000019.492802
240.0 -2.5 -5.0 11.25 662061644.7074
240.0 0.0 -5.0 11.25 9999999966.095402
240.0 2.5 -5.0 11.25 9999999924.9302
240.0 -5.0 -2.5 11.25 6640177.5694
240.0 -2.5 -2.5 11.25 2090072343.8204
240.0 0.0 -2.5 11.25 10000000216.1357
240.0 2.5 -2.5 11.25 4087069293.1019998
240.0 -5.0 0.0 11.25 10000000035.227701
240.0 -2.5 0.0 11.25 10000000256.152802
240.0 0.0 0.0 11.25 10000000035.3302
240.0 2.5 0.0 11.25 9999999931.200201
240.0 -2.5 2.5 11.25 24306.1257
240.0 0.0 2.5 11.25 10000000095.3283
240.0 2.5 2.5 11.25 10000000363.892
240.0 5.0 2.5 11.25 10000000104.4078
240.0 7.5 2.5 11.25 3301431834.4871
240.0 -5.0 5.0 11.25 28.2302
240.0 -2.5 5.0 11.25 19913653.5765
240.0 0.0 5.0 11.25 339707591.15250003
240.0 2.5 5.0 11.25 71732557.4415
240.0 7.5 5.0 11.25 1021456.1314
240.0 -2.5 -10.0 12.5 567222458.9466
240.0 0.0 -10.0 12.5 1491222217.6606002
240.0 2.5 -10.0 12.5 702741751.521
240.0 5.0 -10.0 12.5 9999999818.303902
240.0 7.5 -10.0 12.5 10000000051.8701
240.0 10.0 -10.0 12.5 3138052538.7308
240.0 -5.0 -7.5 12.5 828572851.3643
240.0 -2.5 -7.5 12.5 38480749.5343
240.0 0.0 -7.5 12.5 9999999732.252901
240.0 2.5 -7.5 12.5 860167982.5588
240.0 5.0 -7.5 12.5 326639634.11869997
240.0 -5.0 -5.0 12.5 135048.1739
240.0 -2.5 -5.0 12.5 23582159.581100002
240.0 0.0 -5.0 12.5 60000872.521800004
240.0 2.5 -5.0 12.5 6321663531.6367
240.0 5.0 -5.0 12.5 9999999885.532202
240.0 -5.0 -2.5 12.5 309.6238
240.0 -2.5 -2.5 12.5 127530544.4939
240.0 0.0 -2.5 12.5 9999999901.3402
240.0 2.5 -2.5 12.5 125602881.2539
240.0 -5.0 0.0 12.5 151207.16900000002
240.0 -2.5 0.0 12.5 126022.2463
240.0 0.0 0.0 12.5 9999999997.4981
240.0 2.5 0.0 12.5 10000000037.2728
240.0 5.0 0.0 12.5 9999999952.252
240.0 -5.0 2.5 12.5 0.7027999999999999
240.0 -2.5 2.5 12.5 6544.0673
240.0 0.0 2.5 12.5 10000000161.7562
240.0 2.5 2.5 12.5 183406939.79270002
240.0 5.0 2.5 12.5 10000000087.492
240.0 7.5 2.5 12.5 9999999970.853802
240.0 -5.0 5.0 12.5 16.0717
240.0 -2.5 5.0 12.5 47.037099999999995
240.0 0.0 5.0 12.5 1783615879.8964999
240.0 2.5 5.0 12.5 22219592.8302
240.0 5.0 5.0 12.5 204186503.9979
240.0 7.5 5.0 12.5 9999999890.1233
240.0 -2.5 -10.0 13.75 207188.63210000002
240.0 0.0 -10.0 13.75 1144578.9049
240.0 2.5 -10.0 13.75 99610914.7946
240.0 5.0 -10.0 13.75 3781836.3814999997
240.0 7.5 -10.0 13.75 10000000011.9298
240.0 10.0 -10.0 13.75 10138272.428299999
240.0 -5.0 -7.5 13.75 104479.2175
240.0 -2.5 -7.5 13.75 151475184.6462
240.0 0.0 -7.5 13.75 10000000451.6676
240.0 2.5 -7.5 13.75 462396769.351
240.0 5.0 -7.5 13.75 10000000048.5594
240.0 7.5 -7.5 13.75 9999999996.1835
240.0 10.0 -7.5 13.75 3627173068.1103
240.0 -5.0 -5.0 13.75 782.4642
240.0 -2.5 -5.0 13.75 21887381.809
240.0 0.0 -5.0 13.75 14672479.5902
240.0 2.5 -5.0 13.75 10000000056.557001
240.0 5.0 -5.0 13.75 9999999957.699001
240.0 -5.0 -2.5 13.75 -69.531
240.0 -2.5 -2.5 13.75 7415750.2444
240.0 0.0 -2.5 13.75 45493489.024399996
240.0 2.5 -2.5 13.75 9999999915.228
240.0 -5.0 0.0 13.75 -34.8795
240.0 -2.5 0.0 13.75 23337.8629
240.0 0.0 0.0 13.75 6622097846.0475
240.0 2.5 0.0 13.75 9999999968.1802
240.0 5.0 0.0 13.75 115857785.9989
240.0 -5.0 2.5 13.75 -8.8219
240.0 -2.5 2.5 13.75 250.80830000000003
240.0 0.0 2.5 13.75 1119112464.9488
240.0 2.5 2.5 13.75 47163.3204
240.0 5.0 2.5 13.75 4055959.1211
240.0 7.5 2.5 13.75 2154283.415
240.0 10.0 2.5 13.75 194686969.03
240.0 -5.0 5.0 13.75 7.9773
240.0 -2.5 5.0 13.75 17.4262
240.0 0.0 5.0 13.75 12492510.209900001
240.0 2.5 5.0 13.75 20804.5066
240.0 5.0 5.0 13.75 10000000024.720201
240.0 7.5 5.0 13.75 43892.612
240.0 10.0 5.0 13.75 1221.7221
240.0 -5.0 -10.0 15.0 -27.3598
240.0 -2.5 -10.0 15.0 1109.1343000000002
240.0 0.0 -10.0 15.0 17159.6612
240.0 2.5 -10.0 15.0 10217.8077
240.0 5.0 -10.0 15.0 12497.5612
240.0 7.5 -10.0 15.0 1069008.4656
240.0 10.0 -10.0 15.0 3417.4240000000004
240.0 -5.0 -7.5 15.0 -23.6494
240.0 -2.5 -7.5 15.0 13174576.306499999
240.0 0.0 -7.5 15.0 140309981.30290002
240.0 2.5 -7.5 15.0 32029003.4158
240.0 5.0 -7.5 15.0 17516342.8095
240.0 7.5 -7.5 15.0 1183940398.1311
240.0 10.0 -7.5 15.0 39400284.4411
240.0 -5.0 -5.0 15.0 -70.2002
240.0 -2.5 -5.0 15.0 1029.0049
240.0 0.0 -5.0 15.0 9999999975.3925
240.0 2.5 -5.0 15.0 10000000098.116001
240.0 5.0 -5.0 15.0 49945050.2562
240.0 10.0 -5.0 15.0 6404.3264
240.0 -5.0 -2.5 15.0 -63.0753
240.0 -2.5 -2.5 15.0 8792.8626
240.0 0.0 -2.5 15.0 5537612.7045
240.0 2.5 -2.5 15.0 6559289.0392
240.0 5.0 -2.5 15.0 2888852.7115
240.0 7.5 -2.5 15.0 2323856998.5592003
240.0 -5.0 0.0 15.0 -41.533
240.0 -2.5 0.0 15.0 49615143.103199996
240.0 0.0 0.0 15.0 265796350.5332
240.0 2.5 0.0 15.0 36064774.657400005
240.0 5.0 0.0 15.0 14794107.1981
240.0 7.5 0.0 15.0 7981794369.4325
240.0 -5.0 2.5 15.0 -13.9531
240.0 -2.5 2.5 15.0 34.0676
240.0 0.0 2.5 15.0 512464.767
240.0 2.5 2.5 15.0 829.9857000000001
240.0 5.0 2.5 15.0 311.9766
240.0 7.5 2.5 15.0 50970.8224
240.0 10.0 2.5 15.0 69935.7589
240.0 -5.0 5.0 15.0 0.9528
240.0 -2.5 5.0 15.0 9.1465
240.0 0.0 5.0 15.0 336.7815
240.0 2.5 5.0 15.0 63.967
240.0 5.0 5.0 15.0 7525.862
240.0 7.5 5.0 15.0 30.2633
240.0 10.0 5.0 15.0 -4.0921
240.0 -5.0 -10.0 16.25 -27.25
240.0 -2.5 -10.0 16.25 -48.3423
240.0 0.0 -10.0 16.25 101.53710000000001
240.0 2.5 -10.0 16.25 9999999942.758001
240.0 5.0 -10.0 16.25 280277.49649999995
240.0 7.5 -10.0 16.25 36.064
240.0 10.0 -10.0 16.25 45.2622
240.0 -5.0 -7.5 16.25 -48.4482
240.0 -2.5 -7.5 16.25 22.205700000000007
240.0 0.0 -7.5 16.25 9999999698.4424
240.0 2.5 -7.5 16.25 9999999856.8265
240.0 5.0 -7.5 16.25 23874676.817
240.0 7.5 -7.5 16.25 1966.8221
240.0 10.0 -7.5 16.25 118.95230000000001
240.0 -5.0 -5.0 16.25 -56.097899999999996
240.0 -2.5 -5.0 16.25 -34.3732
240.0 0.0 -5.0 16.25 444093549.1524
240.0 2.5 -5.0 16.25 9999999829.849901
240.0 5.0 -5.0 16.25 9999999978.836802
240.0 7.5 -5.0 16.25 3795307.2029
240.0 10.0 -5.0 16.25 50.8848
240.0 -5.0 -2.5 16.25 -52.026700000000005
240.0 -2.5 -2.5 16.25 81.2631
240.0 0.0 -2.5 16.25 3896.3853000000004
240.0 2.5 -2.5 16.25 17461545.2621
240.0 5.0 -2.5 16.25 339631860.6332
240.0 7.5 -2.5 16.25 2847482.6095
240.0 10.0 -2.5 16.25 77432174.56740001
240.0 -5.0 0.0 16.25 -36.831100000000006
240.0 -2.5 0.0 16.25 3349.5701999999997
240.0 0.0 0.0 16.25 7113.9042
240.0 2.5 0.0 16.25 12609.845299999999
240.0 5.0 0.0 16.25 15902.624099999999
240.0 7.5 0.0 16.25 165109.0813
240.0 -5.0 2.5 16.25 -14.3744
240.0 -2.5 2.5 16.25 -2.5960999999999994
240.0 0.0 2.5 16.25 1175599.7988999998
240.0 2.5 2.5 16.25 53.8349
240.0 5.0 2.5 16.25 8.4373
240.0 7.5 2.5 16.25 55.326299999999996
240.0 10.0 2.5 16.25 -12.1012
240.0 -5.0 5.0 16.25 -2.4102
240.0 -2.5 5.0 16.25 2.9637000000000002
240.0 0.0 5.0 16.25 11.939
240.0 2.5 5.0 16.25 18.4147
240.0 5.0 5.0 16.25 21.1971
240.0 7.5 5.0 16.25 11.3827
240.0 10.0 5.0 16.25 -2.306
300.0 -5.0 -10.0 3.75 9999999936.713701
300.0 -2.5 -10.0 3.75 9999999884.404902
300.0 0.0 -10.0 3.75 9999999980.2367
300.0 2.5 -10.0 3.75 9999999872.528
300.0 5.0 -10.0 3.75 836519544.299
300.0 7.5 -10.0 3.75 1140721570.7387002
300.0 10.0 -10.0 3.75 25127901.6863
300.0 -5.0 -7.5 3.75 4444402986.3672
300.0 -2.5 -7.5 3.75 772667312.1269
300.0 0.0 -7.5 3.75 9999999870.2646
300.0 2.5 -7.5 3.75 9999999881.6553
300.0 5.0 -7.5 3.75 9999999691.752201
300.0 7.5 -7.5 3.75 72132861.1739
300.0 10.0 -7.5 3.75 2032193156.3383
300.0 -5.0 -5.0 3.75 10000000075.9757
300.0 -2.5 -5.0 3.75 577421501.6334
300.0 0.0 -5.0 3.75 10000000127.9955
300.0 2.5 -5.0 3.75 9999999784.919802
300.0 5.0 -5.0 3.75 430130660.2138
300.0 7.5 -5.0 3.75 9999999826.686201
300.0 10.0 -5.0 3.75 10000000035.645401
300.0 -5.0 -2.5 3.75 10000000244.9316
300.0 -2.5 -2.5 3.75 10000000291.211102
300.0 0.0 -2.5 3.75 9999999994.2591
300.0 2.5 -2.5 3.75 10000000548.050701
300.0 5.0 -2.5 3.75 9999999629.7141
300.0 7.5 -2.5 3.75 9999999927.769701
300.0 10.0 -2.5 3.75 10000000140.578901
300.0 -5.0 0.0 3.75 10000000069.253601
300.0 -2.5 0.0 3.75 10000000151.4775
300.0 0.0 0.0 3.75 10000000151.8159
300.0 2.5 0.0 3.75 442495990.5871
300.0 5.0 0.0 3.75 9999999998.5484
300.0 7.5 0.0 3.75 10000000069.568201
300.0 10.0 0.0 3.75 89135043.4324
300.0 -5.0 2.5 3.75 3488044436.4305997
300.0 -2.5 2.5 3.75 10000000045.8887
300.0 0.0 2.5 3.75 10000000072.609201
300.0 2.5 2.5 3.75 10000000040.018301
300.0 5.0 2.5 3.75 9999999937.3181
300.0 7.5 2.5 3.75 9999999892.804901
300.0 10.0 2.5 3.75 10000000006.535501
300.0 -5.0 5.0 3.75 311766839.12189996
300.0 -2.5 5.0 3.75 9999999803.338902
300.0 0.0 5.0 3.75 10000000050.903801
300.0 2.5 5.0 3.75 9999999931.968601
300.0 5.0 5.0 3.75 22609020.591799997
300.0 7.5 5.0 3.75 4810400909.367801
300.0 10.0 5.0 3.75 9999999978.1748
300.0 -2.5 -2.5 6.25 775382489.4794999
300.0 0.0 -2.5 6.25 733154187.2242
300.0 2.5 -2.5 6.25 10000000197.4181
300.0 2.5 -5.0 7.5 9999999959.426601
300.0 -2.5 -2.5 7.5 4419851574.8063
300.0 0.0 -2.5 7.5 10000000073.4291
300.0 0.0 0.0 7.5 10000000166.3945
300.0 0.0 2.5 7.5 10000000108.5118
300.0 5.0 -10.0 8.75 9999999881.497301
300.0 2.5 -7.5 8.75 10000000079.5844
300.0 5.0 -7.5 8.75 9999999987.409101
300.0 0.0 -5.0 8.75 10000000069.401201
300.0 2.5 -5.0 8.75 10000000121.063002
300.0 5.0 -5.0 8.75 9999999963.4039
300.0 -5.0 -2.5 8.75 532035.43
300.0 -2.5 -2.5 8.75 728452313.6584
300.0 0.0 -2.5 8.75 9999999870.707201
300.0 2.5 -2.5 8.75 9999999907.8076
300.0 -5.0 0.0 8.75 287343.3087
300.0 0.0 0.0 8.75 10000000003.146502
300.0 0.0 2.5 8.75 9999999797.287401
300.0 0.0 5.0 8.75 10000000074.7567
300.0 0.0 -10.0 10.0 171392353.64870003
300.0 2.5 -10.0 10.0 10000000206.417002
300.0 5.0 -10.0 10.0 246799902.92139998
300.0 7.5 -10.0 10.0 9999999969.024601
300.0 10.0 -10.0 10.0 320165448.1698
300.0 2.5 -7.5 10.0 10000000103.3455
300.0 5.0 -7.5 10.0 9999999965.4761
300.0 -5.0 -5.0 10.0 306.12280000000004
300.0 0.0 -5.0 10.0 9999999818.666601
300.0 2.5 -5.0 10.0 9999999925.499
300.0 5.0 -5.0 10.0 10000000160.582201
300.0 -5.0 -2.5 10.0 56818.7192
300.0 -2.5 -2.5 10.0 548586143.6183
300.0 0.0 -2.5 10.0 9999999994.3665
300.0 2.5 -2.5 10.0 4994705385.9908
300.0 -5.0 0.0 10.0 1021983.5026
300.0 -2.5 0.0 10.0 9018388287.942299
300.0 0.0 0.0 10.0 5106801219.355101
300.0 2.5 0.0 10.0 10000000221.926401
300.0 0.0 2.5 10.0 9999999941.2766
300.0 0.0 5.0 10.0 10604352.8409
300.0 2.5 5.0 10.0 162989174.2658
300.0 0.0 -10.0 11.25 3641600154.1210003
300.0 2.5 -10.0 11.25 429497760.4095
300.0 5.0 -10.0 11.25 59212139.738299996
300.0 7.5 -10.0 11.25 6322612687.6947
300.0 10.0 -10.0 11.25 2384506095.7196
300.0 -2.5 -7.5 11.25 9999999750.1756
300.0 0.0 -7.5 11.25 9999999815.5804
300.0 2.5 -7.5 11.25 10000000120.9997
300.0 5.0 -7.5 11.25 9999999939.310902
300.0 7.5 -7.5 11.25 9999999600.335701
300.0 -5.0 -5.0 11.25 -33.0528
300.0 -2.5 -5.0 11.25 7703809.2408
300.0 0.0 -5.0 11.25 10000000219.946201
300.0 2.5 -5.0 11.25 10000000090.9731
300.0 5.0 -5.0 11.25 10000000108.238201
300.0 -5.0 -2.5 11.25 4324824.889699999
300.0 -2.5 -2.5 11.25 625317.9879
300.0 0.0 -2.5 11.25 10000000022.845402
300.0 2.5 -2.5 11.25 2538843264.0269
300.0 -5.0 0.0 11.25 4607262481.743
300.0 -2.5 0.0 11.25 9999999813.6273
300.0 0.0 0.0 11.25 9999999850.801802
300.0 2.5 0.0 11.25 9999999975.5708
300.0 -5.0 2.5 11.25 5375463.4379
300.0 -2.5 2.5 11.25 1561282373.3883002
300.0 0.0 2.5 11.25 378119179.0612
300.0 2.5 2.5 11.25 114498375.5732
300.0 5.0 2.5 11.25 10000000059.7912
300.0 0.0 5.0 11.25 9999999988.325201
300.0 2.5 5.0 11.25 116466416.1293
300.0 5.0 5.0 11.25 82856.9391
300.0 7.5 5.0 11.25 195133.3185
300.0 -2.5 -10.0 12.5 96.6458
300.0 0.0 -10.0 12.5 251030.52800000002
300.0 2.5 -10.0 12.5 9999999821.3185
300.0 5.0 -10.0 12.5 217392190.3642
300.0 7.5 -10.0 12.5 602961571.7656001
300.0 10.0 -10.0 12.5 152007097.08179998
300.0 -2.5 -7.5 12.5 21889.6722
300.0 0.0 -7.5 12.5 1816558.1476
300.0 2.5 -7.5 12.5 9999999795.506401
300.0 5.0 -7.5 12.5 9999999632.3148
300.0 7.5 -7.5 12.5 9999999937.6821
300.0 -5.0 -5.0 12.5 -29.940900000000003
300.0 -2.5 -5.0 12.5 3819.49
300.0 0.0 -5.0 12.5 237633214.95610002
300.0 2.5 -5.0 12.5 1650751204.591
300.0 5.0 -5.0 12.5 130161816.5927
300.0 -5.0 -2.5 12.5 240904.524
300.0 -2.5 -2.5 12.5 38054.4076
300.0 0.0 -2.5 12.5 3847286493.9856997
300.0 2.5 -2.5 12.5 9999999985.216702
300.0 5.0 -2.5 12.5 10000000029.6622
300.0 -5.0 0.0 12.5 366305246.42
300.0 -2.5 0.0 12.5 3899654471.1854
300.0 0.0 0.0 12.5 203123946.4358
300.0 2.5 0.0 12.5 610472564.3369001
300.0 5.0 0.0 12.5 10000000008.3141
300.0 7.5 0.0 12.5 3785662104.621
300.0 -5.0 2.5 12.5 21302091.9143
300.0 -2.5 2.5 12.5 103585114.0329
300.0 0.0 2.5 12.5 6543320813.932799
300.0 2.5 2.5 12.5 2336412.6672
300.0 5.0 2.5 12.5 3369449.759
300.0 7.5 2.5 12.5 51312493.8897
300.0 -5.0 5.0 12.5 643.598
300.0 -2.5 5.0 12.5 288244105.7856
300.0 0.0 5.0 12.5 95158.5946
300.0 2.5 5.0 12.5 31135113.2374
300.0 5.0 5.0 12.5 1393.5699
300.0 7.5 5.0 12.5 500.48789999999997
300.0 -2.5 -10.0 13.75 -59.9542
300.0 0.0 -10.0 13.75 4563.4736
300.0 2.5 -10.0 13.75 10000000114.6868
300.0 5.0 -10.0 13.75 54467408.4055
300.0 7.5 -10.0 13.75 83328450.478
300.0 10.0 -10.0 13.75 281251626.4755
300.0 -5.0 -7.5 13.75 -54.739200000000004
300.0 -2.5 -7.5 13.75 -2.880299999999991
300.0 0.0 -7.5 13.75 2975828.1645
300.0 2.5 -7.5 13.75 8768773.4174
300.0 5.0 -7.5 13.75 10000000011.5086
300.0 7.5 -7.5 13.75 299646061.5625
300.0 -5.0 -5.0 13.75 -20.5952
300.0 -2.5 -5.0 13.75 287.4984
300.0 0.0 -5.0 13.75 9999999900.5179
300.0 2.5 -5.0 13.75 779826713.6784999
300.0 5.0 -5.0 13.75 10000000024.868301
300.0 -5.0 -2.5 13.75 2230.9145000000003
300.0 -2.5 -2.5 13.75 614759.7871
300.0 0.0 -2.5 13.75 9999999960.2392
300.0 2.5 -2.5 13.75 7958127743.5212
300.0 5.0 -2.5 13.75 9999999982.524601
300.0 7.5 -2.5 13.75 15099446.883
300.0 -5.0 0.0 13.75 240848.32319999998
300.0 -2.5 0.0 13.75 38954.7292
300.0 0.0 0.0 13.75 50152687.5244
300.0 2.5 0.0 13.75 159686007.1642
300.0 5.0 0.0 13.75 708793.8506
300.0 7.5 0.0 13.75 310940.9963
300.0 -5.0 2.5 13.75 377542.52780000004
300.0 -2.5 2.5 13.75 313004.1821
300.0 0.0 2.5 13.75 278229.1128
300.0 2.5 2.5 13.75 3247005.2164000003
300.0 5.0 2.5 13.75 3740070.4855
300.0 7.5 2.5 13.75 5732.527700000001
300.0 10.0 2.5 13.75 737.6764000000001
300.0 -5.0 5.0 13.75 43.5045
300.0 -2.5 5.0 13.75 159.48930000000001
300.0 0.0 5.0 13.75 223.4757
300.0 2.5 5.0 13.75 328.7889
300.0 5.0 5.0 13.75 12.0639
300.0 7.5 5.0 13.75 16.9879
300.0 10.0 5.0 13.75 9.9713
300.0 -2.5 -10.0 15.0 -51.4024
300.0 0.0 -10.0 15.0 -55.840399999999995
300.0 2.5 -10.0 15.0 4138531.3106
300.0 5.0 -10.0 15.0 1883098.1716
300.0 7.5 -10.0 15.0 9709022.338499999
300.0 10.0 -10.0 15.0 1048346.4728
300.0 -5.0 -7.5 15.0 -38.532999999999994
300.0 -2.5 -7.5 15.0 -72.45540000000001
300.0 0.0 -7.5 15.0 869976.1126
300.0 2.5 -7.5 15.0 989881178.4976001
300.0 5.0 -7.5 15.0 10000000097.9897
300.0 7.5 -7.5 15.0 125884552.8076
300.0 10.0 -7.5 15.0 17673371.8504
300.0 -5.0 -5.0 15.0 -17.8157
300.0 -2.5 -5.0 15.0 16079.6077
300.0 0.0 -5.0 15.0 181085155.1383
300.0 2.5 -5.0 15.0 946079453.59
300.0 5.0 -5.0 15.0 3678040948.6581
300.0 7.5 -5.0 15.0 9393517.509399999
300.0 -5.0 -2.5 15.0 24.1704
300.0 -2.5 -2.5 15.0 243.7527
300.0 0.0 -2.5 15.0 157077481.83040002
300.0 2.5 -2.5 15.0 1609698.8791999999
300.0 5.0 -2.5 15.0 75244087.3488
300.0 7.5 -2.5 15.0 26052103.636899997
300.0 10.0 -2.5 15.0 10000000040.7345
300.0 -5.0 0.0 15.0 224.7886
300.0 -2.5 0.0 15.0 87.1513
300.0 0.0 0.0 15.0 69418.64450000001
300.0 2.5 0.0 15.0 75267964.33770001
300.0 5.0 0.0 15.0 26258.090200000002
300.0 7.5 0.0 15.0 10000000014.6443
300.0 10.0 0.0 15.0 498233691.41110003
300.0 -5.0 2.5 15.0 425.64799999999997
300.0 -2.5 2.5 15.0 81.6621
300.0 0.0 2.5 15.0 197.08859999999999
300.0 2.5 2.5 15.0 22086362.061
300.0 5.0 2.5 15.0 67102.7335
300.0 7.5 2.5 15.0 61.5683
300.0 10.0 2.5 15.0 1976.3026
300.0 -5.0 5.0 15.0 13.054400000000001
300.0 -2.5 5.0 15.0 4.285799999999999
300.0 0.0 5.0 15.0 -8.0699
300.0 2.5 5.0 15.0 -16.375799999999998
300.0 5.0 5.0 15.0 -6.940799999999999
300.0 7.5 5.0 15.0 4.189
300.0 10.0 5.0 15.0 8.2136
300.0 -5.0 -10.0 16.25 -24.513199999999998
300.0 -2.5 -10.0 16.25 -41.656299999999995
300.0 0.0 -10.0 16.25 -66.6143
300.0 2.5 -10.0 16.25 2199218.7597999997
300.0 5.0 -10.0 16.25 8086.6843
300.0 7.5 -10.0 16.25 737.1933
300.0 10.0 -10.0 16.25 652.0456
300.0 -5.0 -7.5 16.25 -27.0188
300.0 -2.5 -7.5 16.25 -53.1828
300.0 0.0 -7.5 16.25 238.3867
300.0 2.5 -7.5 16.25 1474622699.3604
300.0 5.0 -7.5 16.25 5662770613.0867
300.0 7.5 -7.5 16.25 17322328.9945
300.0 10.0 -7.5 16.25 56819.277
300.0 -5.0 -5.0 16.25 -13.519
300.0 -2.5 -5.0 16.25 -34.9687
300.0 0.0 -5.0 16.25 124704.50959999999
300.0 2.5 -5.0 16.25 340291414.9271
300.0 5.0 -5.0 16.25 9999999954.411901
300.0 7.5 -5.0 16.25 1150632900.1953
300.0 10.0 -5.0 16.25 5574.2054
300.0 -5.0 -2.5 16.25 6.6053999999999995
300.0 -2.5 -2.5 16.25 -23.4878
300.0 0.0 -2.5 16.25 7336.6724
300.0 2.5 -2.5 16.25 2791.554
300.0 5.0 -2.5 16.25 2321874482.3956
300.0 7.5 -2.5 16.25 3409178.2759999996
300.0 10.0 -2.5 16.25 5266730986.9756
300.0 -5.0 0.0 16.25 17.9591
300.0 -2.5 0.0 16.25 -5.0493
300.0 0.0 0.0 16.25 180.2297
300.0 2.5 0.0 16.25 68448.4192
300.0 5.0 0.0 16.25 28.381600000000002
300.0 7.5 0.0 16.25 194.3774
300.0 10.0 0.0 16.25 10000000029.9678
300.0 -5.0 2.5 16.25 16.4994
300.0 -2.5 2.5 16.25 5.076600000000001
300.0 0.0 2.5 16.25 -12.3484
300.0 2.5 2.5 16.25 1305.8799999999999
300.0 5.0 2.5 16.25 84.90039999999999
300.0 7.5 2.5 16.25 3.0797000000000008
300.0 10.0 2.5 16.25 11.5868
300.0 -5.0 5.0 16.25 12.1963
300.0 -2.5 5.0 16.25 3.3378000000000005
300.0 0.0 5.0 16.25 -5.8995
300.0 2.5 5.0 16.25 -11.8971
300.0 5.0 5.0 16.25 -5.2388
300.0 7.5 5.0 16.25 2.9730999999999996
300.0 10.0 5.0 16.25 6.7165
