0.0 -2.5 -7.5 10.0 10000000216.0849
0.0 -2.5 -5.0 10.0 9999999999.3509
0.0 -2.5 -2.5 10.0 3611289952.1338
0.0 0.0 0.0 10.0 4109587488.3872004
0.0 -2.5 2.5 10.0 10000000134.530201
0.0 -5.0 5.0 10.0 9999999937.0499
0.0 -2.5 -7.5 11.25 9999999965.1681
0.0 0.0 -7.5 11.25 9999999805.407001
0.0 -5.0 -5.0 11.25 10000000231.7868
0.0 -2.5 -5.0 11.25 9999999718.420101
0.0 0.0 -5.0 11.25 10000000664.0664
0.0 -2.5 -2.5 11.25 10000000230.1348
0.0 2.5 -2.5 11.25 9999999895.0687
0.0 5.0 -2.5 11.25 10000000053.710701
0.0 -2.5 0.0 11.25 9999999646.984402
0.0 0.0 0.0 11.25 10000000114.8693
0.0 -5.0 2.5 11.25 9999999912.953701
0.0 -2.5 2.5 11.25 394936040.8708
0.0 0.0 2.5 11.25 1018176431.3004
0.0 -5.0 5.0 11.25 360119238.67469996
0.0 -2.5 5.0 11.25 9999999887.8596
0.0 0.0 -10.0 12.5 4094386432.4973
0.0 2.5 -10.0 12.5 10000000031.247501
0.0 -2.5 -7.5 12.5 10000000278.135302
0.0 0.0 -7.5 12.5 10000000122.8855
0.0 -5.0 -5.0 12.5 9999999985.9825
0.0 -2.5 -5.0 12.5 9999999970.1282
0.0 0.0 -5.0 12.5 3132244768.923
0.0 2.5 -5.0 12.5 10000000079.5849
0.0 -2.5 -2.5 12.5 10000000333.0109
0.0 0.0 -2.5 12.5 10000000069.312302
0.0 2.5 -2.5 12.5 10000000213.916302
0.0 5.0 -2.5 12.5 533598138.332
0.0 -2.5 0.0 12.5 1404238342.4973001
0.0 0.0 0.0 12.5 846503836.6371
0.0 -5.0 2.5 12.5 182601552.92929998
0.0 -2.5 2.5 12.5 2500753796.625
0.0 0.0 2.5 12.5 10000000045.304901
0.0 -5.0 5.0 12.5 69650478.8084
0.0 -2.5 5.0 12.5 1478650276.032
0.0 0.0 5.0 12.5 15962067.6051
0.0 0.0 -10.0 13.75 166465135.0255
0.0 2.5 -10.0 13.75 24673406.113700002
0.0 -5.0 -7.5 13.75 9999999940.857302
0.0 -2.5 -7.5 13.75 9999999972.1562
0.0 0.0 -7.5 13.75 10000000010.022001
0.0 5.0 -7.5 13.75 1039072215.4116
0.0 -5.0 -5.0 13.75 10000000030.330101
0.0 -2.5 -5.0 13.75 9999999882.0559
0.0 0.0 -5.0 13.75 10000000281.644901
0.0 2.5 -5.0 13.75 10000000106.715801
0.0 -5.0 -2.5 13.75 8322247082.7917
0.0 -2.5 -2.5 13.75 9999999985.491001
0.0 0.0 -2.5 13.75 10000000162.7954
0.0 2.5 -2.5 13.75 10000000053.8145
0.0 5.0 -2.5 13.75 41382446.643
0.0 7.5 -2.5 13.75 9291694.292
0.0 -5.0 0.0 13.75 10000000039.8607
0.0 -2.5 0.0 13.75 9999999832.605701
0.0 0.0 0.0 13.75 10000000018.952501
0.0 2.5 0.0 13.75 10000000067.580301
0.0 10.0 0.0 13.75 52.6567
0.0 -5.0 2.5 13.75 2783328335.3377004
0.0 -2.5 2.5 13.75 10000000010.598501
0.0 0.0 2.5 13.75 1046034094.8152
0.0 -5.0 5.0 13.75 268393727.28500003
0.0 -2.5 5.0 13.75 80442257.01200001
0.0 0.0 5.0 13.75 859740.7378
0.0 -5.0 -10.0 15.0 84608072.8773
0.0 -2.5 -10.0 15.0 4192565903.2734003
0.0 0.0 -10.0 15.0 143042010.9684
0.0 2.5 -10.0 15.0 10000000072.2176
0.0 5.0 -10.0 15.0 9371202.498399999
0.0 7.5 -10.0 15.0 68081228.327
0.0 10.0 -10.0 15.0 9.5945
0.0 -5.0 -7.5 15.0 10000000072.4717
0.0 -2.5 -7.5 15.0 3050083270.0645
0.0 0.0 -7.5 15.0 9999999932.460901
0.0 2.5 -7.5 15.0 255163370.284
0.0 5.0 -7.5 15.0 10000000066.404902
0.0 10.0 -7.5 15.0 4.9140999999999995
0.0 -5.0 -5.0 15.0 10000000066.131
0.0 -2.5 -5.0 15.0 10000000122.005402
0.0 0.0 -5.0 15.0 10000000064.837301
0.0 2.5 -5.0 15.0 1548204279.444
0.0 5.0 -5.0 15.0 2014514869.85
0.0 7.5 -5.0 15.0 1385.1053000000002
0.0 -5.0 -2.5 15.0 3679925212.6985
0.0 -2.5 -2.5 15.0 5211510366.944099
0.0 0.0 -2.5 15.0 75580688.6572
0.0 2.5 -2.5 15.0 28144213.626
0.0 5.0 -2.5 15.0 133148126.7257
0.0 7.5 -2.5 15.0 459886039.6334
0.0 10.0 -2.5 15.0 2.8064999999999998
0.0 -5.0 0.0 15.0 9999999944.931702
0.0 -2.5 0.0 15.0 543569962.1067
0.0 0.0 0.0 15.0 2419519329.3557
0.0 2.5 0.0 15.0 17635814.606099997
0.0 5.0 0.0 15.0 138242539.14670002
0.0 7.5 0.0 15.0 9999999805.3006
0.0 10.0 0.0 15.0 20.0738
0.0 -5.0 2.5 15.0 163065345.0112
0.0 -2.5 2.5 15.0 1305414.4705
0.0 0.0 2.5 15.0 3975124.2483
0.0 2.5 2.5 15.0 559263.4617999999
0.0 5.0 2.5 15.0 516006.0243
0.0 7.5 2.5 15.0 1271.7224
0.0 -5.0 5.0 15.0 756106215.2228999
0.0 -2.5 5.0 15.0 52062767.7537
0.0 0.0 5.0 15.0 122851944.0643
0.0 2.5 5.0 15.0 23674.242
0.0 10.0 5.0 15.0 6.336799999999999
0.0 -5.0 -10.0 16.25 7875948330.302
0.0 -2.5 -10.0 16.25 39483299.558699995
0.0 0.0 -10.0 16.25 9999999929.9375
0.0 2.5 -10.0 16.25 1722273943.2579
0.0 5.0 -10.0 16.25 615506.6644
0.0 7.5 -10.0 16.25 1737251.9025
0.0 10.0 -10.0 16.25 9.9002
0.0 -5.0 -7.5 16.25 3055561437.6631
0.0 -2.5 -7.5 16.25 9999999955.608002
0.0 0.0 -7.5 16.25 236552910.5988
0.0 2.5 -7.5 16.25 101725033.49309999
0.0 5.0 -7.5 16.25 10000000001.8929
0.0 7.5 -7.5 16.25 1419.3141999999998
0.0 10.0 -7.5 16.25 8.1192
0.0 -5.0 -5.0 16.25 1719890680.4294999
0.0 -2.5 -5.0 16.25 10000000055.685701
0.0 0.0 -5.0 16.25 10000000162.1292
0.0 2.5 -5.0 16.25 10000000027.9613
0.0 5.0 -5.0 16.25 5043686.8129
0.0 7.5 -5.0 16.25 2735.6471
0.0 10.0 -5.0 16.25 6.357100000000001
0.0 -5.0 -2.5 16.25 9999999990.3314
0.0 -2.5 -2.5 16.25 9999999964.0412
0.0 0.0 -2.5 16.25 9999999977.5506
0.0 2.5 -2.5 16.25 9999999918.5919
0.0 5.0 -2.5 16.25 87790.6587
0.0 7.5 -2.5 16.25 50088.124
0.0 10.0 -2.5 16.25 2.4732000000000003
0.0 -5.0 0.0 16.25 10000000069.1837
0.0 -2.5 0.0 16.25 1590407580.6011002
0.0 0.0 0.0 16.25 10000000031.325602
0.0 2.5 0.0 16.25 77986205.9649
0.0 5.0 0.0 16.25 15212036.308600001
0.0 7.5 0.0 16.25 1417984.4608
0.0 10.0 0.0 16.25 10.0383
0.0 -5.0 2.5 16.25 4128415760.0218997
0.0 -2.5 2.5 16.25 388484.538
0.0 0.0 2.5 16.25 28994728.3265
0.0 2.5 2.5 16.25 1727.7848
0.0 5.0 2.5 16.25 436755.031
0.0 7.5 2.5 16.25 8449.248399999999
0.0 10.0 2.5 16.25 6.690100000000001
0.0 -5.0 5.0 16.25 217621547.91840002
0.0 -2.5 5.0 16.25 9691.7549
0.0 0.0 5.0 16.25 24670490.287299998
0.0 2.5 5.0 16.25 40.7256
0.0 5.0 5.0 16.25 15.0455
0.0 7.5 5.0 16.25 11.826600000000001
0.0 10.0 5.0 16.25 5.2854
60.0 -5.0 -10.0 3.75 10000000054.840601
60.0 -2.5 -10.0 3.75 9999999814.336
60.0 0.0 -10.0 3.75 9999999812.890501
60.0 2.5 -10.0 3.75 9999999984.636501
60.0 5.0 -10.0 3.75 10000000061.1625
60.0 7.5 -10.0 3.75 10000000238.058102
60.0 10.0 -10.0 3.75 9999999945.9869
60.0 -5.0 -7.5 3.75 10000000058.4209
60.0 -2.5 -7.5 3.75 9999999897.439201
60.0 0.0 -7.5 3.75 9999999690.3034
60.0 2.5 -7.5 3.75 9999999993.5489
60.0 5.0 -7.5 3.75 9999999893.153
60.0 7.5 -7.5 3.75 10000000123.541101
60.0 10.0 -7.5 3.75 5911417996.6317
60.0 -5.0 -5.0 3.75 10000000064.1189
60.0 -2.5 -5.0 3.75 9999999856.9204
60.0 0.0 -5.0 3.75 10000000175.585201
60.0 2.5 -5.0 3.75 9999999798.772001
60.0 5.0 -5.0 3.75 9999999358.574202
60.0 7.5 -5.0 3.75 9999999959.350601
60.0 10.0 -5.0 3.75 9999999901.2103
60.0 -5.0 -2.5 3.75 10000000270.802301
60.0 -2.5 -2.5 3.75 9999999887.1795
60.0 0.0 -2.5 3.75 9999999867.445002
60.0 2.5 -2.5 3.75 9999999883.5842
60.0 5.0 -2.5 3.75 9999999957.1553
60.0 7.5 -2.5 3.75 10000000372.3363
60.0 10.0 -2.5 3.75 10000000049.078701
60.0 -5.0 0.0 3.75 9999999993.787
60.0 -2.5 0.0 3.75 9999999987.066301
60.0 0.0 0.0 3.75 9999999897.0456
60.0 2.5 0.0 3.75 10000000013.513
60.0 5.0 0.0 3.75 10000000098.0389
60.0 7.5 0.0 3.75 9929189161.4816
60.0 10.0 0.0 3.75 167467352.02589998
60.0 -5.0 2.5 3.75 10000000256.996801
60.0 -2.5 2.5 3.75 10000000003.2812
60.0 0.0 2.5 3.75 10000000020.928202
60.0 2.5 2.5 3.75 10000000102.8502
60.0 5.0 2.5 3.75 9999999954.5198
60.0 7.5 2.5 3.75 10000000007.300201
60.0 10.0 2.5 3.75 10000000029.577301
60.0 -5.0 5.0 3.75 10000000035.003801
60.0 -2.5 5.0 3.75 9999999971.397001
60.0 0.0 5.0 3.75 10000000060.295502
60.0 2.5 5.0 3.75 10000000022.775301
60.0 5.0 5.0 3.75 10000000045.208601
60.0 7.5 5.0 3.75 9999999996.187
60.0 10.0 5.0 3.75 7242587987.194099
60.0 2.5 5.0 10.0 10000000032.0531
60.0 2.5 -10.0 11.25 9999999722.3432
60.0 7.5 -10.0 11.25 2302320978.9403
60.0 5.0 -7.5 11.25 9999999991.5193
60.0 -2.5 2.5 11.25 612273671.828
60.0 0.0 2.5 11.25 10000000212.329
60.0 2.5 2.5 11.25 10000000048.0722
60.0 5.0 2.5 11.25 184165400.9007
60.0 7.5 2.5 11.25 1944815229.7869
60.0 -2.5 5.0 11.25 9999999935.768501
60.0 0.0 5.0 11.25 838264432.0208
60.0 2.5 5.0 11.25 176533714.9529
60.0 5.0 5.0 11.25 9175175661.524399
60.0 0.0 -10.0 12.5 10000000158.977001
60.0 2.5 -10.0 12.5 9999999975.007101
60.0 5.0 -10.0 12.5 9999999961.4473
60.0 7.5 -10.0 12.5 9999999618.728401
60.0 0.0 -5.0 12.5 10000000291.2183
60.0 0.0 2.5 12.5 10000000086.751902
60.0 2.5 2.5 12.5 213985338.0073
60.0 5.0 2.5 12.5 10000000166.804602
60.0 7.5 2.5 12.5 1646113640.9287
60.0 10.0 2.5 12.5 93180837.6245
60.0 0.0 5.0 12.5 45421274.6203
60.0 2.5 5.0 12.5 53679.7482
60.0 5.0 5.0 12.5 1739740.3157
60.0 7.5 5.0 12.5 9999999951.071201
60.0 10.0 5.0 12.5 797064.2972
60.0 0.0 -10.0 13.75 197609502.3756
60.0 2.5 -10.0 13.75 10000000227.6702
60.0 5.0 -10.0 13.75 433617487.0173
60.0 7.5 -10.0 13.75 1910572946.9320002
60.0 10.0 -10.0 13.75 8355514719.166301
60.0 -5.0 -7.5 13.75 9999999955.9592
60.0 2.5 -7.5 13.75 1342153677.0394
60.0 5.0 -7.5 13.75 10000000135.9566
60.0 7.5 -7.5 13.75 9999999992.863201
60.0 10.0 -7.5 13.75 14151.7616
60.0 -2.5 -5.0 13.75 234025656.5866
60.0 0.0 -5.0 13.75 9999999933.297401
60.0 5.0 -5.0 13.75 9999999908.638601
60.0 10.0 -5.0 13.75 505961.53119999997
60.0 -5.0 -2.5 13.75 128334183.5638
60.0 -2.5 -2.5 13.75 10000000136.533401
60.0 0.0 -2.5 13.75 9999999893.8596
60.0 0.0 0.0 13.75 2833053029.5124
60.0 2.5 0.0 13.75 2444260863.9747
60.0 -2.5 2.5 13.75 10000000067.5172
60.0 0.0 2.5 13.75 153865652.3615
60.0 2.5 2.5 13.75 2525440304.1032
60.0 5.0 2.5 13.75 10000000083.946201
60.0 7.5 2.5 13.75 515948285.66660005
60.0 10.0 2.5 13.75 67860.9734
60.0 0.0 5.0 13.75 1272163.4417
60.0 2.5 5.0 13.75 1125.5349999999999
60.0 5.0 5.0 13.75 9999999998.629301
60.0 7.5 5.0 13.75 1646497533.0879
60.0 10.0 5.0 13.75 415661.16599999997
60.0 -5.0 -10.0 15.0 123841.1602
60.0 -2.5 -10.0 15.0 73232779.54959999
60.0 0.0 -10.0 15.0 1506948989.7689002
60.0 2.5 -10.0 15.0 9999999998.475801
60.0 5.0 -10.0 15.0 29155893.9151
60.0 7.5 -10.0 15.0 9875912096.1609
60.0 10.0 -10.0 15.0 9999999965.683
60.0 -5.0 -7.5 15.0 9999999992.307201
60.0 -2.5 -7.5 15.0 2274827552.1783
60.0 0.0 -7.5 15.0 9999999753.333101
60.0 2.5 -7.5 15.0 10000000007.5107
60.0 5.0 -7.5 15.0 5495011076.1328
60.0 7.5 -7.5 15.0 6525947.5095
60.0 10.0 -7.5 15.0 134.0543
60.0 -5.0 -5.0 15.0 9999999881.9911
60.0 -2.5 -5.0 15.0 10000000030.5086
60.0 0.0 -5.0 15.0 9999999990.235802
60.0 2.5 -5.0 15.0 2421149598.8827996
60.0 5.0 -5.0 15.0 9999999930.4064
60.0 7.5 -5.0 15.0 10000000060.006
60.0 10.0 -5.0 15.0 944761.6928999999
60.0 -5.0 -2.5 15.0 419011784.2372
60.0 -2.5 -2.5 15.0 10000000048.773
60.0 0.0 -2.5 15.0 380250284.2626
60.0 2.5 -2.5 15.0 2167703084.2748003
60.0 10.0 -2.5 15.0 1225849.7889
60.0 -2.5 0.0 15.0 10000000071.7091
60.0 0.0 0.0 15.0 10000000081.103
60.0 2.5 0.0 15.0 10000000201.258001
60.0 7.5 0.0 15.0 325955493.7286
60.0 -5.0 2.5 15.0 10000000121.581902
60.0 -2.5 2.5 15.0 19904.1111
60.0 0.0 2.5 15.0 9999999999.430601
60.0 2.5 2.5 15.0 317863911.27940005
60.0 5.0 2.5 15.0 9999999903.338701
60.0 7.5 2.5 15.0 27397797.424399998
60.0 10.0 2.5 15.0 109697.29030000001
60.0 -2.5 5.0 15.0 8008415768.5856
60.0 0.0 5.0 15.0 4978346265.9275
60.0 2.5 5.0 15.0 142.3262
60.0 5.0 5.0 15.0 10000000009.5072
60.0 7.5 5.0 15.0 753219494.2464
60.0 10.0 5.0 15.0 77253.51269999999
60.0 -5.0 -10.0 16.25 102013930.4059
60.0 -2.5 -10.0 16.25 899810388.7182
60.0 0.0 -10.0 16.25 210470067.9515
60.0 2.5 -10.0 16.25 1602204619.527
60.0 5.0 -10.0 16.25 11073466.0353
60.0 7.5 -10.0 16.25 28788233.9353
60.0 10.0 -10.0 16.25 18339214.2261
60.0 -5.0 -7.5 16.25 517365326.99039996
60.0 -2.5 -7.5 16.25 121165133.0535
60.0 0.0 -7.5 16.25 2252683153.4021997
60.0 2.5 -7.5 16.25 368281849.763
60.0 5.0 -7.5 16.25 8535457491.6801
60.0 7.5 -7.5 16.25 5538.3061
60.0 10.0 -7.5 16.25 -12.037099999999999
60.0 -5.0 -5.0 16.25 25776227.3057
60.0 -2.5 -5.0 16.25 31817303.0358
60.0 0.0 -5.0 16.25 10000000009.2416
60.0 2.5 -5.0 16.25 13349226.8987
60.0 5.0 -5.0 16.25 1577652027.0805
60.0 7.5 -5.0 16.25 9999999955.6597
60.0 10.0 -5.0 16.25 388.9434
60.0 -5.0 -2.5 16.25 9999999984.9939
60.0 -2.5 -2.5 16.25 2128111273.5200999
60.0 0.0 -2.5 16.25 10000000004.0109
60.0 2.5 -2.5 16.25 9999999727.8742
60.0 5.0 -2.5 16.25 33543681.6948
60.0 7.5 -2.5 16.25 715513371.2852
60.0 10.0 -2.5 16.25 486.6258
60.0 -5.0 0.0 16.25 155516281.837
60.0 -2.5 0.0 16.25 150101793.4836
60.0 0.0 0.0 16.25 10000000060.719702
60.0 2.5 0.0 16.25 2249575470.5579
60.0 5.0 0.0 16.25 27681617.174700003
60.0 7.5 0.0 16.25 460264.9163
60.0 10.0 0.0 16.25 2383.7255
60.0 -5.0 2.5 16.25 4318209.0131
60.0 -2.5 2.5 16.25 218.4674
60.0 0.0 2.5 16.25 9746822892.526499
60.0 2.5 2.5 16.25 14882291.7412
60.0 5.0 2.5 16.25 252184344.6497
60.0 7.5 2.5 16.25 20546281.6494
60.0 10.0 2.5 16.25 650410390.0455
60.0 -5.0 5.0 16.25 467.4187
60.0 -2.5 5.0 16.25 65.7217
60.0 0.0 5.0 16.25 115.29320000000001
60.0 2.5 5.0 16.25 25.328
60.0 5.0 5.0 16.25 142961.48479999998
60.0 7.5 5.0 16.25 271026.8812
60.0 10.0 5.0 16.25 30747175.1108
120.0 -5.0 -10.0 3.75 9999999969.7467
120.0 -2.5 -10.0 3.75 10000000266.3553
120.0 0.0 -10.0 3.75 9999999929.638802
120.0 2.5 -10.0 3.75 9999999959.1229
120.0 5.0 -10.0 3.75 9999999910.2362
120.0 7.5 -10.0 3.75 3176465629.8134
120.0 10.0 -10.0 3.75 10000000489.630701
120.0 -5.0 -7.5 3.75 7613616458.534201
120.0 -2.5 -7.5 3.75 10000000198.7628
120.0 0.0 -7.5 3.75 10000000021.208101
120.0 2.5 -7.5 3.75 9999999858.307402
120.0 5.0 -7.5 3.75 9999999902.324501
120.0 7.5 -7.5 3.75 10000000340.1058
120.0 10.0 -7.5 3.75 9999999741.4775
120.0 -5.0 -5.0 3.75 9999999680.2056
120.0 -2.5 -5.0 3.75 9999999843.9382
120.0 0.0 -5.0 3.75 10000000184.3036
120.0 2.5 -5.0 3.75 10000000024.582
120.0 5.0 -5.0 3.75 10000000057.516602
120.0 7.5 -5.0 3.75 10000000096.3827
120.0 10.0 -5.0 3.75 874548558.2933
120.0 -5.0 -2.5 3.75 10000000091.8673
120.0 -2.5 -2.5 3.75 10000000145.685501
120.0 0.0 -2.5 3.75 10000000004.8656
120.0 2.5 -2.5 3.75 10000000060.1944
120.0 5.0 -2.5 3.75 9999999638.5503
120.0 7.5 -2.5 3.75 9999999968.715601
120.0 10.0 -2.5 3.75 10000000034.1805
120.0 -5.0 0.0 3.75 9999999706.9705
120.0 -2.5 0.0 3.75 9999999968.7588
120.0 0.0 0.0 3.75 9999999944.115301
120.0 2.5 0.0 3.75 9999999619.628801
120.0 5.0 0.0 3.75 9999999652.738201
120.0 7.5 0.0 3.75 9999999812.721
120.0 10.0 0.0 3.75 9999999924.9232
120.0 -5.0 2.5 3.75 10000000203.586
120.0 -2.5 2.5 3.75 9999999752.7138
120.0 0.0 2.5 3.75 9999999916.720201
120.0 2.5 2.5 3.75 10000000285.0948
120.0 5.0 2.5 3.75 9999999916.0049
120.0 7.5 2.5 3.75 9999999856.164902
120.0 10.0 2.5 3.75 4759224878.422299
120.0 -5.0 5.0 3.75 10000000035.0601
120.0 -2.5 5.0 3.75 9999999986.999102
120.0 0.0 5.0 3.75 10000000075.153502
120.0 2.5 5.0 3.75 9999999830.9132
120.0 5.0 5.0 3.75 9999999997.906801
120.0 7.5 5.0 3.75 10000000093.493
120.0 10.0 5.0 3.75 9999999947.2479
120.0 2.5 2.5 7.5 10000000084.989801
120.0 2.5 5.0 7.5 9999999944.3908
120.0 2.5 -2.5 8.75 9999999792.1534
120.0 0.0 2.5 8.75 9999999832.3843
120.0 2.5 2.5 8.75 9999999882.3696
120.0 2.5 5.0 8.75 2213856915.5074
120.0 2.5 -2.5 10.0 9999999970.792702
120.0 0.0 0.0 10.0 10000000058.131
120.0 2.5 0.0 10.0 9999999759.111101
120.0 5.0 0.0 10.0 9999999862.4881
120.0 0.0 2.5 10.0 10000000027.891602
120.0 2.5 2.5 10.0 9999999683.7472
120.0 5.0 2.5 10.0 10000000036.6471
120.0 0.0 5.0 10.0 10000000120.0119
120.0 2.5 5.0 10.0 734443538.0588001
120.0 2.5 -5.0 11.25 10000000180.611801
120.0 5.0 -5.0 11.25 9999999970.3185
120.0 2.5 -2.5 11.25 9999999743.477201
120.0 5.0 -2.5 11.25 9999999878.9258
120.0 7.5 -2.5 11.25 9999999915.105501
120.0 0.0 0.0 11.25 9999999979.0648
120.0 2.5 0.0 11.25 9999999820.926802
120.0 5.0 0.0 11.25 9999999988.4414
120.0 7.5 0.0 11.25 10000000044.0107
120.0 0.0 2.5 11.25 9999999836.6671
120.0 2.5 2.5 11.25 10000000025.0256
120.0 5.0 2.5 11.25 4677160344.2717
120.0 0.0 5.0 11.25 10000000030.0573
120.0 2.5 5.0 11.25 10000000020.4414
120.0 2.5 -10.0 12.5 10000000039.4974
120.0 2.5 -5.0 12.5 9999999902.799501
120.0 5.0 -5.0 12.5 9999999976.211401
120.0 -2.5 -2.5 12.5 4754017840.5705
120.0 0.0 -2.5 12.5 10000000486.4241
120.0 2.5 -2.5 12.5 9999999990.968801
120.0 5.0 -2.5 12.5 6689175897.564899
120.0 7.5 -2.5 12.5 9999999934.308601
120.0 0.0 0.0 12.5 9999999968.8971
120.0 2.5 0.0 12.5 4034633161.6173
120.0 5.0 0.0 12.5 1297893947.0028
120.0 7.5 0.0 12.5 1440190607.885
120.0 0.0 2.5 12.5 9999999878.8435
120.0 2.5 2.5 12.5 9999999980.170301
120.0 5.0 2.5 12.5 1468692399.5171
120.0 7.5 2.5 12.5 9999999919.595001
120.0 0.0 5.0 12.5 9999999878.799301
120.0 2.5 5.0 12.5 9999999926.687601
120.0 5.0 5.0 12.5 8410512276.496699
120.0 -2.5 -10.0 13.75 767092178.8486999
120.0 0.0 -10.0 13.75 860580136.2731
120.0 5.0 -10.0 13.75 8461956.0988
120.0 10.0 -10.0 13.75 64626.1959
120.0 2.5 -7.5 13.75 10000000020.140501
120.0 5.0 -7.5 13.75 1797879071.0225
120.0 7.5 -7.5 13.75 9999999854.9358
120.0 -2.5 -5.0 13.75 552514414.8529
120.0 0.0 -5.0 13.75 6749941543.5639
120.0 2.5 -5.0 13.75 172435731.94320002
120.0 5.0 -5.0 13.75 9999999956.4344
120.0 -5.0 -2.5 13.75 1533493.9442999999
120.0 -2.5 -2.5 13.75 4743273438.7698
120.0 0.0 -2.5 13.75 646581549.4104999
120.0 2.5 -2.5 13.75 3402576755.5737
120.0 5.0 -2.5 13.75 9999999908.064001
120.0 7.5 -2.5 13.75 9999999874.249102
120.0 10.0 -2.5 13.75 372662774.4201
120.0 -5.0 0.0 13.75 3689154.9926
120.0 0.0 0.0 13.75 9999999638.063501
120.0 2.5 0.0 13.75 3002998342.8036003
120.0 5.0 0.0 13.75 5493687392.559
120.0 7.5 0.0 13.75 9999999983.5527
120.0 0.0 2.5 13.75 10000000037.7485
120.0 2.5 2.5 13.75 2049313378.1559
120.0 5.0 2.5 13.75 10000000154.6982
120.0 7.5 2.5 13.75 9999999965.7849
120.0 0.0 5.0 13.75 705460109.0414
120.0 2.5 5.0 13.75 10000000093.186201
120.0 5.0 5.0 13.75 1976544472.3488
120.0 7.5 5.0 13.75 2191933045.7345996
120.0 -5.0 -10.0 15.0 22174425.5494
120.0 -2.5 -10.0 15.0 12384028.9483
120.0 0.0 -10.0 15.0 355534637.2164
120.0 2.5 -10.0 15.0 928854486.6954
120.0 5.0 -10.0 15.0 3579043.8899
120.0 10.0 -10.0 15.0 1989373.7268
120.0 -5.0 -7.5 15.0 1134402839.3262
120.0 -2.5 -7.5 15.0 10000000082.760302
120.0 0.0 -7.5 15.0 10000000056.787
120.0 2.5 -7.5 15.0 9999999965.249802
120.0 5.0 -7.5 15.0 10000000046.482302
120.0 7.5 -7.5 15.0 152577595.2958
120.0 -5.0 -5.0 15.0 103908.0481
120.0 -2.5 -5.0 15.0 323476268.85200006
120.0 0.0 -5.0 15.0 10000000002.160002
120.0 2.5 -5.0 15.0 3023649.2935
120.0 5.0 -5.0 15.0 10000000004.812
120.0 7.5 -5.0 15.0 9999999789.721401
120.0 10.0 -5.0 15.0 9999999969.988602
120.0 -5.0 -2.5 15.0 102.3356
120.0 -2.5 -2.5 15.0 142768728.3261
120.0 0.0 -2.5 15.0 9999999930.1282
120.0 2.5 -2.5 15.0 9999999820.463202
120.0 5.0 -2.5 15.0 9999999953.443201
120.0 7.5 -2.5 15.0 6874642085.916401
120.0 10.0 -2.5 15.0 10000000017.0508
120.0 -5.0 0.0 15.0 5465.3741
120.0 -2.5 0.0 15.0 547110556.8305
120.0 0.0 0.0 15.0 9999999997.267
120.0 2.5 0.0 15.0 10000000036.208101
120.0 5.0 0.0 15.0 8980176242.3692
120.0 7.5 0.0 15.0 8667592201.6264
120.0 10.0 0.0 15.0 303740720.347
120.0 0.0 2.5 15.0 384601523.5376
120.0 2.5 2.5 15.0 9999999714.0962
120.0 5.0 2.5 15.0 2091120332.283
120.0 7.5 2.5 15.0 9999999988.007502
120.0 10.0 2.5 15.0 2367674522.7346
120.0 0.0 5.0 15.0 39199331.1193
120.0 2.5 5.0 15.0 9999999989.311901
120.0 5.0 5.0 15.0 9999999982.616901
120.0 7.5 5.0 15.0 7510924.0801
120.0 10.0 5.0 15.0 563522483.911
120.0 -5.0 -10.0 16.25 3348545590.5389
120.0 -2.5 -10.0 16.25 9999999620.7166
120.0 0.0 -10.0 16.25 3268.853
120.0 2.5 -10.0 16.25 33973423.4861
120.0 5.0 -10.0 16.25 30558.0899
120.0 7.5 -10.0 16.25 302.4635
120.0 10.0 -10.0 16.25 1371.4396
120.0 -5.0 -7.5 16.25 10000000053.678701
120.0 -2.5 -7.5 16.25 836237891.5021
120.0 0.0 -7.5 16.25 171756021.38300002
120.0 2.5 -7.5 16.25 6629469.8459
120.0 5.0 -7.5 16.25 33608276.4539
120.0 7.5 -7.5 16.25 5506977.3556
120.0 10.0 -7.5 16.25 9999999976.1249
120.0 -5.0 -5.0 16.25 21322.1266
120.0 -2.5 -5.0 16.25 146492081.2755
120.0 0.0 -5.0 16.25 1014121474.8299
120.0 2.5 -5.0 16.25 129850423.62290001
120.0 5.0 -5.0 16.25 9999999942.8815
120.0 7.5 -5.0 16.25 10000000138.9374
120.0 10.0 -5.0 16.25 9999999921.3708
120.0 -5.0 -2.5 16.25 41.1095
120.0 -2.5 -2.5 16.25 1875509076.6460001
120.0 0.0 -2.5 16.25 10000000030.367
120.0 2.5 -2.5 16.25 2001606388.8922
120.0 5.0 -2.5 16.25 10000000558.5993
120.0 7.5 -2.5 16.25 4518162951.3907
120.0 10.0 -2.5 16.25 1991049.6072
120.0 -5.0 0.0 16.25 20670.0463
120.0 -2.5 0.0 16.25 2579791909.6924
120.0 0.0 0.0 16.25 1106986061.589
120.0 2.5 0.0 16.25 332343183.63490003
120.0 5.0 0.0 16.25 2986823149.0494
120.0 7.5 0.0 16.25 13290660.9119
120.0 10.0 0.0 16.25 6357666.6444999995
120.0 -5.0 2.5 16.25 411.9239
120.0 -2.5 2.5 16.25 128509600.8789
120.0 0.0 2.5 16.25 9999999975.305302
120.0 2.5 2.5 16.25 10000000367.1658
120.0 5.0 2.5 16.25 18054567.4044
120.0 7.5 2.5 16.25 4497169894.3016
120.0 10.0 2.5 16.25 520525534.8503
120.0 -2.5 5.0 16.25 38496.627100000005
120.0 0.0 5.0 16.25 9999999967.226501
120.0 2.5 5.0 16.25 9031901.464599999
120.0 5.0 5.0 16.25 1740197.1627999998
120.0 7.5 5.0 16.25 9999999825.127201
120.0 10.0 5.0 16.25 24602704.2417
180.0 -5.0 -10.0 3.75 10000000095.514301
180.0 -2.5 -10.0 3.75 9999999707.620901
180.0 0.0 -10.0 3.75 9999999881.6088
180.0 2.5 -10.0 3.75 9999999304.1777
180.0 5.0 -10.0 3.75 9999999841.5394
180.0 7.5 -10.0 3.75 9999999704.4361
180.0 10.0 -10.0 3.75 9999999873.3899
180.0 -5.0 -7.5 3.75 9999999518.2192
180.0 -2.5 -7.5 3.75 10000000026.984001
180.0 0.0 -7.5 3.75 9999999976.3194
180.0 2.5 -7.5 3.75 10000000377.847502
180.0 5.0 -7.5 3.75 10000000072.492601
180.0 7.5 -7.5 3.75 9999999592.580101
180.0 10.0 -7.5 3.75 9999999585.907001
180.0 -5.0 -5.0 3.75 10000000239.280201
180.0 -2.5 -5.0 3.75 9999999674.8239
180.0 0.0 -5.0 3.75 10000000118.503601
180.0 2.5 -5.0 3.75 9999999672.5547
180.0 5.0 -5.0 3.75 9999999502.189402
180.0 7.5 -5.0 3.75 9999999737.4703
180.0 10.0 -5.0 3.75 9999999946.707
180.0 -5.0 -2.5 3.75 10000000245.0969
180.0 -2.5 -2.5 3.75 10000000106.9311
180.0 0.0 -2.5 3.75 10000000159.367802
180.0 2.5 -2.5 3.75 10000000226.1937
180.0 5.0 -2.5 3.75 9999999909.414202
180.0 7.5 -2.5 3.75 10000000054.536402
180.0 10.0 -2.5 3.75 10000000126.569
180.0 -5.0 0.0 3.75 9999999956.9391
180.0 -2.5 0.0 3.75 9999999643.0948
180.0 0.0 0.0 3.75 10000000000.400301
180.0 2.5 0.0 3.75 10000000050.4293
180.0 5.0 0.0 3.75 10000000066.593801
180.0 7.5 0.0 3.75 10000000223.876001
180.0 10.0 0.0 3.75 10000000120.5256
180.0 -5.0 2.5 3.75 9999999813.468
180.0 -2.5 2.5 3.75 10000000186.687101
180.0 0.0 2.5 3.75 10000000137.732302
180.0 2.5 2.5 3.75 10000000367.369501
180.0 5.0 2.5 3.75 10000000061.552301
180.0 7.5 2.5 3.75 10000000130.216702
180.0 10.0 2.5 3.75 9999999949.6476
180.0 -5.0 5.0 3.75 9999999867.610102
180.0 -2.5 5.0 3.75 10000000127.9936
180.0 0.0 5.0 3.75 9999999973.157902
180.0 2.5 5.0 3.75 6529009633.2481
180.0 5.0 5.0 3.75 9999999993.942501
180.0 7.5 5.0 3.75 10000000080.403101
180.0 10.0 5.0 3.75 10000000055.250101
180.0 5.0 -2.5 8.75 10000000121.1643
180.0 5.0 -2.5 10.0 10000000012.261702
180.0 2.5 2.5 10.0 3766012920.2279
180.0 5.0 -10.0 11.25 2204283348.8884997
180.0 7.5 -10.0 11.25 179519658.373
180.0 -2.5 -7.5 11.25 535359666.4853
180.0 5.0 -7.5 11.25 10000000048.3988
180.0 2.5 -5.0 11.25 499570578.7432
180.0 5.0 -5.0 11.25 10000000136.658201
180.0 7.5 -5.0 11.25 3021303901.4713
180.0 10.0 -5.0 11.25 9999999980.633902
180.0 5.0 -2.5 11.25 9999999999.446701
180.0 0.0 0.0 11.25 9999999867.846802
180.0 -2.5 2.5 11.25 9999999798.1867
180.0 2.5 2.5 11.25 9999999973.7287
180.0 -5.0 5.0 11.25 9999999958.9689
180.0 5.0 5.0 11.25 5278376759.6676
180.0 0.0 -10.0 12.5 66620.3688
180.0 2.5 -10.0 12.5 9999999929.482
180.0 5.0 -10.0 12.5 101563331.03299999
180.0 7.5 -10.0 12.5 115262970.9375
180.0 10.0 -10.0 12.5 1999505362.16
180.0 -2.5 -7.5 12.5 3307204147.3451
180.0 0.0 -7.5 12.5 1218268382.4143999
180.0 2.5 -7.5 12.5 4543616569.6653
180.0 5.0 -7.5 12.5 10000000021.790602
180.0 7.5 -7.5 12.5 1135752010.0705
180.0 10.0 -7.5 12.5 61546617.9532
180.0 2.5 -5.0 12.5 10000000077.619202
180.0 5.0 -5.0 12.5 10000000205.1536
180.0 7.5 -5.0 12.5 10000000167.3941
180.0 10.0 -5.0 12.5 4786256.5915
180.0 2.5 -2.5 12.5 9999999821.325
180.0 5.0 -2.5 12.5 233612343.4488
180.0 0.0 0.0 12.5 9999999776.2371
180.0 2.5 0.0 12.5 6865624312.841
180.0 5.0 0.0 12.5 796682341.8155999
180.0 -2.5 2.5 12.5 10000000085.364801
180.0 0.0 2.5 12.5 10000000243.537
180.0 2.5 2.5 12.5 9999999985.261002
180.0 -5.0 5.0 12.5 9999999909.9885
180.0 2.5 5.0 12.5 9999999693.6126
180.0 5.0 5.0 12.5 9999999957.9862
180.0 -5.0 -10.0 13.75 140.1284
180.0 -2.5 -10.0 13.75 165.8107
180.0 0.0 -10.0 13.75 34761.4021
180.0 2.5 -10.0 13.75 7181578217.9499
180.0 5.0 -10.0 13.75 3981258758.2265
180.0 7.5 -10.0 13.75 30336378.380799998
180.0 10.0 -10.0 13.75 118220.65890000001
180.0 -2.5 -7.5 13.75 404682.821
180.0 0.0 -7.5 13.75 80576009.1848
180.0 2.5 -7.5 13.75 10000000037.9894
180.0 5.0 -7.5 13.75 9999999961.631802
180.0 7.5 -7.5 13.75 2688900353.8315997
180.0 10.0 -7.5 13.75 6691399.8989
180.0 -2.5 -5.0 13.75 950694.5401
180.0 0.0 -5.0 13.75 10000000074.738901
180.0 2.5 -5.0 13.75 9999999923.6867
180.0 5.0 -5.0 13.75 10000000124.8582
180.0 7.5 -5.0 13.75 10000000028.158401
180.0 10.0 -5.0 13.75 135918256.19509998
180.0 2.5 -2.5 13.75 5155109953.7697
180.0 5.0 -2.5 13.75 3600184446.5192
180.0 7.5 -2.5 13.75 10000000054.9058
180.0 -2.5 0.0 13.75 3655874191.1878
180.0 0.0 0.0 13.75 10000000059.476702
180.0 2.5 0.0 13.75 10000000087.6338
180.0 5.0 0.0 13.75 3800848316.6132
180.0 -5.0 2.5 13.75 836834419.2744001
180.0 -2.5 2.5 13.75 8951371828.608398
180.0 0.0 2.5 13.75 4829355380.594999
180.0 2.5 2.5 13.75 583233183.2857
180.0 -5.0 5.0 13.75 10000000026.5697
180.0 -2.5 5.0 13.75 3001498543.4941998
180.0 0.0 5.0 13.75 10000000005.635601
180.0 2.5 5.0 13.75 10000000028.8771
180.0 5.0 5.0 13.75 952055055.5254
180.0 -5.0 -10.0 15.0 29.196600000000004
180.0 -2.5 -10.0 15.0 22.8446
180.0 0.0 -10.0 15.0 4777.1961
180.0 2.5 -10.0 15.0 10000000114.370401
180.0 5.0 -10.0 15.0 46473962.6171
180.0 7.5 -10.0 15.0 626739060.9228
180.0 10.0 -10.0 15.0 17588.938299999998
180.0 -5.0 -7.5 15.0 38.0065
180.0 -2.5 -7.5 15.0 68.4404
180.0 0.0 -7.5 15.0 5902.0633
180.0 2.5 -7.5 15.0 44247518.075100005
180.0 5.0 -7.5 15.0 10000000013.1186
180.0 7.5 -7.5 15.0 291854709.9823
180.0 10.0 -7.5 15.0 3181438946.5912
180.0 -2.5 -5.0 15.0 184982.77969999998
180.0 0.0 -5.0 15.0 10000000024.281801
180.0 2.5 -5.0 15.0 9999999954.4965
180.0 5.0 -5.0 15.0 303827971.9782
180.0 7.5 -5.0 15.0 3145214940.7076
180.0 10.0 -5.0 15.0 264886.44
180.0 -2.5 -2.5 15.0 10000000103.784
180.0 0.0 -2.5 15.0 200679790.6557
180.0 2.5 -2.5 15.0 10000000089.765701
180.0 5.0 -2.5 15.0 10000000028.727701
180.0 7.5 -2.5 15.0 82222208.9252
180.0 10.0 -2.5 15.0 4407658978.2759
180.0 -2.5 0.0 15.0 10000000097.301401
180.0 0.0 0.0 15.0 10000000093.767801
180.0 2.5 0.0 15.0 9999999969.4662
180.0 5.0 0.0 15.0 1101935221.1447
180.0 7.5 0.0 15.0 10000000080.199902
180.0 10.0 0.0 15.0 9999999962.2287
180.0 -5.0 2.5 15.0 10000000012.9484
180.0 -2.5 2.5 15.0 142654877.85500002
180.0 0.0 2.5 15.0 9999999859.005201
180.0 2.5 2.5 15.0 1599187751.2155998
180.0 5.0 2.5 15.0 9999999943.858501
180.0 7.5 2.5 15.0 5950305634.8073
180.0 10.0 2.5 15.0 5728.1932
180.0 -5.0 5.0 15.0 2744913863.4382
180.0 -2.5 5.0 15.0 9999999981.0991
180.0 0.0 5.0 15.0 10000000081.0795
180.0 2.5 5.0 15.0 577086030.7899001
180.0 5.0 5.0 15.0 37146053.3956
180.0 7.5 5.0 15.0 1387145.4873
180.0 10.0 5.0 15.0 61.5214
180.0 -5.0 -10.0 16.25 24.4664
180.0 -2.5 -10.0 16.25 20.958
180.0 0.0 -10.0 16.25 213503.2647
180.0 2.5 -10.0 16.25 141792108.195
180.0 5.0 -10.0 16.25 10000000267.9356
180.0 7.5 -10.0 16.25 5218167.4994
180.0 10.0 -10.0 16.25 740.3179
180.0 -5.0 -7.5 16.25 32.3492
180.0 -2.5 -7.5 16.25 37.330000000000005
180.0 0.0 -7.5 16.25 20233.987599999997
180.0 2.5 -7.5 16.25 10000000041.7959
180.0 5.0 -7.5 16.25 1040917432.6662
180.0 7.5 -7.5 16.25 10000000021.6942
180.0 10.0 -7.5 16.25 680.3335
180.0 -5.0 -5.0 16.25 1135.0703
180.0 -2.5 -5.0 16.25 57326.4835
180.0 0.0 -5.0 16.25 85873467.1412
180.0 2.5 -5.0 16.25 18076216.880299997
180.0 5.0 -5.0 16.25 93838854.24180001
180.0 7.5 -5.0 16.25 43495654.412999995
180.0 10.0 -5.0 16.25 2642.1804
180.0 -5.0 -2.5 16.25 10000000036.5986
180.0 -2.5 -2.5 16.25 10136898.275500001
180.0 0.0 -2.5 16.25 9999999991.196001
180.0 2.5 -2.5 16.25 6529537737.7161
180.0 5.0 -2.5 16.25 10000000085.5571
180.0 7.5 -2.5 16.25 303206883.014
180.0 10.0 -2.5 16.25 54061.572
180.0 -2.5 0.0 16.25 198895687.1533
180.0 0.0 0.0 16.25 704326530.7603999
180.0 2.5 0.0 16.25 22757053.0137
180.0 5.0 0.0 16.25 185908952.8851
180.0 7.5 0.0 16.25 9999999971.9764
180.0 10.0 0.0 16.25 125776.6399
180.0 -5.0 2.5 16.25 301760369.1793
180.0 -2.5 2.5 16.25 3679033406.47
180.0 0.0 2.5 16.25 9999999973.7593
180.0 2.5 2.5 16.25 9999999997.1576
180.0 5.0 2.5 16.25 58393763.8991
180.0 7.5 2.5 16.25 31935.3746
180.0 10.0 2.5 16.25 330.5163
180.0 -5.0 5.0 16.25 10000000005.9827
180.0 -2.5 5.0 16.25 187171345.0442
180.0 0.0 5.0 16.25 9999999700.8896
180.0 2.5 5.0 16.25 3273445881.6168003
180.0 5.0 5.0 16.25 144993169.6913
180.0 7.5 5.0 16.25 29334.6368
180.0 10.0 5.0 16.25 38.5311
240.0 -5.0 -10.0 3.75 2485486319.608
240.0 -2.5 -10.0 3.75 9999999821.9839
240.0 0.0 -10.0 3.75 10000000161.335001
240.0 2.5 -10.0 3.75 10000000108.124802
240.0 5.0 -10.0 3.75 9999999704.8202
240.0 7.5 -10.0 3.75 9999999797.463501
240.0 10.0 -10.0 3.75 9999999929.123001
240.0 -5.0 -7.5 3.75 4059903738.5304
240.0 -2.5 -7.5 3.75 9999999850.7682
240.0 0.0 -7.5 3.75 10000000145.1644
240.0 2.5 -7.5 3.75 9999999933.187
240.0 5.0 -7.5 3.75 10000000157.5933
240.0 7.5 -7.5 3.75 9999999875.258701
240.0 10.0 -7.5 3.75 10000000012.8497
240.0 -5.0 -5.0 3.75 9999999756.5667
240.0 -2.5 -5.0 3.75 9999999889.1907
240.0 0.0 -5.0 3.75 10000000165.205801
240.0 2.5 -5.0 3.75 9999999776.382101
240.0 5.0 -5.0 3.75 10000000131.1809
240.0 7.5 -5.0 3.75 10000000130.9354
240.0 10.0 -5.0 3.75 994490128.1423
240.0 -5.0 -2.5 3.75 9999999753.089602
240.0 -2.5 -2.5 3.75 9999999828.566502
240.0 0.0 -2.5 3.75 10000000154.8094
240.0 2.5 -2.5 3.75 9999999901.979101
240.0 5.0 -2.5 3.75 9999999897.5513
240.0 7.5 -2.5 3.75 9999999819.6387
240.0 10.0 -2.5 3.75 4856852083.328
240.0 -5.0 0.0 3.75 10000000292.1467
240.0 -2.5 0.0 3.75 9999999902.038502
240.0 0.0 0.0 3.75 10000000087.6548
240.0 2.5 0.0 3.75 9999999778.3208
240.0 5.0 0.0 3.75 9999999937.5953
240.0 7.5 0.0 3.75 9999999968.367802
240.0 10.0 0.0 3.75 9999999654.6061
240.0 -5.0 2.5 3.75 9999999907.7695
240.0 -2.5 2.5 3.75 10000000138.1102
240.0 0.0 2.5 3.75 10000000191.1431
240.0 2.5 2.5 3.75 9999999463.187302
240.0 5.0 2.5 3.75 9999999932.941
240.0 7.5 2.5 3.75 9999999848.873701
240.0 10.0 2.5 3.75 9999999891.641201
240.0 -5.0 5.0 3.75 10000000236.434301
240.0 -2.5 5.0 3.75 10000000087.513401
240.0 0.0 5.0 3.75 9999999900.462801
240.0 2.5 5.0 3.75 10000000217.0837
240.0 5.0 5.0 3.75 10000000012.6748
240.0 7.5 5.0 3.75 9999999820.161901
240.0 10.0 5.0 3.75 9999999905.1508
240.0 -2.5 -10.0 11.25 2810150.8624
240.0 5.0 -10.0 11.25 223231759.7567
240.0 10.0 -10.0 11.25 313.0711
240.0 5.0 -7.5 11.25 10000000031.195002
240.0 -2.5 -2.5 11.25 10000000251.5545
240.0 -5.0 0.0 11.25 10000000163.43
240.0 -2.5 0.0 11.25 10000000138.2808
240.0 0.0 0.0 11.25 10000000111.9227
240.0 -5.0 2.5 11.25 10000000027.880201
240.0 0.0 2.5 11.25 10000000274.2084
240.0 0.0 5.0 11.25 10000000109.7565
240.0 -5.0 -10.0 12.5 3726.4049999999997
240.0 -2.5 -10.0 12.5 13645.0309
240.0 0.0 -10.0 12.5 88650.5067
240.0 5.0 -10.0 12.5 7475515653.6705
240.0 7.5 -10.0 12.5 -14.6259
240.0 10.0 -10.0 12.5 -14.4878
240.0 5.0 -7.5 12.5 10000000022.724901
240.0 7.5 -7.5 12.5 6472.6004
240.0 10.0 -7.5 12.5 20103.6017
240.0 2.5 -5.0 12.5 10000000034.8878
240.0 -5.0 -2.5 12.5 10000000036.333801
240.0 -2.5 -2.5 12.5 10000000189.752
240.0 0.0 -2.5 12.5 10000000053.629501
240.0 -5.0 0.0 12.5 10000000025.7971
240.0 -2.5 0.0 12.5 2842506483.1347
240.0 0.0 0.0 12.5 386886204.3287
240.0 2.5 0.0 12.5 114993530.4731
240.0 -5.0 2.5 12.5 10000000063.7299
240.0 0.0 2.5 12.5 10000000207.3939
240.0 0.0 5.0 12.5 10000000084.0
240.0 -2.5 -10.0 13.75 305.4808
240.0 0.0 -10.0 13.75 181.9213
240.0 2.5 -10.0 13.75 123.1246
240.0 5.0 -10.0 13.75 43.5539
240.0 7.5 -10.0 13.75 -9.1617
240.0 10.0 -10.0 13.75 -16.7619
240.0 -5.0 -7.5 13.75 21244309.063
240.0 2.5 -7.5 13.75 217.3208
240.0 5.0 -7.5 13.75 116.75110000000001
240.0 7.5 -7.5 13.75 99.4512
240.0 10.0 -7.5 13.75 88.7963
240.0 -5.0 -5.0 13.75 52067737.3359
240.0 -2.5 -5.0 13.75 478350649.0347
240.0 2.5 -5.0 13.75 202921.9271
240.0 10.0 -5.0 13.75 10000000011.4234
240.0 -5.0 -2.5 13.75 138408096.8768
240.0 -2.5 -2.5 13.75 10000000242.2362
240.0 0.0 -2.5 13.75 10000000027.2169
240.0 2.5 -2.5 13.75 710088744.0446
240.0 -5.0 0.0 13.75 10000000059.5088
240.0 -2.5 0.0 13.75 9999999997.416
240.0 0.0 0.0 13.75 10000000152.8777
240.0 2.5 0.0 13.75 6855035696.4381
240.0 -5.0 2.5 13.75 10000000053.114302
240.0 0.0 2.5 13.75 10000000104.6117
240.0 2.5 2.5 13.75 246938715.1201
240.0 -5.0 5.0 13.75 156233919.3446
240.0 0.0 5.0 13.75 4464394177.946
240.0 2.5 5.0 13.75 86615919.1274
240.0 -5.0 -10.0 15.0 38.3554
240.0 -2.5 -10.0 15.0 48.2358
240.0 0.0 -10.0 15.0 111.8626
240.0 2.5 -10.0 15.0 13.2484
240.0 5.0 -10.0 15.0 9.4267
240.0 7.5 -10.0 15.0 -1.3348
240.0 10.0 -10.0 15.0 -9.9765
240.0 -5.0 -7.5 15.0 365919859.6639
240.0 -2.5 -7.5 15.0 585470114.3051
240.0 0.0 -7.5 15.0 1732260578.0314
240.0 2.5 -7.5 15.0 132.0122
240.0 5.0 -7.5 15.0 9.607700000000001
240.0 7.5 -7.5 15.0 2.4391000000000003
240.0 10.0 -7.5 15.0 34.4776
240.0 -5.0 -5.0 15.0 10000000049.1581
240.0 -2.5 -5.0 15.0 93639336.10869999
240.0 0.0 -5.0 15.0 1829982195.3026001
240.0 2.5 -5.0 15.0 205436.3579
240.0 5.0 -5.0 15.0 3503328.1736999997
240.0 7.5 -5.0 15.0 227858.03540000002
240.0 10.0 -5.0 15.0 2792995956.2046
240.0 -5.0 -2.5 15.0 1631946856.6054
240.0 -2.5 -2.5 15.0 1064072928.4433
240.0 0.0 -2.5 15.0 10000000122.196201
240.0 2.5 -2.5 15.0 933838456.6374
240.0 5.0 -2.5 15.0 87500110.93969999
240.0 7.5 -2.5 15.0 263553512.6758
240.0 10.0 -2.5 15.0 986871823.3789
240.0 -5.0 0.0 15.0 9932704490.2116
240.0 -2.5 0.0 15.0 607373583.0328
240.0 0.0 0.0 15.0 10000000176.352701
240.0 2.5 0.0 15.0 3245841.3391
240.0 5.0 0.0 15.0 510106500.0082
240.0 10.0 0.0 15.0 1770910.3011999999
240.0 -5.0 2.5 15.0 9999999937.358501
240.0 -2.5 2.5 15.0 9999999974.402102
240.0 0.0 2.5 15.0 10000000000.9675
240.0 2.5 2.5 15.0 1081740545.4241
240.0 5.0 2.5 15.0 893980990.0748
240.0 10.0 2.5 15.0 732057371.3678
240.0 -5.0 5.0 15.0 5226847439.9786005
240.0 0.0 5.0 15.0 10000000055.5531
240.0 2.5 5.0 15.0 21086392.2783
240.0 5.0 5.0 15.0 9999999730.5489
240.0 -5.0 -10.0 16.25 13.0939
240.0 -2.5 -10.0 16.25 16.7521
240.0 0.0 -10.0 16.25 15.747200000000001
240.0 2.5 -10.0 16.25 14.206600000000002
240.0 5.0 -10.0 16.25 11.1649
240.0 7.5 -10.0 16.25 1.2686
240.0 10.0 -10.0 16.25 -6.5091
240.0 -5.0 -7.5 16.25 514985066.91040003
240.0 -2.5 -7.5 16.25 4106892.3372
240.0 0.0 -7.5 16.25 3013208.8327
240.0 2.5 -7.5 16.25 27.6612
240.0 5.0 -7.5 16.25 15.871399999999998
240.0 7.5 -7.5 16.25 3.8095
240.0 10.0 -7.5 16.25 23.9883
240.0 -5.0 -5.0 16.25 10000000070.9419
240.0 -2.5 -5.0 16.25 195914543.70949998
240.0 0.0 -5.0 16.25 104971439.3313
240.0 2.5 -5.0 16.25 5971857.4588
240.0 5.0 -5.0 16.25 757757.4582999999
240.0 7.5 -5.0 16.25 5778.7892999999995
240.0 10.0 -5.0 16.25 10000000075.0939
240.0 -5.0 -2.5 16.25 6878176457.3213
240.0 -2.5 -2.5 16.25 735215839.1955
240.0 0.0 -2.5 16.25 10000000104.7926
240.0 2.5 -2.5 16.25 1132018.9603
240.0 5.0 -2.5 16.25 9999999684.6452
240.0 7.5 -2.5 16.25 105387647.9904
240.0 10.0 -2.5 16.25 13365372.841200002
240.0 -5.0 0.0 16.25 9999999998.779501
240.0 -2.5 0.0 16.25 10000000033.346102
240.0 0.0 0.0 16.25 626050116.5182
240.0 2.5 0.0 16.25 10000000094.415401
240.0 5.0 0.0 16.25 5646148358.7746
240.0 7.5 0.0 16.25 556179111.2653
240.0 10.0 0.0 16.25 1782.0064
240.0 -5.0 2.5 16.25 9999999976.491201
240.0 -2.5 2.5 16.25 463077309.3473
240.0 0.0 2.5 16.25 9999999954.4242
240.0 2.5 2.5 16.25 308152565.0762
240.0 5.0 2.5 16.25 493651916.9237
240.0 7.5 2.5 16.25 3209356.2727
240.0 10.0 2.5 16.25 2284555.5360999997
240.0 -5.0 5.0 16.25 9999999856.1376
240.0 -2.5 5.0 16.25 2797387.6791999997
240.0 0.0 5.0 16.25 521853676.4104
240.0 2.5 5.0 16.25 63200.0702
240.0 5.0 5.0 16.25 69893.7576
240.0 7.5 5.0 16.25 6614.6627
240.0 10.0 5.0 16.25 1495120782.8026001
300.0 -5.0 -10.0 3.75 9999999820.949501
300.0 -2.5 -10.0 3.75 7675371554.5954
300.0 0.0 -10.0 3.75 10000000301.588902
300.0 2.5 -10.0 3.75 10000000075.1389
300.0 5.0 -10.0 3.75 9999999941.690102
300.0 7.5 -10.0 3.75 9999999942.501902
300.0 10.0 -10.0 3.75 379049226.9426
300.0 -5.0 -7.5 3.75 10000000776.558401
300.0 -2.5 -7.5 3.75 10000000633.5268
300.0 0.0 -7.5 3.75 9999999964.3313
300.0 2.5 -7.5 3.75 10000000081.1765
300.0 5.0 -7.5 3.75 9999999939.606
300.0 7.5 -7.5 3.75 9999999995.389301
300.0 10.0 -7.5 3.75 1678543.8407
300.0 -5.0 -5.0 3.75 10000000356.233301
300.0 -2.5 -5.0 3.75 10000000709.146801
300.0 0.0 -5.0 3.75 10000000489.9333
300.0 2.5 -5.0 3.75 9999999867.8092
300.0 5.0 -5.0 3.75 10000000089.6425
300.0 7.5 -5.0 3.75 9999999933.485401
300.0 10.0 -5.0 3.75 3264700484.9813
300.0 -5.0 -2.5 3.75 10000000077.9148
300.0 -2.5 -2.5 3.75 10000000090.518501
300.0 0.0 -2.5 3.75 9999999892.209501
300.0 2.5 -2.5 3.75 9999999869.6124
300.0 5.0 -2.5 3.75 9999999844.376902
300.0 7.5 -2.5 3.75 9999999872.239601
300.0 10.0 -2.5 3.75 9999999831.8199
300.0 -5.0 0.0 3.75 10000000012.135
300.0 -2.5 0.0 3.75 9999999724.545801
300.0 0.0 0.0 3.75 10000000070.155201
300.0 2.5 0.0 3.75 10000000003.534302
300.0 5.0 0.0 3.75 10000000464.799702
300.0 7.5 0.0 3.75 10000000124.8805
300.0 10.0 0.0 3.75 9999999628.6488
300.0 -5.0 2.5 3.75 10000000210.4727
300.0 -2.5 2.5 3.75 10000000022.392801
300.0 0.0 2.5 3.75 10000000014.7772
300.0 2.5 2.5 3.75 9999999460.3908
300.0 5.0 2.5 3.75 9999999856.0118
300.0 7.5 2.5 3.75 9999999855.606901
300.0 10.0 2.5 3.75 9999999857.2352
300.0 -5.0 5.0 3.75 9999999883.268002
300.0 -2.5 5.0 3.75 9999999980.420101
300.0 0.0 5.0 3.75 9999999724.9526
300.0 2.5 5.0 3.75 9999999889.9841
300.0 5.0 5.0 3.75 9999999985.2929
300.0 7.5 5.0 3.75 10000000095.073
300.0 10.0 5.0 3.75 9999999910.659601
300.0 -2.5 -5.0 8.75 10000000217.7586
300.0 -5.0 5.0 8.75 10000000108.2759
300.0 -2.5 -10.0 10.0 10000000203.3412
300.0 -2.5 -7.5 10.0 9999999594.170502
300.0 -2.5 -5.0 10.0 10000000507.2619
300.0 -5.0 -2.5 10.0 9999999793.922901
300.0 -2.5 2.5 10.0 9999999957.8589
300.0 -5.0 5.0 10.0 455863324.0502
300.0 -2.5 5.0 10.0 10000000112.8442
300.0 0.0 5.0 10.0 9999999891.436
300.0 -2.5 -10.0 11.25 966216747.7155
300.0 0.0 -10.0 11.25 1550250831.6130998
300.0 2.5 -10.0 11.25 114633007.319
300.0 -2.5 -7.5 11.25 10000000157.2325
300.0 0.0 -7.5 11.25 9999999943.990301
300.0 -2.5 -5.0 11.25 10000000347.280901
300.0 -2.5 0.0 11.25 10000000148.519201
300.0 -5.0 2.5 11.25 10000000068.754002
300.0 -2.5 2.5 11.25 9999999958.9531
300.0 -5.0 5.0 11.25 2089368883.4644
300.0 -2.5 5.0 11.25 10000000092.507801
300.0 0.0 5.0 11.25 9999999698.068602
300.0 5.0 5.0 11.25 5152048036.2802
300.0 -2.5 -10.0 12.5 182659600.3936
300.0 0.0 -10.0 12.5 3107495611.4602
300.0 2.5 -10.0 12.5 51080714.1524
300.0 5.0 -10.0 12.5 3071.1064
300.0 7.5 -10.0 12.5 23.195500000000003
300.0 -5.0 -7.5 12.5 10000000144.621601
300.0 -2.5 -7.5 12.5 1699691485.3173
300.0 0.0 -7.5 12.5 10000000082.106401
300.0 2.5 -7.5 12.5 10000000038.3819
300.0 -5.0 -5.0 12.5 10000000145.384401
300.0 -2.5 -5.0 12.5 10000000150.782501
300.0 0.0 -5.0 12.5 10000000022.3202
300.0 -5.0 -2.5 12.5 2409772501.9344997
300.0 -2.5 0.0 12.5 2112873181.4083
300.0 -5.0 2.5 12.5 458828058.35630006
300.0 -2.5 2.5 12.5 3644376938.2362
300.0 0.0 2.5 12.5 846383920.1524
300.0 -5.0 5.0 12.5 135927719.5082
300.0 -2.5 5.0 12.5 10000000233.3169
300.0 0.0 5.0 12.5 10000000034.3152
300.0 5.0 5.0 12.5 4237720.0062
300.0 7.5 5.0 12.5 169263.95299999998
300.0 -5.0 -10.0 13.75 1932537268.4331
300.0 -2.5 -10.0 13.75 472715172.10289997
300.0 0.0 -10.0 13.75 81419070.84640001
300.0 2.5 -10.0 13.75 154033956.0124
300.0 5.0 -10.0 13.75 195.0902
300.0 7.5 -10.0 13.75 11.0855
300.0 10.0 -10.0 13.75 9.7741
300.0 -5.0 -7.5 13.75 10000000136.758501
300.0 -2.5 -7.5 13.75 10000000412.1485
300.0 0.0 -7.5 13.75 10000000066.422
300.0 2.5 -7.5 13.75 32868157.2482
300.0 5.0 -7.5 13.75 634.3768
300.0 -5.0 -5.0 13.75 10000000284.4731
300.0 -2.5 -5.0 13.75 440040485.5346
300.0 0.0 -5.0 13.75 198684449.2764
300.0 2.5 -2.5 13.75 10000000112.544
300.0 -5.0 0.0 13.75 9999999841.1979
300.0 -2.5 0.0 13.75 9999999973.419802
300.0 -5.0 2.5 13.75 10000000003.9465
300.0 -2.5 2.5 13.75 10000000048.017801
300.0 0.0 2.5 13.75 173919285.5375
300.0 10.0 2.5 13.75 1070.1507000000001
300.0 -5.0 5.0 13.75 10450317.3083
300.0 -2.5 5.0 13.75 2743930422.8739
300.0 0.0 5.0 13.75 10000000005.4377
300.0 2.5 5.0 13.75 44836869.497099996
300.0 7.5 5.0 13.75 1347.9991
300.0 10.0 5.0 13.75 -13.395800000000001
300.0 -5.0 -10.0 15.0 2569555299.4447
300.0 -2.5 -10.0 15.0 704431695.2474
300.0 0.0 -10.0 15.0 35921082.4084
300.0 2.5 -10.0 15.0 442232118.53319997
300.0 5.0 -10.0 15.0 738.3152
300.0 7.5 -10.0 15.0 11.472700000000001
300.0 10.0 -10.0 15.0 9.3688
300.0 -5.0 -7.5 15.0 10000000056.5436
300.0 -2.5 -7.5 15.0 4178597200.2811
300.0 0.0 -7.5 15.0 563860546.3649
300.0 2.5 -7.5 15.0 9999999956.699001
300.0 5.0 -7.5 15.0 21.9119
300.0 7.5 -7.5 15.0 13.321800000000001
300.0 10.0 -7.5 15.0 10.7746
300.0 -5.0 -5.0 15.0 10000000068.2472
300.0 -2.5 -5.0 15.0 9999999928.1923
300.0 0.0 -5.0 15.0 9999999967.095001
300.0 2.5 -5.0 15.0 40968.4968
300.0 5.0 -5.0 15.0 11.882299999999999
300.0 7.5 -5.0 15.0 9.3664
300.0 -5.0 -2.5 15.0 10000000064.4137
300.0 -2.5 -2.5 15.0 3176435427.7163
300.0 0.0 -2.5 15.0 5617871049.1881
300.0 2.5 -2.5 15.0 173130065.4254
300.0 7.5 -2.5 15.0 4.943999999999999
300.0 -5.0 0.0 15.0 10000000020.253302
300.0 -2.5 0.0 15.0 10000000003.936901
300.0 0.0 0.0 15.0 9999999964.802
300.0 2.5 0.0 15.0 162453427.7763
300.0 5.0 0.0 15.0 13692.1381
300.0 -5.0 2.5 15.0 10000000153.8138
300.0 -2.5 2.5 15.0 10000000181.1285
300.0 0.0 2.5 15.0 24593856.2307
300.0 2.5 2.5 15.0 10000000001.4454
300.0 5.0 2.5 15.0 8567371471.2477
300.0 7.5 2.5 15.0 951.0652
300.0 10.0 2.5 15.0 -8.619399999999999
300.0 -5.0 5.0 15.0 6203144678.8549
300.0 -2.5 5.0 15.0 502402127.8859
300.0 0.0 5.0 15.0 319013583.6552
300.0 2.5 5.0 15.0 9999999808.7668
300.0 5.0 5.0 15.0 682.9662999999999
300.0 7.5 5.0 15.0 -15.0433
300.0 10.0 5.0 15.0 -11.9892
300.0 -5.0 -10.0 16.25 79299320.40969999
300.0 -2.5 -10.0 16.25 9777895.536500001
300.0 0.0 -10.0 16.25 43705143.9839
300.0 2.5 -10.0 16.25 4805370.3225
300.0 5.0 -10.0 16.25 20.1877
300.0 7.5 -10.0 16.25 10.6658
300.0 10.0 -10.0 16.25 7.7509999999999994
300.0 -5.0 -7.5 16.25 521718809.4687
300.0 -2.5 -7.5 16.25 10000000047.7733
300.0 0.0 -7.5 16.25 575423774.7478
300.0 2.5 -7.5 16.25 1177791.3303
300.0 5.0 -7.5 16.25 15.4681
300.0 7.5 -7.5 16.25 12.566699999999999
300.0 10.0 -7.5 16.25 9.1389
300.0 -5.0 -5.0 16.25 9999999876.8693
300.0 -2.5 -5.0 16.25 9999999950.2597
300.0 0.0 -5.0 16.25 93279686.4348
300.0 2.5 -5.0 16.25 1136.0299
300.0 5.0 -5.0 16.25 7.858700000000001
300.0 7.5 -5.0 16.25 9.4829
300.0 10.0 -5.0 16.25 7.0274
300.0 -5.0 -2.5 16.25 9999999975.372002
300.0 -2.5 -2.5 16.25 2316557455.386
300.0 0.0 -2.5 16.25 4546660.8821
300.0 2.5 -2.5 16.25 10000000044.488901
300.0 5.0 -2.5 16.25 56.1476
300.0 7.5 -2.5 16.25 2.7635000000000005
300.0 10.0 -2.5 16.25 3.2845000000000004
300.0 -5.0 0.0 16.25 23788321.8151
300.0 -2.5 0.0 16.25 9999999785.7756
300.0 0.0 0.0 16.25 188040139.6011
300.0 2.5 0.0 16.25 9999999975.384901
300.0 5.0 0.0 16.25 3359080.0892999996
300.0 10.0 0.0 16.25 0.6463000000000001
300.0 -5.0 2.5 16.25 10000000037.509201
300.0 -2.5 2.5 16.25 10000000066.360401
300.0 0.0 2.5 16.25 2002019046.7814002
300.0 2.5 2.5 16.25 4423961797.6779
300.0 5.0 2.5 16.25 10000000038.614
300.0 7.5 2.5 16.25 613.0445
300.0 10.0 2.5 16.25 -2.4924000000000004
300.0 -5.0 5.0 16.25 488017.2011
300.0 -2.5 5.0 16.25 10000000106.5976
300.0 0.0 5.0 16.25 10000000182.2833
300.0 2.5 5.0 16.25 1102584444.3357
300.0 5.0 5.0 16.25 99.5291
300.0 7.5 5.0 16.25 -7.6357
300.0 10.0 5.0 16.25 -6.626600000000001
