0.0 -2.5 -7.5 10.0 3144170857.5999002
0.0 -2.5 -5.0 10.0 10000000162.7007
0.0 -2.5 -2.5 10.0 539148091.0977
0.0 0.0 0.0 10.0 9445962421.2661
0.0 -2.5 2.5 10.0 9999999977.9934
0.0 -5.0 5.0 10.0 5213258.8051
0.0 -2.5 -7.5 11.25 10000000186.1236
0.0 0.0 -7.5 11.25 375708253.0972
0.0 -5.0 -5.0 11.25 14601.6763
0.0 -2.5 -5.0 11.25 257156951.79689997
0.0 0.0 -5.0 11.25 1325347.2471999999
0.0 -2.5 -2.5 11.25 324719986.57119995
0.0 2.5 -2.5 11.25 123533312.93010001
0.0 5.0 -2.5 11.25 14467017.3168
0.0 -2.5 0.0 11.25 5162930.2535
0.0 0.0 0.0 11.25 9999999995.992102
0.0 -5.0 2.5 11.25 985825.8937
0.0 -2.5 2.5 11.25 40595900.332899995
0.0 0.0 2.5 11.25 9999999930.075
0.0 -5.0 5.0 11.25 74.00160000000001
0.0 -2.5 5.0 11.25 9999999787.594702
0.0 0.0 -10.0 12.5 23724183.3076
0.0 2.5 -10.0 12.5 567583.0446
0.0 -2.5 -7.5 12.5 469727.85610000003
0.0 0.0 -7.5 12.5 39599452.0321
0.0 -5.0 -5.0 12.5 218767479.41079998
0.0 -2.5 -5.0 12.5 21174505.9577
0.0 0.0 -5.0 12.5 9999999738.6277
0.0 2.5 -5.0 12.5 9999999922.777601
0.0 -2.5 -2.5 12.5 2542.6271
0.0 0.0 -2.5 12.5 1495012.0715
0.0 2.5 -2.5 12.5 3642468.0674
0.0 5.0 -2.5 12.5 9999999959.5944
0.0 -2.5 0.0 12.5 29283839.2755
0.0 0.0 0.0 12.5 197314.8183
0.0 -5.0 2.5 12.5 344104.8998
0.0 -2.5 2.5 12.5 203052.0845
0.0 0.0 2.5 12.5 9999999936.7418
0.0 -5.0 5.0 12.5 -87.29780000000001
0.0 -2.5 5.0 12.5 70350.71029999999
0.0 0.0 5.0 12.5 9999999842.313002
0.0 0.0 -10.0 13.75 15130.622800000001
0.0 2.5 -10.0 13.75 4421.543900000001
0.0 -5.0 -7.5 13.75 90.05390000000001
0.0 -2.5 -7.5 13.75 8347159.73
0.0 0.0 -7.5 13.75 7181260.172599999
0.0 5.0 -7.5 13.75 2081.1898
0.0 -5.0 -5.0 13.75 4835.6874
0.0 -2.5 -5.0 13.75 5381580624.050401
0.0 0.0 -5.0 13.75 14001769.5808
0.0 2.5 -5.0 13.75 5875568.8315
0.0 -5.0 -2.5 13.75 32.2248
0.0 -2.5 -2.5 13.75 11905.870799999999
0.0 0.0 -2.5 13.75 170894.15099999998
0.0 2.5 -2.5 13.75 10000000034.5659
0.0 5.0 -2.5 13.75 10000000001.395
0.0 7.5 -2.5 13.75 19540641.4415
0.0 -5.0 0.0 13.75 -23.744099999999996
0.0 -2.5 0.0 13.75 14137.836399999998
0.0 0.0 0.0 13.75 3383.6799
0.0 2.5 0.0 13.75 10109.2602
0.0 10.0 0.0 13.75 -23.1475
0.0 -5.0 2.5 13.75 -68.1423
0.0 -2.5 2.5 13.75 1138.5910999999999
0.0 0.0 2.5 13.75 10000000050.981901
0.0 -5.0 5.0 13.75 -92.9502
0.0 -2.5 5.0 13.75 860080.7485
0.0 0.0 5.0 13.75 23686363.9009
0.0 -5.0 -10.0 15.0 38.7689
0.0 -2.5 -10.0 15.0 51.2003
0.0 0.0 -10.0 15.0 136.9354
0.0 2.5 -10.0 15.0 51.3857
0.0 5.0 -10.0 15.0 17.417900000000003
0.0 7.5 -10.0 15.0 -8.6547
0.0 10.0 -10.0 15.0 -21.0951
0.0 -5.0 -7.5 15.0 70.2433
0.0 -2.5 -7.5 15.0 202.4022
0.0 0.0 -7.5 15.0 25276.553
0.0 2.5 -7.5 15.0 818.1853
0.0 5.0 -7.5 15.0 32.5747
0.0 10.0 -7.5 15.0 -39.1524
0.0 -5.0 -5.0 15.0 81.34060000000001
0.0 -2.5 -5.0 15.0 8936806.4947
0.0 0.0 -5.0 15.0 14957.5625
0.0 2.5 -5.0 15.0 1189153.2693
0.0 5.0 -5.0 15.0 12485.164499999999
0.0 7.5 -5.0 15.0 404.659
0.0 -5.0 -2.5 15.0 29.675500000000003
0.0 -2.5 -2.5 15.0 81.8672
0.0 0.0 -2.5 15.0 186.2484
0.0 2.5 -2.5 15.0 97136.1952
0.0 5.0 -2.5 15.0 227332.258
0.0 7.5 -2.5 15.0 16329.2579
0.0 10.0 -2.5 15.0 -29.097699999999996
0.0 -5.0 0.0 15.0 -28.4435
0.0 -2.5 0.0 15.0 1.4543
0.0 0.0 0.0 15.0 27.4819
0.0 2.5 0.0 15.0 166.5303
0.0 5.0 0.0 15.0 45135.2579
0.0 7.5 0.0 15.0 2006.1421
0.0 10.0 0.0 15.0 -62.9143
0.0 -5.0 2.5 15.0 -61.8066
0.0 -2.5 2.5 15.0 -20.5768
0.0 0.0 2.5 15.0 178883.2425
0.0 2.5 2.5 15.0 433.9563
0.0 5.0 2.5 15.0 -47.2149
0.0 7.5 2.5 15.0 -56.054300000000005
0.0 -5.0 5.0 15.0 -78.50829999999999
0.0 -2.5 5.0 15.0 10525.301599999999
0.0 0.0 5.0 15.0 624726.667
0.0 2.5 5.0 15.0 -41.0745
0.0 10.0 5.0 15.0 -35.431
0.0 -5.0 -10.0 16.25 29.7298
0.0 -2.5 -10.0 16.25 40.0591
0.0 0.0 -10.0 16.25 40.0476
0.0 2.5 -10.0 16.25 28.8859
0.0 5.0 -10.0 16.25 12.1063
0.0 7.5 -10.0 16.25 -5.8587
0.0 10.0 -10.0 16.25 -14.1492
0.0 -5.0 -7.5 16.25 51.566100000000006
0.0 -2.5 -7.5 16.25 74.11779999999999
0.0 0.0 -7.5 16.25 128.41899999999998
0.0 2.5 -7.5 16.25 44.9954
0.0 5.0 -7.5 16.25 10.175799999999999
0.0 7.5 -7.5 16.25 -18.3772
0.0 10.0 -7.5 16.25 -28.2102
0.0 -5.0 -5.0 16.25 53.026900000000005
0.0 -2.5 -5.0 16.25 93.467
0.0 0.0 -5.0 16.25 117.7304
0.0 2.5 -5.0 16.25 926.1007
0.0 5.0 -5.0 16.25 33.0933
0.0 7.5 -5.0 16.25 -41.2694
0.0 10.0 -5.0 16.25 -45.3138
0.0 -5.0 -2.5 16.25 25.4542
0.0 -2.5 -2.5 16.25 44.699600000000004
0.0 0.0 -2.5 16.25 74.69619999999999
0.0 2.5 -2.5 16.25 578.6119
0.0 5.0 -2.5 16.25 12.8163
0.0 7.5 -2.5 16.25 -49.0017
0.0 10.0 -2.5 16.25 -53.462199999999996
0.0 -5.0 0.0 16.25 -13.0337
0.0 -2.5 0.0 16.25 4.286999999999999
0.0 0.0 0.0 16.25 13.770700000000001
0.0 2.5 0.0 16.25 0.5912000000000002
0.0 5.0 0.0 16.25 -15.7495
0.0 7.5 0.0 16.25 -50.4742
0.0 10.0 0.0 16.25 -46.4985
0.0 -5.0 2.5 16.25 -42.4857
0.0 -2.5 2.5 16.25 -35.9688
0.0 0.0 2.5 16.25 -9.812999999999999
0.0 2.5 2.5 16.25 -25.1085
0.0 5.0 2.5 16.25 -33.6585
0.0 7.5 2.5 16.25 -39.2796
0.0 10.0 2.5 16.25 -33.8569
0.0 -5.0 5.0 16.25 -58.5852
0.0 -2.5 5.0 16.25 -26.564100000000003
0.0 0.0 5.0 16.25 -54.0201
0.0 2.5 5.0 16.25 -40.5169
0.0 5.0 5.0 16.25 -32.7125
0.0 7.5 5.0 16.25 -29.797400000000003
0.0 10.0 5.0 16.25 -23.5069
60.0 -5.0 -10.0 3.75 9999999795.873402
60.0 -2.5 -10.0 3.75 9999999872.978401
60.0 0.0 -10.0 3.75 10000000387.7999
60.0 2.5 -10.0 3.75 9999999969.7823
60.0 5.0 -10.0 3.75 10000000035.394701
60.0 7.5 -10.0 3.75 9999999789.7784
60.0 10.0 -10.0 3.75 10000000153.909801
60.0 -5.0 -7.5 3.75 10000000105.732601
60.0 -2.5 -7.5 3.75 10000000173.464901
60.0 0.0 -7.5 3.75 10000000106.4601
60.0 2.5 -7.5 3.75 9999999705.6039
60.0 5.0 -7.5 3.75 10000000014.2842
60.0 7.5 -7.5 3.75 10000000079.669
60.0 10.0 -7.5 3.75 257185597.57
60.0 -5.0 -5.0 3.75 9999999893.896502
60.0 -2.5 -5.0 3.75 9999999964.0021
60.0 0.0 -5.0 3.75 10000000009.2973
60.0 2.5 -5.0 3.75 9999999690.737701
60.0 5.0 -5.0 3.75 10000000148.197102
60.0 7.5 -5.0 3.75 9999999894.776701
60.0 10.0 -5.0 3.75 9999999929.791601
60.0 -5.0 -2.5 3.75 10000000316.5529
60.0 -2.5 -2.5 3.75 10000000251.267601
60.0 0.0 -2.5 3.75 10000000026.7352
60.0 2.5 -2.5 3.75 1840269102.6001
60.0 5.0 -2.5 3.75 9999999779.4349
60.0 7.5 -2.5 3.75 9999999700.8696
60.0 10.0 -2.5 3.75 9999999961.3596
60.0 -5.0 0.0 3.75 6157072623.9033
60.0 -2.5 0.0 3.75 3202431519.855
60.0 0.0 0.0 3.75 9999999931.192001
60.0 2.5 0.0 3.75 10000000018.958302
60.0 5.0 0.0 3.75 10000000088.436901
60.0 7.5 0.0 3.75 3295863633.5540004
60.0 10.0 0.0 3.75 10000000071.413801
60.0 -5.0 2.5 3.75 10000000169.8889
60.0 -2.5 2.5 3.75 10000000315.1453
60.0 0.0 2.5 3.75 10000000150.228802
60.0 2.5 2.5 3.75 9999999994.8796
60.0 5.0 2.5 3.75 10000000026.073502
60.0 7.5 2.5 3.75 9999999973.3013
60.0 10.0 2.5 3.75 10000000001.374601
60.0 -5.0 5.0 3.75 9999999927.327002
60.0 -2.5 5.0 3.75 10000000088.7194
60.0 0.0 5.0 3.75 7372303301.0946
60.0 2.5 5.0 3.75 2247098049.5676003
60.0 5.0 5.0 3.75 6024264.104400001
60.0 7.5 5.0 3.75 9999999989.190601
60.0 10.0 5.0 3.75 4621101564.4402
60.0 2.5 5.0 10.0 2359.6136
60.0 2.5 -10.0 11.25 36663940.3288
60.0 7.5 -10.0 11.25 10000000023.601501
60.0 5.0 -7.5 11.25 10000000195.445002
60.0 -2.5 2.5 11.25 1200.6663999999998
60.0 0.0 2.5 11.25 -55.0992
60.0 2.5 2.5 11.25 -51.79
60.0 5.0 2.5 11.25 3542.9519
60.0 7.5 2.5 11.25 2458703.8974
60.0 -2.5 5.0 11.25 -24.616799999999998
60.0 0.0 5.0 11.25 -57.0831
60.0 2.5 5.0 11.25 -72.4566
60.0 5.0 5.0 11.25 -82.06009999999999
60.0 0.0 -10.0 12.5 12.840500000000002
60.0 2.5 -10.0 12.5 14441.8205
60.0 5.0 -10.0 12.5 1156551540.2336
60.0 7.5 -10.0 12.5 385024.069
60.0 0.0 -5.0 12.5 23330.8938
60.0 0.0 2.5 12.5 -56.463499999999996
60.0 2.5 2.5 12.5 -48.1767
60.0 5.0 2.5 12.5 3799.9906
60.0 7.5 2.5 12.5 10000000325.542702
60.0 10.0 2.5 12.5 2744269645.849
60.0 0.0 5.0 12.5 -52.0547
60.0 2.5 5.0 12.5 -64.7405
60.0 5.0 5.0 12.5 -79.4833
60.0 7.5 5.0 12.5 152963.75400000002
60.0 10.0 5.0 12.5 1569.8454000000002
60.0 0.0 -10.0 13.75 -28.3448
60.0 2.5 -10.0 13.75 52.90389999999999
60.0 5.0 -10.0 13.75 20261.3578
60.0 7.5 -10.0 13.75 3997.8537
60.0 10.0 -10.0 13.75 132.5915
60.0 -5.0 -7.5 13.75 2411.0962
60.0 2.5 -7.5 13.75 24.4607
60.0 5.0 -7.5 13.75 4000147.7502
60.0 7.5 -7.5 13.75 875672.9038
60.0 10.0 -7.5 13.75 63053306.6784
60.0 -2.5 -5.0 13.75 1880.4722000000002
60.0 0.0 -5.0 13.75 56.360400000000006
60.0 5.0 -5.0 13.75 13192.3107
60.0 10.0 -5.0 13.75 36697000.5725
60.0 -5.0 -2.5 13.75 12049.0142
60.0 -2.5 -2.5 13.75 33293775.2522
60.0 0.0 -2.5 13.75 52745.9524
60.0 0.0 0.0 13.75 825585.9585
60.0 2.5 0.0 13.75 2155524.2738
60.0 -2.5 2.5 13.75 4922.6582
60.0 0.0 2.5 13.75 -57.0012
60.0 2.5 2.5 13.75 -49.142100000000006
60.0 5.0 2.5 13.75 18634.5537
60.0 7.5 2.5 13.75 1603968622.1824
60.0 10.0 2.5 13.75 271110332.18369997
60.0 0.0 5.0 13.75 -45.0318
60.0 2.5 5.0 13.75 -54.032
60.0 5.0 5.0 13.75 -50.9415
60.0 7.5 5.0 13.75 9053.4134
60.0 10.0 5.0 13.75 -25.5839
60.0 -5.0 -10.0 15.0 -16.8959
60.0 -2.5 -10.0 15.0 -29.944100000000002
60.0 0.0 -10.0 15.0 -14.5931
60.0 2.5 -10.0 15.0 27.402
60.0 5.0 -10.0 15.0 68.60130000000001
60.0 7.5 -10.0 15.0 92.95009999999999
60.0 10.0 -10.0 15.0 59.4719
60.0 -5.0 -7.5 15.0 -34.894
60.0 -2.5 -7.5 15.0 -52.4664
60.0 0.0 -7.5 15.0 -33.8997
60.0 2.5 -7.5 15.0 17.4539
60.0 5.0 -7.5 15.0 82293.0146
60.0 7.5 -7.5 15.0 12936.051899999999
60.0 10.0 -7.5 15.0 7572.9123
60.0 -5.0 -5.0 15.0 -48.1977
60.0 -2.5 -5.0 15.0 -13.541599999999995
60.0 0.0 -5.0 15.0 -45.7673
60.0 2.5 -5.0 15.0 4.5011
60.0 5.0 -5.0 15.0 156.4442
60.0 7.5 -5.0 15.0 2442359990.6521
60.0 10.0 -5.0 15.0 18999.517
60.0 -5.0 -2.5 15.0 33981.4306
60.0 -2.5 -2.5 15.0 63584.09529999999
60.0 0.0 -2.5 15.0 82.27340000000001
60.0 2.5 -2.5 15.0 783.5612000000001
60.0 10.0 -2.5 15.0 435.1489
60.0 -2.5 0.0 15.0 6821.9211
60.0 0.0 0.0 15.0 2652844.1425
60.0 2.5 0.0 15.0 131.54840000000002
60.0 7.5 0.0 15.0 102859909.9105
60.0 -5.0 2.5 15.0 -36.8834
60.0 -2.5 2.5 15.0 -67.5788
60.0 0.0 2.5 15.0 -51.9947
60.0 2.5 2.5 15.0 -46.2314
60.0 5.0 2.5 15.0 1240.0646000000002
60.0 7.5 2.5 15.0 1190975118.8298998
60.0 10.0 2.5 15.0 33777.2427
60.0 -2.5 5.0 15.0 -32.9844
60.0 0.0 5.0 15.0 -38.134600000000006
60.0 2.5 5.0 15.0 -42.6429
60.0 5.0 5.0 15.0 -51.644000000000005
60.0 7.5 5.0 15.0 -62.590700000000005
60.0 10.0 5.0 15.0 -74.0668
60.0 -5.0 -10.0 16.25 -11.7517
60.0 -2.5 -10.0 16.25 -17.6958
60.0 0.0 -10.0 16.25 -6.9436
60.0 2.5 -10.0 16.25 19.793699999999998
60.0 5.0 -10.0 16.25 42.7607
60.0 7.5 -10.0 16.25 49.9931
60.0 10.0 -10.0 16.25 39.6631
60.0 -5.0 -7.5 16.25 -25.659200000000002
60.0 -2.5 -7.5 16.25 -33.5012
60.0 0.0 -7.5 16.25 -17.8776
60.0 2.5 -7.5 16.25 16.085900000000002
60.0 5.0 -7.5 16.25 59.7595
60.0 7.5 -7.5 16.25 126.33019999999999
60.0 10.0 -7.5 16.25 67.914
60.0 -5.0 -5.0 16.25 -41.746100000000006
60.0 -2.5 -5.0 16.25 -50.0253
60.0 0.0 -5.0 16.25 -29.5936
60.0 2.5 -5.0 16.25 8.3543
60.0 5.0 -5.0 16.25 48.8309
60.0 7.5 -5.0 16.25 307.6718
60.0 10.0 -5.0 16.25 102.393
60.0 -5.0 -2.5 16.25 15.241699999999994
60.0 -2.5 -2.5 16.25 -54.2135
60.0 0.0 -2.5 16.25 -41.6388
60.0 2.5 -2.5 16.25 -4.851100000000001
60.0 5.0 -2.5 16.25 163.219
60.0 7.5 -2.5 16.25 32895.6264
60.0 10.0 -2.5 16.25 42.793
60.0 -5.0 0.0 16.25 -58.700199999999995
60.0 -2.5 0.0 16.25 -75.72309999999999
60.0 0.0 0.0 16.25 -24.5329
60.0 2.5 0.0 16.25 -27.0446
60.0 5.0 0.0 16.25 -2.826599999999999
60.0 7.5 0.0 16.25 41.701499999999996
60.0 10.0 0.0 16.25 -12.7273
60.0 -5.0 2.5 16.25 -43.362899999999996
60.0 -2.5 2.5 16.25 -52.6477
60.0 0.0 2.5 16.25 -41.6592
60.0 2.5 2.5 16.25 -34.9185
60.0 5.0 2.5 16.25 -35.5443
60.0 7.5 2.5 16.25 274.3392
60.0 10.0 2.5 16.25 -52.836200000000005
60.0 -5.0 5.0 16.25 -17.6829
60.0 -2.5 5.0 16.25 -27.5153
60.0 0.0 5.0 16.25 -29.7116
60.0 2.5 5.0 16.25 -31.7898
60.0 5.0 5.0 16.25 -40.588800000000006
60.0 7.5 5.0 16.25 -51.903
60.0 10.0 5.0 16.25 -54.9821
120.0 -5.0 -10.0 3.75 10000000055.005901
120.0 -2.5 -10.0 3.75 9999999895.827702
120.0 0.0 -10.0 3.75 9999999759.4757
120.0 2.5 -10.0 3.75 10000000129.6497
120.0 5.0 -10.0 3.75 9999999909.577002
120.0 7.5 -10.0 3.75 9999999683.198801
120.0 10.0 -10.0 3.75 9999999919.3481
120.0 -5.0 -7.5 3.75 8311247780.0617
120.0 -2.5 -7.5 3.75 10000000389.373402
120.0 0.0 -7.5 3.75 10000000473.5018
120.0 2.5 -7.5 3.75 10000000074.566101
120.0 5.0 -7.5 3.75 9999999992.516
120.0 7.5 -7.5 3.75 9999999735.075901
120.0 10.0 -7.5 3.75 9999999611.738
120.0 -5.0 -5.0 3.75 3474928118.4485
120.0 -2.5 -5.0 3.75 10000000252.9018
120.0 0.0 -5.0 3.75 9999999858.947802
120.0 2.5 -5.0 3.75 9999999868.337
120.0 5.0 -5.0 3.75 9999999898.518301
120.0 7.5 -5.0 3.75 9999999934.443901
120.0 10.0 -5.0 3.75 9999999777.1536
120.0 -5.0 -2.5 3.75 10000000117.491901
120.0 -2.5 -2.5 3.75 10000000295.2705
120.0 0.0 -2.5 3.75 10000000116.5464
120.0 2.5 -2.5 3.75 9999999944.8497
120.0 5.0 -2.5 3.75 9999999737.4522
120.0 7.5 -2.5 3.75 9999999798.694601
120.0 10.0 -2.5 3.75 9999999854.3546
120.0 -5.0 0.0 3.75 10000000114.1385
120.0 -2.5 0.0 3.75 4670877637.86
120.0 0.0 0.0 3.75 9999999922.175001
120.0 2.5 0.0 3.75 9999999960.2984
120.0 5.0 0.0 3.75 9999999731.185001
120.0 7.5 0.0 3.75 9999999910.436901
120.0 10.0 0.0 3.75 9999999951.1977
120.0 -5.0 2.5 3.75 210106.7038
120.0 -2.5 2.5 3.75 10000000011.1383
120.0 0.0 2.5 3.75 10000000076.7562
120.0 2.5 2.5 3.75 2753173689.2693
120.0 5.0 2.5 3.75 10000000063.5501
120.0 7.5 2.5 3.75 9999999751.934301
120.0 10.0 2.5 3.75 3533053300.4065
120.0 -5.0 5.0 3.75 842.7456999999999
120.0 -2.5 5.0 3.75 538144.1776
120.0 0.0 5.0 3.75 9999999969.6039
120.0 2.5 5.0 3.75 9999999761.0086
120.0 5.0 5.0 3.75 9999999852.4578
120.0 7.5 5.0 3.75 9999999539.210201
120.0 10.0 5.0 3.75 2506067.324
120.0 2.5 2.5 7.5 6473455212.9858
120.0 2.5 5.0 7.5 27452.916999999998
120.0 2.5 -2.5 8.75 6502781114.8663
120.0 0.0 2.5 8.75 2249722810.1883
120.0 2.5 2.5 8.75 577708219.9711001
120.0 2.5 5.0 8.75 23527.0224
120.0 2.5 -2.5 10.0 164192555.7789
120.0 0.0 0.0 10.0 12643199.0572
120.0 2.5 0.0 10.0 619278047.9168
120.0 5.0 0.0 10.0 3413343715.7927003
120.0 0.0 2.5 10.0 1371616.4829
120.0 2.5 2.5 10.0 9999999939.721
120.0 5.0 2.5 10.0 302543679.1696
120.0 0.0 5.0 10.0 44854.8073
120.0 2.5 5.0 10.0 1941.0342
120.0 2.5 -5.0 11.25 9999999874.2966
120.0 5.0 -5.0 11.25 9999999888.3169
120.0 2.5 -2.5 11.25 9999999963.2329
120.0 5.0 -2.5 11.25 1045535627.0514
120.0 7.5 -2.5 11.25 9999999989.4342
120.0 0.0 0.0 11.25 28534832.7894
120.0 2.5 0.0 11.25 9999999914.409601
120.0 5.0 0.0 11.25 16576934.3913
120.0 7.5 0.0 11.25 4988542204.1412
120.0 0.0 2.5 11.25 1266.1126
120.0 2.5 2.5 11.25 303255753.68149996
120.0 5.0 2.5 11.25 8183442012.4677
120.0 0.0 5.0 11.25 -47.7658
120.0 2.5 5.0 11.25 469.0096
120.0 2.5 -10.0 12.5 29393.126
120.0 2.5 -5.0 12.5 28562299.3094
120.0 5.0 -5.0 12.5 382596793.0952
120.0 -2.5 -2.5 12.5 -0.5626999999999995
120.0 0.0 -2.5 12.5 84.5594
120.0 2.5 -2.5 12.5 197680.4857
120.0 5.0 -2.5 12.5 806043114.5656
120.0 7.5 -2.5 12.5 3541269.4701
120.0 0.0 0.0 12.5 336.4115
120.0 2.5 0.0 12.5 58691.360799999995
120.0 5.0 0.0 12.5 13673567.075399999
120.0 7.5 0.0 12.5 555233333.4464
120.0 0.0 2.5 12.5 -68.4713
120.0 2.5 2.5 12.5 16918.123199999998
120.0 5.0 2.5 12.5 1361615677.233
120.0 7.5 2.5 12.5 82206508.4993
120.0 0.0 5.0 12.5 -71.9812
120.0 2.5 5.0 12.5 5554.2726999999995
120.0 5.0 5.0 12.5 1246358876.9689999
120.0 -2.5 -10.0 13.75 33.4914
120.0 0.0 -10.0 13.75 27.5205
120.0 5.0 -10.0 13.75 177.2242
120.0 10.0 -10.0 13.75 -83.0175
120.0 2.5 -7.5 13.75 322381506.4684
120.0 5.0 -7.5 13.75 2618.0583
120.0 7.5 -7.5 13.75 -133.3097
120.0 -2.5 -5.0 13.75 7.8815
120.0 0.0 -5.0 13.75 965061.2887
120.0 2.5 -5.0 13.75 752562.2646999999
120.0 5.0 -5.0 13.75 64270.1409
120.0 -5.0 -2.5 13.75 4.8309
120.0 -2.5 -2.5 13.75 -10.6208
120.0 0.0 -2.5 13.75 -38.2953
120.0 2.5 -2.5 13.75 373384.1246
120.0 5.0 -2.5 13.75 998291.4501
120.0 7.5 -2.5 13.75 985.5735000000001
120.0 10.0 -2.5 13.75 434890.6037
120.0 -5.0 0.0 13.75 -13.3536
120.0 0.0 0.0 13.75 -43.527300000000004
120.0 2.5 0.0 13.75 28.96820000000001
120.0 5.0 0.0 13.75 382575336.7629
120.0 7.5 0.0 13.75 2883512109.6121
120.0 0.0 2.5 13.75 -54.642
120.0 2.5 2.5 13.75 5751.3699
120.0 5.0 2.5 13.75 10000000055.8398
120.0 7.5 2.5 13.75 9999999907.1945
120.0 0.0 5.0 13.75 -59.1162
120.0 2.5 5.0 13.75 7397974.681399999
120.0 5.0 5.0 13.75 3896871455.7905
120.0 7.5 5.0 13.75 234933175.33170003
120.0 -5.0 -10.0 15.0 19.4163
120.0 -2.5 -10.0 15.0 14.182
120.0 0.0 -10.0 15.0 -9.5669
120.0 2.5 -10.0 15.0 370.5132
120.0 5.0 -10.0 15.0 -43.155100000000004
120.0 10.0 -10.0 15.0 -54.8232
120.0 -5.0 -7.5 15.0 19.4518
120.0 -2.5 -7.5 15.0 5.766799999999999
120.0 0.0 -7.5 15.0 385.47749999999996
120.0 2.5 -7.5 15.0 342588.33759999997
120.0 5.0 -7.5 15.0 53.9636
120.0 7.5 -7.5 15.0 -87.5733
120.0 -5.0 -5.0 15.0 9.9683
120.0 -2.5 -5.0 15.0 -13.3239
120.0 0.0 -5.0 15.0 2401.6101
120.0 2.5 -5.0 15.0 579.5024999999999
120.0 5.0 -5.0 15.0 23.515699999999995
120.0 7.5 -5.0 15.0 -51.1233
120.0 10.0 -5.0 15.0 -34.480900000000005
120.0 -5.0 -2.5 15.0 -1.4208
120.0 -2.5 -2.5 15.0 -15.2857
120.0 0.0 -2.5 15.0 -38.64660000000001
120.0 2.5 -2.5 15.0 675119.7611
120.0 5.0 -2.5 15.0 724.1093999999999
120.0 7.5 -2.5 15.0 -9.6646
120.0 10.0 -2.5 15.0 98.9222
120.0 -5.0 0.0 15.0 -11.8477
120.0 -2.5 0.0 15.0 -22.7267
120.0 0.0 0.0 15.0 -36.401300000000006
120.0 2.5 0.0 15.0 -41.689800000000005
120.0 5.0 0.0 15.0 133.6484
120.0 7.5 0.0 15.0 885.2245
120.0 10.0 0.0 15.0 4341631.8113
120.0 0.0 2.5 15.0 -42.9232
120.0 2.5 2.5 15.0 63.949200000000005
120.0 5.0 2.5 15.0 24301.8198
120.0 7.5 2.5 15.0 982909.3256000001
120.0 10.0 2.5 15.0 6429670.3493
120.0 0.0 5.0 15.0 -45.232099999999996
120.0 2.5 5.0 15.0 9453.7634
120.0 5.0 5.0 15.0 347584.8283
120.0 7.5 5.0 15.0 398.0703
120.0 10.0 5.0 15.0 68.8041
120.0 -5.0 -10.0 16.25 8.4879
120.0 -2.5 -10.0 16.25 1.4663
120.0 0.0 -10.0 16.25 -15.967699999999999
120.0 2.5 -10.0 16.25 -38.3296
120.0 5.0 -10.0 16.25 -50.6488
120.0 7.5 -10.0 16.25 -48.1056
120.0 10.0 -10.0 16.25 -36.2896
120.0 -5.0 -7.5 16.25 6.3606
120.0 -2.5 -7.5 16.25 -7.6935
120.0 0.0 -7.5 16.25 -36.5045
120.0 2.5 -7.5 16.25 113.6752
120.0 5.0 -7.5 16.25 -66.4451
120.0 7.5 -7.5 16.25 -56.2434
120.0 10.0 -7.5 16.25 -37.9045
120.0 -5.0 -5.0 16.25 1.4432
120.0 -2.5 -5.0 16.25 -17.9543
120.0 0.0 -5.0 16.25 -54.6138
120.0 2.5 -5.0 16.25 -70.0378
120.0 5.0 -5.0 16.25 -60.8219
120.0 7.5 -5.0 16.25 -40.2064
120.0 10.0 -5.0 16.25 -17.7957
120.0 -5.0 -2.5 16.25 -4.1369
120.0 -2.5 -2.5 16.25 -17.0029
120.0 0.0 -2.5 16.25 -34.1318
120.0 2.5 -2.5 16.25 -22.5383
120.0 5.0 -2.5 16.25 -30.9854
120.0 7.5 -2.5 16.25 -9.1617
120.0 10.0 -2.5 16.25 16.2118
120.0 -5.0 0.0 16.25 -8.7813
120.0 -2.5 0.0 16.25 -18.9401
120.0 0.0 0.0 16.25 -28.4408
120.0 2.5 0.0 16.25 -32.3983
120.0 5.0 0.0 16.25 -19.095399999999998
120.0 7.5 0.0 16.25 32.8374
120.0 10.0 0.0 16.25 353.6587
120.0 -5.0 2.5 16.25 -10.6671
120.0 -2.5 2.5 16.25 -20.870099999999997
120.0 0.0 2.5 16.25 -30.475
120.0 2.5 2.5 16.25 -38.61000000000001
120.0 5.0 2.5 16.25 -10.9799
120.0 7.5 2.5 16.25 16209.4718
120.0 10.0 2.5 16.25 790.7235000000001
120.0 -2.5 5.0 16.25 -19.0213
120.0 0.0 5.0 16.25 -32.9628
120.0 2.5 5.0 16.25 -43.1795
120.0 5.0 5.0 16.25 8.648600000000002
120.0 7.5 5.0 16.25 -18.360599999999998
120.0 10.0 5.0 16.25 24.743000000000002
180.0 -5.0 -10.0 3.75 4984272950.663799
180.0 -2.5 -10.0 3.75 10000000175.508902
180.0 0.0 -10.0 3.75 10000000184.8237
180.0 2.5 -10.0 3.75 9999999896.319302
180.0 5.0 -10.0 3.75 9999999998.2229
180.0 7.5 -10.0 3.75 10000000253.034101
180.0 10.0 -10.0 3.75 9999999874.344301
180.0 -5.0 -7.5 3.75 91957024.2507
180.0 -2.5 -7.5 3.75 9999999830.118
180.0 0.0 -7.5 3.75 10000000029.5338
180.0 2.5 -7.5 3.75 2033616855.5670998
180.0 5.0 -7.5 3.75 9999999976.9578
180.0 7.5 -7.5 3.75 10000000626.1072
180.0 10.0 -7.5 3.75 10000000155.0042
180.0 -5.0 -5.0 3.75 10000000008.3722
180.0 -2.5 -5.0 3.75 9999999574.258701
180.0 0.0 -5.0 3.75 8067988731.5117
180.0 2.5 -5.0 3.75 9999999877.748701
180.0 5.0 -5.0 3.75 10000000082.569101
180.0 7.5 -5.0 3.75 7912056968.3363
180.0 10.0 -5.0 3.75 10000000385.506
180.0 -5.0 -2.5 3.75 10000000014.7691
180.0 -2.5 -2.5 3.75 9999999722.9916
180.0 0.0 -2.5 3.75 10000000014.0839
180.0 2.5 -2.5 3.75 9999999801.652802
180.0 5.0 -2.5 3.75 9999999980.6844
180.0 7.5 -2.5 3.75 10000000074.3199
180.0 10.0 -2.5 3.75 10000000134.6793
180.0 -5.0 0.0 3.75 10000000028.862701
180.0 -2.5 0.0 3.75 10000000278.9885
180.0 0.0 0.0 3.75 10000000074.1516
180.0 2.5 0.0 3.75 9999999907.513401
180.0 5.0 0.0 3.75 9999999765.447802
180.0 7.5 0.0 3.75 213948708.6652
180.0 10.0 0.0 3.75 10000000084.521801
180.0 -5.0 2.5 3.75 9999999980.070301
180.0 -2.5 2.5 3.75 9999999850.7262
180.0 0.0 2.5 3.75 10000000018.2586
180.0 2.5 2.5 3.75 9999999844.4213
180.0 5.0 2.5 3.75 10000000150.880402
180.0 7.5 2.5 3.75 10000000007.673302
180.0 10.0 2.5 3.75 9999999958.546902
180.0 -5.0 5.0 3.75 870052424.1693001
180.0 -2.5 5.0 3.75 3525254.2416
180.0 0.0 5.0 3.75 1597782469.2011
180.0 2.5 5.0 3.75 9999999963.439001
180.0 5.0 5.0 3.75 9981018365.364601
180.0 7.5 5.0 3.75 9999999926.133001
180.0 10.0 5.0 3.75 9999999921.353102
180.0 5.0 -2.5 8.75 696983401.8492999
180.0 5.0 -2.5 10.0 1043945746.9633
180.0 2.5 2.5 10.0 6776337461.0784
180.0 5.0 -10.0 11.25 141228992.4139
180.0 7.5 -10.0 11.25 1786197.781
180.0 -2.5 -7.5 11.25 526884.8576999999
180.0 5.0 -7.5 11.25 4940942690.086101
180.0 2.5 -5.0 11.25 13920.463399999999
180.0 5.0 -5.0 11.25 449988256.70049995
180.0 7.5 -5.0 11.25 2578389.9479
180.0 10.0 -5.0 11.25 7173828461.9786
180.0 5.0 -2.5 11.25 204157.61359999998
180.0 0.0 0.0 11.25 9999999870.3547
180.0 -2.5 2.5 11.25 44701.9386
180.0 2.5 2.5 11.25 61296641.713199995
180.0 -5.0 5.0 11.25 -46.7771
180.0 5.0 5.0 11.25 1962645956.6832
180.0 0.0 -10.0 12.5 1.3883
180.0 2.5 -10.0 12.5 -6.1738
180.0 5.0 -10.0 12.5 13752.657200000001
180.0 7.5 -10.0 12.5 58732.4393
180.0 10.0 -10.0 12.5 326466.7841
180.0 -2.5 -7.5 12.5 45.3621
180.0 0.0 -7.5 12.5 446.1547
180.0 2.5 -7.5 12.5 1.7607
180.0 5.0 -7.5 12.5 83109.53289999999
180.0 7.5 -7.5 12.5 105545.0312
180.0 10.0 -7.5 12.5 6960884.435199999
180.0 2.5 -5.0 12.5 67.99750000000002
180.0 5.0 -5.0 12.5 860.3598
180.0 7.5 -5.0 12.5 47501.1832
180.0 10.0 -5.0 12.5 10000000236.322401
180.0 2.5 -2.5 12.5 25257.997700000004
180.0 5.0 -2.5 12.5 47438.272600000004
180.0 0.0 0.0 12.5 48390.012
180.0 2.5 0.0 12.5 781792.1119
180.0 5.0 0.0 12.5 4579547.1125
180.0 -2.5 2.5 12.5 45.61280000000001
180.0 0.0 2.5 12.5 127673117.69759999
180.0 2.5 2.5 12.5 3100008630.4582
180.0 -5.0 5.0 12.5 -45.0093
180.0 2.5 5.0 12.5 9999999900.1037
180.0 5.0 5.0 12.5 825436262.9502
180.0 -5.0 -10.0 13.75 18.967000000000002
180.0 -2.5 -10.0 13.75 11.5208
180.0 0.0 -10.0 13.75 1.3969
180.0 2.5 -10.0 13.75 -4.1005
180.0 5.0 -10.0 13.75 3.2132999999999994
180.0 7.5 -10.0 13.75 91.0493
180.0 10.0 -10.0 13.75 380.1398
180.0 -2.5 -7.5 13.75 -6.7422
180.0 0.0 -7.5 13.75 -26.617900000000002
180.0 2.5 -7.5 13.75 -39.5946
180.0 5.0 -7.5 13.75 -16.0365
180.0 7.5 -7.5 13.75 11213.0394
180.0 10.0 -7.5 13.75 8909614.7971
180.0 -2.5 -5.0 13.75 -35.0007
180.0 0.0 -5.0 13.75 -51.9232
180.0 2.5 -5.0 13.75 -72.735
180.0 5.0 -5.0 13.75 -68.1145
180.0 7.5 -5.0 13.75 3785741382.1499
180.0 10.0 -5.0 13.75 19384361.46
180.0 2.5 -2.5 13.75 -51.614599999999996
180.0 5.0 -2.5 13.75 -35.926500000000004
180.0 7.5 -2.5 13.75 9999999897.442902
180.0 -2.5 0.0 13.75 -55.7487
180.0 0.0 0.0 13.75 15719.3747
180.0 2.5 0.0 13.75 39996637.756699994
180.0 5.0 0.0 13.75 107195253.8966
180.0 -5.0 2.5 13.75 -34.826299999999996
180.0 -2.5 2.5 13.75 -64.6631
180.0 0.0 2.5 13.75 150237122.847
180.0 2.5 2.5 13.75 54669325.8438
180.0 -5.0 5.0 13.75 -40.258900000000004
180.0 -2.5 5.0 13.75 1132.7522000000001
180.0 0.0 5.0 13.75 25712111.0332
180.0 2.5 5.0 13.75 296188429.9359
180.0 5.0 5.0 13.75 7774318.4785
180.0 -5.0 -10.0 15.0 13.2708
180.0 -2.5 -10.0 15.0 7.679900000000001
180.0 0.0 -10.0 15.0 0.3789
180.0 2.5 -10.0 15.0 -3.1271
180.0 5.0 -10.0 15.0 -0.29910000000000014
180.0 7.5 -10.0 15.0 7.206600000000001
180.0 10.0 -10.0 15.0 10.265699999999999
180.0 -5.0 -7.5 15.0 10.1584
180.0 -2.5 -7.5 15.0 -3.4623
180.0 0.0 -7.5 15.0 -19.943700000000003
180.0 2.5 -7.5 15.0 -27.052500000000002
180.0 5.0 -7.5 15.0 -29.9435
180.0 7.5 -7.5 15.0 -10.5417
180.0 10.0 -7.5 15.0 261.0929
180.0 -2.5 -5.0 15.0 -21.0254
180.0 0.0 -5.0 15.0 -41.726400000000005
180.0 2.5 -5.0 15.0 -50.7088
180.0 5.0 -5.0 15.0 -58.5289
180.0 7.5 -5.0 15.0 22267.1429
180.0 10.0 -5.0 15.0 345334.5138
180.0 -2.5 -2.5 15.0 -35.2872
180.0 0.0 -2.5 15.0 -51.779399999999995
180.0 2.5 -2.5 15.0 -59.073
180.0 5.0 -2.5 15.0 -57.1338
180.0 7.5 -2.5 15.0 713.6802
180.0 10.0 -2.5 15.0 406.58680000000004
180.0 -2.5 0.0 15.0 -44.4625
180.0 0.0 0.0 15.0 -51.8351
180.0 2.5 0.0 15.0 29.646899999999995
180.0 5.0 0.0 15.0 586.5592
180.0 7.5 0.0 15.0 936.0256999999999
180.0 10.0 0.0 15.0 -68.8813
180.0 -5.0 2.5 15.0 -26.359099999999998
180.0 -2.5 2.5 15.0 -53.463300000000004
180.0 0.0 2.5 15.0 50771.9118
180.0 2.5 2.5 15.0 70960491.6365
180.0 5.0 2.5 15.0 2567.5038999999997
180.0 7.5 2.5 15.0 230.8399
180.0 10.0 2.5 15.0 -23.6051
180.0 -5.0 5.0 15.0 -32.6775
180.0 -2.5 5.0 15.0 44.977799999999995
180.0 0.0 5.0 15.0 86980.1684
180.0 2.5 5.0 15.0 115919214.45879999
180.0 5.0 5.0 15.0 755425.2938999999
180.0 7.5 5.0 15.0 116284.8765
180.0 10.0 5.0 15.0 223.443
180.0 -5.0 -10.0 16.25 8.2579
180.0 -2.5 -10.0 16.25 5.4885
180.0 0.0 -10.0 16.25 -0.2268
180.0 2.5 -10.0 16.25 -2.5041
180.0 5.0 -10.0 16.25 -3.3354
180.0 7.5 -10.0 16.25 -1.6149
180.0 10.0 -10.0 16.25 0.8109
180.0 -5.0 -7.5 16.25 7.3561
180.0 -2.5 -7.5 16.25 -0.7568
180.0 0.0 -7.5 16.25 -11.4741
180.0 2.5 -7.5 16.25 -19.5303
180.0 5.0 -7.5 16.25 -26.0086
180.0 7.5 -7.5 16.25 -31.9552
180.0 10.0 -7.5 16.25 -24.781899999999997
180.0 -5.0 -5.0 16.25 0.32789999999999997
180.0 -2.5 -5.0 16.25 -10.774799999999999
180.0 0.0 -5.0 16.25 -24.985
180.0 2.5 -5.0 16.25 -33.419
180.0 5.0 -5.0 16.25 -46.647999999999996
180.0 7.5 -5.0 16.25 -73.3064
180.0 10.0 -5.0 16.25 84.32409999999999
180.0 -5.0 -2.5 16.25 -7.5023
180.0 -2.5 -2.5 16.25 -21.2041
180.0 0.0 -2.5 16.25 -32.9551
180.0 2.5 -2.5 16.25 -39.8012
180.0 5.0 -2.5 16.25 -48.2532
180.0 7.5 -2.5 16.25 -67.92219999999999
180.0 10.0 -2.5 16.25 -80.179
180.0 -2.5 0.0 16.25 -29.1653
180.0 0.0 0.0 16.25 -40.5436
180.0 2.5 0.0 16.25 -42.033199999999994
180.0 5.0 0.0 16.25 -38.6036
180.0 7.5 0.0 16.25 -38.9686
180.0 10.0 0.0 16.25 -52.9836
180.0 -5.0 2.5 16.25 -20.0439
180.0 -2.5 2.5 16.25 -40.1244
180.0 0.0 2.5 16.25 -23.554599999999997
180.0 2.5 2.5 16.25 -6.254200000000004
180.0 5.0 2.5 16.25 -15.2143
180.0 7.5 2.5 16.25 -3.5612
180.0 10.0 2.5 16.25 -15.0096
180.0 -5.0 5.0 16.25 -25.5609
180.0 -2.5 5.0 16.25 -49.8537
180.0 0.0 5.0 16.25 -61.59689999999999
180.0 2.5 5.0 16.25 14.983800000000002
180.0 5.0 5.0 16.25 25515.210900000002
180.0 7.5 5.0 16.25 153.3212
180.0 10.0 5.0 16.25 24.921799999999998
240.0 -5.0 -10.0 3.75 759037630.0614
240.0 -2.5 -10.0 3.75 677798897.6908
240.0 0.0 -10.0 3.75 2400219506.791
240.0 2.5 -10.0 3.75 5003265140.9697
240.0 5.0 -10.0 3.75 9999999952.177502
240.0 7.5 -10.0 3.75 53154268.7086
240.0 10.0 -10.0 3.75 9999999911.604
240.0 -5.0 -7.5 3.75 9999999905.362001
240.0 -2.5 -7.5 3.75 10000000164.728
240.0 0.0 -7.5 3.75 10000000008.8363
240.0 2.5 -7.5 3.75 9999999974.6835
240.0 5.0 -7.5 3.75 10000000221.700602
240.0 7.5 -7.5 3.75 9999999806.6081
240.0 10.0 -7.5 3.75 10000000360.918201
240.0 -5.0 -5.0 3.75 283193421.1343
240.0 -2.5 -5.0 3.75 9999999673.242601
240.0 0.0 -5.0 3.75 10000000269.173
240.0 2.5 -5.0 3.75 10000000026.4564
240.0 5.0 -5.0 3.75 10000000006.0974
240.0 7.5 -5.0 3.75 10000000500.4349
240.0 10.0 -5.0 3.75 9999999900.278
240.0 -5.0 -2.5 3.75 3038423944.9724
240.0 -2.5 -2.5 3.75 9999999896.764301
240.0 0.0 -2.5 3.75 10000000347.192701
240.0 2.5 -2.5 3.75 10000000332.639
240.0 5.0 -2.5 3.75 10000000356.685501
240.0 7.5 -2.5 3.75 9999999863.043701
240.0 10.0 -2.5 3.75 9999999910.407501
240.0 -5.0 0.0 3.75 10000000292.955101
240.0 -2.5 0.0 3.75 9999999995.531
240.0 0.0 0.0 3.75 10000000410.3384
240.0 2.5 0.0 3.75 10000000232.4613
240.0 5.0 0.0 3.75 845975726.8306999
240.0 7.5 0.0 3.75 9999999927.741701
240.0 10.0 0.0 3.75 10000000253.1376
240.0 -5.0 2.5 3.75 9999999931.2598
240.0 -2.5 2.5 3.75 9999999993.6611
240.0 0.0 2.5 3.75 9999999730.055801
240.0 2.5 2.5 3.75 10000000327.811901
240.0 5.0 2.5 3.75 10000000124.7544
240.0 7.5 2.5 3.75 10000000014.093801
240.0 10.0 2.5 3.75 10000000232.7492
240.0 -5.0 5.0 3.75 921712757.0898
240.0 -2.5 5.0 3.75 10000000069.748901
240.0 0.0 5.0 3.75 485468111.59139997
240.0 2.5 5.0 3.75 401079956.40610003
240.0 5.0 5.0 3.75 10000000010.3325
240.0 7.5 5.0 3.75 5534273059.4382
240.0 10.0 5.0 3.75 10000000005.0294
240.0 -2.5 -10.0 11.25 27726.0479
240.0 5.0 -10.0 11.25 415.3612
240.0 10.0 -10.0 11.25 -2.681
240.0 5.0 -7.5 11.25 42596.209599999995
240.0 -2.5 -2.5 11.25 1431143424.2354999
240.0 -5.0 0.0 11.25 364367.5124
240.0 -2.5 0.0 11.25 6537083108.6963005
240.0 0.0 0.0 11.25 377253658.5392
240.0 -5.0 2.5 11.25 10000000073.2303
240.0 0.0 2.5 11.25 86684244.7621
240.0 0.0 5.0 11.25 4372577481.5209
240.0 -5.0 -10.0 12.5 92.9597
240.0 -2.5 -10.0 12.5 16.4532
240.0 0.0 -10.0 12.5 1.9055999999999997
240.0 5.0 -10.0 12.5 33.0366
240.0 7.5 -10.0 12.5 38.4904
240.0 10.0 -10.0 12.5 3.9715000000000007
240.0 5.0 -7.5 12.5 61.7625
240.0 7.5 -7.5 12.5 117.633
240.0 10.0 -7.5 12.5 -7.2051
240.0 2.5 -5.0 12.5 1373.0240999999999
240.0 -5.0 -2.5 12.5 395.0339
240.0 -2.5 -2.5 12.5 2797232.9425
240.0 0.0 -2.5 12.5 995483904.5177001
240.0 -5.0 0.0 12.5 307.92560000000003
240.0 -2.5 0.0 12.5 9999999812.998701
240.0 0.0 0.0 12.5 11128440.7336
240.0 2.5 0.0 12.5 267148592.69599998
240.0 -5.0 2.5 12.5 1930.5919999999999
240.0 0.0 2.5 12.5 1849423007.1022
240.0 0.0 5.0 12.5 9999999783.9479
240.0 -2.5 -10.0 13.75 1.2977000000000003
240.0 0.0 -10.0 13.75 4.1954
240.0 2.5 -10.0 13.75 11.8028
240.0 5.0 -10.0 13.75 20.9603
240.0 7.5 -10.0 13.75 19.652
240.0 10.0 -10.0 13.75 8.1221
240.0 -5.0 -7.5 13.75 -6.3902
240.0 2.5 -7.5 13.75 -4.5951
240.0 5.0 -7.5 13.75 9.1249
240.0 7.5 -7.5 13.75 8.5192
240.0 10.0 -7.5 13.75 -0.7472000000000001
240.0 -5.0 -5.0 13.75 -71.1622
240.0 -2.5 -5.0 13.75 -51.3842
240.0 2.5 -5.0 13.75 -23.0663
240.0 10.0 -5.0 13.75 -8.299900000000001
240.0 -5.0 -2.5 13.75 -93.7064
240.0 -2.5 -2.5 13.75 1442512.606
240.0 0.0 -2.5 13.75 234367436.0831
240.0 2.5 -2.5 13.75 252221401.567
240.0 -5.0 0.0 13.75 -90.438
240.0 -2.5 0.0 13.75 10000000136.786001
240.0 0.0 0.0 13.75 9999999856.0069
240.0 2.5 0.0 13.75 5308045.5031
240.0 -5.0 2.5 13.75 -60.338300000000004
240.0 0.0 2.5 13.75 10000000038.8061
240.0 2.5 2.5 13.75 10000000009.930601
240.0 -5.0 5.0 13.75 4042.6018999999997
240.0 0.0 5.0 13.75 174356105.9707
240.0 2.5 5.0 13.75 2875230.4778
240.0 -5.0 -10.0 15.0 4.0137
240.0 -2.5 -10.0 15.0 1.7680000000000002
240.0 0.0 -10.0 15.0 4.464499999999999
240.0 2.5 -10.0 15.0 10.0886
240.0 5.0 -10.0 15.0 16.0386
240.0 7.5 -10.0 15.0 14.4443
240.0 10.0 -10.0 15.0 7.4899000000000004
240.0 -5.0 -7.5 15.0 -23.9797
240.0 -2.5 -7.5 15.0 -22.546200000000002
240.0 0.0 -7.5 15.0 -13.3914
240.0 2.5 -7.5 15.0 -2.528
240.0 5.0 -7.5 15.0 6.042800000000001
240.0 7.5 -7.5 15.0 5.7893
240.0 10.0 -7.5 15.0 2.0646
240.0 -5.0 -5.0 15.0 -49.5851
240.0 -2.5 -5.0 15.0 -49.7817
240.0 0.0 -5.0 15.0 -39.5767
240.0 2.5 -5.0 15.0 -26.9267
240.0 5.0 -5.0 15.0 -17.8183
240.0 7.5 -5.0 15.0 -13.6289
240.0 10.0 -5.0 15.0 -8.930299999999999
240.0 -5.0 -2.5 15.0 -70.89989999999999
240.0 -2.5 -2.5 15.0 -23.3187
240.0 0.0 -2.5 15.0 5528.6557
240.0 2.5 -2.5 15.0 1850.8007
240.0 5.0 -2.5 15.0 -38.3753
240.0 7.5 -2.5 15.0 -29.6957
240.0 10.0 -2.5 15.0 -22.1738
240.0 -5.0 0.0 15.0 -82.7769
240.0 -2.5 0.0 15.0 4137129.6220000004
240.0 0.0 0.0 15.0 29481840.4985
240.0 2.5 0.0 15.0 1995.0569
240.0 5.0 0.0 15.0 -37.0817
240.0 10.0 0.0 15.0 -29.518199999999997
240.0 -5.0 2.5 15.0 -47.5202
240.0 -2.5 2.5 15.0 -55.8689
240.0 0.0 2.5 15.0 1255717.3886
240.0 2.5 2.5 15.0 3436250.3112
240.0 5.0 2.5 15.0 521.6352
240.0 10.0 2.5 15.0 2805.2743
240.0 -5.0 5.0 15.0 0.8271
240.0 0.0 5.0 15.0 9548784562.18
240.0 2.5 5.0 15.0 16266.401600000001
240.0 5.0 5.0 15.0 0.6581999999999999
240.0 -5.0 -10.0 16.25 2.6222
240.0 -2.5 -10.0 16.25 1.798
240.0 0.0 -10.0 16.25 3.0349999999999997
240.0 2.5 -10.0 16.25 8.0786
240.0 5.0 -10.0 16.25 11.6606
240.0 7.5 -10.0 16.25 11.1858
240.0 10.0 -10.0 16.25 7.319
240.0 -5.0 -7.5 16.25 -13.8223
240.0 -2.5 -7.5 16.25 -13.738
240.0 0.0 -7.5 16.25 -8.5021
240.0 2.5 -7.5 16.25 -1.3016999999999999
240.0 5.0 -7.5 16.25 3.5875000000000004
240.0 7.5 -7.5 16.25 4.1648
240.0 10.0 -7.5 16.25 3.1678
240.0 -5.0 -5.0 16.25 -32.6502
240.0 -2.5 -5.0 16.25 -33.415099999999995
240.0 0.0 -5.0 16.25 -29.2062
240.0 2.5 -5.0 16.25 -19.9303
240.0 5.0 -5.0 16.25 -11.7792
240.0 7.5 -5.0 16.25 -8.7558
240.0 10.0 -5.0 16.25 -5.923299999999999
240.0 -5.0 -2.5 16.25 -49.547900000000006
240.0 -2.5 -2.5 16.25 -56.9818
240.0 0.0 -2.5 16.25 -52.780899999999995
240.0 2.5 -2.5 16.25 -38.6724
240.0 5.0 -2.5 16.25 -27.651699999999998
240.0 7.5 -2.5 16.25 -23.107
240.0 10.0 -2.5 16.25 -19.7758
240.0 -5.0 0.0 16.25 -57.466100000000004
240.0 -2.5 0.0 16.25 -70.3022
240.0 0.0 0.0 16.25 173.7078
240.0 2.5 0.0 16.25 -45.7288
240.0 5.0 0.0 16.25 -34.978899999999996
240.0 7.5 0.0 16.25 -33.5176
240.0 10.0 0.0 16.25 -44.8089
240.0 -5.0 2.5 16.25 -32.9247
240.0 -2.5 2.5 16.25 -40.6704
240.0 0.0 2.5 16.25 44.932100000000005
240.0 2.5 2.5 16.25 142.65
240.0 5.0 2.5 16.25 -27.185599999999997
240.0 7.5 2.5 16.25 -36.494099999999996
240.0 10.0 2.5 16.25 -55.1221
240.0 -5.0 5.0 16.25 0.41390000000000016
240.0 -2.5 5.0 16.25 17.5209
240.0 0.0 5.0 16.25 2033434.1367000001
240.0 2.5 5.0 16.25 92.9281
240.0 5.0 5.0 16.25 -4.1965
240.0 7.5 5.0 16.25 -36.688399999999994
240.0 10.0 5.0 16.25 -56.689899999999994
300.0 -5.0 -10.0 3.75 9999999861.9039
300.0 -2.5 -10.0 3.75 9056691222.4114
300.0 0.0 -10.0 3.75 10000000025.6257
300.0 2.5 -10.0 3.75 10000000347.070702
300.0 5.0 -10.0 3.75 9999999859.993801
300.0 7.5 -10.0 3.75 1282215843.8364
300.0 10.0 -10.0 3.75 49150870.17160001
300.0 -5.0 -7.5 3.75 10000000226.3155
300.0 -2.5 -7.5 3.75 9999999882.845001
300.0 0.0 -7.5 3.75 1085446363.8957999
300.0 2.5 -7.5 3.75 10000000027.8335
300.0 5.0 -7.5 3.75 3602539851.4242
300.0 7.5 -7.5 3.75 9999999890.827301
300.0 10.0 -7.5 3.75 466008590.73319995
300.0 -5.0 -5.0 3.75 10000000549.747002
300.0 -2.5 -5.0 3.75 9999999986.711802
300.0 0.0 -5.0 3.75 9999999956.937801
300.0 2.5 -5.0 3.75 10000000067.4545
300.0 5.0 -5.0 3.75 9999999894.664902
300.0 7.5 -5.0 3.75 7451985005.2253
300.0 10.0 -5.0 3.75 1196294563.176
300.0 -5.0 -2.5 3.75 10000000372.161901
300.0 -2.5 -2.5 3.75 10000000142.805801
300.0 0.0 -2.5 3.75 10000000006.901201
300.0 2.5 -2.5 3.75 10000000164.543901
300.0 5.0 -2.5 3.75 10000000235.5576
300.0 7.5 -2.5 3.75 9999999997.5454
300.0 10.0 -2.5 3.75 4515702947.8554
300.0 -5.0 0.0 3.75 9999999859.1651
300.0 -2.5 0.0 3.75 9999999924.5205
300.0 0.0 0.0 3.75 9999999805.098902
300.0 2.5 0.0 3.75 9368339337.163198
300.0 5.0 0.0 3.75 9999999342.974201
300.0 7.5 0.0 3.75 9999999838.8705
300.0 10.0 0.0 3.75 2781053466.1564
300.0 -5.0 2.5 3.75 2641458287.2964
300.0 -2.5 2.5 3.75 9999999726.5967
300.0 0.0 2.5 3.75 9999999950.353102
300.0 2.5 2.5 3.75 511709721.1251
300.0 5.0 2.5 3.75 10000000290.3505
300.0 7.5 2.5 3.75 9999999829.6893
300.0 10.0 2.5 3.75 38350141.692
300.0 -5.0 5.0 3.75 10000000062.4493
300.0 -2.5 5.0 3.75 223448935.21109998
300.0 0.0 5.0 3.75 9999999865.785002
300.0 2.5 5.0 3.75 9999999831.9717
300.0 5.0 5.0 3.75 10000000214.786201
300.0 7.5 5.0 3.75 746211795.5293
300.0 10.0 5.0 3.75 2453415646.4216
300.0 -2.5 -5.0 8.75 10000000123.359201
300.0 -5.0 5.0 8.75 128120.0089
300.0 -2.5 -10.0 10.0 8159877.1684
300.0 -2.5 -7.5 10.0 114911104.3373
300.0 -2.5 -5.0 10.0 1521829530.5054
300.0 -5.0 -2.5 10.0 10000000830.8943
300.0 -2.5 2.5 10.0 16211032.7278
300.0 -5.0 5.0 10.0 2208.4702
300.0 -2.5 5.0 10.0 101646.41309999999
300.0 0.0 5.0 10.0 29367180.8792
300.0 -2.5 -10.0 11.25 748870.2548999999
300.0 0.0 -10.0 11.25 17679706.0825
300.0 2.5 -10.0 11.25 8895147.5804
300.0 -2.5 -7.5 11.25 931843.0439
300.0 0.0 -7.5 11.25 6751640553.332
300.0 -2.5 -5.0 11.25 10000000069.1098
300.0 -2.5 0.0 11.25 10000000206.856901
300.0 -5.0 2.5 11.25 10000000258.954401
300.0 -2.5 2.5 11.25 377983142.5694
300.0 -5.0 5.0 11.25 74099453.0434
300.0 -2.5 5.0 11.25 29104.0821
300.0 0.0 5.0 11.25 2102.4542
300.0 5.0 5.0 11.25 9999999918.2028
300.0 -2.5 -10.0 12.5 -38.883900000000004
300.0 0.0 -10.0 12.5 9177.3691
300.0 2.5 -10.0 12.5 3826.877
300.0 5.0 -10.0 12.5 -24.0137
300.0 7.5 -10.0 12.5 -9.0232
300.0 -5.0 -7.5 12.5 45003.031800000004
300.0 -2.5 -7.5 12.5 33515.5121
300.0 0.0 -7.5 12.5 156600347.4203
300.0 2.5 -7.5 12.5 617905954.8824
300.0 -5.0 -5.0 12.5 6385684.6434
300.0 -2.5 -5.0 12.5 23068317.0308
300.0 0.0 -5.0 12.5 704078117.9101
300.0 -5.0 -2.5 12.5 23314885.589700002
300.0 -2.5 0.0 12.5 10000000128.694302
300.0 -5.0 2.5 12.5 401936.3531
300.0 -2.5 2.5 12.5 10000000146.8866
300.0 0.0 2.5 12.5 9999999622.7835
300.0 -5.0 5.0 12.5 2796881.9356
300.0 -2.5 5.0 12.5 8319304.0024999995
300.0 0.0 5.0 12.5 615.4110000000001
300.0 5.0 5.0 12.5 9999999990.7688
300.0 7.5 5.0 12.5 165019.3291
300.0 -5.0 -10.0 13.75 -39.1148
300.0 -2.5 -10.0 13.75 -39.9198
300.0 0.0 -10.0 13.75 -30.0469
300.0 2.5 -10.0 13.75 9.892899999999997
300.0 5.0 -10.0 13.75 -21.980600000000003
300.0 7.5 -10.0 13.75 -7.9105
300.0 10.0 -10.0 13.75 -0.8392
300.0 -5.0 -7.5 13.75 9.738199999999999
300.0 -2.5 -7.5 13.75 684.6775
300.0 0.0 -7.5 13.75 82.0779
300.0 2.5 -7.5 13.75 995955.045
300.0 5.0 -7.5 13.75 672.199
300.0 -5.0 -5.0 13.75 1039.8593
300.0 -2.5 -5.0 13.75 6413.5314
300.0 0.0 -5.0 13.75 4430.2805
300.0 2.5 -2.5 13.75 2095343606.4641
300.0 -5.0 0.0 13.75 1376738.5231
300.0 -2.5 0.0 13.75 118928362.34539999
300.0 -5.0 2.5 13.75 2216467.0827
300.0 -2.5 2.5 13.75 85085.1697
300.0 0.0 2.5 13.75 157528.6439
300.0 10.0 2.5 13.75 -45.287099999999995
300.0 -5.0 5.0 13.75 1549.4851
300.0 -2.5 5.0 13.75 4025.4747
300.0 0.0 5.0 13.75 53.1118
300.0 2.5 5.0 13.75 21867327.8141
300.0 7.5 5.0 13.75 15255.3231
300.0 10.0 5.0 13.75 131.0288
300.0 -5.0 -10.0 15.0 -26.0594
300.0 -2.5 -10.0 15.0 -27.0334
300.0 0.0 -10.0 15.0 -27.892200000000003
300.0 2.5 -10.0 15.0 -26.2453
300.0 5.0 -10.0 15.0 -16.5244
300.0 7.5 -10.0 15.0 -6.0229
300.0 10.0 -10.0 15.0 -0.6742
300.0 -5.0 -7.5 15.0 -10.744
300.0 -2.5 -7.5 15.0 -23.8869
300.0 0.0 -7.5 15.0 -48.8001
300.0 2.5 -7.5 15.0 -1.5765999999999991
300.0 5.0 -7.5 15.0 -33.0275
300.0 7.5 -7.5 15.0 -21.311
300.0 10.0 -7.5 15.0 -10.198
300.0 -5.0 -5.0 15.0 19.3606
300.0 -2.5 -5.0 15.0 7.1491
300.0 0.0 -5.0 15.0 249.5574
300.0 2.5 -5.0 15.0 5600.0772
300.0 5.0 -5.0 15.0 36956.7682
300.0 7.5 -5.0 15.0 -39.1984
300.0 -5.0 -2.5 15.0 171.5038
300.0 -2.5 -2.5 15.0 453.331
300.0 0.0 -2.5 15.0 143995.625
300.0 2.5 -2.5 15.0 654692813.4315
300.0 7.5 -2.5 15.0 -52.2294
300.0 -5.0 0.0 15.0 439246.7625
300.0 -2.5 0.0 15.0 742271.4345
300.0 0.0 0.0 15.0 26226086.874300003
300.0 2.5 0.0 15.0 5987306.1102
300.0 5.0 0.0 15.0 11.072599999999994
300.0 -5.0 2.5 15.0 98163.36630000001
300.0 -2.5 2.5 15.0 321.4017
300.0 0.0 2.5 15.0 563.0979
300.0 2.5 2.5 15.0 35.8938
300.0 5.0 2.5 15.0 403.3686
300.0 7.5 2.5 15.0 -39.5505
300.0 10.0 2.5 15.0 -32.9765
300.0 -5.0 5.0 15.0 107.85470000000001
300.0 -2.5 5.0 15.0 63.5677
300.0 0.0 5.0 15.0 27.300500000000003
300.0 2.5 5.0 15.0 3060.4262
300.0 5.0 5.0 15.0 1090.2857999999999
300.0 7.5 5.0 15.0 -37.110699999999994
300.0 10.0 5.0 15.0 -31.9984
300.0 -5.0 -10.0 16.25 -16.840600000000002
300.0 -2.5 -10.0 16.25 -19.3322
300.0 0.0 -10.0 16.25 -21.6966
300.0 2.5 -10.0 16.25 -19.620399999999997
300.0 5.0 -10.0 16.25 -11.348999999999998
300.0 7.5 -10.0 16.25 -4.0704
300.0 10.0 -10.0 16.25 -0.1394
300.0 -5.0 -7.5 16.25 -8.121599999999999
300.0 -2.5 -7.5 16.25 -19.6858
300.0 0.0 -7.5 16.25 -34.3036
300.0 2.5 -7.5 16.25 -37.0379
300.0 5.0 -7.5 16.25 -26.3275
300.0 7.5 -7.5 16.25 -15.0337
300.0 10.0 -7.5 16.25 -6.0178
300.0 -5.0 -5.0 16.25 12.7933
300.0 -2.5 -5.0 16.25 -3.8824
300.0 0.0 -5.0 16.25 -35.3808
300.0 2.5 -5.0 16.25 -49.1834
300.0 5.0 -5.0 16.25 -41.4313
300.0 7.5 -5.0 16.25 -27.0577
300.0 10.0 -5.0 16.25 -14.749199999999998
300.0 -5.0 -2.5 16.25 38.622
300.0 -2.5 -2.5 16.25 29.354200000000002
300.0 0.0 -2.5 16.25 101.5404
300.0 2.5 -2.5 16.25 277.1297
300.0 5.0 -2.5 16.25 -49.1773
300.0 7.5 -2.5 16.25 -35.4647
300.0 10.0 -2.5 16.25 -22.0872
300.0 -5.0 0.0 16.25 243.346
300.0 -2.5 0.0 16.25 37785.8864
300.0 0.0 0.0 16.25 1274.6679
300.0 2.5 0.0 16.25 4.8919999999999995
300.0 5.0 0.0 16.25 -39.0564
300.0 10.0 0.0 16.25 -24.0983
300.0 -5.0 2.5 16.25 96.8538
300.0 -2.5 2.5 16.25 74.41799999999999
300.0 0.0 2.5 16.25 46.4156
300.0 2.5 2.5 16.25 -6.2814
300.0 5.0 2.5 16.25 -28.3665
300.0 7.5 2.5 16.25 -30.9631
300.0 10.0 2.5 16.25 -23.398799999999998
300.0 -5.0 5.0 16.25 51.188500000000005
300.0 -2.5 5.0 16.25 40.58860000000001
300.0 0.0 5.0 16.25 17.7904
300.0 2.5 5.0 16.25 -9.277899999999999
300.0 5.0 5.0 16.25 -34.7757
300.0 7.5 5.0 16.25 -38.1787
300.0 10.0 5.0 16.25 -26.5002
