0.0 5.0 -7.5 6.25 3512531058.4507003
0.0 -2.5 5.0 6.25 32375.687899999997
0.0 0.0 2.5 7.5 10000000014.516602
0.0 -2.5 5.0 7.5 9999999958.385302
0.0 0.0 5.0 7.5 9999999880.0084
0.0 2.5 -10.0 8.75 8958352797.663198
0.0 5.0 -10.0 8.75 115435985.7458
0.0 7.5 -10.0 8.75 185848973.33969998
0.0 0.0 -7.5 8.75 9999999931.880001
0.0 5.0 -7.5 8.75 10000000025.479502
0.0 0.0 0.0 8.75 817663422.5495
0.0 0.0 2.5 8.75 3057967749.6526003
0.0 -2.5 5.0 8.75 232839.6026
0.0 0.0 5.0 8.75 4348665216.9579
0.0 2.5 5.0 8.75 754426125.0425
0.0 5.0 5.0 8.75 10000000042.0499
0.0 5.0 -10.0 10.0 319603428.5061
0.0 7.5 -10.0 10.0 9999999977.580101
0.0 0.0 -7.5 10.0 2354280276.5919003
0.0 2.5 -7.5 10.0 10000000046.3987
0.0 5.0 -7.5 10.0 9999999785.7581
0.0 -2.5 -5.0 10.0 9999999537.861801
0.0 2.5 -5.0 10.0 10000000156.119501
0.0 -2.5 -2.5 10.0 9999999821.468601
0.0 0.0 -2.5 10.0 9999999963.2206
0.0 -2.5 0.0 10.0 493239914.32210004
0.0 0.0 0.0 10.0 1344484852.9186
0.0 2.5 0.0 10.0 9999999951.9999
0.0 0.0 2.5 10.0 6319291721.1397
0.0 2.5 2.5 10.0 10000000061.385601
0.0 7.5 2.5 10.0 10000000063.5876
0.0 -2.5 5.0 10.0 413011.248
0.0 0.0 5.0 10.0 895118678.2215
0.0 2.5 5.0 10.0 9999999993.1697
0.0 5.0 5.0 10.0 748893994.3388
0.0 2.5 -10.0 11.25 1465214646.7921
0.0 5.0 -10.0 11.25 58626438.1133
0.0 7.5 -10.0 11.25 277993058.9465
0.0 10.0 -10.0 11.25 10000000285.8449
0.0 0.0 -7.5 11.25 551377589.9280001
0.0 2.5 -7.5 11.25 3415235387.8365
0.0 5.0 -7.5 11.25 2647638704.453
0.0 7.5 -7.5 11.25 10000000231.3243
0.0 -2.5 -5.0 11.25 10000000076.6837
0.0 0.0 -5.0 11.25 743807366.5567
0.0 2.5 -5.0 11.25 10000000017.9246
0.0 5.0 -5.0 11.25 9999999980.689901
0.0 -5.0 -2.5 11.25 56731.2932
0.0 -2.5 -2.5 11.25 9999999923.3491
0.0 0.0 -2.5 11.25 647548364.0200001
0.0 7.5 -2.5 11.25 1653750955.8302
0.0 -2.5 0.0 11.25 346403154.45960003
0.0 0.0 0.0 11.25 4871752.4149
0.0 2.5 0.0 11.25 1874388240.4305
0.0 -2.5 2.5 11.25 2533.7021
0.0 0.0 2.5 11.25 289312866.6714
0.0 2.5 2.5 11.25 3110951898.6995997
0.0 5.0 2.5 11.25 30734235.650900003
0.0 7.5 2.5 11.25 25224775.9098
0.0 -5.0 5.0 11.25 -2.1102
0.0 -2.5 5.0 11.25 442.7791
0.0 0.0 5.0 11.25 512964593.8269
0.0 2.5 5.0 11.25 10000000003.43
0.0 5.0 5.0 11.25 11902518.733900001
0.0 7.5 5.0 11.25 3009383758.7978997
0.0 0.0 -10.0 12.5 1505641370.8144
0.0 2.5 -10.0 12.5 602242225.0418
0.0 5.0 -10.0 12.5 9864719.2985
0.0 7.5 -10.0 12.5 305383572.24899995
0.0 10.0 -10.0 12.5 9799345.5961
0.0 -2.5 -7.5 12.5 10000000120.585201
0.0 0.0 -7.5 12.5 2058917621.4955
0.0 2.5 -7.5 12.5 5459136996.3749
0.0 5.0 -7.5 12.5 10000000102.8833
0.0 7.5 -7.5 12.5 43134519.9385
0.0 10.0 -7.5 12.5 48819343.438499995
0.0 -5.0 -5.0 12.5 63287.1711
0.0 -2.5 -5.0 12.5 9999999974.3483
0.0 0.0 -5.0 12.5 425410169.2763
0.0 2.5 -5.0 12.5 9999999810.9929
0.0 5.0 -5.0 12.5 10000000154.982801
0.0 7.5 -5.0 12.5 3135438756.4605
0.0 10.0 -5.0 12.5 10000000012.6791
0.0 -5.0 -2.5 12.5 15501.1322
0.0 -2.5 -2.5 12.5 295028307.4849
0.0 0.0 -2.5 12.5 287360931.9005
0.0 2.5 -2.5 12.5 10000000095.491201
0.0 5.0 -2.5 12.5 647238653.9784
0.0 7.5 -2.5 12.5 10000000124.1424
0.0 -5.0 0.0 12.5 16.278299999999998
0.0 -2.5 0.0 12.5 1051756.0731
0.0 0.0 0.0 12.5 929229.6033000001
0.0 2.5 0.0 12.5 22828221.222400002
0.0 5.0 0.0 12.5 5668379999.589
0.0 -2.5 2.5 12.5 9.0739
0.0 0.0 2.5 12.5 16554.7111
0.0 2.5 2.5 12.5 25334962.7003
0.0 5.0 2.5 12.5 11437222.2138
0.0 7.5 2.5 12.5 261332510.65359998
0.0 10.0 2.5 12.5 7413991.8209999995
0.0 -5.0 5.0 12.5 3.1212000000000004
0.0 -2.5 5.0 12.5 13.5684
0.0 0.0 5.0 12.5 2228658.0554000004
0.0 2.5 5.0 12.5 33828779.4529
0.0 5.0 5.0 12.5 8234691597.9703
0.0 7.5 5.0 12.5 1781492.0215
0.0 10.0 5.0 12.5 3464656171.3431997
0.0 0.0 -10.0 13.75 6545282135.7436
0.0 2.5 -10.0 13.75 34694.2737
0.0 5.0 -10.0 13.75 133448.8115
0.0 7.5 -10.0 13.75 3132856.4575
0.0 10.0 -10.0 13.75 46581.361
0.0 -2.5 -7.5 13.75 1370758490.7806
0.0 0.0 -7.5 13.75 10000000014.9619
0.0 2.5 -7.5 13.75 10000000084.259401
0.0 5.0 -7.5 13.75 5868668729.409901
0.0 7.5 -7.5 13.75 10000000125.0422
0.0 10.0 -7.5 13.75 4736488.6087
0.0 -5.0 -5.0 13.75 110615.2105
0.0 -2.5 -5.0 13.75 93330631.3238
0.0 0.0 -5.0 13.75 206322220.2029
0.0 2.5 -5.0 13.75 85231621.4717
0.0 5.0 -5.0 13.75 1417929535.8078
0.0 7.5 -5.0 13.75 10000000467.5905
0.0 10.0 -5.0 13.75 5272088.4773
0.0 -5.0 -2.5 13.75 4674.847699999999
0.0 -2.5 -2.5 13.75 459100.5686
0.0 0.0 -2.5 13.75 75410.9265
0.0 2.5 -2.5 13.75 9999999941.1149
0.0 5.0 -2.5 13.75 10000000035.0407
0.0 7.5 -2.5 13.75 453846102.658
0.0 -5.0 0.0 13.75 5.220500000000001
0.0 -2.5 0.0 13.75 3683.9532
0.0 0.0 0.0 13.75 7437656011.5351
0.0 2.5 0.0 13.75 27244593.2113
0.0 5.0 0.0 13.75 501011687.40400004
0.0 7.5 0.0 13.75 3619297321.4593
0.0 -5.0 2.5 13.75 8.9603
0.0 -2.5 2.5 13.75 5.993900000000001
0.0 0.0 2.5 13.75 34.8147
0.0 2.5 2.5 13.75 4902.713900000001
0.0 5.0 2.5 13.75 1221901.9433
0.0 7.5 2.5 13.75 827669.9715
0.0 10.0 2.5 13.75 3110815.9261999996
0.0 -5.0 5.0 13.75 5.3665
0.0 -2.5 5.0 13.75 7.886100000000001
0.0 0.0 5.0 13.75 171.88500000000002
0.0 2.5 5.0 13.75 92.02260000000001
0.0 5.0 5.0 13.75 3256.4463
0.0 7.5 5.0 13.75 29701.8258
0.0 10.0 5.0 13.75 884901619.464
0.0 -5.0 -10.0 15.0 528.7095
0.0 -2.5 -10.0 15.0 121.43669999999999
0.0 0.0 -10.0 15.0 8715816.1948
0.0 2.5 -10.0 15.0 166.3109
0.0 5.0 -10.0 15.0 207742.05000000002
0.0 7.5 -10.0 15.0 2269.281
0.0 10.0 -10.0 15.0 2550.0052
0.0 -5.0 -7.5 15.0 430.0267
0.0 -2.5 -7.5 15.0 10000000190.619902
0.0 0.0 -7.5 15.0 501815782.8943
0.0 2.5 -7.5 15.0 9999999855.7773
0.0 5.0 -7.5 15.0 59745935.4566
0.0 7.5 -7.5 15.0 623228.3514
0.0 10.0 -7.5 15.0 503822.0795
0.0 -5.0 -5.0 15.0 6.8045
0.0 -2.5 -5.0 15.0 136610.9296
0.0 0.0 -5.0 15.0 90432229.15529999
0.0 2.5 -5.0 15.0 10000000017.6711
0.0 5.0 -5.0 15.0 8782553999.9644
0.0 7.5 -5.0 15.0 352886533.0503
0.0 10.0 -5.0 15.0 301114.2573
0.0 -5.0 -2.5 15.0 2.3131999999999997
0.0 -2.5 -2.5 15.0 1703.8188
0.0 0.0 -2.5 15.0 20532.1754
0.0 2.5 -2.5 15.0 1471364443.6742
0.0 5.0 -2.5 15.0 1502027609.2881
0.0 7.5 -2.5 15.0 10000000024.2607
0.0 10.0 -2.5 15.0 13306043.9822
0.0 -5.0 0.0 15.0 5.972199999999999
0.0 -2.5 0.0 15.0 4.3683
0.0 0.0 0.0 15.0 485.90250000000003
0.0 2.5 0.0 15.0 70642506.12020001
0.0 5.0 0.0 15.0 50760.483499999995
0.0 7.5 0.0 15.0 7391757008.1594
0.0 10.0 0.0 15.0 22073225.3505
0.0 -5.0 2.5 15.0 7.2989
0.0 -2.5 2.5 15.0 4.7994
0.0 0.0 2.5 15.0 -6.925800000000001
0.0 2.5 2.5 15.0 46.7646
0.0 5.0 2.5 15.0 3874.9584999999997
0.0 7.5 2.5 15.0 84343472.6701
0.0 10.0 2.5 15.0 65320507.8357
0.0 -5.0 5.0 15.0 5.1152
0.0 -2.5 5.0 15.0 6.3898
0.0 0.0 5.0 15.0 5.6333
0.0 2.5 5.0 15.0 -3.6128
0.0 5.0 5.0 15.0 2262.2516
0.0 7.5 5.0 15.0 985.1451
0.0 10.0 5.0 15.0 1403.1481999999999
0.0 -5.0 -10.0 16.25 -12.383199999999999
0.0 -2.5 -10.0 16.25 -1.8624
0.0 0.0 -10.0 16.25 126812.3978
0.0 2.5 -10.0 16.25 40.176500000000004
0.0 5.0 -10.0 16.25 2144.5417
0.0 7.5 -10.0 16.25 39.3159
0.0 10.0 -10.0 16.25 9.552
0.0 -5.0 -7.5 16.25 -13.8553
0.0 -2.5 -7.5 16.25 23061.035200000002
0.0 0.0 -7.5 16.25 5731551.6331
0.0 2.5 -7.5 16.25 4636067.9435
0.0 5.0 -7.5 16.25 29476897.545500003
0.0 7.5 -7.5 16.25 49766.9088
0.0 10.0 -7.5 16.25 638579.9029999999
0.0 -5.0 -5.0 16.25 -11.5522
0.0 -2.5 -5.0 16.25 58.696299999999994
0.0 0.0 -5.0 16.25 10766.690400000001
0.0 2.5 -5.0 16.25 10000000012.3546
0.0 5.0 -5.0 16.25 7765083794.1833
0.0 7.5 -5.0 16.25 4997700.8555000005
0.0 10.0 -5.0 16.25 437594696.2046
0.0 -5.0 -2.5 16.25 -1.1146
0.0 -2.5 -2.5 16.25 -10.0317
0.0 0.0 -2.5 16.25 80.4491
0.0 2.5 -2.5 16.25 4751080628.768801
0.0 5.0 -2.5 16.25 9999999934.5186
0.0 7.5 -2.5 16.25 1076414877.9350998
0.0 10.0 -2.5 16.25 31644903.7928
0.0 -5.0 0.0 16.25 4.6439
0.0 -2.5 0.0 16.25 0.4885999999999999
0.0 0.0 0.0 16.25 -13.4161
0.0 2.5 0.0 16.25 7691.6534
0.0 5.0 0.0 16.25 3662.2788
0.0 7.5 0.0 16.25 9999999994.5111
0.0 10.0 0.0 16.25 22726.029899999998
0.0 -5.0 2.5 16.25 5.4421
0.0 -2.5 2.5 16.25 2.9637000000000002
0.0 0.0 2.5 16.25 -6.547700000000001
0.0 2.5 2.5 16.25 -16.1358
0.0 5.0 2.5 16.25 65.1623
0.0 7.5 2.5 16.25 9709.2132
0.0 10.0 2.5 16.25 151492.8036
0.0 -5.0 5.0 16.25 4.6625
0.0 -2.5 5.0 16.25 5.6564
0.0 0.0 5.0 16.25 3.0119
0.0 2.5 5.0 16.25 -4.2239
0.0 5.0 5.0 16.25 -8.0284
0.0 7.5 5.0 16.25 -8.4231
0.0 10.0 5.0 16.25 6.3663
60.0 -5.0 -10.0 3.75 9999999940.2584
60.0 -2.5 -10.0 3.75 6261669583.1826
60.0 0.0 -10.0 3.75 10000000053.977901
60.0 2.5 -10.0 3.75 9999999744.7737
60.0 5.0 -10.0 3.75 10000000026.617401
60.0 7.5 -10.0 3.75 27651571.2729
60.0 10.0 -10.0 3.75 1374007.7935
60.0 -5.0 -7.5 3.75 9999999917.3246
60.0 -2.5 -7.5 3.75 9999999926.212801
60.0 0.0 -7.5 3.75 9999999957.900002
60.0 2.5 -7.5 3.75 10000000020.8208
60.0 5.0 -7.5 3.75 9999999782.8302
60.0 7.5 -7.5 3.75 894280883.3714
60.0 10.0 -7.5 3.75 9999999963.6536
60.0 -5.0 -5.0 3.75 10000000076.6243
60.0 -2.5 -5.0 3.75 10000000034.5778
60.0 0.0 -5.0 3.75 3293807414.9657
60.0 2.5 -5.0 3.75 9999999926.585901
60.0 5.0 -5.0 3.75 10000000094.533201
60.0 7.5 -5.0 3.75 3350116548.1857
60.0 10.0 -5.0 3.75 90592927.86479999
60.0 -5.0 -2.5 3.75 9999999964.774302
60.0 -2.5 -2.5 3.75 10000000312.8679
60.0 0.0 -2.5 3.75 10000000234.805801
60.0 2.5 -2.5 3.75 9999999888.1273
60.0 5.0 -2.5 3.75 9999999840.274101
60.0 7.5 -2.5 3.75 9999999949.577702
60.0 10.0 -2.5 3.75 9999999981.8887
60.0 -5.0 0.0 3.75 7723867011.2773
60.0 -2.5 0.0 3.75 10000000035.5615
60.0 0.0 0.0 3.75 9999999883.766201
60.0 2.5 0.0 3.75 10000000116.2584
60.0 5.0 0.0 3.75 1090543876.6234
60.0 7.5 0.0 3.75 3226012950.6628
60.0 10.0 0.0 3.75 3524753.9136
60.0 -5.0 2.5 3.75 10000000035.0858
60.0 -2.5 2.5 3.75 9999999879.7423
60.0 0.0 2.5 3.75 919537847.676
60.0 2.5 2.5 3.75 9999999902.3687
60.0 5.0 2.5 3.75 9999999942.8945
60.0 7.5 2.5 3.75 93614833.1294
60.0 10.0 2.5 3.75 1771906814.4721
60.0 -5.0 5.0 3.75 10000000067.1615
60.0 -2.5 5.0 3.75 9999999999.4564
60.0 0.0 5.0 3.75 231959111.76680002
60.0 2.5 5.0 3.75 525982925.8877
60.0 5.0 5.0 3.75 10000000046.2227
60.0 7.5 5.0 3.75 8406075.7946
60.0 10.0 5.0 3.75 398492.8794
60.0 2.5 -2.5 5.0 10000000038.209702
60.0 0.0 0.0 5.0 10000000025.4011
60.0 0.0 2.5 5.0 4733149249.1077
60.0 2.5 -2.5 6.25 9999999944.375502
60.0 0.0 0.0 6.25 9999999797.506102
60.0 0.0 2.5 6.25 10000000090.522202
60.0 0.0 5.0 6.25 10000000043.8281
60.0 2.5 -5.0 7.5 10000000049.3295
60.0 2.5 -2.5 7.5 9999999896.5195
60.0 5.0 -2.5 7.5 10000000189.997501
60.0 -2.5 0.0 7.5 5116950928.9523
60.0 0.0 0.0 7.5 10000000106.217901
60.0 2.5 0.0 7.5 9999999912.699202
60.0 0.0 2.5 7.5 10000000010.2963
60.0 0.0 5.0 7.5 9999999999.051102
60.0 2.5 -7.5 8.75 1164956691.2982
60.0 2.5 -5.0 8.75 9999999997.355001
60.0 5.0 -5.0 8.75 10000000067.403101
60.0 0.0 -2.5 8.75 10000000104.928902
60.0 2.5 -2.5 8.75 2660724427.0585003
60.0 -2.5 0.0 8.75 10000000124.944601
60.0 0.0 0.0 8.75 6487077719.404799
60.0 2.5 0.0 8.75 10000000038.607
60.0 -2.5 2.5 8.75 10000000041.8271
60.0 0.0 2.5 8.75 3768308083.2444
60.0 0.0 5.0 8.75 9999999985.4445
60.0 5.0 -10.0 10.0 10000000054.952301
60.0 2.5 -7.5 10.0 9999999982.9428
60.0 5.0 -7.5 10.0 10000000076.6021
60.0 7.5 -7.5 10.0 362080035.13060004
60.0 0.0 -5.0 10.0 10000000079.2252
60.0 2.5 -5.0 10.0 9999999951.7805
60.0 5.0 -5.0 10.0 9999999893.219301
60.0 -2.5 -2.5 10.0 9999999966.9712
60.0 0.0 -2.5 10.0 9999999822.853802
60.0 2.5 -2.5 10.0 10000000047.679401
60.0 5.0 -2.5 10.0 3603187726.7914996
60.0 7.5 -2.5 10.0 10000000079.880701
60.0 -2.5 0.0 10.0 10000000209.484701
60.0 0.0 0.0 10.0 2370918447.7068
60.0 2.5 0.0 10.0 1972226643.2995
60.0 -2.5 2.5 10.0 7019879834.6853
60.0 0.0 2.5 10.0 236848484.528
60.0 2.5 2.5 10.0 10000000071.1667
60.0 -2.5 5.0 10.0 10000000075.5128
60.0 0.0 5.0 10.0 5253698161.7908
60.0 2.5 5.0 10.0 9999999951.394001
60.0 2.5 -10.0 11.25 2967838509.7199
60.0 5.0 -10.0 11.25 206383972.8496
60.0 10.0 -10.0 11.25 54.5826
60.0 0.0 -7.5 11.25 6110040.9339
60.0 2.5 -7.5 11.25 1978695857.6514
60.0 5.0 -7.5 11.25 7421521752.353499
60.0 7.5 -7.5 11.25 10000000013.671701
60.0 0.0 -5.0 11.25 9999999993.9494
60.0 2.5 -5.0 11.25 1471504681.3782
60.0 5.0 -5.0 11.25 10000000124.5883
60.0 -2.5 -2.5 11.25 9999999980.7101
60.0 0.0 -2.5 11.25 140277762.4716
60.0 2.5 -2.5 11.25 10000000373.646502
60.0 5.0 -2.5 11.25 10000000045.647902
60.0 7.5 -2.5 11.25 10000000109.400702
60.0 -5.0 0.0 11.25 1329493655.7333
60.0 -2.5 0.0 11.25 10000000061.132101
60.0 0.0 0.0 11.25 15847268.5511
60.0 2.5 0.0 11.25 9999999978.6488
60.0 5.0 0.0 11.25 864453540.0848
60.0 -5.0 2.5 11.25 677.5558
60.0 -2.5 2.5 11.25 388898317.6814
60.0 0.0 2.5 11.25 316681260.54829997
60.0 2.5 2.5 11.25 10000000001.731901
60.0 5.0 2.5 11.25 22932875.134000003
60.0 -2.5 5.0 11.25 8262262392.273001
60.0 0.0 5.0 11.25 143970719.9754
60.0 2.5 5.0 11.25 9999999984.246801
60.0 5.0 5.0 11.25 180323641.0291
60.0 7.5 5.0 11.25 67.125
60.0 -2.5 -10.0 12.5 51226.9608
60.0 0.0 -10.0 12.5 4371923.3747000005
60.0 2.5 -10.0 12.5 21738183.8096
60.0 5.0 -10.0 12.5 165689621.3413
60.0 7.5 -10.0 12.5 40449.7181
60.0 10.0 -10.0 12.5 15.665899999999999
60.0 0.0 -7.5 12.5 2064473269.7654
60.0 2.5 -7.5 12.5 2736119922.4035997
60.0 5.0 -7.5 12.5 2936338896.2817
60.0 7.5 -7.5 12.5 2732968496.3910003
60.0 10.0 -7.5 12.5 110662379.3681
60.0 -2.5 -5.0 12.5 670057.0145
60.0 0.0 -5.0 12.5 2982860.1771
60.0 2.5 -5.0 12.5 71942097.0
60.0 5.0 -5.0 12.5 9999999917.4946
60.0 7.5 -5.0 12.5 10000000130.640001
60.0 -5.0 -2.5 12.5 10000000119.459501
60.0 -2.5 -2.5 12.5 9999999941.4095
60.0 0.0 -2.5 12.5 10000000131.753601
60.0 2.5 -2.5 12.5 9999999915.223701
60.0 5.0 -2.5 12.5 10000000135.4132
60.0 7.5 -2.5 12.5 10000000079.6667
60.0 -5.0 0.0 12.5 776829.5889999999
60.0 -2.5 0.0 12.5 3579857988.2566996
60.0 0.0 0.0 12.5 15631905.554599999
60.0 2.5 0.0 12.5 9999999998.499
60.0 5.0 0.0 12.5 2194032817.1884
60.0 -5.0 2.5 12.5 40.238600000000005
60.0 -2.5 2.5 12.5 1351385190.9219
60.0 0.0 2.5 12.5 9312236.114799999
60.0 2.5 2.5 12.5 3406129857.9037004
60.0 5.0 2.5 12.5 281689488.30990005
60.0 7.5 2.5 12.5 1366905071.4056
60.0 -5.0 5.0 12.5 3.1027999999999993
60.0 -2.5 5.0 12.5 2729.5068
60.0 0.0 5.0 12.5 18537.875200000002
60.0 2.5 5.0 12.5 9999999966.0692
60.0 5.0 5.0 12.5 10000000100.0219
60.0 7.5 5.0 12.5 163.2654
60.0 10.0 5.0 12.5 860.5915
60.0 -2.5 -10.0 13.75 52.018100000000004
60.0 0.0 -10.0 13.75 10000000027.5429
60.0 2.5 -10.0 13.75 69546981.2938
60.0 5.0 -10.0 13.75 2825672255.9902
60.0 7.5 -10.0 13.75 8472200.9955
60.0 10.0 -10.0 13.75 7.085000000000001
60.0 0.0 -7.5 13.75 10000000050.710001
60.0 2.5 -7.5 13.75 1455658417.7618
60.0 5.0 -7.5 13.75 10000000167.461601
60.0 7.5 -7.5 13.75 309935084.7744
60.0 10.0 -7.5 13.75 55534.0304
60.0 -2.5 -5.0 13.75 156705.88270000002
60.0 0.0 -5.0 13.75 2865747.731
60.0 2.5 -5.0 13.75 12087871.7591
60.0 5.0 -5.0 13.75 940180156.0064
60.0 7.5 -5.0 13.75 61310009.620299995
60.0 10.0 -5.0 13.75 10000000119.5695
60.0 -5.0 -2.5 13.75 178680.5365
60.0 -2.5 -2.5 13.75 12384664.2651
60.0 0.0 -2.5 13.75 615205946.5826
60.0 2.5 -2.5 13.75 10000000113.2043
60.0 5.0 -2.5 13.75 9999999767.4701
60.0 7.5 -2.5 13.75 785241237.1207999
60.0 -5.0 0.0 13.75 813.4135
60.0 -2.5 0.0 13.75 42482412.6313
60.0 0.0 0.0 13.75 314504261.4402
60.0 2.5 0.0 13.75 767596756.5085
60.0 5.0 0.0 13.75 10000000043.070702
60.0 -5.0 2.5 13.75 12.1903
60.0 -2.5 2.5 13.75 4414.9929
60.0 0.0 2.5 13.75 3252.1252
60.0 2.5 2.5 13.75 7558212035.2053
60.0 5.0 2.5 13.75 11629332.8219
60.0 7.5 2.5 13.75 3635101042.2099004
60.0 -5.0 5.0 13.75 4.1604
60.0 -2.5 5.0 13.75 9.2667
60.0 0.0 5.0 13.75 54.2009
60.0 2.5 5.0 13.75 9999999990.8085
60.0 5.0 5.0 13.75 17957716.6312
60.0 7.5 5.0 13.75 2646.6445
60.0 10.0 5.0 13.75 928.4892
60.0 -5.0 -10.0 15.0 4.0884
60.0 -2.5 -10.0 15.0 15.4183
60.0 0.0 -10.0 15.0 50584779.9928
60.0 2.5 -10.0 15.0 240417.27109999998
60.0 5.0 -10.0 15.0 116409.36750000001
60.0 7.5 -10.0 15.0 1622.0098
60.0 10.0 -10.0 15.0 3.6403999999999996
60.0 -5.0 -7.5 15.0 -9.361
60.0 -2.5 -7.5 15.0 -4.4353
60.0 0.0 -7.5 15.0 1000.3792
60.0 2.5 -7.5 15.0 1031467270.89
60.0 5.0 -7.5 15.0 351484026.3139
60.0 7.5 -7.5 15.0 2346393.0784
60.0 10.0 -7.5 15.0 3506.8646
60.0 -5.0 -5.0 15.0 -2.3725999999999985
60.0 -2.5 -5.0 15.0 2354.7984
60.0 0.0 -5.0 15.0 424288734.3549
60.0 2.5 -5.0 15.0 238888.03340000001
60.0 5.0 -5.0 15.0 2156178.6696
60.0 7.5 -5.0 15.0 711593552.3777
60.0 10.0 -5.0 15.0 28992.3173
60.0 -5.0 -2.5 15.0 564.9882
60.0 -2.5 -2.5 15.0 1816.2061999999999
60.0 0.0 -2.5 15.0 9999999965.231901
60.0 2.5 -2.5 15.0 10000000017.7474
60.0 5.0 -2.5 15.0 10000000022.650301
60.0 7.5 -2.5 15.0 9999999988.4535
60.0 10.0 -2.5 15.0 7556333.2588
60.0 -5.0 0.0 15.0 6.0891
60.0 -2.5 0.0 15.0 764.4072
60.0 0.0 0.0 15.0 2927253.5242000003
60.0 2.5 0.0 15.0 2800182296.4762
60.0 5.0 0.0 15.0 10000000107.2831
60.0 7.5 0.0 15.0 14722519.402
60.0 -5.0 2.5 15.0 6.3043000000000005
60.0 -2.5 2.5 15.0 17.9035
60.0 0.0 2.5 15.0 17.0211
60.0 2.5 2.5 15.0 10045678.5996
60.0 5.0 2.5 15.0 270160.7607
60.0 7.5 2.5 15.0 8174798.7134
60.0 10.0 2.5 15.0 403107.3106
60.0 -5.0 5.0 15.0 3.8966999999999996
60.0 -2.5 5.0 15.0 3.3589999999999995
60.0 0.0 5.0 15.0 0.07139999999999969
60.0 2.5 5.0 15.0 1222.4377000000002
60.0 5.0 5.0 15.0 10.254199999999999
60.0 7.5 5.0 15.0 5.9512
60.0 10.0 5.0 15.0 -1.9124999999999999
60.0 -5.0 -10.0 16.25 3.6871
60.0 -2.5 -10.0 16.25 10.3392
60.0 0.0 -10.0 16.25 2615.6646
60.0 2.5 -10.0 16.25 1332.314
60.0 5.0 -10.0 16.25 404.26640000000003
60.0 7.5 -10.0 16.25 267.8658
60.0 10.0 -10.0 16.25 -0.3740999999999999
60.0 -5.0 -7.5 16.25 -6.647600000000001
60.0 -2.5 -7.5 16.25 -2.5139
60.0 0.0 -7.5 16.25 72.04140000000001
60.0 2.5 -7.5 16.25 39984.174100000004
60.0 5.0 -7.5 16.25 1724060.2092
60.0 7.5 -7.5 16.25 521228.7986
60.0 10.0 -7.5 16.25 67349.9075
60.0 -5.0 -5.0 16.25 -16.0934
60.0 -2.5 -5.0 16.25 -17.7471
60.0 0.0 -5.0 16.25 13203900.0445
60.0 2.5 -5.0 16.25 9999999986.0652
60.0 5.0 -5.0 16.25 10000000021.623701
60.0 7.5 -5.0 16.25 58760047.0337
60.0 10.0 -5.0 16.25 25250.999200000002
60.0 -5.0 -2.5 16.25 -16.5717
60.0 -2.5 -2.5 16.25 -31.648699999999998
60.0 0.0 -2.5 16.25 745823.9911
60.0 2.5 -2.5 16.25 1821198363.1821
60.0 5.0 -2.5 16.25 211029183.3022
60.0 7.5 -2.5 16.25 9999999972.9484
60.0 10.0 -2.5 16.25 22254835.3283
60.0 -5.0 0.0 16.25 -4.7176
60.0 -2.5 0.0 16.25 -11.164000000000001
60.0 0.0 0.0 16.25 1970.9595
60.0 2.5 0.0 16.25 881976387.5868
60.0 5.0 0.0 16.25 1359066035.2979
60.0 7.5 0.0 16.25 32617290.2663
60.0 10.0 0.0 16.25 2547405.6099
60.0 -5.0 2.5 16.25 3.6285999999999996
60.0 -2.5 2.5 16.25 -1.2247000000000003
60.0 0.0 2.5 16.25 -12.8518
60.0 2.5 2.5 16.25 184372.1771
60.0 5.0 2.5 16.25 1762.8394999999998
60.0 7.5 2.5 16.25 25968.1655
60.0 10.0 2.5 16.25 712.1081999999999
60.0 -5.0 5.0 16.25 3.151
60.0 -2.5 5.0 16.25 2.6226
60.0 0.0 5.0 16.25 -1.8074
60.0 2.5 5.0 16.25 0.9075
60.0 5.0 5.0 16.25 -6.1701
60.0 7.5 5.0 16.25 -6.5913
60.0 10.0 5.0 16.25 -2.9385000000000003
120.0 -5.0 -10.0 3.75 5110437311.8862
120.0 -2.5 -10.0 3.75 9999999904.7605
120.0 0.0 -10.0 3.75 9999999782.205801
120.0 2.5 -10.0 3.75 9999999906.6117
120.0 5.0 -10.0 3.75 10000000079.029202
120.0 7.5 -10.0 3.75 1177531926.7063
120.0 10.0 -10.0 3.75 420088253.644
120.0 -5.0 -7.5 3.75 10000000054.4069
120.0 -2.5 -7.5 3.75 10000000148.968102
120.0 0.0 -7.5 3.75 9999999993.289701
120.0 2.5 -7.5 3.75 10000000097.121801
120.0 5.0 -7.5 3.75 10000000292.336601
120.0 7.5 -7.5 3.75 998360174.3460001
120.0 10.0 -7.5 3.75 9999999992.5753
120.0 -5.0 -5.0 3.75 9999999855.4995
120.0 -2.5 -5.0 3.75 9999999782.899801
120.0 0.0 -5.0 3.75 9999999982.3563
120.0 2.5 -5.0 3.75 9999999981.369001
120.0 5.0 -5.0 3.75 2140835924.5527
120.0 7.5 -5.0 3.75 977170322.6418
120.0 10.0 -5.0 3.75 5431011.754799999
120.0 -5.0 -2.5 3.75 9999999857.6907
120.0 -2.5 -2.5 3.75 3625834651.2451
120.0 0.0 -2.5 3.75 10000000284.9599
120.0 2.5 -2.5 3.75 7363300610.6152
120.0 5.0 -2.5 3.75 9075092808.571
120.0 7.5 -2.5 3.75 9999999942.352701
120.0 10.0 -2.5 3.75 13097.3094
120.0 -5.0 0.0 3.75 10000000041.942202
120.0 -2.5 0.0 3.75 9999999755.1798
120.0 0.0 0.0 3.75 9999999877.713202
120.0 2.5 0.0 3.75 9999999854.953701
120.0 5.0 0.0 3.75 170477153.6888
120.0 7.5 0.0 3.75 862869660.0036
120.0 10.0 0.0 3.75 3782323.3446
120.0 -5.0 2.5 3.75 483337623.8557
120.0 -2.5 2.5 3.75 9999999984.451101
120.0 0.0 2.5 3.75 10000000080.123201
120.0 2.5 2.5 3.75 714047307.0287
120.0 5.0 2.5 3.75 2591067360.3572
120.0 7.5 2.5 3.75 3346492125.6197
120.0 10.0 2.5 3.75 933266464.9613
120.0 -5.0 5.0 3.75 1590721.0063999998
120.0 -2.5 5.0 3.75 9999999997.7199
120.0 0.0 5.0 3.75 344490031.686
120.0 2.5 5.0 3.75 587960376.6933
120.0 5.0 5.0 3.75 3887832546.6828003
120.0 7.5 5.0 3.75 43763.426100000004
120.0 10.0 5.0 3.75 -4.1856
120.0 -2.5 5.0 5.0 2063081235.3145
120.0 -2.5 2.5 6.25 9999999999.7465
120.0 -2.5 5.0 6.25 478335873.02940005
120.0 2.5 -7.5 7.5 5011928278.8055
120.0 0.0 -5.0 7.5 10000000023.986301
120.0 -2.5 0.0 7.5 10000000131.0492
120.0 -2.5 2.5 7.5 9999999990.9001
120.0 0.0 2.5 7.5 10000000179.3904
120.0 -2.5 5.0 7.5 10000000022.121302
120.0 0.0 5.0 7.5 21336703.536199998
120.0 2.5 -7.5 8.75 369336906.0041
120.0 5.0 -7.5 8.75 9999999723.5407
120.0 0.0 -5.0 8.75 10000000012.159601
120.0 0.0 0.0 8.75 3872222209.3775997
120.0 -2.5 2.5 8.75 10000000029.1294
120.0 0.0 2.5 8.75 9999999957.9578
120.0 -5.0 5.0 8.75 13885325.9068
120.0 -2.5 5.0 8.75 10000000025.821201
120.0 0.0 5.0 8.75 642477431.4491
120.0 2.5 5.0 8.75 10000000074.2677
120.0 2.5 -10.0 10.0 1850669.4964
120.0 2.5 -7.5 10.0 10000000110.360601
120.0 5.0 -7.5 10.0 9999999922.0233
120.0 7.5 -7.5 10.0 10000000116.4584
120.0 -2.5 -5.0 10.0 10000000361.3651
120.0 0.0 -5.0 10.0 10000000005.383501
120.0 2.5 -5.0 10.0 804913227.6396
120.0 0.0 -2.5 10.0 9999999742.282202
120.0 0.0 0.0 10.0 9999999982.8106
120.0 2.5 0.0 10.0 10000000167.699501
120.0 -5.0 2.5 10.0 22211349.6511
120.0 -2.5 2.5 10.0 9999999954.071701
120.0 0.0 2.5 10.0 194792717.67090002
120.0 2.5 2.5 10.0 3150788776.3369
120.0 -5.0 5.0 10.0 31932145.16
120.0 -2.5 5.0 10.0 1207841380.2532
120.0 0.0 5.0 10.0 10000000044.8567
120.0 2.5 5.0 10.0 84092233.0296
120.0 5.0 5.0 10.0 10000000015.771
120.0 2.5 -10.0 11.25 3673.6564
120.0 5.0 -10.0 11.25 14339924.6535
120.0 10.0 -10.0 11.25 181061095.61270002
120.0 -2.5 -7.5 11.25 433867124.3762
120.0 0.0 -7.5 11.25 313014408.90470004
120.0 2.5 -7.5 11.25 10000000103.976301
120.0 5.0 -7.5 11.25 10000000112.784302
120.0 7.5 -7.5 11.25 10000000165.8733
120.0 -2.5 -5.0 11.25 8682621122.3341
120.0 0.0 -5.0 11.25 7199859900.06
120.0 2.5 -5.0 11.25 249521948.4104
120.0 5.0 -5.0 11.25 10000000020.381802
120.0 7.5 -5.0 11.25 747959463.7113
120.0 0.0 -2.5 11.25 3760214548.4422
120.0 2.5 -2.5 11.25 9999999947.345201
120.0 -5.0 0.0 11.25 970274.3163000001
120.0 -2.5 0.0 11.25 10000000101.193401
120.0 0.0 0.0 11.25 10000000130.4076
120.0 2.5 0.0 11.25 10000000131.2672
120.0 -5.0 2.5 11.25 3394.607
120.0 -2.5 2.5 11.25 9368.1865
120.0 0.0 2.5 11.25 1239312418.6404
120.0 2.5 2.5 11.25 10000000100.67
120.0 -5.0 5.0 11.25 159831.941
120.0 -2.5 5.0 11.25 88206167.3417
120.0 0.0 5.0 11.25 824653800.1528
120.0 2.5 5.0 11.25 351923517.99719995
120.0 5.0 5.0 11.25 3376764.5864000004
120.0 7.5 5.0 11.25 41069222.541
120.0 -5.0 -10.0 12.5 856.0213
120.0 -2.5 -10.0 12.5 685184516.6860001
120.0 0.0 -10.0 12.5 415.47110000000004
120.0 2.5 -10.0 12.5 868.1234999999999
120.0 5.0 -10.0 12.5 1996021.7107
120.0 7.5 -10.0 12.5 980386667.111
120.0 10.0 -10.0 12.5 401679154.15110004
120.0 -2.5 -7.5 12.5 9999999999.147202
120.0 0.0 -7.5 12.5 2120057.1694
120.0 2.5 -7.5 12.5 281664096.08030003
120.0 5.0 -7.5 12.5 33044038.2858
120.0 7.5 -7.5 12.5 1095301.7335
120.0 10.0 -7.5 12.5 17196637.976
120.0 -2.5 -5.0 12.5 10000000136.693
120.0 0.0 -5.0 12.5 9999999850.5674
120.0 2.5 -5.0 12.5 10000000058.7336
120.0 5.0 -5.0 12.5 9999999971.3862
120.0 -5.0 -2.5 12.5 9999999986.9683
120.0 -2.5 -2.5 12.5 3108024648.518
120.0 0.0 -2.5 12.5 519241580.9642
120.0 2.5 -2.5 12.5 9999999858.2835
120.0 5.0 -2.5 12.5 10000000009.5408
120.0 -5.0 0.0 12.5 776750.1385
120.0 -2.5 0.0 12.5 10000000245.220701
120.0 0.0 0.0 12.5 271320942.6993
120.0 2.5 0.0 12.5 4303281898.5695
120.0 5.0 0.0 12.5 10000000020.5459
120.0 -5.0 2.5 12.5 56.7735
120.0 -2.5 2.5 12.5 871.1067
120.0 0.0 2.5 12.5 5513841.1065
120.0 2.5 2.5 12.5 607427416.5533
120.0 5.0 2.5 12.5 10000000057.439201
120.0 -5.0 5.0 12.5 65.999
120.0 -2.5 5.0 12.5 1156952.8715000001
120.0 0.0 5.0 12.5 209588.4125
120.0 2.5 5.0 12.5 141759.8053
120.0 5.0 5.0 12.5 9999999961.3328
120.0 7.5 5.0 12.5 836367737.6234
120.0 -5.0 -10.0 13.75 4453.8121
120.0 -2.5 -10.0 13.75 17802491.246999998
120.0 0.0 -10.0 13.75 113.5473
120.0 2.5 -10.0 13.75 1626.9445
120.0 5.0 -10.0 13.75 2368109.4707
120.0 7.5 -10.0 13.75 196993731.5973
120.0 10.0 -10.0 13.75 7935235.6998000005
120.0 -2.5 -7.5 13.75 9999999932.083801
120.0 0.0 -7.5 13.75 48862530.5451
120.0 2.5 -7.5 13.75 10000000077.4939
120.0 5.0 -7.5 13.75 10000000037.469301
120.0 7.5 -7.5 13.75 23618573.497899998
120.0 10.0 -7.5 13.75 5433350476.0425005
120.0 -2.5 -5.0 13.75 10000000085.3763
120.0 0.0 -5.0 13.75 10000000103.4053
120.0 2.5 -5.0 13.75 879625798.0697
120.0 5.0 -5.0 13.75 4374564405.903399
120.0 7.5 -5.0 13.75 10000000016.9466
120.0 10.0 -5.0 13.75 544959412.1851
120.0 -5.0 -2.5 13.75 638404065.4123
120.0 -2.5 -2.5 13.75 1569471.1895
120.0 0.0 -2.5 13.75 9999999917.484402
120.0 2.5 -2.5 13.75 10000000107.875801
120.0 5.0 -2.5 13.75 147553078.7969
120.0 -5.0 0.0 13.75 559407.3809
120.0 -2.5 0.0 13.75 174268.0269
120.0 0.0 0.0 13.75 507287860.82710004
120.0 2.5 0.0 13.75 10000000015.5294
120.0 5.0 0.0 13.75 10000000147.7863
120.0 -5.0 2.5 13.75 12.5688
120.0 -2.5 2.5 13.75 296.4112
120.0 0.0 2.5 13.75 18690.3825
120.0 2.5 2.5 13.75 6320140.4468
120.0 5.0 2.5 13.75 1724699169.8643
120.0 -5.0 5.0 13.75 2.8036000000000003
120.0 -2.5 5.0 13.75 31.785700000000002
120.0 0.0 5.0 13.75 1436.2911
120.0 2.5 5.0 13.75 123.8736
120.0 5.0 5.0 13.75 638011.925
120.0 7.5 5.0 13.75 7558346451.5462
120.0 -5.0 -10.0 15.0 25.9028
120.0 -2.5 -10.0 15.0 9537892.7648
120.0 0.0 -10.0 15.0 3.5929
120.0 2.5 -10.0 15.0 90.2066
120.0 5.0 -10.0 15.0 76891.74070000001
120.0 7.5 -10.0 15.0 55.5531
120.0 10.0 -10.0 15.0 447.71259999999995
120.0 -5.0 -7.5 15.0 3893561.7455
120.0 -2.5 -7.5 15.0 32127.445699999997
120.0 0.0 -7.5 15.0 24429157.5966
120.0 2.5 -7.5 15.0 10000000216.9743
120.0 5.0 -7.5 15.0 283935430.7701
120.0 7.5 -7.5 15.0 3365.9453
120.0 10.0 -7.5 15.0 5367735847.9679
120.0 -5.0 -5.0 15.0 1028.8775
120.0 -2.5 -5.0 15.0 3996276.9392
120.0 0.0 -5.0 15.0 279914943.6738
120.0 2.5 -5.0 15.0 2354480776.0209
120.0 5.0 -5.0 15.0 761314190.6427
120.0 7.5 -5.0 15.0 525543.8537000001
120.0 10.0 -5.0 15.0 37514208.5573
120.0 -5.0 -2.5 15.0 4577.428400000001
120.0 -2.5 -2.5 15.0 568703457.4816
120.0 0.0 -2.5 15.0 10000000043.129702
120.0 2.5 -2.5 15.0 10000000012.0442
120.0 5.0 -2.5 15.0 10000000056.070002
120.0 7.5 -2.5 15.0 5683686708.3589
120.0 10.0 -2.5 15.0 93626069.6034
120.0 -5.0 0.0 15.0 279.73720000000003
120.0 -2.5 0.0 15.0 175.35410000000002
120.0 0.0 0.0 15.0 1276896923.8071
120.0 2.5 0.0 15.0 9999999954.4925
120.0 5.0 0.0 15.0 55433265.2662
120.0 10.0 0.0 15.0 35945.3424
120.0 -5.0 2.5 15.0 0.9214999999999995
120.0 -2.5 2.5 15.0 3.7046
120.0 0.0 2.5 15.0 139393.0077
120.0 2.5 2.5 15.0 17945.6979
120.0 5.0 2.5 15.0 10000000033.373001
120.0 7.5 2.5 15.0 816943001.8621999
120.0 -5.0 5.0 15.0 1.8727
120.0 -2.5 5.0 15.0 -1.8476000000000001
120.0 0.0 5.0 15.0 -13.404499999999999
120.0 2.5 5.0 15.0 -18.8487
120.0 5.0 5.0 15.0 1263784.4902000001
120.0 7.5 5.0 15.0 21999.824399999998
120.0 10.0 5.0 15.0 128.4517
120.0 -5.0 -10.0 16.25 1.4339
120.0 -2.5 -10.0 16.25 18.2527
120.0 0.0 -10.0 16.25 5.3636
120.0 2.5 -10.0 16.25 20.154899999999998
120.0 5.0 -10.0 16.25 36859.83
120.0 7.5 -10.0 16.25 4.4502999999999995
120.0 10.0 -10.0 16.25 4.1442
120.0 -5.0 -7.5 16.25 16.1097
120.0 -2.5 -7.5 16.25 111.25210000000001
120.0 0.0 -7.5 16.25 265350.1359
120.0 2.5 -7.5 16.25 704629.4773
120.0 5.0 -7.5 16.25 51748.5007
120.0 7.5 -7.5 16.25 10.2489
120.0 10.0 -7.5 16.25 217648.0216
120.0 -5.0 -5.0 16.25 2.8491
120.0 -2.5 -5.0 16.25 1201.5921
120.0 0.0 -5.0 16.25 1044268371.5975001
120.0 2.5 -5.0 16.25 59860376.5053
120.0 5.0 -5.0 16.25 5496377312.2596
120.0 7.5 -5.0 16.25 15201.947100000001
120.0 10.0 -5.0 16.25 4307690.6114
120.0 -5.0 -2.5 16.25 -10.9237
120.0 -2.5 -2.5 16.25 278.1095
120.0 0.0 -2.5 16.25 10000000017.549301
120.0 2.5 -2.5 16.25 10000000038.6674
120.0 5.0 -2.5 16.25 9999999996.7397
120.0 7.5 -2.5 16.25 135003070.3897
120.0 10.0 -2.5 16.25 220465.1978
120.0 -5.0 0.0 16.25 -15.988999999999999
120.0 -2.5 0.0 16.25 -13.6398
120.0 0.0 0.0 16.25 4564011.6292
120.0 2.5 0.0 16.25 2761015843.5942
120.0 5.0 0.0 16.25 10000000176.424002
120.0 7.5 0.0 16.25 2601317.5176
120.0 10.0 0.0 16.25 903.2736
120.0 -5.0 2.5 16.25 -1.7161
120.0 -2.5 2.5 16.25 -4.4327
120.0 0.0 2.5 16.25 -12.667199999999998
120.0 2.5 2.5 16.25 75642.21310000001
120.0 5.0 2.5 16.25 589331708.4762001
120.0 7.5 2.5 16.25 508894.30480000004
120.0 10.0 2.5 16.25 1153.1564999999998
120.0 -5.0 5.0 16.25 1.4319
120.0 -2.5 5.0 16.25 -1.1038000000000001
120.0 0.0 5.0 16.25 -10.0292
120.0 2.5 5.0 16.25 -16.3461
120.0 5.0 5.0 16.25 4345.6753
120.0 7.5 5.0 16.25 23.5438
120.0 10.0 5.0 16.25 -2.0342
180.0 -5.0 -10.0 3.75 482985719.43630004
180.0 -2.5 -10.0 3.75 10000000606.325401
180.0 0.0 -10.0 3.75 2338052832.9136
180.0 2.5 -10.0 3.75 9999999862.941
180.0 5.0 -10.0 3.75 158675336.2275
180.0 7.5 -10.0 3.75 9999999918.777401
180.0 10.0 -10.0 3.75 9988891.229799999
180.0 -5.0 -7.5 3.75 4985911908.7719
180.0 -2.5 -7.5 3.75 10000000121.508501
180.0 0.0 -7.5 3.75 9999999788.987202
180.0 2.5 -7.5 3.75 969950617.7946
180.0 5.0 -7.5 3.75 9999999910.6791
180.0 7.5 -7.5 3.75 9999999830.7824
180.0 10.0 -7.5 3.75 2601311792.9906
180.0 -5.0 -5.0 3.75 9999999970.6718
180.0 -2.5 -5.0 3.75 10000000134.860601
180.0 0.0 -5.0 3.75 9999999945.9554
180.0 2.5 -5.0 3.75 9999999869.6429
180.0 5.0 -5.0 3.75 9999999955.175201
180.0 7.5 -5.0 3.75 9999999871.1888
180.0 10.0 -5.0 3.75 27560411.8136
180.0 -5.0 -2.5 3.75 10000000030.2812
180.0 -2.5 -2.5 3.75 10000000198.6623
180.0 0.0 -2.5 3.75 9999999869.4192
180.0 2.5 -2.5 3.75 3630983344.9726
180.0 5.0 -2.5 3.75 1160870745.5087
180.0 7.5 -2.5 3.75 9926817543.3823
180.0 10.0 -2.5 3.75 9999999954.2865
180.0 -5.0 0.0 3.75 10000000006.3145
180.0 -2.5 0.0 3.75 10000000112.8609
180.0 0.0 0.0 3.75 10000000036.8796
180.0 2.5 0.0 3.75 10000000015.0536
180.0 5.0 0.0 3.75 981787395.7917
180.0 7.5 0.0 3.75 9999999942.140902
180.0 10.0 0.0 3.75 9999999986.2654
180.0 -5.0 2.5 3.75 320792678.3844
180.0 -2.5 2.5 3.75 10000000203.946701
180.0 0.0 2.5 3.75 10000000040.1254
180.0 2.5 2.5 3.75 8020721767.964
180.0 5.0 2.5 3.75 9999999909.4417
180.0 7.5 2.5 3.75 9999999962.4491
180.0 10.0 2.5 3.75 6017717.9057
180.0 -5.0 5.0 3.75 918994033.9748
180.0 -2.5 5.0 3.75 1154912349.6813
180.0 0.0 5.0 3.75 112135299.6404
180.0 2.5 5.0 3.75 10000000025.0506
180.0 5.0 5.0 3.75 6390814539.3478
180.0 7.5 5.0 3.75 21030828.0854
180.0 10.0 5.0 3.75 324248207.10590005
180.0 -2.5 -2.5 7.5 9999999852.399302
180.0 0.0 2.5 7.5 1359223296.6856
180.0 0.0 5.0 7.5 9999999975.056702
180.0 -5.0 -2.5 8.75 8427668223.3114
180.0 -2.5 -2.5 8.75 9999999987.192501
180.0 2.5 -2.5 8.75 9999999945.6812
180.0 -5.0 0.0 8.75 7111967510.7507
180.0 0.0 0.0 8.75 9999999826.4549
180.0 0.0 2.5 8.75 548881142.4964
180.0 0.0 -10.0 10.0 863669114.352
180.0 2.5 -10.0 10.0 616118022.753
180.0 0.0 -7.5 10.0 8297360391.7953005
180.0 2.5 -7.5 10.0 10000000279.899302
180.0 5.0 -7.5 10.0 9999999969.7978
180.0 -2.5 -5.0 10.0 10000000138.969702
180.0 0.0 -5.0 10.0 135229982.50950003
180.0 2.5 -5.0 10.0 2103334271.8862
180.0 5.0 -5.0 10.0 9999999968.922901
180.0 -5.0 -2.5 10.0 198855959.35320002
180.0 -2.5 -2.5 10.0 10000000081.263401
180.0 0.0 -2.5 10.0 271586819.9903
180.0 2.5 -2.5 10.0 9999999988.9988
180.0 -5.0 0.0 10.0 9999999894.502401
180.0 -2.5 0.0 10.0 10000000186.1201
180.0 0.0 0.0 10.0 10000000083.4491
180.0 -5.0 2.5 10.0 9999999939.7614
180.0 0.0 2.5 10.0 10000000065.3542
180.0 2.5 2.5 10.0 10000000040.4053
180.0 0.0 5.0 10.0 168873426.0009
180.0 2.5 5.0 10.0 106510.7274
180.0 0.0 -10.0 11.25 1257353028.1319
180.0 2.5 -10.0 11.25 4088530761.8603
180.0 5.0 -10.0 11.25 41512136.9604
180.0 0.0 -7.5 11.25 10000000000.9414
180.0 2.5 -7.5 11.25 10000000341.1737
180.0 5.0 -7.5 11.25 1613221022.3679001
180.0 7.5 -7.5 11.25 3003922957.3287
180.0 -2.5 -5.0 11.25 166008995.94050002
180.0 0.0 -5.0 11.25 9999999885.520601
180.0 2.5 -5.0 11.25 10000000088.354801
180.0 5.0 -5.0 11.25 80700194.60239999
180.0 -5.0 -2.5 11.25 9999999987.818602
180.0 -2.5 -2.5 11.25 351627789.5016
180.0 0.0 -2.5 11.25 9999999961.1553
180.0 2.5 -2.5 11.25 10000000024.108501
180.0 -5.0 0.0 11.25 10000000018.025301
180.0 -2.5 0.0 11.25 10000000402.9736
180.0 0.0 0.0 11.25 9999999984.8416
180.0 -5.0 2.5 11.25 7064040.1618
180.0 -2.5 2.5 11.25 113531828.3041
180.0 0.0 2.5 11.25 31770147.2238
180.0 2.5 2.5 11.25 43732423.40849999
180.0 -5.0 5.0 11.25 520035.4044
180.0 0.0 5.0 11.25 9681695.3458
180.0 2.5 5.0 11.25 270.4479
180.0 -5.0 -10.0 12.5 80.6176
180.0 -2.5 -10.0 12.5 584594.5951
180.0 0.0 -10.0 12.5 2029419640.1086
180.0 2.5 -10.0 12.5 2237246166.1106
180.0 5.0 -10.0 12.5 221230224.4614
180.0 7.5 -10.0 12.5 3241229939.3416
180.0 10.0 -10.0 12.5 33.4845
180.0 -2.5 -7.5 12.5 9161093.1595
180.0 0.0 -7.5 12.5 10000000230.436
180.0 2.5 -7.5 12.5 1037959912.8988
180.0 5.0 -7.5 12.5 9999999977.792501
180.0 7.5 -7.5 12.5 1118953713.0235
180.0 -5.0 -5.0 12.5 186494297.6285
180.0 -2.5 -5.0 12.5 10000000001.583801
180.0 0.0 -5.0 12.5 4440780848.222199
180.0 2.5 -5.0 12.5 10000000088.387001
180.0 5.0 -5.0 12.5 823157116.1683999
180.0 -5.0 -2.5 12.5 10000000077.3896
180.0 -2.5 -2.5 12.5 1953220286.6577
180.0 0.0 -2.5 12.5 10000000057.4726
180.0 2.5 -2.5 12.5 1010039965.2907
180.0 5.0 -2.5 12.5 5162363606.9494
180.0 -5.0 0.0 12.5 11449882.460900001
180.0 -2.5 0.0 12.5 557926019.4786999
180.0 0.0 0.0 12.5 1435677259.908
180.0 2.5 0.0 12.5 3247953759.5239
180.0 -5.0 2.5 12.5 972.5110000000001
180.0 -2.5 2.5 12.5 594142.5137
180.0 0.0 2.5 12.5 7041739706.840301
180.0 2.5 2.5 12.5 287121.78650000005
180.0 -5.0 5.0 12.5 835.8624
180.0 -2.5 5.0 12.5 7178.504199999999
180.0 0.0 5.0 12.5 2755.7924
180.0 2.5 5.0 12.5 9.798100000000002
180.0 5.0 5.0 12.5 4246.417100000001
180.0 7.5 5.0 12.5 196.5799
180.0 10.0 5.0 12.5 10.3887
180.0 -5.0 -10.0 13.75 38.7829
180.0 -2.5 -10.0 13.75 10441.568
180.0 0.0 -10.0 13.75 144355461.9107
180.0 2.5 -10.0 13.75 1327300065.8973
180.0 5.0 -10.0 13.75 635766538.2499
180.0 7.5 -10.0 13.75 18553276.386099998
180.0 10.0 -10.0 13.75 33.6089
180.0 -5.0 -7.5 13.75 2783.5629
180.0 -2.5 -7.5 13.75 4661667852.0276
180.0 0.0 -7.5 13.75 179305387.1495
180.0 2.5 -7.5 13.75 300339855.0672
180.0 5.0 -7.5 13.75 9999999959.518002
180.0 7.5 -7.5 13.75 1668493268.0549
180.0 10.0 -7.5 13.75 3595039.8539
180.0 -5.0 -5.0 13.75 16066315.503999999
180.0 -2.5 -5.0 13.75 969861033.8357
180.0 0.0 -5.0 13.75 118052856.4177
180.0 2.5 -5.0 13.75 5129716049.2703
180.0 5.0 -5.0 13.75 10000000011.1212
180.0 -5.0 -2.5 13.75 5988648.809
180.0 -2.5 -2.5 13.75 10000000048.189001
180.0 0.0 -2.5 13.75 135931073.558
180.0 2.5 -2.5 13.75 10000000039.351702
180.0 5.0 -2.5 13.75 10000000029.610601
180.0 -5.0 0.0 13.75 2404.6971999999996
180.0 -2.5 0.0 13.75 4490386.0399
180.0 0.0 0.0 13.75 8910352487.7353
180.0 2.5 0.0 13.75 846929041.1256
180.0 -5.0 2.5 13.75 -7.662999999999999
180.0 -2.5 2.5 13.75 45.4032
180.0 0.0 2.5 13.75 573725.4887
180.0 2.5 2.5 13.75 250867.29419999997
180.0 5.0 2.5 13.75 102757.1089
180.0 -5.0 5.0 13.75 1.8591
180.0 -2.5 5.0 13.75 2.1704000000000008
180.0 0.0 5.0 13.75 1312.5581
180.0 2.5 5.0 13.75 -9.2659
180.0 5.0 5.0 13.75 189.9323
180.0 7.5 5.0 13.75 36.1308
180.0 10.0 5.0 13.75 7.0542
180.0 -5.0 -10.0 15.0 28.6363
180.0 -2.5 -10.0 15.0 67.8493
180.0 0.0 -10.0 15.0 43990.6541
180.0 2.5 -10.0 15.0 1168191.912
180.0 5.0 -10.0 15.0 1124409600.2747
180.0 7.5 -10.0 15.0 301987569.1944
180.0 10.0 -10.0 15.0 29.1406
180.0 -5.0 -7.5 15.0 2082.7846999999997
180.0 -2.5 -7.5 15.0 8534982.9868
180.0 0.0 -7.5 15.0 10000000045.5443
180.0 2.5 -7.5 15.0 479000.95519999997
180.0 5.0 -7.5 15.0 321804374.7606
180.0 7.5 -7.5 15.0 7208370.0025
180.0 10.0 -7.5 15.0 -10.7581
180.0 -5.0 -5.0 15.0 184487.996
180.0 -2.5 -5.0 15.0 9999999990.8448
180.0 0.0 -5.0 15.0 10000000030.349
180.0 2.5 -5.0 15.0 3384619.343
180.0 5.0 -5.0 15.0 2733794487.7283
180.0 7.5 -5.0 15.0 320891.0701
180.0 10.0 -5.0 15.0 19299.395699999997
180.0 -5.0 -2.5 15.0 1061.6191
180.0 -2.5 -2.5 15.0 636747.4521
180.0 0.0 -2.5 15.0 3942800405.8406
180.0 2.5 -2.5 15.0 5198173150.7526
180.0 5.0 -2.5 15.0 5578015868.6434
180.0 10.0 -2.5 15.0 42283113.0858
180.0 -5.0 0.0 15.0 -13.534199999999998
180.0 -2.5 0.0 15.0 268.6071
180.0 0.0 0.0 15.0 2195605389.3464003
180.0 2.5 0.0 15.0 3960716.2401
180.0 5.0 0.0 15.0 1843500.798
180.0 -5.0 2.5 15.0 -12.3697
180.0 -2.5 2.5 15.0 -23.5711
180.0 0.0 2.5 15.0 3605.7816000000003
180.0 2.5 2.5 15.0 1751.8034
180.0 5.0 2.5 15.0 58332.298800000004
180.0 7.5 2.5 15.0 1498.4037
180.0 -5.0 5.0 15.0 -3.6589
180.0 -2.5 5.0 15.0 -12.0659
180.0 0.0 5.0 15.0 -10.0332
180.0 2.5 5.0 15.0 -4.723400000000001
180.0 5.0 5.0 15.0 0.7521000000000002
180.0 7.5 5.0 15.0 4.5977
180.0 10.0 5.0 15.0 3.7166
180.0 -5.0 -10.0 16.25 20.2871
180.0 -2.5 -10.0 16.25 23.829900000000002
180.0 0.0 -10.0 16.25 12158.2756
180.0 2.5 -10.0 16.25 69.4055
180.0 5.0 -10.0 16.25 362639911.23289996
180.0 7.5 -10.0 16.25 269410.0241
180.0 10.0 -10.0 16.25 11.0564
180.0 -5.0 -7.5 16.25 23.2372
180.0 -2.5 -7.5 16.25 412141.7354
180.0 0.0 -7.5 16.25 10000000023.0962
180.0 2.5 -7.5 16.25 9999999984.6697
180.0 5.0 -7.5 16.25 674762.5163
180.0 7.5 -7.5 16.25 6592.7345000000005
180.0 10.0 -7.5 16.25 -12.4999
180.0 -5.0 -5.0 16.25 71.078
180.0 -2.5 -5.0 16.25 5655.723099999999
180.0 0.0 -5.0 16.25 10000000005.356901
180.0 2.5 -5.0 16.25 10000000157.610102
180.0 5.0 -5.0 16.25 10000000077.674002
180.0 7.5 -5.0 16.25 257611.6191
180.0 10.0 -5.0 16.25 22.7846
180.0 -5.0 -2.5 16.25 -11.8494
180.0 -2.5 -2.5 16.25 21247845.4984
180.0 0.0 -2.5 16.25 5179740926.1167
180.0 2.5 -2.5 16.25 1107156.6951
180.0 5.0 -2.5 16.25 10000000012.7633
180.0 7.5 -2.5 16.25 249227.1014
180.0 10.0 -2.5 16.25 3153064.6028
180.0 -5.0 0.0 16.25 -17.5102
180.0 -2.5 0.0 16.25 635.5025
180.0 0.0 0.0 16.25 13501547.991600001
180.0 2.5 0.0 16.25 9999999928.2656
180.0 5.0 0.0 16.25 39740685.0267
180.0 7.5 0.0 16.25 2116196.2959999996
180.0 -5.0 2.5 16.25 -10.2182
180.0 -2.5 2.5 16.25 -21.4529
180.0 0.0 2.5 16.25 -20.4949
180.0 2.5 2.5 16.25 999.9957
180.0 5.0 2.5 16.25 24.8054
180.0 7.5 2.5 16.25 993.1926
180.0 -5.0 5.0 16.25 -3.5533
180.0 -2.5 5.0 16.25 -8.7533
180.0 0.0 5.0 16.25 -11.5018
180.0 2.5 5.0 16.25 -6.23
180.0 5.0 5.0 16.25 -0.6632999999999998
180.0 7.5 5.0 16.25 1.7137
180.0 10.0 5.0 16.25 1.2210999999999999
240.0 -5.0 -10.0 3.75 10000000046.7875
240.0 -2.5 -10.0 3.75 9999999656.9543
240.0 0.0 -10.0 3.75 10000000011.6707
240.0 2.5 -10.0 3.75 9999999966.683
240.0 5.0 -10.0 3.75 10000000075.7161
240.0 7.5 -10.0 3.75 10000000004.7134
240.0 10.0 -10.0 3.75 1969210.0933
240.0 -5.0 -7.5 3.75 10000000089.097801
240.0 -2.5 -7.5 3.75 9999999882.6254
240.0 0.0 -7.5 3.75 9999999864.4018
240.0 2.5 -7.5 3.75 9999999969.573502
240.0 5.0 -7.5 3.75 9999999934.7814
240.0 7.5 -7.5 3.75 10000000060.944302
240.0 10.0 -7.5 3.75 59255175.6932
240.0 -5.0 -5.0 3.75 10000000100.8813
240.0 -2.5 -5.0 3.75 10000000052.6039
240.0 0.0 -5.0 3.75 9999999932.3213
240.0 2.5 -5.0 3.75 9999999916.195501
240.0 5.0 -5.0 3.75 10000000031.029202
240.0 7.5 -5.0 3.75 1323404993.3646
240.0 10.0 -5.0 3.75 14664812.5939
240.0 -5.0 -2.5 3.75 9999999835.0214
240.0 -2.5 -2.5 3.75 10000000015.7115
240.0 0.0 -2.5 3.75 10000000168.881
240.0 2.5 -2.5 3.75 9999999717.050901
240.0 5.0 -2.5 3.75 10000000207.4067
240.0 7.5 -2.5 3.75 113609650.79519999
240.0 10.0 -2.5 3.75 85104766.94489999
240.0 -5.0 0.0 3.75 1619257584.6643
240.0 -2.5 0.0 3.75 10000000030.922
240.0 0.0 0.0 3.75 2564371805.8588
240.0 2.5 0.0 3.75 10000000282.574202
240.0 5.0 0.0 3.75 10000000131.970402
240.0 7.5 0.0 3.75 9999999977.541101
240.0 10.0 0.0 3.75 1985.352
240.0 -5.0 2.5 3.75 10000000025.9822
240.0 -2.5 2.5 3.75 2374817586.4942
240.0 0.0 2.5 3.75 10000000038.3229
240.0 2.5 2.5 3.75 9999999977.6
240.0 5.0 2.5 3.75 9999999788.380901
240.0 7.5 2.5 3.75 10000000068.016602
240.0 10.0 2.5 3.75 899240.9865
240.0 -5.0 5.0 3.75 229366671.0505
240.0 -2.5 5.0 3.75 10000000107.041101
240.0 0.0 5.0 3.75 1536287978.2382
240.0 2.5 5.0 3.75 98472670.3432
240.0 5.0 5.0 3.75 1073155621.4018999
240.0 7.5 5.0 3.75 1266722108.3911
240.0 10.0 5.0 3.75 9030271.296
240.0 0.0 0.0 5.0 10000000050.5091
240.0 -2.5 2.5 5.0 9999999996.029701
240.0 -2.5 5.0 5.0 10000000042.4566
240.0 0.0 0.0 6.25 10000000014.1243
240.0 -2.5 2.5 6.25 4205226044.8232
240.0 0.0 2.5 6.25 9999999766.2796
240.0 -5.0 5.0 6.25 9999999991.860802
240.0 -2.5 5.0 6.25 9999999928.279202
240.0 2.5 -10.0 7.5 1769581612.8334
240.0 -2.5 -7.5 7.5 1088818440.0843
240.0 0.0 -5.0 7.5 9999999866.3768
240.0 0.0 0.0 7.5 10000000006.028301
240.0 -2.5 2.5 7.5 129639791.1606
240.0 0.0 2.5 7.5 9999999911.9452
240.0 -5.0 5.0 7.5 2820863.7862
240.0 -2.5 5.0 7.5 909578776.7689999
240.0 0.0 5.0 7.5 2365734034.4412
240.0 0.0 -10.0 8.75 10000000101.7558
240.0 2.5 -10.0 8.75 9999999871.326801
240.0 5.0 -10.0 8.75 327905976.773
240.0 -2.5 -7.5 8.75 9999999842.559801
240.0 0.0 -7.5 8.75 9999999830.302
240.0 2.5 -7.5 8.75 9500602821.0583
240.0 -2.5 -5.0 8.75 9991165749.2994
240.0 0.0 -5.0 8.75 10000000120.645802
240.0 0.0 -2.5 8.75 10000000033.417702
240.0 2.5 -2.5 8.75 10000000371.1681
240.0 -2.5 0.0 8.75 2728648996.5790997
240.0 0.0 0.0 8.75 9999999955.783602
240.0 -2.5 2.5 8.75 9999999937.641201
240.0 0.0 2.5 8.75 9999999920.1135
240.0 2.5 2.5 8.75 205430488.76200002
240.0 -5.0 5.0 8.75 122999.9815
240.0 -2.5 5.0 8.75 268927410.4322
240.0 0.0 5.0 8.75 14146004.7973
240.0 0.0 -10.0 10.0 128648920.6077
240.0 2.5 -10.0 10.0 65535285.3345
240.0 5.0 -10.0 10.0 9999999900.386301
240.0 -2.5 -7.5 10.0 4332172119.513201
240.0 0.0 -7.5 10.0 10000000056.499401
240.0 2.5 -7.5 10.0 5999609145.842199
240.0 -2.5 -5.0 10.0 9999999820.8952
240.0 0.0 -5.0 10.0 4238413601.473
240.0 -5.0 -2.5 10.0 6452189106.160399
240.0 -2.5 -2.5 10.0 10000000030.6667
240.0 0.0 -2.5 10.0 2894071133.2423
240.0 2.5 -2.5 10.0 10000000001.822401
240.0 -2.5 0.0 10.0 10000000028.4689
240.0 0.0 0.0 10.0 98342455.1804
240.0 2.5 0.0 10.0 9999999970.2252
240.0 -5.0 2.5 10.0 8632070.276800001
240.0 -2.5 2.5 10.0 344083240.0331
240.0 0.0 2.5 10.0 9999999970.128302
240.0 2.5 2.5 10.0 9999999728.525501
240.0 -5.0 5.0 10.0 6820.371
240.0 -2.5 5.0 10.0 665245.4239
240.0 0.0 5.0 10.0 4164.7869
240.0 2.5 5.0 10.0 1424693.7162000001
240.0 7.5 5.0 10.0 3169599421.5928
240.0 -2.5 -10.0 11.25 10000000148.211601
240.0 0.0 -10.0 11.25 2278598730.1471
240.0 2.5 -10.0 11.25 82796735.6391
240.0 5.0 -10.0 11.25 9999999969.8358
240.0 7.5 -10.0 11.25 15617310.075000001
240.0 10.0 -10.0 11.25 209553895.0135
240.0 -5.0 -7.5 11.25 9999999992.657001
240.0 -2.5 -7.5 11.25 9999999982.146502
240.0 0.0 -7.5 11.25 2936111257.9708
240.0 2.5 -7.5 11.25 9999999970.215
240.0 -2.5 -5.0 11.25 3812741825.3533998
240.0 0.0 -5.0 11.25 9999999964.758501
240.0 2.5 -5.0 11.25 10000000227.8208
240.0 -5.0 -2.5 11.25 14462011.874499999
240.0 -2.5 -2.5 11.25 1515223325.9109
240.0 0.0 -2.5 11.25 9999999983.161901
240.0 2.5 -2.5 11.25 10000000004.4986
240.0 -5.0 0.0 11.25 513452.8176
240.0 -2.5 0.0 11.25 623841.4012
240.0 0.0 0.0 11.25 65135694.367000006
240.0 2.5 0.0 11.25 9999999963.1361
240.0 -2.5 2.5 11.25 9999999979.289001
240.0 0.0 2.5 11.25 9999999979.6095
240.0 2.5 2.5 11.25 9999999980.201302
240.0 5.0 2.5 11.25 9999999995.1902
240.0 7.5 2.5 11.25 10000000030.912601
240.0 -5.0 5.0 11.25 71.4862
240.0 -2.5 5.0 11.25 147835.0097
240.0 0.0 5.0 11.25 245123.7545
240.0 2.5 5.0 11.25 59014133.9402
240.0 7.5 5.0 11.25 9999999922.2036
240.0 -2.5 -10.0 12.5 1018932632.4675
240.0 0.0 -10.0 12.5 15923069.8775
240.0 2.5 -10.0 12.5 2022918.0118999998
240.0 5.0 -10.0 12.5 9999999993.151701
240.0 7.5 -10.0 12.5 407793885.6765
240.0 10.0 -10.0 12.5 23308502.916800003
240.0 -5.0 -7.5 12.5 1682345777.4324
240.0 -2.5 -7.5 12.5 2320056670.7997003
240.0 0.0 -7.5 12.5 4179591339.9812
240.0 2.5 -7.5 12.5 10000000102.1436
240.0 5.0 -7.5 12.5 9999999909.5778
240.0 -5.0 -5.0 12.5 10000000054.8246
240.0 -2.5 -5.0 12.5 186022664.4793
240.0 0.0 -5.0 12.5 1612695778.2612998
240.0 2.5 -5.0 12.5 10000000001.1595
240.0 5.0 -5.0 12.5 1673638635.638
240.0 -5.0 -2.5 12.5 9999999973.335201
240.0 -2.5 -2.5 12.5 21112189.281
240.0 0.0 -2.5 12.5 6690265790.1165
240.0 2.5 -2.5 12.5 10000000082.719301
240.0 -5.0 0.0 12.5 78.7459
240.0 -2.5 0.0 12.5 467.66339999999997
240.0 0.0 0.0 12.5 173499314.62870002
240.0 2.5 0.0 12.5 5414426262.1367
240.0 5.0 0.0 12.5 10000000004.756802
240.0 -5.0 2.5 12.5 165307.1898
240.0 -2.5 2.5 12.5 135701484.7496
240.0 0.0 2.5 12.5 10956736.0365
240.0 2.5 2.5 12.5 9999999964.7991
240.0 5.0 2.5 12.5 9999999992.4524
240.0 7.5 2.5 12.5 4092095558.5997
240.0 -5.0 5.0 12.5 50.0573
240.0 -2.5 5.0 12.5 2617.7258
240.0 0.0 5.0 12.5 2844.4926
240.0 2.5 5.0 12.5 124297.3272
240.0 5.0 5.0 12.5 436152087.4627
240.0 7.5 5.0 12.5 8771264.323600002
240.0 -2.5 -10.0 13.75 10000000074.1643
240.0 0.0 -10.0 13.75 9999999957.4834
240.0 2.5 -10.0 13.75 1975802827.0995
240.0 5.0 -10.0 13.75 97915635.01630001
240.0 7.5 -10.0 13.75 42163268.6695
240.0 10.0 -10.0 13.75 13262279.5111
240.0 -5.0 -7.5 13.75 423300950.04190004
240.0 -2.5 -7.5 13.75 104024209.19649999
240.0 0.0 -7.5 13.75 1334105581.3897
240.0 2.5 -7.5 13.75 10000000070.1028
240.0 5.0 -7.5 13.75 3816844239.294
240.0 7.5 -7.5 13.75 9999999983.094702
240.0 10.0 -7.5 13.75 592248690.0339
240.0 -5.0 -5.0 13.75 124584.2875
240.0 -2.5 -5.0 13.75 120106208.456
240.0 0.0 -5.0 13.75 10000000036.6387
240.0 2.5 -5.0 13.75 10000000034.7101
240.0 5.0 -5.0 13.75 9999999996.8875
240.0 -5.0 -2.5 13.75 542.6364
240.0 -2.5 -2.5 13.75 3239.3887
240.0 0.0 -2.5 13.75 40247376.6791
240.0 2.5 -2.5 13.75 10000000191.293201
240.0 -5.0 0.0 13.75 -14.3034
240.0 -2.5 0.0 13.75 -16.1983
240.0 0.0 0.0 13.75 1104930.0770999999
240.0 2.5 0.0 13.75 7458696696.0633
240.0 5.0 0.0 13.75 3603148671.3919997
240.0 -5.0 2.5 13.75 41.641799999999996
240.0 -2.5 2.5 13.75 269.0551
240.0 0.0 2.5 13.75 33969.003600000004
240.0 2.5 2.5 13.75 8245741.619299999
240.0 5.0 2.5 13.75 6228105.5232
240.0 7.5 2.5 13.75 58301310.3816
240.0 10.0 2.5 13.75 42502.3402
240.0 -5.0 5.0 13.75 9.423300000000001
240.0 -2.5 5.0 13.75 3.8757999999999995
240.0 0.0 5.0 13.75 -16.4533
240.0 2.5 5.0 13.75 302623.3616
240.0 5.0 5.0 13.75 9173.2407
240.0 7.5 5.0 13.75 56942105.6704
240.0 10.0 5.0 13.75 29924436.880799998
240.0 -5.0 -10.0 15.0 626.8029
240.0 -2.5 -10.0 15.0 6120727625.8144
240.0 0.0 -10.0 15.0 2549971376.5076003
240.0 2.5 -10.0 15.0 470422249.7061
240.0 5.0 -10.0 15.0 458576.9715
240.0 7.5 -10.0 15.0 1862.2597
240.0 10.0 -10.0 15.0 25652834.761099998
240.0 -5.0 -7.5 15.0 4269.66
240.0 -2.5 -7.5 15.0 3465780.0595
240.0 0.0 -7.5 15.0 565883802.1209999
240.0 2.5 -7.5 15.0 10000000092.932701
240.0 5.0 -7.5 15.0 9999999939.5293
240.0 7.5 -7.5 15.0 550992956.1673
240.0 10.0 -7.5 15.0 10000000201.4304
240.0 -5.0 -5.0 15.0 248.2344
240.0 -2.5 -5.0 15.0 93380.2766
240.0 0.0 -5.0 15.0 9999999991.806301
240.0 2.5 -5.0 15.0 9999999972.357801
240.0 5.0 -5.0 15.0 10000000016.477001
240.0 10.0 -5.0 15.0 50311.9234
240.0 -5.0 -2.5 15.0 -16.8492
240.0 -2.5 -2.5 15.0 410.2948
240.0 0.0 -2.5 15.0 577870320.2008001
240.0 2.5 -2.5 15.0 9999999939.5445
240.0 5.0 -2.5 15.0 9999999987.6133
240.0 7.5 -2.5 15.0 8453471.488100002
240.0 -5.0 0.0 15.0 -9.5637
240.0 -2.5 0.0 15.0 -24.8958
240.0 0.0 0.0 15.0 8133.1024
240.0 2.5 0.0 15.0 437533.1704
240.0 5.0 0.0 15.0 10000000025.482801
240.0 7.5 0.0 15.0 939066696.3166
240.0 -5.0 2.5 15.0 -0.6425000000000001
240.0 -2.5 2.5 15.0 -13.8399
240.0 0.0 2.5 15.0 -16.2856
240.0 2.5 2.5 15.0 1326.8181
240.0 5.0 2.5 15.0 25982.163
240.0 7.5 2.5 15.0 9999999989.3589
240.0 10.0 2.5 15.0 31683.9816
240.0 -5.0 5.0 15.0 6.2081
240.0 -2.5 5.0 15.0 -1.1565999999999999
240.0 0.0 5.0 15.0 -13.3109
240.0 2.5 5.0 15.0 7.8888
240.0 5.0 5.0 15.0 26.624999999999996
240.0 7.5 5.0 15.0 217506141.7276
240.0 10.0 5.0 15.0 21208.7633
240.0 -5.0 -10.0 16.25 11.461099999999998
240.0 -2.5 -10.0 16.25 7590.2971
240.0 0.0 -10.0 16.25 17501.6313
240.0 2.5 -10.0 16.25 323298.7811
240.0 5.0 -10.0 16.25 592.7670999999999
240.0 7.5 -10.0 16.25 2.4387999999999996
240.0 10.0 -10.0 16.25 59.6359
240.0 -5.0 -7.5 16.25 -1.3799000000000001
240.0 -2.5 -7.5 16.25 7022.337100000001
240.0 0.0 -7.5 16.25 1422249389.4206002
240.0 2.5 -7.5 16.25 10000000068.172201
240.0 5.0 -7.5 16.25 4992425339.223599
240.0 7.5 -7.5 16.25 3266021193.9792
240.0 10.0 -7.5 16.25 124932.1226
240.0 -5.0 -5.0 16.25 -15.661999999999999
240.0 -2.5 -5.0 16.25 3086049.4916000003
240.0 0.0 -5.0 16.25 207265663.9051
240.0 2.5 -5.0 16.25 5169178791.4469
240.0 5.0 -5.0 16.25 9999999975.2879
240.0 7.5 -5.0 16.25 2872103869.197
240.0 10.0 -5.0 16.25 47952.5045
240.0 -5.0 -2.5 16.25 -14.606200000000001
240.0 -2.5 -2.5 16.25 967.792
240.0 0.0 -2.5 16.25 392045.1983
240.0 2.5 -2.5 16.25 9999999931.0039
240.0 5.0 -2.5 16.25 747881043.1466
240.0 7.5 -2.5 16.25 842435162.0969
240.0 10.0 -2.5 16.25 7.056100000000001
240.0 -5.0 0.0 16.25 -8.1975
240.0 -2.5 0.0 16.25 -20.591900000000003
240.0 0.0 0.0 16.25 -1.8419000000000008
240.0 2.5 0.0 16.25 130.08679999999998
240.0 5.0 0.0 16.25 15167339.6792
240.0 7.5 0.0 16.25 403204870.1962
240.0 -5.0 2.5 16.25 -1.1746
240.0 -2.5 2.5 16.25 -10.0062
240.0 0.0 2.5 16.25 -17.906299999999998
240.0 2.5 2.5 16.25 -20.8265
240.0 5.0 2.5 16.25 13921.2213
240.0 7.5 2.5 16.25 10000000017.6359
240.0 10.0 2.5 16.25 225.466
240.0 -5.0 5.0 16.25 3.5002999999999997
240.0 -2.5 5.0 16.25 -0.9173
240.0 0.0 5.0 16.25 -8.2518
240.0 2.5 5.0 16.25 -14.6987
240.0 5.0 5.0 16.25 -15.2713
240.0 7.5 5.0 16.25 1724.0821
240.0 10.0 5.0 16.25 210.2262
300.0 -5.0 -10.0 3.75 9999999818.2591
300.0 -2.5 -10.0 3.75 622282869.6241001
300.0 0.0 -10.0 3.75 10000000007.856401
300.0 2.5 -10.0 3.75 9999999926.227402
300.0 5.0 -10.0 3.75 10000000056.223501
300.0 7.5 -10.0 3.75 9999999990.176102
300.0 10.0 -10.0 3.75 12086903.448299998
300.0 -5.0 -7.5 3.75 9999999948.1158
300.0 -2.5 -7.5 3.75 1269970957.4923
300.0 0.0 -7.5 3.75 9999999838.0893
300.0 2.5 -7.5 3.75 9999999732.8705
300.0 5.0 -7.5 3.75 387286153.6323
300.0 7.5 -7.5 3.75 10000000017.1422
300.0 10.0 -7.5 3.75 59158707.134100005
300.0 -5.0 -5.0 3.75 10000000056.7992
300.0 -2.5 -5.0 3.75 10000000148.636002
300.0 0.0 -5.0 3.75 10000000033.4372
300.0 2.5 -5.0 3.75 1923315276.2931
300.0 5.0 -5.0 3.75 9999999956.150301
300.0 7.5 -5.0 3.75 9999999961.7045
300.0 10.0 -5.0 3.75 10000000092.4036
300.0 -5.0 -2.5 3.75 10000000024.7879
300.0 -2.5 -2.5 3.75 10000000264.3391
300.0 0.0 -2.5 3.75 10000000026.960701
300.0 2.5 -2.5 3.75 10000000008.4736
300.0 5.0 -2.5 3.75 9999999726.2514
300.0 7.5 -2.5 3.75 10000000153.969301
300.0 10.0 -2.5 3.75 12364692.4379
300.0 -5.0 0.0 3.75 10000000096.579601
300.0 -2.5 0.0 3.75 9999999846.606401
300.0 0.0 0.0 3.75 9999999993.2226
300.0 2.5 0.0 3.75 10000000063.615702
300.0 5.0 0.0 3.75 10000000048.746801
300.0 7.5 0.0 3.75 54299799.872999996
300.0 10.0 0.0 3.75 10000000002.266901
300.0 -5.0 2.5 3.75 9999999940.6231
300.0 -2.5 2.5 3.75 9999999943.4417
300.0 0.0 2.5 3.75 710015347.1112
300.0 2.5 2.5 3.75 10000000048.0154
300.0 5.0 2.5 3.75 10000000119.7597
300.0 7.5 2.5 3.75 6252548517.6352
300.0 10.0 2.5 3.75 644561952.8857
300.0 -5.0 5.0 3.75 9088775113.274601
300.0 -2.5 5.0 3.75 5549190113.5717
300.0 0.0 5.0 3.75 255805363.3871
300.0 2.5 5.0 3.75 6381033.0233
300.0 5.0 5.0 3.75 5305215.6905
300.0 7.5 5.0 3.75 8165654.4657000005
300.0 10.0 5.0 3.75 7717037.5528
300.0 -2.5 -2.5 6.25 733720618.7735
300.0 0.0 -2.5 6.25 10000000032.4085
300.0 2.5 -2.5 6.25 10000000196.896502
300.0 2.5 -5.0 7.5 9999999951.5144
300.0 -2.5 -2.5 7.5 10000000056.660002
300.0 0.0 -2.5 7.5 9999999987.437
300.0 0.0 0.0 7.5 10000000031.4374
300.0 0.0 2.5 7.5 9999999902.3504
300.0 5.0 -10.0 8.75 10000000041.605001
300.0 2.5 -7.5 8.75 1158253522.7372
300.0 5.0 -7.5 8.75 9999999886.399101
300.0 0.0 -5.0 8.75 9999999943.709702
300.0 2.5 -5.0 8.75 9999999906.8829
300.0 5.0 -5.0 8.75 10000000149.3546
300.0 -5.0 -2.5 8.75 5055377279.7265
300.0 -2.5 -2.5 8.75 10000000019.557701
300.0 0.0 -2.5 8.75 6483110829.7276
300.0 2.5 -2.5 8.75 10000000168.006102
300.0 -5.0 0.0 8.75 29735762.933000002
300.0 0.0 0.0 8.75 10000000127.9246
300.0 0.0 2.5 8.75 6311227218.9479
300.0 0.0 5.0 8.75 10000000221.692202
300.0 0.0 -10.0 10.0 10000000108.308
300.0 2.5 -10.0 10.0 9999999681.672201
300.0 5.0 -10.0 10.0 50345083.1658
300.0 7.5 -10.0 10.0 10000000065.8798
300.0 10.0 -10.0 10.0 29809.5933
300.0 2.5 -7.5 10.0 9999999767.057402
300.0 5.0 -7.5 10.0 10000000018.864
300.0 -5.0 -5.0 10.0 5891206751.9894
300.0 0.0 -5.0 10.0 10000000054.5853
300.0 2.5 -5.0 10.0 9999999994.2145
300.0 5.0 -5.0 10.0 9999999846.650002
300.0 -5.0 -2.5 10.0 9999999929.122002
300.0 -2.5 -2.5 10.0 10000000005.2535
300.0 0.0 -2.5 10.0 9999999931.002901
300.0 2.5 -2.5 10.0 10000000080.0582
300.0 -5.0 0.0 10.0 9999999614.011002
300.0 -2.5 0.0 10.0 111607687.3788
300.0 0.0 0.0 10.0 9315374495.3004
300.0 2.5 0.0 10.0 138101213.77850002
300.0 0.0 2.5 10.0 166524203.4146
300.0 0.0 5.0 10.0 19507802.8636
300.0 2.5 5.0 10.0 9999999942.813501
300.0 0.0 -10.0 11.25 1107017212.111
300.0 2.5 -10.0 11.25 2354641282.9715
300.0 5.0 -10.0 11.25 10000000143.6084
300.0 7.5 -10.0 11.25 10000000008.1721
300.0 10.0 -10.0 11.25 5819.2898
300.0 -2.5 -7.5 11.25 3067455574.5783
300.0 0.0 -7.5 11.25 10000000103.842402
300.0 2.5 -7.5 11.25 799397753.4043001
300.0 5.0 -7.5 11.25 9999999961.7653
300.0 7.5 -7.5 11.25 576385536.3243
300.0 -5.0 -5.0 11.25 1520490.0019
300.0 -2.5 -5.0 11.25 628611051.6763
300.0 0.0 -5.0 11.25 9999999919.2031
300.0 2.5 -5.0 11.25 10000000022.8691
300.0 5.0 -5.0 11.25 9999999832.4349
300.0 -5.0 -2.5 11.25 48421.1569
300.0 -2.5 -2.5 11.25 140081742.0665
300.0 0.0 -2.5 11.25 9999999948.2369
300.0 2.5 -2.5 11.25 10000000023.9927
300.0 -5.0 0.0 11.25 1175037979.8551
300.0 -2.5 0.0 11.25 15536821.7399
300.0 0.0 0.0 11.25 3997640999.847
300.0 2.5 0.0 11.25 2216236692.7223
300.0 -5.0 2.5 11.25 4642221476.4742
300.0 -2.5 2.5 11.25 116787018.6928
300.0 0.0 2.5 11.25 1522543839.9227
300.0 2.5 2.5 11.25 76506583.986
300.0 5.0 2.5 11.25 7362319.129199999
300.0 0.0 5.0 11.25 4332252875.5744
300.0 2.5 5.0 11.25 5786931791.778001
300.0 5.0 5.0 11.25 8521.7209
300.0 7.5 5.0 11.25 2.8206000000000007
300.0 -2.5 -10.0 12.5 7473296.7286
300.0 0.0 -10.0 12.5 2306662679.2839
300.0 2.5 -10.0 12.5 4670450550.1326
300.0 5.0 -10.0 12.5 9999999977.939001
300.0 7.5 -10.0 12.5 10000000054.3752
300.0 10.0 -10.0 12.5 3598.0654
300.0 -2.5 -7.5 12.5 50924219.657
300.0 0.0 -7.5 12.5 92265950.6865
300.0 2.5 -7.5 12.5 2651027300.6793003
300.0 5.0 -7.5 12.5 1900832561.5749
300.0 7.5 -7.5 12.5 9999999950.916801
300.0 -5.0 -5.0 12.5 3253876.2013999997
300.0 -2.5 -5.0 12.5 1994891487.1776
300.0 0.0 -5.0 12.5 6234951538.869
300.0 2.5 -5.0 12.5 5378538200.7014
300.0 5.0 -5.0 12.5 7444663851.7501
300.0 -5.0 -2.5 12.5 3256317.9344
300.0 -2.5 -2.5 12.5 4746920.7316
300.0 0.0 -2.5 12.5 9999999930.1425
300.0 2.5 -2.5 12.5 10000000072.2866
300.0 5.0 -2.5 12.5 9999999907.8262
300.0 -5.0 0.0 12.5 9999999965.3868
300.0 -2.5 0.0 12.5 38725520.86570001
300.0 0.0 0.0 12.5 10000000147.332901
300.0 2.5 0.0 12.5 9192516.2347
300.0 5.0 0.0 12.5 476657337.2513
300.0 7.5 0.0 12.5 217156.7879
300.0 -5.0 2.5 12.5 1143027.7534
300.0 -2.5 2.5 12.5 74180.5042
300.0 0.0 2.5 12.5 3119712.0935
300.0 2.5 2.5 12.5 59103077.663200006
300.0 5.0 2.5 12.5 597934.3334
300.0 7.5 2.5 12.5 3254.2720999999997
300.0 -5.0 5.0 12.5 13354.9738
300.0 -2.5 5.0 12.5 182762.1352
300.0 0.0 5.0 12.5 52211.6745
300.0 2.5 5.0 12.5 3291362.6401
300.0 5.0 5.0 12.5 8672.7906
300.0 7.5 5.0 12.5 1.5256000000000007
300.0 -2.5 -10.0 13.75 1015.0454
300.0 0.0 -10.0 13.75 1135839758.2458
300.0 2.5 -10.0 13.75 901417226.4796
300.0 5.0 -10.0 13.75 10000000012.3815
300.0 7.5 -10.0 13.75 10000000027.430101
300.0 10.0 -10.0 13.75 39249.543
300.0 -5.0 -7.5 13.75 889701173.9204
300.0 -2.5 -7.5 13.75 78377.7999
300.0 0.0 -7.5 13.75 293533943.5208
300.0 2.5 -7.5 13.75 8261950163.3418
300.0 5.0 -7.5 13.75 469574585.4363
300.0 7.5 -7.5 13.75 10000000155.6945
300.0 -5.0 -5.0 13.75 11050190.4191
300.0 -2.5 -5.0 13.75 4108154.6577999997
300.0 0.0 -5.0 13.75 4550371313.9827
300.0 2.5 -5.0 13.75 10000000019.018002
300.0 5.0 -5.0 13.75 9999999968.586401
300.0 -5.0 -2.5 13.75 1803796693.2968
300.0 -2.5 -2.5 13.75 629843.8720000001
300.0 0.0 -2.5 13.75 10000000055.950901
300.0 2.5 -2.5 13.75 6357254.4704
300.0 5.0 -2.5 13.75 9267868905.369501
300.0 7.5 -2.5 13.75 281843333.34499997
300.0 -5.0 0.0 13.75 26653778.9393
300.0 -2.5 0.0 13.75 467932.2208
300.0 0.0 0.0 13.75 1458422.9285
300.0 2.5 0.0 13.75 114004857.5517
300.0 5.0 0.0 13.75 3412823.6418999997
300.0 7.5 0.0 13.75 16498824.5977
300.0 -5.0 2.5 13.75 10684057.596
300.0 -2.5 2.5 13.75 23155080.7984
300.0 0.0 2.5 13.75 89311762.0104
300.0 2.5 2.5 13.75 4740195.3012999995
300.0 5.0 2.5 13.75 2171079.3902000003
300.0 7.5 2.5 13.75 15.762699999999999
300.0 10.0 2.5 13.75 2553.6393999999996
300.0 -5.0 5.0 13.75 16.467
300.0 -2.5 5.0 13.75 3059.6782
300.0 0.0 5.0 13.75 49491.342599999996
300.0 2.5 5.0 13.75 4787.1576
300.0 5.0 5.0 13.75 2880.2952999999998
300.0 7.5 5.0 13.75 1.104
300.0 10.0 5.0 13.75 -5.6364
300.0 -2.5 -10.0 15.0 1.6976000000000004
300.0 0.0 -10.0 15.0 119503.9112
300.0 2.5 -10.0 15.0 1417460.5479000001
300.0 5.0 -10.0 15.0 408758573.34470004
300.0 7.5 -10.0 15.0 39709715.6797
300.0 10.0 -10.0 15.0 11813.2277
300.0 -5.0 -7.5 15.0 29282.4735
300.0 -2.5 -7.5 15.0 2386.1968
300.0 0.0 -7.5 15.0 2616007.1125
300.0 2.5 -7.5 15.0 17904928.8759
300.0 5.0 -7.5 15.0 9999999977.4053
300.0 7.5 -7.5 15.0 3259289252.8571997
300.0 10.0 -7.5 15.0 9999999971.979801
300.0 -5.0 -5.0 15.0 70.69210000000001
300.0 -2.5 -5.0 15.0 151767.2488
300.0 0.0 -5.0 15.0 9999999990.490702
300.0 2.5 -5.0 15.0 10000000095.020401
300.0 5.0 -5.0 15.0 9999999970.6606
300.0 7.5 -5.0 15.0 329254750.57490003
300.0 -5.0 -2.5 15.0 1810.4622
300.0 -2.5 -2.5 15.0 73617.5554
300.0 0.0 -2.5 15.0 2080822.5529
300.0 2.5 -2.5 15.0 2447938801.3491
300.0 5.0 -2.5 15.0 657093748.9308
300.0 7.5 -2.5 15.0 7423397144.8245
300.0 10.0 -2.5 15.0 1892840.6569
300.0 -5.0 0.0 15.0 2933.4046
300.0 -2.5 0.0 15.0 4008.79
300.0 0.0 0.0 15.0 4820188902.5397005
300.0 2.5 0.0 15.0 701288.8677000001
300.0 5.0 0.0 15.0 73304434.01609999
300.0 7.5 0.0 15.0 1078459.6908
300.0 10.0 0.0 15.0 1155.0049
300.0 -5.0 2.5 15.0 43.075900000000004
300.0 -2.5 2.5 15.0 155.4275
300.0 0.0 2.5 15.0 1934079745.3651
300.0 2.5 2.5 15.0 4394244322.3478
300.0 5.0 2.5 15.0 175.2537
300.0 7.5 2.5 15.0 -10.3651
300.0 10.0 2.5 15.0 862.7044999999999
300.0 -5.0 5.0 15.0 2.1922000000000006
300.0 -2.5 5.0 15.0 154.4727
300.0 0.0 5.0 15.0 1473.5071
300.0 2.5 5.0 15.0 671.4256
300.0 5.0 5.0 15.0 64.28569999999999
300.0 7.5 5.0 15.0 0.5324000000000002
300.0 10.0 5.0 15.0 -5.6499999999999995
300.0 -5.0 -10.0 16.25 -8.7343
300.0 -2.5 -10.0 16.25 1.8823999999999996
300.0 0.0 -10.0 16.25 1328.7605
300.0 2.5 -10.0 16.25 99789.387
300.0 5.0 -10.0 16.25 965023.5446
300.0 7.5 -10.0 16.25 1831647.8645
300.0 10.0 -10.0 16.25 263064.1358
300.0 -5.0 -7.5 16.25 -25.973300000000002
300.0 -2.5 -7.5 16.25 59.568
300.0 0.0 -7.5 16.25 26496404.8108
300.0 2.5 -7.5 16.25 176355467.478
300.0 5.0 -7.5 16.25 37820862.679800004
300.0 7.5 -7.5 16.25 2739494713.3551
300.0 10.0 -7.5 16.25 10000000225.5027
300.0 -5.0 -5.0 16.25 -18.0607
300.0 -2.5 -5.0 16.25 8039.5673
300.0 0.0 -5.0 16.25 122602.7545
300.0 2.5 -5.0 16.25 15712757.8255
300.0 5.0 -5.0 16.25 9999999928.537601
300.0 7.5 -5.0 16.25 4033982.4959
300.0 10.0 -5.0 16.25 9999999953.907701
300.0 -5.0 -2.5 16.25 -12.8344
300.0 -2.5 -2.5 16.25 41.6272
300.0 0.0 -2.5 16.25 1481.1733000000002
300.0 2.5 -2.5 16.25 15389.510400000001
300.0 5.0 -2.5 16.25 48637053.8603
300.0 7.5 -2.5 16.25 474737747.7752
300.0 10.0 -2.5 16.25 28765741.333499998
300.0 -5.0 0.0 16.25 -9.2876
300.0 -2.5 0.0 16.25 -6.449
300.0 0.0 0.0 16.25 1725.039
300.0 2.5 0.0 16.25 504.45709999999997
300.0 5.0 0.0 16.25 12860.0818
300.0 7.5 0.0 16.25 157862.2007
300.0 10.0 0.0 16.25 98.6861
300.0 -5.0 2.5 16.25 -2.8251
300.0 -2.5 2.5 16.25 0.5339
300.0 0.0 2.5 16.25 4159.4792
300.0 2.5 2.5 16.25 4065.6304999999998
300.0 5.0 2.5 16.25 11.0166
300.0 7.5 2.5 16.25 -9.2651
300.0 10.0 2.5 16.25 -10.4043
300.0 -5.0 5.0 16.25 0.12040000000000006
300.0 -2.5 5.0 16.25 -6.5225
300.0 0.0 5.0 16.25 -10.285400000000001
300.0 2.5 5.0 16.25 6.018599999999999
300.0 5.0 5.0 16.25 8.701
300.0 7.5 5.0 16.25 -0.5974
300.0 10.0 5.0 16.25 -5.2304
