0.0 5.0 -7.5 6.25 10000000222.3183
0.0 -2.5 5.0 6.25 -24.7475
0.0 0.0 2.5 7.5 66313.7114
0.0 -2.5 5.0 7.5 -23.112399999999997
0.0 0.0 5.0 7.5 -19.3519
0.0 2.5 -10.0 8.75 2211601466.4428
0.0 5.0 -10.0 8.75 9999999914.551401
0.0 7.5 -10.0 8.75 784294316.8928
0.0 0.0 -7.5 8.75 10000000213.806501
0.0 5.0 -7.5 8.75 9999999946.4489
0.0 0.0 0.0 8.75 9434939979.8949
0.0 0.0 2.5 8.75 -43.720499999999994
0.0 -2.5 5.0 8.75 -19.445
0.0 0.0 5.0 8.75 -15.9246
0.0 2.5 5.0 8.75 7.235099999999999
0.0 5.0 5.0 8.75 592288.1124
0.0 5.0 -10.0 10.0 1085204978.9298
0.0 7.5 -10.0 10.0 9999999897.7141
0.0 0.0 -7.5 10.0 18862529.005
0.0 2.5 -7.5 10.0 9999999775.627201
0.0 5.0 -7.5 10.0 10000000148.463202
0.0 -2.5 -5.0 10.0 9999999998.994501
0.0 2.5 -5.0 10.0 10000000102.372301
0.0 -2.5 -2.5 10.0 2938.7594999999997
0.0 0.0 -2.5 10.0 6781100.8604999995
0.0 -2.5 0.0 10.0 0.8858000000000015
0.0 0.0 0.0 10.0 35.8159
0.0 2.5 0.0 10.0 142643.3856
0.0 0.0 2.5 10.0 -32.6848
0.0 2.5 2.5 10.0 -5.6945
0.0 7.5 2.5 10.0 278408321.8329
0.0 -2.5 5.0 10.0 -14.5036
0.0 0.0 5.0 10.0 -10.4017
0.0 2.5 5.0 10.0 6.763399999999999
0.0 5.0 5.0 10.0 1693.4225999999999
0.0 2.5 -10.0 11.25 9999999796.4941
0.0 5.0 -10.0 11.25 10000000411.3106
0.0 7.5 -10.0 11.25 10000000240.2427
0.0 10.0 -10.0 11.25 269236309.1432
0.0 0.0 -7.5 11.25 620566687.8229
0.0 2.5 -7.5 11.25 10000000038.233702
0.0 5.0 -7.5 11.25 10000000147.3433
0.0 7.5 -7.5 11.25 10000000043.9039
0.0 -2.5 -5.0 11.25 10000000118.614801
0.0 0.0 -5.0 11.25 3463665037.7465
0.0 2.5 -5.0 11.25 74410358.28580001
0.0 5.0 -5.0 11.25 10000000174.6247
0.0 -5.0 -2.5 11.25 3.276
0.0 -2.5 -2.5 11.25 58.7076
0.0 0.0 -2.5 11.25 1087121650.2029
0.0 7.5 -2.5 11.25 9999999896.4253
0.0 -2.5 0.0 11.25 0.5896999999999997
0.0 0.0 0.0 11.25 -4.712199999999999
0.0 2.5 0.0 11.25 70365.1321
0.0 -2.5 2.5 11.25 -11.7576
0.0 0.0 2.5 11.25 -14.5903
0.0 2.5 2.5 11.25 -8.6929
0.0 5.0 2.5 11.25 1875.9012
0.0 7.5 2.5 11.25 3258078.7072
0.0 -5.0 5.0 11.25 -7.4261
0.0 -2.5 5.0 11.25 -9.7362
0.0 0.0 5.0 11.25 -6.1098
0.0 2.5 5.0 11.25 5.0617
0.0 5.0 5.0 11.25 64.6891
0.0 7.5 5.0 11.25 21201.6358
0.0 0.0 -10.0 12.5 216180741.6225
0.0 2.5 -10.0 12.5 9999999892.917501
0.0 5.0 -10.0 12.5 10000000071.098501
0.0 7.5 -10.0 12.5 3949575997.5635
0.0 10.0 -10.0 12.5 9999999988.538
0.0 -2.5 -7.5 12.5 46642591.2559
0.0 0.0 -7.5 12.5 4192917963.1301
0.0 2.5 -7.5 12.5 10000000054.252201
0.0 5.0 -7.5 12.5 9999999897.248001
0.0 7.5 -7.5 12.5 9812830090.639
0.0 10.0 -7.5 12.5 5466842230.1002
0.0 -5.0 -5.0 12.5 386.64419999999996
0.0 -2.5 -5.0 12.5 10000000148.1011
0.0 0.0 -5.0 12.5 36366976.980399996
0.0 2.5 -5.0 12.5 1276271058.2299001
0.0 5.0 -5.0 12.5 9999999804.227701
0.0 7.5 -5.0 12.5 9999999884.5405
0.0 10.0 -5.0 12.5 12370724.8846
0.0 -5.0 -2.5 12.5 16.051499999999997
0.0 -2.5 -2.5 12.5 81.42920000000001
0.0 0.0 -2.5 12.5 30273632.968
0.0 2.5 -2.5 12.5 5001748.7281
0.0 5.0 -2.5 12.5 196771807.19640002
0.0 7.5 -2.5 12.5 9999999995.764
0.0 -5.0 0.0 12.5 6.4597
0.0 -2.5 0.0 12.5 14.049
0.0 0.0 0.0 12.5 11.270199999999999
0.0 2.5 0.0 12.5 344.3247
0.0 5.0 0.0 12.5 139193.1392
0.0 -2.5 2.5 12.5 -2.7138
0.0 0.0 2.5 12.5 -6.333
0.0 2.5 2.5 12.5 -10.6131
0.0 5.0 2.5 12.5 -17.4972
0.0 7.5 2.5 12.5 107.92009999999999
0.0 10.0 2.5 12.5 10127.574499999999
0.0 -5.0 5.0 12.5 -4.115799999999999
0.0 -2.5 5.0 12.5 -5.7536000000000005
0.0 0.0 5.0 12.5 -2.5453
0.0 2.5 5.0 12.5 2.0163
0.0 5.0 5.0 12.5 14.1127
0.0 7.5 5.0 12.5 28.866699999999998
0.0 10.0 5.0 12.5 10.113
0.0 0.0 -10.0 13.75 4570635856.9788
0.0 2.5 -10.0 13.75 9999999821.6697
0.0 5.0 -10.0 13.75 4543254076.8071
0.0 7.5 -10.0 13.75 352327880.3602
0.0 10.0 -10.0 13.75 9999999886.672
0.0 -2.5 -7.5 13.75 41698434.9103
0.0 0.0 -7.5 13.75 10000000012.9344
0.0 2.5 -7.5 13.75 10000000074.4605
0.0 5.0 -7.5 13.75 10000000172.865501
0.0 7.5 -7.5 13.75 1230140784.9424999
0.0 10.0 -7.5 13.75 667270571.143
0.0 -5.0 -5.0 13.75 85.755
0.0 -2.5 -5.0 13.75 791119060.6765
0.0 0.0 -5.0 13.75 50733245.767
0.0 2.5 -5.0 13.75 8537859179.5198
0.0 5.0 -5.0 13.75 1831979521.6103
0.0 7.5 -5.0 13.75 10000000029.082901
0.0 10.0 -5.0 13.75 10000000356.2254
0.0 -5.0 -2.5 13.75 24.4235
0.0 -2.5 -2.5 13.75 133.66719999999998
0.0 0.0 -2.5 13.75 103642.8713
0.0 2.5 -2.5 13.75 274836475.7536
0.0 5.0 -2.5 13.75 8306800.1461000005
0.0 7.5 -2.5 13.75 92554553.8703
0.0 -5.0 0.0 13.75 11.8772
0.0 -2.5 0.0 13.75 19.4627
0.0 0.0 0.0 13.75 12.031300000000002
0.0 2.5 0.0 13.75 -15.221400000000001
0.0 5.0 0.0 13.75 6820.5649
0.0 7.5 0.0 13.75 1225840.0768
0.0 -5.0 2.5 13.75 2.2146000000000003
0.0 -2.5 2.5 13.75 2.1012
0.0 0.0 2.5 13.75 -2.5349
0.0 2.5 2.5 13.75 -13.8701
0.0 5.0 2.5 13.75 -29.5161
0.0 7.5 2.5 13.75 47.8724
0.0 10.0 2.5 13.75 291.288
0.0 -5.0 5.0 13.75 -1.891
0.0 -2.5 5.0 13.75 -2.6871
0.0 0.0 5.0 13.75 -1.811
0.0 2.5 5.0 13.75 -0.5086999999999999
0.0 5.0 5.0 13.75 4.043900000000001
0.0 7.5 5.0 13.75 8.9922
0.0 10.0 5.0 13.75 3.6485000000000003
0.0 -5.0 -10.0 15.0 115460.9624
0.0 -2.5 -10.0 15.0 10000000486.8533
0.0 0.0 -10.0 15.0 465215748.2742
0.0 2.5 -10.0 15.0 8840901678.4901
0.0 5.0 -10.0 15.0 9999999939.6874
0.0 7.5 -10.0 15.0 444779765.49369997
0.0 10.0 -10.0 15.0 10000000385.9344
0.0 -5.0 -7.5 15.0 150.5396
0.0 -2.5 -7.5 15.0 114661450.6367
0.0 0.0 -7.5 15.0 421131264.3579
0.0 2.5 -7.5 15.0 9999999926.548
0.0 5.0 -7.5 15.0 5286813834.6899
0.0 7.5 -7.5 15.0 9999999926.199902
0.0 10.0 -7.5 15.0 597838996.0910001
0.0 -5.0 -5.0 15.0 102.4203
0.0 -2.5 -5.0 15.0 39857206.6211
0.0 0.0 -5.0 15.0 9999999704.2865
0.0 2.5 -5.0 15.0 328932911.6231
0.0 5.0 -5.0 15.0 450228229.0862
0.0 7.5 -5.0 15.0 6042575347.9384
0.0 10.0 -5.0 15.0 471470430.0528
0.0 -5.0 -2.5 15.0 26.7729
0.0 -2.5 -2.5 15.0 65.4353
0.0 0.0 -2.5 15.0 45220.0294
0.0 2.5 -2.5 15.0 26096.7134
0.0 5.0 -2.5 15.0 2221383.5001
0.0 7.5 -2.5 15.0 9999999883.364801
0.0 10.0 -2.5 15.0 9999999821.794802
0.0 -5.0 0.0 15.0 14.2767
0.0 -2.5 0.0 15.0 19.7411
0.0 0.0 0.0 15.0 7.623199999999999
0.0 2.5 0.0 15.0 -34.0189
0.0 5.0 0.0 15.0 16490.502500000002
0.0 7.5 0.0 15.0 87148.78899999999
0.0 10.0 0.0 15.0 10352752.858
0.0 -5.0 2.5 15.0 4.6417
0.0 -2.5 2.5 15.0 4.6194999999999995
0.0 0.0 2.5 15.0 -1.3537
0.0 2.5 2.5 15.0 -15.9717
0.0 5.0 2.5 15.0 -36.2095
0.0 7.5 2.5 15.0 -11.645500000000002
0.0 10.0 2.5 15.0 291.9445
0.0 -5.0 5.0 15.0 -0.5118
0.0 -2.5 5.0 15.0 -0.9402999999999999
0.0 0.0 5.0 15.0 -1.5123
0.0 2.5 5.0 15.0 -3.0593
0.0 5.0 5.0 15.0 -3.3965
0.0 7.5 5.0 15.0 -1.5978999999999999
0.0 10.0 5.0 15.0 0.9758
0.0 -5.0 -10.0 16.25 890.3045999999999
0.0 -2.5 -10.0 16.25 4852641.1265
0.0 0.0 -10.0 16.25 9999999793.234701
0.0 2.5 -10.0 16.25 9999999920.0494
0.0 5.0 -10.0 16.25 9999999759.152102
0.0 7.5 -10.0 16.25 9999999993.748001
0.0 10.0 -10.0 16.25 296922991.8764
0.0 -5.0 -7.5 16.25 26.0796
0.0 -2.5 -7.5 16.25 11886.4108
0.0 0.0 -7.5 16.25 272035828.5722
0.0 2.5 -7.5 16.25 348509340.7407
0.0 5.0 -7.5 16.25 9999999972.1891
0.0 7.5 -7.5 16.25 9999999984.397701
0.0 10.0 -7.5 16.25 25580580.7836
0.0 -5.0 -5.0 16.25 35.0899
0.0 -2.5 -5.0 16.25 26384501.1361
0.0 0.0 -5.0 16.25 3034981.0439
0.0 2.5 -5.0 16.25 15343055.4952
0.0 5.0 -5.0 16.25 53121163.8622
0.0 7.5 -5.0 16.25 10000000033.577702
0.0 10.0 -5.0 16.25 6786584.6393
0.0 -5.0 -2.5 16.25 25.658299999999997
0.0 -2.5 -2.5 16.25 43.3691
0.0 0.0 -2.5 16.25 4113.4184000000005
0.0 2.5 -2.5 16.25 655384.7294000001
0.0 5.0 -2.5 16.25 6796904.7967
0.0 7.5 -2.5 16.25 395040168.015
0.0 10.0 -2.5 16.25 37446640.9067
0.0 -5.0 0.0 16.25 13.7415
0.0 -2.5 0.0 16.25 17.6849
0.0 0.0 0.0 16.25 3.8148
0.0 2.5 0.0 16.25 -32.4952
0.0 5.0 0.0 16.25 3252.5238000000004
0.0 7.5 0.0 16.25 8008.1729000000005
0.0 10.0 0.0 16.25 3872891452.0204997
0.0 -5.0 2.5 16.25 4.8534999999999995
0.0 -2.5 2.5 16.25 5.1921
0.0 0.0 2.5 16.25 -1.9257
0.0 2.5 2.5 16.25 -16.7794
0.0 5.0 2.5 16.25 -36.6246
0.0 7.5 2.5 16.25 -43.1276
0.0 10.0 2.5 16.25 -3.2704000000000004
0.0 -5.0 5.0 16.25 0.6282
0.0 -2.5 5.0 16.25 0.08510000000000001
0.0 0.0 5.0 16.25 -1.4454
0.0 2.5 5.0 16.25 -5.0567
0.0 5.0 5.0 16.25 -9.0184
0.0 7.5 5.0 16.25 -7.8152
0.0 10.0 5.0 16.25 -1.5701
60.0 -5.0 -10.0 3.75 2379927795.6225996
60.0 -2.5 -10.0 3.75 10000000237.1807
60.0 0.0 -10.0 3.75 9999999902.676601
60.0 2.5 -10.0 3.75 9999999743.528101
60.0 5.0 -10.0 3.75 9999999996.898901
60.0 7.5 -10.0 3.75 10000000040.8117
60.0 10.0 -10.0 3.75 9999999966.2619
60.0 -5.0 -7.5 3.75 10000000003.8558
60.0 -2.5 -7.5 3.75 9999999992.203901
60.0 0.0 -7.5 3.75 1315707563.8792999
60.0 2.5 -7.5 3.75 10000000110.3402
60.0 5.0 -7.5 3.75 10000000000.8817
60.0 7.5 -7.5 3.75 9999999889.380402
60.0 10.0 -7.5 3.75 9999999873.6319
60.0 -5.0 -5.0 3.75 10000000063.9633
60.0 -2.5 -5.0 3.75 9999999996.6128
60.0 0.0 -5.0 3.75 1310025420.463
60.0 2.5 -5.0 3.75 9999999674.3425
60.0 5.0 -5.0 3.75 9999999956.246801
60.0 7.5 -5.0 3.75 8785176331.9402
60.0 10.0 -5.0 3.75 4164854109.7871
60.0 -5.0 -2.5 3.75 10000000127.19
60.0 -2.5 -2.5 3.75 712260464.3546001
60.0 0.0 -2.5 3.75 10000000084.7012
60.0 2.5 -2.5 3.75 9999999946.0354
60.0 5.0 -2.5 3.75 10000000050.316301
60.0 7.5 -2.5 3.75 9999999870.6345
60.0 10.0 -2.5 3.75 1005168091.9329
60.0 -5.0 0.0 3.75 335622683.02559996
60.0 -2.5 0.0 3.75 285410900.6713
60.0 0.0 0.0 3.75 10000000131.5307
60.0 2.5 0.0 3.75 10000000154.0793
60.0 5.0 0.0 3.75 10000000055.5776
60.0 7.5 0.0 3.75 10000000002.654701
60.0 10.0 0.0 3.75 51677.2401
60.0 -5.0 2.5 3.75 1077290.1653
60.0 -2.5 2.5 3.75 25002922.929899998
60.0 0.0 2.5 3.75 14546.301099999999
60.0 2.5 2.5 3.75 149707091.02220002
60.0 5.0 2.5 3.75 97571058.9849
60.0 7.5 2.5 3.75 9999999994.445002
60.0 10.0 2.5 3.75 68587446.1928
60.0 -5.0 5.0 3.75 27291.8911
60.0 -2.5 5.0 3.75 2695040.7856
60.0 0.0 5.0 3.75 6828.3519
60.0 2.5 5.0 3.75 2572236129.5846996
60.0 5.0 5.0 3.75 27440726.8149
60.0 7.5 5.0 3.75 90470392.63530001
60.0 10.0 5.0 3.75 61370852.452099994
60.0 2.5 -2.5 5.0 10000000006.7168
60.0 0.0 0.0 5.0 5819311519.7789
60.0 0.0 2.5 5.0 30536696.5876
60.0 2.5 -2.5 6.25 7014253032.901
60.0 0.0 0.0 6.25 33580929.7155
60.0 0.0 2.5 6.25 1938901.483
60.0 0.0 5.0 6.25 12204625.0715
60.0 2.5 -5.0 7.5 9999999990.026001
60.0 2.5 -2.5 7.5 973632232.7552999
60.0 5.0 -2.5 7.5 10000000117.3195
60.0 -2.5 0.0 7.5 1213357101.7120001
60.0 0.0 0.0 7.5 10000000119.5652
60.0 2.5 0.0 7.5 9999999510.853102
60.0 0.0 2.5 7.5 1507151.7728
60.0 0.0 5.0 7.5 8565.9633
60.0 2.5 -7.5 8.75 9999999824.9675
60.0 2.5 -5.0 8.75 10000000078.479101
60.0 5.0 -5.0 8.75 10000000062.2317
60.0 0.0 -2.5 8.75 644997140.0919
60.0 2.5 -2.5 8.75 9999999996.4885
60.0 -2.5 0.0 8.75 5441070984.3155
60.0 0.0 0.0 8.75 49860487.2444
60.0 2.5 0.0 8.75 1008450496.5605999
60.0 -2.5 2.5 8.75 4.7917
60.0 0.0 2.5 8.75 5892208.6963
60.0 0.0 5.0 8.75 1992.8135
60.0 5.0 -10.0 10.0 9999999853.762402
60.0 2.5 -7.5 10.0 9999999985.832201
60.0 5.0 -7.5 10.0 10000000014.8164
60.0 7.5 -7.5 10.0 10000000092.8097
60.0 0.0 -5.0 10.0 175715822.50640002
60.0 2.5 -5.0 10.0 9999999772.843102
60.0 5.0 -5.0 10.0 9999999932.868101
60.0 -2.5 -2.5 10.0 9999999968.3631
60.0 0.0 -2.5 10.0 10000000086.5578
60.0 2.5 -2.5 10.0 10000000077.0636
60.0 5.0 -2.5 10.0 10000000057.4662
60.0 7.5 -2.5 10.0 10000000053.5853
60.0 -2.5 0.0 10.0 111825957.0839
60.0 0.0 0.0 10.0 2872531423.5474
60.0 2.5 0.0 10.0 10000000023.9773
60.0 -2.5 2.5 10.0 15.9926
60.0 0.0 2.5 10.0 6567811.162099999
60.0 2.5 2.5 10.0 463713057.54639995
60.0 -2.5 5.0 10.0 -4.0445
60.0 0.0 5.0 10.0 5747.7338
60.0 2.5 5.0 10.0 117494.85710000001
60.0 2.5 -10.0 11.25 9999999918.487501
60.0 5.0 -10.0 11.25 10000000040.468102
60.0 10.0 -10.0 11.25 1595719134.892
60.0 0.0 -7.5 11.25 10000000069.794401
60.0 2.5 -7.5 11.25 9999999977.2168
60.0 5.0 -7.5 11.25 9999999952.8511
60.0 7.5 -7.5 11.25 9999999982.212
60.0 0.0 -5.0 11.25 10000000262.926802
60.0 2.5 -5.0 11.25 203444650.7834
60.0 5.0 -5.0 11.25 9999999943.4414
60.0 -2.5 -2.5 11.25 53848803.4869
60.0 0.0 -2.5 11.25 9999999918.3458
60.0 2.5 -2.5 11.25 7178385577.2917
60.0 5.0 -2.5 11.25 10000000085.8906
60.0 7.5 -2.5 11.25 1268336115.8976002
60.0 -5.0 0.0 11.25 9826.826599999999
60.0 -2.5 0.0 11.25 4399.1842
60.0 0.0 0.0 11.25 173252386.6846
60.0 2.5 0.0 11.25 7210145.6535
60.0 5.0 0.0 11.25 1151050792.3760998
60.0 -5.0 2.5 11.25 -7.051399999999999
60.0 -2.5 2.5 11.25 -2.4031000000000002
60.0 0.0 2.5 11.25 5880.5424
60.0 2.5 2.5 11.25 16347386.832899999
60.0 5.0 2.5 11.25 19909.0724
60.0 -2.5 5.0 11.25 -1.6357
60.0 0.0 5.0 11.25 13.426
60.0 2.5 5.0 11.25 115.0233
60.0 5.0 5.0 11.25 35.742599999999996
60.0 7.5 5.0 11.25 -2.1424000000000003
60.0 -2.5 -10.0 12.5 394139.0539
60.0 0.0 -10.0 12.5 1501640279.3349
60.0 2.5 -10.0 12.5 249878821.2139
60.0 5.0 -10.0 12.5 10000000181.7893
60.0 7.5 -10.0 12.5 9999999893.317501
60.0 10.0 -10.0 12.5 2448244062.7309
60.0 0.0 -7.5 12.5 9999999949.0823
60.0 2.5 -7.5 12.5 476583887.22300005
60.0 5.0 -7.5 12.5 10000000044.9288
60.0 7.5 -7.5 12.5 221514168.91950002
60.0 10.0 -7.5 12.5 2246608473.8693004
60.0 -2.5 -5.0 12.5 2133944445.2665
60.0 0.0 -5.0 12.5 9999999834.915901
60.0 2.5 -5.0 12.5 9999999965.0301
60.0 5.0 -5.0 12.5 9999999920.380901
60.0 7.5 -5.0 12.5 10000000134.2106
60.0 -5.0 -2.5 12.5 9999999995.918402
60.0 -2.5 -2.5 12.5 1073354027.7693
60.0 0.0 -2.5 12.5 10000000108.1413
60.0 2.5 -2.5 12.5 10000000151.0846
60.0 5.0 -2.5 12.5 2677192317.4865
60.0 7.5 -2.5 12.5 9999999942.6082
60.0 -5.0 0.0 12.5 192.10139999999998
60.0 -2.5 0.0 12.5 1352.1
60.0 0.0 0.0 12.5 6389502.4174
60.0 2.5 0.0 12.5 10000000103.201601
60.0 5.0 0.0 12.5 160993548.1288
60.0 -5.0 2.5 12.5 -7.060700000000001
60.0 -2.5 2.5 12.5 2.603700000000001
60.0 0.0 2.5 12.5 58.3769
60.0 2.5 2.5 12.5 816417498.5547
60.0 5.0 2.5 12.5 12076880.3143
60.0 7.5 2.5 12.5 7655.5068
60.0 -5.0 5.0 12.5 -5.8681
60.0 -2.5 5.0 12.5 0.8938999999999999
60.0 0.0 5.0 12.5 15.8104
60.0 2.5 5.0 12.5 33.7448
60.0 5.0 5.0 12.5 52.526900000000005
60.0 7.5 5.0 12.5 11.154900000000001
60.0 10.0 5.0 12.5 0.4471
60.0 -2.5 -10.0 13.75 188090590.33119997
60.0 0.0 -10.0 13.75 942720991.3488001
60.0 2.5 -10.0 13.75 2949246210.3835
60.0 5.0 -10.0 13.75 42717552.9193
60.0 7.5 -10.0 13.75 9999999993.2793
60.0 10.0 -10.0 13.75 5155447269.310801
60.0 0.0 -7.5 13.75 1890207440.5203
60.0 2.5 -7.5 13.75 9999999956.262701
60.0 5.0 -7.5 13.75 10000000087.5631
60.0 7.5 -7.5 13.75 2434680770.0284
60.0 10.0 -7.5 13.75 10000000085.065601
60.0 -2.5 -5.0 13.75 447199005.78249997
60.0 0.0 -5.0 13.75 9999999956.9834
60.0 2.5 -5.0 13.75 186460506.6067
60.0 5.0 -5.0 13.75 9999999976.709501
60.0 7.5 -5.0 13.75 3610847301.3824997
60.0 10.0 -5.0 13.75 10000000260.1776
60.0 -5.0 -2.5 13.75 9999999953.250101
60.0 -2.5 -2.5 13.75 39919.1383
60.0 0.0 -2.5 13.75 2228112.3056
60.0 2.5 -2.5 13.75 526880801.4592
60.0 5.0 -2.5 13.75 540494.5617
60.0 7.5 -2.5 13.75 9999999966.8139
60.0 -5.0 0.0 13.75 39.202799999999996
60.0 -2.5 0.0 13.75 28.4173
60.0 0.0 0.0 13.75 56117.8819
60.0 2.5 0.0 13.75 7660886434.4258
60.0 5.0 0.0 13.75 444252940.7184
60.0 -5.0 2.5 13.75 -5.9234
60.0 -2.5 2.5 13.75 5.2523
60.0 0.0 2.5 13.75 34.9346
60.0 2.5 2.5 13.75 238025.7285
60.0 5.0 2.5 13.75 1407268.818
60.0 7.5 2.5 13.75 1073.2909
60.0 -5.0 5.0 13.75 -4.885199999999999
60.0 -2.5 5.0 13.75 3.4798
60.0 0.0 5.0 13.75 18.8176
60.0 2.5 5.0 13.75 35.0503
60.0 5.0 5.0 13.75 47.7616
60.0 7.5 5.0 13.75 21.6092
60.0 10.0 5.0 13.75 -6.3818
60.0 -5.0 -10.0 15.0 307836.33160000003
60.0 -2.5 -10.0 15.0 14840003.439000001
60.0 0.0 -10.0 15.0 10000000057.5804
60.0 2.5 -10.0 15.0 2241879215.6761
60.0 5.0 -10.0 15.0 9999999905.9463
60.0 7.5 -10.0 15.0 10000000215.0891
60.0 10.0 -10.0 15.0 1237289173.4208999
60.0 -5.0 -7.5 15.0 6219563.5157
60.0 -2.5 -7.5 15.0 10000000035.858301
60.0 0.0 -7.5 15.0 9999999945.883501
60.0 2.5 -7.5 15.0 9999999916.4178
60.0 5.0 -7.5 15.0 10000000011.485802
60.0 7.5 -7.5 15.0 8136641347.8457
60.0 10.0 -7.5 15.0 9999999968.584002
60.0 -5.0 -5.0 15.0 5476661.9166
60.0 -2.5 -5.0 15.0 122843915.36299999
60.0 0.0 -5.0 15.0 37824969.384600006
60.0 2.5 -5.0 15.0 10000000089.3019
60.0 5.0 -5.0 15.0 296249456.5991
60.0 7.5 -5.0 15.0 10000000056.2926
60.0 10.0 -5.0 15.0 9999999563.0533
60.0 -5.0 -2.5 15.0 24585.696900000003
60.0 -2.5 -2.5 15.0 1669.7413
60.0 0.0 -2.5 15.0 238770580.55510002
60.0 2.5 -2.5 15.0 3902923388.0290003
60.0 5.0 -2.5 15.0 13666584.8502
60.0 7.5 -2.5 15.0 1352709.3432
60.0 10.0 -2.5 15.0 1779469654.5537
60.0 -5.0 0.0 15.0 -2.7523999999999997
60.0 -2.5 0.0 15.0 6.907
60.0 0.0 0.0 15.0 54935.8724
60.0 2.5 0.0 15.0 52663808.099
60.0 5.0 0.0 15.0 246660.52560000002
60.0 7.5 0.0 15.0 9274031.6415
60.0 -5.0 2.5 15.0 -4.8754
60.0 -2.5 2.5 15.0 6.589699999999999
60.0 0.0 2.5 15.0 26.211
60.0 2.5 2.5 15.0 9064.0767
60.0 5.0 2.5 15.0 160041.3244
60.0 7.5 2.5 15.0 137.0421
60.0 10.0 2.5 15.0 -22.924200000000003
60.0 -5.0 5.0 15.0 -3.2546
60.0 -2.5 5.0 15.0 4.123200000000001
60.0 0.0 5.0 15.0 18.244
60.0 2.5 5.0 15.0 32.3661
60.0 5.0 5.0 15.0 41.103300000000004
60.0 7.5 5.0 15.0 22.9642
60.0 10.0 5.0 15.0 -4.5887
60.0 -5.0 -10.0 16.25 5469.7994
60.0 -2.5 -10.0 16.25 9999999981.113602
60.0 0.0 -10.0 16.25 10000000008.0408
60.0 2.5 -10.0 16.25 1939790529.4253
60.0 5.0 -10.0 16.25 4428939.0522
60.0 7.5 -10.0 16.25 3245617115.768
60.0 10.0 -10.0 16.25 535491177.11910003
60.0 -5.0 -7.5 16.25 1103223.9944999998
60.0 -2.5 -7.5 16.25 4153681020.7652
60.0 0.0 -7.5 16.25 9999999902.251202
60.0 2.5 -7.5 16.25 204443873.5968
60.0 5.0 -7.5 16.25 9999999692.443201
60.0 7.5 -7.5 16.25 51845520.1378
60.0 10.0 -7.5 16.25 888806153.7138001
60.0 -5.0 -5.0 16.25 737922.2596000001
60.0 -2.5 -5.0 16.25 389.5739
60.0 0.0 -5.0 16.25 1538356.9456
60.0 2.5 -5.0 16.25 3531147580.5556
60.0 5.0 -5.0 16.25 6148464733.3942995
60.0 7.5 -5.0 16.25 3999337005.9922
60.0 10.0 -5.0 16.25 820173804.7206999
60.0 -5.0 -2.5 16.25 3486.201
60.0 -2.5 -2.5 16.25 8.4429
60.0 0.0 -2.5 16.25 183374.9269
60.0 2.5 -2.5 16.25 125683977.0952
60.0 5.0 -2.5 16.25 4634401.885299999
60.0 7.5 -2.5 16.25 610446.4828
60.0 10.0 -2.5 16.25 301263.7232
60.0 -5.0 0.0 16.25 -5.8754
60.0 -2.5 0.0 16.25 2.2044
60.0 0.0 0.0 16.25 33.117900000000006
60.0 2.5 0.0 16.25 16761400.5277
60.0 5.0 0.0 16.25 1356676651.9712
60.0 7.5 0.0 16.25 161.22560000000001
60.0 10.0 0.0 16.25 19.0133
60.0 -5.0 2.5 16.25 -3.1966
60.0 -2.5 2.5 16.25 5.9952000000000005
60.0 0.0 2.5 16.25 20.641000000000002
60.0 2.5 2.5 16.25 57.0606
60.0 5.0 2.5 16.25 156.6064
60.0 7.5 2.5 16.25 28.3337
60.0 10.0 2.5 16.25 -19.231299999999997
60.0 -5.0 5.0 16.25 -2.4907
60.0 -2.5 5.0 16.25 4.0805
60.0 0.0 5.0 16.25 15.6916
60.0 2.5 5.0 16.25 27.9219
60.0 5.0 5.0 16.25 32.6409
60.0 7.5 5.0 16.25 19.450000000000003
60.0 10.0 5.0 16.25 -1.6133
120.0 -5.0 -10.0 3.75 9999999935.9981
120.0 -2.5 -10.0 3.75 10000000125.015902
120.0 0.0 -10.0 3.75 9999999818.5802
120.0 2.5 -10.0 3.75 9999999977.228802
120.0 5.0 -10.0 3.75 9999999968.0713
120.0 7.5 -10.0 3.75 10000000026.651402
120.0 10.0 -10.0 3.75 9999999872.555302
120.0 -5.0 -7.5 3.75 9999999840.786201
120.0 -2.5 -7.5 3.75 9999999932.647701
120.0 0.0 -7.5 3.75 10000000025.8915
120.0 2.5 -7.5 3.75 10000000064.294601
120.0 5.0 -7.5 3.75 2855006243.762
120.0 7.5 -7.5 3.75 9999999981.9881
120.0 10.0 -7.5 3.75 9999999899.4372
120.0 -5.0 -5.0 3.75 10000000042.260801
120.0 -2.5 -5.0 3.75 812913554.6003
120.0 0.0 -5.0 3.75 4540196156.5232
120.0 2.5 -5.0 3.75 10000000084.480202
120.0 5.0 -5.0 3.75 9999999831.8372
120.0 7.5 -5.0 3.75 10000000010.0571
120.0 10.0 -5.0 3.75 10000000182.6795
120.0 -5.0 -2.5 3.75 10000000151.689901
120.0 -2.5 -2.5 3.75 10000000375.546701
120.0 0.0 -2.5 3.75 9999999613.0638
120.0 2.5 -2.5 3.75 10000000076.511002
120.0 5.0 -2.5 3.75 9999999831.7591
120.0 7.5 -2.5 3.75 2588364601.3724
120.0 10.0 -2.5 3.75 10000000183.000301
120.0 -5.0 0.0 3.75 22584938.023500003
120.0 -2.5 0.0 3.75 3521883.4932
120.0 0.0 0.0 3.75 839427760.1213
120.0 2.5 0.0 3.75 5116790856.0996
120.0 5.0 0.0 3.75 1259468854.9120002
120.0 7.5 0.0 3.75 9999999994.2231
120.0 10.0 0.0 3.75 10000000063.0729
120.0 -5.0 2.5 3.75 -37.0128
120.0 -2.5 2.5 3.75 750860.7485
120.0 0.0 2.5 3.75 1136047651.9076002
120.0 2.5 2.5 3.75 110651203.1158
120.0 5.0 2.5 3.75 723467.7248
120.0 7.5 2.5 3.75 6356844329.795
120.0 10.0 2.5 3.75 11002917.695600001
120.0 -5.0 5.0 3.75 -18.582099999999997
120.0 -2.5 5.0 3.75 2323.9108
120.0 0.0 5.0 3.75 3205586628.0839
120.0 2.5 5.0 3.75 9999999922.4186
120.0 5.0 5.0 3.75 48055.6684
120.0 7.5 5.0 3.75 1799367.3117999998
120.0 10.0 5.0 3.75 325105841.6115
120.0 -2.5 5.0 5.0 237.17960000000002
120.0 -2.5 2.5 6.25 9999999835.314201
120.0 -2.5 5.0 6.25 -28.1952
120.0 2.5 -7.5 7.5 10000000203.4445
120.0 0.0 -5.0 7.5 10000000078.759401
120.0 -2.5 0.0 7.5 9999999859.9701
120.0 -2.5 2.5 7.5 3867.8549
120.0 0.0 2.5 7.5 810048225.0505999
120.0 -2.5 5.0 7.5 -38.484
120.0 0.0 5.0 7.5 6.777200000000001
120.0 2.5 -7.5 8.75 10000000053.8309
120.0 5.0 -7.5 8.75 10000000132.5119
120.0 0.0 -5.0 8.75 10000000110.8232
120.0 0.0 0.0 8.75 6209963.861099999
120.0 -2.5 2.5 8.75 287.8229
120.0 0.0 2.5 8.75 2103.6639999999998
120.0 -5.0 5.0 8.75 -18.783
120.0 -2.5 5.0 8.75 -33.0929
120.0 0.0 5.0 8.75 -42.4757
120.0 2.5 5.0 8.75 72.6587
120.0 2.5 -10.0 10.0 9999999844.624601
120.0 2.5 -7.5 10.0 6433434488.461301
120.0 5.0 -7.5 10.0 10000000061.4712
120.0 7.5 -7.5 10.0 6696086208.1349
120.0 -2.5 -5.0 10.0 10000000178.017601
120.0 0.0 -5.0 10.0 10000000103.505402
120.0 2.5 -5.0 10.0 9999999968.4199
120.0 0.0 -2.5 10.0 320385542.6371
120.0 0.0 0.0 10.0 50294683.4171
120.0 2.5 0.0 10.0 9999999962.048302
120.0 -5.0 2.5 10.0 -25.2086
120.0 -2.5 2.5 10.0 -41.750499999999995
120.0 0.0 2.5 10.0 -41.7474
120.0 2.5 2.5 10.0 9999999953.797201
120.0 -5.0 5.0 10.0 -14.0156
120.0 -2.5 5.0 10.0 -23.677
120.0 0.0 5.0 10.0 -29.4325
120.0 2.5 5.0 10.0 142.6806
120.0 5.0 5.0 10.0 20557581.445499998
120.0 2.5 -10.0 11.25 9999999949.832901
120.0 5.0 -10.0 11.25 9999999941.7406
120.0 10.0 -10.0 11.25 4520987703.8413
120.0 -2.5 -7.5 11.25 4224431399.3634
120.0 0.0 -7.5 11.25 7233180251.0591
120.0 2.5 -7.5 11.25 4846185544.2272005
120.0 5.0 -7.5 11.25 10000000013.3474
120.0 7.5 -7.5 11.25 10000000029.0972
120.0 -2.5 -5.0 11.25 144663628.40960002
120.0 0.0 -5.0 11.25 9999999884.2108
120.0 2.5 -5.0 11.25 1094131993.8727999
120.0 5.0 -5.0 11.25 1945487490.9424999
120.0 7.5 -5.0 11.25 10000000088.1529
120.0 0.0 -2.5 11.25 10000000150.331501
120.0 2.5 -2.5 11.25 10000000071.355202
120.0 -5.0 0.0 11.25 -14.4574
120.0 -2.5 0.0 11.25 173.5412
120.0 0.0 0.0 11.25 53240164.7144
120.0 2.5 0.0 11.25 10000000507.5596
120.0 -5.0 2.5 11.25 -15.9189
120.0 -2.5 2.5 11.25 -25.9768
120.0 0.0 2.5 11.25 -23.541800000000002
120.0 2.5 2.5 11.25 27654.0986
120.0 -5.0 5.0 11.25 -9.1212
120.0 -2.5 5.0 11.25 -15.2714
120.0 0.0 5.0 11.25 -19.2443
120.0 2.5 5.0 11.25 6.5318000000000005
120.0 5.0 5.0 11.25 7212.412700000001
120.0 7.5 5.0 11.25 284307.18570000003
120.0 -5.0 -10.0 12.5 1719908637.8314998
120.0 -2.5 -10.0 12.5 5060322838.5105
120.0 0.0 -10.0 12.5 10000000183.6254
120.0 2.5 -10.0 12.5 10000000026.817902
120.0 5.0 -10.0 12.5 9999999927.2994
120.0 7.5 -10.0 12.5 9999999791.988901
120.0 10.0 -10.0 12.5 131399683.58279999
120.0 -2.5 -7.5 12.5 10000000197.543402
120.0 0.0 -7.5 12.5 10000000187.1235
120.0 2.5 -7.5 12.5 10000000125.3997
120.0 5.0 -7.5 12.5 10000000059.563301
120.0 7.5 -7.5 12.5 10000000030.246101
120.0 10.0 -7.5 12.5 10000000078.656301
120.0 -2.5 -5.0 12.5 247298294.3484
120.0 0.0 -5.0 12.5 134209164.95820001
120.0 2.5 -5.0 12.5 1305366458.4491
120.0 5.0 -5.0 12.5 1737888442.3605
120.0 -5.0 -2.5 12.5 43661.224799999996
120.0 -2.5 -2.5 12.5 104139543.0785
120.0 0.0 -2.5 12.5 10000000087.0816
120.0 2.5 -2.5 12.5 46711099.0577
120.0 5.0 -2.5 12.5 9999999978.1039
120.0 -5.0 0.0 12.5 -3.5549
120.0 -2.5 0.0 12.5 109.744
120.0 0.0 0.0 12.5 4932.3297
120.0 2.5 0.0 12.5 371904.5829
120.0 5.0 0.0 12.5 10000000038.5352
120.0 -5.0 2.5 12.5 -7.7915
120.0 -2.5 2.5 12.5 -11.680600000000002
120.0 0.0 2.5 12.5 -10.2787
120.0 2.5 2.5 12.5 262.91679999999997
120.0 5.0 2.5 12.5 524791685.987
120.0 -5.0 5.0 12.5 -4.1925
120.0 -2.5 5.0 12.5 -7.2449
120.0 0.0 5.0 12.5 -10.5432
120.0 2.5 5.0 12.5 -14.328
120.0 5.0 5.0 12.5 -19.399500000000003
120.0 7.5 5.0 12.5 -41.95269999999999
120.0 -5.0 -10.0 13.75 10000000099.145601
120.0 -2.5 -10.0 13.75 2602309092.6324
120.0 0.0 -10.0 13.75 10000000008.690601
120.0 2.5 -10.0 13.75 1355632454.7289
120.0 5.0 -10.0 13.75 9999999975.834702
120.0 7.5 -10.0 13.75 1757083221.6308
120.0 10.0 -10.0 13.75 111682481.30880001
120.0 -2.5 -7.5 13.75 875029751.4767001
120.0 0.0 -7.5 13.75 10000000228.5695
120.0 2.5 -7.5 13.75 1160505611.0972
120.0 5.0 -7.5 13.75 9999999935.2977
120.0 7.5 -7.5 13.75 10000000068.873701
120.0 10.0 -7.5 13.75 89873915.5731
120.0 -2.5 -5.0 13.75 5618702172.4047
120.0 0.0 -5.0 13.75 32214372.4033
120.0 2.5 -5.0 13.75 10000000081.9493
120.0 5.0 -5.0 13.75 10000000030.9764
120.0 7.5 -5.0 13.75 3612736483.2618003
120.0 10.0 -5.0 13.75 10000000145.0245
120.0 -5.0 -2.5 13.75 3665.2554
120.0 -2.5 -2.5 13.75 2547025.793
120.0 0.0 -2.5 13.75 10000000047.7961
120.0 2.5 -2.5 13.75 10000000084.8321
120.0 5.0 -2.5 13.75 1585804988.2392
120.0 -5.0 0.0 13.75 3.6824
120.0 -2.5 0.0 13.75 28.8545
120.0 0.0 0.0 13.75 60.7491
120.0 2.5 0.0 13.75 307641.7939
120.0 5.0 0.0 13.75 3133536342.145
120.0 -5.0 2.5 13.75 -1.7343
120.0 -2.5 2.5 13.75 -1.2657
120.0 0.0 2.5 13.75 -0.5981000000000005
120.0 2.5 2.5 13.75 -7.7651
120.0 5.0 2.5 13.75 13124.0863
120.0 -5.0 5.0 13.75 -1.3217
120.0 -2.5 5.0 13.75 -1.8737
120.0 0.0 5.0 13.75 -4.988300000000001
120.0 2.5 5.0 13.75 -11.1573
120.0 5.0 5.0 13.75 -29.704
120.0 7.5 5.0 13.75 -63.491699999999994
120.0 -5.0 -10.0 15.0 247168401.318
120.0 -2.5 -10.0 15.0 10000000063.465101
120.0 0.0 -10.0 15.0 1333582298.8722
120.0 2.5 -10.0 15.0 10000000157.183102
120.0 5.0 -10.0 15.0 29825394.083899997
120.0 7.5 -10.0 15.0 9880409955.7048
120.0 10.0 -10.0 15.0 9999999907.650301
120.0 -5.0 -7.5 15.0 19148952.203
120.0 -2.5 -7.5 15.0 10000000166.223902
120.0 0.0 -7.5 15.0 10000000036.7409
120.0 2.5 -7.5 15.0 10000000010.829
120.0 5.0 -7.5 15.0 241218302.85279998
120.0 7.5 -7.5 15.0 10000000040.628302
120.0 10.0 -7.5 15.0 558514109.9862
120.0 -5.0 -5.0 15.0 27451.498900000002
120.0 -2.5 -5.0 15.0 1199435596.1174
120.0 0.0 -5.0 15.0 90249168.9974
120.0 2.5 -5.0 15.0 10000000052.7583
120.0 5.0 -5.0 15.0 662491280.7921001
120.0 7.5 -5.0 15.0 1907681606.5108001
120.0 10.0 -5.0 15.0 9999999965.7245
120.0 -5.0 -2.5 15.0 45.8754
120.0 -2.5 -2.5 15.0 38249360.6324
120.0 0.0 -2.5 15.0 10000000346.728
120.0 2.5 -2.5 15.0 86120.14499999999
120.0 5.0 -2.5 15.0 10000000081.1098
120.0 7.5 -2.5 15.0 714205004.2994
120.0 10.0 -2.5 15.0 13731558.245
120.0 -5.0 0.0 15.0 7.3901
120.0 -2.5 0.0 15.0 19.5253
120.0 0.0 0.0 15.0 33.8004
120.0 2.5 0.0 15.0 501.989
120.0 5.0 0.0 15.0 60489726.9911
120.0 10.0 0.0 15.0 4384.1493
120.0 -5.0 2.5 15.0 2.9513999999999996
120.0 -2.5 2.5 15.0 4.6287
120.0 0.0 2.5 15.0 3.9464999999999995
120.0 2.5 2.5 15.0 -7.7351
120.0 5.0 2.5 15.0 1448.5766999999998
120.0 7.5 2.5 15.0 9368064.6674
120.0 -5.0 5.0 15.0 0.1658
120.0 -2.5 5.0 15.0 1.2991000000000001
120.0 0.0 5.0 15.0 -1.0915
120.0 2.5 5.0 15.0 -8.7189
120.0 5.0 5.0 15.0 -26.649
120.0 7.5 5.0 15.0 -56.2397
120.0 10.0 5.0 15.0 -54.2535
120.0 -5.0 -10.0 16.25 221734459.9528
120.0 -2.5 -10.0 16.25 55211220.7493
120.0 0.0 -10.0 16.25 1197839183.4119
120.0 2.5 -10.0 16.25 4603093264.588
120.0 5.0 -10.0 16.25 223632092.7439
120.0 7.5 -10.0 16.25 5620972300.6154
120.0 10.0 -10.0 16.25 1200261403.4143
120.0 -5.0 -7.5 16.25 351714.2394
120.0 -2.5 -7.5 16.25 10000000162.6902
120.0 0.0 -7.5 16.25 10000000278.8416
120.0 2.5 -7.5 16.25 9999999674.6411
120.0 5.0 -7.5 16.25 9999999797.2882
120.0 7.5 -7.5 16.25 11609094.008299999
120.0 10.0 -7.5 16.25 354966525.4584
120.0 -5.0 -5.0 16.25 533.3001
120.0 -2.5 -5.0 16.25 341870074.0313
120.0 0.0 -5.0 16.25 810507.3236
120.0 2.5 -5.0 16.25 2830538760.0843
120.0 5.0 -5.0 16.25 9999999608.501902
120.0 7.5 -5.0 16.25 2333740672.7829
120.0 10.0 -5.0 16.25 240750832.42560002
120.0 -5.0 -2.5 16.25 23.162300000000002
120.0 -2.5 -2.5 16.25 119862.82990000001
120.0 0.0 -2.5 16.25 672419.9009
120.0 2.5 -2.5 16.25 2788699.6602
120.0 5.0 -2.5 16.25 583747868.3287
120.0 7.5 -2.5 16.25 58280530.338700004
120.0 10.0 -2.5 16.25 176102.7204
120.0 -5.0 0.0 16.25 9.4683
120.0 -2.5 0.0 16.25 17.2386
120.0 0.0 0.0 16.25 19.683999999999997
120.0 2.5 0.0 16.25 3.2356000000000003
120.0 5.0 0.0 16.25 1238048393.5282
120.0 7.5 0.0 16.25 1286358328.2039
120.0 10.0 0.0 16.25 133548.30120000002
120.0 -5.0 2.5 16.25 4.2042
120.0 -2.5 2.5 16.25 6.8244
120.0 0.0 2.5 16.25 4.3354
120.0 2.5 2.5 16.25 -6.0937
120.0 5.0 2.5 16.25 -5.450799999999999
120.0 7.5 2.5 16.25 3865.8999999999996
120.0 10.0 2.5 16.25 6102.4954
120.0 -5.0 5.0 16.25 1.7
120.0 -2.5 5.0 16.25 2.7574
120.0 0.0 5.0 16.25 1.1513
120.0 2.5 5.0 16.25 -6.6617
120.0 5.0 5.0 16.25 -21.8582
120.0 7.5 5.0 16.25 -42.8005
120.0 10.0 5.0 16.25 -43.908
180.0 -5.0 -10.0 3.75 9367324015.6401
180.0 -2.5 -10.0 3.75 10000000021.5648
180.0 0.0 -10.0 3.75 9999999625.4752
180.0 2.5 -10.0 3.75 9999999984.335201
180.0 5.0 -10.0 3.75 10000000022.667301
180.0 7.5 -10.0 3.75 5903614589.7571
180.0 10.0 -10.0 3.75 9999999998.474
180.0 -5.0 -7.5 3.75 10000000149.395
180.0 -2.5 -7.5 3.75 3424285938.2439003
180.0 0.0 -7.5 3.75 9999999999.898
180.0 2.5 -7.5 3.75 9999999772.3694
180.0 5.0 -7.5 3.75 9999999764.565601
180.0 7.5 -7.5 3.75 9999999892.037601
180.0 10.0 -7.5 3.75 10000000026.6756
180.0 -5.0 -5.0 3.75 10000000047.635
180.0 -2.5 -5.0 3.75 50323773.244100004
180.0 0.0 -5.0 3.75 9999999817.919802
180.0 2.5 -5.0 3.75 4593769891.390201
180.0 5.0 -5.0 3.75 1629440108.9647
180.0 7.5 -5.0 3.75 9999999856.4549
180.0 10.0 -5.0 3.75 5248975914.9394
180.0 -5.0 -2.5 3.75 9999999980.911001
180.0 -2.5 -2.5 3.75 2093719344.9981
180.0 0.0 -2.5 3.75 10000000066.626001
180.0 2.5 -2.5 3.75 10000000047.3094
180.0 5.0 -2.5 3.75 10000000001.8728
180.0 7.5 -2.5 3.75 9999999750.053501
180.0 10.0 -2.5 3.75 10000000031.0909
180.0 -5.0 0.0 3.75 295166.67329999997
180.0 -2.5 0.0 3.75 10000000010.196201
180.0 0.0 0.0 3.75 10000000006.1116
180.0 2.5 0.0 3.75 18656420.4747
180.0 5.0 0.0 3.75 22702206.7638
180.0 7.5 0.0 3.75 2225330244.4494
180.0 10.0 0.0 3.75 10000000352.098501
180.0 -5.0 2.5 3.75 331853.84839999996
180.0 -2.5 2.5 3.75 13845685.400700001
180.0 0.0 2.5 3.75 10000000009.0569
180.0 2.5 2.5 3.75 562887.7581999999
180.0 5.0 2.5 3.75 10000000049.571901
180.0 7.5 2.5 3.75 105892350.431
180.0 10.0 2.5 3.75 5865468.3688
180.0 -5.0 5.0 3.75 -2.0147
180.0 -2.5 5.0 3.75 0.3471000000000002
180.0 0.0 5.0 3.75 27.965
180.0 2.5 5.0 3.75 -5.589799999999999
180.0 5.0 5.0 3.75 43.2205
180.0 7.5 5.0 3.75 -6.9190000000000005
180.0 10.0 5.0 3.75 149.34140000000002
180.0 -2.5 -2.5 7.5 711944458.3083
180.0 0.0 2.5 7.5 541400497.776
180.0 0.0 5.0 7.5 1287.7164
180.0 -5.0 -2.5 8.75 1546225992.2254999
180.0 -2.5 -2.5 8.75 9999999997.7521
180.0 2.5 -2.5 8.75 9999999920.0781
180.0 -5.0 0.0 8.75 1177.7461
180.0 0.0 0.0 8.75 173977013.97869998
180.0 0.0 2.5 8.75 2165869245.0914
180.0 0.0 -10.0 10.0 10000000055.801
180.0 2.5 -10.0 10.0 9999999893.618801
180.0 0.0 -7.5 10.0 3351790521.9746
180.0 2.5 -7.5 10.0 10000000024.3488
180.0 5.0 -7.5 10.0 8774883303.6435
180.0 -2.5 -5.0 10.0 1134051646.3398001
180.0 0.0 -5.0 10.0 222172136.5169
180.0 2.5 -5.0 10.0 9999999878.6557
180.0 5.0 -5.0 10.0 10000000112.4255
180.0 -5.0 -2.5 10.0 39985.4545
180.0 -2.5 -2.5 10.0 55672180.2487
180.0 0.0 -2.5 10.0 233679637.2135
180.0 2.5 -2.5 10.0 1746078742.5001001
180.0 -5.0 0.0 10.0 2.3404000000000007
180.0 -2.5 0.0 10.0 11771.4372
180.0 0.0 0.0 10.0 206872250.9396
180.0 -5.0 2.5 10.0 0.8520000000000003
180.0 0.0 2.5 10.0 38284330.7337
180.0 2.5 2.5 10.0 4396953775.1547
180.0 0.0 5.0 10.0 25.4064
180.0 2.5 5.0 10.0 3385.8268
180.0 0.0 -10.0 11.25 10000000168.3654
180.0 2.5 -10.0 11.25 10000000062.1599
180.0 5.0 -10.0 11.25 6938772260.3474
180.0 0.0 -7.5 11.25 10000000029.470701
180.0 2.5 -7.5 11.25 10000000097.5485
180.0 5.0 -7.5 11.25 9999999836.591702
180.0 7.5 -7.5 11.25 10000000022.1145
180.0 -2.5 -5.0 11.25 9999999686.099602
180.0 0.0 -5.0 11.25 10000000003.417301
180.0 2.5 -5.0 11.25 10000000229.190102
180.0 5.0 -5.0 11.25 9999999934.240702
180.0 -5.0 -2.5 11.25 57851405.04
180.0 -2.5 -2.5 11.25 501911273.25420004
180.0 0.0 -2.5 11.25 1406531.2835000001
180.0 2.5 -2.5 11.25 9999999920.7183
180.0 -5.0 0.0 11.25 2.0493999999999994
180.0 -2.5 0.0 11.25 6430.3654
180.0 0.0 0.0 11.25 9417536.0827
180.0 -5.0 2.5 11.25 1.7975999999999999
180.0 -2.5 2.5 11.25 -7.8753
180.0 0.0 2.5 11.25 3916.3907000000004
180.0 2.5 2.5 11.25 13489.5695
180.0 -5.0 5.0 11.25 3.4523
180.0 0.0 5.0 11.25 -4.176
180.0 2.5 5.0 11.25 -12.9101
180.0 -5.0 -10.0 12.5 1923447784.0071
180.0 -2.5 -10.0 12.5 10000000112.8218
180.0 0.0 -10.0 12.5 106353539.2554
180.0 2.5 -10.0 12.5 9999999918.763401
180.0 5.0 -10.0 12.5 181170485.2716
180.0 7.5 -10.0 12.5 9999999965.173101
180.0 10.0 -10.0 12.5 1095866259.3222
180.0 -2.5 -7.5 12.5 10000000056.544
180.0 0.0 -7.5 12.5 1909630553.2456
180.0 2.5 -7.5 12.5 10000000107.7133
180.0 5.0 -7.5 12.5 9999999807.364801
180.0 7.5 -7.5 12.5 9999999979.364101
180.0 -5.0 -5.0 12.5 1821105834.2932
180.0 -2.5 -5.0 12.5 506939622.069
180.0 0.0 -5.0 12.5 9999999960.392101
180.0 2.5 -5.0 12.5 9999999878.9901
180.0 5.0 -5.0 12.5 9999999844.610802
180.0 -5.0 -2.5 12.5 5471.3682
180.0 -2.5 -2.5 12.5 79814.039
180.0 0.0 -2.5 12.5 151556616.5032
180.0 2.5 -2.5 12.5 26527558.5903
180.0 5.0 -2.5 12.5 9999999875.4307
180.0 -5.0 0.0 12.5 1.1117999999999997
180.0 -2.5 0.0 12.5 22.949099999999998
180.0 0.0 0.0 12.5 877.4176
180.0 2.5 0.0 12.5 49761567.5852
180.0 -5.0 2.5 12.5 1.6064999999999998
180.0 -2.5 2.5 12.5 -8.2133
180.0 0.0 2.5 12.5 -26.4708
180.0 2.5 2.5 12.5 -46.2772
180.0 -5.0 5.0 12.5 3.0919
180.0 -2.5 5.0 12.5 -0.8412
180.0 0.0 5.0 12.5 -9.4138
180.0 2.5 5.0 12.5 -24.4261
180.0 5.0 5.0 12.5 -35.073
180.0 7.5 5.0 12.5 -27.4672
180.0 10.0 5.0 12.5 -10.5205
180.0 -5.0 -10.0 13.75 620285960.592
180.0 -2.5 -10.0 13.75 863539518.6259
180.0 0.0 -10.0 13.75 5533655284.191501
180.0 2.5 -10.0 13.75 10000000087.690802
180.0 5.0 -10.0 13.75 806070803.9282
180.0 7.5 -10.0 13.75 10000000206.536402
180.0 10.0 -10.0 13.75 487491350.54899997
180.0 -5.0 -7.5 13.75 648032694.2359
180.0 -2.5 -7.5 13.75 10000000066.986101
180.0 0.0 -7.5 13.75 10000000222.2462
180.0 2.5 -7.5 13.75 10000000182.901901
180.0 5.0 -7.5 13.75 9999999970.201
180.0 7.5 -7.5 13.75 10000000051.308802
180.0 10.0 -7.5 13.75 1421196570.7752
180.0 -5.0 -5.0 13.75 10000000008.7169
180.0 -2.5 -5.0 13.75 9999999973.537
180.0 0.0 -5.0 13.75 9999999894.319
180.0 2.5 -5.0 13.75 5996200537.143
180.0 5.0 -5.0 13.75 9999999945.8799
180.0 -5.0 -2.5 13.75 11.981499999999999
180.0 -2.5 -2.5 13.75 3806072.2374
180.0 0.0 -2.5 13.75 2934888218.7188997
180.0 2.5 -2.5 13.75 3096249.7626
180.0 5.0 -2.5 13.75 3712614946.7092004
180.0 -5.0 0.0 13.75 -2.2689000000000004
180.0 -2.5 0.0 13.75 -13.3783
180.0 0.0 0.0 13.75 42621.7874
180.0 2.5 0.0 13.75 6553258.268300001
180.0 -5.0 2.5 13.75 0.35860000000000003
180.0 -2.5 2.5 13.75 -10.045
180.0 0.0 2.5 13.75 -29.4832
180.0 2.5 2.5 13.75 -55.7669
180.0 5.0 2.5 13.75 4954.5297
180.0 -5.0 5.0 13.75 2.0810000000000004
180.0 -2.5 5.0 13.75 -2.2196
180.0 0.0 5.0 13.75 -11.6242
180.0 2.5 5.0 13.75 -26.3122
180.0 5.0 5.0 13.75 -36.099799999999995
180.0 7.5 5.0 13.75 -27.528299999999998
180.0 10.0 5.0 13.75 -10.9181
180.0 -5.0 -10.0 15.0 1048512406.4641
180.0 -2.5 -10.0 15.0 275261925.1663
180.0 0.0 -10.0 15.0 10000000056.776701
180.0 2.5 -10.0 15.0 10000000075.1567
180.0 5.0 -10.0 15.0 9999999938.574001
180.0 7.5 -10.0 15.0 9999999894.8462
180.0 10.0 -10.0 15.0 2098672385.1876
180.0 -5.0 -7.5 15.0 3246344719.3417997
180.0 -2.5 -7.5 15.0 536026757.4985
180.0 0.0 -7.5 15.0 4336192912.245299
180.0 2.5 -7.5 15.0 7774647670.7128
180.0 5.0 -7.5 15.0 1177369035.6225
180.0 7.5 -7.5 15.0 8590365094.6999
180.0 10.0 -7.5 15.0 939162224.2037001
180.0 -5.0 -5.0 15.0 4888.9354
180.0 -2.5 -5.0 15.0 1659822.9178
180.0 0.0 -5.0 15.0 331679705.14280003
180.0 2.5 -5.0 15.0 890708743.9443
180.0 5.0 -5.0 15.0 657805672.46
180.0 7.5 -5.0 15.0 10000000110.148
180.0 10.0 -5.0 15.0 9162567.0123
180.0 -5.0 -2.5 15.0 -13.4195
180.0 -2.5 -2.5 15.0 3311.2977
180.0 0.0 -2.5 15.0 1941722006.3838
180.0 2.5 -2.5 15.0 282488.34050000005
180.0 5.0 -2.5 15.0 709637169.9664
180.0 10.0 -2.5 15.0 287210.56919999997
180.0 -5.0 0.0 15.0 -4.6942
180.0 -2.5 0.0 15.0 -16.9582
180.0 0.0 0.0 15.0 2745.3577999999998
180.0 2.5 0.0 15.0 811511.8028
180.0 5.0 0.0 15.0 4411280.6951
180.0 -5.0 2.5 15.0 -1.1343
180.0 -2.5 2.5 15.0 -10.8488
180.0 0.0 2.5 15.0 -28.692999999999998
180.0 2.5 2.5 15.0 -51.7667
180.0 5.0 2.5 15.0 -33.8438
180.0 7.5 2.5 15.0 -48.5541
180.0 -5.0 5.0 15.0 1.0354
180.0 -2.5 5.0 15.0 -3.6136000000000004
180.0 0.0 5.0 15.0 -12.732500000000002
180.0 2.5 5.0 15.0 -25.3992
180.0 5.0 5.0 15.0 -33.5143
180.0 7.5 5.0 15.0 -26.4244
180.0 10.0 5.0 15.0 -12.6037
180.0 -5.0 -10.0 16.25 248493720.52899998
180.0 -2.5 -10.0 16.25 200880525.0252
180.0 0.0 -10.0 16.25 593465784.4741999
180.0 2.5 -10.0 16.25 10000000031.1333
180.0 5.0 -10.0 16.25 8520113050.3828
180.0 7.5 -10.0 16.25 39507944.4291
180.0 10.0 -10.0 16.25 1525522.5228
180.0 -5.0 -7.5 16.25 453416.7267
180.0 -2.5 -7.5 16.25 290042.0319
180.0 0.0 -7.5 16.25 964575497.3077
180.0 2.5 -7.5 16.25 6357013930.441
180.0 5.0 -7.5 16.25 753814643.2728
180.0 7.5 -7.5 16.25 10000000195.412
180.0 10.0 -7.5 16.25 121362811.60159999
180.0 -5.0 -5.0 16.25 604.7603
180.0 -2.5 -5.0 16.25 6147.2486
180.0 0.0 -5.0 16.25 3555903159.1138
180.0 2.5 -5.0 16.25 3824713556.7918
180.0 5.0 -5.0 16.25 303557785.3947
180.0 7.5 -5.0 16.25 3243541.6987
180.0 10.0 -5.0 16.25 10000000038.693201
180.0 -5.0 -2.5 16.25 -13.1127
180.0 -2.5 -2.5 16.25 -10.345799999999999
180.0 0.0 -2.5 16.25 98883.0131
180.0 2.5 -2.5 16.25 4025081971.3601003
180.0 5.0 -2.5 16.25 256412.1451
180.0 7.5 -2.5 16.25 693702.712
180.0 10.0 -2.5 16.25 2480.9811
180.0 -5.0 0.0 16.25 -6.7158
180.0 -2.5 0.0 16.25 -16.9033
180.0 0.0 0.0 16.25 11.949299999999997
180.0 2.5 0.0 16.25 96.2681
180.0 5.0 0.0 16.25 67.59429999999999
180.0 7.5 0.0 16.25 532.7141
180.0 -5.0 2.5 16.25 -2.0722
180.0 -2.5 2.5 16.25 -10.8509
180.0 0.0 2.5 16.25 -24.258699999999997
180.0 2.5 2.5 16.25 -40.9572
180.0 5.0 2.5 16.25 -54.762699999999995
180.0 7.5 2.5 16.25 -39.2143
180.0 -5.0 5.0 16.25 0.4294
180.0 -2.5 5.0 16.25 -3.6806
180.0 0.0 5.0 16.25 -12.012699999999999
180.0 2.5 5.0 16.25 -21.363599999999998
180.0 5.0 5.0 16.25 -27.349400000000003
180.0 7.5 5.0 16.25 -22.4155
180.0 10.0 5.0 16.25 -13.6586
240.0 -5.0 -10.0 3.75 5196690203.8151
240.0 -2.5 -10.0 3.75 10000000253.8588
240.0 0.0 -10.0 3.75 10000000051.7493
240.0 2.5 -10.0 3.75 10000000071.2131
240.0 5.0 -10.0 3.75 10000000029.320702
240.0 7.5 -10.0 3.75 9999999836.642
240.0 10.0 -10.0 3.75 10000000026.984901
240.0 -5.0 -7.5 3.75 9999999835.102701
240.0 -2.5 -7.5 3.75 9999999922.4528
240.0 0.0 -7.5 3.75 3918660160.3943
240.0 2.5 -7.5 3.75 9999999894.1823
240.0 5.0 -7.5 3.75 9999999770.120401
240.0 7.5 -7.5 3.75 1832172938.7558
240.0 10.0 -7.5 3.75 34707311.497999996
240.0 -5.0 -5.0 3.75 9999999961.7991
240.0 -2.5 -5.0 3.75 9999999969.053001
240.0 0.0 -5.0 3.75 10000000078.3726
240.0 2.5 -5.0 3.75 10000000069.7141
240.0 5.0 -5.0 3.75 10000000015.3122
240.0 7.5 -5.0 3.75 9999999832.1847
240.0 10.0 -5.0 3.75 9999999946.7619
240.0 -5.0 -2.5 3.75 5160728664.7495
240.0 -2.5 -2.5 3.75 4711590968.7943
240.0 0.0 -2.5 3.75 9999999907.182701
240.0 2.5 -2.5 3.75 9999999981.5027
240.0 5.0 -2.5 3.75 9999999857.4046
240.0 7.5 -2.5 3.75 10000000053.8283
240.0 10.0 -2.5 3.75 36249150.0915
240.0 -5.0 0.0 3.75 1136471.8376
240.0 -2.5 0.0 3.75 84683658.54439999
240.0 0.0 0.0 3.75 9999999934.702002
240.0 2.5 0.0 3.75 9999999975.302301
240.0 5.0 0.0 3.75 10000000001.635101
240.0 7.5 0.0 3.75 4859580327.783299
240.0 10.0 0.0 3.75 10000000047.597801
240.0 -5.0 2.5 3.75 -23.0575
240.0 -2.5 2.5 3.75 31534.1114
240.0 0.0 2.5 3.75 3819797505.2425
240.0 2.5 2.5 3.75 8590675396.919
240.0 5.0 2.5 3.75 9999999868.1944
240.0 7.5 2.5 3.75 8594413280.783
240.0 10.0 2.5 3.75 9999999950.795502
240.0 -5.0 5.0 3.75 -7.1291
240.0 -2.5 5.0 3.75 -14.16
240.0 0.0 5.0 3.75 19333.2781
240.0 2.5 5.0 3.75 563739704.0438001
240.0 5.0 5.0 3.75 18021.7059
240.0 7.5 5.0 3.75 382509.85459999996
240.0 10.0 5.0 3.75 3081317.2950999998
240.0 0.0 0.0 5.0 258438493.4285
240.0 -2.5 2.5 5.0 552.9376
240.0 -2.5 5.0 5.0 -11.220000000000002
240.0 0.0 0.0 6.25 275804118.0328
240.0 -2.5 2.5 6.25 -2.9053000000000004
240.0 0.0 2.5 6.25 125282.67079999999
240.0 -5.0 5.0 6.25 -9.1561
240.0 -2.5 5.0 6.25 -7.774100000000001
240.0 2.5 -10.0 7.5 3908596514.8691
240.0 -2.5 -7.5 7.5 9999999988.530201
240.0 0.0 -5.0 7.5 9999999935.052801
240.0 0.0 0.0 7.5 224034819.7663
240.0 -2.5 2.5 7.5 2.793000000000001
240.0 0.0 2.5 7.5 25353.631699999998
240.0 -5.0 5.0 7.5 -7.1528
240.0 -2.5 5.0 7.5 -4.9244
240.0 0.0 5.0 7.5 12975.7384
240.0 0.0 -10.0 8.75 9999999994.4071
240.0 2.5 -10.0 8.75 2572041750.5204
240.0 5.0 -10.0 8.75 9999999963.3924
240.0 -2.5 -7.5 8.75 7621710472.3604
240.0 0.0 -7.5 8.75 9999999934.087502
240.0 2.5 -7.5 8.75 10000000198.8918
240.0 -2.5 -5.0 8.75 732414752.7472
240.0 0.0 -5.0 8.75 9999999871.660301
240.0 0.0 -2.5 8.75 10000000017.289202
240.0 2.5 -2.5 8.75 2818060231.5126
240.0 -2.5 0.0 8.75 57.574099999999994
240.0 0.0 0.0 8.75 7074081.7446
240.0 -2.5 2.5 8.75 -10.253
240.0 0.0 2.5 8.75 48.3449
240.0 2.5 2.5 8.75 169455.5323
240.0 -5.0 5.0 8.75 -4.2115
240.0 -2.5 5.0 8.75 -4.5913
240.0 0.0 5.0 8.75 33.475699999999996
240.0 0.0 -10.0 10.0 10000000021.774101
240.0 2.5 -10.0 10.0 9999999920.5835
240.0 5.0 -10.0 10.0 9999999937.434502
240.0 -2.5 -7.5 10.0 10000000070.3166
240.0 0.0 -7.5 10.0 10000000317.048601
240.0 2.5 -7.5 10.0 10000000027.674002
240.0 -2.5 -5.0 10.0 10000000098.843102
240.0 0.0 -5.0 10.0 10000000073.6965
240.0 -5.0 -2.5 10.0 -38.4755
240.0 -2.5 -2.5 10.0 8870.6708
240.0 0.0 -2.5 10.0 180398035.3232
240.0 2.5 -2.5 10.0 934389690.4661
240.0 -2.5 0.0 10.0 -30.3189
240.0 0.0 0.0 10.0 14154595.6572
240.0 2.5 0.0 10.0 9999999931.464201
240.0 -5.0 2.5 10.0 -6.4944999999999995
240.0 -2.5 2.5 10.0 -7.2819
240.0 0.0 2.5 10.0 -5.2784
240.0 2.5 2.5 10.0 1054.6768
240.0 -5.0 5.0 10.0 -1.084
240.0 -2.5 5.0 10.0 -0.558
240.0 0.0 5.0 10.0 -0.16489999999999982
240.0 2.5 5.0 10.0 6.0493
240.0 7.5 5.0 10.0 11668046.2068
240.0 -2.5 -10.0 11.25 10000000460.169601
240.0 0.0 -10.0 11.25 9999999909.3777
240.0 2.5 -10.0 11.25 9999999995.131401
240.0 5.0 -10.0 11.25 10000000100.8239
240.0 7.5 -10.0 11.25 944502978.0466001
240.0 10.0 -10.0 11.25 9999999988.515902
240.0 -5.0 -7.5 11.25 429493295.56589997
240.0 -2.5 -7.5 11.25 113469645.018
240.0 0.0 -7.5 11.25 10000000086.524101
240.0 2.5 -7.5 11.25 10000000043.4361
240.0 -2.5 -5.0 11.25 877077864.6773
240.0 0.0 -5.0 11.25 9999999997.357601
240.0 2.5 -5.0 11.25 5564352000.573299
240.0 -5.0 -2.5 11.25 -22.5713
240.0 -2.5 -2.5 11.25 1780907.3571
240.0 0.0 -2.5 11.25 9999999972.837502
240.0 2.5 -2.5 11.25 863881.5144
240.0 -5.0 0.0 11.25 -12.102599999999999
240.0 -2.5 0.0 11.25 -2.9055
240.0 0.0 0.0 11.25 318474.1609
240.0 2.5 0.0 11.25 2889713361.0777
240.0 -2.5 2.5 11.25 -3.0271
240.0 0.0 2.5 11.25 0.06190000000000051
240.0 2.5 2.5 11.25 17970.2573
240.0 5.0 2.5 11.25 629959.7768
240.0 7.5 2.5 11.25 598106.7441
240.0 -5.0 5.0 11.25 1.0214999999999999
240.0 -2.5 5.0 11.25 2.9501
240.0 0.0 5.0 11.25 4.4858
240.0 2.5 5.0 11.25 5.6348
240.0 7.5 5.0 11.25 1463.644
240.0 -2.5 -10.0 12.5 4545308514.7307005
240.0 0.0 -10.0 12.5 1313977261.4455
240.0 2.5 -10.0 12.5 9999999993.720402
240.0 5.0 -10.0 12.5 10000000051.147701
240.0 7.5 -10.0 12.5 10000000118.6662
240.0 10.0 -10.0 12.5 9812543913.9811
240.0 -5.0 -7.5 12.5 135639762.4659
240.0 -2.5 -7.5 12.5 9999999899.546202
240.0 0.0 -7.5 12.5 9999999928.501001
240.0 2.5 -7.5 12.5 6431123862.8108
240.0 5.0 -7.5 12.5 10000000072.2773
240.0 -5.0 -5.0 12.5 21.7257
240.0 -2.5 -5.0 12.5 164122.2612
240.0 0.0 -5.0 12.5 5243190.2622
240.0 2.5 -5.0 12.5 9999999866.185902
240.0 5.0 -5.0 12.5 9999999959.1555
240.0 -5.0 -2.5 12.5 -13.3148
240.0 -2.5 -2.5 12.5 335303.407
240.0 0.0 -2.5 12.5 9999999963.777601
240.0 2.5 -2.5 12.5 749898801.0458
240.0 -5.0 0.0 12.5 -5.9968
240.0 -2.5 0.0 12.5 36.7948
240.0 0.0 0.0 12.5 3274646.5842000004
240.0 2.5 0.0 12.5 5525336.6821
240.0 5.0 0.0 12.5 830197657.3824
240.0 -5.0 2.5 12.5 1.7134
240.0 -2.5 2.5 12.5 0.8239999999999998
240.0 0.0 2.5 12.5 3.8027
240.0 2.5 2.5 12.5 134084.17669999998
240.0 5.0 2.5 12.5 2507006.2328
240.0 7.5 2.5 12.5 385524.93039999995
240.0 -5.0 5.0 12.5 2.8445
240.0 -2.5 5.0 12.5 4.7615
240.0 0.0 5.0 12.5 5.0893
240.0 2.5 5.0 12.5 1.4318
240.0 5.0 5.0 12.5 -4.9001
240.0 7.5 5.0 12.5 51.1997
240.0 -2.5 -10.0 13.75 10000000001.462301
240.0 0.0 -10.0 13.75 10000000116.415602
240.0 2.5 -10.0 13.75 10000000024.7458
240.0 5.0 -10.0 13.75 10000000034.7787
240.0 7.5 -10.0 13.75 191971719.8572
240.0 10.0 -10.0 13.75 3299626785.964
240.0 -5.0 -7.5 13.75 20633067.154900003
240.0 -2.5 -7.5 13.75 1915769808.9258
240.0 0.0 -7.5 13.75 1809916241.5939
240.0 2.5 -7.5 13.75 10000000207.183102
240.0 5.0 -7.5 13.75 9999999953.047602
240.0 7.5 -7.5 13.75 9999999979.798101
240.0 10.0 -7.5 13.75 18774060.386
240.0 -5.0 -5.0 13.75 -10.4305
240.0 -2.5 -5.0 13.75 54945.9049
240.0 0.0 -5.0 13.75 6984094.6039
240.0 2.5 -5.0 13.75 2690666716.9328003
240.0 5.0 -5.0 13.75 9999999351.7611
240.0 -5.0 -2.5 13.75 -6.1563
240.0 -2.5 -2.5 13.75 19061137.703700002
240.0 0.0 -2.5 13.75 63768932.228199996
240.0 2.5 -2.5 13.75 2527302.2892
240.0 -5.0 0.0 13.75 -0.9646
240.0 -2.5 0.0 13.75 791.6361
240.0 0.0 0.0 13.75 24901689.0649
240.0 2.5 0.0 13.75 3803.4626000000003
240.0 5.0 0.0 13.75 157046.1039
240.0 -5.0 2.5 13.75 4.3394
240.0 -2.5 2.5 13.75 3.9443
240.0 0.0 2.5 13.75 -1.6109
240.0 2.5 2.5 13.75 68.0556
240.0 5.0 2.5 13.75 2232.2603
240.0 7.5 2.5 13.75 1619686.5232000002
240.0 10.0 2.5 13.75 1588828.9399
240.0 -5.0 5.0 13.75 4.1097
240.0 -2.5 5.0 13.75 6.3098
240.0 0.0 5.0 13.75 3.6727000000000003
240.0 2.5 5.0 13.75 -5.9879
240.0 5.0 5.0 13.75 -22.8666
240.0 7.5 5.0 13.75 35.8629
240.0 10.0 5.0 13.75 -24.3545
240.0 -5.0 -10.0 15.0 291780124.91510004
240.0 -2.5 -10.0 15.0 1128553433.3639002
240.0 0.0 -10.0 15.0 10000000216.297901
240.0 2.5 -10.0 15.0 5984382618.9941
240.0 5.0 -10.0 15.0 1804898550.826
240.0 7.5 -10.0 15.0 9999999953.6902
240.0 10.0 -10.0 15.0 67113024.0285
240.0 -5.0 -7.5 15.0 105872358.1328
240.0 -2.5 -7.5 15.0 97190592.73480001
240.0 0.0 -7.5 15.0 8277564.747599999
240.0 2.5 -7.5 15.0 1016481636.1424
240.0 5.0 -7.5 15.0 9999999951.7003
240.0 7.5 -7.5 15.0 2748019.4563999996
240.0 10.0 -7.5 15.0 357188833.05660003
240.0 -5.0 -5.0 15.0 -11.3225
240.0 -2.5 -5.0 15.0 1154485.5215999999
240.0 0.0 -5.0 15.0 88845.3704
240.0 2.5 -5.0 15.0 3941837340.0693
240.0 5.0 -5.0 15.0 10000000000.4249
240.0 10.0 -5.0 15.0 17866149.674
240.0 -5.0 -2.5 15.0 -3.1661
240.0 -2.5 -2.5 15.0 10645.487500000001
240.0 0.0 -2.5 15.0 1140770877.6859999
240.0 2.5 -2.5 15.0 2975099298.2828
240.0 5.0 -2.5 15.0 1860562.0293999999
240.0 7.5 -2.5 15.0 16147179.8628
240.0 -5.0 0.0 15.0 2.8922
240.0 -2.5 0.0 15.0 109.9432
240.0 0.0 0.0 15.0 47625.5919
240.0 2.5 0.0 15.0 2118.7871
240.0 5.0 0.0 15.0 9999999799.0356
240.0 7.5 0.0 15.0 37577360.640300006
240.0 -5.0 2.5 15.0 5.2706
240.0 -2.5 2.5 15.0 5.2594
240.0 0.0 2.5 15.0 -6.3738
240.0 2.5 2.5 15.0 -38.5906
240.0 5.0 2.5 15.0 1697.107
240.0 7.5 2.5 15.0 5306212328.259199
240.0 10.0 2.5 15.0 11096.081900000001
240.0 -5.0 5.0 15.0 4.5828999999999995
240.0 -2.5 5.0 15.0 6.5324
240.0 0.0 5.0 15.0 0.8772000000000001
240.0 2.5 5.0 15.0 -12.7234
240.0 5.0 5.0 15.0 -34.0169
240.0 7.5 5.0 15.0 589.952
240.0 10.0 5.0 15.0 -24.3506
240.0 -5.0 -10.0 16.25 11803.9526
240.0 -2.5 -10.0 16.25 18804670.2325
240.0 0.0 -10.0 16.25 2498241306.5551
240.0 2.5 -10.0 16.25 10000000067.6541
240.0 5.0 -10.0 16.25 1061202995.4491
240.0 7.5 -10.0 16.25 10000000028.765501
240.0 10.0 -10.0 16.25 331490643.5758
240.0 -5.0 -7.5 16.25 34558530.916
240.0 -2.5 -7.5 16.25 123476871.3662
240.0 0.0 -7.5 16.25 186560396.87890002
240.0 2.5 -7.5 16.25 19244569.4392
240.0 5.0 -7.5 16.25 766487092.0171
240.0 7.5 -7.5 16.25 773753638.185
240.0 10.0 -7.5 16.25 278497.78729999997
240.0 -5.0 -5.0 16.25 -10.8159
240.0 -2.5 -5.0 16.25 164.1797
240.0 0.0 -5.0 16.25 11270.3233
240.0 2.5 -5.0 16.25 781456138.1136
240.0 5.0 -5.0 16.25 9999999885.398901
240.0 7.5 -5.0 16.25 249005781.25079998
240.0 10.0 -5.0 16.25 120.39529999999999
240.0 -5.0 -2.5 16.25 -0.5327999999999999
240.0 -2.5 -2.5 16.25 82219.4054
240.0 0.0 -2.5 16.25 581244899.9049001
240.0 2.5 -2.5 16.25 13038.148
240.0 5.0 -2.5 16.25 664177.9279
240.0 7.5 -2.5 16.25 10000000017.563301
240.0 10.0 -2.5 16.25 23814.8766
240.0 -5.0 0.0 16.25 5.009
240.0 -2.5 0.0 16.25 13.582899999999999
240.0 0.0 0.0 16.25 755281.2983
240.0 2.5 0.0 16.25 -23.070499999999996
240.0 5.0 0.0 16.25 34536.1623
240.0 7.5 0.0 16.25 779086036.8276
240.0 -5.0 2.5 16.25 6.1113
240.0 -2.5 2.5 16.25 5.8263
240.0 0.0 2.5 16.25 -7.4379
240.0 2.5 2.5 16.25 -39.887499999999996
240.0 5.0 2.5 16.25 -2.7102000000000004
240.0 7.5 2.5 16.25 271405.58530000004
240.0 10.0 2.5 16.25 80245471.44170001
240.0 -5.0 5.0 16.25 3.8242
240.0 -2.5 5.0 16.25 5.3354
240.0 0.0 5.0 16.25 -1.1662
240.0 2.5 5.0 16.25 -16.955900000000003
240.0 5.0 5.0 16.25 -36.7275
240.0 7.5 5.0 16.25 -13.322200000000002
240.0 10.0 5.0 16.25 -28.110500000000002
300.0 -5.0 -10.0 3.75 55262437.178600006
300.0 -2.5 -10.0 3.75 9999999854.7019
300.0 0.0 -10.0 3.75 9999999556.759602
300.0 2.5 -10.0 3.75 9999999883.0765
300.0 5.0 -10.0 3.75 1830088531.4586
300.0 7.5 -10.0 3.75 10000000346.934301
300.0 10.0 -10.0 3.75 10000000189.3903
300.0 -5.0 -7.5 3.75 9999999995.5251
300.0 -2.5 -7.5 3.75 9999999963.5737
300.0 0.0 -7.5 3.75 9999999806.447802
300.0 2.5 -7.5 3.75 9999999918.156801
300.0 5.0 -7.5 3.75 9999999666.634901
300.0 7.5 -7.5 3.75 4348792932.901899
300.0 10.0 -7.5 3.75 10000000083.0821
300.0 -5.0 -5.0 3.75 2437637411.0115004
300.0 -2.5 -5.0 3.75 1914047999.5263002
300.0 0.0 -5.0 3.75 1427612636.3973
300.0 2.5 -5.0 3.75 10000000009.5835
300.0 5.0 -5.0 3.75 10000000043.971802
300.0 7.5 -5.0 3.75 9999999968.820702
300.0 10.0 -5.0 3.75 9999999893.716301
300.0 -5.0 -2.5 3.75 5397746.1532000005
300.0 -2.5 -2.5 3.75 10000000030.704401
300.0 0.0 -2.5 3.75 10000000103.251701
300.0 2.5 -2.5 3.75 10000000012.6541
300.0 5.0 -2.5 3.75 3047336347.9715004
300.0 7.5 -2.5 3.75 1465032742.3481998
300.0 10.0 -2.5 3.75 1643637660.5722
300.0 -5.0 0.0 3.75 10000000081.811901
300.0 -2.5 0.0 3.75 8355351550.219501
300.0 0.0 0.0 3.75 1666323038.6125
300.0 2.5 0.0 3.75 9999999900.1543
300.0 5.0 0.0 3.75 10000000043.9162
300.0 7.5 0.0 3.75 130154449.1274
300.0 10.0 0.0 3.75 497488746.6447
300.0 -5.0 2.5 3.75 10000000041.392801
300.0 -2.5 2.5 3.75 10000000103.6352
300.0 0.0 2.5 3.75 5788908.0317
300.0 2.5 2.5 3.75 9999999934.871801
300.0 5.0 2.5 3.75 10000000050.326601
300.0 7.5 2.5 3.75 358946330.1532
300.0 10.0 2.5 3.75 16105360.1294
300.0 -5.0 5.0 3.75 55993.8126
300.0 -2.5 5.0 3.75 3737673.7627000003
300.0 0.0 5.0 3.75 719635.0663000001
300.0 2.5 5.0 3.75 15005275.0694
300.0 5.0 5.0 3.75 9999999978.073801
300.0 7.5 5.0 3.75 83561.4049
300.0 10.0 5.0 3.75 59768.2519
300.0 -2.5 -2.5 6.25 547444269.394
300.0 0.0 -2.5 6.25 10000000063.131102
300.0 2.5 -2.5 6.25 9999999983.238602
300.0 2.5 -5.0 7.5 9999999892.3176
300.0 -2.5 -2.5 7.5 10000000239.1795
300.0 0.0 -2.5 7.5 387786196.9881
300.0 0.0 0.0 7.5 58540139.8787
300.0 0.0 2.5 7.5 1473292661.2515
300.0 5.0 -10.0 8.75 9999999997.303202
300.0 2.5 -7.5 8.75 9999999804.646502
300.0 5.0 -7.5 8.75 9999999697.1714
300.0 0.0 -5.0 8.75 1921277834.1079
300.0 2.5 -5.0 8.75 10000000022.949501
300.0 5.0 -5.0 8.75 10000000185.6068
300.0 -5.0 -2.5 8.75 9999999893.3486
300.0 -2.5 -2.5 8.75 10000000039.0044
300.0 0.0 -2.5 8.75 1240394086.8662
300.0 2.5 -2.5 8.75 10000000086.101702
300.0 -5.0 0.0 8.75 2826.2159
300.0 0.0 0.0 8.75 192466527.5311
300.0 0.0 2.5 8.75 576392853.937
300.0 0.0 5.0 8.75 133905936.2027
300.0 0.0 -10.0 10.0 10000000009.551601
300.0 2.5 -10.0 10.0 10000000202.670502
300.0 5.0 -10.0 10.0 9999999951.8488
300.0 7.5 -10.0 10.0 10000000022.7863
300.0 10.0 -10.0 10.0 9999999974.005701
300.0 2.5 -7.5 10.0 9999999865.9676
300.0 5.0 -7.5 10.0 1135450419.9921
300.0 -5.0 -5.0 10.0 5256300449.549601
300.0 0.0 -5.0 10.0 1276376317.5065
300.0 2.5 -5.0 10.0 10000000068.909302
300.0 5.0 -5.0 10.0 10000000162.2581
300.0 -5.0 -2.5 10.0 115150323.98359999
300.0 -2.5 -2.5 10.0 9999999768.1403
300.0 0.0 -2.5 10.0 10000000350.1541
300.0 2.5 -2.5 10.0 9999999822.0928
300.0 -5.0 0.0 10.0 34506.4323
300.0 -2.5 0.0 10.0 3961538.2301000003
300.0 0.0 0.0 10.0 1442784091.9336
300.0 2.5 0.0 10.0 3718168501.6488
300.0 0.0 2.5 10.0 5521598.171
300.0 0.0 5.0 10.0 1166317.5355
300.0 2.5 5.0 10.0 431703.2244
300.0 0.0 -10.0 11.25 394931166.5661
300.0 2.5 -10.0 11.25 10000000014.8504
300.0 5.0 -10.0 11.25 10000000011.2816
300.0 7.5 -10.0 11.25 10000000086.504501
300.0 10.0 -10.0 11.25 9999999901.7201
300.0 -2.5 -7.5 11.25 9999999856.6198
300.0 0.0 -7.5 11.25 73436162.8498
300.0 2.5 -7.5 11.25 9999999962.6268
300.0 5.0 -7.5 11.25 10000000216.935501
300.0 7.5 -7.5 11.25 10000000198.5499
300.0 -5.0 -5.0 11.25 9999999925.8645
300.0 -2.5 -5.0 11.25 17986806.4969
300.0 0.0 -5.0 11.25 9999999988.390001
300.0 2.5 -5.0 11.25 10000000142.915901
300.0 5.0 -5.0 11.25 10000000000.9584
300.0 -5.0 -2.5 11.25 2463096885.7691
300.0 -2.5 -2.5 11.25 10000000166.382502
300.0 0.0 -2.5 11.25 89195758.8745
300.0 2.5 -2.5 11.25 10000000017.1641
300.0 -5.0 0.0 11.25 305.66970000000003
300.0 -2.5 0.0 11.25 2145983.616
300.0 0.0 0.0 11.25 11280503.9958
300.0 2.5 0.0 11.25 1281407848.6968
300.0 -5.0 2.5 11.25 6.9642
300.0 -2.5 2.5 11.25 116.3651
300.0 0.0 2.5 11.25 1683.6644000000001
300.0 2.5 2.5 11.25 2364.2554
300.0 5.0 2.5 11.25 5985933.9767
300.0 0.0 5.0 11.25 300.6068
300.0 2.5 5.0 11.25 93.1451
300.0 5.0 5.0 11.25 -8.750499999999999
300.0 7.5 5.0 11.25 2.2598000000000003
300.0 -2.5 -10.0 12.5 9999999990.5359
300.0 0.0 -10.0 12.5 1055813584.2648
300.0 2.5 -10.0 12.5 10000000016.6126
300.0 5.0 -10.0 12.5 10000000067.619501
300.0 7.5 -10.0 12.5 9999999833.9543
300.0 10.0 -10.0 12.5 9999999960.226501
300.0 -2.5 -7.5 12.5 868234981.2938
300.0 0.0 -7.5 12.5 128255766.96599999
300.0 2.5 -7.5 12.5 10000000040.5508
300.0 5.0 -7.5 12.5 3657096709.4498
300.0 7.5 -7.5 12.5 9999999738.102201
300.0 -5.0 -5.0 12.5 9999999950.9727
300.0 -2.5 -5.0 12.5 2473896342.1918
300.0 0.0 -5.0 12.5 238624412.2315
300.0 2.5 -5.0 12.5 10000000145.177502
300.0 5.0 -5.0 12.5 10000000087.119902
300.0 -5.0 -2.5 12.5 9999999981.054201
300.0 -2.5 -2.5 12.5 5309276933.1133995
300.0 0.0 -2.5 12.5 722646105.6315
300.0 2.5 -2.5 12.5 78140008.68210001
300.0 5.0 -2.5 12.5 10000000044.8789
300.0 -5.0 0.0 12.5 23.0979
300.0 -2.5 0.0 12.5 5020309379.041
300.0 0.0 0.0 12.5 72477371.53570001
300.0 2.5 0.0 12.5 10000000009.6858
300.0 5.0 0.0 12.5 16933404.7211
300.0 7.5 0.0 12.5 700.4051000000001
300.0 -5.0 2.5 12.5 3.7051000000000003
300.0 -2.5 2.5 12.5 8.8598
300.0 0.0 2.5 12.5 88.5412
300.0 2.5 2.5 12.5 2114.843
300.0 5.0 2.5 12.5 308.7948
300.0 7.5 2.5 12.5 23.2167
300.0 -5.0 5.0 12.5 7.9821
300.0 -2.5 5.0 12.5 20.5018
300.0 0.0 5.0 12.5 41.949
300.0 2.5 5.0 12.5 35.3358
300.0 5.0 5.0 12.5 18.0089
300.0 7.5 5.0 12.5 13.5251
300.0 -2.5 -10.0 13.75 129305279.464
300.0 0.0 -10.0 13.75 577547993.4682
300.0 2.5 -10.0 13.75 9999999967.0926
300.0 5.0 -10.0 13.75 10000000138.3932
300.0 7.5 -10.0 13.75 9999999979.013601
300.0 10.0 -10.0 13.75 10000000015.2816
300.0 -5.0 -7.5 13.75 9999999966.251202
300.0 -2.5 -7.5 13.75 852973.5146
300.0 0.0 -7.5 13.75 3948364.0502
300.0 2.5 -7.5 13.75 9999999981.7467
300.0 5.0 -7.5 13.75 3100172669.7778997
300.0 7.5 -7.5 13.75 9999999968.3099
300.0 -5.0 -5.0 13.75 158119568.3371
300.0 -2.5 -5.0 13.75 2882563.7317999997
300.0 0.0 -5.0 13.75 179574520.82180002
300.0 2.5 -5.0 13.75 2205723659.6815
300.0 5.0 -5.0 13.75 9999999844.3041
300.0 -5.0 -2.5 13.75 90463481.416
300.0 -2.5 -2.5 13.75 6022756.4915000005
300.0 0.0 -2.5 13.75 360978576.1374
300.0 2.5 -2.5 13.75 59688502.2112
300.0 5.0 -2.5 13.75 1351156640.918
300.0 7.5 -2.5 13.75 26658037.6519
300.0 -5.0 0.0 13.75 -16.5417
300.0 -2.5 0.0 13.75 2108.3419
300.0 0.0 0.0 13.75 110795.2203
300.0 2.5 0.0 13.75 7557537.0402999995
300.0 5.0 0.0 13.75 378069.3757
300.0 7.5 0.0 13.75 98.6858
300.0 -5.0 2.5 13.75 -2.3453
300.0 -2.5 2.5 13.75 -1.7119
300.0 0.0 2.5 13.75 40.3287
300.0 2.5 2.5 13.75 5630400.4997000005
300.0 5.0 2.5 13.75 449.1195
300.0 7.5 2.5 13.75 26.6239
300.0 10.0 2.5 13.75 8.1777
300.0 -5.0 5.0 13.75 4.0851999999999995
300.0 -2.5 5.0 13.75 12.3098
300.0 0.0 5.0 13.75 25.934
300.0 2.5 5.0 13.75 34.1665
300.0 5.0 5.0 13.75 30.1317
300.0 7.5 5.0 13.75 19.091700000000003
300.0 10.0 5.0 13.75 14.943100000000001
300.0 -2.5 -10.0 15.0 310975693.6045
300.0 0.0 -10.0 15.0 82647272.73699999
300.0 2.5 -10.0 15.0 1180620223.6359
300.0 5.0 -10.0 15.0 9999999895.5967
300.0 7.5 -10.0 15.0 10000000053.0373
300.0 10.0 -10.0 15.0 9999999954.329802
300.0 -5.0 -7.5 15.0 273300173.8559
300.0 -2.5 -7.5 15.0 20366876.849
300.0 0.0 -7.5 15.0 49503.6969
300.0 2.5 -7.5 15.0 521728777.31850004
300.0 5.0 -7.5 15.0 9858376655.086802
300.0 7.5 -7.5 15.0 9999999971.982801
300.0 10.0 -7.5 15.0 9999999772.549501
300.0 -5.0 -5.0 15.0 6941251782.1327
300.0 -2.5 -5.0 15.0 9999999877.8374
300.0 0.0 -5.0 15.0 110877513.32859999
300.0 2.5 -5.0 15.0 9042413.329
300.0 5.0 -5.0 15.0 46806396.5699
300.0 7.5 -5.0 15.0 412095673.103
300.0 -5.0 -2.5 15.0 136779342.83249998
300.0 -2.5 -2.5 15.0 9999999761.333601
300.0 0.0 -2.5 15.0 10000000062.1098
300.0 2.5 -2.5 15.0 35083219.1982
300.0 5.0 -2.5 15.0 2545892142.5633
300.0 7.5 -2.5 15.0 1660.1755
300.0 10.0 -2.5 15.0 33962.3318
300.0 -5.0 0.0 15.0 -28.8209
300.0 -2.5 0.0 15.0 6404.3834
300.0 0.0 0.0 15.0 42471681.1777
300.0 2.5 0.0 15.0 128276543.41710001
300.0 5.0 0.0 15.0 10291537.7284
300.0 7.5 0.0 15.0 -4.6144
300.0 10.0 0.0 15.0 -41.436400000000006
300.0 -5.0 2.5 15.0 -8.4603
300.0 -2.5 2.5 15.0 -11.0058
300.0 0.0 2.5 15.0 -7.3273
300.0 2.5 2.5 15.0 251.9765
300.0 5.0 2.5 15.0 2281.3206999999998
300.0 7.5 2.5 15.0 27.2651
300.0 10.0 2.5 15.0 0.9520000000000002
300.0 -5.0 5.0 15.0 -0.14209999999999998
300.0 -2.5 5.0 15.0 4.9974
300.0 0.0 5.0 15.0 15.2937
300.0 2.5 5.0 15.0 27.5096
300.0 5.0 5.0 15.0 31.169000000000004
300.0 7.5 5.0 15.0 19.1245
300.0 10.0 5.0 15.0 10.9872
300.0 -5.0 -10.0 16.25 17396909.398500003
300.0 -2.5 -10.0 16.25 1746086.8489
300.0 0.0 -10.0 16.25 9999999965.070301
300.0 2.5 -10.0 16.25 10000000037.8722
300.0 5.0 -10.0 16.25 8778687929.6688
300.0 7.5 -10.0 16.25 10000000080.6483
300.0 10.0 -10.0 16.25 3489876134.9616
300.0 -5.0 -7.5 16.25 12003820.6478
300.0 -2.5 -7.5 16.25 66947.34030000001
300.0 0.0 -7.5 16.25 951688.7018
300.0 2.5 -7.5 16.25 604842745.4962
300.0 5.0 -7.5 16.25 110422555.6268
300.0 7.5 -7.5 16.25 34271786.0367
300.0 10.0 -7.5 16.25 3814697298.034
300.0 -5.0 -5.0 16.25 2087.9811
300.0 -2.5 -5.0 16.25 72074.592
300.0 0.0 -5.0 16.25 20213.184699999998
300.0 2.5 -5.0 16.25 29624156.546
300.0 5.0 -5.0 16.25 5743155.4398
300.0 7.5 -5.0 16.25 25271.013300000002
300.0 10.0 -5.0 16.25 3130323.5956
300.0 -5.0 -2.5 16.25 2590.5489
300.0 -2.5 -2.5 16.25 154651.8389
300.0 0.0 -2.5 16.25 59355440.2804
300.0 2.5 -2.5 16.25 405707579.0618
300.0 5.0 -2.5 16.25 3371.1697000000004
300.0 7.5 -2.5 16.25 -40.4839
300.0 10.0 -2.5 16.25 1456.1298
300.0 -5.0 0.0 16.25 -28.213099999999997
300.0 -2.5 0.0 16.25 301.4574
300.0 0.0 0.0 16.25 8089609.8903
300.0 2.5 0.0 16.25 304434.2276
300.0 5.0 0.0 16.25 691371254.0041001
300.0 7.5 0.0 16.25 -13.3201
300.0 10.0 0.0 16.25 -43.4146
300.0 -5.0 2.5 16.25 -11.9104
300.0 -2.5 2.5 16.25 -15.9891
300.0 0.0 2.5 16.25 -16.5478
300.0 2.5 2.5 16.25 23.2902
300.0 5.0 2.5 16.25 258.5288
300.0 7.5 2.5 16.25 19.7502
300.0 10.0 2.5 16.25 -3.523
300.0 -5.0 5.0 16.25 -3.3612
300.0 -2.5 5.0 16.25 -0.2839
300.0 0.0 5.0 16.25 7.794500000000001
300.0 2.5 5.0 16.25 20.125700000000002
300.0 5.0 5.0 16.25 25.6494
300.0 7.5 5.0 16.25 16.334300000000002
300.0 10.0 5.0 16.25 8.0839
