0.0 0.0 2.5 5.0 9999999802.1921
0.0 2.5 2.5 5.0 10000000060.408
0.0 0.0 5.0 5.0 9999999883.984201
0.0 2.5 0.0 6.25 9999999938.8087
0.0 0.0 2.5 6.25 10000000078.330801
0.0 0.0 5.0 6.25 1882303113.5054002
0.0 0.0 0.0 7.5 10000000060.2248
0.0 2.5 0.0 7.5 9999999771.3829
0.0 0.0 2.5 7.5 9999999999.631601
0.0 0.0 5.0 7.5 234409858.02899998
0.0 0.0 -5.0 8.75 9999999828.835402
0.0 5.0 -5.0 8.75 10000000098.557402
0.0 -2.5 -2.5 8.75 9999999985.5617
0.0 0.0 -2.5 8.75 10000000117.0184
0.0 -2.5 0.0 8.75 871162103.9677
0.0 0.0 0.0 8.75 10000000176.554901
0.0 2.5 0.0 8.75 10000000053.427301
0.0 0.0 2.5 8.75 9999999794.622702
0.0 2.5 2.5 8.75 10000000412.854301
0.0 0.0 5.0 8.75 954608363.8993
0.0 2.5 5.0 8.75 266199973.274
0.0 5.0 -7.5 10.0 9999999843.9652
0.0 7.5 -7.5 10.0 2800069412.1581
0.0 -2.5 -5.0 10.0 1432977908.2751
0.0 0.0 -5.0 10.0 10000000016.471601
0.0 2.5 -5.0 10.0 10000000323.3661
0.0 5.0 -5.0 10.0 9999999820.6783
0.0 7.5 -5.0 10.0 10000000024.5652
0.0 -2.5 -2.5 10.0 6357168238.572
0.0 0.0 -2.5 10.0 9999999966.3862
0.0 2.5 -2.5 10.0 9999999903.9794
0.0 5.0 -2.5 10.0 9999999857.4627
0.0 -2.5 0.0 10.0 9999999856.207401
0.0 0.0 0.0 10.0 9999999804.007301
0.0 2.5 0.0 10.0 9999999935.9118
0.0 0.0 2.5 10.0 10000000112.8453
0.0 2.5 2.5 10.0 9999999937.789701
0.0 0.0 5.0 10.0 91560837.0597
0.0 2.5 5.0 10.0 1112118.3932
0.0 2.5 -10.0 11.25 1054100452.0283
0.0 5.0 -10.0 11.25 627971278.3537999
0.0 10.0 -10.0 11.25 699931168.8942
0.0 2.5 -7.5 11.25 10000000013.694302
0.0 5.0 -7.5 11.25 9999999805.708801
0.0 7.5 -7.5 11.25 10000000192.9081
0.0 0.0 -5.0 11.25 9999999779.3521
0.0 2.5 -5.0 11.25 9999999672.8631
0.0 5.0 -5.0 11.25 9999999975.855202
0.0 -5.0 -2.5 11.25 9999999979.2567
0.0 -2.5 -2.5 11.25 9999999849.3813
0.0 0.0 -2.5 11.25 10000000019.793701
0.0 2.5 -2.5 11.25 10000000128.909302
0.0 5.0 -2.5 11.25 10000000020.793701
0.0 -5.0 0.0 11.25 10000000097.630001
0.0 -2.5 0.0 11.25 9999999963.721802
0.0 0.0 0.0 11.25 10000000067.4064
0.0 2.5 0.0 11.25 10000000038.037601
0.0 0.0 2.5 11.25 9999999864.386501
0.0 2.5 2.5 11.25 10000000065.5988
0.0 0.0 5.0 11.25 87160200.3055
0.0 2.5 5.0 11.25 10000000115.8187
0.0 -2.5 -10.0 12.5 168191017.9117
0.0 2.5 -10.0 12.5 10000000026.9852
0.0 5.0 -10.0 12.5 10000000062.102402
0.0 7.5 -10.0 12.5 126752925.5749
0.0 10.0 -10.0 12.5 519748.2451
0.0 -5.0 -7.5 12.5 9999999928.4066
0.0 0.0 -7.5 12.5 1472999695.4102
0.0 2.5 -7.5 12.5 10000000263.0793
0.0 5.0 -7.5 12.5 10000000221.4435
0.0 7.5 -7.5 12.5 6518107585.4487
0.0 10.0 -7.5 12.5 1185483.5833
0.0 -2.5 -5.0 12.5 9999999968.931301
0.0 0.0 -5.0 12.5 10000000180.0554
0.0 2.5 -5.0 12.5 9999999946.0039
0.0 5.0 -5.0 12.5 9999999860.587
0.0 -2.5 -2.5 12.5 10000000105.0491
0.0 0.0 -2.5 12.5 10000000046.735
0.0 2.5 -2.5 12.5 10000000181.946402
0.0 5.0 -2.5 12.5 9999999888.2164
0.0 -5.0 0.0 12.5 9999999622.3616
0.0 -2.5 0.0 12.5 10000000004.357801
0.0 0.0 0.0 12.5 10000000023.8505
0.0 2.5 0.0 12.5 9999999861.468601
0.0 5.0 0.0 12.5 9999999956.5389
0.0 -2.5 2.5 12.5 18122452.4506
0.0 0.0 2.5 12.5 10000000044.3572
0.0 2.5 2.5 12.5 118499332.6304
0.0 7.5 2.5 12.5 8810810623.055899
0.0 0.0 5.0 12.5 196794.2286
0.0 2.5 5.0 12.5 35827421.3652
0.0 5.0 5.0 12.5 3921965002.8604
0.0 -2.5 -10.0 13.75 608530459.7731
0.0 0.0 -10.0 13.75 5728129972.2674
0.0 2.5 -10.0 13.75 775829438.3868
0.0 5.0 -10.0 13.75 9999999909.559101
0.0 7.5 -10.0 13.75 9406885013.762499
0.0 10.0 -10.0 13.75 459825.33869999996
0.0 -5.0 -7.5 13.75 9831774986.610899
0.0 -2.5 -7.5 13.75 9999999789.6275
0.0 0.0 -7.5 13.75 9999999761.8866
0.0 2.5 -7.5 13.75 9999999821.151001
0.0 5.0 -7.5 13.75 10000000197.9386
0.0 7.5 -7.5 13.75 4469885903.2314
0.0 10.0 -7.5 13.75 450156688.3824
0.0 -2.5 -5.0 13.75 9999999852.422
0.0 0.0 -5.0 13.75 9999999982.7562
0.0 2.5 -5.0 13.75 9999999884.974602
0.0 5.0 -5.0 13.75 10000000208.824001
0.0 7.5 -5.0 13.75 10000000052.7343
0.0 -5.0 -2.5 13.75 85420460.3568
0.0 -2.5 -2.5 13.75 9999999960.992802
0.0 0.0 -2.5 13.75 10000000026.8222
0.0 2.5 -2.5 13.75 9999999878.188002
0.0 5.0 -2.5 13.75 2379859189.8713
0.0 7.5 -2.5 13.75 79613893.9198
0.0 -5.0 0.0 13.75 10000000137.246101
0.0 -2.5 0.0 13.75 9999999797.445702
0.0 0.0 0.0 13.75 10000000136.4041
0.0 2.5 0.0 13.75 9999999988.5051
0.0 5.0 0.0 13.75 120945052.5421
0.0 7.5 0.0 13.75 1837037289.8357
0.0 10.0 0.0 13.75 1201819028.7323
0.0 -5.0 2.5 13.75 9999999983.274801
0.0 -2.5 2.5 13.75 684872787.2452
0.0 0.0 2.5 13.75 9999999869.009901
0.0 2.5 2.5 13.75 33087972.283800002
0.0 5.0 2.5 13.75 191423698.2203
0.0 7.5 2.5 13.75 4390134.6864
0.0 -2.5 5.0 13.75 2617025.4491
0.0 0.0 5.0 13.75 1633885.1942
0.0 2.5 5.0 13.75 17495.407199999998
0.0 5.0 5.0 13.75 431292.83640000003
0.0 7.5 5.0 13.75 515.1847
0.0 10.0 5.0 13.75 154838.4493
0.0 -5.0 -10.0 15.0 761992.3652
0.0 -2.5 -10.0 15.0 3618301235.7005
0.0 0.0 -10.0 15.0 718991636.2499
0.0 2.5 -10.0 15.0 9999999867.983301
0.0 5.0 -10.0 15.0 9999999990.9073
0.0 7.5 -10.0 15.0 272457.0872
0.0 10.0 -10.0 15.0 37479.7784
0.0 -5.0 -7.5 15.0 272912.6631
0.0 -2.5 -7.5 15.0 18290432.720999997
0.0 0.0 -7.5 15.0 2066005340.9780002
0.0 2.5 -7.5 15.0 10000000093.7831
0.0 5.0 -7.5 15.0 1398460996.0569
0.0 7.5 -7.5 15.0 10000000010.7924
0.0 10.0 -7.5 15.0 135654511.8699
0.0 -5.0 -5.0 15.0 5917056.9662
0.0 -2.5 -5.0 15.0 271691793.8138
0.0 0.0 -5.0 15.0 2675458355.5087
0.0 2.5 -5.0 15.0 7451425894.5751
0.0 5.0 -5.0 15.0 5143773349.6516
0.0 7.5 -5.0 15.0 2574081684.5716
0.0 10.0 -5.0 15.0 6895667.2467
0.0 -5.0 -2.5 15.0 18588504.6666
0.0 -2.5 -2.5 15.0 118491215.4531
0.0 0.0 -2.5 15.0 10000000014.7255
0.0 2.5 -2.5 15.0 10000000187.976002
0.0 5.0 -2.5 15.0 1846073898.0174
0.0 7.5 -2.5 15.0 963293939.3093001
0.0 10.0 -2.5 15.0 418318577.4562
0.0 -5.0 0.0 15.0 9999999983.077702
0.0 -2.5 0.0 15.0 1929906045.6781
0.0 0.0 0.0 15.0 9999999892.9691
0.0 2.5 0.0 15.0 9999999784.0517
0.0 5.0 0.0 15.0 10000000724.478601
0.0 7.5 0.0 15.0 48827973.1958
0.0 10.0 0.0 15.0 45977190.774900004
0.0 -5.0 2.5 15.0 10000000007.966702
0.0 -2.5 2.5 15.0 9999999941.027
0.0 0.0 2.5 15.0 9999999877.828201
0.0 2.5 2.5 15.0 1683814805.4894001
0.0 5.0 2.5 15.0 10000000019.2241
0.0 7.5 2.5 15.0 149729996.93280002
0.0 10.0 2.5 15.0 562.8195
0.0 -5.0 5.0 15.0 10000000015.8689
0.0 -2.5 5.0 15.0 6379419530.5738
0.0 0.0 5.0 15.0 243407653.1692
0.0 2.5 5.0 15.0 11970.6689
0.0 5.0 5.0 15.0 2825503.0496
0.0 7.5 5.0 15.0 4295.9353
0.0 10.0 5.0 15.0 -2.9789
0.0 -5.0 -10.0 16.25 708588.8927
0.0 -2.5 -10.0 16.25 5854942.136100001
0.0 0.0 -10.0 16.25 2624569561.808
0.0 2.5 -10.0 16.25 9999999943.5821
0.0 5.0 -10.0 16.25 9999999985.687801
0.0 7.5 -10.0 16.25 7446824564.4032
0.0 10.0 -10.0 16.25 7419808098.896
0.0 -5.0 -7.5 16.25 13976.116100000001
0.0 -2.5 -7.5 16.25 1740316.1029
0.0 0.0 -7.5 16.25 9999999655.1853
0.0 2.5 -7.5 16.25 10000000018.4955
0.0 5.0 -7.5 16.25 1620264085.1014
0.0 7.5 -7.5 16.25 2092302749.3560998
0.0 10.0 -7.5 16.25 345114.3865
0.0 -5.0 -5.0 16.25 55022.373999999996
0.0 -2.5 -5.0 16.25 209525440.8559
0.0 0.0 -5.0 16.25 9999999979.1222
0.0 2.5 -5.0 16.25 3255165592.1903
0.0 5.0 -5.0 16.25 2632623245.2118
0.0 7.5 -5.0 16.25 7882003.1066000005
0.0 10.0 -5.0 16.25 4724151.2927
0.0 -5.0 -2.5 16.25 17093597.641200002
0.0 -2.5 -2.5 16.25 10000000062.426
0.0 0.0 -2.5 16.25 9999999953.123901
0.0 2.5 -2.5 16.25 10000000139.9092
0.0 5.0 -2.5 16.25 9999999788.527401
0.0 7.5 -2.5 16.25 10000000039.1907
0.0 10.0 -2.5 16.25 52432273.8137
0.0 -5.0 0.0 16.25 10000000022.5492
0.0 -2.5 0.0 16.25 10000000027.8801
0.0 0.0 0.0 16.25 10000000070.1515
0.0 2.5 0.0 16.25 9999999969.208801
0.0 5.0 0.0 16.25 9999999867.9571
0.0 7.5 0.0 16.25 139030221.5437
0.0 10.0 0.0 16.25 9999999962.825401
0.0 -5.0 2.5 16.25 502502840.38850003
0.0 -2.5 2.5 16.25 814370791.5072
0.0 0.0 2.5 16.25 10000000085.207401
0.0 2.5 2.5 16.25 942769499.4548
0.0 5.0 2.5 16.25 9999999938.568
0.0 7.5 2.5 16.25 9999999867.2542
0.0 10.0 2.5 16.25 27047.9856
0.0 -5.0 5.0 16.25 157043781.1994
0.0 -2.5 5.0 16.25 9999999892.8232
0.0 0.0 5.0 16.25 1611408641.8646
0.0 2.5 5.0 16.25 95154.0208
0.0 5.0 5.0 16.25 10000000099.7709
0.0 7.5 5.0 16.25 1129283.5339000002
0.0 10.0 5.0 16.25 -4.0222
60.0 -5.0 -10.0 3.75 10000000068.6833
60.0 -2.5 -10.0 3.75 2465375922.3753
60.0 0.0 -10.0 3.75 9999999543.729301
60.0 2.5 -10.0 3.75 10000000025.8581
60.0 5.0 -10.0 3.75 481225893.7658
60.0 7.5 -10.0 3.75 10000000046.6011
60.0 10.0 -10.0 3.75 10885530.163
60.0 -5.0 -7.5 3.75 9999999571.108501
60.0 -2.5 -7.5 3.75 9999999747.6415
60.0 0.0 -7.5 3.75 9999999972.069
60.0 2.5 -7.5 3.75 9999999966.145102
60.0 5.0 -7.5 3.75 9999999992.4015
60.0 7.5 -7.5 3.75 9999999739.370901
60.0 10.0 -7.5 3.75 149114.8049
60.0 -5.0 -5.0 3.75 10000000002.3153
60.0 -2.5 -5.0 3.75 9999999728.6102
60.0 0.0 -5.0 3.75 9999999492.254301
60.0 2.5 -5.0 3.75 9999999933.739801
60.0 5.0 -5.0 3.75 10000000001.8651
60.0 7.5 -5.0 3.75 9999999909.6713
60.0 10.0 -5.0 3.75 23008130.377
60.0 -5.0 -2.5 3.75 9999999812.786402
60.0 -2.5 -2.5 3.75 9999999929.404501
60.0 0.0 -2.5 3.75 9999999386.8845
60.0 2.5 -2.5 3.75 9999999823.8794
60.0 5.0 -2.5 3.75 9999999888.4185
60.0 7.5 -2.5 3.75 10000000069.589602
60.0 10.0 -2.5 3.75 9999999938.1686
60.0 -5.0 0.0 3.75 2730178718.0220003
60.0 -2.5 0.0 3.75 9999999960.041302
60.0 0.0 0.0 3.75 9999999875.176802
60.0 2.5 0.0 3.75 9999999896.0403
60.0 5.0 0.0 3.75 10000000026.3754
60.0 7.5 0.0 3.75 10000000074.3258
60.0 10.0 0.0 3.75 10000000006.9419
60.0 -5.0 2.5 3.75 9999999661.310501
60.0 -2.5 2.5 3.75 9999999998.5116
60.0 0.0 2.5 3.75 9999999837.377602
60.0 2.5 2.5 3.75 9999999944.078201
60.0 5.0 2.5 3.75 10000000054.6075
60.0 7.5 2.5 3.75 9999999910.7908
60.0 10.0 2.5 3.75 86172255.04810001
60.0 -5.0 5.0 3.75 1025339035.7152001
60.0 -2.5 5.0 3.75 10000000189.6847
60.0 0.0 5.0 3.75 9999999998.3528
60.0 2.5 5.0 3.75 10000000140.048
60.0 5.0 5.0 3.75 9999999862.346
60.0 7.5 5.0 3.75 10000000226.030602
60.0 10.0 5.0 3.75 80683.32729999999
60.0 0.0 -2.5 6.25 9999999992.8008
60.0 0.0 2.5 6.25 10000000375.153101
60.0 5.0 -7.5 7.5 9999999788.2289
60.0 0.0 -5.0 7.5 9999999907.9134
60.0 0.0 -2.5 7.5 10000000454.383902
60.0 -2.5 0.0 7.5 9999999928.278502
60.0 0.0 0.0 7.5 9999999805.324202
60.0 -2.5 2.5 7.5 10000000159.5235
60.0 0.0 2.5 7.5 9999999949.9018
60.0 0.0 -7.5 8.75 10000000192.072401
60.0 0.0 -5.0 8.75 9311425238.3828
60.0 2.5 -5.0 8.75 9999999972.0401
60.0 0.0 -2.5 8.75 9999999762.712301
60.0 -2.5 0.0 8.75 9999999962.963202
60.0 0.0 0.0 8.75 9999999905.741402
60.0 -2.5 2.5 8.75 9999999866.479301
60.0 0.0 2.5 8.75 9999999927.826101
60.0 2.5 2.5 8.75 9999999658.86
60.0 -5.0 5.0 8.75 10000000235.26
60.0 -2.5 5.0 8.75 69891858.7146
60.0 0.0 5.0 8.75 3794557.9335999996
60.0 0.0 -10.0 10.0 99797466.8144
60.0 0.0 -7.5 10.0 9999999835.1189
60.0 2.5 -7.5 10.0 10000000064.2105
60.0 5.0 -7.5 10.0 10000000064.228601
60.0 0.0 -5.0 10.0 10000000501.017
60.0 2.5 -5.0 10.0 9999999958.2511
60.0 0.0 -2.5 10.0 9999999995.391602
60.0 -2.5 0.0 10.0 9999999480.189901
60.0 0.0 0.0 10.0 9999999865.8547
60.0 -5.0 2.5 10.0 210677706.1347
60.0 -2.5 2.5 10.0 9999999831.442902
60.0 0.0 2.5 10.0 9999999621.3101
60.0 2.5 2.5 10.0 10000000013.8701
60.0 -2.5 5.0 10.0 2258239637.0480003
60.0 0.0 5.0 10.0 9999999959.4901
60.0 2.5 5.0 10.0 2436273712.2776003
60.0 0.0 -10.0 11.25 6481661475.1192
60.0 7.5 -10.0 11.25 10000000057.230701
60.0 10.0 -10.0 11.25 654563932.1135999
60.0 -2.5 -7.5 11.25 9999999972.7688
60.0 0.0 -7.5 11.25 10000000248.849
60.0 2.5 -7.5 11.25 10000000247.157902
60.0 5.0 -7.5 11.25 10000000133.643702
60.0 7.5 -7.5 11.25 10000000025.8038
60.0 10.0 -7.5 11.25 281448512.2731
60.0 0.0 -5.0 11.25 10000000147.2619
60.0 2.5 -5.0 11.25 10000000210.1667
60.0 0.0 -2.5 11.25 10000000137.7873
60.0 -2.5 0.0 11.25 10000000171.212301
60.0 0.0 0.0 11.25 9999999897.6702
60.0 2.5 0.0 11.25 10000000232.508701
60.0 -5.0 2.5 11.25 9999999857.2759
60.0 -2.5 2.5 11.25 10000000017.832201
60.0 0.0 2.5 11.25 9999999881.4498
60.0 2.5 2.5 11.25 9999999982.209501
60.0 -5.0 5.0 11.25 9336259075.0369
60.0 -2.5 5.0 11.25 10000000106.3714
60.0 0.0 5.0 11.25 277120451.8843
60.0 2.5 5.0 11.25 10000000133.639301
60.0 5.0 5.0 11.25 6821321791.4005
60.0 0.0 -10.0 12.5 10000000059.799301
60.0 2.5 -10.0 12.5 10000000067.1156
60.0 5.0 -10.0 12.5 10000000077.299002
60.0 7.5 -10.0 12.5 10000000058.4344
60.0 10.0 -10.0 12.5 37904457.9879
60.0 -2.5 -7.5 12.5 10000000522.1203
60.0 0.0 -7.5 12.5 1293298304.3867
60.0 2.5 -7.5 12.5 9999999974.6772
60.0 5.0 -7.5 12.5 9999999974.3987
60.0 7.5 -7.5 12.5 9999999688.164001
60.0 10.0 -7.5 12.5 263813273.8832
60.0 -5.0 -5.0 12.5 10000000093.7572
60.0 -2.5 -5.0 12.5 10000000010.9974
60.0 0.0 -5.0 12.5 10000000086.4972
60.0 2.5 -5.0 12.5 9999999908.178001
60.0 -2.5 -2.5 12.5 9999999902.593
60.0 0.0 -2.5 12.5 10000000012.3446
60.0 5.0 -2.5 12.5 4749166355.4362
60.0 -5.0 0.0 12.5 10000000003.668201
60.0 -2.5 0.0 12.5 9999999990.663801
60.0 0.0 0.0 12.5 10000000109.249802
60.0 2.5 0.0 12.5 9999999727.4726
60.0 -5.0 2.5 12.5 10000000708.7444
60.0 -2.5 2.5 12.5 9999999883.2556
60.0 0.0 2.5 12.5 9999999930.533
60.0 2.5 2.5 12.5 6990579682.9056
60.0 -5.0 5.0 12.5 9999999956.779701
60.0 -2.5 5.0 12.5 9999999933.4762
60.0 0.0 5.0 12.5 9999999909.419802
60.0 2.5 5.0 12.5 3765104.664
60.0 5.0 5.0 12.5 16415708.6261
60.0 -2.5 -10.0 13.75 5007886122.9564
60.0 0.0 -10.0 13.75 3898619021.4433002
60.0 2.5 -10.0 13.75 10000000026.974401
60.0 5.0 -10.0 13.75 9999999973.159101
60.0 7.5 -10.0 13.75 185905915.3103
60.0 10.0 -10.0 13.75 8333.537400000001
60.0 -2.5 -7.5 13.75 10000000026.881401
60.0 0.0 -7.5 13.75 10000000024.8509
60.0 2.5 -7.5 13.75 10000000013.695002
60.0 5.0 -7.5 13.75 9999999926.8565
60.0 7.5 -7.5 13.75 1288015.7953
60.0 10.0 -7.5 13.75 777304242.0451
60.0 -5.0 -5.0 13.75 3568742458.6722
60.0 -2.5 -5.0 13.75 4436136598.7406
60.0 0.0 -5.0 13.75 10000000047.882502
60.0 2.5 -5.0 13.75 10000000017.676601
60.0 5.0 -5.0 13.75 9999999824.701801
60.0 7.5 -5.0 13.75 3358771313.2784004
60.0 10.0 -5.0 13.75 14536495.095700001
60.0 -5.0 -2.5 13.75 2075029434.566
60.0 -2.5 -2.5 13.75 10000000140.6086
60.0 0.0 -2.5 13.75 10000000159.631802
60.0 2.5 -2.5 13.75 10000000215.7903
60.0 5.0 -2.5 13.75 9999999875.4249
60.0 7.5 -2.5 13.75 4492670206.0036
60.0 -5.0 0.0 13.75 2473926572.3596
60.0 -2.5 0.0 13.75 10000000110.4493
60.0 0.0 0.0 13.75 725603214.1632999
60.0 2.5 0.0 13.75 1662799221.6073
60.0 5.0 0.0 13.75 467576697.0372
60.0 -5.0 2.5 13.75 9999999724.515902
60.0 -2.5 2.5 13.75 171489500.142
60.0 0.0 2.5 13.75 9999999720.684502
60.0 2.5 2.5 13.75 10000000001.9818
60.0 -5.0 5.0 13.75 1720883414.9425
60.0 -2.5 5.0 13.75 660274173.3833
60.0 0.0 5.0 13.75 585584124.6585001
60.0 2.5 5.0 13.75 14431705.251899999
60.0 5.0 5.0 13.75 36774.5549
60.0 -5.0 -10.0 15.0 239620846.3763
60.0 -2.5 -10.0 15.0 78396665.4841
60.0 0.0 -10.0 15.0 9999999724.7572
60.0 2.5 -10.0 15.0 9999999936.784302
60.0 5.0 -10.0 15.0 1336822642.8097
60.0 7.5 -10.0 15.0 961448211.3503
60.0 10.0 -10.0 15.0 0.4369999999999994
60.0 -5.0 -7.5 15.0 115745021.8466
60.0 -2.5 -7.5 15.0 9999999895.4722
60.0 0.0 -7.5 15.0 10000000443.6478
60.0 2.5 -7.5 15.0 9999999903.051
60.0 5.0 -7.5 15.0 1427482892.0105
60.0 7.5 -7.5 15.0 19867902.5151
60.0 10.0 -7.5 15.0 558772.1675
60.0 -5.0 -5.0 15.0 10000000108.3432
60.0 -2.5 -5.0 15.0 7159710022.6661
60.0 0.0 -5.0 15.0 2077936665.9174
60.0 2.5 -5.0 15.0 9999999976.5289
60.0 5.0 -5.0 15.0 9999999924.3066
60.0 7.5 -5.0 15.0 10000000110.3243
60.0 10.0 -5.0 15.0 65295.8939
60.0 -5.0 -2.5 15.0 4529064473.1679
60.0 -2.5 -2.5 15.0 9999999960.3314
60.0 0.0 -2.5 15.0 10000000006.6399
60.0 2.5 -2.5 15.0 10000000158.9312
60.0 5.0 -2.5 15.0 9999999984.466301
60.0 7.5 -2.5 15.0 2583695873.1538
60.0 10.0 -2.5 15.0 3041974.0159
60.0 -5.0 0.0 15.0 35812448.3583
60.0 -2.5 0.0 15.0 1817443908.6397998
60.0 0.0 0.0 15.0 9999999762.662601
60.0 2.5 0.0 15.0 10000000057.094301
60.0 5.0 0.0 15.0 811896279.4727
60.0 7.5 0.0 15.0 9999999907.345001
60.0 10.0 0.0 15.0 1727863404.4042
60.0 -5.0 2.5 15.0 10000000240.870201
60.0 -2.5 2.5 15.0 5111100721.455601
60.0 0.0 2.5 15.0 2219371.5707
60.0 2.5 2.5 15.0 10000000050.2635
60.0 5.0 2.5 15.0 4264026089.8638997
60.0 7.5 2.5 15.0 9999999854.2716
60.0 10.0 2.5 15.0 135648019.2136
60.0 -5.0 5.0 15.0 57059.9227
60.0 -2.5 5.0 15.0 577990289.7269
60.0 0.0 5.0 15.0 252001605.95679998
60.0 2.5 5.0 15.0 478680.8297
60.0 5.0 5.0 15.0 327289.3343
60.0 -5.0 -10.0 16.25 393185270.6452
60.0 -2.5 -10.0 16.25 75237251.89400001
60.0 0.0 -10.0 16.25 10000000180.372702
60.0 2.5 -10.0 16.25 15258909.057400001
60.0 5.0 -10.0 16.25 16969241.1437
60.0 7.5 -10.0 16.25 96670.73710000001
60.0 10.0 -10.0 16.25 -17.0122
60.0 -5.0 -7.5 16.25 286876.0057
60.0 -2.5 -7.5 16.25 8325981146.629
60.0 0.0 -7.5 16.25 312000018.61649996
60.0 2.5 -7.5 16.25 677654905.6894
60.0 5.0 -7.5 16.25 10000000029.9421
60.0 7.5 -7.5 16.25 2884656051.0756
60.0 10.0 -7.5 16.25 132.2193
60.0 -5.0 -5.0 16.25 9999999967.063301
60.0 -2.5 -5.0 16.25 10000000027.1086
60.0 0.0 -5.0 16.25 9999999898.289001
60.0 2.5 -5.0 16.25 9999999914.4601
60.0 5.0 -5.0 16.25 9999999841.314701
60.0 7.5 -5.0 16.25 10000000046.5969
60.0 10.0 -5.0 16.25 2323.9265
60.0 -5.0 -2.5 16.25 76699611.046
60.0 -2.5 -2.5 16.25 8151236840.914
60.0 0.0 -2.5 16.25 9999999615.684
60.0 2.5 -2.5 16.25 10000000053.5534
60.0 5.0 -2.5 16.25 10000000041.9869
60.0 7.5 -2.5 16.25 9999999973.625502
60.0 10.0 -2.5 16.25 2168501.0317
60.0 -5.0 0.0 16.25 10000000057.461401
60.0 -2.5 0.0 16.25 1220595331.0398
60.0 0.0 0.0 16.25 2064705818.4098
60.0 2.5 0.0 16.25 9999999975.7289
60.0 5.0 0.0 16.25 10000000026.7162
60.0 7.5 0.0 16.25 33101067.761600003
60.0 10.0 0.0 16.25 53573.86810000001
60.0 -5.0 2.5 16.25 9999999810.1035
60.0 -2.5 2.5 16.25 4198749627.8733
60.0 0.0 2.5 16.25 1064822089.0186001
60.0 2.5 2.5 16.25 10000000083.959702
60.0 5.0 2.5 16.25 8136756218.0059
60.0 7.5 2.5 16.25 27827012.265
60.0 10.0 2.5 16.25 196489.703
60.0 -5.0 5.0 16.25 2281696.1304
60.0 -2.5 5.0 16.25 1268575368.6883
60.0 0.0 5.0 16.25 45535.1434
60.0 2.5 5.0 16.25 538242.8977
60.0 5.0 5.0 16.25 30347642.0588
60.0 7.5 5.0 16.25 499001963.1484
60.0 10.0 5.0 16.25 9051384402.4503
120.0 -5.0 -10.0 3.75 9999999870.969501
120.0 -2.5 -10.0 3.75 9999999861.285301
120.0 0.0 -10.0 3.75 10000000055.3511
120.0 2.5 -10.0 3.75 10000000054.125301
120.0 5.0 -10.0 3.75 9999999834.968801
120.0 7.5 -10.0 3.75 3784765396.2341
120.0 10.0 -10.0 3.75 49928.954
120.0 -5.0 -7.5 3.75 9999999851.282501
120.0 -2.5 -7.5 3.75 9999999980.1441
120.0 0.0 -7.5 3.75 10000000305.3451
120.0 2.5 -7.5 3.75 9999999701.5776
120.0 5.0 -7.5 3.75 10000000063.632502
120.0 7.5 -7.5 3.75 9999999834.199902
120.0 10.0 -7.5 3.75 277882116.39919996
120.0 -5.0 -5.0 3.75 9999999991.574902
120.0 -2.5 -5.0 3.75 9999999756.649302
120.0 0.0 -5.0 3.75 10000000213.595201
120.0 2.5 -5.0 3.75 9999999439.4116
120.0 5.0 -5.0 3.75 9999999763.270401
120.0 7.5 -5.0 3.75 10000000019.5351
120.0 10.0 -5.0 3.75 10000000133.839201
120.0 -5.0 -2.5 3.75 9999999803.9043
120.0 -2.5 -2.5 3.75 10000000199.0335
120.0 0.0 -2.5 3.75 9999999697.9407
120.0 2.5 -2.5 3.75 9999999836.321901
120.0 5.0 -2.5 3.75 7088519604.0767
120.0 7.5 -2.5 3.75 9999999916.657501
120.0 10.0 -2.5 3.75 3769631.5508999997
120.0 -5.0 0.0 3.75 9999999713.0242
120.0 -2.5 0.0 3.75 9999999852.766
120.0 0.0 0.0 3.75 10000000152.480001
120.0 2.5 0.0 3.75 10000000346.885601
120.0 5.0 0.0 3.75 9999999902.820002
120.0 7.5 0.0 3.75 9999999819.600101
120.0 10.0 0.0 3.75 100509.81899999999
120.0 -5.0 2.5 3.75 9999999985.3274
120.0 -2.5 2.5 3.75 9999999936.6359
120.0 0.0 2.5 3.75 9999999879.9307
120.0 2.5 2.5 3.75 9999999970.812302
120.0 5.0 2.5 3.75 9999999813.774101
120.0 7.5 2.5 3.75 779802587.0947001
120.0 10.0 2.5 3.75 3670231.2322
120.0 -5.0 5.0 3.75 10000000008.0923
120.0 -2.5 5.0 3.75 10000000256.5821
120.0 0.0 5.0 3.75 10000000076.6193
120.0 2.5 5.0 3.75 10000000123.6396
120.0 5.0 5.0 3.75 3966834592.5066
120.0 7.5 5.0 3.75 3104484064.0870004
120.0 10.0 5.0 3.75 95.26129999999999
120.0 -2.5 0.0 5.0 10000000000.721802
120.0 -2.5 2.5 5.0 1628786871.4356
120.0 0.0 -2.5 6.25 9999999768.1109
120.0 -2.5 0.0 6.25 9999999908.6219
120.0 -2.5 2.5 6.25 5160946560.9491005
120.0 -2.5 5.0 6.25 7228034788.8212
120.0 0.0 -7.5 7.5 9999999542.2581
120.0 -2.5 -5.0 7.5 10000000077.1921
120.0 0.0 -5.0 7.5 10000000049.109402
120.0 -2.5 -2.5 7.5 10000000017.2192
120.0 0.0 -2.5 7.5 10000000194.362001
120.0 -2.5 0.0 7.5 9999999913.345402
120.0 -2.5 2.5 7.5 963157158.2391
120.0 0.0 2.5 7.5 10000000049.803701
120.0 -2.5 5.0 7.5 10000000193.7847
120.0 0.0 -7.5 8.75 10000000051.935501
120.0 -2.5 -5.0 8.75 10000000004.479801
120.0 0.0 -5.0 8.75 10000000453.770102
120.0 2.5 -5.0 8.75 9999999832.481401
120.0 -2.5 -2.5 8.75 9999999757.1622
120.0 0.0 -2.5 8.75 9999999955.6811
120.0 -2.5 0.0 8.75 9999999874.922401
120.0 0.0 0.0 8.75 10000000311.133902
120.0 -2.5 2.5 8.75 10000000053.8089
120.0 0.0 2.5 8.75 10000000031.3293
120.0 -5.0 5.0 8.75 62703407.079900004
120.0 -2.5 5.0 8.75 56126716.131500006
120.0 0.0 -7.5 10.0 10000000104.3134
120.0 2.5 -7.5 10.0 10000000238.6553
120.0 -2.5 -5.0 10.0 10000000322.889
120.0 0.0 -5.0 10.0 10000000033.0156
120.0 2.5 -5.0 10.0 9999999958.347502
120.0 -2.5 -2.5 10.0 10000000272.8146
120.0 0.0 -2.5 10.0 10000000167.447401
120.0 -2.5 0.0 10.0 10000000128.8029
120.0 0.0 0.0 10.0 9999999884.620401
120.0 -2.5 2.5 10.0 10000000188.7127
120.0 0.0 2.5 10.0 4543622512.4921
120.0 2.5 2.5 10.0 9999999926.934301
120.0 -5.0 5.0 10.0 158840913.9738
120.0 -2.5 5.0 10.0 4419895304.6545
120.0 0.0 5.0 10.0 10000000013.731901
120.0 0.0 -10.0 11.25 3346386047.7395997
120.0 2.5 -10.0 11.25 133417815.7464
120.0 5.0 -10.0 11.25 10000000008.0006
120.0 7.5 -10.0 11.25 7800813787.4812
120.0 0.0 -7.5 11.25 10000000249.94
120.0 2.5 -7.5 11.25 5230396705.463901
120.0 5.0 -7.5 11.25 10000000121.378101
120.0 -2.5 -5.0 11.25 10000000045.7511
120.0 0.0 -5.0 11.25 9999999972.847301
120.0 2.5 -5.0 11.25 9999999922.4871
120.0 -5.0 -2.5 11.25 9999999762.2973
120.0 -2.5 -2.5 11.25 9999999974.4134
120.0 0.0 -2.5 11.25 10000000106.258902
120.0 -5.0 0.0 11.25 9999999909.3897
120.0 -2.5 0.0 11.25 850900580.9938
120.0 0.0 0.0 11.25 10000000032.5079
120.0 2.5 0.0 11.25 9999999903.0349
120.0 5.0 0.0 11.25 10000000048.9613
120.0 -5.0 2.5 11.25 9999999973.010601
120.0 -2.5 2.5 11.25 3592033447.3975
120.0 0.0 2.5 11.25 9999999911.391602
120.0 2.5 2.5 11.25 10000000026.223701
120.0 -5.0 5.0 11.25 1512058014.9751
120.0 -2.5 5.0 11.25 12226599.8341
120.0 0.0 5.0 11.25 10000000005.146301
120.0 2.5 5.0 11.25 2583768320.3318
120.0 -5.0 -10.0 12.5 6504152.4503999995
120.0 0.0 -10.0 12.5 418965386.6657
120.0 2.5 -10.0 12.5 10000000034.1984
120.0 5.0 -10.0 12.5 4375380313.844299
120.0 7.5 -10.0 12.5 10000000020.530602
120.0 10.0 -10.0 12.5 14304093.354999999
120.0 -2.5 -7.5 12.5 10000000095.580801
120.0 0.0 -7.5 12.5 9392848181.9291
120.0 2.5 -7.5 12.5 9999999965.3791
120.0 5.0 -7.5 12.5 6392765250.7824
120.0 -2.5 -5.0 12.5 9999999616.2565
120.0 0.0 -5.0 12.5 4032361629.9929
120.0 2.5 -5.0 12.5 9999999984.44
120.0 -5.0 -2.5 12.5 8210016073.919
120.0 -2.5 -2.5 12.5 10000000038.610401
120.0 0.0 -2.5 12.5 10000000150.004501
120.0 -5.0 0.0 12.5 9999999977.7766
120.0 -2.5 0.0 12.5 2338916668.596
120.0 0.0 0.0 12.5 10000000101.684502
120.0 2.5 0.0 12.5 7971817225.3305
120.0 5.0 0.0 12.5 10000000053.3932
120.0 -5.0 2.5 12.5 10000000060.0634
120.0 -2.5 2.5 12.5 10000000112.152401
120.0 0.0 2.5 12.5 4253707912.529
120.0 2.5 2.5 12.5 45067423.1421
120.0 5.0 2.5 12.5 196759801.7891
120.0 -5.0 5.0 12.5 9999999858.860102
120.0 -2.5 5.0 12.5 8211364064.4835005
120.0 0.0 5.0 12.5 3125791.7391000004
120.0 2.5 5.0 12.5 170839660.5802
120.0 5.0 5.0 12.5 976440103.942
120.0 7.5 5.0 12.5 585.9934
120.0 -5.0 -10.0 13.75 5186468.645500001
120.0 -2.5 -10.0 13.75 384390843.43759996
120.0 0.0 -10.0 13.75 10000000003.694
120.0 2.5 -10.0 13.75 9999999850.8988
120.0 5.0 -10.0 13.75 9999999921.997501
120.0 7.5 -10.0 13.75 5069653.2401
120.0 10.0 -10.0 13.75 29464976.680099998
120.0 -2.5 -7.5 13.75 4013588762.9716
120.0 0.0 -7.5 13.75 9999999925.228102
120.0 2.5 -7.5 13.75 9780873686.0035
120.0 5.0 -7.5 13.75 10000000024.4878
120.0 7.5 -7.5 13.75 6297699000.8011
120.0 10.0 -7.5 13.75 1448458058.6550999
120.0 -5.0 -5.0 13.75 10000000041.990002
120.0 -2.5 -5.0 13.75 10000000048.379002
120.0 0.0 -5.0 13.75 1437957391.7788
120.0 2.5 -5.0 13.75 9261518676.326
120.0 -5.0 -2.5 13.75 5162440779.9939
120.0 -2.5 -2.5 13.75 10000000126.3941
120.0 0.0 -2.5 13.75 9999999919.303501
120.0 2.5 -2.5 13.75 139237895.82389998
120.0 -5.0 0.0 13.75 9999999887.7287
120.0 -2.5 0.0 13.75 10000000012.4727
120.0 0.0 0.0 13.75 10000000065.7257
120.0 2.5 0.0 13.75 122583159.53639999
120.0 -5.0 2.5 13.75 10000000048.5147
120.0 -2.5 2.5 13.75 9999999901.355202
120.0 0.0 2.5 13.75 10000000221.5079
120.0 2.5 2.5 13.75 9999999997.6837
120.0 5.0 2.5 13.75 10000000015.002901
120.0 7.5 2.5 13.75 2315539.8943000003
120.0 -5.0 5.0 13.75 9999999813.166801
120.0 -2.5 5.0 13.75 7039945844.4797
120.0 0.0 5.0 13.75 1791719.0825
120.0 2.5 5.0 13.75 7621441204.6103
120.0 5.0 5.0 13.75 58043.355
120.0 7.5 5.0 13.75 -6.625699999999999
120.0 -5.0 -10.0 15.0 511811712.4349
120.0 -2.5 -10.0 15.0 38509141.0758
120.0 0.0 -10.0 15.0 64349271.6427
120.0 2.5 -10.0 15.0 10000000048.751902
120.0 5.0 -10.0 15.0 201410950.6251
120.0 7.5 -10.0 15.0 268682.51660000003
120.0 10.0 -10.0 15.0 1843811.7878
120.0 -5.0 -7.5 15.0 10000000063.9696
120.0 -2.5 -7.5 15.0 9999999739.2205
120.0 0.0 -7.5 15.0 10000000082.726301
120.0 2.5 -7.5 15.0 9999999946.651201
120.0 5.0 -7.5 15.0 3401221368.0323
120.0 7.5 -7.5 15.0 296398445.0247
120.0 10.0 -7.5 15.0 9999999921.4423
120.0 -5.0 -5.0 15.0 267238570.42880002
120.0 -2.5 -5.0 15.0 9999999806.3621
120.0 0.0 -5.0 15.0 9999999844.313702
120.0 2.5 -5.0 15.0 9999999881.184502
120.0 5.0 -5.0 15.0 5174558336.1419
120.0 7.5 -5.0 15.0 380370223.4537
120.0 10.0 -5.0 15.0 687754.6042
120.0 -5.0 -2.5 15.0 10000000049.210402
120.0 -2.5 -2.5 15.0 9999999790.717001
120.0 0.0 -2.5 15.0 10000000214.3621
120.0 2.5 -2.5 15.0 3006735157.0702
120.0 5.0 -2.5 15.0 869775484.3336
120.0 7.5 -2.5 15.0 131351.6653
120.0 10.0 -2.5 15.0 662.2937000000001
120.0 -5.0 0.0 15.0 3226707800.6658998
120.0 -2.5 0.0 15.0 9999999877.5107
120.0 0.0 0.0 15.0 10000000059.0991
120.0 2.5 0.0 15.0 774976107.5830001
120.0 5.0 0.0 15.0 236877596.8581
120.0 10.0 0.0 15.0 44.0136
120.0 -5.0 2.5 15.0 480170243.0785
120.0 -2.5 2.5 15.0 2892548633.1027
120.0 0.0 2.5 15.0 9999999932.771502
120.0 2.5 2.5 15.0 1853519577.9078
120.0 5.0 2.5 15.0 10000000015.4761
120.0 7.5 2.5 15.0 704849920.5236
120.0 10.0 2.5 15.0 0.3206000000000002
120.0 -5.0 5.0 15.0 579223302.5161
120.0 -2.5 5.0 15.0 134256734.9532
120.0 0.0 5.0 15.0 689212.5042000001
120.0 2.5 5.0 15.0 7242014897.7171
120.0 5.0 5.0 15.0 148384.3253
120.0 7.5 5.0 15.0 -3.093
120.0 10.0 5.0 15.0 -1.2413000000000003
120.0 -5.0 -10.0 16.25 10000000034.619701
120.0 -2.5 -10.0 16.25 53902831.451000005
120.0 0.0 -10.0 16.25 36412366.6968
120.0 2.5 -10.0 16.25 9999999896.010801
120.0 5.0 -10.0 16.25 1667921365.0842998
120.0 7.5 -10.0 16.25 1553.0626
120.0 10.0 -10.0 16.25 2051.889
120.0 -5.0 -7.5 16.25 468043120.43579996
120.0 -2.5 -7.5 16.25 10000000164.9946
120.0 0.0 -7.5 16.25 10000000143.124401
120.0 2.5 -7.5 16.25 9999999808.7532
120.0 5.0 -7.5 16.25 14253853.923
120.0 7.5 -7.5 16.25 68336.41990000001
120.0 10.0 -7.5 16.25 311.4745
120.0 -5.0 -5.0 16.25 26660848.4771
120.0 -2.5 -5.0 16.25 10000000047.3619
120.0 0.0 -5.0 16.25 10000000209.0631
120.0 2.5 -5.0 16.25 9999999840.2569
120.0 5.0 -5.0 16.25 9999999875.813002
120.0 7.5 -5.0 16.25 17933.820600000003
120.0 10.0 -5.0 16.25 -0.7315000000000005
120.0 -5.0 -2.5 16.25 9999999936.147001
120.0 -2.5 -2.5 16.25 2163192463.2327
120.0 0.0 -2.5 16.25 10000000260.904001
120.0 2.5 -2.5 16.25 10000000031.652401
120.0 5.0 -2.5 16.25 216135042.08229998
120.0 7.5 -2.5 16.25 39967.6873
120.0 10.0 -2.5 16.25 -1.1954000000000002
120.0 -5.0 0.0 16.25 102805269.4013
120.0 -2.5 0.0 16.25 9999999677.7117
120.0 0.0 0.0 16.25 9999999946.821402
120.0 2.5 0.0 16.25 10000000017.278502
120.0 5.0 0.0 16.25 10000000021.4484
120.0 7.5 0.0 16.25 319098915.0532
120.0 10.0 0.0 16.25 3670.6181
120.0 -5.0 2.5 16.25 3102253549.005
120.0 -2.5 2.5 16.25 3026970959.8368
120.0 0.0 2.5 16.25 22097248.1961
120.0 2.5 2.5 16.25 10000000010.153
120.0 5.0 2.5 16.25 70238340.1031
120.0 7.5 2.5 16.25 1902286.6676
120.0 10.0 2.5 16.25 40.8734
120.0 -5.0 5.0 16.25 7391703.0320999995
120.0 -2.5 5.0 16.25 5350379.5881
120.0 0.0 5.0 16.25 9999999973.0683
120.0 2.5 5.0 16.25 228825738.7315
120.0 5.0 5.0 16.25 3820.3354
120.0 7.5 5.0 16.25 -3.7068000000000003
120.0 10.0 5.0 16.25 -1.6861
180.0 -5.0 -10.0 3.75 9999999952.1121
180.0 -2.5 -10.0 3.75 25650670.7344
180.0 0.0 -10.0 3.75 9999999895.6007
180.0 2.5 -10.0 3.75 10000000039.793402
180.0 5.0 -10.0 3.75 1639251848.4069
180.0 7.5 -10.0 3.75 1855949604.6715
180.0 10.0 -10.0 3.75 4933125422.2967
180.0 -5.0 -7.5 3.75 9999999841.693901
180.0 -2.5 -7.5 3.75 10000000206.560902
180.0 0.0 -7.5 3.75 9999999972.3861
180.0 2.5 -7.5 3.75 9999999931.1644
180.0 5.0 -7.5 3.75 9999999745.2518
180.0 7.5 -7.5 3.75 6502900867.0838995
180.0 10.0 -7.5 3.75 130515375.1033
180.0 -5.0 -5.0 3.75 9999999908.308
180.0 -2.5 -5.0 3.75 10000000274.7054
180.0 0.0 -5.0 3.75 10000000124.7355
180.0 2.5 -5.0 3.75 10000000086.3505
180.0 5.0 -5.0 3.75 9999999927.383501
180.0 7.5 -5.0 3.75 9999999795.047201
180.0 10.0 -5.0 3.75 10000000035.310001
180.0 -5.0 -2.5 3.75 10000000022.3388
180.0 -2.5 -2.5 3.75 10000000025.4827
180.0 0.0 -2.5 3.75 10000000114.538101
180.0 2.5 -2.5 3.75 9999999849.4498
180.0 5.0 -2.5 3.75 10000000399.3195
180.0 7.5 -2.5 3.75 9999999975.0662
180.0 10.0 -2.5 3.75 9999999927.8038
180.0 -5.0 0.0 3.75 10000000093.6161
180.0 -2.5 0.0 3.75 10000000073.8845
180.0 0.0 0.0 3.75 9999999951.278101
180.0 2.5 0.0 3.75 9999999952.010601
180.0 5.0 0.0 3.75 9999999747.6025
180.0 7.5 0.0 3.75 10000000125.1343
180.0 10.0 0.0 3.75 9999999909.7966
180.0 -5.0 2.5 3.75 9999999606.2858
180.0 -2.5 2.5 3.75 10000000550.889101
180.0 0.0 2.5 3.75 10000000014.6319
180.0 2.5 2.5 3.75 9999999877.2964
180.0 5.0 2.5 3.75 9999999782.0655
180.0 7.5 2.5 3.75 6080643151.3197
180.0 10.0 2.5 3.75 1218690483.0587
180.0 -5.0 5.0 3.75 31607792.3567
180.0 -2.5 5.0 3.75 342961564.812
180.0 0.0 5.0 3.75 9702240.2831
180.0 2.5 5.0 3.75 10000000020.993502
180.0 5.0 5.0 3.75 1485826447.5822
180.0 7.5 5.0 3.75 28088.1404
180.0 10.0 5.0 3.75 155951.9564
180.0 -2.5 2.5 5.0 9999999951.626701
180.0 -2.5 -2.5 6.25 10000000059.123901
180.0 -2.5 0.0 6.25 2129829448.3952
180.0 -2.5 -2.5 7.5 3176186025.372
180.0 -2.5 0.0 7.5 10000000322.8834
180.0 -2.5 2.5 7.5 10000000192.1107
180.0 0.0 2.5 7.5 9999999905.9951
180.0 2.5 2.5 7.5 9999999868.842701
180.0 2.5 -10.0 8.75 9999999949.9515
180.0 -2.5 -7.5 8.75 9999999779.5475
180.0 2.5 -7.5 8.75 9999999973.4659
180.0 5.0 -7.5 8.75 9999999716.6557
180.0 -5.0 -5.0 8.75 9999999924.1497
180.0 -2.5 -5.0 8.75 9999999966.5802
180.0 -5.0 -2.5 8.75 9999999437.112001
180.0 -2.5 -2.5 8.75 10000000365.261501
180.0 0.0 -2.5 8.75 9999999925.3355
180.0 -5.0 0.0 8.75 9999999929.852201
180.0 -2.5 0.0 8.75 10000000146.7222
180.0 0.0 0.0 8.75 9999999825.179401
180.0 -5.0 2.5 8.75 10000000116.3644
180.0 -2.5 2.5 8.75 9999999948.710001
180.0 0.0 2.5 8.75 10000000097.7851
180.0 2.5 2.5 8.75 10000000042.9447
180.0 0.0 5.0 8.75 10000000024.8355
180.0 2.5 5.0 8.75 2758605897.5872
180.0 2.5 -10.0 10.0 10000000039.8398
180.0 -2.5 -7.5 10.0 10000000123.125801
180.0 0.0 -7.5 10.0 9999999951.054602
180.0 2.5 -7.5 10.0 2141373536.1323001
180.0 5.0 -7.5 10.0 9999999932.1415
180.0 -5.0 -5.0 10.0 10000000026.451
180.0 -2.5 -5.0 10.0 10000000085.173
180.0 0.0 -5.0 10.0 10000000682.822601
180.0 -5.0 -2.5 10.0 10000000274.9824
180.0 -2.5 -2.5 10.0 8619936576.675701
180.0 0.0 -2.5 10.0 10000000350.9906
180.0 -5.0 0.0 10.0 7219621449.8082
180.0 -2.5 0.0 10.0 9999999668.6313
180.0 0.0 0.0 10.0 10000000035.278101
180.0 -5.0 2.5 10.0 423980154.68950003
180.0 -2.5 2.5 10.0 10000000134.685501
180.0 0.0 2.5 10.0 9999999952.448301
180.0 2.5 2.5 10.0 6761887343.6367
180.0 -2.5 5.0 10.0 224834946.0128
180.0 0.0 5.0 10.0 317451020.15709996
180.0 2.5 5.0 10.0 152012675.1867
180.0 5.0 5.0 10.0 124292664.8679
180.0 -2.5 -10.0 11.25 10000000296.018301
180.0 2.5 -10.0 11.25 10000000016.8521
180.0 5.0 -10.0 11.25 10000000070.9353
180.0 -2.5 -7.5 11.25 10000000058.8997
180.0 0.0 -7.5 11.25 10000000146.0748
180.0 2.5 -7.5 11.25 10000000320.634201
180.0 5.0 -7.5 11.25 10000000084.421202
180.0 -5.0 -5.0 11.25 6960182478.1794
180.0 -2.5 -5.0 11.25 9999999790.973001
180.0 0.0 -5.0 11.25 10000000103.0463
180.0 -5.0 -2.5 11.25 392289565.5764
180.0 -2.5 -2.5 11.25 9999999843.7287
180.0 0.0 -2.5 11.25 9999999991.372702
180.0 -5.0 0.0 11.25 1699562400.4273
180.0 -2.5 0.0 11.25 989569105.8018
180.0 0.0 0.0 11.25 10000000239.6573
180.0 -5.0 2.5 11.25 8747680528.244999
180.0 -2.5 2.5 11.25 9999999979.4764
180.0 0.0 2.5 11.25 10000000075.131401
180.0 2.5 2.5 11.25 9999999998.519001
180.0 -5.0 5.0 11.25 62009876.7275
180.0 -2.5 5.0 11.25 34325315.8555
180.0 0.0 5.0 11.25 57826509.791
180.0 2.5 5.0 11.25 3749521040.7457
180.0 5.0 5.0 11.25 20859197.3547
180.0 7.5 5.0 11.25 327871.7524
180.0 -2.5 -10.0 12.5 9999999935.626902
180.0 0.0 -10.0 12.5 9999999863.7588
180.0 2.5 -10.0 12.5 5067254413.020801
180.0 5.0 -10.0 12.5 10000000239.7346
180.0 7.5 -10.0 12.5 26500213.2049
180.0 -2.5 -7.5 12.5 9999999897.9736
180.0 0.0 -7.5 12.5 10000000208.1637
180.0 2.5 -7.5 12.5 2181585617.3601003
180.0 5.0 -7.5 12.5 1167039628.2875998
180.0 -5.0 -5.0 12.5 10000000028.1982
180.0 -2.5 -5.0 12.5 10000000178.504002
180.0 0.0 -5.0 12.5 9999999987.7422
180.0 2.5 -5.0 12.5 9999999985.4501
180.0 5.0 -5.0 12.5 9999999943.3528
180.0 -5.0 -2.5 12.5 697061690.752
180.0 -2.5 -2.5 12.5 9999999954.145802
180.0 0.0 -2.5 12.5 10000000011.0673
180.0 2.5 -2.5 12.5 9999999906.0702
180.0 5.0 -2.5 12.5 9999999932.893002
180.0 -5.0 0.0 12.5 19927162.7887
180.0 -2.5 0.0 12.5 9999999880.7301
180.0 0.0 0.0 12.5 9999999976.644701
180.0 2.5 0.0 12.5 9999999965.957
180.0 -5.0 2.5 12.5 134449786.93219998
180.0 -2.5 2.5 12.5 397786128.9701
180.0 0.0 2.5 12.5 10000000256.1119
180.0 2.5 2.5 12.5 487059684.1791
180.0 5.0 2.5 12.5 9999999998.217201
180.0 -5.0 5.0 12.5 33220210.2721
180.0 -2.5 5.0 12.5 108508.6059
180.0 0.0 5.0 12.5 40410.4191
180.0 2.5 5.0 12.5 9999999745.3675
180.0 5.0 5.0 12.5 80475.3736
180.0 7.5 5.0 12.5 69.95400000000001
180.0 10.0 5.0 12.5 5895.9055
180.0 -5.0 -10.0 13.75 3019697450.3018003
180.0 -2.5 -10.0 13.75 4082619631.2812996
180.0 0.0 -10.0 13.75 10000000412.6928
180.0 2.5 -10.0 13.75 1818270880.3246999
180.0 5.0 -10.0 13.75 10000000067.903101
180.0 7.5 -10.0 13.75 72287714.2524
180.0 -5.0 -7.5 13.75 3630316699.04
180.0 -2.5 -7.5 13.75 381529195.1832
180.0 0.0 -7.5 13.75 209925948.5119
180.0 2.5 -7.5 13.75 7525251584.565599
180.0 5.0 -7.5 13.75 62977088.0522
180.0 10.0 -7.5 13.75 9999999960.970901
180.0 -5.0 -5.0 13.75 160603773.2958
180.0 -2.5 -5.0 13.75 9999999715.210201
180.0 0.0 -5.0 13.75 1141813280.5748
180.0 2.5 -5.0 13.75 10000000078.135
180.0 5.0 -5.0 13.75 10000000024.2653
180.0 -5.0 -2.5 13.75 1696211420.7963002
180.0 -2.5 -2.5 13.75 10000000158.3286
180.0 0.0 -2.5 13.75 890353904.0987
180.0 2.5 -2.5 13.75 9999999890.990301
180.0 5.0 -2.5 13.75 10000000068.974401
180.0 -5.0 0.0 13.75 9999999829.809801
180.0 -2.5 0.0 13.75 9999999924.833801
180.0 0.0 0.0 13.75 10000000110.2665
180.0 2.5 0.0 13.75 9999999889.4703
180.0 5.0 0.0 13.75 10000000103.088001
180.0 7.5 0.0 13.75 9999999923.8537
180.0 -5.0 2.5 13.75 10000000107.2784
180.0 -2.5 2.5 13.75 6789061.790200001
180.0 0.0 2.5 13.75 39530322.7915
180.0 2.5 2.5 13.75 331002777.63
180.0 5.0 2.5 13.75 187286.73440000002
180.0 7.5 2.5 13.75 6919.1874
180.0 10.0 2.5 13.75 75624991.6791
180.0 -5.0 5.0 13.75 185909.5495
180.0 -2.5 5.0 13.75 410.9074
180.0 0.0 5.0 13.75 12956.2835
180.0 2.5 5.0 13.75 7873930412.9667
180.0 5.0 5.0 13.75 111.7663
180.0 7.5 5.0 13.75 15.203700000000001
180.0 -5.0 -10.0 15.0 10000000007.9748
180.0 -2.5 -10.0 15.0 227437723.3166
180.0 0.0 -10.0 15.0 250182779.87010002
180.0 2.5 -10.0 15.0 8124842.0632
180.0 5.0 -10.0 15.0 637457600.125
180.0 7.5 -10.0 15.0 311163198.99399996
180.0 10.0 -10.0 15.0 486112.5527
180.0 -5.0 -7.5 15.0 9999999745.218102
180.0 -2.5 -7.5 15.0 10000000113.310001
180.0 0.0 -7.5 15.0 9999999875.842901
180.0 2.5 -7.5 15.0 10000000093.0765
180.0 5.0 -7.5 15.0 298116547.2462
180.0 7.5 -7.5 15.0 9999999970.058401
180.0 10.0 -7.5 15.0 2183464461.8381
180.0 -5.0 -5.0 15.0 1533405154.4256
180.0 -2.5 -5.0 15.0 3012911544.743
180.0 0.0 -5.0 15.0 9999999951.6788
180.0 2.5 -5.0 15.0 10000000179.630201
180.0 5.0 -5.0 15.0 9999999911.774302
180.0 7.5 -5.0 15.0 9999999965.4918
180.0 -5.0 -2.5 15.0 10000000340.266
180.0 -2.5 -2.5 15.0 10000000012.4747
180.0 0.0 -2.5 15.0 4354398507.8823
180.0 2.5 -2.5 15.0 9999999900.8967
180.0 5.0 -2.5 15.0 9999999872.706701
180.0 7.5 -2.5 15.0 2929025884.1389003
180.0 -5.0 0.0 15.0 9999999982.1492
180.0 -2.5 0.0 15.0 10000000254.359901
180.0 0.0 0.0 15.0 1990062720.3727002
180.0 2.5 0.0 15.0 7040121903.2976
180.0 5.0 0.0 15.0 1618551398.3990998
180.0 7.5 0.0 15.0 9999999700.1074
180.0 -5.0 2.5 15.0 6411616491.0903
180.0 -2.5 2.5 15.0 10000000047.137701
180.0 0.0 2.5 15.0 572354274.3248
180.0 2.5 2.5 15.0 99656745.5512
180.0 5.0 2.5 15.0 68982688.852
180.0 7.5 2.5 15.0 139.45600000000002
180.0 10.0 2.5 15.0 13777.911100000001
180.0 -5.0 5.0 15.0 1581864.9567
180.0 -2.5 5.0 15.0 1188.2356000000002
180.0 0.0 5.0 15.0 84.3408
180.0 2.5 5.0 15.0 26140.5585
180.0 5.0 5.0 15.0 24.0194
180.0 7.5 5.0 15.0 3.5220000000000002
180.0 10.0 5.0 15.0 95.5815
180.0 -5.0 -10.0 16.25 51949440.4535
180.0 -2.5 -10.0 16.25 30950857.6743
180.0 0.0 -10.0 16.25 10000000128.692701
180.0 2.5 -10.0 16.25 10000000156.117102
180.0 5.0 -10.0 16.25 11778054.9648
180.0 7.5 -10.0 16.25 13409505.3601
180.0 10.0 -10.0 16.25 371449.8249
180.0 -5.0 -7.5 16.25 2270328.3309
180.0 -2.5 -7.5 16.25 9999999985.197401
180.0 0.0 -7.5 16.25 10000000019.187601
180.0 2.5 -7.5 16.25 1387621065.7932
180.0 5.0 -7.5 16.25 210985648.271
180.0 7.5 -7.5 16.25 8088168.8815
180.0 10.0 -7.5 16.25 9999999804.7322
180.0 -5.0 -5.0 16.25 32469754.5043
180.0 -2.5 -5.0 16.25 2933098059.1597
180.0 0.0 -5.0 16.25 9999999958.9915
180.0 2.5 -5.0 16.25 10000000086.728802
180.0 5.0 -5.0 16.25 7192306506.746099
180.0 7.5 -5.0 16.25 10000000028.6564
180.0 10.0 -5.0 16.25 8137182.7471
180.0 -5.0 -2.5 16.25 10000000044.907902
180.0 -2.5 -2.5 16.25 169084986.0508
180.0 0.0 -2.5 16.25 546858699.3875
180.0 2.5 -2.5 16.25 4543611657.926399
180.0 5.0 -2.5 16.25 10000000010.0156
180.0 7.5 -2.5 16.25 10000000156.7758
180.0 10.0 -2.5 16.25 6519.1327
180.0 -5.0 0.0 16.25 9999999980.8658
180.0 -2.5 0.0 16.25 10000000005.012901
180.0 0.0 0.0 16.25 9999999893.1411
180.0 2.5 0.0 16.25 7166902487.8619995
180.0 5.0 0.0 16.25 210669285.5127
180.0 7.5 0.0 16.25 236222.18279999998
180.0 10.0 0.0 16.25 1529.2413999999999
180.0 -5.0 2.5 16.25 245779339.8387
180.0 -2.5 2.5 16.25 2877842.5855
180.0 0.0 2.5 16.25 8581318744.227799
180.0 2.5 2.5 16.25 165694580.7234
180.0 5.0 2.5 16.25 9999999997.1968
180.0 7.5 2.5 16.25 58.3107
180.0 10.0 2.5 16.25 -6.7991
180.0 -5.0 5.0 16.25 243576342.94419998
180.0 -2.5 5.0 16.25 167.7754
180.0 0.0 5.0 16.25 15.7702
180.0 2.5 5.0 16.25 648.0613999999999
180.0 5.0 5.0 16.25 27.3952
180.0 7.5 5.0 16.25 3.7054000000000005
180.0 10.0 5.0 16.25 -1.948
240.0 -5.0 -10.0 3.75 10000000145.119701
240.0 -2.5 -10.0 3.75 10000000037.3824
240.0 0.0 -10.0 3.75 9999999944.4134
240.0 2.5 -10.0 3.75 9999999829.0165
240.0 5.0 -10.0 3.75 9999999773.8363
240.0 7.5 -10.0 3.75 400516982.8001
240.0 10.0 -10.0 3.75 2799214593.7898
240.0 -5.0 -7.5 3.75 3139973947.0745997
240.0 -2.5 -7.5 3.75 10000000012.2136
240.0 0.0 -7.5 3.75 9999999808.447401
240.0 2.5 -7.5 3.75 10000000101.2215
240.0 5.0 -7.5 3.75 9999999881.1166
240.0 7.5 -7.5 3.75 9999999497.701
240.0 10.0 -7.5 3.75 415497.9048
240.0 -5.0 -5.0 3.75 9999999659.8362
240.0 -2.5 -5.0 3.75 9999999740.3495
240.0 0.0 -5.0 3.75 9999999900.351301
240.0 2.5 -5.0 3.75 10000000285.9178
240.0 5.0 -5.0 3.75 9269171306.7173
240.0 7.5 -5.0 3.75 10000000129.876001
240.0 10.0 -5.0 3.75 1435500283.5477998
240.0 -5.0 -2.5 3.75 9999999576.7448
240.0 -2.5 -2.5 3.75 9999999974.858702
240.0 0.0 -2.5 3.75 9999999970.863602
240.0 2.5 -2.5 3.75 10000000185.284601
240.0 5.0 -2.5 3.75 9999999928.626001
240.0 7.5 -2.5 3.75 9999999688.376001
240.0 10.0 -2.5 3.75 9999999983.038502
240.0 -5.0 0.0 3.75 6972180570.165099
240.0 -2.5 0.0 3.75 9999999905.741701
240.0 0.0 0.0 3.75 10000000198.1361
240.0 2.5 0.0 3.75 9999999850.362001
240.0 5.0 0.0 3.75 10000000011.0641
240.0 7.5 0.0 3.75 9999999894.982101
240.0 10.0 0.0 3.75 9999999988.403801
240.0 -5.0 2.5 3.75 9999999852.2703
240.0 -2.5 2.5 3.75 8887557265.2432
240.0 0.0 2.5 3.75 9999999992.2064
240.0 2.5 2.5 3.75 9999999917.515501
240.0 5.0 2.5 3.75 10000000292.132502
240.0 7.5 2.5 3.75 9999999906.6641
240.0 10.0 2.5 3.75 10000000072.3386
240.0 -5.0 5.0 3.75 10000000334.654902
240.0 -2.5 5.0 3.75 1038291121.518
240.0 0.0 5.0 3.75 591304422.2257
240.0 2.5 5.0 3.75 1907496511.7022
240.0 5.0 5.0 3.75 3797484456.7125998
240.0 7.5 5.0 3.75 183690877.46469998
240.0 10.0 5.0 3.75 26122446.8229
240.0 0.0 5.0 5.0 327365947.0717
240.0 2.5 -7.5 6.25 9999999888.8582
240.0 0.0 -2.5 6.25 9999999991.389101
240.0 0.0 0.0 6.25 9999999817.025702
240.0 -2.5 2.5 6.25 3504186770.4517
240.0 0.0 2.5 6.25 1324910371.3316998
240.0 0.0 5.0 6.25 10000000086.8792
240.0 2.5 -7.5 7.5 9999999934.749601
240.0 0.0 -5.0 7.5 10000000218.194801
240.0 2.5 -5.0 7.5 10000000064.407001
240.0 0.0 -2.5 7.5 9999999954.366701
240.0 2.5 -2.5 7.5 10000000214.230902
240.0 0.0 0.0 7.5 9999999966.914902
240.0 2.5 0.0 7.5 472480960.96760005
240.0 0.0 2.5 7.5 10000000015.2954
240.0 -2.5 5.0 7.5 280341814.50130004
240.0 0.0 5.0 7.5 35973835.046000004
240.0 2.5 -10.0 8.75 9999999778.003
240.0 2.5 -7.5 8.75 10000000008.7005
240.0 0.0 -5.0 8.75 9999999530.7602
240.0 2.5 -5.0 8.75 9999999977.285002
240.0 -2.5 -2.5 8.75 10000000091.0431
240.0 0.0 -2.5 8.75 9999999854.0695
240.0 2.5 -2.5 8.75 9999999885.9613
240.0 -5.0 0.0 8.75 87406477.9324
240.0 -2.5 0.0 8.75 9999999871.2737
240.0 0.0 0.0 8.75 10000000091.623402
240.0 2.5 0.0 8.75 10000000329.409
240.0 -2.5 2.5 8.75 10000000152.058
240.0 0.0 2.5 8.75 7819880308.414101
240.0 2.5 2.5 8.75 338301197.4637
240.0 -2.5 5.0 8.75 9999999705.0821
240.0 0.0 5.0 8.75 16863879.6861
240.0 2.5 5.0 8.75 1504981436.2621999
240.0 2.5 -10.0 10.0 2624887438.1163
240.0 5.0 -10.0 10.0 10000000070.7866
240.0 2.5 -7.5 10.0 10000000101.1305
240.0 -5.0 -5.0 10.0 10000000027.930101
240.0 0.0 -5.0 10.0 10000000245.4629
240.0 2.5 -5.0 10.0 10000000007.9675
240.0 -5.0 -2.5 10.0 9999999824.467901
240.0 -2.5 -2.5 10.0 9999999890.134901
240.0 0.0 -2.5 10.0 9999999809.2373
240.0 2.5 -2.5 10.0 9999999864.9106
240.0 -5.0 0.0 10.0 10000000151.430101
240.0 -2.5 0.0 10.0 10000000053.4132
240.0 0.0 0.0 10.0 10000000034.438501
240.0 2.5 0.0 10.0 9999999905.1257
240.0 -2.5 2.5 10.0 9999999977.9468
240.0 0.0 2.5 10.0 9999999891.1914
240.0 2.5 2.5 10.0 10000000006.7915
240.0 5.0 2.5 10.0 179658379.5997
240.0 -2.5 5.0 10.0 9999999950.6333
240.0 0.0 5.0 10.0 9999999913.7605
240.0 2.5 5.0 10.0 90297.0252
240.0 5.0 5.0 10.0 9999999937.990002
240.0 -2.5 -10.0 11.25 8491589628.4122
240.0 2.5 -10.0 11.25 1442718766.5117
240.0 5.0 -10.0 11.25 148522802.90919998
240.0 10.0 -10.0 11.25 -10.7537
240.0 2.5 -7.5 11.25 10000000138.991201
240.0 -5.0 -5.0 11.25 9999999949.4051
240.0 -2.5 -5.0 11.25 10000000177.473202
240.0 0.0 -5.0 11.25 10000000034.9668
240.0 2.5 -5.0 11.25 10000000150.500301
240.0 -5.0 -2.5 11.25 10000000079.646502
240.0 -2.5 -2.5 11.25 10000000124.020601
240.0 0.0 -2.5 11.25 9999999906.3159
240.0 2.5 -2.5 11.25 9999999889.7348
240.0 -5.0 0.0 11.25 10000000068.625101
240.0 -2.5 0.0 11.25 148188322.23430002
240.0 0.0 0.0 11.25 865223439.8673
240.0 2.5 0.0 11.25 9999999911.4761
240.0 -2.5 2.5 11.25 565451339.4173
240.0 0.0 2.5 11.25 9999999942.6889
240.0 2.5 2.5 11.25 10000000019.753601
240.0 5.0 2.5 11.25 318824504.99240005
240.0 -2.5 5.0 11.25 10000000018.354101
240.0 0.0 5.0 11.25 9999999811.6102
240.0 2.5 5.0 11.25 55376957.6465
240.0 5.0 5.0 11.25 10000000076.783901
240.0 7.5 5.0 11.25 309257934.7897
240.0 -2.5 -10.0 12.5 3519238892.258
240.0 0.0 -10.0 12.5 1357068558.3891
240.0 2.5 -10.0 12.5 10000000052.5499
240.0 5.0 -10.0 12.5 10000000039.6103
240.0 7.5 -10.0 12.5 11767016.237499999
240.0 10.0 -10.0 12.5 -6.7421999999999995
240.0 -5.0 -7.5 12.5 1126417257.3586
240.0 0.0 -7.5 12.5 10000000054.495401
240.0 2.5 -7.5 12.5 9999999955.127602
240.0 5.0 -7.5 12.5 10000000093.9349
240.0 7.5 -7.5 12.5 76359553.0143
240.0 10.0 -7.5 12.5 1540.4711
240.0 -5.0 -5.0 12.5 2958428154.5926
240.0 -2.5 -5.0 12.5 9999999728.7637
240.0 0.0 -5.0 12.5 10000000147.0291
240.0 2.5 -5.0 12.5 3949278690.9586
240.0 5.0 -5.0 12.5 10000000178.473902
240.0 -5.0 -2.5 12.5 9999999971.2199
240.0 -2.5 -2.5 12.5 197584991.0993
240.0 0.0 -2.5 12.5 10000000026.062
240.0 2.5 -2.5 12.5 9999999924.7605
240.0 -5.0 0.0 12.5 10000000200.972801
240.0 -2.5 0.0 12.5 6937802.2459
240.0 0.0 0.0 12.5 10000000042.4256
240.0 2.5 0.0 12.5 9999999895.2803
240.0 -2.5 2.5 12.5 26834788.3413
240.0 0.0 2.5 12.5 10000000012.2626
240.0 2.5 2.5 12.5 8031414.8533
240.0 5.0 2.5 12.5 2258854689.4379
240.0 -2.5 5.0 12.5 9999999872.7255
240.0 0.0 5.0 12.5 155626297.87030002
240.0 2.5 5.0 12.5 9999999906.274302
240.0 5.0 5.0 12.5 10000000004.5105
240.0 7.5 5.0 12.5 488072701.4254
240.0 10.0 5.0 12.5 6594.057900000001
240.0 -5.0 -10.0 13.75 10000000177.394201
240.0 -2.5 -10.0 13.75 9999999986.166801
240.0 0.0 -10.0 13.75 9999999932.037
240.0 2.5 -10.0 13.75 10000000051.1019
240.0 5.0 -10.0 13.75 10000000016.647001
240.0 7.5 -10.0 13.75 2632382471.5391
240.0 10.0 -10.0 13.75 18.923299999999998
240.0 -5.0 -7.5 13.75 5617363881.8525
240.0 -2.5 -7.5 13.75 10000000137.7285
240.0 0.0 -7.5 13.75 9999999918.0874
240.0 2.5 -7.5 13.75 9999999674.9375
240.0 5.0 -7.5 13.75 6056484825.0819
240.0 7.5 -7.5 13.75 312352715.9834
240.0 10.0 -7.5 13.75 33220722.9353
240.0 -5.0 -5.0 13.75 5033336733.6895
240.0 -2.5 -5.0 13.75 10000000006.9314
240.0 0.0 -5.0 13.75 4552761301.3406
240.0 2.5 -5.0 13.75 9999999892.311401
240.0 5.0 -5.0 13.75 9999999629.9542
240.0 7.5 -5.0 13.75 10000000002.616402
240.0 -5.0 -2.5 13.75 2055828507.1249
240.0 -2.5 -2.5 13.75 9999999936.328402
240.0 0.0 -2.5 13.75 9999999989.4727
240.0 2.5 -2.5 13.75 10000000198.068602
240.0 5.0 -2.5 13.75 149319126.2558
240.0 -5.0 0.0 13.75 987347777.2670001
240.0 -2.5 0.0 13.75 59583759.4338
240.0 0.0 0.0 13.75 9999999886.6257
240.0 2.5 0.0 13.75 9999999989.4536
240.0 5.0 0.0 13.75 10000000106.8997
240.0 -5.0 2.5 13.75 20768080.3732
240.0 -2.5 2.5 13.75 9728531.8152
240.0 0.0 2.5 13.75 931641048.2994
240.0 2.5 2.5 13.75 977868177.2213
240.0 5.0 2.5 13.75 29236048.625499997
240.0 7.5 2.5 13.75 13467405.726400001
240.0 -2.5 5.0 13.75 10000000113.1245
240.0 0.0 5.0 13.75 3011422.1561000003
240.0 2.5 5.0 13.75 375044.2786
240.0 5.0 5.0 13.75 121569190.7386
240.0 7.5 5.0 13.75 23500181.9137
240.0 10.0 5.0 13.75 143.4509
240.0 -5.0 -10.0 15.0 633470.732
240.0 -2.5 -10.0 15.0 9999999965.5855
240.0 0.0 -10.0 15.0 9999999904.466501
240.0 2.5 -10.0 15.0 10000000036.611301
240.0 5.0 -10.0 15.0 9999999436.2758
240.0 7.5 -10.0 15.0 5992552422.9982
240.0 10.0 -10.0 15.0 295.8487
240.0 -5.0 -7.5 15.0 12142928.713299999
240.0 -2.5 -7.5 15.0 10000000287.804401
240.0 0.0 -7.5 15.0 10000000100.6142
240.0 2.5 -7.5 15.0 9999999995.0289
240.0 5.0 -7.5 15.0 10000000011.966002
240.0 7.5 -7.5 15.0 9999999708.323801
240.0 10.0 -7.5 15.0 510755138.07610005
240.0 -5.0 -5.0 15.0 70861555.5636
240.0 -2.5 -5.0 15.0 1668723677.6504
240.0 0.0 -5.0 15.0 10000000038.3448
240.0 2.5 -5.0 15.0 9999999863.227701
240.0 5.0 -5.0 15.0 10000000067.497501
240.0 7.5 -5.0 15.0 1586012874.8985
240.0 10.0 -5.0 15.0 4019825211.3121004
240.0 -5.0 -2.5 15.0 874626534.8305
240.0 -2.5 -2.5 15.0 9999999934.637201
240.0 0.0 -2.5 15.0 9999999939.3822
240.0 2.5 -2.5 15.0 9999999776.416302
240.0 5.0 -2.5 15.0 10000000046.867802
240.0 7.5 -2.5 15.0 10000000041.957602
240.0 10.0 -2.5 15.0 26360088.9649
240.0 -5.0 0.0 15.0 9999999928.000301
240.0 -2.5 0.0 15.0 9999999997.0319
240.0 0.0 0.0 15.0 965084600.0401
240.0 2.5 0.0 15.0 9999999965.1081
240.0 5.0 0.0 15.0 665661683.7931
240.0 10.0 0.0 15.0 2009140964.4557
240.0 -5.0 2.5 15.0 899530.7451000001
240.0 -2.5 2.5 15.0 10000000400.613201
240.0 0.0 2.5 15.0 266312183.44779998
240.0 2.5 2.5 15.0 570082582.2383
240.0 5.0 2.5 15.0 100880.36339999999
240.0 7.5 2.5 15.0 328401.5994
240.0 -5.0 5.0 15.0 -4.638099999999999
240.0 -2.5 5.0 15.0 78926.4847
240.0 0.0 5.0 15.0 692525.9439
240.0 2.5 5.0 15.0 5277767.7512
240.0 5.0 5.0 15.0 69241.10040000001
240.0 7.5 5.0 15.0 394.5765
240.0 10.0 5.0 15.0 -7.5434
240.0 -5.0 -10.0 16.25 67153357.26099999
240.0 -2.5 -10.0 16.25 9999999974.0723
240.0 0.0 -10.0 16.25 9999999972.9902
240.0 2.5 -10.0 16.25 9999999951.916601
240.0 5.0 -10.0 16.25 10000000215.175201
240.0 7.5 -10.0 16.25 160107253.22550002
240.0 10.0 -10.0 16.25 2974.9548
240.0 -5.0 -7.5 16.25 460098081.0064
240.0 -2.5 -7.5 16.25 10000000148.157501
240.0 0.0 -7.5 16.25 2433402138.7269998
240.0 2.5 -7.5 16.25 246785225.5591
240.0 5.0 -7.5 16.25 9999999951.628302
240.0 7.5 -7.5 16.25 10000000059.242401
240.0 10.0 -7.5 16.25 9999999990.899101
240.0 -5.0 -5.0 16.25 276900020.8767
240.0 -2.5 -5.0 16.25 10000000049.2814
240.0 0.0 -5.0 16.25 9999999855.0743
240.0 2.5 -5.0 16.25 10000000245.250301
240.0 5.0 -5.0 16.25 9999999885.3934
240.0 7.5 -5.0 16.25 4759679136.5954
240.0 10.0 -5.0 16.25 322405575.56949997
240.0 -5.0 -2.5 16.25 9999999953.4871
240.0 -2.5 -2.5 16.25 3916936726.6685
240.0 0.0 -2.5 16.25 9999999998.2705
240.0 2.5 -2.5 16.25 10000000059.3887
240.0 5.0 -2.5 16.25 9999999804.883701
240.0 7.5 -2.5 16.25 2228971531.1685
240.0 10.0 -2.5 16.25 48983477.8125
240.0 -5.0 0.0 16.25 9999999942.629702
240.0 -2.5 0.0 16.25 9999999877.8243
240.0 0.0 0.0 16.25 5683705.2189
240.0 2.5 0.0 16.25 1710646074.7643
240.0 5.0 0.0 16.25 8571011938.6313
240.0 7.5 0.0 16.25 9999999914.5205
240.0 10.0 0.0 16.25 480730928.2369
240.0 -5.0 2.5 16.25 14453220.0253
240.0 -2.5 2.5 16.25 510821464.1515
240.0 0.0 2.5 16.25 333953867.5253
240.0 2.5 2.5 16.25 9999999992.745401
240.0 5.0 2.5 16.25 76064.0537
240.0 7.5 2.5 16.25 9999999994.240501
240.0 -5.0 5.0 16.25 266.27299999999997
240.0 -2.5 5.0 16.25 17760.39
240.0 0.0 5.0 16.25 439867.09140000003
240.0 2.5 5.0 16.25 6744704193.3619995
240.0 5.0 5.0 16.25 -1.3289000000000009
240.0 7.5 5.0 16.25 -13.3987
240.0 10.0 5.0 16.25 -6.4658
300.0 -5.0 -10.0 3.75 8132441.249
300.0 -2.5 -10.0 3.75 2451690954.1039
300.0 0.0 -10.0 3.75 10000000250.625101
300.0 2.5 -10.0 3.75 3160135814.4362
300.0 5.0 -10.0 3.75 6848416327.5414
300.0 7.5 -10.0 3.75 9999999884.059
300.0 10.0 -10.0 3.75 188188213.2445
300.0 -5.0 -7.5 3.75 4527748849.7749
300.0 -2.5 -7.5 3.75 9999999906.2742
300.0 0.0 -7.5 3.75 10000000202.1494
300.0 2.5 -7.5 3.75 9999999927.4321
300.0 5.0 -7.5 3.75 10000000296.000301
300.0 7.5 -7.5 3.75 9999999959.885801
300.0 10.0 -7.5 3.75 14170201.6608
300.0 -5.0 -5.0 3.75 9729648791.0718
300.0 -2.5 -5.0 3.75 9999999881.642101
300.0 0.0 -5.0 3.75 9999999907.7278
300.0 2.5 -5.0 3.75 9999999635.410002
300.0 5.0 -5.0 3.75 10000000108.8806
300.0 7.5 -5.0 3.75 5578447515.3771
300.0 10.0 -5.0 3.75 8717303291.9433
300.0 -5.0 -2.5 3.75 9999999941.413801
300.0 -2.5 -2.5 3.75 9999999798.968401
300.0 0.0 -2.5 3.75 10000000018.2698
300.0 2.5 -2.5 3.75 9999999547.531
300.0 5.0 -2.5 3.75 10000000083.780201
300.0 7.5 -2.5 3.75 9999999938.238401
300.0 10.0 -2.5 3.75 9748236.145000001
300.0 -5.0 0.0 3.75 10000000041.501001
300.0 -2.5 0.0 3.75 10000000074.2628
300.0 0.0 0.0 3.75 9999999766.9346
300.0 2.5 0.0 3.75 9999999872.7182
300.0 5.0 0.0 3.75 10000000082.551601
300.0 7.5 0.0 3.75 9999999900.3258
300.0 10.0 0.0 3.75 9999999996.340601
300.0 -5.0 2.5 3.75 1807117014.2257001
300.0 -2.5 2.5 3.75 9999999994.104101
300.0 0.0 2.5 3.75 9999999880.8801
300.0 2.5 2.5 3.75 9999999918.9853
300.0 5.0 2.5 3.75 9999999923.981
300.0 7.5 2.5 3.75 554314973.7052001
300.0 10.0 2.5 3.75 861625512.7935001
300.0 -5.0 5.0 3.75 9999999852.9195
300.0 -2.5 5.0 3.75 1984871093.8177
300.0 0.0 5.0 3.75 9999999976.814701
300.0 2.5 5.0 3.75 463331965.2894
300.0 5.0 5.0 3.75 9999999994.8117
300.0 7.5 5.0 3.75 171900640.8707
300.0 10.0 5.0 3.75 4936782.7384
300.0 0.0 -2.5 5.0 10000000023.4318
300.0 0.0 0.0 5.0 9999999898.9783
300.0 5.0 -7.5 6.25 10000000179.9507
300.0 0.0 -5.0 6.25 9999999945.1005
300.0 0.0 -2.5 6.25 10000000353.712801
300.0 0.0 0.0 6.25 10000000280.4892
300.0 0.0 2.5 6.25 10000000241.1802
300.0 0.0 5.0 6.25 10000000062.424002
300.0 5.0 -7.5 7.5 10000000290.007
300.0 2.5 -5.0 7.5 9999999858.359001
300.0 0.0 -2.5 7.5 9999999948.9592
300.0 2.5 -2.5 7.5 10000000077.018702
300.0 0.0 0.0 7.5 10000000020.3882
300.0 -2.5 2.5 7.5 1018361129.1494
300.0 0.0 2.5 7.5 2991662583.6027
300.0 -2.5 5.0 7.5 7887217730.7809
300.0 0.0 5.0 7.5 9999999974.796202
300.0 2.5 -10.0 8.75 9999999817.628302
300.0 5.0 -7.5 8.75 9999999749.4717
300.0 0.0 -5.0 8.75 10000000070.215101
300.0 2.5 -5.0 8.75 9999999844.078901
300.0 5.0 -5.0 8.75 3210984815.3172
300.0 0.0 -2.5 8.75 9999999883.794802
300.0 2.5 -2.5 8.75 10000000261.9556
300.0 0.0 0.0 8.75 10000000455.0104
300.0 2.5 0.0 8.75 10000000053.7982
300.0 0.0 2.5 8.75 6892610768.664901
300.0 2.5 2.5 8.75 10000000281.179401
300.0 -2.5 5.0 8.75 4504551182.0379
300.0 0.0 5.0 8.75 10000000086.5835
300.0 2.5 5.0 8.75 75664335.6361
300.0 2.5 -10.0 10.0 10000000020.8596
300.0 2.5 -7.5 10.0 9999999686.229502
300.0 5.0 -7.5 10.0 9999999951.9353
300.0 7.5 -7.5 10.0 90728437.3142
300.0 0.0 -5.0 10.0 10000000084.452702
300.0 2.5 -5.0 10.0 10000000411.864601
300.0 5.0 -5.0 10.0 9999999980.5673
300.0 0.0 -2.5 10.0 10000000199.348501
300.0 2.5 -2.5 10.0 9999999662.7108
300.0 -5.0 0.0 10.0 10000000043.423
300.0 -2.5 0.0 10.0 10000000269.129702
300.0 0.0 0.0 10.0 10000000226.515902
300.0 2.5 0.0 10.0 10000000063.6763
300.0 5.0 0.0 10.0 10000000004.806301
300.0 -2.5 2.5 10.0 9999999806.282902
300.0 0.0 2.5 10.0 10000000011.9911
300.0 2.5 2.5 10.0 9999999681.7313
300.0 5.0 2.5 10.0 222594247.5654
300.0 -2.5 5.0 10.0 8554223116.0175
300.0 0.0 5.0 10.0 9999999906.483501
300.0 2.5 5.0 10.0 723625384.3418
300.0 2.5 -10.0 11.25 8779558021.936201
300.0 5.0 -10.0 11.25 10000000012.8871
300.0 7.5 -10.0 11.25 18477468.829699997
300.0 10.0 -10.0 11.25 35421238.140499994
300.0 2.5 -7.5 11.25 9999999866.3651
300.0 5.0 -7.5 11.25 9999999988.4577
300.0 0.0 -5.0 11.25 10000000102.5202
300.0 2.5 -5.0 11.25 9999999998.744001
300.0 5.0 -5.0 11.25 10000000035.984901
300.0 -2.5 -2.5 11.25 2043822446.6248
300.0 0.0 -2.5 11.25 10000000044.234901
300.0 2.5 -2.5 11.25 10000000096.146301
300.0 -5.0 0.0 11.25 10000000565.51
300.0 -2.5 0.0 11.25 3787860245.8724
300.0 0.0 0.0 11.25 3503507276.9481997
300.0 2.5 0.0 11.25 9999999919.0925
300.0 -2.5 2.5 11.25 10000000219.8418
300.0 0.0 2.5 11.25 10000000105.912802
300.0 2.5 2.5 11.25 9999999902.5056
300.0 5.0 2.5 11.25 5161577118.025101
300.0 -2.5 5.0 11.25 64349607.575100005
300.0 0.0 5.0 11.25 454751378.7282
300.0 2.5 5.0 11.25 298937481.3658
300.0 7.5 5.0 11.25 4323.256200000001
300.0 -5.0 -10.0 12.5 582511.1745000001
300.0 2.5 -10.0 12.5 9999999990.5676
300.0 5.0 -10.0 12.5 9999999887.324701
300.0 7.5 -10.0 12.5 10000000014.220901
300.0 10.0 -10.0 12.5 190880445.8216
300.0 2.5 -7.5 12.5 10000000002.3166
300.0 5.0 -7.5 12.5 10000000101.5568
300.0 7.5 -7.5 12.5 9999999970.686401
300.0 -5.0 -5.0 12.5 9999999942.0186
300.0 -2.5 -5.0 12.5 9999999927.151701
300.0 0.0 -5.0 12.5 10000000190.584301
300.0 2.5 -5.0 12.5 10000000092.942902
300.0 5.0 -5.0 12.5 9999999951.302101
300.0 -5.0 -2.5 12.5 9999999998.3479
300.0 -2.5 -2.5 12.5 3601326158.6244
300.0 0.0 -2.5 12.5 10000000099.4396
300.0 2.5 -2.5 12.5 10000000149.9388
300.0 -5.0 0.0 12.5 4827392775.2456
300.0 -2.5 0.0 12.5 1390780849.3165
300.0 0.0 0.0 12.5 10000000093.533602
300.0 2.5 0.0 12.5 1227077168.4705
300.0 5.0 0.0 12.5 10000000014.926
300.0 -2.5 2.5 12.5 9999999889.2516
300.0 0.0 2.5 12.5 10000000193.451
300.0 2.5 2.5 12.5 10000000129.654501
300.0 5.0 2.5 12.5 10000000029.0401
300.0 7.5 2.5 12.5 149861083.2375
300.0 10.0 2.5 12.5 49.0442
300.0 -2.5 5.0 12.5 10000000058.2297
300.0 0.0 5.0 12.5 2476285703.4899
300.0 2.5 5.0 12.5 21754.004
300.0 5.0 5.0 12.5 21904824.5721
300.0 7.5 5.0 12.5 2294.6839999999997
300.0 10.0 5.0 12.5 -2.3356
300.0 0.0 -10.0 13.75 9999999833.358301
300.0 2.5 -10.0 13.75 10000000179.0344
300.0 5.0 -10.0 13.75 53976016.6247
300.0 7.5 -10.0 13.75 9999999993.9799
300.0 10.0 -10.0 13.75 121637311.053
300.0 -5.0 -7.5 13.75 1066509148.8925
300.0 -2.5 -7.5 13.75 591726.4422
300.0 2.5 -7.5 13.75 10000000014.320002
300.0 5.0 -7.5 13.75 9999999896.6231
300.0 7.5 -7.5 13.75 5204533350.158
300.0 10.0 -7.5 13.75 10997642.9209
300.0 -5.0 -5.0 13.75 1663001823.972
300.0 -2.5 -5.0 13.75 4429031627.6679
300.0 0.0 -5.0 13.75 9999999882.506401
300.0 2.5 -5.0 13.75 9999999752.9069
300.0 5.0 -5.0 13.75 9999999874.0275
300.0 -5.0 -2.5 13.75 10000000053.4377
300.0 -2.5 -2.5 13.75 9999999857.2334
300.0 0.0 -2.5 13.75 9083523433.3153
300.0 2.5 -2.5 13.75 9999999998.2031
300.0 5.0 -2.5 13.75 1023842206.9352
300.0 -5.0 0.0 13.75 951121722.7509999
300.0 -2.5 0.0 13.75 9999999898.8803
300.0 0.0 0.0 13.75 9999999928.8174
300.0 2.5 0.0 13.75 10000000083.6464
300.0 5.0 0.0 13.75 10000000026.5828
300.0 7.5 0.0 13.75 1010433575.4613
300.0 -2.5 2.5 13.75 9999999979.7551
300.0 0.0 2.5 13.75 10000000109.518501
300.0 2.5 2.5 13.75 74968248.03109999
300.0 5.0 2.5 13.75 10000000045.0034
300.0 7.5 2.5 13.75 10000000057.0729
300.0 10.0 2.5 13.75 429.4759
300.0 -2.5 5.0 13.75 501080418.5728
300.0 0.0 5.0 13.75 1968754971.7543
300.0 2.5 5.0 13.75 7998110.4006
300.0 5.0 5.0 13.75 57111862.3152
300.0 7.5 5.0 13.75 5086.328
300.0 10.0 5.0 13.75 13.8529
300.0 -5.0 -10.0 15.0 4731.3953
300.0 -2.5 -10.0 15.0 697133421.1459
300.0 0.0 -10.0 15.0 659371307.0159
300.0 2.5 -10.0 15.0 2077690673.7340999
300.0 5.0 -10.0 15.0 322200782.98829997
300.0 7.5 -10.0 15.0 9999999886.7247
300.0 10.0 -10.0 15.0 245018.3683
300.0 -5.0 -7.5 15.0 53781942.2486
300.0 -2.5 -7.5 15.0 9999999881.215601
300.0 0.0 -7.5 15.0 9999999991.3129
300.0 2.5 -7.5 15.0 10000000029.4587
300.0 5.0 -7.5 15.0 4859674652.2958
300.0 7.5 -7.5 15.0 10000000022.0366
300.0 10.0 -7.5 15.0 108460147.827
300.0 -5.0 -5.0 15.0 1134287.5304999999
300.0 -2.5 -5.0 15.0 447586398.18729997
300.0 0.0 -5.0 15.0 9999999896.2059
300.0 2.5 -5.0 15.0 10000000042.2632
300.0 5.0 -5.0 15.0 2446634244.7611
300.0 7.5 -5.0 15.0 176897721.6738
300.0 10.0 -5.0 15.0 194800.9187
300.0 -5.0 -2.5 15.0 1830104377.4368
300.0 -2.5 -2.5 15.0 9999999946.4136
300.0 0.0 -2.5 15.0 354013667.8167
300.0 2.5 -2.5 15.0 4912636845.9418
300.0 5.0 -2.5 15.0 2448464864.5747
300.0 10.0 -2.5 15.0 66827769.7923
300.0 -5.0 0.0 15.0 10000000065.523901
300.0 -2.5 0.0 15.0 1733825780.8463
300.0 0.0 0.0 15.0 10000000114.8703
300.0 2.5 0.0 15.0 10000000297.917702
300.0 5.0 0.0 15.0 10000000077.012001
300.0 7.5 0.0 15.0 10000000039.324902
300.0 -5.0 2.5 15.0 20560696.049900003
300.0 -2.5 2.5 15.0 9999999886.703001
300.0 0.0 2.5 15.0 3830071898.7498
300.0 2.5 2.5 15.0 847309955.9147
300.0 5.0 2.5 15.0 634487348.8908
300.0 7.5 2.5 15.0 2113959878.3126
300.0 10.0 2.5 15.0 130957.5552
300.0 -2.5 5.0 15.0 2652228610.6547
300.0 0.0 5.0 15.0 14048842.7903
300.0 2.5 5.0 15.0 241772.6681
300.0 5.0 5.0 15.0 58375318.21
300.0 7.5 5.0 15.0 10000000008.351702
300.0 10.0 5.0 15.0 190.52970000000002
300.0 -5.0 -10.0 16.25 1595.9787999999999
300.0 -2.5 -10.0 16.25 4282335892.1555
300.0 0.0 -10.0 16.25 2203532212.9934
300.0 2.5 -10.0 16.25 5050428706.6102
300.0 5.0 -10.0 16.25 16109903.9868
300.0 7.5 -10.0 16.25 5807029012.406401
300.0 10.0 -10.0 16.25 347675.9161
300.0 -5.0 -7.5 16.25 208.40009999999998
300.0 -2.5 -7.5 16.25 9999999997.6375
300.0 0.0 -7.5 16.25 10000000219.1791
300.0 2.5 -7.5 16.25 10000000023.277102
300.0 5.0 -7.5 16.25 6005302664.052
300.0 7.5 -7.5 16.25 158827889.1248
300.0 10.0 -7.5 16.25 122369355.3931
300.0 -5.0 -5.0 16.25 83593.2739
300.0 -2.5 -5.0 16.25 9999999835.8497
300.0 0.0 -5.0 16.25 10000000006.151201
300.0 2.5 -5.0 16.25 9999999700.192001
300.0 5.0 -5.0 16.25 9999999962.624102
300.0 7.5 -5.0 16.25 376179682.8175
300.0 10.0 -5.0 16.25 9999999996.3859
300.0 -5.0 -2.5 16.25 9999999997.388401
300.0 -2.5 -2.5 16.25 3019274099.6645
300.0 0.0 -2.5 16.25 9999999980.099602
300.0 2.5 -2.5 16.25 10000000004.378302
300.0 5.0 -2.5 16.25 5726912247.2946005
300.0 7.5 -2.5 16.25 9999999964.779701
300.0 10.0 -2.5 16.25 34463608.6603
300.0 -5.0 0.0 16.25 9999999982.5121
300.0 -2.5 0.0 16.25 39886353.176199995
300.0 0.0 0.0 16.25 10000000020.6919
300.0 2.5 0.0 16.25 9999999874.015001
300.0 5.0 0.0 16.25 6149330061.4072
300.0 7.5 0.0 16.25 10000000034.650002
300.0 -5.0 2.5 16.25 2311883249.4896
300.0 -2.5 2.5 16.25 635882208.6927
300.0 0.0 2.5 16.25 3319981690.7544003
300.0 2.5 2.5 16.25 22754419.362800002
300.0 5.0 2.5 16.25 9354199053.1493
300.0 7.5 2.5 16.25 83421084.0608
300.0 10.0 2.5 16.25 23527920.5412
300.0 -5.0 5.0 16.25 1023382508.1572
300.0 -2.5 5.0 16.25 325116365.5152
300.0 0.0 5.0 16.25 829190.6656000001
300.0 2.5 5.0 16.25 1552908.4935
300.0 5.0 5.0 16.25 808077350.0049
300.0 7.5 5.0 16.25 38823160.2536
300.0 10.0 5.0 16.25 1629.3752
