0.0 -2.5 -7.5 10.0 9999999960.863201
0.0 -2.5 -5.0 10.0 10000000101.1383
0.0 -2.5 -2.5 10.0 1646139115.028
0.0 0.0 0.0 10.0 39909987.1213
0.0 -2.5 2.5 10.0 791905759.9663
0.0 -5.0 5.0 10.0 9999999328.2478
0.0 -2.5 -7.5 11.25 1743626689.4347
0.0 0.0 -7.5 11.25 2020134085.6376
0.0 -5.0 -5.0 11.25 28490392.114299998
0.0 -2.5 -5.0 11.25 10000000196.9444
0.0 0.0 -5.0 11.25 10000000078.146301
0.0 -2.5 -2.5 11.25 9999999998.559
0.0 2.5 -2.5 11.25 10000000067.8476
0.0 5.0 -2.5 11.25 1764584739.4264002
0.0 -2.5 0.0 11.25 960358427.7226
0.0 0.0 0.0 11.25 9999999965.498001
0.0 -5.0 2.5 11.25 6363754.0397
0.0 -2.5 2.5 11.25 100741140.5333
0.0 0.0 2.5 11.25 1155123266.0395
0.0 -5.0 5.0 11.25 7796039.518300001
0.0 -2.5 5.0 11.25 399255.0309
0.0 0.0 -10.0 12.5 9999999995.655602
0.0 2.5 -10.0 12.5 9999999959.8775
0.0 -2.5 -7.5 12.5 7017362.0084999995
0.0 0.0 -7.5 12.5 4781904835.5599
0.0 -5.0 -5.0 12.5 1775502764.1956
0.0 -2.5 -5.0 12.5 9999999876.2015
0.0 0.0 -5.0 12.5 4382241942.5342
0.0 2.5 -5.0 12.5 9999999989.7499
0.0 -2.5 -2.5 12.5 9999999829.0484
0.0 0.0 -2.5 12.5 9999999938.3299
0.0 2.5 -2.5 12.5 64873393.1843
0.0 5.0 -2.5 12.5 9999999945.758701
0.0 -2.5 0.0 12.5 9999999989.033201
0.0 0.0 0.0 12.5 40328.3252
0.0 -5.0 2.5 12.5 59279.7582
0.0 -2.5 2.5 12.5 14948304.1639
0.0 0.0 2.5 12.5 10000000409.250101
0.0 -5.0 5.0 12.5 15840.4733
0.0 -2.5 5.0 12.5 153.6241
0.0 0.0 5.0 12.5 1081960883.3885002
0.0 0.0 -10.0 13.75 63990028.2583
0.0 2.5 -10.0 13.75 9999999986.919102
0.0 -5.0 -7.5 13.75 74376.80260000001
0.0 -2.5 -7.5 13.75 13338239.049999999
0.0 0.0 -7.5 13.75 999482124.2275
0.0 5.0 -7.5 13.75 9999999983.760801
0.0 -5.0 -5.0 13.75 37011816.181
0.0 -2.5 -5.0 13.75 10000000088.503101
0.0 0.0 -5.0 13.75 3593289.0543
0.0 2.5 -5.0 13.75 5484945586.687
0.0 -5.0 -2.5 13.75 15255.289200000001
0.0 -2.5 -2.5 13.75 10000000031.875301
0.0 0.0 -2.5 13.75 18062845.4847
0.0 2.5 -2.5 13.75 37051569.188599996
0.0 5.0 -2.5 13.75 9999999961.881
0.0 7.5 -2.5 13.75 110457278.9628
0.0 -5.0 0.0 13.75 1254774.6083999998
0.0 -2.5 0.0 13.75 61790831.2077
0.0 0.0 0.0 13.75 8379.4925
0.0 2.5 0.0 13.75 10000000017.3638
0.0 10.0 0.0 13.75 45266544.8802
0.0 -5.0 2.5 13.75 752.7022000000001
0.0 -2.5 2.5 13.75 729216.907
0.0 0.0 2.5 13.75 987242.0996
0.0 -5.0 5.0 13.75 -15.8737
0.0 -2.5 5.0 13.75 -29.6164
0.0 0.0 5.0 13.75 1691158967.469
0.0 -5.0 -10.0 15.0 320.245
0.0 -2.5 -10.0 15.0 6054.0091999999995
0.0 0.0 -10.0 15.0 1818073.8525
0.0 2.5 -10.0 15.0 1186394730.8125
0.0 5.0 -10.0 15.0 1568837.3757
0.0 7.5 -10.0 15.0 293251721.6841
0.0 10.0 -10.0 15.0 8.282299999999998
0.0 -5.0 -7.5 15.0 44.0061
0.0 -2.5 -7.5 15.0 177.73090000000002
0.0 0.0 -7.5 15.0 25749.249900000003
0.0 2.5 -7.5 15.0 9999999969.289902
0.0 5.0 -7.5 15.0 488416815.0354
0.0 10.0 -7.5 15.0 1579.1445999999999
0.0 -5.0 -5.0 15.0 820.3198000000001
0.0 -2.5 -5.0 15.0 147500.2862
0.0 0.0 -5.0 15.0 151830.4491
0.0 2.5 -5.0 15.0 1822529.2992
0.0 5.0 -5.0 15.0 10000000011.255001
0.0 7.5 -5.0 15.0 20859418.849600002
0.0 -5.0 -2.5 15.0 134.06380000000001
0.0 -2.5 -2.5 15.0 4144.7027
0.0 0.0 -2.5 15.0 378487.9431
0.0 2.5 -2.5 15.0 1912.6497
0.0 5.0 -2.5 15.0 10000000099.8346
0.0 7.5 -2.5 15.0 567258706.1889
0.0 10.0 -2.5 15.0 9999999963.6327
0.0 -5.0 0.0 15.0 11231366.6897
0.0 -2.5 0.0 15.0 42187372.2183
0.0 0.0 0.0 15.0 162.6088
0.0 2.5 0.0 15.0 288013.8195
0.0 5.0 0.0 15.0 7417826.648
0.0 7.5 0.0 15.0 10000000001.634401
0.0 10.0 0.0 15.0 1313567531.4902
0.0 -5.0 2.5 15.0 6.1571
0.0 -2.5 2.5 15.0 91493.7781
0.0 0.0 2.5 15.0 2758319.7239
0.0 2.5 2.5 15.0 30093631.2386
0.0 5.0 2.5 15.0 499603.803
0.0 7.5 2.5 15.0 8968.1751
0.0 -5.0 5.0 15.0 -12.6647
0.0 -2.5 5.0 15.0 -19.2104
0.0 0.0 5.0 15.0 2572527.6668000002
0.0 2.5 5.0 15.0 852835175.8477
0.0 10.0 5.0 15.0 4.2339
0.0 -5.0 -10.0 16.25 2.0258
0.0 -2.5 -10.0 16.25 -9.5959
0.0 0.0 -10.0 16.25 468864.1968
0.0 2.5 -10.0 16.25 14689.7135
0.0 5.0 -10.0 16.25 162.7919
0.0 7.5 -10.0 16.25 22.4787
0.0 10.0 -10.0 16.25 8.4797
0.0 -5.0 -7.5 16.25 19.3564
0.0 -2.5 -7.5 16.25 1.744200000000001
0.0 0.0 -7.5 16.25 507.8477
0.0 2.5 -7.5 16.25 13888.2975
0.0 5.0 -7.5 16.25 2152447.6448999997
0.0 7.5 -7.5 16.25 146.45899999999997
0.0 10.0 -7.5 16.25 22.2081
0.0 -5.0 -5.0 16.25 32.3678
0.0 -2.5 -5.0 16.25 53.4226
0.0 0.0 -5.0 16.25 284.6453
0.0 2.5 -5.0 16.25 31624.9163
0.0 5.0 -5.0 16.25 18228312.0006
0.0 7.5 -5.0 16.25 36355.3884
0.0 10.0 -5.0 16.25 9060.4575
0.0 -5.0 -2.5 16.25 29.227500000000003
0.0 -2.5 -2.5 16.25 23.2802
0.0 0.0 -2.5 16.25 99.1146
0.0 2.5 -2.5 16.25 35.769
0.0 5.0 -2.5 16.25 784674.9186999999
0.0 7.5 -2.5 16.25 90232.5248
0.0 10.0 -2.5 16.25 61756.7425
0.0 -5.0 0.0 16.25 166.83550000000002
0.0 -2.5 0.0 16.25 489.379
0.0 0.0 0.0 16.25 16.4485
0.0 2.5 0.0 16.25 76.00009999999999
0.0 5.0 0.0 16.25 4960.4361
0.0 7.5 0.0 16.25 45796.7276
0.0 10.0 0.0 16.25 642708.1649
0.0 -5.0 2.5 16.25 2.0927000000000002
0.0 -2.5 2.5 16.25 17.5915
0.0 0.0 2.5 16.25 773.9818
0.0 2.5 2.5 16.25 741.1191
0.0 5.0 2.5 16.25 417.94419999999997
0.0 7.5 2.5 16.25 4.6105
0.0 10.0 2.5 16.25 8.434
0.0 -5.0 5.0 16.25 -5.5273
0.0 -2.5 5.0 16.25 -7.9848
0.0 0.0 5.0 16.25 6872.0078
0.0 2.5 5.0 16.25 10624.3546
0.0 5.0 5.0 16.25 72.8209
0.0 7.5 5.0 16.25 1.6002
0.0 10.0 5.0 16.25 3.9144
60.0 -5.0 -10.0 3.75 10000000279.127401
60.0 -2.5 -10.0 3.75 9999999946.0809
60.0 0.0 -10.0 3.75 10000000380.3607
60.0 2.5 -10.0 3.75 10000000022.7507
60.0 5.0 -10.0 3.75 9999999974.679602
60.0 7.5 -10.0 3.75 10000000129.433601
60.0 10.0 -10.0 3.75 10000000140.7896
60.0 -5.0 -7.5 3.75 10000000219.034601
60.0 -2.5 -7.5 3.75 10000000044.410501
60.0 0.0 -7.5 3.75 9999999819.6748
60.0 2.5 -7.5 3.75 10000000214.337502
60.0 5.0 -7.5 3.75 9999999962.8665
60.0 7.5 -7.5 3.75 10000000098.523201
60.0 10.0 -7.5 3.75 10000000072.407902
60.0 -5.0 -5.0 3.75 9999999939.2336
60.0 -2.5 -5.0 3.75 9999999891.6278
60.0 0.0 -5.0 3.75 9999999981.534801
60.0 2.5 -5.0 3.75 9999999314.1641
60.0 5.0 -5.0 3.75 9999999993.9097
60.0 7.5 -5.0 3.75 10000000024.504501
60.0 10.0 -5.0 3.75 9999999983.721
60.0 -5.0 -2.5 3.75 10000000105.3216
60.0 -2.5 -2.5 3.75 10000000158.5503
60.0 0.0 -2.5 3.75 10000000057.4899
60.0 2.5 -2.5 3.75 10000000068.9146
60.0 5.0 -2.5 3.75 4260737999.9184
60.0 7.5 -2.5 3.75 9999999895.6
60.0 10.0 -2.5 3.75 9999999860.674301
60.0 -5.0 0.0 3.75 9999999991.0933
60.0 -2.5 0.0 3.75 1080046711.4208
60.0 0.0 0.0 3.75 9999999902.725302
60.0 2.5 0.0 3.75 10000000021.212301
60.0 5.0 0.0 3.75 9999999966.9269
60.0 7.5 0.0 3.75 9999999926.845402
60.0 10.0 0.0 3.75 890671354.3233
60.0 -5.0 2.5 3.75 894004629.5059
60.0 -2.5 2.5 3.75 10000000010.5902
60.0 0.0 2.5 3.75 10000000059.5921
60.0 2.5 2.5 3.75 9999999959.204
60.0 5.0 2.5 3.75 9999999968.212101
60.0 7.5 2.5 3.75 9999999965.129501
60.0 10.0 2.5 3.75 9999999919.890902
60.0 -5.0 5.0 3.75 123925019.8843
60.0 -2.5 5.0 3.75 9999999835.4043
60.0 0.0 5.0 3.75 1834502903.1794
60.0 2.5 5.0 3.75 9523280.7981
60.0 5.0 5.0 3.75 87442049.2981
60.0 7.5 5.0 3.75 9999999976.7129
60.0 10.0 5.0 3.75 2220033924.2025
60.0 2.5 5.0 10.0 93.7719
60.0 2.5 -10.0 11.25 9999999724.282001
60.0 7.5 -10.0 11.25 10000000138.006401
60.0 5.0 -7.5 11.25 9999999824.281801
60.0 -2.5 2.5 11.25 15934613.032399999
60.0 0.0 2.5 11.25 56224.66
60.0 2.5 2.5 11.25 8020.7962
60.0 5.0 2.5 11.25 1222.3174999999999
60.0 7.5 2.5 11.25 23610678.1082
60.0 -2.5 5.0 11.25 4.2551
60.0 0.0 5.0 11.25 -6.613300000000001
60.0 2.5 5.0 11.25 -5.419
60.0 5.0 5.0 11.25 608.3419
60.0 0.0 -10.0 12.5 172776.1106
60.0 2.5 -10.0 12.5 1844395150.51
60.0 5.0 -10.0 12.5 10000000090.654001
60.0 7.5 -10.0 12.5 246861116.25169998
60.0 0.0 -5.0 12.5 9194061.1025
60.0 0.0 2.5 12.5 4270.7775
60.0 2.5 2.5 12.5 338.05
60.0 5.0 2.5 12.5 195209.46730000002
60.0 7.5 2.5 12.5 23250414.272800002
60.0 10.0 2.5 12.5 112919535.67529999
60.0 0.0 5.0 12.5 -1.8101
60.0 2.5 5.0 12.5 0.17149999999999999
60.0 5.0 5.0 12.5 4.526599999999999
60.0 7.5 5.0 12.5 1238.7646
60.0 10.0 5.0 12.5 56078590.3894
60.0 0.0 -10.0 13.75 3622099.9206
60.0 2.5 -10.0 13.75 59522225.3838
60.0 5.0 -10.0 13.75 1903406015.0806
60.0 7.5 -10.0 13.75 2454195289.0495
60.0 10.0 -10.0 13.75 9999999932.723902
60.0 -5.0 -7.5 13.75 1190641581.9861
60.0 2.5 -7.5 13.75 149483.2371
60.0 5.0 -7.5 13.75 10000000120.897701
60.0 7.5 -7.5 13.75 10000000108.6182
60.0 10.0 -7.5 13.75 1472254669.3099
60.0 -2.5 -5.0 13.75 13329.4372
60.0 0.0 -5.0 13.75 172985245.5561
60.0 5.0 -5.0 13.75 10000000015.1152
60.0 10.0 -5.0 13.75 10000000063.512001
60.0 -5.0 -2.5 13.75 23.7898
60.0 -2.5 -2.5 13.75 12015.9515
60.0 0.0 -2.5 13.75 27184929.0641
60.0 0.0 0.0 13.75 7318440.7546
60.0 2.5 0.0 13.75 306190.8189
60.0 -2.5 2.5 13.75 15013.7728
60.0 0.0 2.5 13.75 9090.2897
60.0 2.5 2.5 13.75 978.8404
60.0 5.0 2.5 13.75 781.844
60.0 7.5 2.5 13.75 9369695.958600001
60.0 10.0 2.5 13.75 1069247171.0808
60.0 0.0 5.0 13.75 1.4246999999999999
60.0 2.5 5.0 13.75 2.3084999999999996
60.0 5.0 5.0 13.75 4.469899999999999
60.0 7.5 5.0 13.75 317.6628
60.0 10.0 5.0 13.75 10000000019.858002
60.0 -5.0 -10.0 15.0 937.9055
60.0 -2.5 -10.0 15.0 27.9321
60.0 0.0 -10.0 15.0 4469.2681999999995
60.0 2.5 -10.0 15.0 195.255
60.0 5.0 -10.0 15.0 9919877012.1807
60.0 7.5 -10.0 15.0 727835448.3015
60.0 10.0 -10.0 15.0 845767.4574000001
60.0 -5.0 -7.5 15.0 9999999992.8843
60.0 -2.5 -7.5 15.0 43544.215200000006
60.0 0.0 -7.5 15.0 195404.4595
60.0 2.5 -7.5 15.0 251.0192
60.0 5.0 -7.5 15.0 2908133.3416
60.0 7.5 -7.5 15.0 203790.1028
60.0 10.0 -7.5 15.0 50679885.6979
60.0 -5.0 -5.0 15.0 268600.464
60.0 -2.5 -5.0 15.0 443.7867
60.0 0.0 -5.0 15.0 411087469.63350004
60.0 2.5 -5.0 15.0 36512.6015
60.0 5.0 -5.0 15.0 343414.2455
60.0 7.5 -5.0 15.0 611754.698
60.0 10.0 -5.0 15.0 9999999953.610401
60.0 -5.0 -2.5 15.0 -5.9389
60.0 -2.5 -2.5 15.0 1283.7339000000002
60.0 0.0 -2.5 15.0 59370457.997999996
60.0 2.5 -2.5 15.0 16456.3753
60.0 10.0 -2.5 15.0 2189278901.5323997
60.0 -2.5 0.0 15.0 2476.4168
60.0 0.0 0.0 15.0 410036563.389
60.0 2.5 0.0 15.0 24428.9878
60.0 7.5 0.0 15.0 32336.665299999997
60.0 -5.0 2.5 15.0 -6.2076
60.0 -2.5 2.5 15.0 122.3775
60.0 0.0 2.5 15.0 2841.9899
60.0 2.5 2.5 15.0 107.0702
60.0 5.0 2.5 15.0 8.020199999999999
60.0 7.5 2.5 15.0 10575.4993
60.0 10.0 2.5 15.0 153466649.3663
60.0 -2.5 5.0 15.0 -0.778
60.0 0.0 5.0 15.0 1.4741
60.0 2.5 5.0 15.0 2.7534
60.0 5.0 5.0 15.0 4.575900000000001
60.0 7.5 5.0 15.0 19.0856
60.0 10.0 5.0 15.0 1201387.5826
60.0 -5.0 -10.0 16.25 25.923299999999998
60.0 -2.5 -10.0 16.25 21.381899999999998
60.0 0.0 -10.0 16.25 19.997
60.0 2.5 -10.0 16.25 10.466700000000001
60.0 5.0 -10.0 16.25 2059.2898
60.0 7.5 -10.0 16.25 8836.849900000001
60.0 10.0 -10.0 16.25 9904.5534
60.0 -5.0 -7.5 16.25 4182.041
60.0 -2.5 -7.5 16.25 27.2741
60.0 0.0 -7.5 16.25 53.11879999999999
60.0 2.5 -7.5 16.25 23.3727
60.0 5.0 -7.5 16.25 11160.9099
60.0 7.5 -7.5 16.25 91.938
60.0 10.0 -7.5 16.25 268601.18340000004
60.0 -5.0 -5.0 16.25 25.1957
60.0 -2.5 -5.0 16.25 37.8198
60.0 0.0 -5.0 16.25 25191.6529
60.0 2.5 -5.0 16.25 67.4896
60.0 5.0 -5.0 16.25 137.5991
60.0 7.5 -5.0 16.25 122.547
60.0 10.0 -5.0 16.25 163130030.72419998
60.0 -5.0 -2.5 16.25 -2.2953
60.0 -2.5 -2.5 16.25 63.1938
60.0 0.0 -2.5 16.25 31449.8653
60.0 2.5 -2.5 16.25 125.495
60.0 5.0 -2.5 16.25 93529.88
60.0 7.5 -2.5 16.25 247.5837
60.0 10.0 -2.5 16.25 10000000047.8087
60.0 -5.0 0.0 16.25 -5.8887
60.0 -2.5 0.0 16.25 32.985
60.0 0.0 0.0 16.25 152708.0202
60.0 2.5 0.0 16.25 172.4531
60.0 5.0 0.0 16.25 12920.1935
60.0 7.5 0.0 16.25 185.5614
60.0 10.0 0.0 16.25 53813.442899999995
60.0 -5.0 2.5 16.25 -3.415
60.0 -2.5 2.5 16.25 -1.0957
60.0 0.0 2.5 16.25 159.2844
60.0 2.5 2.5 16.25 1.7986000000000004
60.0 5.0 2.5 16.25 2.5802
60.0 7.5 2.5 16.25 73.5203
60.0 10.0 2.5 16.25 36097.255000000005
60.0 -5.0 5.0 16.25 -0.7479
60.0 -2.5 5.0 16.25 0.4615999999999999
60.0 0.0 5.0 16.25 1.9510999999999998
60.0 2.5 5.0 16.25 2.7068000000000003
60.0 5.0 5.0 16.25 3.6807000000000003
60.0 7.5 5.0 16.25 3.1782000000000004
60.0 10.0 5.0 16.25 645.3736
120.0 -5.0 -10.0 3.75 9999999933.6622
120.0 -2.5 -10.0 3.75 10000000038.743502
120.0 0.0 -10.0 3.75 9999999729.336102
120.0 2.5 -10.0 3.75 9999999933.6814
120.0 5.0 -10.0 3.75 9999999975.0158
120.0 7.5 -10.0 3.75 9999999819.961102
120.0 10.0 -10.0 3.75 9999999836.483501
120.0 -5.0 -7.5 3.75 226725961.86870003
120.0 -2.5 -7.5 3.75 9999999946.4382
120.0 0.0 -7.5 3.75 10000000160.4323
120.0 2.5 -7.5 3.75 9999999964.0746
120.0 5.0 -7.5 3.75 9999999712.1067
120.0 7.5 -7.5 3.75 7742478543.3139
120.0 10.0 -7.5 3.75 9999999818.3504
120.0 -5.0 -5.0 3.75 10000000030.7073
120.0 -2.5 -5.0 3.75 10000000155.197
120.0 0.0 -5.0 3.75 9999999582.736502
120.0 2.5 -5.0 3.75 9999999937.233301
120.0 5.0 -5.0 3.75 9999999971.230902
120.0 7.5 -5.0 3.75 5174066681.1546
120.0 10.0 -5.0 3.75 10000000243.4923
120.0 -5.0 -2.5 3.75 10000000001.277
120.0 -2.5 -2.5 3.75 10000000124.7877
120.0 0.0 -2.5 3.75 2445583653.3723
120.0 2.5 -2.5 3.75 9999999985.088202
120.0 5.0 -2.5 3.75 9999999919.515001
120.0 7.5 -2.5 3.75 10000000214.428701
120.0 10.0 -2.5 3.75 10000000008.2017
120.0 -5.0 0.0 3.75 198442262.2507
120.0 -2.5 0.0 3.75 9999999954.0545
120.0 0.0 0.0 3.75 9649149648.121199
120.0 2.5 0.0 3.75 10000000125.007301
120.0 5.0 0.0 3.75 10000000092.225601
120.0 7.5 0.0 3.75 10000000179.2003
120.0 10.0 0.0 3.75 10000000069.1776
120.0 -5.0 2.5 3.75 27346.008599999997
120.0 -2.5 2.5 3.75 4877491764.0325
120.0 0.0 2.5 3.75 9999999958.2192
120.0 2.5 2.5 3.75 10000000147.6863
120.0 5.0 2.5 3.75 10000000020.037802
120.0 7.5 2.5 3.75 9999999957.2849
120.0 10.0 2.5 3.75 9999999969.5639
120.0 -5.0 5.0 3.75 303324.88790000003
120.0 -2.5 5.0 3.75 2930311.9672
120.0 0.0 5.0 3.75 10000000004.832201
120.0 2.5 5.0 3.75 36981666.2029
120.0 5.0 5.0 3.75 9999999939.3469
120.0 7.5 5.0 3.75 169930845.37030002
120.0 10.0 5.0 3.75 10000000022.3539
120.0 2.5 2.5 7.5 54168666.5943
120.0 2.5 5.0 7.5 2755393067.285
120.0 2.5 -2.5 8.75 10000000168.201801
120.0 0.0 2.5 8.75 9999999514.7098
120.0 2.5 2.5 8.75 1308935750.4719
120.0 2.5 5.0 8.75 6744091567.238501
120.0 2.5 -2.5 10.0 10000000259.6093
120.0 0.0 0.0 10.0 10000000002.8889
120.0 2.5 0.0 10.0 9999999617.482302
120.0 5.0 0.0 10.0 10000000013.6018
120.0 0.0 2.5 10.0 31456508.4802
120.0 2.5 2.5 10.0 45541101.4555
120.0 5.0 2.5 10.0 5615597125.4808
120.0 0.0 5.0 10.0 3105229051.1069
120.0 2.5 5.0 10.0 5281586763.6221
120.0 2.5 -5.0 11.25 5568306731.3488
120.0 5.0 -5.0 11.25 191667487.7523
120.0 2.5 -2.5 11.25 9999999906.180101
120.0 5.0 -2.5 11.25 10000000129.8563
120.0 7.5 -2.5 11.25 10000000063.073301
120.0 0.0 0.0 11.25 109875422.44229999
120.0 2.5 0.0 11.25 113635545.0388
120.0 5.0 0.0 11.25 10000000160.2611
120.0 7.5 0.0 11.25 2601042151.1098
120.0 0.0 2.5 11.25 573750615.5088
120.0 2.5 2.5 11.25 8814263.8074
120.0 5.0 2.5 11.25 1350042.5073
120.0 0.0 5.0 11.25 7677.8769
120.0 2.5 5.0 11.25 16704328.2098
120.0 2.5 -10.0 12.5 9999999902.518702
120.0 2.5 -5.0 12.5 1027930333.6814001
120.0 5.0 -5.0 12.5 10000000025.4213
120.0 -2.5 -2.5 12.5 248.73020000000002
120.0 0.0 -2.5 12.5 54358.2992
120.0 2.5 -2.5 12.5 73976442.56560001
120.0 5.0 -2.5 12.5 9999999918.308102
120.0 7.5 -2.5 12.5 9999999999.2686
120.0 0.0 0.0 12.5 1884.6339
120.0 2.5 0.0 12.5 7113404373.5552
120.0 5.0 0.0 12.5 3900107941.151
120.0 7.5 0.0 12.5 10000000042.8453
120.0 0.0 2.5 12.5 783.4872
120.0 2.5 2.5 12.5 4555.9231
120.0 5.0 2.5 12.5 262766397.7918
120.0 7.5 2.5 12.5 1072216779.0261999
120.0 0.0 5.0 12.5 2.4121
120.0 2.5 5.0 12.5 253.55679999999998
120.0 5.0 5.0 12.5 359737152.2121
120.0 -2.5 -10.0 13.75 42.2005
120.0 0.0 -10.0 13.75 3964.6334
120.0 5.0 -10.0 13.75 9999999955.913
120.0 10.0 -10.0 13.75 22146586.330500003
120.0 2.5 -7.5 13.75 114561529.10000001
120.0 5.0 -7.5 13.75 10000000002.778801
120.0 7.5 -7.5 13.75 9999999966.9088
120.0 -2.5 -5.0 13.75 34.0583
120.0 0.0 -5.0 13.75 149.6947
120.0 2.5 -5.0 13.75 4052602606.0934997
120.0 5.0 -5.0 13.75 1109810562.3937001
120.0 -5.0 -2.5 13.75 19.894199999999998
120.0 -2.5 -2.5 13.75 29.710300000000004
120.0 0.0 -2.5 13.75 7927740.1612
120.0 2.5 -2.5 13.75 527055526.82519996
120.0 5.0 -2.5 13.75 7555585232.280499
120.0 7.5 -2.5 13.75 10000000181.033602
120.0 10.0 -2.5 13.75 48626024.2796
120.0 -5.0 0.0 13.75 8.8901
120.0 0.0 0.0 13.75 29.054799999999997
120.0 2.5 0.0 13.75 59475536.4747
120.0 5.0 0.0 13.75 7922279140.3536
120.0 7.5 0.0 13.75 10000000009.767101
120.0 0.0 2.5 13.75 10.874400000000001
120.0 2.5 2.5 13.75 158.2922
120.0 5.0 2.5 13.75 100605.6843
120.0 7.5 2.5 13.75 5497951718.5694
120.0 0.0 5.0 13.75 0.2782
120.0 2.5 5.0 13.75 5.9361999999999995
120.0 5.0 5.0 13.75 36990.1369
120.0 7.5 5.0 13.75 156554658.47439998
120.0 -5.0 -10.0 15.0 5.6153
120.0 -2.5 -10.0 15.0 13.2897
120.0 0.0 -10.0 15.0 29.983600000000003
120.0 2.5 -10.0 15.0 14618.4154
120.0 5.0 -10.0 15.0 351491852.3255
120.0 10.0 -10.0 15.0 3183.3994000000002
120.0 -5.0 -7.5 15.0 11.0772
120.0 -2.5 -7.5 15.0 14.622200000000001
120.0 0.0 -7.5 15.0 8.3938
120.0 2.5 -7.5 15.0 112142.4145
120.0 5.0 -7.5 15.0 554076280.1641
120.0 7.5 -7.5 15.0 367739946.3009
120.0 -5.0 -5.0 15.0 16.3436
120.0 -2.5 -5.0 15.0 25.6057
120.0 0.0 -5.0 15.0 26.175500000000003
120.0 2.5 -5.0 15.0 61776.777899999994
120.0 5.0 -5.0 15.0 63258296.8236
120.0 7.5 -5.0 15.0 577132681.8662
120.0 10.0 -5.0 15.0 271267.2978
120.0 -5.0 -2.5 15.0 13.3888
120.0 -2.5 -2.5 15.0 24.0019
120.0 0.0 -2.5 15.0 57.7383
120.0 2.5 -2.5 15.0 263730.9774
120.0 5.0 -2.5 15.0 1426491.2413
120.0 7.5 -2.5 15.0 10401546.9123
120.0 10.0 -2.5 15.0 139282890.145
120.0 -5.0 0.0 15.0 7.0418
120.0 -2.5 0.0 15.0 13.8835
120.0 0.0 0.0 15.0 25.2601
120.0 2.5 0.0 15.0 34273.015699999996
120.0 5.0 0.0 15.0 70808.0967
120.0 7.5 0.0 15.0 48236420.538
120.0 10.0 0.0 15.0 2626505980.4403
120.0 0.0 2.5 15.0 10.2768
120.0 2.5 2.5 15.0 44.256699999999995
120.0 5.0 2.5 15.0 1099.3937
120.0 7.5 2.5 15.0 9999999822.3031
120.0 10.0 2.5 15.0 169125380.4032
120.0 0.0 5.0 15.0 2.094
120.0 2.5 5.0 15.0 6.6305000000000005
120.0 5.0 5.0 15.0 4600.901400000001
120.0 7.5 5.0 15.0 1293517983.0285
120.0 10.0 5.0 15.0 6334906.3882
120.0 -5.0 -10.0 16.25 4.6552
120.0 -2.5 -10.0 16.25 6.8549
120.0 0.0 -10.0 16.25 0.9447999999999999
120.0 2.5 -10.0 16.25 5.2755
120.0 5.0 -10.0 16.25 78426.9571
120.0 7.5 -10.0 16.25 23260.671199999997
120.0 10.0 -10.0 16.25 -18.277
120.0 -5.0 -7.5 16.25 7.2485
120.0 -2.5 -7.5 16.25 11.3432
120.0 0.0 -7.5 16.25 6.651299999999999
120.0 2.5 -7.5 16.25 327.0045
120.0 5.0 -7.5 16.25 116916.12680000001
120.0 7.5 -7.5 16.25 1473.5259
120.0 10.0 -7.5 16.25 -9.3911
120.0 -5.0 -5.0 16.25 10.425699999999999
120.0 -2.5 -5.0 16.25 18.292399999999997
120.0 0.0 -5.0 16.25 18.3905
120.0 2.5 -5.0 16.25 314.6533
120.0 5.0 -5.0 16.25 4421.4436000000005
120.0 7.5 -5.0 16.25 45647.2247
120.0 10.0 -5.0 16.25 348.4272
120.0 -5.0 -2.5 16.25 9.3218
120.0 -2.5 -2.5 16.25 17.1527
120.0 0.0 -2.5 16.25 25.056
120.0 2.5 -2.5 16.25 106.4075
120.0 5.0 -2.5 16.25 133.3355
120.0 7.5 -2.5 16.25 6422.2369
120.0 10.0 -2.5 16.25 496.26079999999996
120.0 -5.0 0.0 16.25 5.3527
120.0 -2.5 0.0 16.25 10.7501
120.0 0.0 0.0 16.25 18.832300000000004
120.0 2.5 0.0 16.25 649.4064999999999
120.0 5.0 0.0 16.25 33.0912
120.0 7.5 0.0 16.25 82855.06240000001
120.0 10.0 0.0 16.25 38499.6831
120.0 -5.0 2.5 16.25 0.6419
120.0 -2.5 2.5 16.25 3.3926
120.0 0.0 2.5 16.25 9.3492
120.0 2.5 2.5 16.25 14.1772
120.0 5.0 2.5 16.25 43.605599999999995
120.0 7.5 2.5 16.25 2325940.6925000004
120.0 10.0 2.5 16.25 8306628.9707
120.0 -2.5 5.0 16.25 -0.059100000000000014
120.0 0.0 5.0 16.25 2.9531
120.0 2.5 5.0 16.25 6.7345999999999995
120.0 5.0 5.0 16.25 27.936500000000002
120.0 7.5 5.0 16.25 618394.4700999999
120.0 10.0 5.0 16.25 179065551.2904
180.0 -5.0 -10.0 3.75 10000000134.053902
180.0 -2.5 -10.0 3.75 10000000471.003
180.0 0.0 -10.0 3.75 10000000043.947802
180.0 2.5 -10.0 3.75 9999999934.7945
180.0 5.0 -10.0 3.75 10000000312.605202
180.0 7.5 -10.0 3.75 10000000231.4036
180.0 10.0 -10.0 3.75 10000000558.159101
180.0 -5.0 -7.5 3.75 9999999923.5953
180.0 -2.5 -7.5 3.75 10000000064.2035
180.0 0.0 -7.5 3.75 10000000218.787401
180.0 2.5 -7.5 3.75 9999999998.610401
180.0 5.0 -7.5 3.75 10000000064.138102
180.0 7.5 -7.5 3.75 9999999876.921501
180.0 10.0 -7.5 3.75 10000000028.303701
180.0 -5.0 -5.0 3.75 10000000040.189001
180.0 -2.5 -5.0 3.75 9999999909.506601
180.0 0.0 -5.0 3.75 9999999878.888102
180.0 2.5 -5.0 3.75 10000000215.271
180.0 5.0 -5.0 3.75 10000000304.0783
180.0 7.5 -5.0 3.75 9999999948.2098
180.0 10.0 -5.0 3.75 9999999996.961401
180.0 -5.0 -2.5 3.75 10000000149.224201
180.0 -2.5 -2.5 3.75 10000000054.434301
180.0 0.0 -2.5 3.75 9999999858.710001
180.0 2.5 -2.5 3.75 10000000216.514502
180.0 5.0 -2.5 3.75 4459210898.66
180.0 7.5 -2.5 3.75 9999999971.9218
180.0 10.0 -2.5 3.75 9999999970.9815
180.0 -5.0 0.0 3.75 2948428293.0303
180.0 -2.5 0.0 3.75 9999999930.149601
180.0 0.0 0.0 3.75 10000000230.2565
180.0 2.5 0.0 3.75 9999999898.7129
180.0 5.0 0.0 3.75 10000000056.530201
180.0 7.5 0.0 3.75 9999999943.967901
180.0 10.0 0.0 3.75 1177676668.4491
180.0 -5.0 2.5 3.75 144121700.0806
180.0 -2.5 2.5 3.75 9999999929.117601
180.0 0.0 2.5 3.75 10000000091.1128
180.0 2.5 2.5 3.75 9999999978.4344
180.0 5.0 2.5 3.75 9999999954.5387
180.0 7.5 2.5 3.75 9160960955.480501
180.0 10.0 2.5 3.75 645032850.9315
180.0 -5.0 5.0 3.75 14620355.097099999
180.0 -2.5 5.0 3.75 50274679.3815
180.0 0.0 5.0 3.75 54863706.8353
180.0 2.5 5.0 3.75 10000000037.613
180.0 5.0 5.0 3.75 10000000035.780201
180.0 7.5 5.0 3.75 53457627.6323
180.0 10.0 5.0 3.75 2152149712.6285
180.0 5.0 -2.5 8.75 9999999961.0072
180.0 5.0 -2.5 10.0 9999999800.9174
180.0 2.5 2.5 10.0 1586029114.5662
180.0 5.0 -10.0 11.25 531438292.80079997
180.0 7.5 -10.0 11.25 19567077.0636
180.0 -2.5 -7.5 11.25 904482528.9028
180.0 5.0 -7.5 11.25 9999999933.843102
180.0 2.5 -5.0 11.25 1034071442.3836
180.0 5.0 -5.0 11.25 9999999812.8957
180.0 7.5 -5.0 11.25 10000000005.8677
180.0 10.0 -5.0 11.25 9999999944.5198
180.0 5.0 -2.5 11.25 9999999826.0694
180.0 0.0 0.0 11.25 9999999693.649302
180.0 -2.5 2.5 11.25 2191076.4843
180.0 2.5 2.5 11.25 9999999983.6375
180.0 -5.0 5.0 11.25 396.26030000000003
180.0 5.0 5.0 11.25 126337404.8506
180.0 0.0 -10.0 12.5 330646845.3605
180.0 2.5 -10.0 12.5 9944378.2281
180.0 5.0 -10.0 12.5 88051302.1751
180.0 7.5 -10.0 12.5 676591756.0977
180.0 10.0 -10.0 12.5 1856213637.0876
180.0 -2.5 -7.5 12.5 9999999906.8348
180.0 0.0 -7.5 12.5 355501772.735
180.0 2.5 -7.5 12.5 9999999920.7516
180.0 5.0 -7.5 12.5 10000000031.4314
180.0 7.5 -7.5 12.5 538608572.2992
180.0 10.0 -7.5 12.5 8811383.1652
180.0 2.5 -5.0 12.5 266140265.2037
180.0 5.0 -5.0 12.5 9999999918.2917
180.0 7.5 -5.0 12.5 533910508.6428
180.0 10.0 -5.0 12.5 33510356.8026
180.0 2.5 -2.5 12.5 6619639819.8108
180.0 5.0 -2.5 12.5 9999999867.022001
180.0 0.0 0.0 12.5 353920056.21680003
180.0 2.5 0.0 12.5 120220139.4236
180.0 5.0 0.0 12.5 9999999848.3022
180.0 -2.5 2.5 12.5 19304.6099
180.0 0.0 2.5 12.5 20769.0292
180.0 2.5 2.5 12.5 10000000071.073502
180.0 -5.0 5.0 12.5 9.925400000000002
180.0 2.5 5.0 12.5 1635132827.6428
180.0 5.0 5.0 12.5 202589959.762
180.0 -5.0 -10.0 13.75 33.692099999999996
180.0 -2.5 -10.0 13.75 587.3485
180.0 0.0 -10.0 13.75 443240.3203
180.0 2.5 -10.0 13.75 53215.279800000004
180.0 5.0 -10.0 13.75 11890.2393
180.0 7.5 -10.0 13.75 481274966.1935
180.0 10.0 -10.0 13.75 723734.6409
180.0 -2.5 -7.5 13.75 10000000035.4666
180.0 0.0 -7.5 13.75 1359974141.9464
180.0 2.5 -7.5 13.75 9657992045.9477
180.0 5.0 -7.5 13.75 7577381.303
180.0 7.5 -7.5 13.75 40442710.188099995
180.0 10.0 -7.5 13.75 39831.7394
180.0 -2.5 -5.0 13.75 14143999.0862
180.0 0.0 -5.0 13.75 4307315.8909
180.0 2.5 -5.0 13.75 30834936.8323
180.0 5.0 -5.0 13.75 2276705443.6883
180.0 7.5 -5.0 13.75 22026508.522
180.0 10.0 -5.0 13.75 15947650.4376
180.0 2.5 -2.5 13.75 9999999941.858702
180.0 5.0 -2.5 13.75 9999999996.069302
180.0 7.5 -2.5 13.75 141106822.3443
180.0 -2.5 0.0 13.75 7617103.0232
180.0 0.0 0.0 13.75 52080.8334
180.0 2.5 0.0 13.75 9258570.040199999
180.0 5.0 0.0 13.75 4295842008.0393
180.0 -5.0 2.5 13.75 2.8419999999999996
180.0 -2.5 2.5 13.75 40.0731
180.0 0.0 2.5 13.75 98.2449
180.0 2.5 2.5 13.75 7143078197.7269
180.0 -5.0 5.0 13.75 5.5114
180.0 -2.5 5.0 13.75 9.499600000000001
180.0 0.0 5.0 13.75 29.236399999999996
180.0 2.5 5.0 13.75 2415054227.0407
180.0 5.0 5.0 13.75 327543885.54969996
180.0 -5.0 -10.0 15.0 23.7753
180.0 -2.5 -10.0 15.0 19.811300000000003
180.0 0.0 -10.0 15.0 488.5565
180.0 2.5 -10.0 15.0 1600.4248
180.0 5.0 -10.0 15.0 214.1368
180.0 7.5 -10.0 15.0 3829344.8646
180.0 10.0 -10.0 15.0 37215.661700000004
180.0 -5.0 -7.5 15.0 25.157799999999998
180.0 -2.5 -7.5 15.0 245.4067
180.0 0.0 -7.5 15.0 2686883.0016
180.0 2.5 -7.5 15.0 5198.7665
180.0 5.0 -7.5 15.0 224224.4817
180.0 7.5 -7.5 15.0 23524.0124
180.0 10.0 -7.5 15.0 4984.870999999999
180.0 -2.5 -5.0 15.0 191.5389
180.0 0.0 -5.0 15.0 4777.048
180.0 2.5 -5.0 15.0 1393479.4600000002
180.0 5.0 -5.0 15.0 37019068.978700005
180.0 7.5 -5.0 15.0 169.47379999999998
180.0 10.0 -5.0 15.0 10000000009.2275
180.0 -2.5 -2.5 15.0 332.5905
180.0 0.0 -2.5 15.0 68991437.1382
180.0 2.5 -2.5 15.0 45990.121100000004
180.0 5.0 -2.5 15.0 35219.460100000004
180.0 7.5 -2.5 15.0 264418.11710000003
180.0 10.0 -2.5 15.0 194041899.7807
180.0 -2.5 0.0 15.0 6181743.976
180.0 0.0 0.0 15.0 515.7982999999999
180.0 2.5 0.0 15.0 74851.54800000001
180.0 5.0 0.0 15.0 13169993.4326
180.0 7.5 0.0 15.0 617498.8454
180.0 10.0 0.0 15.0 732455158.9877
180.0 -5.0 2.5 15.0 5.9857
180.0 -2.5 2.5 15.0 8.5934
180.0 0.0 2.5 15.0 -0.6565999999999992
180.0 2.5 2.5 15.0 2183403.6782
180.0 5.0 2.5 15.0 345774.9394
180.0 7.5 2.5 15.0 136736983.7083
180.0 10.0 2.5 15.0 26691.2121
180.0 -5.0 5.0 15.0 5.0514
180.0 -2.5 5.0 15.0 8.0589
180.0 0.0 5.0 15.0 2.9807000000000006
180.0 2.5 5.0 15.0 1321736.394
180.0 5.0 5.0 15.0 183213.2365
180.0 7.5 5.0 15.0 40629458.743700005
180.0 10.0 5.0 15.0 784283.9386
180.0 -5.0 -10.0 16.25 15.212
180.0 -2.5 -10.0 16.25 12.848400000000002
180.0 0.0 -10.0 16.25 7.2882
180.0 2.5 -10.0 16.25 4.568899999999999
180.0 5.0 -10.0 16.25 9.4892
180.0 7.5 -10.0 16.25 174665.4885
180.0 10.0 -10.0 16.25 104.2621
180.0 -5.0 -7.5 16.25 17.503999999999998
180.0 -2.5 -7.5 16.25 9.5413
180.0 0.0 -7.5 16.25 16.598
180.0 2.5 -7.5 16.25 -9.068200000000001
180.0 5.0 -7.5 16.25 34.5043
180.0 7.5 -7.5 16.25 -0.15470000000000006
180.0 10.0 -7.5 16.25 97.2429
180.0 -5.0 -5.0 16.25 15.251199999999999
180.0 -2.5 -5.0 16.25 7.353199999999999
180.0 0.0 -5.0 16.25 -6.6106
180.0 2.5 -5.0 16.25 6.419600000000001
180.0 5.0 -5.0 16.25 2320.7661000000003
180.0 7.5 -5.0 16.25 -18.6058
180.0 10.0 -5.0 16.25 685.573
180.0 -5.0 -2.5 16.25 11.8438
180.0 -2.5 -2.5 16.25 11.593
180.0 0.0 -2.5 16.25 331.15360000000004
180.0 2.5 -2.5 16.25 52.8763
180.0 5.0 -2.5 16.25 30.758900000000004
180.0 7.5 -2.5 16.25 0.19439999999999813
180.0 10.0 -2.5 16.25 498364.7282
180.0 -2.5 0.0 16.25 51.502100000000006
180.0 0.0 0.0 16.25 6.333799999999999
180.0 2.5 0.0 16.25 1443.2069000000001
180.0 5.0 0.0 16.25 38014.9772
180.0 7.5 0.0 16.25 1246.3091
180.0 10.0 0.0 16.25 8145424642.1818
180.0 -5.0 2.5 16.25 5.6261
180.0 -2.5 2.5 16.25 8.000900000000001
180.0 0.0 2.5 16.25 1.6031000000000004
180.0 2.5 2.5 16.25 1298.3643
180.0 5.0 2.5 16.25 5951.2157
180.0 7.5 2.5 16.25 29200.3494
180.0 10.0 2.5 16.25 9586.109299999998
180.0 -5.0 5.0 16.25 5.058599999999999
180.0 -2.5 5.0 16.25 6.2244
180.0 0.0 5.0 16.25 2.0307999999999993
180.0 2.5 5.0 16.25 633.7111
180.0 5.0 5.0 16.25 4453.2496
180.0 7.5 5.0 16.25 55227.1969
180.0 10.0 5.0 16.25 5415.696199999999
240.0 -5.0 -10.0 3.75 3487094014.1981
240.0 -2.5 -10.0 3.75 10000000228.478102
240.0 0.0 -10.0 3.75 9999999889.0765
240.0 2.5 -10.0 3.75 9999999980.8097
240.0 5.0 -10.0 3.75 10000000018.211601
240.0 7.5 -10.0 3.75 9999999768.7161
240.0 10.0 -10.0 3.75 9999999717.978601
240.0 -5.0 -7.5 3.75 8721257182.4994
240.0 -2.5 -7.5 3.75 10000000078.3658
240.0 0.0 -7.5 3.75 9999999730.301601
240.0 2.5 -7.5 3.75 2884732100.9259
240.0 5.0 -7.5 3.75 10000000037.569801
240.0 7.5 -7.5 3.75 9999999700.709501
240.0 10.0 -7.5 3.75 9999999931.2994
240.0 -5.0 -5.0 3.75 9999999817.761002
240.0 -2.5 -5.0 3.75 9999999604.6368
240.0 0.0 -5.0 3.75 10000000130.980501
240.0 2.5 -5.0 3.75 10000000037.7497
240.0 5.0 -5.0 3.75 10000000050.527102
240.0 7.5 -5.0 3.75 10000000270.877602
240.0 10.0 -5.0 3.75 9999999860.448
240.0 -5.0 -2.5 3.75 9999999830.5189
240.0 -2.5 -2.5 3.75 10000000036.539001
240.0 0.0 -2.5 3.75 10000000087.380901
240.0 2.5 -2.5 3.75 10000000057.0328
240.0 5.0 -2.5 3.75 10000000559.3553
240.0 7.5 -2.5 3.75 9999999794.054
240.0 10.0 -2.5 3.75 10000000109.574501
240.0 -5.0 0.0 3.75 9175944049.5632
240.0 -2.5 0.0 3.75 2408384115.6116
240.0 0.0 0.0 3.75 10000000040.4715
240.0 2.5 0.0 3.75 9999999881.3469
240.0 5.0 0.0 3.75 10000000137.922
240.0 7.5 0.0 3.75 10000000203.2646
240.0 10.0 0.0 3.75 9999999996.8535
240.0 -5.0 2.5 3.75 3039622997.1317
240.0 -2.5 2.5 3.75 9999999993.515202
240.0 0.0 2.5 3.75 10000000049.5055
240.0 2.5 2.5 3.75 9999999903.5366
240.0 5.0 2.5 3.75 9999999908.4957
240.0 7.5 2.5 3.75 10000000012.494701
240.0 10.0 2.5 3.75 10000000239.833101
240.0 -5.0 5.0 3.75 10000000122.826302
240.0 -2.5 5.0 3.75 3703494.8475
240.0 0.0 5.0 3.75 4213112681.3539
240.0 2.5 5.0 3.75 9999999928.781101
240.0 5.0 5.0 3.75 78709702.9951
240.0 7.5 5.0 3.75 10000000113.2835
240.0 10.0 5.0 3.75 9999999918.5338
240.0 -2.5 -10.0 11.25 14477411.162199998
240.0 5.0 -10.0 11.25 1479189253.2261
240.0 10.0 -10.0 11.25 138433123.0361
240.0 5.0 -7.5 11.25 1620172731.2233999
240.0 -2.5 -2.5 11.25 9999999777.8834
240.0 -5.0 0.0 11.25 353301086.95890003
240.0 -2.5 0.0 11.25 9999999815.6767
240.0 0.0 0.0 11.25 10000000060.1574
240.0 -5.0 2.5 11.25 10000000327.8981
240.0 0.0 2.5 11.25 9999999849.6853
240.0 0.0 5.0 11.25 1745271525.2024
240.0 -5.0 -10.0 12.5 26180.223899999997
240.0 -2.5 -10.0 12.5 791225612.3532
240.0 0.0 -10.0 12.5 10000000048.6369
240.0 5.0 -10.0 12.5 1736182671.0867999
240.0 7.5 -10.0 12.5 46374.1733
240.0 10.0 -10.0 12.5 9870887.6786
240.0 5.0 -7.5 12.5 366272951.04969996
240.0 7.5 -7.5 12.5 117673675.4989
240.0 10.0 -7.5 12.5 48939394.620000005
240.0 2.5 -5.0 12.5 2300257011.962
240.0 -5.0 -2.5 12.5 10000000195.714201
240.0 -2.5 -2.5 12.5 863919634.4372
240.0 0.0 -2.5 12.5 6129396392.3427
240.0 -5.0 0.0 12.5 9999999914.9393
240.0 -2.5 0.0 12.5 9999999841.7721
240.0 0.0 0.0 12.5 513520276.87320006
240.0 2.5 0.0 12.5 287678880.8037
240.0 -5.0 2.5 12.5 112821.2929
240.0 0.0 2.5 12.5 9999999716.6483
240.0 0.0 5.0 12.5 9999999796.214
240.0 -2.5 -10.0 13.75 263833.6167
240.0 0.0 -10.0 13.75 127059193.3375
240.0 2.5 -10.0 13.75 21921.4538
240.0 5.0 -10.0 13.75 3493.2052999999996
240.0 7.5 -10.0 13.75 583.6012
240.0 10.0 -10.0 13.75 6525201.8747
240.0 -5.0 -7.5 13.75 3310551.1731999996
240.0 2.5 -7.5 13.75 20297.5915
240.0 5.0 -7.5 13.75 7958881.562299999
240.0 7.5 -7.5 13.75 8489402.8757
240.0 10.0 -7.5 13.75 10000000104.9337
240.0 -5.0 -5.0 13.75 28986583.707
240.0 -2.5 -5.0 13.75 10000000015.242802
240.0 2.5 -5.0 13.75 2955840.5778
240.0 10.0 -5.0 13.75 435590564.7661
240.0 -5.0 -2.5 13.75 13423.9718
240.0 -2.5 -2.5 13.75 10000000206.081202
240.0 0.0 -2.5 13.75 10000000012.138102
240.0 2.5 -2.5 13.75 241266819.3168
240.0 -5.0 0.0 13.75 14467610.7082
240.0 -2.5 0.0 13.75 2551581993.4023
240.0 0.0 0.0 13.75 783590543.9157001
240.0 2.5 0.0 13.75 177745202.1981
240.0 -5.0 2.5 13.75 209.8878
240.0 0.0 2.5 13.75 69465524.2404
240.0 2.5 2.5 13.75 490153751.176
240.0 -5.0 5.0 13.75 -11.5481
240.0 0.0 5.0 13.75 325944.8999
240.0 2.5 5.0 13.75 657168192.3182
240.0 -5.0 -10.0 15.0 22.8032
240.0 -2.5 -10.0 15.0 349.1886
240.0 0.0 -10.0 15.0 2957.9469
240.0 2.5 -10.0 15.0 90.53999999999999
240.0 5.0 -10.0 15.0 152.4171
240.0 7.5 -10.0 15.0 39.562
240.0 10.0 -10.0 15.0 766.6026
240.0 -5.0 -7.5 15.0 328.4795
240.0 -2.5 -7.5 15.0 49566.8251
240.0 0.0 -7.5 15.0 1719972.4042
240.0 2.5 -7.5 15.0 88.8012
240.0 5.0 -7.5 15.0 633.6708
240.0 7.5 -7.5 15.0 274.4415
240.0 10.0 -7.5 15.0 6540306.621300001
240.0 -5.0 -5.0 15.0 349.9267
240.0 -2.5 -5.0 15.0 22405.0481
240.0 0.0 -5.0 15.0 13895329.752600001
240.0 2.5 -5.0 15.0 3604.7952
240.0 5.0 -5.0 15.0 317023.5779
240.0 7.5 -5.0 15.0 186.8217
240.0 10.0 -5.0 15.0 100190.2291
240.0 -5.0 -2.5 15.0 -26.8312
240.0 -2.5 -2.5 15.0 13883445.7093
240.0 0.0 -2.5 15.0 9999999726.474901
240.0 2.5 -2.5 15.0 6212953.5892
240.0 5.0 -2.5 15.0 34532120.0079
240.0 7.5 -2.5 15.0 4318.8956
240.0 10.0 -2.5 15.0 151453899.72820002
240.0 -5.0 0.0 15.0 15.972999999999999
240.0 -2.5 0.0 15.0 311004.2562
240.0 0.0 0.0 15.0 2939927.6679
240.0 2.5 0.0 15.0 4189346.6815
240.0 5.0 0.0 15.0 1342089138.4825
240.0 10.0 0.0 15.0 8725139.1991
240.0 -5.0 2.5 15.0 -29.301899999999996
240.0 -2.5 2.5 15.0 9999999941.6972
240.0 0.0 2.5 15.0 57933.775499999996
240.0 2.5 2.5 15.0 427351525.1255
240.0 5.0 2.5 15.0 1152801778.3604002
240.0 10.0 2.5 15.0 7969314052.2999
240.0 -5.0 5.0 15.0 -11.1128
240.0 0.0 5.0 15.0 1018.4250999999999
240.0 2.5 5.0 15.0 9999999922.558802
240.0 5.0 5.0 15.0 10000000044.8595
240.0 -5.0 -10.0 16.25 14.2743
240.0 -2.5 -10.0 16.25 12.042100000000001
240.0 0.0 -10.0 16.25 18.46
240.0 2.5 -10.0 16.25 23.9058
240.0 5.0 -10.0 16.25 29.742
240.0 7.5 -10.0 16.25 26.9787
240.0 10.0 -10.0 16.25 17.9708
240.0 -5.0 -7.5 16.25 3.8249000000000004
240.0 -2.5 -7.5 16.25 21.7694
240.0 0.0 -7.5 16.25 2378.4589
240.0 2.5 -7.5 16.25 22.9095
240.0 5.0 -7.5 16.25 29.766500000000004
240.0 7.5 -7.5 16.25 29.83
240.0 10.0 -7.5 16.25 64.8972
240.0 -5.0 -5.0 16.25 -13.4625
240.0 -2.5 -5.0 16.25 21.8176
240.0 0.0 -5.0 16.25 965.8657
240.0 2.5 -5.0 16.25 103.9928
240.0 5.0 -5.0 16.25 86.8491
240.0 7.5 -5.0 16.25 25.9707
240.0 10.0 -5.0 16.25 35.5738
240.0 -5.0 -2.5 16.25 -30.0494
240.0 -2.5 -2.5 16.25 290.79589999999996
240.0 0.0 -2.5 16.25 28019.0083
240.0 2.5 -2.5 16.25 47004.6077
240.0 5.0 -2.5 16.25 66844.5967
240.0 7.5 -2.5 16.25 16.4849
240.0 10.0 -2.5 16.25 19791.9967
240.0 -5.0 0.0 16.25 -29.4541
240.0 -2.5 0.0 16.25 248.97119999999998
240.0 0.0 0.0 16.25 1755.6048
240.0 2.5 0.0 16.25 57576.6792
240.0 5.0 0.0 16.25 18529.1183
240.0 7.5 0.0 16.25 5.394500000000001
240.0 10.0 0.0 16.25 246716.2965
240.0 -5.0 2.5 16.25 -21.154200000000003
240.0 -2.5 2.5 16.25 6747.8393
240.0 0.0 2.5 16.25 -5.768599999999999
240.0 2.5 2.5 16.25 30476.047
240.0 5.0 2.5 16.25 154191.60880000002
240.0 7.5 2.5 16.25 4.7087
240.0 10.0 2.5 16.25 42658.354
240.0 -5.0 5.0 16.25 -7.9203
240.0 -2.5 5.0 16.25 -20.469
240.0 0.0 5.0 16.25 -14.495599999999998
240.0 2.5 5.0 16.25 142988.83099999998
240.0 5.0 5.0 16.25 19038.6281
240.0 7.5 5.0 16.25 -3.8513
240.0 10.0 5.0 16.25 129.88569999999999
300.0 -5.0 -10.0 3.75 9999999524.2786
300.0 -2.5 -10.0 3.75 8233884092.7293
300.0 0.0 -10.0 3.75 10000000422.180801
300.0 2.5 -10.0 3.75 5470433017.3047
300.0 5.0 -10.0 3.75 10000000074.5592
300.0 7.5 -10.0 3.75 10000000015.3115
300.0 10.0 -10.0 3.75 9999999995.8707
300.0 -5.0 -7.5 3.75 10000000128.6105
300.0 -2.5 -7.5 3.75 1325484505.8772001
300.0 0.0 -7.5 3.75 10000000074.793402
300.0 2.5 -7.5 3.75 10000000020.6448
300.0 5.0 -7.5 3.75 10000000026.6816
300.0 7.5 -7.5 3.75 10000000002.2901
300.0 10.0 -7.5 3.75 10000000023.2157
300.0 -5.0 -5.0 3.75 10000000212.4353
300.0 -2.5 -5.0 3.75 10000000064.3997
300.0 0.0 -5.0 3.75 10000000008.675901
300.0 2.5 -5.0 3.75 10000000188.1084
300.0 5.0 -5.0 3.75 10000000041.4463
300.0 7.5 -5.0 3.75 9999999971.085402
300.0 10.0 -5.0 3.75 9999999951.756601
300.0 -5.0 -2.5 3.75 10000000117.2956
300.0 -2.5 -2.5 3.75 10000000119.999
300.0 0.0 -2.5 3.75 9999999892.754301
300.0 2.5 -2.5 3.75 10000000059.320702
300.0 5.0 -2.5 3.75 9999999981.730902
300.0 7.5 -2.5 3.75 10000000015.8465
300.0 10.0 -2.5 3.75 789563903.7046001
300.0 -5.0 0.0 3.75 10000000106.4706
300.0 -2.5 0.0 3.75 9999999811.4423
300.0 0.0 0.0 3.75 9999999997.8686
300.0 2.5 0.0 3.75 9999999680.5284
300.0 5.0 0.0 3.75 9026177503.0137
300.0 7.5 0.0 3.75 10000000020.4305
300.0 10.0 0.0 3.75 10000000179.587301
300.0 -5.0 2.5 3.75 9999999950.384401
300.0 -2.5 2.5 3.75 9999999979.7504
300.0 0.0 2.5 3.75 10000000486.876501
300.0 2.5 2.5 3.75 9999999910.5184
300.0 5.0 2.5 3.75 9999999910.659302
300.0 7.5 2.5 3.75 9999999800.6963
300.0 10.0 2.5 3.75 9999999694.5308
300.0 -5.0 5.0 3.75 10000000045.433802
300.0 -2.5 5.0 3.75 10000000162.731201
300.0 0.0 5.0 3.75 9999999892.4612
300.0 2.5 5.0 3.75 9999999751.6769
300.0 5.0 5.0 3.75 10000000026.9626
300.0 7.5 5.0 3.75 9999999936.7313
300.0 10.0 5.0 3.75 9999999958.3526
300.0 -2.5 -5.0 8.75 10000000166.9712
300.0 -5.0 5.0 8.75 170436786.56870002
300.0 -2.5 -10.0 10.0 9999999844.2842
300.0 -2.5 -7.5 10.0 9999999869.1681
300.0 -2.5 -5.0 10.0 9999999926.6648
300.0 -5.0 -2.5 10.0 10000000508.6914
300.0 -2.5 2.5 10.0 543359532.0266
300.0 -5.0 5.0 10.0 505.69329999999997
300.0 -2.5 5.0 10.0 1690279001.4711
300.0 0.0 5.0 10.0 9999999875.033
300.0 -2.5 -10.0 11.25 9999999996.602001
300.0 0.0 -10.0 11.25 9999999994.562801
300.0 2.5 -10.0 11.25 10000000088.503302
300.0 -2.5 -7.5 11.25 897888061.4836
300.0 0.0 -7.5 11.25 8797460744.9268
300.0 -2.5 -5.0 11.25 9999999904.8152
300.0 -2.5 0.0 11.25 401088589.74439996
300.0 -5.0 2.5 11.25 9036.685899999999
300.0 -2.5 2.5 11.25 10000000088.194601
300.0 -5.0 5.0 11.25 271.5627
300.0 -2.5 5.0 11.25 9999999948.145401
300.0 0.0 5.0 11.25 106179.0017
300.0 5.0 5.0 11.25 10000000000.6623
300.0 -2.5 -10.0 12.5 87467155.58060001
300.0 0.0 -10.0 12.5 1510240996.2944002
300.0 2.5 -10.0 12.5 10000000556.640501
300.0 5.0 -10.0 12.5 1405754.6042000002
300.0 7.5 -10.0 12.5 35446530.2844
300.0 -5.0 -7.5 12.5 9999999924.486301
300.0 -2.5 -7.5 12.5 3919906603.8578
300.0 0.0 -7.5 12.5 969231025.0109999
300.0 2.5 -7.5 12.5 10000000140.0146
300.0 -5.0 -5.0 12.5 10000000009.4377
300.0 -2.5 -5.0 12.5 3010391284.3322
300.0 0.0 -5.0 12.5 10000000010.490002
300.0 -5.0 -2.5 12.5 271354427.47300005
300.0 -2.5 0.0 12.5 10000000118.9382
300.0 -5.0 2.5 12.5 75.34559999999999
300.0 -2.5 2.5 12.5 10000000092.310001
300.0 0.0 2.5 12.5 348843479.34499997
300.0 -5.0 5.0 12.5 32.8091
300.0 -2.5 5.0 12.5 3153236104.4938
300.0 0.0 5.0 12.5 5884510.19
300.0 5.0 5.0 12.5 12843403.3641
300.0 7.5 5.0 12.5 10000000064.4888
300.0 -5.0 -10.0 13.75 51785302.3091
300.0 -2.5 -10.0 13.75 86059631.3968
300.0 0.0 -10.0 13.75 9999999997.885601
300.0 2.5 -10.0 13.75 1652759.1531
300.0 5.0 -10.0 13.75 12262.7526
300.0 7.5 -10.0 13.75 135526.7349
300.0 10.0 -10.0 13.75 130.351
300.0 -5.0 -7.5 13.75 42495780.0979
300.0 -2.5 -7.5 13.75 308540204.6188
300.0 0.0 -7.5 13.75 10000000032.7773
300.0 2.5 -7.5 13.75 10000000034.0748
300.0 5.0 -7.5 13.75 180971659.67569998
300.0 -5.0 -5.0 13.75 9999999971.701
300.0 -2.5 -5.0 13.75 83810494.3875
300.0 0.0 -5.0 13.75 1143775799.891
300.0 2.5 -2.5 13.75 74506767.5333
300.0 -5.0 0.0 13.75 106.5445
300.0 -2.5 0.0 13.75 11826274.581699999
300.0 -5.0 2.5 13.75 23.1514
300.0 -2.5 2.5 13.75 1063038312.1394
300.0 0.0 2.5 13.75 10000000060.332201
300.0 10.0 2.5 13.75 3580.0688999999998
300.0 -5.0 5.0 13.75 9.1661
300.0 -2.5 5.0 13.75 20705337.2674
300.0 0.0 5.0 13.75 2661605.8017
300.0 2.5 5.0 13.75 119699.1572
300.0 7.5 5.0 13.75 9189582.7869
300.0 10.0 5.0 13.75 769182893.989
300.0 -5.0 -10.0 15.0 9456.3597
300.0 -2.5 -10.0 15.0 9999999980.5393
300.0 0.0 -10.0 15.0 1111528.8207
300.0 2.5 -10.0 15.0 41456541.5189
300.0 5.0 -10.0 15.0 27179.0125
300.0 7.5 -10.0 15.0 26.1851
300.0 10.0 -10.0 15.0 14.236699999999999
300.0 -5.0 -7.5 15.0 323827.1592
300.0 -2.5 -7.5 15.0 421620.9521
300.0 0.0 -7.5 15.0 552833.5022
300.0 2.5 -7.5 15.0 788412.3801000001
300.0 5.0 -7.5 15.0 3432359090.6546
300.0 7.5 -7.5 15.0 33765.4011
300.0 10.0 -7.5 15.0 13.0273
300.0 -5.0 -5.0 15.0 779353.9159
300.0 -2.5 -5.0 15.0 3921106.5274
300.0 0.0 -5.0 15.0 186717032.5189
300.0 2.5 -5.0 15.0 2843395.5045000003
300.0 5.0 -5.0 15.0 280485627.8732
300.0 7.5 -5.0 15.0 35129882.5447
300.0 -5.0 -2.5 15.0 37303.5224
300.0 -2.5 -2.5 15.0 1315054.8898
300.0 0.0 -2.5 15.0 2111268670.4675
300.0 2.5 -2.5 15.0 9999999867.689701
300.0 7.5 -2.5 15.0 2757831.1944000004
300.0 -5.0 0.0 15.0 5.4673
300.0 -2.5 0.0 15.0 6814733.0127
300.0 0.0 0.0 15.0 10000000011.4298
300.0 2.5 0.0 15.0 4720933830.5043
300.0 5.0 0.0 15.0 86166788.74280001
300.0 -5.0 2.5 15.0 10.434000000000001
300.0 -2.5 2.5 15.0 387760.0224
300.0 0.0 2.5 15.0 9999999971.5209
300.0 2.5 2.5 15.0 66636.5673
300.0 5.0 2.5 15.0 450004101.4676
300.0 7.5 2.5 15.0 474611172.4773
300.0 10.0 2.5 15.0 174.7195
300.0 -5.0 5.0 15.0 2.7544000000000004
300.0 -2.5 5.0 15.0 5744.6112
300.0 0.0 5.0 15.0 98784428.3282
300.0 2.5 5.0 15.0 168.4953
300.0 5.0 5.0 15.0 861.8126
300.0 7.5 5.0 15.0 9999999984.0477
300.0 10.0 5.0 15.0 275440.49899999995
300.0 -5.0 -10.0 16.25 -16.2149
300.0 -2.5 -10.0 16.25 2272.693
300.0 0.0 -10.0 16.25 43.8173
300.0 2.5 -10.0 16.25 103.5036
300.0 5.0 -10.0 16.25 36.1824
300.0 7.5 -10.0 16.25 15.7267
300.0 10.0 -10.0 16.25 11.347100000000001
300.0 -5.0 -7.5 16.25 9.931399999999996
300.0 -2.5 -7.5 16.25 1444.9025
300.0 0.0 -7.5 16.25 105.72840000000001
300.0 2.5 -7.5 16.25 59.9373
300.0 5.0 -7.5 16.25 7841.5823
300.0 7.5 -7.5 16.25 165.1456
300.0 10.0 -7.5 16.25 11.1826
300.0 -5.0 -5.0 16.25 122.9597
300.0 -2.5 -5.0 16.25 755111.9201999999
300.0 0.0 -5.0 16.25 280.8621
300.0 2.5 -5.0 16.25 104875.934
300.0 5.0 -5.0 16.25 5953.109
300.0 7.5 -5.0 16.25 107942.1546
300.0 10.0 -5.0 16.25 10.036200000000001
300.0 -5.0 -2.5 16.25 5.9098999999999995
300.0 -2.5 -2.5 16.25 1710.8232
300.0 0.0 -2.5 16.25 19113.503
300.0 2.5 -2.5 16.25 382613886.2545
300.0 5.0 -2.5 16.25 7400.7266
300.0 7.5 -2.5 16.25 13326.239500000001
300.0 10.0 -2.5 16.25 6.0418
300.0 -5.0 0.0 16.25 -0.08199999999999985
300.0 -2.5 0.0 16.25 2170.4543
300.0 0.0 0.0 16.25 2734812.0301
300.0 2.5 0.0 16.25 7496261.4872
300.0 5.0 0.0 16.25 14765.5113
300.0 10.0 0.0 16.25 8.183300000000001
300.0 -5.0 2.5 16.25 2.5196000000000005
300.0 -2.5 2.5 16.25 880.9167
300.0 0.0 2.5 16.25 2709.0801
300.0 2.5 2.5 16.25 641.472
300.0 5.0 2.5 16.25 1217.8770000000002
300.0 7.5 2.5 16.25 2452489.3508
300.0 10.0 2.5 16.25 10.220600000000001
300.0 -5.0 5.0 16.25 0.5269999999999999
300.0 -2.5 5.0 16.25 8.3133
300.0 0.0 5.0 16.25 295.7734
300.0 2.5 5.0 16.25 9.1752
300.0 5.0 5.0 16.25 13.6561
300.0 7.5 5.0 16.25 3897840826.027
300.0 10.0 5.0 16.25 726.8543000000001
