0.0 -2.5 -7.5 10.0 10000000277.581701
0.0 -2.5 -5.0 10.0 10000000064.224201
0.0 -2.5 -2.5 10.0 10000000204.0848
0.0 0.0 0.0 10.0 9999999933.686901
0.0 -2.5 2.5 10.0 9999999750.1058
0.0 -5.0 5.0 10.0 10000000143.887901
0.0 -2.5 -7.5 11.25 10000000296.246
0.0 0.0 -7.5 11.25 10000000161.0435
0.0 -5.0 -5.0 11.25 9999999912.6042
0.0 -2.5 -5.0 11.25 10000000399.9452
0.0 0.0 -5.0 11.25 9999999921.872002
0.0 -2.5 -2.5 11.25 6022692801.182799
0.0 2.5 -2.5 11.25 10000000083.6527
0.0 5.0 -2.5 11.25 9999999913.6277
0.0 -2.5 0.0 11.25 9999999872.9913
0.0 0.0 0.0 11.25 9999999761.568901
0.0 -5.0 2.5 11.25 9999999671.876202
0.0 -2.5 2.5 11.25 9999999843.7612
0.0 0.0 2.5 11.25 6474499460.965199
0.0 -5.0 5.0 11.25 9999999663.008701
0.0 -2.5 5.0 11.25 10000000417.379501
0.0 0.0 -10.0 12.5 10000000040.6523
0.0 2.5 -10.0 12.5 10000000001.1807
0.0 -2.5 -7.5 12.5 9999999402.8661
0.0 0.0 -7.5 12.5 5176223866.0357
0.0 -5.0 -5.0 12.5 10000000082.476002
0.0 -2.5 -5.0 12.5 9999999846.985
0.0 0.0 -5.0 12.5 6378851699.746099
0.0 2.5 -5.0 12.5 10000000223.0522
0.0 -2.5 -2.5 12.5 9999999924.3609
0.0 0.0 -2.5 12.5 10000000127.861801
0.0 2.5 -2.5 12.5 10000000196.5524
0.0 5.0 -2.5 12.5 9999999970.637402
0.0 -2.5 0.0 12.5 10000000026.658
0.0 0.0 0.0 12.5 9999999974.318602
0.0 -5.0 2.5 12.5 9999999835.993502
0.0 -2.5 2.5 12.5 201911463.4355
0.0 0.0 2.5 12.5 9999999890.4402
0.0 -5.0 5.0 12.5 10000000179.614101
0.0 -2.5 5.0 12.5 9999999823.7879
0.0 0.0 5.0 12.5 9999999928.4613
0.0 0.0 -10.0 13.75 9999999997.6091
0.0 2.5 -10.0 13.75 9999999896.797
0.0 -5.0 -7.5 13.75 10000000389.907902
0.0 -2.5 -7.5 13.75 4223369785.1613
0.0 0.0 -7.5 13.75 9999999523.842701
0.0 5.0 -7.5 13.75 10000000405.3215
0.0 -5.0 -5.0 13.75 202948002.51220003
0.0 -2.5 -5.0 13.75 10000000050.1874
0.0 0.0 -5.0 13.75 10000000284.2229
0.0 2.5 -5.0 13.75 9999999847.5153
0.0 -5.0 -2.5 13.75 9999999849.5181
0.0 -2.5 -2.5 13.75 9999999999.8285
0.0 0.0 -2.5 13.75 5894209819.4108
0.0 2.5 -2.5 13.75 9999999863.4965
0.0 5.0 -2.5 13.75 10000000019.7649
0.0 7.5 -2.5 13.75 510299041.5534
0.0 -5.0 0.0 13.75 3392376465.2118
0.0 -2.5 0.0 13.75 10000000006.079601
0.0 0.0 0.0 13.75 9999999882.8848
0.0 2.5 0.0 13.75 9999999935.914001
0.0 10.0 0.0 13.75 278271599.9427
0.0 -5.0 2.5 13.75 9999999875.144901
0.0 -2.5 2.5 13.75 3775495887.1226
0.0 0.0 2.5 13.75 9999999901.871302
0.0 -5.0 5.0 13.75 10000000008.998001
0.0 -2.5 5.0 13.75 9999999988.4451
0.0 0.0 5.0 13.75 9999999855.911901
0.0 -5.0 -10.0 15.0 9999999802.065601
0.0 -2.5 -10.0 15.0 680128226.2282
0.0 0.0 -10.0 15.0 9999999829.4277
0.0 2.5 -10.0 15.0 9999999864.971401
0.0 5.0 -10.0 15.0 7008314105.6998
0.0 7.5 -10.0 15.0 4513997.5598
0.0 10.0 -10.0 15.0 124496.43490000001
0.0 -5.0 -7.5 15.0 10000000161.5296
0.0 -2.5 -7.5 15.0 10000000213.9713
0.0 0.0 -7.5 15.0 10000000353.1742
0.0 2.5 -7.5 15.0 10000000477.066301
0.0 5.0 -7.5 15.0 9999999974.609701
0.0 10.0 -7.5 15.0 10000000187.492102
0.0 -5.0 -5.0 15.0 316929909.326
0.0 -2.5 -5.0 15.0 9999999623.525002
0.0 0.0 -5.0 15.0 10000000016.4036
0.0 2.5 -5.0 15.0 10000000605.666302
0.0 5.0 -5.0 15.0 9999999911.707201
0.0 7.5 -5.0 15.0 9999999863.4002
0.0 -5.0 -2.5 15.0 10000000104.8433
0.0 -2.5 -2.5 15.0 10000000090.853401
0.0 0.0 -2.5 15.0 3557281618.0439
0.0 2.5 -2.5 15.0 9999999943.1604
0.0 5.0 -2.5 15.0 9999999960.171001
0.0 7.5 -2.5 15.0 10000000118.2182
0.0 10.0 -2.5 15.0 55588564.795499995
0.0 -5.0 0.0 15.0 758223715.413
0.0 -2.5 0.0 15.0 9999999852.731901
0.0 0.0 0.0 15.0 520877476.20049995
0.0 2.5 0.0 15.0 9999999747.8665
0.0 5.0 0.0 15.0 9999999905.8209
0.0 7.5 0.0 15.0 9999999881.8395
0.0 10.0 0.0 15.0 10000000005.93
0.0 -5.0 2.5 15.0 9999999753.8806
0.0 -2.5 2.5 15.0 4840139255.2074
0.0 0.0 2.5 15.0 9999999994.075
0.0 2.5 2.5 15.0 9999999896.078201
0.0 5.0 2.5 15.0 9999999977.7546
0.0 7.5 2.5 15.0 9999999969.7738
0.0 -5.0 5.0 15.0 9999999962.683601
0.0 -2.5 5.0 15.0 4441332654.7971
0.0 0.0 5.0 15.0 1026705012.5833
0.0 2.5 5.0 15.0 3037913777.8871
0.0 10.0 5.0 15.0 158614.3518
0.0 -5.0 -10.0 16.25 2920190948.0274
0.0 -2.5 -10.0 16.25 9999999851.7866
0.0 0.0 -10.0 16.25 116063331.9051
0.0 2.5 -10.0 16.25 10000000182.5058
0.0 5.0 -10.0 16.25 5046999248.1727
0.0 7.5 -10.0 16.25 44843881.0788
0.0 10.0 -10.0 16.25 1963070.9737
0.0 -5.0 -7.5 16.25 743536694.1171
0.0 -2.5 -7.5 16.25 2103394547.7784998
0.0 0.0 -7.5 16.25 8167617067.73
0.0 2.5 -7.5 16.25 692907868.1782
0.0 5.0 -7.5 16.25 10000000049.758202
0.0 7.5 -7.5 16.25 735831603.8978001
0.0 10.0 -7.5 16.25 2499838925.3087997
0.0 -5.0 -5.0 16.25 10000000138.746101
0.0 -2.5 -5.0 16.25 10000000076.2998
0.0 0.0 -5.0 16.25 9057569418.4774
0.0 2.5 -5.0 16.25 9999999827.6662
0.0 5.0 -5.0 16.25 1553375988.7313
0.0 7.5 -5.0 16.25 1622013994.3542001
0.0 10.0 -5.0 16.25 45352706.462900005
0.0 -5.0 -2.5 16.25 10000000056.082901
0.0 -2.5 -2.5 16.25 10000000133.2203
0.0 0.0 -2.5 16.25 9999999760.006802
0.0 2.5 -2.5 16.25 10000000080.4391
0.0 5.0 -2.5 16.25 9999999993.445002
0.0 7.5 -2.5 16.25 9999999947.1053
0.0 10.0 -2.5 16.25 8584144349.954599
0.0 -5.0 0.0 16.25 10000000051.977001
0.0 -2.5 0.0 16.25 9999999909.884
0.0 0.0 0.0 16.25 10000000099.819101
0.0 2.5 0.0 16.25 9999999909.083302
0.0 5.0 0.0 16.25 9999999839.662401
0.0 7.5 0.0 16.25 9999999975.312801
0.0 10.0 0.0 16.25 1520581281.817
0.0 -5.0 2.5 16.25 9999999637.338501
0.0 -2.5 2.5 16.25 9999999904.6396
0.0 0.0 2.5 16.25 9999999813.0335
0.0 2.5 2.5 16.25 251974175.2162
0.0 5.0 2.5 16.25 9999999925.8796
0.0 7.5 2.5 16.25 2996441667.9972997
0.0 10.0 2.5 16.25 10000000041.316801
0.0 -5.0 5.0 16.25 8780495743.5497
0.0 -2.5 5.0 16.25 10000000008.598001
0.0 0.0 5.0 16.25 9999999903.903301
0.0 2.5 5.0 16.25 6968704.7209
0.0 5.0 5.0 16.25 10000000080.7236
0.0 7.5 5.0 16.25 755351.954
0.0 10.0 5.0 16.25 22729.8668
60.0 -5.0 -10.0 3.75 10000000043.296501
60.0 -2.5 -10.0 3.75 9999999906.6273
60.0 0.0 -10.0 3.75 9999999892.8623
60.0 2.5 -10.0 3.75 9999999916.785702
60.0 5.0 -10.0 3.75 10000000025.2063
60.0 7.5 -10.0 3.75 10000000254.3446
60.0 10.0 -10.0 3.75 9999999724.7597
60.0 -5.0 -7.5 3.75 9999999973.043701
60.0 -2.5 -7.5 3.75 10000000246.5811
60.0 0.0 -7.5 3.75 10000000067.656801
60.0 2.5 -7.5 3.75 10000000249.8029
60.0 5.0 -7.5 3.75 10000000346.3164
60.0 7.5 -7.5 3.75 10000000436.353102
60.0 10.0 -7.5 3.75 9999999962.4395
60.0 -5.0 -5.0 3.75 10000000012.373701
60.0 -2.5 -5.0 3.75 10000000035.343
60.0 0.0 -5.0 3.75 6230489798.4465
60.0 2.5 -5.0 3.75 9999999572.6812
60.0 5.0 -5.0 3.75 10000000003.312601
60.0 7.5 -5.0 3.75 9999999875.231401
60.0 10.0 -5.0 3.75 2127761265.5837
60.0 -5.0 -2.5 3.75 9999999815.2852
60.0 -2.5 -2.5 3.75 10000000234.0825
60.0 0.0 -2.5 3.75 10000000119.6569
60.0 2.5 -2.5 3.75 9999999887.9431
60.0 5.0 -2.5 3.75 9999999865.8684
60.0 7.5 -2.5 3.75 9999999846.442202
60.0 10.0 -2.5 3.75 9999999808.164501
60.0 -5.0 0.0 3.75 10000000052.3519
60.0 -2.5 0.0 3.75 9999999714.6909
60.0 0.0 0.0 3.75 10000000068.266
60.0 2.5 0.0 3.75 9999999848.2982
60.0 5.0 0.0 3.75 10000000129.5669
60.0 7.5 0.0 3.75 9999999917.708601
60.0 10.0 0.0 3.75 9999999918.151701
60.0 -5.0 2.5 3.75 10000000164.8792
60.0 -2.5 2.5 3.75 9999999975.589
60.0 0.0 2.5 3.75 10000000314.874102
60.0 2.5 2.5 3.75 10000000062.3174
60.0 5.0 2.5 3.75 9999999791.718102
60.0 7.5 2.5 3.75 10000000110.0844
60.0 10.0 2.5 3.75 10000000163.1159
60.0 -5.0 5.0 3.75 9999999734.4782
60.0 -2.5 5.0 3.75 9999999593.8824
60.0 0.0 5.0 3.75 10000000001.163502
60.0 2.5 5.0 3.75 10000000020.6091
60.0 5.0 5.0 3.75 10000000075.9116
60.0 7.5 5.0 3.75 9999999926.220901
60.0 10.0 5.0 3.75 10000000054.405901
60.0 2.5 5.0 10.0 9999999867.9606
60.0 2.5 -10.0 11.25 10000000387.395102
60.0 7.5 -10.0 11.25 10000000046.055601
60.0 5.0 -7.5 11.25 10000000129.8516
60.0 -2.5 2.5 11.25 10000000026.682701
60.0 0.0 2.5 11.25 9999999914.993502
60.0 2.5 2.5 11.25 9999999909.889801
60.0 5.0 2.5 11.25 9999999981.7189
60.0 7.5 2.5 11.25 9999999910.434
60.0 -2.5 5.0 11.25 9999999983.4004
60.0 0.0 5.0 11.25 3236705178.9028997
60.0 2.5 5.0 11.25 9999999717.7418
60.0 5.0 5.0 11.25 9999999911.168901
60.0 0.0 -10.0 12.5 10000000459.480202
60.0 2.5 -10.0 12.5 10000000137.910301
60.0 5.0 -10.0 12.5 10000000250.003101
60.0 7.5 -10.0 12.5 10000000081.7338
60.0 0.0 -5.0 12.5 10000000059.740501
60.0 0.0 2.5 12.5 9999999928.246601
60.0 2.5 2.5 12.5 9999999851.3388
60.0 5.0 2.5 12.5 9999999918.7823
60.0 7.5 2.5 12.5 9999999979.0361
60.0 10.0 2.5 12.5 2976497922.4556
60.0 0.0 5.0 12.5 10000000092.9116
60.0 2.5 5.0 12.5 9999999893.1114
60.0 5.0 5.0 12.5 9999999925.052502
60.0 7.5 5.0 12.5 10000000034.322
60.0 10.0 5.0 12.5 4295468.6052
60.0 0.0 -10.0 13.75 10000000441.2191
60.0 2.5 -10.0 13.75 1447237180.0270998
60.0 5.0 -10.0 13.75 9999999923.2635
60.0 7.5 -10.0 13.75 773368186.0322
60.0 10.0 -10.0 13.75 10000000094.4069
60.0 -5.0 -7.5 13.75 10000000104.080801
60.0 2.5 -7.5 13.75 9999999864.181501
60.0 5.0 -7.5 13.75 10000000198.9731
60.0 7.5 -7.5 13.75 10000000129.1149
60.0 10.0 -7.5 13.75 261387990.54230002
60.0 -2.5 -5.0 13.75 9999999954.5991
60.0 0.0 -5.0 13.75 10000000012.4596
60.0 5.0 -5.0 13.75 10000000009.0498
60.0 10.0 -5.0 13.75 10000000014.8062
60.0 -5.0 -2.5 13.75 9999999905.717001
60.0 -2.5 -2.5 13.75 9999999912.586601
60.0 0.0 -2.5 13.75 10000000023.121
60.0 0.0 0.0 13.75 9999999910.952501
60.0 2.5 0.0 13.75 10000000105.5265
60.0 -2.5 2.5 13.75 10000000021.952002
60.0 0.0 2.5 13.75 9999999899.963501
60.0 2.5 2.5 13.75 9999999584.6397
60.0 5.0 2.5 13.75 10000000378.8785
60.0 7.5 2.5 13.75 9999999901.0079
60.0 10.0 2.5 13.75 10000000070.596802
60.0 0.0 5.0 13.75 6245357311.5258
60.0 2.5 5.0 13.75 9999999993.322
60.0 5.0 5.0 13.75 9999999991.5963
60.0 7.5 5.0 13.75 10000000026.616701
60.0 10.0 5.0 13.75 176314708.1639
60.0 -5.0 -10.0 15.0 10000000047.678202
60.0 -2.5 -10.0 15.0 4891239.44
60.0 0.0 -10.0 15.0 7617571752.3518
60.0 2.5 -10.0 15.0 10000000150.376701
60.0 5.0 -10.0 15.0 420537071.3804
60.0 7.5 -10.0 15.0 9999999927.473202
60.0 10.0 -10.0 15.0 10000000644.078901
60.0 -5.0 -7.5 15.0 10000000079.6898
60.0 -2.5 -7.5 15.0 6473522671.664801
60.0 0.0 -7.5 15.0 3894747149.2209
60.0 2.5 -7.5 15.0 10000000049.9141
60.0 5.0 -7.5 15.0 10000000111.586401
60.0 7.5 -7.5 15.0 10000000396.9032
60.0 10.0 -7.5 15.0 9999999936.2929
60.0 -5.0 -5.0 15.0 10000000001.245401
60.0 -2.5 -5.0 15.0 10000000008.844301
60.0 0.0 -5.0 15.0 9999999987.5884
60.0 2.5 -5.0 15.0 10000000059.2483
60.0 5.0 -5.0 15.0 9639045695.0247
60.0 7.5 -5.0 15.0 9999999981.058102
60.0 10.0 -5.0 15.0 10000000219.6184
60.0 -5.0 -2.5 15.0 10000000214.9831
60.0 -2.5 -2.5 15.0 9999999913.4662
60.0 0.0 -2.5 15.0 9999999815.447102
60.0 2.5 -2.5 15.0 9999999900.1748
60.0 10.0 -2.5 15.0 4630646999.184
60.0 -2.5 0.0 15.0 9999999766.5233
60.0 0.0 0.0 15.0 10000000091.691502
60.0 2.5 0.0 15.0 10000000154.7782
60.0 7.5 0.0 15.0 9999999862.4337
60.0 -5.0 2.5 15.0 1941559285.1325
60.0 -2.5 2.5 15.0 9999999821.8047
60.0 0.0 2.5 15.0 9999999936.9034
60.0 2.5 2.5 15.0 10000000004.337
60.0 5.0 2.5 15.0 9999999975.802301
60.0 7.5 2.5 15.0 8464062862.345901
60.0 10.0 2.5 15.0 8646912231.0599
60.0 -2.5 5.0 15.0 9999999941.3377
60.0 0.0 5.0 15.0 9999999955.359901
60.0 2.5 5.0 15.0 1593677583.887
60.0 5.0 5.0 15.0 10000000039.6222
60.0 7.5 5.0 15.0 10000000147.9083
60.0 10.0 5.0 15.0 9999999861.7043
60.0 -5.0 -10.0 16.25 131401.4365
60.0 -2.5 -10.0 16.25 1185995.7389
60.0 0.0 -10.0 16.25 3896493570.8652997
60.0 2.5 -10.0 16.25 22766388.7231
60.0 5.0 -10.0 16.25 10000000018.9491
60.0 7.5 -10.0 16.25 10000000029.766
60.0 10.0 -10.0 16.25 10000000045.1674
60.0 -5.0 -7.5 16.25 8321619325.7026
60.0 -2.5 -7.5 16.25 10000000084.3789
60.0 0.0 -7.5 16.25 10000000100.651901
60.0 2.5 -7.5 16.25 10000000346.369001
60.0 5.0 -7.5 16.25 10000000088.348501
60.0 7.5 -7.5 16.25 10000000122.6706
60.0 10.0 -7.5 16.25 10000000074.5596
60.0 -5.0 -5.0 16.25 10000000209.7644
60.0 -2.5 -5.0 16.25 10000000113.172201
60.0 0.0 -5.0 16.25 9999999980.9482
60.0 2.5 -5.0 16.25 10000000125.4855
60.0 5.0 -5.0 16.25 9999999806.562801
60.0 7.5 -5.0 16.25 9999999985.587502
60.0 10.0 -5.0 16.25 9999999849.2343
60.0 -5.0 -2.5 16.25 9999999995.4386
60.0 -2.5 -2.5 16.25 9999999829.6972
60.0 0.0 -2.5 16.25 9999999881.6846
60.0 2.5 -2.5 16.25 1500937768.4975
60.0 5.0 -2.5 16.25 9999999968.042301
60.0 7.5 -2.5 16.25 9999999886.2019
60.0 10.0 -2.5 16.25 133322608.7683
60.0 -5.0 0.0 16.25 2486656873.6286
60.0 -2.5 0.0 16.25 10000000052.4099
60.0 0.0 0.0 16.25 3000517574.2588997
60.0 2.5 0.0 16.25 3130286727.6103
60.0 5.0 0.0 16.25 637317072.3222001
60.0 7.5 0.0 16.25 10000000060.913801
60.0 10.0 0.0 16.25 10000000014.474901
60.0 -5.0 2.5 16.25 784431404.6144999
60.0 -2.5 2.5 16.25 134424791.2407
60.0 0.0 2.5 16.25 726011360.5923
60.0 2.5 2.5 16.25 9999999893.8673
60.0 5.0 2.5 16.25 9999999926.317001
60.0 7.5 2.5 16.25 9999999889.641901
60.0 10.0 2.5 16.25 10000000562.4948
60.0 -5.0 5.0 16.25 348098204.4752
60.0 -2.5 5.0 16.25 3038065.0692
60.0 0.0 5.0 16.25 9999999939.0512
60.0 2.5 5.0 16.25 9999999988.4046
60.0 5.0 5.0 16.25 10000000165.419102
60.0 7.5 5.0 16.25 10000000107.6772
60.0 10.0 5.0 16.25 10000000062.392801
120.0 -5.0 -10.0 3.75 10000000165.6893
120.0 -2.5 -10.0 3.75 9999999941.1312
120.0 0.0 -10.0 3.75 10000000027.411001
120.0 2.5 -10.0 3.75 9999999987.9468
120.0 5.0 -10.0 3.75 9999999609.776701
120.0 7.5 -10.0 3.75 9999999905.087101
120.0 10.0 -10.0 3.75 10000000121.144201
120.0 -5.0 -7.5 3.75 10000000032.563501
120.0 -2.5 -7.5 3.75 10000000096.437
120.0 0.0 -7.5 3.75 10000000075.550201
120.0 2.5 -7.5 3.75 10000000170.1492
120.0 5.0 -7.5 3.75 10000000020.6753
120.0 7.5 -7.5 3.75 10000000763.454401
120.0 10.0 -7.5 3.75 9999999801.2523
120.0 -5.0 -5.0 3.75 10000000233.290201
120.0 -2.5 -5.0 3.75 10000000103.7439
120.0 0.0 -5.0 3.75 9999999850.4379
120.0 2.5 -5.0 3.75 10000000008.396
120.0 5.0 -5.0 3.75 10000000296.266
120.0 7.5 -5.0 3.75 10000000018.2653
120.0 10.0 -5.0 3.75 10000000712.8388
120.0 -5.0 -2.5 3.75 10000000098.504501
120.0 -2.5 -2.5 3.75 9999999769.7444
120.0 0.0 -2.5 3.75 10000000217.3134
120.0 2.5 -2.5 3.75 10000000157.1396
120.0 5.0 -2.5 3.75 9999999968.0105
120.0 7.5 -2.5 3.75 10000000178.7938
120.0 10.0 -2.5 3.75 9999999792.2569
120.0 -5.0 0.0 3.75 1242999790.8032
120.0 -2.5 0.0 3.75 10000000322.5538
120.0 0.0 0.0 3.75 10000000029.682402
120.0 2.5 0.0 3.75 10000000101.095001
120.0 5.0 0.0 3.75 10000000099.403
120.0 7.5 0.0 3.75 9999999716.8323
120.0 10.0 0.0 3.75 9999999550.9869
120.0 -5.0 2.5 3.75 9999999615.6949
120.0 -2.5 2.5 3.75 10000000095.671202
120.0 0.0 2.5 3.75 10000000001.2961
120.0 2.5 2.5 3.75 9999999961.5471
120.0 5.0 2.5 3.75 9999999998.7555
120.0 7.5 2.5 3.75 10000000052.324902
120.0 10.0 2.5 3.75 10000000008.038101
120.0 -5.0 5.0 3.75 9999999878.0772
120.0 -2.5 5.0 3.75 9999999932.5632
120.0 0.0 5.0 3.75 9999999895.0879
120.0 2.5 5.0 3.75 9999999738.728401
120.0 5.0 5.0 3.75 9999999990.263
120.0 7.5 5.0 3.75 9999999936.3451
120.0 10.0 5.0 3.75 10000000037.3672
120.0 2.5 2.5 7.5 10000000219.8131
120.0 2.5 5.0 7.5 9999999892.602402
120.0 2.5 -2.5 8.75 10000000418.3631
120.0 0.0 2.5 8.75 9999999818.8113
120.0 2.5 2.5 8.75 10000000614.354801
120.0 2.5 5.0 8.75 9999999988.455
120.0 2.5 -2.5 10.0 10000000310.3957
120.0 0.0 0.0 10.0 10000000091.9733
120.0 2.5 0.0 10.0 9999999914.5429
120.0 5.0 0.0 10.0 10000000224.2584
120.0 0.0 2.5 10.0 10000000230.1947
120.0 2.5 2.5 10.0 10000000540.845402
120.0 5.0 2.5 10.0 9999999944.4482
120.0 0.0 5.0 10.0 9999999320.2063
120.0 2.5 5.0 10.0 9999999564.103102
120.0 2.5 -5.0 11.25 9999999789.0422
120.0 5.0 -5.0 11.25 10000000048.7681
120.0 2.5 -2.5 11.25 10000000199.387701
120.0 5.0 -2.5 11.25 10000000708.975
120.0 7.5 -2.5 11.25 10000000214.6319
120.0 0.0 0.0 11.25 10000000025.759201
120.0 2.5 0.0 11.25 10000000367.250502
120.0 5.0 0.0 11.25 10000000082.711802
120.0 7.5 0.0 11.25 10000000139.371801
120.0 0.0 2.5 11.25 9999999876.900501
120.0 2.5 2.5 11.25 9999999781.3672
120.0 5.0 2.5 11.25 10000000010.902102
120.0 0.0 5.0 11.25 9999999742.2647
120.0 2.5 5.0 11.25 9999999909.707
120.0 2.5 -10.0 12.5 9999999839.4655
120.0 2.5 -5.0 12.5 10000000288.943201
120.0 5.0 -5.0 12.5 10000000337.170502
120.0 -2.5 -2.5 12.5 10000000073.3959
120.0 0.0 -2.5 12.5 10000000020.922
120.0 2.5 -2.5 12.5 9999999980.8876
120.0 5.0 -2.5 12.5 10000000239.4853
120.0 7.5 -2.5 12.5 10000000545.152401
120.0 0.0 0.0 12.5 1831011596.6374002
120.0 2.5 0.0 12.5 10000000206.4501
120.0 5.0 0.0 12.5 10000000307.980001
120.0 7.5 0.0 12.5 10000000421.3426
120.0 0.0 2.5 12.5 10000000031.563002
120.0 2.5 2.5 12.5 10000000150.463501
120.0 5.0 2.5 12.5 9999999979.127401
120.0 7.5 2.5 12.5 9999999990.582602
120.0 0.0 5.0 12.5 9999999877.567902
120.0 2.5 5.0 12.5 9999999969.5645
120.0 5.0 5.0 12.5 9999999825.352001
120.0 -2.5 -10.0 13.75 9999999925.0984
120.0 0.0 -10.0 13.75 9999999930.2971
120.0 5.0 -10.0 13.75 10000000046.4733
120.0 10.0 -10.0 13.75 57808624.9373
120.0 2.5 -7.5 13.75 9999999963.8924
120.0 5.0 -7.5 13.75 10000000039.639101
120.0 7.5 -7.5 13.75 10000000057.294802
120.0 -2.5 -5.0 13.75 10000000217.5266
120.0 0.0 -5.0 13.75 3538914342.0849
120.0 2.5 -5.0 13.75 6886378241.9875
120.0 5.0 -5.0 13.75 9999999635.6324
120.0 -5.0 -2.5 13.75 574706.8193000001
120.0 -2.5 -2.5 13.75 9999999990.8759
120.0 0.0 -2.5 13.75 2041882663.7725
120.0 2.5 -2.5 13.75 10000000235.628101
120.0 5.0 -2.5 13.75 10000000295.823502
120.0 7.5 -2.5 13.75 10000000165.9178
120.0 10.0 -2.5 13.75 10000000097.8089
120.0 -5.0 0.0 13.75 2779638.9609
120.0 0.0 0.0 13.75 523505567.3271
120.0 2.5 0.0 13.75 9999999945.2618
120.0 5.0 0.0 13.75 3370728525.0109
120.0 7.5 0.0 13.75 9999999837.1334
120.0 0.0 2.5 13.75 9999999960.1364
120.0 2.5 2.5 13.75 10000000042.3307
120.0 5.0 2.5 13.75 9999999982.944101
120.0 7.5 2.5 13.75 6151221621.3381
120.0 0.0 5.0 13.75 419596814.3137
120.0 2.5 5.0 13.75 7368397209.675
120.0 5.0 5.0 13.75 10000000158.4624
120.0 7.5 5.0 13.75 10000000084.8472
120.0 -5.0 -10.0 15.0 6169866564.1485
120.0 -2.5 -10.0 15.0 55459585.6214
120.0 0.0 -10.0 15.0 10000000010.3854
120.0 2.5 -10.0 15.0 54993956.820199996
120.0 5.0 -10.0 15.0 10000000001.4705
120.0 10.0 -10.0 15.0 168597909.68940002
120.0 -5.0 -7.5 15.0 10000000065.388802
120.0 -2.5 -7.5 15.0 9999999935.948101
120.0 0.0 -7.5 15.0 9999999643.0345
120.0 2.5 -7.5 15.0 10000000113.220001
120.0 5.0 -7.5 15.0 115836897.4899
120.0 7.5 -7.5 15.0 9999999992.6651
120.0 -5.0 -5.0 15.0 75853635.6172
120.0 -2.5 -5.0 15.0 9999999970.075201
120.0 0.0 -5.0 15.0 10000000055.7266
120.0 2.5 -5.0 15.0 10000000079.9095
120.0 5.0 -5.0 15.0 10000000116.7984
120.0 7.5 -5.0 15.0 6788691815.24
120.0 10.0 -5.0 15.0 9999999960.2292
120.0 -5.0 -2.5 15.0 15245612.961199999
120.0 -2.5 -2.5 15.0 9999999981.937
120.0 0.0 -2.5 15.0 2290701956.504
120.0 2.5 -2.5 15.0 10000000127.054602
120.0 5.0 -2.5 15.0 9999999828.224401
120.0 7.5 -2.5 15.0 10000000216.2374
120.0 10.0 -2.5 15.0 10000000231.3999
120.0 -5.0 0.0 15.0 38516.0501
120.0 -2.5 0.0 15.0 9999999894.954401
120.0 0.0 0.0 15.0 717978848.2315999
120.0 2.5 0.0 15.0 10000000272.192701
120.0 5.0 0.0 15.0 9999999918.1627
120.0 7.5 0.0 15.0 10000000109.3066
120.0 10.0 0.0 15.0 10000000149.489801
120.0 0.0 2.5 15.0 10000000002.235601
120.0 2.5 2.5 15.0 10000000038.0907
120.0 5.0 2.5 15.0 10000000193.3005
120.0 7.5 2.5 15.0 4758338201.365
120.0 10.0 2.5 15.0 10000000149.1723
120.0 0.0 5.0 15.0 365431006.6838
120.0 2.5 5.0 15.0 9999999673.742601
120.0 5.0 5.0 15.0 10000000256.886702
120.0 7.5 5.0 15.0 9999999793.017801
120.0 10.0 5.0 15.0 9999999978.2929
120.0 -5.0 -10.0 16.25 24972304.094600003
120.0 -2.5 -10.0 16.25 1587987842.1178
120.0 0.0 -10.0 16.25 1451632818.1030998
120.0 2.5 -10.0 16.25 9999999897.9136
120.0 5.0 -10.0 16.25 9999999937.651402
120.0 7.5 -10.0 16.25 46995044.1658
120.0 10.0 -10.0 16.25 201.2965
120.0 -5.0 -7.5 16.25 143290733.05249998
120.0 -2.5 -7.5 16.25 6373896052.274
120.0 0.0 -7.5 16.25 28376862.085899998
120.0 2.5 -7.5 16.25 63971707.873
120.0 5.0 -7.5 16.25 986860962.9765
120.0 7.5 -7.5 16.25 81188380.2025
120.0 10.0 -7.5 16.25 9999999980.944801
120.0 -5.0 -5.0 16.25 308540999.36219996
120.0 -2.5 -5.0 16.25 10000000142.115301
120.0 0.0 -5.0 16.25 829701.9035
120.0 2.5 -5.0 16.25 10000000323.372501
120.0 5.0 -5.0 16.25 10000000245.6618
120.0 7.5 -5.0 16.25 10000000251.342402
120.0 10.0 -5.0 16.25 10000000109.0853
120.0 -5.0 -2.5 16.25 1330.4675
120.0 -2.5 -2.5 16.25 284831203.8073
120.0 0.0 -2.5 16.25 10000000108.1544
120.0 2.5 -2.5 16.25 1605242514.5935
120.0 5.0 -2.5 16.25 9999999902.8924
120.0 7.5 -2.5 16.25 9999999990.278301
120.0 10.0 -2.5 16.25 9999999375.9498
120.0 -5.0 0.0 16.25 658.4695999999999
120.0 -2.5 0.0 16.25 31081320.7704
120.0 0.0 0.0 16.25 10000000018.177502
120.0 2.5 0.0 16.25 9999999973.627
120.0 5.0 0.0 16.25 10000000239.359001
120.0 7.5 0.0 16.25 10000000161.5316
120.0 10.0 0.0 16.25 9999999948.8155
120.0 -5.0 2.5 16.25 247342.9273
120.0 -2.5 2.5 16.25 252773259.9301
120.0 0.0 2.5 16.25 9999999914.952702
120.0 2.5 2.5 16.25 10000000428.273401
120.0 5.0 2.5 16.25 6684330176.386499
120.0 7.5 2.5 16.25 10000000068.257502
120.0 10.0 2.5 16.25 10000000109.6418
120.0 -2.5 5.0 16.25 169096899.5402
120.0 0.0 5.0 16.25 102668469.7032
120.0 2.5 5.0 16.25 10000000371.0181
120.0 5.0 5.0 16.25 9999999741.725601
120.0 7.5 5.0 16.25 9999999903.6907
120.0 10.0 5.0 16.25 9999999958.2406
180.0 -5.0 -10.0 3.75 9999999865.416801
180.0 -2.5 -10.0 3.75 1742792008.7695
180.0 0.0 -10.0 3.75 10000000529.561901
180.0 2.5 -10.0 3.75 9999999761.741402
180.0 5.0 -10.0 3.75 10000000042.114
180.0 7.5 -10.0 3.75 9999999566.396502
180.0 10.0 -10.0 3.75 10000000092.425201
180.0 -5.0 -7.5 3.75 9999999950.940102
180.0 -2.5 -7.5 3.75 9999999737.378801
180.0 0.0 -7.5 3.75 10000000558.7525
180.0 2.5 -7.5 3.75 9999999632.7476
180.0 5.0 -7.5 3.75 9999999661.229801
180.0 7.5 -7.5 3.75 10000000110.2324
180.0 10.0 -7.5 3.75 9999999769.1772
180.0 -5.0 -5.0 3.75 9999999555.156801
180.0 -2.5 -5.0 3.75 9999999126.1625
180.0 0.0 -5.0 3.75 9999999791.300402
180.0 2.5 -5.0 3.75 9999999170.388102
180.0 5.0 -5.0 3.75 9999999702.1165
180.0 7.5 -5.0 3.75 9999999805.6718
180.0 10.0 -5.0 3.75 9999999875.742102
180.0 -5.0 -2.5 3.75 9999999943.505701
180.0 -2.5 -2.5 3.75 9999999359.234901
180.0 0.0 -2.5 3.75 9999999943.9671
180.0 2.5 -2.5 3.75 10000000064.1984
180.0 5.0 -2.5 3.75 9999999942.201601
180.0 7.5 -2.5 3.75 9999999661.5811
180.0 10.0 -2.5 3.75 10000000104.812601
180.0 -5.0 0.0 3.75 10000000146.547
180.0 -2.5 0.0 3.75 9999999807.8819
180.0 0.0 0.0 3.75 10000000208.7726
180.0 2.5 0.0 3.75 9999999811.3271
180.0 5.0 0.0 3.75 9999999938.6704
180.0 7.5 0.0 3.75 9999999897.765202
180.0 10.0 0.0 3.75 9999999988.779202
180.0 -5.0 2.5 3.75 10000000276.7782
180.0 -2.5 2.5 3.75 9999999795.7318
180.0 0.0 2.5 3.75 10000000359.2148
180.0 2.5 2.5 3.75 10000000198.3442
180.0 5.0 2.5 3.75 10000000312.0695
180.0 7.5 2.5 3.75 9999999973.943901
180.0 10.0 2.5 3.75 10000000156.152802
180.0 -5.0 5.0 3.75 10000000091.5056
180.0 -2.5 5.0 3.75 10000000111.7523
180.0 0.0 5.0 3.75 9999999936.980202
180.0 2.5 5.0 3.75 10000000028.840101
180.0 5.0 5.0 3.75 10000000058.708801
180.0 7.5 5.0 3.75 9999999975.1571
180.0 10.0 5.0 3.75 5154749305.9714
180.0 5.0 -2.5 8.75 9999999780.3153
180.0 5.0 -2.5 10.0 9999999494.3969
180.0 2.5 2.5 10.0 10000000082.9202
180.0 5.0 -10.0 11.25 10000000251.6404
180.0 7.5 -10.0 11.25 9999999964.731401
180.0 -2.5 -7.5 11.25 9999999819.5825
180.0 5.0 -7.5 11.25 9999999873.0354
180.0 2.5 -5.0 11.25 9999999672.3708
180.0 5.0 -5.0 11.25 9999999654.6674
180.0 7.5 -5.0 11.25 9999999674.372702
180.0 10.0 -5.0 11.25 9999999790.445002
180.0 5.0 -2.5 11.25 9999999955.538502
180.0 0.0 0.0 11.25 10000000102.393501
180.0 -2.5 2.5 11.25 9999999969.0394
180.0 2.5 2.5 11.25 9999999989.528502
180.0 -5.0 5.0 11.25 9999999857.237701
180.0 5.0 5.0 11.25 10000000023.498901
180.0 0.0 -10.0 12.5 53387487.3881
180.0 2.5 -10.0 12.5 36455592.8967
180.0 5.0 -10.0 12.5 10000000125.2982
180.0 7.5 -10.0 12.5 9999999994.149101
180.0 10.0 -10.0 12.5 18805137.312000003
180.0 -2.5 -7.5 12.5 10000000040.303001
180.0 0.0 -7.5 12.5 10000000017.047201
180.0 2.5 -7.5 12.5 9999999797.359901
180.0 5.0 -7.5 12.5 9999999865.525702
180.0 7.5 -7.5 12.5 9999999549.9782
180.0 10.0 -7.5 12.5 1325842717.41
180.0 2.5 -5.0 12.5 9999999689.9965
180.0 5.0 -5.0 12.5 9999999871.093801
180.0 7.5 -5.0 12.5 9999999832.291801
180.0 10.0 -5.0 12.5 9999999775.322601
180.0 2.5 -2.5 12.5 6067049642.306399
180.0 5.0 -2.5 12.5 9999999936.5517
180.0 0.0 0.0 12.5 9999999924.5636
180.0 2.5 0.0 12.5 10000000252.606201
180.0 5.0 0.0 12.5 9999999891.9353
180.0 -2.5 2.5 12.5 10000000399.583801
180.0 0.0 2.5 12.5 10000000176.0832
180.0 2.5 2.5 12.5 6707961422.1361
180.0 -5.0 5.0 12.5 10000000045.6756
180.0 2.5 5.0 12.5 10000000108.4125
180.0 5.0 5.0 12.5 10000000294.6056
180.0 -5.0 -10.0 13.75 43.7342
180.0 -2.5 -10.0 13.75 5469507.348300001
180.0 0.0 -10.0 13.75 496973.009
180.0 2.5 -10.0 13.75 17662941.671200003
180.0 5.0 -10.0 13.75 10000000279.6016
180.0 7.5 -10.0 13.75 4998392152.0823
180.0 10.0 -10.0 13.75 9999999970.3889
180.0 -2.5 -7.5 13.75 2347343.8464
180.0 0.0 -7.5 13.75 9999999923.316301
180.0 2.5 -7.5 13.75 9999999816.562801
180.0 5.0 -7.5 13.75 9999999887.646502
180.0 7.5 -7.5 13.75 10000000128.493801
180.0 10.0 -7.5 13.75 9999999956.6453
180.0 -2.5 -5.0 13.75 96035095.5972
180.0 0.0 -5.0 13.75 1407435848.0411
180.0 2.5 -5.0 13.75 9999999930.7292
180.0 5.0 -5.0 13.75 9999999861.238401
180.0 7.5 -5.0 13.75 9999999774.376701
180.0 10.0 -5.0 13.75 9999999745.955801
180.0 2.5 -2.5 13.75 6321985162.3941
180.0 5.0 -2.5 13.75 9999999800.6882
180.0 7.5 -2.5 13.75 10000000304.0741
180.0 -2.5 0.0 13.75 1812437768.6891
180.0 0.0 0.0 13.75 9999999999.1966
180.0 2.5 0.0 13.75 7436897504.9976
180.0 5.0 0.0 13.75 9999999903.5746
180.0 -5.0 2.5 13.75 10000000160.6229
180.0 -2.5 2.5 13.75 9999999958.503801
180.0 0.0 2.5 13.75 10000000378.698101
180.0 2.5 2.5 13.75 9999999987.349901
180.0 -5.0 5.0 13.75 321267437.2109
180.0 -2.5 5.0 13.75 5824527864.7319
180.0 0.0 5.0 13.75 10000000170.638102
180.0 2.5 5.0 13.75 10000000145.646502
180.0 5.0 5.0 13.75 10000000028.2369
180.0 -5.0 -10.0 15.0 -26.607999999999997
180.0 -2.5 -10.0 15.0 419.953
180.0 0.0 -10.0 15.0 1651.2060999999999
180.0 2.5 -10.0 15.0 881419.3437999999
180.0 5.0 -10.0 15.0 10000000094.701302
180.0 7.5 -10.0 15.0 9999999965.996801
180.0 10.0 -10.0 15.0 3445233.7904
180.0 -5.0 -7.5 15.0 208626.8998
180.0 -2.5 -7.5 15.0 12613.5954
180.0 0.0 -7.5 15.0 63878.0887
180.0 2.5 -7.5 15.0 988773818.0787
180.0 5.0 -7.5 15.0 1712173944.5978
180.0 7.5 -7.5 15.0 9999999732.3174
180.0 10.0 -7.5 15.0 2498577137.9433
180.0 -2.5 -5.0 15.0 1774883.7669
180.0 0.0 -5.0 15.0 225992144.563
180.0 2.5 -5.0 15.0 2193239186.9842
180.0 5.0 -5.0 15.0 1732451736.371
180.0 7.5 -5.0 15.0 9999999837.7998
180.0 10.0 -5.0 15.0 8269721068.136701
180.0 -2.5 -2.5 15.0 10000000014.821901
180.0 0.0 -2.5 15.0 10000000026.452501
180.0 2.5 -2.5 15.0 10000000136.1275
180.0 5.0 -2.5 15.0 4487780725.2268
180.0 7.5 -2.5 15.0 9999999828.7073
180.0 10.0 -2.5 15.0 3274019676.4765
180.0 -2.5 0.0 15.0 9731526509.9354
180.0 0.0 0.0 15.0 9999999944.857302
180.0 2.5 0.0 15.0 9999999718.3257
180.0 5.0 0.0 15.0 9999999728.5307
180.0 7.5 0.0 15.0 9999999834.9104
180.0 10.0 0.0 15.0 9999999930.082602
180.0 -5.0 2.5 15.0 23660124.1377
180.0 -2.5 2.5 15.0 10000000160.2304
180.0 0.0 2.5 15.0 10000000020.488901
180.0 2.5 2.5 15.0 10000000130.6168
180.0 5.0 2.5 15.0 10000000034.829401
180.0 7.5 2.5 15.0 9999999880.913801
180.0 10.0 2.5 15.0 10000000039.399
180.0 -5.0 5.0 15.0 4099196.6530999998
180.0 -2.5 5.0 15.0 2409916919.5968003
180.0 0.0 5.0 15.0 9999999737.3822
180.0 2.5 5.0 15.0 10000000295.555
180.0 5.0 5.0 15.0 5779771795.5931
180.0 7.5 5.0 15.0 10000000339.663
180.0 10.0 5.0 15.0 9999999996.532001
180.0 -5.0 -10.0 16.25 -21.0188
180.0 -2.5 -10.0 16.25 -15.404
180.0 0.0 -10.0 16.25 117.4567
180.0 2.5 -10.0 16.25 4767.9357
180.0 5.0 -10.0 16.25 10000000336.4505
180.0 7.5 -10.0 16.25 68291566.5797
180.0 10.0 -10.0 16.25 10000000020.556501
180.0 -5.0 -7.5 16.25 -5.5383
180.0 -2.5 -7.5 16.25 43.522299999999994
180.0 0.0 -7.5 16.25 1133.0815
180.0 2.5 -7.5 16.25 9999999861.251701
180.0 5.0 -7.5 16.25 78743598.88520001
180.0 7.5 -7.5 16.25 15756198.6699
180.0 10.0 -7.5 16.25 7388744890.3763
180.0 -5.0 -5.0 16.25 2157.8815999999997
180.0 -2.5 -5.0 16.25 19121.8638
180.0 0.0 -5.0 16.25 28759.877999999997
180.0 2.5 -5.0 16.25 9999999810.541801
180.0 5.0 -5.0 16.25 9999999880.6516
180.0 7.5 -5.0 16.25 1110601388.9347
180.0 10.0 -5.0 16.25 178517877.21649998
180.0 -5.0 -2.5 16.25 805397.6139000001
180.0 -2.5 -2.5 16.25 3872695814.4616003
180.0 0.0 -2.5 16.25 2407936104.271
180.0 2.5 -2.5 16.25 10000000137.177801
180.0 5.0 -2.5 16.25 9999999941.3829
180.0 7.5 -2.5 16.25 2490045397.4128
180.0 10.0 -2.5 16.25 9999999884.1329
180.0 -2.5 0.0 16.25 122259911.20820001
180.0 0.0 0.0 16.25 10000000025.6851
180.0 2.5 0.0 16.25 10000000119.8847
180.0 5.0 0.0 16.25 9999999969.0571
180.0 7.5 0.0 16.25 9999999834.2658
180.0 10.0 0.0 16.25 5903960977.155001
180.0 -5.0 2.5 16.25 10000000110.625502
180.0 -2.5 2.5 16.25 2383331674.8193
180.0 0.0 2.5 16.25 10000000189.625301
180.0 2.5 2.5 16.25 845216316.5975
180.0 5.0 2.5 16.25 9999999965.0604
180.0 7.5 2.5 16.25 10000000038.8925
180.0 10.0 2.5 16.25 9999999896.0205
180.0 -5.0 5.0 16.25 12722175.0583
180.0 -2.5 5.0 16.25 10000000026.5333
180.0 0.0 5.0 16.25 8526569049.0609
180.0 2.5 5.0 16.25 1463123294.4104
180.0 5.0 5.0 16.25 9999999981.690401
180.0 7.5 5.0 16.25 9999999847.3995
180.0 10.0 5.0 16.25 8821365208.7028
240.0 -5.0 -10.0 3.75 6773731742.459701
240.0 -2.5 -10.0 3.75 10000000146.174002
240.0 0.0 -10.0 3.75 9999999536.614601
240.0 2.5 -10.0 3.75 9999999478.199202
240.0 5.0 -10.0 3.75 9999999923.8442
240.0 7.5 -10.0 3.75 10000000206.818
240.0 10.0 -10.0 3.75 4362223664.9838
240.0 -5.0 -7.5 3.75 9999999532.646
240.0 -2.5 -7.5 3.75 9999999781.5888
240.0 0.0 -7.5 3.75 10000000202.356401
240.0 2.5 -7.5 3.75 9999999865.2099
240.0 5.0 -7.5 3.75 9999999974.9885
240.0 7.5 -7.5 3.75 9999999482.2336
240.0 10.0 -7.5 3.75 10000000338.995602
240.0 -5.0 -5.0 3.75 9999999688.9675
240.0 -2.5 -5.0 3.75 9999999673.215302
240.0 0.0 -5.0 3.75 10000000013.451
240.0 2.5 -5.0 3.75 9999999971.855001
240.0 5.0 -5.0 3.75 10000000215.173
240.0 7.5 -5.0 3.75 10000000123.708302
240.0 10.0 -5.0 3.75 10000000628.8085
240.0 -5.0 -2.5 3.75 9999999919.002602
240.0 -2.5 -2.5 3.75 9999999745.587
240.0 0.0 -2.5 3.75 10000001272.4193
240.0 2.5 -2.5 3.75 10000000071.5956
240.0 5.0 -2.5 3.75 10000000396.1856
240.0 7.5 -2.5 3.75 9999999726.853
240.0 10.0 -2.5 3.75 10000000088.2264
240.0 -5.0 0.0 3.75 10000000168.071201
240.0 -2.5 0.0 3.75 10000000329.0986
240.0 0.0 0.0 3.75 10000000327.412401
240.0 2.5 0.0 3.75 10000000492.0123
240.0 5.0 0.0 3.75 10000000070.7101
240.0 7.5 0.0 3.75 10000000039.1963
240.0 10.0 0.0 3.75 9999999726.9757
240.0 -5.0 2.5 3.75 9999999982.857601
240.0 -2.5 2.5 3.75 10000000304.801601
240.0 0.0 2.5 3.75 9999999939.6781
240.0 2.5 2.5 3.75 9999999695.826302
240.0 5.0 2.5 3.75 9999999934.116402
240.0 7.5 2.5 3.75 9999999953.429602
240.0 10.0 2.5 3.75 9999999941.985102
240.0 -5.0 5.0 3.75 10000000147.470402
240.0 -2.5 5.0 3.75 9999999985.2012
240.0 0.0 5.0 3.75 9999999877.372702
240.0 2.5 5.0 3.75 9999999913.509
240.0 5.0 5.0 3.75 10000000022.0461
240.0 7.5 5.0 3.75 10000000026.3106
240.0 10.0 5.0 3.75 10000000169.7187
240.0 -2.5 -10.0 11.25 10000000507.6784
240.0 5.0 -10.0 11.25 86335.1204
240.0 10.0 -10.0 11.25 9657896.2084
240.0 5.0 -7.5 11.25 1940942393.3276
240.0 -2.5 -2.5 11.25 10000000158.3593
240.0 -5.0 0.0 11.25 4368917375.4697
240.0 -2.5 0.0 11.25 9999999894.9136
240.0 0.0 0.0 11.25 9999999589.303902
240.0 -5.0 2.5 11.25 10000000019.881
240.0 0.0 2.5 11.25 9999999888.187801
240.0 0.0 5.0 11.25 9999999824.1488
240.0 -5.0 -10.0 12.5 508448.15540000005
240.0 -2.5 -10.0 12.5 823951.6252
240.0 0.0 -10.0 12.5 895007484.8228
240.0 5.0 -10.0 12.5 381534.2867
240.0 7.5 -10.0 12.5 146301321.6924
240.0 10.0 -10.0 12.5 707841.0592
240.0 5.0 -7.5 12.5 9999999989.915201
240.0 7.5 -7.5 12.5 10000000091.2478
240.0 10.0 -7.5 12.5 97037572.9082
240.0 2.5 -5.0 12.5 9999999823.7796
240.0 -5.0 -2.5 12.5 9999999829.5941
240.0 -2.5 -2.5 12.5 9999999560.463001
240.0 0.0 -2.5 12.5 10000000090.059801
240.0 -5.0 0.0 12.5 9999999970.8752
240.0 -2.5 0.0 12.5 9999999744.821901
240.0 0.0 0.0 12.5 9999999873.327702
240.0 2.5 0.0 12.5 9999999662.1748
240.0 -5.0 2.5 12.5 7124391963.1333
240.0 0.0 2.5 12.5 9999999680.7322
240.0 0.0 5.0 12.5 10000000179.022902
240.0 -2.5 -10.0 13.75 19169.343
240.0 0.0 -10.0 13.75 333912.5305
240.0 2.5 -10.0 13.75 321548.3602
240.0 5.0 -10.0 13.75 2256876583.3108
240.0 7.5 -10.0 13.75 1018361.1555
240.0 10.0 -10.0 13.75 44392.7794
240.0 -5.0 -7.5 13.75 56039.3734
240.0 2.5 -7.5 13.75 10000000048.8799
240.0 5.0 -7.5 13.75 1021579.6193
240.0 7.5 -7.5 13.75 192945.3899
240.0 10.0 -7.5 13.75 67377642.13769999
240.0 -5.0 -5.0 13.75 281138525.86410004
240.0 -2.5 -5.0 13.75 9999999766.038801
240.0 2.5 -5.0 13.75 2983137860.9286
240.0 10.0 -5.0 13.75 1919707.1083
240.0 -5.0 -2.5 13.75 3143929564.627
240.0 -2.5 -2.5 13.75 9999999843.472301
240.0 0.0 -2.5 13.75 9999999684.2929
240.0 2.5 -2.5 13.75 9999999927.6895
240.0 -5.0 0.0 13.75 10000000155.1233
240.0 -2.5 0.0 13.75 10000000377.3619
240.0 0.0 0.0 13.75 10000000182.1277
240.0 2.5 0.0 13.75 9999999738.5634
240.0 -5.0 2.5 13.75 9999999808.7434
240.0 0.0 2.5 13.75 9999999550.657701
240.0 2.5 2.5 13.75 9999999804.166101
240.0 -5.0 5.0 13.75 10000000324.829102
240.0 0.0 5.0 13.75 1746324811.852
240.0 2.5 5.0 13.75 10000000062.5701
240.0 -5.0 -10.0 15.0 -7.6975999999999996
240.0 -2.5 -10.0 15.0 59.6074
240.0 0.0 -10.0 15.0 1369.9737
240.0 2.5 -10.0 15.0 28605.7317
240.0 5.0 -10.0 15.0 29666.9994
240.0 7.5 -10.0 15.0 61.6543
240.0 10.0 -10.0 15.0 106.67179999999999
240.0 -5.0 -7.5 15.0 2736395.8597999997
240.0 -2.5 -7.5 15.0 9805.3668
240.0 0.0 -7.5 15.0 90483821.3977
240.0 2.5 -7.5 15.0 349153469.6662
240.0 5.0 -7.5 15.0 2436414.7152
240.0 7.5 -7.5 15.0 175.9285
240.0 10.0 -7.5 15.0 13817.297
240.0 -5.0 -5.0 15.0 9999999552.4461
240.0 -2.5 -5.0 15.0 1405420081.9696999
240.0 0.0 -5.0 15.0 87340796.2131
240.0 2.5 -5.0 15.0 10000000038.9339
240.0 5.0 -5.0 15.0 8176140450.2669
240.0 7.5 -5.0 15.0 584441.6291
240.0 10.0 -5.0 15.0 19638999.3398
240.0 -5.0 -2.5 15.0 9999999826.111
240.0 -2.5 -2.5 15.0 9999999581.3943
240.0 0.0 -2.5 15.0 9999999860.2317
240.0 2.5 -2.5 15.0 9999999982.3055
240.0 5.0 -2.5 15.0 9999999942.453402
240.0 7.5 -2.5 15.0 10000000159.132101
240.0 10.0 -2.5 15.0 10000000055.544601
240.0 -5.0 0.0 15.0 9999999663.901402
240.0 -2.5 0.0 15.0 7039515010.0311
240.0 0.0 0.0 15.0 9999999727.2187
240.0 2.5 0.0 15.0 9999999979.1798
240.0 5.0 0.0 15.0 9999999900.0459
240.0 10.0 0.0 15.0 10000000047.864801
240.0 -5.0 2.5 15.0 10000000079.010801
240.0 -2.5 2.5 15.0 1126419895.1549
240.0 0.0 2.5 15.0 10000000157.1566
240.0 2.5 2.5 15.0 5941228486.547
240.0 5.0 2.5 15.0 9999999773.749401
240.0 10.0 2.5 15.0 10000000086.795801
240.0 -5.0 5.0 15.0 10000000019.3553
240.0 0.0 5.0 15.0 10000000036.239801
240.0 2.5 5.0 15.0 9999999789.9698
240.0 5.0 5.0 15.0 9999999974.368101
240.0 -5.0 -10.0 16.25 -11.2159
240.0 -2.5 -10.0 16.25 -7.1432
240.0 0.0 -10.0 16.25 -14.0454
240.0 2.5 -10.0 16.25 12.9204
240.0 5.0 -10.0 16.25 37.2643
240.0 7.5 -10.0 16.25 41.7075
240.0 10.0 -10.0 16.25 51.8855
240.0 -5.0 -7.5 16.25 28148.006100000002
240.0 -2.5 -7.5 16.25 79784.5672
240.0 0.0 -7.5 16.25 720345.9759
240.0 2.5 -7.5 16.25 19566628.6769
240.0 5.0 -7.5 16.25 9875.6977
240.0 7.5 -7.5 16.25 32.0805
240.0 10.0 -7.5 16.25 69.9235
240.0 -5.0 -5.0 16.25 1131198130.2525
240.0 -2.5 -5.0 16.25 9999999945.664902
240.0 0.0 -5.0 16.25 9999999962.905401
240.0 2.5 -5.0 16.25 9050516155.5597
240.0 5.0 -5.0 16.25 35412800.936900005
240.0 7.5 -5.0 16.25 1208092.6314
240.0 10.0 -5.0 16.25 372894.70489999995
240.0 -5.0 -2.5 16.25 9614858592.7737
240.0 -2.5 -2.5 16.25 9999999812.6191
240.0 0.0 -2.5 16.25 2206717758.2165003
240.0 2.5 -2.5 16.25 10000000026.367
240.0 5.0 -2.5 16.25 707998233.823
240.0 7.5 -2.5 16.25 24284628.717100002
240.0 10.0 -2.5 16.25 112252624.1831
240.0 -5.0 0.0 16.25 9999999969.8945
240.0 -2.5 0.0 16.25 8351224483.5426
240.0 0.0 0.0 16.25 10000000151.350601
240.0 2.5 0.0 16.25 9999999913.512201
240.0 5.0 0.0 16.25 9999999829.4571
240.0 7.5 0.0 16.25 12320421.817400001
240.0 10.0 0.0 16.25 51089879.0847
240.0 -5.0 2.5 16.25 10000000118.480202
240.0 -2.5 2.5 16.25 9999999996.467901
240.0 0.0 2.5 16.25 9999999560.8616
240.0 2.5 2.5 16.25 9999999775.644001
240.0 5.0 2.5 16.25 9999999941.4757
240.0 7.5 2.5 16.25 54380234.515300006
240.0 10.0 2.5 16.25 9999999945.167702
240.0 -5.0 5.0 16.25 471516922.91069996
240.0 -2.5 5.0 16.25 2757010695.1053
240.0 0.0 5.0 16.25 10000000359.0025
240.0 2.5 5.0 16.25 9999999862.0062
240.0 5.0 5.0 16.25 9999999984.0545
240.0 7.5 5.0 16.25 3740641545.2032003
240.0 10.0 5.0 16.25 10000000049.7474
300.0 -5.0 -10.0 3.75 10000000000.593102
300.0 -2.5 -10.0 3.75 9999999666.463202
300.0 0.0 -10.0 3.75 10000000073.545101
300.0 2.5 -10.0 3.75 9999999243.577002
300.0 5.0 -10.0 3.75 9999999941.5499
300.0 7.5 -10.0 3.75 9999999969.453402
300.0 10.0 -10.0 3.75 9999999737.355001
300.0 -5.0 -7.5 3.75 10000000029.7425
300.0 -2.5 -7.5 3.75 10000000605.468102
300.0 0.0 -7.5 3.75 9999999708.9108
300.0 2.5 -7.5 3.75 10000000234.415
300.0 5.0 -7.5 3.75 9999999739.4629
300.0 7.5 -7.5 3.75 9999999478.9029
300.0 10.0 -7.5 3.75 9999999903.1562
300.0 -5.0 -5.0 3.75 10000000016.239302
300.0 -2.5 -5.0 3.75 9999999982.2681
300.0 0.0 -5.0 3.75 10000000010.2087
300.0 2.5 -5.0 3.75 9999999887.7294
300.0 5.0 -5.0 3.75 10000000092.866901
300.0 7.5 -5.0 3.75 9999999951.9162
300.0 10.0 -5.0 3.75 10000000171.984201
300.0 -5.0 -2.5 3.75 10000000078.133001
300.0 -2.5 -2.5 3.75 10000000067.4143
300.0 0.0 -2.5 3.75 10000000153.0687
300.0 2.5 -2.5 3.75 9999999381.635
300.0 5.0 -2.5 3.75 10000000066.274801
300.0 7.5 -2.5 3.75 9999999564.8244
300.0 10.0 -2.5 3.75 10000000041.149801
300.0 -5.0 0.0 3.75 10000000255.423
300.0 -2.5 0.0 3.75 9999999564.2178
300.0 0.0 0.0 3.75 9999999756.0494
300.0 2.5 0.0 3.75 9999999774.825602
300.0 5.0 0.0 3.75 10000000125.3377
300.0 7.5 0.0 3.75 9999999916.1723
300.0 10.0 0.0 3.75 9999999569.347301
300.0 -5.0 2.5 3.75 10000000025.0767
300.0 -2.5 2.5 3.75 9999999867.417501
300.0 0.0 2.5 3.75 9999999730.716002
300.0 2.5 2.5 3.75 9999999686.797901
300.0 5.0 2.5 3.75 10000000037.2879
300.0 7.5 2.5 3.75 9999999879.6154
300.0 10.0 2.5 3.75 10000000160.009901
300.0 -5.0 5.0 3.75 9999999783.0356
300.0 -2.5 5.0 3.75 9999999836.4057
300.0 0.0 5.0 3.75 10000000040.279902
300.0 2.5 5.0 3.75 9999999812.1919
300.0 5.0 5.0 3.75 10000000115.1406
300.0 7.5 5.0 3.75 10000000050.838902
300.0 10.0 5.0 3.75 10000000037.322401
300.0 -2.5 -5.0 8.75 9999999893.9277
300.0 -5.0 5.0 8.75 9999999880.972502
300.0 -2.5 -10.0 10.0 9999999811.5515
300.0 -2.5 -7.5 10.0 1777856322.7951
300.0 -2.5 -5.0 10.0 10000000016.4409
300.0 -5.0 -2.5 10.0 9999999858.583601
300.0 -2.5 2.5 10.0 9999999990.4244
300.0 -5.0 5.0 10.0 10000000008.389101
300.0 -2.5 5.0 10.0 9999999975.3047
300.0 0.0 5.0 10.0 9999999970.890701
300.0 -2.5 -10.0 11.25 1917567787.2412999
300.0 0.0 -10.0 11.25 2542090450.6231
300.0 2.5 -10.0 11.25 3564516980.0193
300.0 -2.5 -7.5 11.25 9999999877.0
300.0 0.0 -7.5 11.25 9999999422.823
300.0 -2.5 -5.0 11.25 9999999873.7455
300.0 -2.5 0.0 11.25 9999999633.203701
300.0 -5.0 2.5 11.25 9999999937.3654
300.0 -2.5 2.5 11.25 9999999956.4855
300.0 -5.0 5.0 11.25 10000000416.4997
300.0 -2.5 5.0 11.25 10000000129.4594
300.0 0.0 5.0 11.25 9999999738.826101
300.0 5.0 5.0 11.25 9999999971.4748
300.0 -2.5 -10.0 12.5 7924295019.4877
300.0 0.0 -10.0 12.5 9999999968.9796
300.0 2.5 -10.0 12.5 9999999972.618301
300.0 5.0 -10.0 12.5 9999999962.911201
300.0 7.5 -10.0 12.5 34650267.1505
300.0 -5.0 -7.5 12.5 9999999867.4803
300.0 -2.5 -7.5 12.5 4545470151.529099
300.0 0.0 -7.5 12.5 4357799214.4331
300.0 2.5 -7.5 12.5 9999999781.5536
300.0 -5.0 -5.0 12.5 9999999917.3174
300.0 -2.5 -5.0 12.5 5167852566.2296
300.0 0.0 -5.0 12.5 9999999877.5007
300.0 -5.0 -2.5 12.5 10000000143.683601
300.0 -2.5 0.0 12.5 10000000013.4379
300.0 -5.0 2.5 12.5 10000000016.024302
300.0 -2.5 2.5 12.5 10000000021.279001
300.0 0.0 2.5 12.5 10000000332.4993
300.0 -5.0 5.0 12.5 9999999770.876501
300.0 -2.5 5.0 12.5 9999999646.1903
300.0 0.0 5.0 12.5 9999999799.5245
300.0 5.0 5.0 12.5 10000000009.102001
300.0 7.5 5.0 12.5 10000000017.9638
300.0 -5.0 -10.0 13.75 9999999969.0203
300.0 -2.5 -10.0 13.75 2651978593.1306
300.0 0.0 -10.0 13.75 1044033981.3135
300.0 2.5 -10.0 13.75 3444551.1706
300.0 5.0 -10.0 13.75 2890573218.2957
300.0 7.5 -10.0 13.75 3663379.0658
300.0 10.0 -10.0 13.75 26.961599999999997
300.0 -5.0 -7.5 13.75 302082723.9899
300.0 -2.5 -7.5 13.75 9999999904.3129
300.0 0.0 -7.5 13.75 9999999880.126701
300.0 2.5 -7.5 13.75 1232450964.0704
300.0 5.0 -7.5 13.75 6098640056.662399
300.0 -5.0 -5.0 13.75 9999999946.033401
300.0 -2.5 -5.0 13.75 10000000085.1604
300.0 0.0 -5.0 13.75 10000000216.375101
300.0 2.5 -2.5 13.75 10000000047.1583
300.0 -5.0 0.0 13.75 10000000103.827002
300.0 -2.5 0.0 13.75 2507765916.6709003
300.0 -5.0 2.5 13.75 10000000052.375301
300.0 -2.5 2.5 13.75 9999999961.688002
300.0 0.0 2.5 13.75 9999999816.4242
300.0 10.0 2.5 13.75 9999999908.3862
300.0 -5.0 5.0 13.75 10000000066.4601
300.0 -2.5 5.0 13.75 9999999996.2698
300.0 0.0 5.0 13.75 10000000067.9958
300.0 2.5 5.0 13.75 10000000004.147902
300.0 7.5 5.0 13.75 9999999937.2975
300.0 10.0 5.0 13.75 1041789045.7964
300.0 -5.0 -10.0 15.0 9999999967.6674
300.0 -2.5 -10.0 15.0 2189959448.5803
300.0 0.0 -10.0 15.0 571740670.1761999
300.0 2.5 -10.0 15.0 69049.92760000001
300.0 5.0 -10.0 15.0 9999999961.6464
300.0 7.5 -10.0 15.0 64088103.230500005
300.0 10.0 -10.0 15.0 25.519299999999998
300.0 -5.0 -7.5 15.0 9999999772.119501
300.0 -2.5 -7.5 15.0 6324153246.7233
300.0 0.0 -7.5 15.0 10000000118.0107
300.0 2.5 -7.5 15.0 1005443021.4979999
300.0 5.0 -7.5 15.0 827522976.3975999
300.0 7.5 -7.5 15.0 8581524.1807
300.0 10.0 -7.5 15.0 239.69
300.0 -5.0 -5.0 15.0 1447272852.3305001
300.0 -2.5 -5.0 15.0 9999999930.0969
300.0 0.0 -5.0 15.0 9999999933.070702
300.0 2.5 -5.0 15.0 9999999963.2236
300.0 5.0 -5.0 15.0 116195350.708
300.0 7.5 -5.0 15.0 6023958.2605
300.0 -5.0 -2.5 15.0 9999999867.560501
300.0 -2.5 -2.5 15.0 9999999882.3931
300.0 0.0 -2.5 15.0 9999999917.1389
300.0 2.5 -2.5 15.0 9999999894.756802
300.0 7.5 -2.5 15.0 9999999971.3278
300.0 -5.0 0.0 15.0 9999999956.3092
300.0 -2.5 0.0 15.0 9999999927.9347
300.0 0.0 0.0 15.0 10000000032.0969
300.0 2.5 0.0 15.0 10000000097.5279
300.0 5.0 0.0 15.0 10000000058.5779
300.0 -5.0 2.5 15.0 10000000143.594501
300.0 -2.5 2.5 15.0 9999999993.0659
300.0 0.0 2.5 15.0 10000000116.481
300.0 2.5 2.5 15.0 9999999985.2779
300.0 5.0 2.5 15.0 10000000004.1606
300.0 7.5 2.5 15.0 1334491463.3231
300.0 10.0 2.5 15.0 3161665875.6013
300.0 -5.0 5.0 15.0 10000000066.0778
300.0 -2.5 5.0 15.0 8935664652.0696
300.0 0.0 5.0 15.0 2275624204.1453
300.0 2.5 5.0 15.0 2343766254.4932
300.0 5.0 5.0 15.0 10000000007.6672
300.0 7.5 5.0 15.0 6937703941.011001
300.0 10.0 5.0 15.0 4693315011.935699
300.0 -5.0 -10.0 16.25 10000000140.4533
300.0 -2.5 -10.0 16.25 62440661.1545
300.0 0.0 -10.0 16.25 4248263.602399999
300.0 2.5 -10.0 16.25 61694.190800000004
300.0 5.0 -10.0 16.25 19203561.935000002
300.0 7.5 -10.0 16.25 2771.4880000000003
300.0 10.0 -10.0 16.25 14.3524
300.0 -5.0 -7.5 16.25 10000000254.3335
300.0 -2.5 -7.5 16.25 61590808.996300004
300.0 0.0 -7.5 16.25 5042733379.9858
300.0 2.5 -7.5 16.25 9999999795.0779
300.0 5.0 -7.5 16.25 563272577.3849
300.0 7.5 -7.5 16.25 5674787.5821
300.0 10.0 -7.5 16.25 7.968200000000001
300.0 -5.0 -5.0 16.25 10000000116.682402
300.0 -2.5 -5.0 16.25 9999999906.9729
300.0 0.0 -5.0 16.25 10000000018.2782
300.0 2.5 -5.0 16.25 10000000492.9234
300.0 5.0 -5.0 16.25 7774581894.6287
300.0 7.5 -5.0 16.25 7028.2638
300.0 10.0 -5.0 16.25 9.7611
300.0 -5.0 -2.5 16.25 9999999838.759201
300.0 -2.5 -2.5 16.25 9999999976.899
300.0 0.0 -2.5 16.25 9999999939.6935
300.0 2.5 -2.5 16.25 760944352.226
300.0 5.0 -2.5 16.25 9999999948.8483
300.0 7.5 -2.5 16.25 58568.5847
300.0 10.0 -2.5 16.25 31.5397
300.0 -5.0 0.0 16.25 1383843353.3988001
300.0 -2.5 0.0 16.25 9999999730.5736
300.0 0.0 0.0 16.25 9999999818.916101
300.0 2.5 0.0 16.25 9999999865.472502
300.0 5.0 0.0 16.25 10000000038.8733
300.0 10.0 0.0 16.25 1133.115
300.0 -5.0 2.5 16.25 9999999999.696901
300.0 -2.5 2.5 16.25 10000000307.783401
300.0 0.0 2.5 16.25 10000000064.7028
300.0 2.5 2.5 16.25 10000000085.086802
300.0 5.0 2.5 16.25 10000000015.2148
300.0 7.5 2.5 16.25 4888969.8378
300.0 10.0 2.5 16.25 10000000049.6152
300.0 -5.0 5.0 16.25 10000000018.1863
300.0 -2.5 5.0 16.25 9999999859.9967
300.0 0.0 5.0 16.25 9999999872.339401
300.0 2.5 5.0 16.25 9999999816.236
300.0 5.0 5.0 16.25 916798545.7248
300.0 7.5 5.0 16.25 878895658.1288
300.0 10.0 5.0 16.25 2373193.2486
