0.0 0.0 2.5 5.0 9999999958.640902
0.0 2.5 2.5 5.0 10000000009.8689
0.0 0.0 5.0 5.0 2144398035.2119
0.0 2.5 0.0 6.25 9999999894.063002
0.0 0.0 2.5 6.25 9017355884.0383
0.0 0.0 5.0 6.25 20443282.627299998
0.0 0.0 0.0 7.5 3675602099.4903
0.0 2.5 0.0 7.5 10000000003.6389
0.0 0.0 2.5 7.5 9999999810.568901
0.0 0.0 5.0 7.5 182334304.5192
0.0 0.0 -5.0 8.75 418096068.18530005
0.0 5.0 -5.0 8.75 9999999875.0301
0.0 -2.5 -2.5 8.75 9999999996.629002
0.0 0.0 -2.5 8.75 9999999844.2928
0.0 -2.5 0.0 8.75 10000000076.7385
0.0 0.0 0.0 8.75 9999999994.3488
0.0 2.5 0.0 8.75 9999999912.070301
0.0 0.0 2.5 8.75 9999999960.477001
0.0 2.5 2.5 8.75 9999999905.549301
0.0 0.0 5.0 8.75 29623918.150399998
0.0 2.5 5.0 8.75 130437832.5794
0.0 5.0 -7.5 10.0 2828.1183
0.0 7.5 -7.5 10.0 584.1345
0.0 -2.5 -5.0 10.0 10000000062.7513
0.0 0.0 -5.0 10.0 2919802720.8667
0.0 2.5 -5.0 10.0 3567770303.9877
0.0 5.0 -5.0 10.0 396585.5169
0.0 7.5 -5.0 10.0 26450.925499999998
0.0 -2.5 -2.5 10.0 3432876340.6947002
0.0 0.0 -2.5 10.0 359135215.82589996
0.0 2.5 -2.5 10.0 5886206756.6283
0.0 5.0 -2.5 10.0 1924390537.3933
0.0 -2.5 0.0 10.0 125867460.0666
0.0 0.0 0.0 10.0 35644462.0928
0.0 2.5 0.0 10.0 296330256.2059
0.0 0.0 2.5 10.0 1744660776.3362
0.0 2.5 2.5 10.0 405336143.1609
0.0 0.0 5.0 10.0 197514575.013
0.0 2.5 5.0 10.0 10000000138.9195
0.0 2.5 -10.0 11.25 73.7767
0.0 5.0 -10.0 11.25 29.9439
0.0 10.0 -10.0 11.25 -0.32540000000000013
0.0 2.5 -7.5 11.25 25690.265399999997
0.0 5.0 -7.5 11.25 1223.0008
0.0 7.5 -7.5 11.25 -0.7050000000000001
0.0 0.0 -5.0 11.25 12638542.437600002
0.0 2.5 -5.0 11.25 43340169.7958
0.0 5.0 -5.0 11.25 111981.799
0.0 -5.0 -2.5 11.25 9999999960.2327
0.0 -2.5 -2.5 11.25 172120.23580000002
0.0 0.0 -2.5 11.25 882884784.065
0.0 2.5 -2.5 11.25 63672224.3793
0.0 5.0 -2.5 11.25 15976336.574299999
0.0 -5.0 0.0 11.25 38080.634000000005
0.0 -2.5 0.0 11.25 42688.988000000005
0.0 0.0 0.0 11.25 363287147.90500003
0.0 2.5 0.0 11.25 41908015.096700005
0.0 0.0 2.5 11.25 10000000069.001701
0.0 2.5 2.5 11.25 1159288841.2583
0.0 0.0 5.0 11.25 2430673.9117
0.0 2.5 5.0 11.25 10000000035.938702
0.0 -2.5 -10.0 12.5 3.056000000000001
0.0 2.5 -10.0 12.5 28.0976
0.0 5.0 -10.0 12.5 16.6706
0.0 7.5 -10.0 12.5 6.764500000000001
0.0 10.0 -10.0 12.5 2.7012
0.0 -5.0 -7.5 12.5 17.305400000000002
0.0 0.0 -7.5 12.5 8377.8399
0.0 2.5 -7.5 12.5 367.5195
0.0 5.0 -7.5 12.5 39.720200000000006
0.0 7.5 -7.5 12.5 3.9882000000000004
0.0 10.0 -7.5 12.5 1.8330000000000002
0.0 -2.5 -5.0 12.5 5913.8588
0.0 0.0 -5.0 12.5 3912.5860000000002
0.0 2.5 -5.0 12.5 405463.923
0.0 5.0 -5.0 12.5 2511.7076
0.0 -2.5 -2.5 12.5 113134931.1877
0.0 0.0 -2.5 12.5 149422.50699999998
0.0 2.5 -2.5 12.5 1601102809.5412
0.0 5.0 -2.5 12.5 323255.7699
0.0 -5.0 0.0 12.5 32.2734
0.0 -2.5 0.0 12.5 470.0505
0.0 0.0 0.0 12.5 10976084.8932
0.0 2.5 0.0 12.5 125878201.38499999
0.0 5.0 0.0 12.5 46846.1368
0.0 -2.5 2.5 12.5 7006539.5462
0.0 0.0 2.5 12.5 187622.1807
0.0 2.5 2.5 12.5 135396.4872
0.0 7.5 2.5 12.5 11.835899999999999
0.0 0.0 5.0 12.5 5564.2931
0.0 2.5 5.0 12.5 933411985.8456
0.0 5.0 5.0 12.5 79333380.77080001
0.0 -2.5 -10.0 13.75 5.9525
0.0 0.0 -10.0 13.75 19.6549
0.0 2.5 -10.0 13.75 21.7617
0.0 5.0 -10.0 13.75 15.1197
0.0 7.5 -10.0 13.75 7.752
0.0 10.0 -10.0 13.75 3.161
0.0 -5.0 -7.5 13.75 -2.4173999999999998
0.0 -2.5 -7.5 13.75 7.8763000000000005
0.0 0.0 -7.5 13.75 20.7593
0.0 2.5 -7.5 13.75 36.759100000000004
0.0 5.0 -7.5 13.75 12.8301
0.0 7.5 -7.5 13.75 5.7172
0.0 10.0 -7.5 13.75 2.7929999999999997
0.0 -2.5 -5.0 13.75 18.2897
0.0 0.0 -5.0 13.75 31.3813
0.0 2.5 -5.0 13.75 803.4515
0.0 5.0 -5.0 13.75 97.7031
0.0 7.5 -5.0 13.75 0.22270000000000012
0.0 -5.0 -2.5 13.75 8.4849
0.0 -2.5 -2.5 13.75 242.1621
0.0 0.0 -2.5 13.75 705.1845999999999
0.0 2.5 -2.5 13.75 1027038.8282999999
0.0 5.0 -2.5 13.75 162.4706
0.0 7.5 -2.5 13.75 -2.8971
0.0 -5.0 0.0 13.75 -6.2995
0.0 -2.5 0.0 13.75 -1.9539999999999997
0.0 0.0 0.0 13.75 1533.0526
0.0 2.5 0.0 13.75 10248.161699999999
0.0 5.0 0.0 13.75 508.68640000000005
0.0 7.5 0.0 13.75 -3.2399999999999998
0.0 10.0 0.0 13.75 -2.6497
0.0 -5.0 2.5 13.75 -4.339
0.0 -2.5 2.5 13.75 111.3543
0.0 0.0 2.5 13.75 49.491
0.0 2.5 2.5 13.75 136.3744
0.0 5.0 2.5 13.75 246725.7794
0.0 7.5 2.5 13.75 -3.0614999999999997
0.0 -2.5 5.0 13.75 -2.0149
0.0 0.0 5.0 13.75 3.7462
0.0 2.5 5.0 13.75 15943.923299999999
0.0 5.0 5.0 13.75 2293098.9725
0.0 7.5 5.0 13.75 -1.8055
0.0 10.0 5.0 13.75 -1.6251
0.0 -5.0 -10.0 15.0 -1.6373
0.0 -2.5 -10.0 15.0 6.5449
0.0 0.0 -10.0 15.0 14.6935
0.0 2.5 -10.0 15.0 16.326999999999998
0.0 5.0 -10.0 15.0 12.0242
0.0 7.5 -10.0 15.0 6.4207
0.0 10.0 -10.0 15.0 2.4242
0.0 -5.0 -7.5 15.0 -0.05389999999999984
0.0 -2.5 -7.5 15.0 7.3979
0.0 0.0 -7.5 15.0 14.9018
0.0 2.5 -7.5 15.0 15.6737
0.0 5.0 -7.5 15.0 11.3192
0.0 7.5 -7.5 15.0 5.915100000000001
0.0 10.0 -7.5 15.0 2.0934
0.0 -5.0 -5.0 15.0 0.6158000000000001
0.0 -2.5 -5.0 15.0 6.2158
0.0 0.0 -5.0 15.0 11.3656
0.0 2.5 -5.0 15.0 31.7408
0.0 5.0 -5.0 15.0 6.271800000000001
0.0 7.5 -5.0 15.0 2.1045
0.0 10.0 -5.0 15.0 0.38520000000000004
0.0 -5.0 -2.5 15.0 -1.3472
0.0 -2.5 -2.5 15.0 2.9934999999999996
0.0 0.0 -2.5 15.0 9.1374
0.0 2.5 -2.5 15.0 291.51550000000003
0.0 5.0 -2.5 15.0 1.9774000000000003
0.0 7.5 -2.5 15.0 -0.6254
0.0 10.0 -2.5 15.0 -1.3782
0.0 -5.0 0.0 15.0 -2.3403
0.0 -2.5 0.0 15.0 0.133
0.0 0.0 0.0 15.0 2.5921999999999996
0.0 2.5 0.0 15.0 17.9389
0.0 5.0 0.0 15.0 -0.1726000000000001
0.0 7.5 0.0 15.0 -1.4266
0.0 10.0 0.0 15.0 -1.8341
0.0 -5.0 2.5 15.0 -1.7429000000000001
0.0 -2.5 2.5 15.0 -0.6629
0.0 0.0 2.5 15.0 0.7164000000000001
0.0 2.5 2.5 15.0 1.3554000000000004
0.0 5.0 2.5 15.0 41.2172
0.0 7.5 2.5 15.0 -0.8456
0.0 10.0 2.5 15.0 -1.0771
0.0 -5.0 5.0 15.0 -0.8331999999999999
0.0 -2.5 5.0 15.0 0.2955000000000001
0.0 0.0 5.0 15.0 1.3083
0.0 2.5 5.0 15.0 4.6079
0.0 5.0 5.0 15.0 17.790300000000002
0.0 7.5 5.0 15.0 -0.3236000000000001
0.0 10.0 5.0 15.0 -0.29119999999999996
0.0 -5.0 -10.0 16.25 0.2745000000000001
0.0 -2.5 -10.0 16.25 5.1638
0.0 0.0 -10.0 16.25 9.7724
0.0 2.5 -10.0 16.25 10.9311
0.0 5.0 -10.0 16.25 8.2515
0.0 7.5 -10.0 16.25 4.5848
0.0 10.0 -10.0 16.25 1.398
0.0 -5.0 -7.5 16.25 1.0253
0.0 -2.5 -7.5 16.25 5.858899999999999
0.0 0.0 -7.5 16.25 9.9371
0.0 2.5 -7.5 16.25 11.032399999999999
0.0 5.0 -7.5 16.25 8.1724
0.0 7.5 -7.5 16.25 4.6761
0.0 10.0 -7.5 16.25 0.8825999999999999
0.0 -5.0 -5.0 16.25 0.6984
0.0 -2.5 -5.0 16.25 4.6421
0.0 0.0 -5.0 16.25 8.4146
0.0 2.5 -5.0 16.25 7.805199999999999
0.0 5.0 -5.0 16.25 5.632700000000001
0.0 7.5 -5.0 16.25 2.0928
0.0 10.0 -5.0 16.25 -0.09400000000000001
0.0 -5.0 -2.5 16.25 0.35030000000000006
0.0 -2.5 -2.5 16.25 3.2739
0.0 0.0 -2.5 16.25 4.7811
0.0 2.5 -2.5 16.25 4.3439
0.0 5.0 -2.5 16.25 2.4880000000000004
0.0 7.5 -2.5 16.25 0.2386999999999999
0.0 10.0 -2.5 16.25 -0.7031000000000001
0.0 -5.0 0.0 16.25 -0.386
0.0 -2.5 0.0 16.25 1.2344
0.0 0.0 0.0 16.25 2.2687999999999997
0.0 2.5 0.0 16.25 2.2918000000000003
0.0 5.0 0.0 16.25 1.1921
0.0 7.5 0.0 16.25 0.02639999999999998
0.0 10.0 0.0 16.25 -1.1278000000000001
0.0 -5.0 2.5 16.25 -0.3335
0.0 -2.5 2.5 16.25 0.6594
0.0 0.0 2.5 16.25 2.2397
0.0 2.5 2.5 16.25 2.5516000000000005
0.0 5.0 2.5 16.25 2.0867999999999998
0.0 7.5 2.5 16.25 0.8272000000000002
0.0 10.0 2.5 16.25 -0.5109
0.0 -5.0 5.0 16.25 -0.016400000000000026
0.0 -2.5 5.0 16.25 1.0373999999999999
0.0 0.0 5.0 16.25 2.3337
0.0 2.5 5.0 16.25 2.3911
0.0 5.0 5.0 16.25 1.8714000000000002
0.0 7.5 5.0 16.25 0.908
0.0 10.0 5.0 16.25 0.3143
60.0 -5.0 -10.0 3.75 10000000068.8068
60.0 -2.5 -10.0 3.75 9999999904.9382
60.0 0.0 -10.0 3.75 40102566.214099996
60.0 2.5 -10.0 3.75 10000000104.277102
60.0 5.0 -10.0 3.75 224002597.36089998
60.0 7.5 -10.0 3.75 9999999978.024601
60.0 10.0 -10.0 3.75 238.2527
60.0 -5.0 -7.5 3.75 10000000195.3477
60.0 -2.5 -7.5 3.75 10000000066.8812
60.0 0.0 -7.5 3.75 10000000135.211802
60.0 2.5 -7.5 3.75 2097122241.4980001
60.0 5.0 -7.5 3.75 4817147447.9531
60.0 7.5 -7.5 3.75 9999999876.3428
60.0 10.0 -7.5 3.75 2097.7998
60.0 -5.0 -5.0 3.75 10000000045.7317
60.0 -2.5 -5.0 3.75 9999999724.0387
60.0 0.0 -5.0 3.75 10000000112.292501
60.0 2.5 -5.0 3.75 10000000220.7828
60.0 5.0 -5.0 3.75 9999999987.8078
60.0 7.5 -5.0 3.75 567149080.2081001
60.0 10.0 -5.0 3.75 144085683.24659997
60.0 -5.0 -2.5 3.75 10000000134.348501
60.0 -2.5 -2.5 3.75 9999999590.7935
60.0 0.0 -2.5 3.75 9999999949.946402
60.0 2.5 -2.5 3.75 9999999960.8666
60.0 5.0 -2.5 3.75 9999999936.530901
60.0 7.5 -2.5 3.75 70821540.32810001
60.0 10.0 -2.5 3.75 1447490.751
60.0 -5.0 0.0 3.75 9999999902.0706
60.0 -2.5 0.0 3.75 9999999825.4353
60.0 0.0 0.0 3.75 10000000002.005001
60.0 2.5 0.0 3.75 10000000155.382101
60.0 5.0 0.0 3.75 455245291.18200004
60.0 7.5 0.0 3.75 5529041459.1126
60.0 10.0 0.0 3.75 84752273.1871
60.0 -5.0 2.5 3.75 47478556.9049
60.0 -2.5 2.5 3.75 9999999983.307402
60.0 0.0 2.5 3.75 9999999985.321901
60.0 2.5 2.5 3.75 768084230.0983
60.0 5.0 2.5 3.75 239928806.54630002
60.0 7.5 2.5 3.75 10000000011.6952
60.0 10.0 2.5 3.75 9545790.8147
60.0 -5.0 5.0 3.75 167384910.43760002
60.0 -2.5 5.0 3.75 315741273.8168
60.0 0.0 5.0 3.75 9999999933.038301
60.0 2.5 5.0 3.75 4642502020.3102
60.0 5.0 5.0 3.75 484645535.36380005
60.0 7.5 5.0 3.75 10000000012.716702
60.0 10.0 5.0 3.75 2391392441.7995
60.0 0.0 -2.5 6.25 3382313347.7395
60.0 0.0 2.5 6.25 621828716.7261
60.0 5.0 -7.5 7.5 55360384.194400005
60.0 0.0 -5.0 7.5 9999999928.209501
60.0 0.0 -2.5 7.5 9999999956.180302
60.0 -2.5 0.0 7.5 7321681546.1448
60.0 0.0 0.0 7.5 9999999933.258902
60.0 -2.5 2.5 7.5 64597723.4741
60.0 0.0 2.5 7.5 1106183055.664
60.0 0.0 -7.5 8.75 4266813.1896
60.0 0.0 -5.0 8.75 9999999955.8777
60.0 2.5 -5.0 8.75 1817511307.8195002
60.0 0.0 -2.5 8.75 10000000042.488401
60.0 -2.5 0.0 8.75 9999999971.096401
60.0 0.0 0.0 8.75 2743892536.5639
60.0 -2.5 2.5 8.75 155383204.5023
60.0 0.0 2.5 8.75 84568389.7114
60.0 2.5 2.5 8.75 10000000003.276402
60.0 -5.0 5.0 8.75 22.1387
60.0 -2.5 5.0 8.75 990787.3709999999
60.0 0.0 5.0 8.75 579852.8014
60.0 0.0 -10.0 10.0 10000000003.249601
60.0 0.0 -7.5 10.0 4025991.5445000003
60.0 2.5 -7.5 10.0 264273.353
60.0 5.0 -7.5 10.0 146.4818
60.0 0.0 -5.0 10.0 5825084742.1418
60.0 2.5 -5.0 10.0 159604126.8585
60.0 0.0 -2.5 10.0 543131702.1337
60.0 -2.5 0.0 10.0 9999999997.5767
60.0 0.0 0.0 10.0 9999999929.1543
60.0 -5.0 2.5 10.0 7265569.4722
60.0 -2.5 2.5 10.0 5149131442.7773
60.0 0.0 2.5 10.0 8206163278.2617
60.0 2.5 2.5 10.0 6043695.3945
60.0 -2.5 5.0 10.0 73115019.65030001
60.0 0.0 5.0 10.0 18910033.1487
60.0 2.5 5.0 10.0 200887.80969999998
60.0 0.0 -10.0 11.25 7387050.3684
60.0 7.5 -10.0 11.25 3.6579000000000006
60.0 10.0 -10.0 11.25 0.6979000000000001
60.0 -2.5 -7.5 11.25 509.2727
60.0 0.0 -7.5 11.25 4358.7822
60.0 2.5 -7.5 11.25 4694.9631
60.0 5.0 -7.5 11.25 5.1996
60.0 7.5 -7.5 11.25 -0.30320000000000036
60.0 10.0 -7.5 11.25 -2.2189
60.0 0.0 -5.0 11.25 317412977.1329
60.0 2.5 -5.0 11.25 377675468.48480004
60.0 0.0 -2.5 11.25 2975445191.0802
60.0 -2.5 0.0 11.25 182303556.9939
60.0 0.0 0.0 11.25 3992570149.9298
60.0 2.5 0.0 11.25 10000000036.814402
60.0 -5.0 2.5 11.25 10691822.9474
60.0 -2.5 2.5 11.25 9566148.6558
60.0 0.0 2.5 11.25 9999999997.5118
60.0 2.5 2.5 11.25 3730299.3356999997
60.0 -5.0 5.0 11.25 69.3408
60.0 -2.5 5.0 11.25 9499470.476599999
60.0 0.0 5.0 11.25 79765025.1333
60.0 2.5 5.0 11.25 951312.5446
60.0 5.0 5.0 11.25 18979083.2993
60.0 0.0 -10.0 12.5 48.8327
60.0 2.5 -10.0 12.5 57.9407
60.0 5.0 -10.0 12.5 9.3665
60.0 7.5 -10.0 12.5 3.401
60.0 10.0 -10.0 12.5 0.33730000000000004
60.0 -2.5 -7.5 12.5 20.2294
60.0 0.0 -7.5 12.5 37.870999999999995
60.0 2.5 -7.5 12.5 58.5809
60.0 5.0 -7.5 12.5 6.2174
60.0 7.5 -7.5 12.5 0.6550000000000002
60.0 10.0 -7.5 12.5 -1.1015000000000001
60.0 -5.0 -5.0 12.5 95.4313
60.0 -2.5 -5.0 12.5 523116.1532
60.0 0.0 -5.0 12.5 122310301.26630001
60.0 2.5 -5.0 12.5 8593.236
60.0 -2.5 -2.5 12.5 156654.5879
60.0 0.0 -2.5 12.5 9999999958.4766
60.0 5.0 -2.5 12.5 66757158.1672
60.0 -5.0 0.0 12.5 56085.6775
60.0 -2.5 0.0 12.5 705750.8243
60.0 0.0 0.0 12.5 138236982.54020002
60.0 2.5 0.0 12.5 9999999973.937302
60.0 -5.0 2.5 12.5 43.827
60.0 -2.5 2.5 12.5 1151438.7955999998
60.0 0.0 2.5 12.5 10000000029.401201
60.0 2.5 2.5 12.5 114547.0896
60.0 -5.0 5.0 12.5 2.2932
60.0 -2.5 5.0 12.5 2844482498.8427997
60.0 0.0 5.0 12.5 59177197.7524
60.0 2.5 5.0 12.5 429.4108
60.0 5.0 5.0 12.5 1740.0019000000002
60.0 -2.5 -10.0 13.75 5.8042
60.0 0.0 -10.0 13.75 12.4407
60.0 2.5 -10.0 13.75 12.5679
60.0 5.0 -10.0 13.75 7.6253
60.0 7.5 -10.0 13.75 2.9495999999999998
60.0 10.0 -10.0 13.75 0.2407
60.0 -2.5 -7.5 13.75 14.315999999999999
60.0 0.0 -7.5 13.75 17.2303
60.0 2.5 -7.5 13.75 13.273
60.0 5.0 -7.5 13.75 6.1079
60.0 7.5 -7.5 13.75 0.7986000000000001
60.0 10.0 -7.5 13.75 -0.8664000000000001
60.0 -5.0 -5.0 13.75 6.7284
60.0 -2.5 -5.0 13.75 78.8374
60.0 0.0 -5.0 13.75 22.9461
60.0 2.5 -5.0 13.75 31.4879
60.0 5.0 -5.0 13.75 2258.0679
60.0 7.5 -5.0 13.75 -2.2945
60.0 10.0 -5.0 13.75 -1.0601
60.0 -5.0 -2.5 13.75 9.258
60.0 -2.5 -2.5 13.75 115.2772
60.0 0.0 -2.5 13.75 2848.4221
60.0 2.5 -2.5 13.75 7088.3093
60.0 5.0 -2.5 13.75 52764324.9413
60.0 7.5 -2.5 13.75 -0.23719999999999986
60.0 -5.0 0.0 13.75 1.3953999999999995
60.0 -2.5 0.0 13.75 15.065000000000001
60.0 0.0 0.0 13.75 511.80839999999995
60.0 2.5 0.0 13.75 530478900.2614
60.0 5.0 0.0 13.75 10000000004.5407
60.0 -5.0 2.5 13.75 2.4262999999999995
60.0 -2.5 2.5 13.75 55.97430000000001
60.0 0.0 2.5 13.75 307725979.1494
60.0 2.5 2.5 13.75 251.9949
60.0 -5.0 5.0 13.75 3.1013
60.0 -2.5 5.0 13.75 15533.9244
60.0 0.0 5.0 13.75 2744598.5038
60.0 2.5 5.0 13.75 0.8951000000000002
60.0 5.0 5.0 13.75 -0.6196999999999999
60.0 -5.0 -10.0 15.0 1.9838
60.0 -2.5 -10.0 15.0 6.163
60.0 0.0 -10.0 15.0 10.046000000000001
60.0 2.5 -10.0 15.0 9.8782
60.0 5.0 -10.0 15.0 6.2516
60.0 7.5 -10.0 15.0 1.9159
60.0 10.0 -10.0 15.0 -0.086
60.0 -5.0 -7.5 15.0 6.424099999999999
60.0 -2.5 -7.5 15.0 11.5149
60.0 0.0 -7.5 15.0 13.545499999999999
60.0 2.5 -7.5 15.0 10.603299999999999
60.0 5.0 -7.5 15.0 5.3428
60.0 7.5 -7.5 15.0 0.8692
60.0 10.0 -7.5 15.0 -0.4666
60.0 -5.0 -5.0 15.0 6.7507
60.0 -2.5 -5.0 15.0 10.4423
60.0 0.0 -5.0 15.0 11.477899999999998
60.0 2.5 -5.0 15.0 6.939
60.0 5.0 -5.0 15.0 2.2302
60.0 7.5 -5.0 15.0 -0.9164
60.0 10.0 -5.0 15.0 -0.7282
60.0 -5.0 -2.5 15.0 4.1014
60.0 -2.5 -2.5 15.0 5.6425
60.0 0.0 -2.5 15.0 4.4221
60.0 2.5 -2.5 15.0 8.8443
60.0 5.0 -2.5 15.0 120302.61349999999
60.0 7.5 -2.5 15.0 -2.1748
60.0 10.0 -2.5 15.0 -0.8932
60.0 -5.0 0.0 15.0 3.1723000000000003
60.0 -2.5 0.0 15.0 2.5732
60.0 0.0 0.0 15.0 -0.1997
60.0 2.5 0.0 15.0 71.1568
60.0 5.0 0.0 15.0 1757.6033000000002
60.0 7.5 0.0 15.0 -2.6098
60.0 10.0 0.0 15.0 -0.9982
60.0 -5.0 2.5 15.0 3.3701
60.0 -2.5 2.5 15.0 4.1213
60.0 0.0 2.5 15.0 215.5813
60.0 2.5 2.5 15.0 1.6201999999999996
60.0 5.0 2.5 15.0 -1.3855000000000002
60.0 7.5 2.5 15.0 -2.1932
60.0 10.0 2.5 15.0 -0.7025
60.0 -5.0 5.0 15.0 3.1073999999999993
60.0 -2.5 5.0 15.0 5.567
60.0 0.0 5.0 15.0 24.2329
60.0 2.5 5.0 15.0 1.4107000000000003
60.0 5.0 5.0 15.0 -0.7889999999999999
60.0 -5.0 -10.0 16.25 2.4080999999999997
60.0 -2.5 -10.0 16.25 5.1101
60.0 0.0 -10.0 16.25 7.4537
60.0 2.5 -10.0 16.25 6.9021
60.0 5.0 -10.0 16.25 3.6995
60.0 7.5 -10.0 16.25 0.8656
60.0 10.0 -10.0 16.25 -0.0471
60.0 -5.0 -7.5 16.25 4.869
60.0 -2.5 -7.5 16.25 8.1506
60.0 0.0 -7.5 16.25 10.0356
60.0 2.5 -7.5 16.25 7.9011
60.0 5.0 -7.5 16.25 3.8266000000000004
60.0 7.5 -7.5 16.25 0.3778
60.0 10.0 -7.5 16.25 -0.08829999999999999
60.0 -5.0 -5.0 16.25 5.4559
60.0 -2.5 -5.0 16.25 8.1584
60.0 0.0 -5.0 16.25 9.078000000000001
60.0 2.5 -5.0 16.25 5.896999999999999
60.0 5.0 -5.0 16.25 1.9473000000000003
60.0 7.5 -5.0 16.25 -0.47150000000000003
60.0 10.0 -5.0 16.25 -0.5339
60.0 -5.0 -2.5 16.25 3.9749999999999996
60.0 -2.5 -2.5 16.25 5.884799999999999
60.0 0.0 -2.5 16.25 5.4818
60.0 2.5 -2.5 16.25 2.792
60.0 5.0 -2.5 16.25 0.6888000000000001
60.0 7.5 -2.5 16.25 -1.1492
60.0 10.0 -2.5 16.25 -0.8582000000000001
60.0 -5.0 0.0 16.25 3.2938
60.0 -2.5 0.0 16.25 3.6113999999999997
60.0 0.0 0.0 16.25 2.8039
60.0 2.5 0.0 16.25 0.8527
60.0 5.0 0.0 16.25 -1.2801
60.0 7.5 0.0 16.25 -1.4326
60.0 10.0 0.0 16.25 -0.6718999999999999
60.0 -5.0 2.5 16.25 3.0157999999999996
60.0 -2.5 2.5 16.25 3.3756000000000004
60.0 0.0 2.5 16.25 3.2124999999999995
60.0 2.5 2.5 16.25 1.6562999999999999
60.0 5.0 2.5 16.25 -0.13180000000000014
60.0 7.5 2.5 16.25 -1.0356
60.0 10.0 2.5 16.25 -0.3385
60.0 -5.0 5.0 16.25 2.0177
60.0 -2.5 5.0 16.25 3.3190999999999997
60.0 0.0 5.0 16.25 3.1242
60.0 2.5 5.0 16.25 2.1979
60.0 5.0 5.0 16.25 0.0014999999999999458
60.0 7.5 5.0 16.25 -0.3226
60.0 10.0 5.0 16.25 -0.09920000000000001
120.0 -5.0 -10.0 3.75 1457485369.5593
120.0 -2.5 -10.0 3.75 1203413833.2705998
120.0 0.0 -10.0 3.75 1775842931.2962
120.0 2.5 -10.0 3.75 9999999866.6952
120.0 5.0 -10.0 3.75 10000000060.623901
120.0 7.5 -10.0 3.75 239709.29429999998
120.0 10.0 -10.0 3.75 450.2045
120.0 -5.0 -7.5 3.75 9999999964.921701
120.0 -2.5 -7.5 3.75 10000000081.377201
120.0 0.0 -7.5 3.75 9999999878.966501
120.0 2.5 -7.5 3.75 10000000063.741901
120.0 5.0 -7.5 3.75 9999999979.777601
120.0 7.5 -7.5 3.75 26961.0172
120.0 10.0 -7.5 3.75 35.6906
120.0 -5.0 -5.0 3.75 9999999998.002401
120.0 -2.5 -5.0 3.75 7164215497.3411
120.0 0.0 -5.0 3.75 9999999937.4505
120.0 2.5 -5.0 3.75 10000000056.8125
120.0 5.0 -5.0 3.75 10000000037.3367
120.0 7.5 -5.0 3.75 535335783.3852
120.0 10.0 -5.0 3.75 583.5223000000001
120.0 -5.0 -2.5 3.75 10000000059.143301
120.0 -2.5 -2.5 3.75 10000000054.7954
120.0 0.0 -2.5 3.75 10000000128.823101
120.0 2.5 -2.5 3.75 10000000081.9431
120.0 5.0 -2.5 3.75 4980895375.5598
120.0 7.5 -2.5 3.75 136766951.9715
120.0 10.0 -2.5 3.75 305910.03229999996
120.0 -5.0 0.0 3.75 378022388.4322
120.0 -2.5 0.0 3.75 10000000045.1853
120.0 0.0 0.0 3.75 10000000175.343
120.0 2.5 0.0 3.75 10000000175.6651
120.0 5.0 0.0 3.75 10000000017.102201
120.0 7.5 0.0 3.75 322517636.0622
120.0 10.0 0.0 3.75 225028225.14319998
120.0 -5.0 2.5 3.75 1338321487.9248
120.0 -2.5 2.5 3.75 10000000104.7401
120.0 0.0 2.5 3.75 1091231045.9974
120.0 2.5 2.5 3.75 9999999986.3036
120.0 5.0 2.5 3.75 10000000010.8862
120.0 7.5 2.5 3.75 44893152.4364
120.0 10.0 2.5 3.75 12173400.404299999
120.0 -5.0 5.0 3.75 10000000005.4206
120.0 -2.5 5.0 3.75 10000000166.844002
120.0 0.0 5.0 3.75 10000000112.958302
120.0 2.5 5.0 3.75 10000000063.6868
120.0 5.0 5.0 3.75 10000000001.3148
120.0 7.5 5.0 3.75 181764294.2404
120.0 10.0 5.0 3.75 108527.2938
120.0 -2.5 0.0 5.0 9999999936.2462
120.0 -2.5 2.5 5.0 5421182917.7303
120.0 0.0 -2.5 6.25 9999999872.888601
120.0 -2.5 0.0 6.25 10000000015.709702
120.0 -2.5 2.5 6.25 9999999885.2462
120.0 -2.5 5.0 6.25 9999999965.3509
120.0 0.0 -7.5 7.5 7566599562.3056
120.0 -2.5 -5.0 7.5 10000000116.512001
120.0 0.0 -5.0 7.5 9999999820.9389
120.0 -2.5 -2.5 7.5 586786890.4726
120.0 0.0 -2.5 7.5 10000000036.8376
120.0 -2.5 0.0 7.5 9999999954.590601
120.0 -2.5 2.5 7.5 56497246.708
120.0 0.0 2.5 7.5 9999999929.597301
120.0 -2.5 5.0 7.5 6295590428.1629
120.0 0.0 -7.5 8.75 7254872680.1559
120.0 -2.5 -5.0 8.75 10000000037.273201
120.0 0.0 -5.0 8.75 10000000126.364101
120.0 2.5 -5.0 8.75 10000000048.389101
120.0 -2.5 -2.5 8.75 10000000019.3715
120.0 0.0 -2.5 8.75 10000000015.2556
120.0 -2.5 0.0 8.75 9999999984.105001
120.0 0.0 0.0 8.75 9999999977.774302
120.0 -2.5 2.5 8.75 11806582.2286
120.0 0.0 2.5 8.75 2693828222.7721996
120.0 -5.0 5.0 8.75 47637.362
120.0 -2.5 5.0 8.75 232717457.0116
120.0 0.0 -7.5 10.0 10000000096.834501
120.0 2.5 -7.5 10.0 147553.6584
120.0 -2.5 -5.0 10.0 5207105770.9799
120.0 0.0 -5.0 10.0 9823843109.8837
120.0 2.5 -5.0 10.0 133124042.45120001
120.0 -2.5 -2.5 10.0 9999999934.2236
120.0 0.0 -2.5 10.0 9999999946.2756
120.0 -2.5 0.0 10.0 5680911272.034
120.0 0.0 0.0 10.0 96699288.9549
120.0 -2.5 2.5 10.0 29328584.5162
120.0 0.0 2.5 10.0 10000000025.8733
120.0 2.5 2.5 10.0 1909836558.2686
120.0 -5.0 5.0 10.0 127.1067
120.0 -2.5 5.0 10.0 5635652637.036699
120.0 0.0 5.0 10.0 5441097505.97
120.0 0.0 -10.0 11.25 37603.5439
120.0 2.5 -10.0 11.25 488.8658
120.0 5.0 -10.0 11.25 -15.955
120.0 7.5 -10.0 11.25 -4.3858999999999995
120.0 0.0 -7.5 11.25 943561363.8134999
120.0 2.5 -7.5 11.25 19413.5325
120.0 5.0 -7.5 11.25 -10.6786
120.0 -2.5 -5.0 11.25 3450450.6267
120.0 0.0 -5.0 11.25 2350011718.1468
120.0 2.5 -5.0 11.25 146122.5584
120.0 -5.0 -2.5 11.25 10000000029.5172
120.0 -2.5 -2.5 11.25 211249170.3912
120.0 0.0 -2.5 11.25 671212385.2839
120.0 -5.0 0.0 11.25 58762.3031
120.0 -2.5 0.0 11.25 5590874194.6349
120.0 0.0 0.0 11.25 4587806949.047601
120.0 2.5 0.0 11.25 2401974289.4937
120.0 5.0 0.0 11.25 2743794.8907
120.0 -5.0 2.5 11.25 64.0694
120.0 -2.5 2.5 11.25 127216.6621
120.0 0.0 2.5 11.25 1031759.8616999999
120.0 2.5 2.5 11.25 500748154.2493
120.0 -5.0 5.0 11.25 -1.1118000000000006
120.0 -2.5 5.0 11.25 159665.6037
120.0 0.0 5.0 11.25 869966892.8671
120.0 2.5 5.0 11.25 6616750.0428
120.0 -5.0 -10.0 12.5 75.7105
120.0 0.0 -10.0 12.5 26.819200000000002
120.0 2.5 -10.0 12.5 -0.38349999999999973
120.0 5.0 -10.0 12.5 -11.9148
120.0 7.5 -10.0 12.5 -7.4923
120.0 10.0 -10.0 12.5 -1.5378999999999998
120.0 -2.5 -7.5 12.5 16.6973
120.0 0.0 -7.5 12.5 2252.2093999999997
120.0 2.5 -7.5 12.5 88.1397
120.0 5.0 -7.5 12.5 -5.5302
120.0 -2.5 -5.0 12.5 305548.695
120.0 0.0 -5.0 12.5 5854.5249
120.0 2.5 -5.0 12.5 34174.4511
120.0 -5.0 -2.5 12.5 113066.21029999999
120.0 -2.5 -2.5 12.5 28906058.972900003
120.0 0.0 -2.5 12.5 71331013.7239
120.0 -5.0 0.0 12.5 145482.0376
120.0 -2.5 0.0 12.5 543945188.0034
120.0 0.0 0.0 12.5 25152.670000000002
120.0 2.5 0.0 12.5 9999999984.798601
120.0 5.0 0.0 12.5 3782881257.5959
120.0 -5.0 2.5 12.5 5.805
120.0 -2.5 2.5 12.5 45.1341
120.0 0.0 2.5 12.5 72733.25110000001
120.0 2.5 2.5 12.5 43800591.5266
120.0 5.0 2.5 12.5 47375461.8113
120.0 -5.0 5.0 12.5 0.8317999999999999
120.0 -2.5 5.0 12.5 323.5627
120.0 0.0 5.0 12.5 3497.298
120.0 2.5 5.0 12.5 1174.7331
120.0 5.0 5.0 12.5 5368.461
120.0 7.5 5.0 12.5 -1.9783
120.0 -5.0 -10.0 13.75 20.6325
120.0 -2.5 -10.0 13.75 17.163700000000002
120.0 0.0 -10.0 13.75 6.829300000000001
120.0 2.5 -10.0 13.75 -1.7463
120.0 5.0 -10.0 13.75 -5.4274000000000004
120.0 7.5 -10.0 13.75 -4.0157
120.0 10.0 -10.0 13.75 -0.8243
120.0 -2.5 -7.5 13.75 15.299499999999998
120.0 0.0 -7.5 13.75 16.7871
120.0 2.5 -7.5 13.75 1.6030999999999995
120.0 5.0 -7.5 13.75 -2.332
120.0 7.5 -7.5 13.75 -2.2282
120.0 10.0 -7.5 13.75 -0.1776
120.0 -5.0 -5.0 13.75 11.9728
120.0 -2.5 -5.0 13.75 57.7147
120.0 0.0 -5.0 13.75 -0.2190000000000003
120.0 2.5 -5.0 13.75 133.6405
120.0 -5.0 -2.5 13.75 24.9193
120.0 -2.5 -2.5 13.75 7963994.0752
120.0 0.0 -2.5 13.75 106.7383
120.0 2.5 -2.5 13.75 8074.464599999999
120.0 -5.0 0.0 13.75 1531.4938
120.0 -2.5 0.0 13.75 6308205.7884
120.0 0.0 0.0 13.75 124.1538
120.0 2.5 0.0 13.75 10000000004.7376
120.0 -5.0 2.5 13.75 3.6811999999999996
120.0 -2.5 2.5 13.75 2.836
120.0 0.0 2.5 13.75 44095.7163
120.0 2.5 2.5 13.75 177362842.0712
120.0 5.0 2.5 13.75 2649780974.5621
120.0 7.5 2.5 13.75 -2.9579
120.0 -5.0 5.0 13.75 2.8012
120.0 -2.5 5.0 13.75 1.3096999999999999
120.0 0.0 5.0 13.75 1.8754
120.0 2.5 5.0 13.75 -1.1602999999999999
120.0 5.0 5.0 13.75 22.5324
120.0 7.5 5.0 13.75 -1.1343
120.0 -5.0 -10.0 15.0 14.790099999999999
120.0 -2.5 -10.0 15.0 13.1153
120.0 0.0 -10.0 15.0 7.0701
120.0 2.5 -10.0 15.0 1.0804
120.0 5.0 -10.0 15.0 -1.6292
120.0 7.5 -10.0 15.0 -0.9350999999999999
120.0 10.0 -10.0 15.0 0.3397
120.0 -5.0 -7.5 15.0 14.6909
120.0 -2.5 -7.5 15.0 13.1936
120.0 0.0 -7.5 15.0 7.435799999999999
120.0 2.5 -7.5 15.0 2.5487
120.0 5.0 -7.5 15.0 -0.6002
120.0 7.5 -7.5 15.0 -0.5154000000000001
120.0 10.0 -7.5 15.0 0.043600000000000014
120.0 -5.0 -5.0 15.0 11.113999999999999
120.0 -2.5 -5.0 15.0 6.8609
120.0 0.0 -5.0 15.0 1.8228999999999997
120.0 2.5 -5.0 15.0 -3.1214
120.0 5.0 -5.0 15.0 -3.9178
120.0 7.5 -5.0 15.0 -2.4542
120.0 10.0 -5.0 15.0 -1.2852000000000001
120.0 -5.0 -2.5 15.0 7.330400000000001
120.0 -2.5 -2.5 15.0 99.285
120.0 0.0 -2.5 15.0 -2.8097
120.0 2.5 -2.5 15.0 -5.0534
120.0 5.0 -2.5 15.0 -6.7383
120.0 7.5 -2.5 15.0 -4.059
120.0 10.0 -2.5 15.0 -1.99
120.0 -5.0 0.0 15.0 5.7151
120.0 -2.5 0.0 15.0 12.3783
120.0 0.0 0.0 15.0 -3.0242
120.0 2.5 0.0 15.0 587.6464
120.0 5.0 0.0 15.0 159895.7422
120.0 10.0 0.0 15.0 -1.8973
120.0 -5.0 2.5 15.0 4.3696
120.0 -2.5 2.5 15.0 1.7624999999999997
120.0 0.0 2.5 15.0 0.15569999999999995
120.0 2.5 2.5 15.0 50.083400000000005
120.0 5.0 2.5 15.0 1488.698
120.0 7.5 2.5 15.0 -1.9828000000000001
120.0 10.0 2.5 15.0 -0.8979
120.0 -5.0 5.0 15.0 3.5080000000000005
120.0 -2.5 5.0 15.0 2.072
120.0 0.0 5.0 15.0 0.3088000000000002
120.0 2.5 5.0 15.0 -0.8202000000000003
120.0 5.0 5.0 15.0 -0.8108000000000001
120.0 7.5 5.0 15.0 -0.21660000000000001
120.0 10.0 5.0 15.0 0.1263
120.0 -5.0 -10.0 16.25 9.9058
120.0 -2.5 -10.0 16.25 8.9064
120.0 0.0 -10.0 16.25 5.6178
120.0 2.5 -10.0 16.25 2.0813
120.0 5.0 -10.0 16.25 0.15940000000000001
120.0 7.5 -10.0 16.25 0.3275
120.0 10.0 -10.0 16.25 0.794
120.0 -5.0 -7.5 16.25 10.9529
120.0 -2.5 -7.5 16.25 9.844
120.0 0.0 -7.5 16.25 6.3385
120.0 2.5 -7.5 16.25 2.2473
120.0 5.0 -7.5 16.25 0.002599999999999991
120.0 7.5 -7.5 16.25 -0.01849999999999999
120.0 10.0 -7.5 16.25 0.1161
120.0 -5.0 -5.0 16.25 8.7991
120.0 -2.5 -5.0 16.25 6.9816
120.0 0.0 -5.0 16.25 2.9406
120.0 2.5 -5.0 16.25 -0.3400000000000001
120.0 5.0 -5.0 16.25 -1.9536
120.0 7.5 -5.0 16.25 -1.1018999999999999
120.0 10.0 -5.0 16.25 -0.8397
120.0 -5.0 -2.5 16.25 6.2062
120.0 -2.5 -2.5 16.25 3.7425
120.0 0.0 -2.5 16.25 -0.06699999999999973
120.0 2.5 -2.5 16.25 -3.0572
120.0 5.0 -2.5 16.25 -3.4945000000000004
120.0 7.5 -2.5 16.25 -2.0871
120.0 10.0 -2.5 16.25 -1.4012
120.0 -5.0 0.0 16.25 4.4030000000000005
120.0 -2.5 0.0 16.25 2.6864
120.0 0.0 0.0 16.25 -0.19700000000000006
120.0 2.5 0.0 16.25 -2.3672999999999997
120.0 5.0 0.0 16.25 -1.7206000000000001
120.0 7.5 0.0 16.25 -1.8716
120.0 10.0 0.0 16.25 -1.3041
120.0 -5.0 2.5 16.25 3.1811999999999996
120.0 -2.5 2.5 16.25 2.5576
120.0 0.0 2.5 16.25 0.6021000000000001
120.0 2.5 2.5 16.25 -1.0110000000000001
120.0 5.0 2.5 16.25 -1.3052000000000001
120.0 7.5 2.5 16.25 -0.6967
120.0 10.0 2.5 16.25 -0.49610000000000004
120.0 -5.0 5.0 16.25 2.8899
120.0 -2.5 5.0 16.25 2.8528
120.0 0.0 5.0 16.25 1.5990000000000002
120.0 2.5 5.0 16.25 0.42510000000000003
120.0 5.0 5.0 16.25 -0.20859999999999995
120.0 7.5 5.0 16.25 0.06130000000000002
120.0 10.0 5.0 16.25 0.06539999999999999
180.0 -5.0 -10.0 3.75 9999999950.966501
180.0 -2.5 -10.0 3.75 526533771.4597
180.0 0.0 -10.0 3.75 9999999907.8407
180.0 2.5 -10.0 3.75 9999999943.978102
180.0 5.0 -10.0 3.75 10000000058.509401
180.0 7.5 -10.0 3.75 8693193.6459
180.0 10.0 -10.0 3.75 7350.4497
180.0 -5.0 -7.5 3.75 9999999910.299002
180.0 -2.5 -7.5 3.75 10000000098.0788
180.0 0.0 -7.5 3.75 10000000251.1912
180.0 2.5 -7.5 3.75 10000000065.598701
180.0 5.0 -7.5 3.75 155882759.63910002
180.0 7.5 -7.5 3.75 6290511472.698501
180.0 10.0 -7.5 3.75 522016618.6637
180.0 -5.0 -5.0 3.75 10000000053.0154
180.0 -2.5 -5.0 3.75 9999999926.729801
180.0 0.0 -5.0 3.75 10000000111.559801
180.0 2.5 -5.0 3.75 9999999918.926401
180.0 5.0 -5.0 3.75 9999999928.803701
180.0 7.5 -5.0 3.75 3898041.2125
180.0 10.0 -5.0 3.75 133076.1795
180.0 -5.0 -2.5 3.75 10000000176.790602
180.0 -2.5 -2.5 3.75 10000000061.4584
180.0 0.0 -2.5 3.75 10000000071.1131
180.0 2.5 -2.5 3.75 10000000080.6362
180.0 5.0 -2.5 3.75 10000000037.5534
180.0 7.5 -2.5 3.75 10000000000.2556
180.0 10.0 -2.5 3.75 12899526.863100002
180.0 -5.0 0.0 3.75 1620697519.4799
180.0 -2.5 0.0 3.75 10000000278.615501
180.0 0.0 0.0 3.75 10000000189.954102
180.0 2.5 0.0 3.75 10000000086.815102
180.0 5.0 0.0 3.75 9999999996.4034
180.0 7.5 0.0 3.75 10000000018.5268
180.0 10.0 0.0 3.75 837644.0817999999
180.0 -5.0 2.5 3.75 10000000049.9164
180.0 -2.5 2.5 3.75 10000000098.2581
180.0 0.0 2.5 3.75 9999999973.717402
180.0 2.5 2.5 3.75 1277185123.8363
180.0 5.0 2.5 3.75 10000000390.303701
180.0 7.5 2.5 3.75 112689137.14909999
180.0 10.0 2.5 3.75 281588.7796
180.0 -5.0 5.0 3.75 3469076225.3882003
180.0 -2.5 5.0 3.75 10000000000.585201
180.0 0.0 5.0 3.75 747649471.4806
180.0 2.5 5.0 3.75 568389915.7745
180.0 5.0 5.0 3.75 25840189.7733
180.0 7.5 5.0 3.75 1285724944.7309
180.0 10.0 5.0 3.75 323252.9686
180.0 -2.5 2.5 5.0 10000000303.5503
180.0 -2.5 -2.5 6.25 10000000124.761301
180.0 -2.5 0.0 6.25 10000000038.254702
180.0 -2.5 -2.5 7.5 9999999888.809801
180.0 -2.5 0.0 7.5 1759383020.1906002
180.0 -2.5 2.5 7.5 312579133.7792
180.0 0.0 2.5 7.5 49629619.990600005
180.0 2.5 2.5 7.5 9999999964.026402
180.0 2.5 -10.0 8.75 9999999950.375301
180.0 -2.5 -7.5 8.75 9999999996.166
180.0 2.5 -7.5 8.75 9999999832.3929
180.0 5.0 -7.5 8.75 1398896425.3448
180.0 -5.0 -5.0 8.75 2173931058.6439
180.0 -2.5 -5.0 8.75 1005613491.7302
180.0 -5.0 -2.5 8.75 5295593175.1476
180.0 -2.5 -2.5 8.75 9999999936.369701
180.0 0.0 -2.5 8.75 9999999949.7187
180.0 -5.0 0.0 8.75 10000000042.024101
180.0 -2.5 0.0 8.75 1426395721.8518
180.0 0.0 0.0 8.75 7725932728.6022
180.0 -5.0 2.5 8.75 2408980.1553
180.0 -2.5 2.5 8.75 9999999981.8854
180.0 0.0 2.5 8.75 9999999902.322601
180.0 2.5 2.5 8.75 857804119.5462
180.0 0.0 5.0 8.75 10000000018.292702
180.0 2.5 5.0 8.75 230728.3813
180.0 2.5 -10.0 10.0 98437.8177
180.0 -2.5 -7.5 10.0 9999999980.968601
180.0 0.0 -7.5 10.0 10000000096.235601
180.0 2.5 -7.5 10.0 17514367.195100002
180.0 5.0 -7.5 10.0 4588572521.4171
180.0 -5.0 -5.0 10.0 1515958235.51
180.0 -2.5 -5.0 10.0 987951405.7222
180.0 0.0 -5.0 10.0 10000000007.436201
180.0 -5.0 -2.5 10.0 945428057.7808
180.0 -2.5 -2.5 10.0 10000000043.0132
180.0 0.0 -2.5 10.0 9999999929.7418
180.0 -5.0 0.0 10.0 10000000017.680601
180.0 -2.5 0.0 10.0 10000000039.7747
180.0 0.0 0.0 10.0 10000000039.824001
180.0 -5.0 2.5 10.0 79583160.1103
180.0 -2.5 2.5 10.0 50384184.8384
180.0 0.0 2.5 10.0 9999999955.7127
180.0 2.5 2.5 10.0 273453429.8718
180.0 -2.5 5.0 10.0 56.840500000000006
180.0 0.0 5.0 10.0 208118273.3328
180.0 2.5 5.0 10.0 105697702.0993
180.0 5.0 5.0 10.0 34.702299999999994
180.0 -2.5 -10.0 11.25 51929.1251
180.0 2.5 -10.0 11.25 13.6876
180.0 5.0 -10.0 11.25 0.2043999999999997
180.0 -2.5 -7.5 11.25 1148464.0871
180.0 0.0 -7.5 11.25 9999999853.225601
180.0 2.5 -7.5 11.25 2995.8145999999997
180.0 5.0 -7.5 11.25 571823.0157
180.0 -5.0 -5.0 11.25 6922933.7248
180.0 -2.5 -5.0 11.25 93874330.09789999
180.0 0.0 -5.0 11.25 25327674.0988
180.0 -5.0 -2.5 11.25 5244264731.9302
180.0 -2.5 -2.5 11.25 10000000019.1651
180.0 0.0 -2.5 11.25 3726651988.0521
180.0 -5.0 0.0 11.25 9999999999.215601
180.0 -2.5 0.0 11.25 88702540.2234
180.0 0.0 0.0 11.25 4443534994.4185
180.0 -5.0 2.5 11.25 834.825
180.0 -2.5 2.5 11.25 114293.1434
180.0 0.0 2.5 11.25 4542488.0424999995
180.0 2.5 2.5 11.25 136830590.1315
180.0 -5.0 5.0 11.25 0.5849999999999995
180.0 -2.5 5.0 11.25 13.1372
180.0 0.0 5.0 11.25 599318959.7226
180.0 2.5 5.0 11.25 14004685.7885
180.0 5.0 5.0 11.25 -14.4742
180.0 7.5 5.0 11.25 -12.0287
180.0 -2.5 -10.0 12.5 67.6104
180.0 0.0 -10.0 12.5 48.1133
180.0 2.5 -10.0 12.5 -18.6223
180.0 5.0 -10.0 12.5 -23.8632
180.0 7.5 -10.0 12.5 -19.113999999999997
180.0 -2.5 -7.5 12.5 86.3749
180.0 0.0 -7.5 12.5 438580.4223
180.0 2.5 -7.5 12.5 202.6147
180.0 5.0 -7.5 12.5 12.9622
180.0 -5.0 -5.0 12.5 115.3306
180.0 -2.5 -5.0 12.5 780.769
180.0 0.0 -5.0 12.5 1132073.4176
180.0 2.5 -5.0 12.5 39086.6103
180.0 5.0 -5.0 12.5 1525.4735
180.0 -5.0 -2.5 12.5 92280654.4163
180.0 -2.5 -2.5 12.5 8518.3108
180.0 0.0 -2.5 12.5 574033.5866
180.0 2.5 -2.5 12.5 685813.3441
180.0 5.0 -2.5 12.5 452109808.621
180.0 -5.0 0.0 12.5 37999442.4458
180.0 -2.5 0.0 12.5 7140.134300000001
180.0 0.0 0.0 12.5 53966.6093
180.0 2.5 0.0 12.5 4310400472.5884
180.0 -5.0 2.5 12.5 17.2963
180.0 -2.5 2.5 12.5 159.7685
180.0 0.0 2.5 12.5 1927031.4825
180.0 2.5 2.5 12.5 4893848778.262
180.0 5.0 2.5 12.5 866.4562999999999
180.0 -5.0 5.0 12.5 1.3912
180.0 -2.5 5.0 12.5 6.0552
180.0 0.0 5.0 12.5 984.6766
180.0 2.5 5.0 12.5 28830.6834
180.0 5.0 5.0 12.5 -7.96
180.0 7.5 5.0 12.5 -7.6756
180.0 10.0 5.0 12.5 -4.3365
180.0 -5.0 -10.0 13.75 19.920399999999997
180.0 -2.5 -10.0 13.75 19.127699999999997
180.0 0.0 -10.0 13.75 5.807500000000001
180.0 2.5 -10.0 13.75 -9.3641
180.0 5.0 -10.0 13.75 -13.2663
180.0 7.5 -10.0 13.75 -11.0128
180.0 -5.0 -7.5 13.75 52.5067
180.0 -2.5 -7.5 13.75 10.0886
180.0 0.0 -7.5 13.75 83.4594
180.0 2.5 -7.5 13.75 -8.364
180.0 5.0 -7.5 13.75 -16.6009
180.0 10.0 -7.5 13.75 -6.6718
180.0 -5.0 -5.0 13.75 6.7134
180.0 -2.5 -5.0 13.75 5.936
180.0 0.0 -5.0 13.75 21666.046
180.0 2.5 -5.0 13.75 403.69890000000004
180.0 5.0 -5.0 13.75 -11.302
180.0 -5.0 -2.5 13.75 261.2523
180.0 -2.5 -2.5 13.75 24.633499999999998
180.0 0.0 -2.5 13.75 418.88149999999996
180.0 2.5 -2.5 13.75 755.2495
180.0 5.0 -2.5 13.75 1541.0265
180.0 -5.0 0.0 13.75 371.9179
180.0 -2.5 0.0 13.75 21.7576
180.0 0.0 0.0 13.75 197.24329999999998
180.0 2.5 0.0 13.75 804432.7951
180.0 5.0 0.0 13.75 55.46340000000001
180.0 7.5 0.0 13.75 -7.4648
180.0 -5.0 2.5 13.75 1.6879000000000004
180.0 -2.5 2.5 13.75 -0.5474999999999994
180.0 0.0 2.5 13.75 3839.1333
180.0 2.5 2.5 13.75 807440.4201
180.0 5.0 2.5 13.75 17.860799999999998
180.0 7.5 2.5 13.75 -5.8189
180.0 10.0 2.5 13.75 -2.5171
180.0 -5.0 5.0 13.75 1.9857000000000002
180.0 -2.5 5.0 13.75 1.3062
180.0 0.0 5.0 13.75 12.0119
180.0 2.5 5.0 13.75 60.956900000000005
180.0 5.0 5.0 13.75 -5.1998
180.0 7.5 5.0 13.75 -4.8872
180.0 -5.0 -10.0 15.0 15.8479
180.0 -2.5 -10.0 15.0 14.6362
180.0 0.0 -10.0 15.0 5.4616999999999996
180.0 2.5 -10.0 15.0 -2.9093999999999998
180.0 5.0 -10.0 15.0 -6.5819
180.0 7.5 -10.0 15.0 -5.6278
180.0 10.0 -10.0 15.0 -2.9122
180.0 -5.0 -7.5 15.0 11.7436
180.0 -2.5 -7.5 15.0 9.8377
180.0 0.0 -7.5 15.0 1.3132999999999995
180.0 2.5 -7.5 15.0 -5.902699999999999
180.0 5.0 -7.5 15.0 -8.2677
180.0 7.5 -7.5 15.0 -6.8678
180.0 10.0 -7.5 15.0 -3.0258000000000003
180.0 -5.0 -5.0 15.0 6.9398
180.0 -2.5 -5.0 15.0 4.0433
180.0 0.0 -5.0 15.0 30.284
180.0 2.5 -5.0 15.0 -4.5916
180.0 5.0 -5.0 15.0 -8.0716
180.0 7.5 -5.0 15.0 -5.2717
180.0 -5.0 -2.5 15.0 4.5074000000000005
180.0 -2.5 -2.5 15.0 1.6028000000000002
180.0 0.0 -2.5 15.0 -2.934
180.0 2.5 -2.5 15.0 -6.1572
180.0 5.0 -2.5 15.0 -8.1219
180.0 7.5 -2.5 15.0 -4.1984
180.0 -5.0 0.0 15.0 3.4788
180.0 -2.5 0.0 15.0 1.0617999999999999
180.0 0.0 0.0 15.0 -2.9431000000000003
180.0 2.5 0.0 15.0 150.7669
180.0 5.0 0.0 15.0 -7.0436000000000005
180.0 7.5 0.0 15.0 -3.6693000000000002
180.0 -5.0 2.5 15.0 3.3637999999999995
180.0 -2.5 2.5 15.0 1.388
180.0 0.0 2.5 15.0 3.4509
180.0 2.5 2.5 15.0 110.11789999999999
180.0 5.0 2.5 15.0 -4.5729
180.0 7.5 2.5 15.0 -3.4399
180.0 10.0 2.5 15.0 -1.6906
180.0 -5.0 5.0 15.0 2.5675
180.0 -2.5 5.0 15.0 1.6846999999999999
180.0 0.0 5.0 15.0 -0.3660000000000001
180.0 2.5 5.0 15.0 -0.26670000000000005
180.0 5.0 5.0 15.0 -2.9066
180.0 7.5 5.0 15.0 -2.939
180.0 10.0 5.0 15.0 -2.3007
180.0 -5.0 -10.0 16.25 11.5137
180.0 -2.5 -10.0 16.25 10.3361
180.0 0.0 -10.0 16.25 5.0268
180.0 2.5 -10.0 16.25 -0.6823999999999999
180.0 5.0 -10.0 16.25 -2.6458
180.0 7.5 -10.0 16.25 -2.5453
180.0 10.0 -10.0 16.25 -0.8869
180.0 -5.0 -7.5 16.25 8.6111
180.0 -2.5 -7.5 16.25 7.4051
180.0 0.0 -7.5 16.25 2.5572
180.0 2.5 -7.5 16.25 -2.0632
180.0 5.0 -7.5 16.25 -3.5093
180.0 7.5 -7.5 16.25 -2.2591
180.0 10.0 -7.5 16.25 -0.9914
180.0 -5.0 -5.0 16.25 5.6483
180.0 -2.5 -5.0 16.25 4.2225
180.0 0.0 -5.0 16.25 0.4060999999999999
180.0 2.5 -5.0 16.25 -3.0205
180.0 5.0 -5.0 16.25 -3.3415
180.0 7.5 -5.0 16.25 -1.9947
180.0 10.0 -5.0 16.25 -0.1607
180.0 -5.0 -2.5 16.25 4.3271999999999995
180.0 -2.5 -2.5 16.25 2.9823999999999997
180.0 0.0 -2.5 16.25 -0.5786
180.0 2.5 -2.5 16.25 -3.3312999999999997
180.0 5.0 -2.5 16.25 -3.3224
180.0 7.5 -2.5 16.25 -1.3721999999999999
180.0 10.0 -2.5 16.25 0.3459
180.0 -5.0 0.0 16.25 4.2824
180.0 -2.5 0.0 16.25 2.4436
180.0 0.0 0.0 16.25 -0.5867000000000002
180.0 2.5 0.0 16.25 -3.2584
180.0 5.0 0.0 16.25 -2.8407999999999998
180.0 7.5 0.0 16.25 -1.359
180.0 10.0 0.0 16.25 -0.33109999999999995
180.0 -5.0 2.5 16.25 3.058
180.0 -2.5 2.5 16.25 2.1128
180.0 0.0 2.5 16.25 -0.37550000000000017
180.0 2.5 2.5 16.25 -1.7526
180.0 5.0 2.5 16.25 -1.9313
180.0 7.5 2.5 16.25 -1.6580000000000001
180.0 10.0 2.5 16.25 -1.2087999999999999
180.0 -5.0 5.0 16.25 1.6024999999999998
180.0 -2.5 5.0 16.25 1.7294
180.0 0.0 5.0 16.25 0.8009
180.0 2.5 5.0 16.25 -0.4173
180.0 5.0 5.0 16.25 -1.2353
180.0 7.5 5.0 16.25 -1.4424000000000001
180.0 10.0 5.0 16.25 -1.5313
240.0 -5.0 -10.0 3.75 1886059362.2323
240.0 -2.5 -10.0 3.75 9999999820.8701
240.0 0.0 -10.0 3.75 9118275662.847101
240.0 2.5 -10.0 3.75 10000000066.3248
240.0 5.0 -10.0 3.75 10000000033.942701
240.0 7.5 -10.0 3.75 9999999949.845201
240.0 10.0 -10.0 3.75 194530.2034
240.0 -5.0 -7.5 3.75 10000000059.780901
240.0 -2.5 -7.5 3.75 9999999834.0646
240.0 0.0 -7.5 3.75 9999999827.0338
240.0 2.5 -7.5 3.75 9999999852.916801
240.0 5.0 -7.5 3.75 3328078439.4732
240.0 7.5 -7.5 3.75 4260239514.2988
240.0 10.0 -7.5 3.75 53697.7425
240.0 -5.0 -5.0 3.75 10000000124.560501
240.0 -2.5 -5.0 3.75 9999999972.663
240.0 0.0 -5.0 3.75 9588744373.148699
240.0 2.5 -5.0 3.75 9999999815.448301
240.0 5.0 -5.0 3.75 10000000244.0456
240.0 7.5 -5.0 3.75 960422670.5869
240.0 10.0 -5.0 3.75 1980811.5495
240.0 -5.0 -2.5 3.75 1700418619.1118999
240.0 -2.5 -2.5 3.75 10000000215.2133
240.0 0.0 -2.5 3.75 10000000146.8059
240.0 2.5 -2.5 3.75 9999999886.9423
240.0 5.0 -2.5 3.75 10000000062.5235
240.0 7.5 -2.5 3.75 490361.8149
240.0 10.0 -2.5 3.75 2836.2776
240.0 -5.0 0.0 3.75 530132101.438
240.0 -2.5 0.0 3.75 9999999924.9932
240.0 0.0 0.0 3.75 9999999908.6063
240.0 2.5 0.0 3.75 9999999969.27
240.0 5.0 0.0 3.75 9999999917.7008
240.0 7.5 0.0 3.75 9999999953.0506
240.0 10.0 0.0 3.75 565899216.0152999
240.0 -5.0 2.5 3.75 136154380.9994
240.0 -2.5 2.5 3.75 9999999943.7907
240.0 0.0 2.5 3.75 9999999994.3143
240.0 2.5 2.5 3.75 10000000011.345901
240.0 5.0 2.5 3.75 9999999983.920502
240.0 7.5 2.5 3.75 1177209.5358
240.0 10.0 2.5 3.75 2553162.7996
240.0 -5.0 5.0 3.75 10000000020.339
240.0 -2.5 5.0 3.75 1820131740.5379999
240.0 0.0 5.0 3.75 9999999997.966501
240.0 2.5 5.0 3.75 9999999925.692001
240.0 5.0 5.0 3.75 9999999969.428902
240.0 7.5 5.0 3.75 4687940163.6176
240.0 10.0 5.0 3.75 8951385348.5547
240.0 0.0 5.0 5.0 614589202.9729
240.0 2.5 -7.5 6.25 9999999965.758001
240.0 0.0 -2.5 6.25 9999999817.076101
240.0 0.0 0.0 6.25 9999999899.2148
240.0 -2.5 2.5 6.25 130889716.4559
240.0 0.0 2.5 6.25 9999999962.2903
240.0 0.0 5.0 6.25 9999999963.4412
240.0 2.5 -7.5 7.5 4208304894.4332
240.0 0.0 -5.0 7.5 9005052068.3421
240.0 2.5 -5.0 7.5 1754349056.681
240.0 0.0 -2.5 7.5 9999999944.605902
240.0 2.5 -2.5 7.5 893712277.0715001
240.0 0.0 0.0 7.5 4668370338.1086
240.0 2.5 0.0 7.5 9999999966.338202
240.0 0.0 2.5 7.5 1219826050.8472
240.0 -2.5 5.0 7.5 229185289.9897
240.0 0.0 5.0 7.5 6194005496.7641
240.0 2.5 -10.0 8.75 9999999657.155901
240.0 2.5 -7.5 8.75 1705947523.1042
240.0 0.0 -5.0 8.75 9999999796.2749
240.0 2.5 -5.0 8.75 884017990.8953999
240.0 -2.5 -2.5 8.75 9999999906.548101
240.0 0.0 -2.5 8.75 2396075409.9624
240.0 2.5 -2.5 8.75 9999999934.970001
240.0 -5.0 0.0 8.75 2917502.4951000004
240.0 -2.5 0.0 8.75 121780214.8081
240.0 0.0 0.0 8.75 1202309399.1007001
240.0 2.5 0.0 8.75 9999999960.301102
240.0 -2.5 2.5 8.75 3410.0984000000003
240.0 0.0 2.5 8.75 1371250.8072
240.0 2.5 2.5 8.75 6701002.1212
240.0 -2.5 5.0 8.75 12645.2711
240.0 0.0 5.0 8.75 9999999907.4188
240.0 2.5 5.0 8.75 481331508.6856
240.0 2.5 -10.0 10.0 10000000161.744202
240.0 5.0 -10.0 10.0 9005.6215
240.0 2.5 -7.5 10.0 724989.7814
240.0 -5.0 -5.0 10.0 929565.7803999999
240.0 0.0 -5.0 10.0 10000000076.093
240.0 2.5 -5.0 10.0 9999999906.177101
240.0 -5.0 -2.5 10.0 306557031.6625
240.0 -2.5 -2.5 10.0 9999999968.4311
240.0 0.0 -2.5 10.0 9999999988.949202
240.0 2.5 -2.5 10.0 7169598465.2793
240.0 -5.0 0.0 10.0 55078531.7471
240.0 -2.5 0.0 10.0 9999999973.621101
240.0 0.0 0.0 10.0 9999999993.5251
240.0 2.5 0.0 10.0 3768552135.5048
240.0 -2.5 2.5 10.0 93819277.9652
240.0 0.0 2.5 10.0 68349453.70619999
240.0 2.5 2.5 10.0 5452.3281
240.0 5.0 2.5 10.0 2005959950.4278998
240.0 -2.5 5.0 10.0 -13.1333
240.0 0.0 5.0 10.0 42294.498
240.0 2.5 5.0 10.0 1920.1265
240.0 5.0 5.0 10.0 76.39920000000001
240.0 -2.5 -10.0 11.25 5154.4474
240.0 2.5 -10.0 11.25 31670.026
240.0 5.0 -10.0 11.25 23.4744
240.0 10.0 -10.0 11.25 0.48429999999999995
240.0 2.5 -7.5 11.25 101951.3128
240.0 -5.0 -5.0 11.25 18008.122499999998
240.0 -2.5 -5.0 11.25 158321012.9328
240.0 0.0 -5.0 11.25 457099780.4829
240.0 2.5 -5.0 11.25 2536885.5182000003
240.0 -5.0 -2.5 11.25 9999999979.450901
240.0 -2.5 -2.5 11.25 5625130.363000001
240.0 0.0 -2.5 11.25 82696914.4324
240.0 2.5 -2.5 11.25 176755063.89580002
240.0 -5.0 0.0 11.25 9806679.4107
240.0 -2.5 0.0 11.25 27379345.356999997
240.0 0.0 0.0 11.25 10000000007.995901
240.0 2.5 0.0 11.25 1856060524.667
240.0 -2.5 2.5 11.25 2180487.5142
240.0 0.0 2.5 11.25 2578758166.834
240.0 2.5 2.5 11.25 92412.53570000001
240.0 5.0 2.5 11.25 5663349.3739
240.0 -2.5 5.0 11.25 -13.8452
240.0 0.0 5.0 11.25 65.9879
240.0 2.5 5.0 11.25 -16.4761
240.0 5.0 5.0 11.25 -6.9866
240.0 7.5 5.0 11.25 3.2049
240.0 -2.5 -10.0 12.5 39.8581
240.0 0.0 -10.0 12.5 20.8496
240.0 2.5 -10.0 12.5 14.1084
240.0 5.0 -10.0 12.5 0.4186999999999994
240.0 7.5 -10.0 12.5 -1.7031
240.0 10.0 -10.0 12.5 0.005700000000000038
240.0 -5.0 -7.5 12.5 3.1077999999999992
240.0 0.0 -7.5 12.5 1772.5635
240.0 2.5 -7.5 12.5 95.3694
240.0 5.0 -7.5 12.5 2435059.7139000003
240.0 7.5 -7.5 12.5 11.630299999999998
240.0 10.0 -7.5 12.5 -1.2894
240.0 -5.0 -5.0 12.5 212.2855
240.0 -2.5 -5.0 12.5 2696.7009
240.0 0.0 -5.0 12.5 8588.6354
240.0 2.5 -5.0 12.5 4805.5334
240.0 5.0 -5.0 12.5 33162163.5584
240.0 -5.0 -2.5 12.5 4806143.481799999
240.0 -2.5 -2.5 12.5 1300.6189
240.0 0.0 -2.5 12.5 3449420964.5401998
240.0 2.5 -2.5 12.5 26892973.8205
240.0 -5.0 0.0 12.5 2903.248
240.0 -2.5 0.0 12.5 88154.6267
240.0 0.0 0.0 12.5 2330370877.6776
240.0 2.5 0.0 12.5 14412152.236399999
240.0 -2.5 2.5 12.5 6110.2839
240.0 0.0 2.5 12.5 847829.5873
240.0 2.5 2.5 12.5 23127.6899
240.0 5.0 2.5 12.5 820066.5818
240.0 -2.5 5.0 12.5 -8.4993
240.0 0.0 5.0 12.5 -6.924
240.0 2.5 5.0 12.5 -9.1521
240.0 5.0 5.0 12.5 -4.4582
240.0 7.5 5.0 12.5 0.31579999999999986
240.0 10.0 5.0 12.5 1.1539
240.0 -5.0 -10.0 13.75 13.656400000000001
240.0 -2.5 -10.0 13.75 16.326
240.0 0.0 -10.0 13.75 10.9871
240.0 2.5 -10.0 13.75 2.5092000000000003
240.0 5.0 -10.0 13.75 -0.9316
240.0 7.5 -10.0 13.75 -1.9123999999999999
240.0 10.0 -10.0 13.75 -0.35219999999999996
240.0 -5.0 -7.5 13.75 7.042699999999999
240.0 -2.5 -7.5 13.75 8.4485
240.0 0.0 -7.5 13.75 -1.1921
240.0 2.5 -7.5 13.75 -11.366
240.0 5.0 -7.5 13.75 82.03320000000001
240.0 7.5 -7.5 13.75 -7.8386
240.0 10.0 -7.5 13.75 -1.1314
240.0 -5.0 -5.0 13.75 0.6839000000000004
240.0 -2.5 -5.0 13.75 -4.7459999999999996
240.0 0.0 -5.0 13.75 0.6337000000000002
240.0 2.5 -5.0 13.75 -7.3374999999999995
240.0 5.0 -5.0 13.75 11403935.1821
240.0 7.5 -5.0 13.75 130.8208
240.0 -5.0 -2.5 13.75 129.10320000000002
240.0 -2.5 -2.5 13.75 -9.3171
240.0 0.0 -2.5 13.75 5661.353800000001
240.0 2.5 -2.5 13.75 16068.5029
240.0 5.0 -2.5 13.75 108833971.8794
240.0 -5.0 0.0 13.75 6.0526
240.0 -2.5 0.0 13.75 9.398600000000002
240.0 0.0 0.0 13.75 1517927.428
240.0 2.5 0.0 13.75 6072270.9004999995
240.0 5.0 0.0 13.75 2672.543
240.0 -5.0 2.5 13.75 -1.5969
240.0 -2.5 2.5 13.75 1676.736
240.0 0.0 2.5 13.75 39621.2785
240.0 2.5 2.5 13.75 1159.4249
240.0 5.0 2.5 13.75 43.3648
240.0 7.5 2.5 13.75 -0.7022999999999999
240.0 -2.5 5.0 13.75 -3.8699000000000003
240.0 0.0 5.0 13.75 -5.9113
240.0 2.5 5.0 13.75 -4.9875
240.0 5.0 5.0 13.75 -2.3548999999999998
240.0 7.5 5.0 13.75 0.24180000000000001
240.0 10.0 5.0 13.75 0.7341
240.0 -5.0 -10.0 15.0 10.857800000000001
240.0 -2.5 -10.0 15.0 13.412099999999999
240.0 0.0 -10.0 15.0 10.4109
240.0 2.5 -10.0 15.0 4.204400000000001
240.0 5.0 -10.0 15.0 0.1431
240.0 7.5 -10.0 15.0 -0.6572
240.0 10.0 -10.0 15.0 -0.4495
240.0 -5.0 -7.5 15.0 7.418799999999999
240.0 -2.5 -7.5 15.0 6.2986
240.0 0.0 -7.5 15.0 1.4721999999999995
240.0 2.5 -7.5 15.0 -4.4976
240.0 5.0 -7.5 15.0 -6.3496
240.0 7.5 -7.5 15.0 -3.7714
240.0 10.0 -7.5 15.0 -1.1007
240.0 -5.0 -5.0 15.0 3.244
240.0 -2.5 -5.0 15.0 -0.3864000000000001
240.0 0.0 -5.0 15.0 -5.3334
240.0 2.5 -5.0 15.0 -9.1275
240.0 5.0 -5.0 15.0 135.011
240.0 7.5 -5.0 15.0 -1.3997000000000002
240.0 10.0 -5.0 15.0 -0.9894000000000001
240.0 -5.0 -2.5 15.0 0.7210000000000001
240.0 -2.5 -2.5 15.0 -2.8553999999999995
240.0 0.0 -2.5 15.0 -7.0545
240.0 2.5 -2.5 15.0 33.1987
240.0 5.0 -2.5 15.0 2.7967
240.0 7.5 -2.5 15.0 -0.9397000000000001
240.0 10.0 -2.5 15.0 -0.5399
240.0 -5.0 0.0 15.0 0.5276999999999998
240.0 -2.5 0.0 15.0 -2.4068
240.0 0.0 0.0 15.0 26960.5755
240.0 2.5 0.0 15.0 26.610899999999997
240.0 5.0 0.0 15.0 -3.7803
240.0 10.0 0.0 15.0 -0.07169999999999999
240.0 -5.0 2.5 15.0 0.20520000000000005
240.0 -2.5 2.5 15.0 2.1471
240.0 0.0 2.5 15.0 65.47170000000001
240.0 2.5 2.5 15.0 1.2887
240.0 5.0 2.5 15.0 -1.8578
240.0 7.5 2.5 15.0 -0.10389999999999988
240.0 -5.0 5.0 15.0 -0.049100000000000005
240.0 -2.5 5.0 15.0 -1.5095
240.0 0.0 5.0 15.0 -2.5796
240.0 2.5 5.0 15.0 -2.4628
240.0 5.0 5.0 15.0 -0.6503000000000001
240.0 7.5 5.0 15.0 0.30199999999999994
240.0 10.0 5.0 15.0 0.10909999999999997
240.0 -5.0 -10.0 16.25 7.695400000000001
240.0 -2.5 -10.0 16.25 9.4673
240.0 0.0 -10.0 16.25 7.492299999999999
240.0 2.5 -10.0 16.25 3.9303999999999997
240.0 5.0 -10.0 16.25 0.0716
240.0 7.5 -10.0 16.25 -0.5456
240.0 10.0 -10.0 16.25 -0.10900000000000001
240.0 -5.0 -7.5 16.25 5.5037
240.0 -2.5 -7.5 16.25 5.6286000000000005
240.0 0.0 -7.5 16.25 3.0677000000000003
240.0 2.5 -7.5 16.25 -0.138
240.0 5.0 -7.5 16.25 -2.1473999999999998
240.0 7.5 -7.5 16.25 -1.8652000000000002
240.0 10.0 -7.5 16.25 -0.44079999999999997
240.0 -5.0 -5.0 16.25 3.7868
240.0 -2.5 -5.0 16.25 3.1053999999999995
240.0 0.0 -5.0 16.25 0.0492999999999999
240.0 2.5 -5.0 16.25 -2.7172
240.0 5.0 -5.0 16.25 -2.3386
240.0 7.5 -5.0 16.25 -1.5076
240.0 10.0 -5.0 16.25 -0.2118
240.0 -5.0 -2.5 16.25 2.2617000000000003
240.0 -2.5 -2.5 16.25 1.3495999999999997
240.0 0.0 -2.5 16.25 -1.0734000000000001
240.0 2.5 -2.5 16.25 -2.5754
240.0 5.0 -2.5 16.25 -1.6519
240.0 7.5 -2.5 16.25 -0.5061000000000001
240.0 10.0 -2.5 16.25 -0.09340000000000004
240.0 -5.0 0.0 16.25 1.1857000000000002
240.0 -2.5 0.0 16.25 0.5922000000000003
240.0 0.0 0.0 16.25 -0.11129999999999995
240.0 2.5 0.0 16.25 -1.3925
240.0 5.0 0.0 16.25 -0.6037999999999999
240.0 7.5 0.0 16.25 0.1100000000000001
240.0 10.0 0.0 16.25 0.1179
240.0 -5.0 2.5 16.25 0.6588
240.0 -2.5 2.5 16.25 0.14640000000000009
240.0 0.0 2.5 16.25 -0.4815999999999999
240.0 2.5 2.5 16.25 -0.4811000000000001
240.0 5.0 2.5 16.25 -0.052200000000000024
240.0 7.5 2.5 16.25 0.2844
240.0 -5.0 5.0 16.25 0.1104
240.0 -2.5 5.0 16.25 -0.6248
240.0 0.0 5.0 16.25 -0.6098
240.0 2.5 5.0 16.25 -0.6229
240.0 5.0 5.0 16.25 -0.1913
240.0 7.5 5.0 16.25 -0.0403
240.0 10.0 5.0 16.25 0.1156
300.0 -5.0 -10.0 3.75 830493746.7856
300.0 -2.5 -10.0 3.75 409369392.8664
300.0 0.0 -10.0 3.75 10000000081.206701
300.0 2.5 -10.0 3.75 9999999890.191101
300.0 5.0 -10.0 3.75 4535137325.1608
300.0 7.5 -10.0 3.75 761976506.3507999
300.0 10.0 -10.0 3.75 1733699.1158999999
300.0 -5.0 -7.5 3.75 9999999860.3955
300.0 -2.5 -7.5 3.75 9999999937.348701
300.0 0.0 -7.5 3.75 9999999742.0732
300.0 2.5 -7.5 3.75 10000000056.729502
300.0 5.0 -7.5 3.75 9999999745.9295
300.0 7.5 -7.5 3.75 10000000078.1518
300.0 10.0 -7.5 3.75 793.8455
300.0 -5.0 -5.0 3.75 9999999965.7252
300.0 -2.5 -5.0 3.75 9999999743.7667
300.0 0.0 -5.0 3.75 9999999983.6273
300.0 2.5 -5.0 3.75 9999999850.2478
300.0 5.0 -5.0 3.75 10000000192.8015
300.0 7.5 -5.0 3.75 10000000233.176802
300.0 10.0 -5.0 3.75 8346102.8542
300.0 -5.0 -2.5 3.75 9999999988.6709
300.0 -2.5 -2.5 3.75 9999999888.6802
300.0 0.0 -2.5 3.75 9999999934.295
300.0 2.5 -2.5 3.75 9999999871.8554
300.0 5.0 -2.5 3.75 9999999981.499601
300.0 7.5 -2.5 3.75 9999999933.898
300.0 10.0 -2.5 3.75 3212310.3718
300.0 -5.0 0.0 3.75 1949324136.8343
300.0 -2.5 0.0 3.75 9999999965.9417
300.0 0.0 0.0 3.75 9999999923.3596
300.0 2.5 0.0 3.75 10000000066.475101
300.0 5.0 0.0 3.75 10000000014.6357
300.0 7.5 0.0 3.75 2828308.7975
300.0 10.0 0.0 3.75 1711.1841000000002
300.0 -5.0 2.5 3.75 10000000039.6217
300.0 -2.5 2.5 3.75 10000000032.3705
300.0 0.0 2.5 3.75 9999999873.0634
300.0 2.5 2.5 3.75 10000000070.1226
300.0 5.0 2.5 3.75 15684074.7724
300.0 7.5 2.5 3.75 5791070.1112
300.0 10.0 2.5 3.75 17249586.4729
300.0 -5.0 5.0 3.75 18717065.7896
300.0 -2.5 5.0 3.75 10000000026.0566
300.0 0.0 5.0 3.75 372841117.98700005
300.0 2.5 5.0 3.75 9684072051.1661
300.0 5.0 5.0 3.75 74948546.3573
300.0 7.5 5.0 3.75 7319085.063200001
300.0 10.0 5.0 3.75 8640.658000000001
300.0 0.0 -2.5 5.0 9999999354.256802
300.0 0.0 0.0 5.0 9999999940.992401
300.0 5.0 -7.5 6.25 14657556.7485
300.0 0.0 -5.0 6.25 7743072303.3277
300.0 0.0 -2.5 6.25 9999999976.2565
300.0 0.0 0.0 6.25 10000000074.745401
300.0 0.0 2.5 6.25 290781227.6133
300.0 0.0 5.0 6.25 99454514.299
300.0 5.0 -7.5 7.5 55138469.4854
300.0 2.5 -5.0 7.5 9999999821.586102
300.0 0.0 -2.5 7.5 10000000043.7938
300.0 2.5 -2.5 7.5 9999999862.949701
300.0 0.0 0.0 7.5 9999999991.3297
300.0 -2.5 2.5 7.5 10000000040.786402
300.0 0.0 2.5 7.5 10000000080.0659
300.0 -2.5 5.0 7.5 6092191790.8214
300.0 0.0 5.0 7.5 29972727.6723
300.0 2.5 -10.0 8.75 1178846769.1771
300.0 5.0 -7.5 8.75 3107433178.5991
300.0 0.0 -5.0 8.75 10000000043.0555
300.0 2.5 -5.0 8.75 4643622105.8363
300.0 5.0 -5.0 8.75 133952550.9197
300.0 0.0 -2.5 8.75 9999999895.6072
300.0 2.5 -2.5 8.75 10000000172.486801
300.0 0.0 0.0 8.75 9999999950.0449
300.0 2.5 0.0 8.75 1696497642.2066
300.0 0.0 2.5 8.75 9999999965.8286
300.0 2.5 2.5 8.75 10000000117.6326
300.0 -2.5 5.0 8.75 863232.6492999999
300.0 0.0 5.0 8.75 1766628.4079
300.0 2.5 5.0 8.75 2011307658.9323
300.0 2.5 -10.0 10.0 1587533.2571
300.0 2.5 -7.5 10.0 21437087.6927
300.0 5.0 -7.5 10.0 20990557.849
300.0 7.5 -7.5 10.0 252339715.0063
300.0 0.0 -5.0 10.0 9999999960.9727
300.0 2.5 -5.0 10.0 847094840.5139
300.0 5.0 -5.0 10.0 173221632.1093
300.0 0.0 -2.5 10.0 4892033075.4292
300.0 2.5 -2.5 10.0 10000000007.7632
300.0 -5.0 0.0 10.0 3157770.2408000003
300.0 -2.5 0.0 10.0 25925815.9435
300.0 0.0 0.0 10.0 9999999967.7423
300.0 2.5 0.0 10.0 1597436894.1986
300.0 5.0 0.0 10.0 1945850411.851
300.0 -2.5 2.5 10.0 840350034.0473
300.0 0.0 2.5 10.0 3611141657.7398
300.0 2.5 2.5 10.0 49157219.8837
300.0 5.0 2.5 10.0 9626385923.2051
300.0 -2.5 5.0 10.0 995.4055000000001
300.0 0.0 5.0 10.0 1673.0058
300.0 2.5 5.0 10.0 82272611.359
300.0 2.5 -10.0 11.25 326.5696
300.0 5.0 -10.0 11.25 2842.5703
300.0 7.5 -10.0 11.25 -3.8126
300.0 10.0 -10.0 11.25 -7.2684999999999995
300.0 2.5 -7.5 11.25 257.4796
300.0 5.0 -7.5 11.25 26083.2383
300.0 0.0 -5.0 11.25 760280723.329
300.0 2.5 -5.0 11.25 1111890.9727999999
300.0 5.0 -5.0 11.25 3948754.444
300.0 -2.5 -2.5 11.25 2267650.1851000004
300.0 0.0 -2.5 11.25 10000000054.4536
300.0 2.5 -2.5 11.25 25163649.4902
300.0 -5.0 0.0 11.25 134985.6716
300.0 -2.5 0.0 11.25 30610.824200000003
300.0 0.0 0.0 11.25 221894118.1947
300.0 2.5 0.0 11.25 354526079.5738
300.0 -2.5 2.5 11.25 200228.1279
300.0 0.0 2.5 11.25 32064.718
300.0 2.5 2.5 11.25 6487697.7562
300.0 5.0 2.5 11.25 25729376.0741
300.0 -2.5 5.0 11.25 -6.4863
300.0 0.0 5.0 11.25 319.1933
300.0 2.5 5.0 11.25 22574.8243
300.0 7.5 5.0 11.25 83.2591
300.0 -5.0 -10.0 12.5 -3.5835
300.0 2.5 -10.0 12.5 31.8365
300.0 5.0 -10.0 12.5 28.224200000000003
300.0 7.5 -10.0 12.5 1.7276000000000002
300.0 10.0 -10.0 12.5 -2.6078
300.0 2.5 -7.5 12.5 2.9807999999999986
300.0 5.0 -7.5 12.5 146.76600000000002
300.0 7.5 -7.5 12.5 19.890900000000002
300.0 -5.0 -5.0 12.5 643554.8728
300.0 -2.5 -5.0 12.5 8601.264899999998
300.0 0.0 -5.0 12.5 1893636669.8808
300.0 2.5 -5.0 12.5 227621235.89139998
300.0 5.0 -5.0 12.5 3398.8982
300.0 -5.0 -2.5 12.5 91504.3787
300.0 -2.5 -2.5 12.5 20033.6437
300.0 0.0 -2.5 12.5 126535726.2736
300.0 2.5 -2.5 12.5 8614625.572999999
300.0 -5.0 0.0 12.5 41.4009
300.0 -2.5 0.0 12.5 10850.9176
300.0 0.0 0.0 12.5 2336745016.0418
300.0 2.5 0.0 12.5 2623171244.8571
300.0 5.0 0.0 12.5 288688.6052
300.0 -2.5 2.5 12.5 16.3149
300.0 0.0 2.5 12.5 1346.1426
300.0 2.5 2.5 12.5 84680.86469999999
300.0 5.0 2.5 12.5 802028.3142
300.0 7.5 2.5 12.5 861421.5603
300.0 10.0 2.5 12.5 -0.7715000000000001
300.0 -2.5 5.0 12.5 -5.660299999999999
300.0 0.0 5.0 12.5 59.072199999999995
300.0 2.5 5.0 12.5 854.5331000000001
300.0 5.0 5.0 12.5 19690.4568
300.0 7.5 5.0 12.5 -2.1826
300.0 10.0 5.0 12.5 -2.8255
300.0 0.0 -10.0 13.75 17.7958
300.0 2.5 -10.0 13.75 21.6387
300.0 5.0 -10.0 13.75 15.894400000000001
300.0 7.5 -10.0 13.75 5.4626
300.0 10.0 -10.0 13.75 0.16800000000000004
300.0 -5.0 -7.5 13.75 -8.0036
300.0 -2.5 -7.5 13.75 -2.761
300.0 2.5 -7.5 13.75 7.181100000000001
300.0 5.0 -7.5 13.75 6.9887999999999995
300.0 7.5 -7.5 13.75 1.5328999999999997
300.0 10.0 -7.5 13.75 -1.2971
300.0 -5.0 -5.0 13.75 3.7112000000000007
300.0 -2.5 -5.0 13.75 -5.708200000000001
300.0 0.0 -5.0 13.75 5221.2845
300.0 2.5 -5.0 13.75 114.6999
300.0 5.0 -5.0 13.75 1.4047
300.0 -5.0 -2.5 13.75 41.9755
300.0 -2.5 -2.5 13.75 3.3654
300.0 0.0 -2.5 13.75 1110966.2004000002
300.0 2.5 -2.5 13.75 55777823.3769
300.0 5.0 -2.5 13.75 14.627299999999998
300.0 -5.0 0.0 13.75 -6.6084
300.0 -2.5 0.0 13.75 3204.4717
300.0 0.0 0.0 13.75 81293.67510000001
300.0 2.5 0.0 13.75 114041.1504
300.0 5.0 0.0 13.75 269.6898
300.0 7.5 0.0 13.75 18510924.709299996
300.0 -2.5 2.5 13.75 -2.3728
300.0 0.0 2.5 13.75 18.856
300.0 2.5 2.5 13.75 696.1467
300.0 5.0 2.5 13.75 1663.6107
300.0 7.5 2.5 13.75 103041.9139
300.0 10.0 2.5 13.75 -1.8841999999999999
300.0 -2.5 5.0 13.75 -3.3498
300.0 0.0 5.0 13.75 -1.5998999999999999
300.0 2.5 5.0 13.75 2.9238
300.0 5.0 5.0 13.75 18.916
300.0 7.5 5.0 13.75 -1.7037000000000002
300.0 10.0 5.0 13.75 -0.4523
300.0 -5.0 -10.0 15.0 2.6547
300.0 -2.5 -10.0 15.0 8.1777
300.0 0.0 -10.0 15.0 13.8543
300.0 2.5 -10.0 15.0 15.6243
300.0 5.0 -10.0 15.0 11.7919
300.0 7.5 -10.0 15.0 4.7152
300.0 10.0 -10.0 15.0 0.796
300.0 -5.0 -7.5 15.0 -2.5941
300.0 -2.5 -7.5 15.0 1.8491
300.0 0.0 -7.5 15.0 6.852
300.0 2.5 -7.5 15.0 8.3451
300.0 5.0 -7.5 15.0 6.3929
300.0 7.5 -7.5 15.0 1.9324000000000003
300.0 10.0 -7.5 15.0 -0.32499999999999996
300.0 -5.0 -5.0 15.0 -4.9816
300.0 -2.5 -5.0 15.0 -1.4089999999999998
300.0 0.0 -5.0 15.0 1.6200999999999999
300.0 2.5 -5.0 15.0 1.6997
300.0 5.0 -5.0 15.0 -0.06329999999999991
300.0 7.5 -5.0 15.0 -2.0574
300.0 10.0 -5.0 15.0 -2.2269
300.0 -5.0 -2.5 15.0 -3.5927
300.0 -2.5 -2.5 15.0 -0.9988000000000001
300.0 0.0 -2.5 15.0 32667.135400000003
300.0 2.5 -2.5 15.0 353.5202
300.0 5.0 -2.5 15.0 -0.6219000000000001
300.0 10.0 -2.5 15.0 -2.9095
300.0 -5.0 0.0 15.0 -1.726
300.0 -2.5 0.0 15.0 4.8989
300.0 0.0 0.0 15.0 90.5074
300.0 2.5 0.0 15.0 23.4678
300.0 5.0 0.0 15.0 0.10960000000000036
300.0 7.5 0.0 15.0 156.4903
300.0 -5.0 2.5 15.0 -2.6229
300.0 -2.5 2.5 15.0 -0.25980000000000003
300.0 0.0 2.5 15.0 1.0709
300.0 2.5 2.5 15.0 0.47180000000000044
300.0 5.0 2.5 15.0 0.5271000000000003
300.0 7.5 2.5 15.0 10.4032
300.0 10.0 2.5 15.0 -0.7062999999999999
300.0 -2.5 5.0 15.0 -1.9580000000000002
300.0 0.0 5.0 15.0 -0.4709
300.0 2.5 5.0 15.0 -0.4669000000000003
300.0 5.0 5.0 15.0 -0.44209999999999994
300.0 7.5 5.0 15.0 0.1411
300.0 10.0 5.0 15.0 0.4504
300.0 -5.0 -10.0 16.25 2.9018
300.0 -2.5 -10.0 16.25 6.212899999999999
300.0 0.0 -10.0 16.25 9.751100000000001
300.0 2.5 -10.0 16.25 10.5689
300.0 5.0 -10.0 16.25 7.8308
300.0 7.5 -10.0 16.25 3.73
300.0 10.0 -10.0 16.25 0.7792
300.0 -5.0 -7.5 16.25 0.511
300.0 -2.5 -7.5 16.25 2.7388000000000003
300.0 0.0 -7.5 16.25 5.2812
300.0 2.5 -7.5 16.25 6.3973
300.0 5.0 -7.5 16.25 4.487299999999999
300.0 7.5 -7.5 16.25 1.6966999999999999
300.0 10.0 -7.5 16.25 0.057099999999999984
300.0 -5.0 -5.0 16.25 -0.9643999999999999
300.0 -2.5 -5.0 16.25 0.7870999999999999
300.0 0.0 -5.0 16.25 2.8173000000000004
300.0 2.5 -5.0 16.25 3.218
300.0 5.0 -5.0 16.25 1.9247
300.0 7.5 -5.0 16.25 -0.23170000000000002
300.0 10.0 -5.0 16.25 -0.7111
300.0 -5.0 -2.5 16.25 -0.7047
300.0 -2.5 -2.5 16.25 1.3437000000000001
300.0 0.0 -2.5 16.25 3.1328
300.0 2.5 -2.5 16.25 2.5455
300.0 5.0 -2.5 16.25 1.5208000000000002
300.0 7.5 -2.5 16.25 -0.3414999999999999
300.0 10.0 -2.5 16.25 -0.9974000000000001
300.0 -5.0 0.0 16.25 -0.6029
300.0 -2.5 0.0 16.25 1.8371000000000002
300.0 0.0 0.0 16.25 2.2424
300.0 2.5 0.0 16.25 2.4395000000000002
300.0 5.0 0.0 16.25 1.8472
300.0 7.5 0.0 16.25 0.5021
300.0 -5.0 2.5 16.25 -1.0776999999999999
300.0 -2.5 2.5 16.25 0.5694
300.0 0.0 2.5 16.25 1.1783
300.0 2.5 2.5 16.25 1.1109
300.0 5.0 2.5 16.25 1.1397000000000002
300.0 7.5 2.5 16.25 0.3255999999999999
300.0 10.0 2.5 16.25 0.5844
300.0 -5.0 5.0 16.25 -1.8098
300.0 -2.5 5.0 16.25 -1.3529
300.0 0.0 5.0 16.25 -0.20389999999999997
300.0 2.5 5.0 16.25 0.30480000000000007
300.0 5.0 5.0 16.25 0.835
300.0 7.5 5.0 16.25 0.6355999999999999
300.0 10.0 5.0 16.25 0.35059999999999997
