0.0 5.0 -7.5 6.25 0.21330000000000002
0.0 -2.5 5.0 6.25 9999999980.1606
0.0 0.0 2.5 7.5 460473.0767
0.0 -2.5 5.0 7.5 10000000013.3831
0.0 0.0 5.0 7.5 1305170559.5297
0.0 2.5 -10.0 8.75 -0.1197
0.0 5.0 -10.0 8.75 -0.3686
0.0 7.5 -10.0 8.75 -0.3504
0.0 0.0 -7.5 8.75 0.6937
0.0 5.0 -7.5 8.75 0.7046
0.0 0.0 0.0 8.75 670.3984
0.0 0.0 2.5 8.75 4862989.566400001
0.0 -2.5 5.0 8.75 10000000009.099401
0.0 0.0 5.0 8.75 1092425231.4677
0.0 2.5 5.0 8.75 252662326.9044
0.0 5.0 5.0 8.75 4496.1528
0.0 5.0 -10.0 10.0 -0.2364
0.0 7.5 -10.0 10.0 -0.27630000000000005
0.0 0.0 -7.5 10.0 1.0139
0.0 2.5 -7.5 10.0 1.3389
0.0 5.0 -7.5 10.0 0.7819
0.0 -2.5 -5.0 10.0 0.9352
0.0 2.5 -5.0 10.0 2.291
0.0 -2.5 -2.5 10.0 1.1753
0.0 0.0 -2.5 10.0 3.5844
0.0 -2.5 0.0 10.0 1904129.3709
0.0 0.0 0.0 10.0 8144479.3604
0.0 2.5 0.0 10.0 16.1068
0.0 0.0 2.5 10.0 235346199.7014
0.0 2.5 2.5 10.0 14635531.959
0.0 7.5 2.5 10.0 2.5543000000000005
0.0 -2.5 5.0 10.0 2054949081.8096
0.0 0.0 5.0 10.0 8034249383.3446
0.0 2.5 5.0 10.0 9999999992.569302
0.0 5.0 5.0 10.0 36.1532
0.0 2.5 -10.0 11.25 0.041100000000000005
0.0 5.0 -10.0 11.25 -0.0903
0.0 7.5 -10.0 11.25 -0.24780000000000002
0.0 10.0 -10.0 11.25 -0.218
0.0 0.0 -7.5 11.25 1.4049
0.0 2.5 -7.5 11.25 1.2153999999999998
0.0 5.0 -7.5 11.25 0.7202999999999999
0.0 7.5 -7.5 11.25 0.0452
0.0 -2.5 -5.0 11.25 0.891
0.0 0.0 -5.0 11.25 2.1613
0.0 2.5 -5.0 11.25 2.4342
0.0 5.0 -5.0 11.25 1.9225999999999999
0.0 -5.0 -2.5 11.25 -1.5095
0.0 -2.5 -2.5 11.25 1.2673999999999999
0.0 0.0 -2.5 11.25 5.0827
0.0 7.5 -2.5 11.25 1.6352000000000002
0.0 -2.5 0.0 11.25 244.1333
0.0 0.0 0.0 11.25 5596070.1923
0.0 2.5 0.0 11.25 38.4297
0.0 -2.5 2.5 11.25 1313.4116999999999
0.0 0.0 2.5 11.25 998176.7568999999
0.0 2.5 2.5 11.25 6338071.381399999
0.0 5.0 2.5 11.25 9.789100000000001
0.0 7.5 2.5 11.25 4.3484
0.0 -5.0 5.0 11.25 -30.0598
0.0 -2.5 5.0 11.25 1457.7794
0.0 0.0 5.0 11.25 142760775.37039998
0.0 2.5 5.0 11.25 24515.9162
0.0 5.0 5.0 11.25 20.0974
0.0 7.5 5.0 11.25 1.1609999999999998
0.0 0.0 -10.0 12.5 0.4151
0.0 2.5 -10.0 12.5 0.2797
0.0 5.0 -10.0 12.5 -0.0076
0.0 7.5 -10.0 12.5 -0.1709
0.0 10.0 -10.0 12.5 -0.04
0.0 -2.5 -7.5 12.5 0.7889999999999999
0.0 0.0 -7.5 12.5 1.3393
0.0 2.5 -7.5 12.5 1.0692
0.0 5.0 -7.5 12.5 0.6575
0.0 7.5 -7.5 12.5 0.14229999999999998
0.0 10.0 -7.5 12.5 -0.1918
0.0 -5.0 -5.0 12.5 -0.078
0.0 -2.5 -5.0 12.5 0.8626
0.0 0.0 -5.0 12.5 1.7176
0.0 2.5 -5.0 12.5 2.4626
0.0 5.0 -5.0 12.5 1.9752
0.0 7.5 -5.0 12.5 1.0057
0.0 10.0 -5.0 12.5 0.2065
0.0 -5.0 -2.5 12.5 -1.4018000000000002
0.0 -2.5 -2.5 12.5 0.6781999999999999
0.0 0.0 -2.5 12.5 4.378399999999999
0.0 2.5 -2.5 12.5 5.517799999999999
0.0 5.0 -2.5 12.5 4.105
0.0 7.5 -2.5 12.5 1.9247
0.0 -5.0 0.0 12.5 -4.2272
0.0 -2.5 0.0 12.5 -4.1701
0.0 0.0 0.0 12.5 57.6804
0.0 2.5 0.0 12.5 12.349499999999999
0.0 5.0 0.0 12.5 7.7523
0.0 -2.5 2.5 12.5 -19.752899999999997
0.0 0.0 2.5 12.5 52.13980000000001
0.0 2.5 2.5 12.5 654.7178
0.0 5.0 2.5 12.5 5.496300000000001
0.0 7.5 2.5 12.5 4.3683
0.0 10.0 2.5 12.5 2.7222
0.0 -5.0 5.0 12.5 -24.8658
0.0 -2.5 5.0 12.5 -37.7682
0.0 0.0 5.0 12.5 104.93539999999999
0.0 2.5 5.0 12.5 87.9217
0.0 5.0 5.0 12.5 -4.1555
0.0 7.5 5.0 12.5 0.6297000000000001
0.0 10.0 5.0 12.5 1.5255
0.0 0.0 -10.0 13.75 0.2858
0.0 2.5 -10.0 13.75 0.24059999999999998
0.0 5.0 -10.0 13.75 0.07139999999999999
0.0 7.5 -10.0 13.75 0.0027
0.0 10.0 -10.0 13.75 0.0
0.0 -2.5 -7.5 13.75 0.9815999999999999
0.0 0.0 -7.5 13.75 1.2127999999999999
0.0 2.5 -7.5 13.75 1.0572
0.0 5.0 -7.5 13.75 0.5702
0.0 7.5 -7.5 13.75 0.28200000000000003
0.0 10.0 -7.5 13.75 -0.12589999999999998
0.0 -5.0 -5.0 13.75 0.2902
0.0 -2.5 -5.0 13.75 1.4425000000000001
0.0 0.0 -5.0 13.75 1.9064999999999999
0.0 2.5 -5.0 13.75 1.9944
0.0 5.0 -5.0 13.75 1.7135
0.0 7.5 -5.0 13.75 1.0181
0.0 10.0 -5.0 13.75 0.3562
0.0 -5.0 -2.5 13.75 -0.8294999999999999
0.0 -2.5 -2.5 13.75 0.45460000000000006
0.0 0.0 -2.5 13.75 2.7334
0.0 2.5 -2.5 13.75 4.0762
0.0 5.0 -2.5 13.75 3.2827
0.0 7.5 -2.5 13.75 1.9978999999999998
0.0 -5.0 0.0 13.75 -3.8297999999999996
0.0 -2.5 0.0 13.75 -3.7151
0.0 0.0 0.0 13.75 0.4759
0.0 2.5 0.0 13.75 6.651999999999999
0.0 5.0 0.0 13.75 6.0644
0.0 7.5 0.0 13.75 3.5945
0.0 -5.0 2.5 13.75 -9.9983
0.0 -2.5 2.5 13.75 -17.177300000000002
0.0 0.0 2.5 13.75 -17.2112
0.0 2.5 2.5 13.75 -3.5065
0.0 5.0 2.5 13.75 3.0077
0.0 7.5 2.5 13.75 3.633
0.0 10.0 2.5 13.75 2.1082
0.0 -5.0 5.0 13.75 -19.616
0.0 -2.5 5.0 13.75 -33.4097
0.0 0.0 5.0 13.75 -36.7531
0.0 2.5 5.0 13.75 -23.0106
0.0 5.0 5.0 13.75 -7.174799999999999
0.0 7.5 5.0 13.75 -0.46580000000000005
0.0 10.0 5.0 13.75 1.0746
0.0 -5.0 -10.0 15.0 0.0234
0.0 -2.5 -10.0 15.0 0.0876
0.0 0.0 -10.0 15.0 0.1142
0.0 2.5 -10.0 15.0 0.0953
0.0 5.0 -10.0 15.0 0.0142
0.0 7.5 -10.0 15.0 0.0
0.0 10.0 -10.0 15.0 0.0
0.0 -5.0 -7.5 15.0 0.3435
0.0 -2.5 -7.5 15.0 0.8613
0.0 0.0 -7.5 15.0 1.1347999999999998
0.0 2.5 -7.5 15.0 1.0401
0.0 5.0 -7.5 15.0 0.6803
0.0 7.5 -7.5 15.0 0.2676
0.0 10.0 -7.5 15.0 -0.001
0.0 -5.0 -5.0 15.0 0.5405
0.0 -2.5 -5.0 15.0 1.2141
0.0 0.0 -5.0 15.0 1.7873999999999999
0.0 2.5 -5.0 15.0 1.7748
0.0 5.0 -5.0 15.0 1.5554
0.0 7.5 -5.0 15.0 0.873
0.0 10.0 -5.0 15.0 0.3236
0.0 -5.0 -2.5 15.0 -0.1867
0.0 -2.5 -2.5 15.0 0.9214
0.0 0.0 -2.5 15.0 1.8964
0.0 2.5 -2.5 15.0 2.6528
0.0 5.0 -2.5 15.0 2.5106
0.0 7.5 -2.5 15.0 1.7889
0.0 10.0 -2.5 15.0 0.7796000000000001
0.0 -5.0 0.0 15.0 -3.1355
0.0 -2.5 0.0 15.0 -2.5888
0.0 0.0 0.0 15.0 -0.00539999999999996
0.0 2.5 0.0 15.0 3.5711999999999997
0.0 5.0 0.0 15.0 4.2009
0.0 7.5 0.0 15.0 2.9047
0.0 10.0 0.0 15.0 1.3038999999999998
0.0 -5.0 2.5 15.0 -8.3795
0.0 -2.5 2.5 15.0 -12.4027
0.0 0.0 2.5 15.0 -10.999099999999999
0.0 2.5 2.5 15.0 -4.3342
0.0 5.0 2.5 15.0 1.3579
0.0 7.5 2.5 15.0 2.9428
0.0 10.0 2.5 15.0 1.9740000000000002
0.0 -5.0 5.0 15.0 -16.5038
0.0 -2.5 5.0 15.0 -26.9865
0.0 0.0 5.0 15.0 -29.202299999999997
0.0 2.5 5.0 15.0 -19.281499999999998
0.0 5.0 5.0 15.0 -7.8243
0.0 7.5 5.0 15.0 -0.9339
0.0 10.0 5.0 15.0 1.2475
0.0 -5.0 -10.0 16.25 0.0
0.0 -2.5 -10.0 16.25 0.0224
0.0 0.0 -10.0 16.25 0.0381
0.0 2.5 -10.0 16.25 0.016
0.0 5.0 -10.0 16.25 0.0
0.0 7.5 -10.0 16.25 0.0
0.0 10.0 -10.0 16.25 0.0
0.0 -5.0 -7.5 16.25 0.2414
0.0 -2.5 -7.5 16.25 0.5627
0.0 0.0 -7.5 16.25 0.7237
0.0 2.5 -7.5 16.25 0.7293999999999999
0.0 5.0 -7.5 16.25 0.5306
0.0 7.5 -7.5 16.25 0.1161
0.0 10.0 -7.5 16.25 0.0
0.0 -5.0 -5.0 16.25 0.5987
0.0 -2.5 -5.0 16.25 1.2087
0.0 0.0 -5.0 16.25 1.4824
0.0 2.5 -5.0 16.25 1.6194
0.0 5.0 -5.0 16.25 1.3374
0.0 7.5 -5.0 16.25 0.8352999999999999
0.0 10.0 -5.0 16.25 0.245
0.0 -5.0 -2.5 16.25 0.3416
0.0 -2.5 -2.5 16.25 0.8896999999999999
0.0 0.0 -2.5 16.25 1.5249
0.0 2.5 -2.5 16.25 1.9241000000000001
0.0 5.0 -2.5 16.25 1.9924
0.0 7.5 -2.5 16.25 1.358
0.0 10.0 -2.5 16.25 0.6959
0.0 -5.0 0.0 16.25 -1.6552
0.0 -2.5 0.0 16.25 -1.4336
0.0 0.0 0.0 16.25 -0.16
0.0 2.5 0.0 16.25 1.7237
0.0 5.0 0.0 16.25 2.7527
0.0 7.5 0.0 16.25 2.1191999999999998
0.0 10.0 0.0 16.25 1.099
0.0 -5.0 2.5 16.25 -5.872999999999999
0.0 -2.5 2.5 16.25 -8.7737
0.0 0.0 2.5 16.25 -7.9532
0.0 2.5 2.5 16.25 -3.5279000000000003
0.0 5.0 2.5 16.25 0.5035
0.0 7.5 2.5 16.25 2.1018
0.0 10.0 2.5 16.25 1.5756
0.0 -5.0 5.0 16.25 -13.557500000000001
0.0 -2.5 5.0 16.25 -21.3031
0.0 0.0 5.0 16.25 -22.3457
0.0 2.5 5.0 16.25 -15.745099999999999
0.0 5.0 5.0 16.25 -6.806800000000001
0.0 7.5 5.0 16.25 -1.1625
0.0 10.0 5.0 16.25 1.1962
60.0 -5.0 -10.0 3.75 -4.6928
60.0 -2.5 -10.0 3.75 -3.7703
60.0 0.0 -10.0 3.75 -2.1444
60.0 2.5 -10.0 3.75 -0.3953
60.0 5.0 -10.0 3.75 0.5462
60.0 7.5 -10.0 3.75 0.9001
60.0 10.0 -10.0 3.75 0.6659
60.0 -5.0 -7.5 3.75 336.27799999999996
60.0 -2.5 -7.5 3.75 3.5051999999999994
60.0 0.0 -7.5 3.75 -2.0873
60.0 2.5 -7.5 3.75 0.9955
60.0 5.0 -7.5 3.75 2.3677
60.0 7.5 -7.5 3.75 2.444
60.0 10.0 -7.5 3.75 1.8887
60.0 -5.0 -5.0 3.75 12369208.9378
60.0 -2.5 -5.0 3.75 2742.8613
60.0 0.0 -5.0 3.75 12.117
60.0 2.5 -5.0 3.75 1.3018999999999994
60.0 5.0 -5.0 3.75 5.985099999999999
60.0 7.5 -5.0 3.75 4.0822
60.0 10.0 -5.0 3.75 2.3773999999999997
60.0 -5.0 -2.5 3.75 9999999899.184301
60.0 -2.5 -2.5 3.75 10000000005.126701
60.0 0.0 -2.5 3.75 11003.4226
60.0 2.5 -2.5 3.75 212.7231
60.0 5.0 -2.5 3.75 3.5244
60.0 7.5 -2.5 3.75 3.4548
60.0 10.0 -2.5 3.75 1.4984
60.0 -5.0 0.0 3.75 467743239.6432
60.0 -2.5 0.0 3.75 10000000063.8185
60.0 0.0 0.0 3.75 10000000160.777601
60.0 2.5 0.0 3.75 2555466179.3639
60.0 5.0 0.0 3.75 346.9769
60.0 7.5 0.0 3.75 -2.4868
60.0 10.0 0.0 3.75 -1.5936
60.0 -5.0 2.5 3.75 894558723.6243
60.0 -2.5 2.5 3.75 10000000004.989601
60.0 0.0 2.5 3.75 10000000146.0457
60.0 2.5 2.5 3.75 10000000035.6042
60.0 5.0 2.5 3.75 34158191.2438
60.0 7.5 2.5 3.75 76.6682
60.0 10.0 2.5 3.75 -6.6601
60.0 -5.0 5.0 3.75 9999999926.174501
60.0 -2.5 5.0 3.75 2384317364.1375
60.0 0.0 5.0 3.75 10000000027.602001
60.0 2.5 5.0 3.75 9999999967.3111
60.0 5.0 5.0 3.75 9999999980.050402
60.0 7.5 5.0 3.75 909.8125
60.0 10.0 5.0 3.75 -9.5386
60.0 2.5 -2.5 5.0 -3.205
60.0 0.0 0.0 5.0 48640843.7016
60.0 0.0 2.5 5.0 1487049968.2048
60.0 2.5 -2.5 6.25 14.092300000000002
60.0 0.0 0.0 6.25 77735.043
60.0 0.0 2.5 6.25 112645645.7256
60.0 0.0 5.0 6.25 10000000155.503302
60.0 2.5 -5.0 7.5 -3.4974999999999996
60.0 2.5 -2.5 7.5 5.284599999999999
60.0 5.0 -2.5 7.5 1.3668
60.0 -2.5 0.0 7.5 21361342.3151
60.0 0.0 0.0 7.5 108156.0543
60.0 2.5 0.0 7.5 82.6539
60.0 0.0 2.5 7.5 698061699.4494
60.0 0.0 5.0 7.5 27599073.044999998
60.0 2.5 -7.5 8.75 -4.7402
60.0 2.5 -5.0 8.75 -1.4923
60.0 5.0 -5.0 8.75 -2.3048
60.0 0.0 -2.5 8.75 21.940600000000003
60.0 2.5 -2.5 8.75 8.6487
60.0 -2.5 0.0 8.75 5071598.4305
60.0 0.0 0.0 8.75 894.6765
60.0 2.5 0.0 8.75 43.9009
60.0 -2.5 2.5 8.75 38163.8569
60.0 0.0 2.5 8.75 13822179.279399998
60.0 0.0 5.0 8.75 1445973426.6675
60.0 5.0 -10.0 10.0 -1.6933
60.0 2.5 -7.5 10.0 -3.9295
60.0 5.0 -7.5 10.0 -2.7285000000000004
60.0 7.5 -7.5 10.0 -0.8688
60.0 0.0 -5.0 10.0 4.9706
60.0 2.5 -5.0 10.0 -0.11610000000000004
60.0 5.0 -5.0 10.0 -2.0686
60.0 -2.5 -2.5 10.0 28.9993
60.0 0.0 -2.5 10.0 20.442700000000002
60.0 2.5 -2.5 10.0 9.577499999999999
60.0 5.0 -2.5 10.0 1.8279999999999998
60.0 7.5 -2.5 10.0 -0.6364000000000001
60.0 -2.5 0.0 10.0 559.0897
60.0 0.0 0.0 10.0 51.0619
60.0 2.5 0.0 10.0 20.7271
60.0 -2.5 2.5 10.0 49694.0544
60.0 0.0 2.5 10.0 22288.4234
60.0 2.5 2.5 10.0 36.8579
60.0 -2.5 5.0 10.0 10000000055.5993
60.0 0.0 5.0 10.0 4519717861.5642
60.0 2.5 5.0 10.0 1189697.4
60.0 2.5 -10.0 11.25 -2.3978
60.0 5.0 -10.0 11.25 -1.3861
60.0 10.0 -10.0 11.25 0.0
60.0 0.0 -7.5 11.25 -2.4218
60.0 2.5 -7.5 11.25 -3.0512
60.0 5.0 -7.5 11.25 -2.3581
60.0 7.5 -7.5 11.25 -0.6376999999999999
60.0 0.0 -5.0 11.25 4.6215
60.0 2.5 -5.0 11.25 -0.3438
60.0 5.0 -5.0 11.25 -2.0943
60.0 -2.5 -2.5 11.25 25.3689
60.0 0.0 -2.5 11.25 18.2043
60.0 2.5 -2.5 11.25 8.3796
60.0 5.0 -2.5 11.25 1.2401
60.0 7.5 -2.5 11.25 -0.5032
60.0 -5.0 0.0 11.25 37.738099999999996
60.0 -2.5 0.0 11.25 42.9389
60.0 0.0 0.0 11.25 32.7786
60.0 2.5 0.0 11.25 18.7469
60.0 5.0 0.0 11.25 6.0315
60.0 -5.0 2.5 11.25 51.9962
60.0 -2.5 2.5 11.25 261.5622
60.0 0.0 2.5 11.25 5409.7485
60.0 2.5 2.5 11.25 27.400399999999998
60.0 5.0 2.5 11.25 11.662
60.0 -2.5 5.0 11.25 83757745.2205
60.0 0.0 5.0 11.25 2921395.2925
60.0 2.5 5.0 11.25 9999999842.509201
60.0 5.0 5.0 11.25 11.1639
60.0 7.5 5.0 11.25 1.2449000000000001
60.0 -2.5 -10.0 12.5 -1.0539999999999998
60.0 0.0 -10.0 12.5 -1.7397999999999998
60.0 2.5 -10.0 12.5 -1.6839
60.0 5.0 -10.0 12.5 -0.9858
60.0 7.5 -10.0 12.5 -0.1982
60.0 10.0 -10.0 12.5 0.0
60.0 0.0 -7.5 12.5 -1.5713
60.0 2.5 -7.5 12.5 -2.2564
60.0 5.0 -7.5 12.5 -1.3754
60.0 7.5 -7.5 12.5 -0.4485
60.0 10.0 -7.5 12.5 0.0
60.0 -2.5 -5.0 12.5 7.761900000000001
60.0 0.0 -5.0 12.5 3.466
60.0 2.5 -5.0 12.5 -0.4232
60.0 5.0 -5.0 12.5 -1.5385
60.0 7.5 -5.0 12.5 -0.26139999999999997
60.0 -5.0 -2.5 12.5 18.6821
60.0 -2.5 -2.5 12.5 20.1207
60.0 0.0 -2.5 12.5 14.4699
60.0 2.5 -2.5 12.5 6.246700000000001
60.0 5.0 -2.5 12.5 1.0655
60.0 7.5 -2.5 12.5 0.5835999999999999
60.0 -5.0 0.0 12.5 27.116
60.0 -2.5 0.0 12.5 31.910999999999998
60.0 0.0 0.0 12.5 25.7622
60.0 2.5 0.0 12.5 14.442400000000001
60.0 5.0 0.0 12.5 5.3062000000000005
60.0 -5.0 2.5 12.5 25.1734
60.0 -2.5 2.5 12.5 34.9587
60.0 0.0 2.5 12.5 39.0412
60.0 2.5 2.5 12.5 21.9444
60.0 5.0 2.5 12.5 9.9083
60.0 7.5 2.5 12.5 2.544
60.0 -5.0 5.0 12.5 3.4446
60.0 -2.5 5.0 12.5 133.0387
60.0 0.0 5.0 12.5 119.3582
60.0 2.5 5.0 12.5 394.5265
60.0 5.0 5.0 12.5 7.275399999999999
60.0 7.5 5.0 12.5 2.1575
60.0 10.0 5.0 12.5 0.6996
60.0 -2.5 -10.0 13.75 -0.9699
60.0 0.0 -10.0 13.75 -1.4122999999999999
60.0 2.5 -10.0 13.75 -1.17
60.0 5.0 -10.0 13.75 -0.6134999999999999
60.0 7.5 -10.0 13.75 -0.0093
60.0 10.0 -10.0 13.75 0.0
60.0 0.0 -7.5 13.75 -1.2055
60.0 2.5 -7.5 13.75 -1.4733999999999998
60.0 5.0 -7.5 13.75 -0.8273
60.0 7.5 -7.5 13.75 -0.225
60.0 10.0 -7.5 13.75 0.0
60.0 -2.5 -5.0 13.75 4.8779
60.0 0.0 -5.0 13.75 2.2746
60.0 2.5 -5.0 13.75 -0.6129
60.0 5.0 -5.0 13.75 -0.388
60.0 7.5 -5.0 13.75 0.0471
60.0 10.0 -5.0 13.75 0.0317
60.0 -5.0 -2.5 13.75 13.4231
60.0 -2.5 -2.5 13.75 14.2971
60.0 0.0 -2.5 13.75 9.9503
60.0 2.5 -2.5 13.75 4.2205
60.0 5.0 -2.5 13.75 0.8986
60.0 7.5 -2.5 13.75 0.8238
60.0 -5.0 0.0 13.75 18.7514
60.0 -2.5 0.0 13.75 22.5233
60.0 0.0 0.0 13.75 18.546000000000003
60.0 2.5 0.0 13.75 10.4117
60.0 5.0 0.0 13.75 4.0228
60.0 -5.0 2.5 13.75 16.342399999999998
60.0 -2.5 2.5 13.75 22.4779
60.0 0.0 2.5 13.75 20.7471
60.0 2.5 2.5 13.75 14.9822
60.0 5.0 2.5 13.75 6.8784
60.0 7.5 2.5 13.75 2.7556
60.0 -5.0 5.0 13.75 2.1989000000000005
60.0 -2.5 5.0 13.75 5.0001999999999995
60.0 0.0 5.0 13.75 3.5494000000000003
60.0 2.5 5.0 13.75 8.200800000000001
60.0 5.0 5.0 13.75 4.2206
60.0 7.5 5.0 13.75 1.9496999999999998
60.0 10.0 5.0 13.75 1.4590999999999998
60.0 -5.0 -10.0 15.0 -0.5024
60.0 -2.5 -10.0 15.0 -0.86
60.0 0.0 -10.0 15.0 -0.9116
60.0 2.5 -10.0 15.0 -0.6676
60.0 5.0 -10.0 15.0 -0.1757
60.0 7.5 -10.0 15.0 0.0
60.0 10.0 -10.0 15.0 0.0
60.0 -5.0 -7.5 15.0 -0.0095
60.0 -2.5 -7.5 15.0 -0.47890000000000005
60.0 0.0 -7.5 15.0 -0.9793000000000001
60.0 2.5 -7.5 15.0 -0.8664
60.0 5.0 -7.5 15.0 -0.4304
60.0 7.5 -7.5 15.0 -0.0061
60.0 10.0 -7.5 15.0 0.0
60.0 -5.0 -5.0 15.0 2.6754
60.0 -2.5 -5.0 15.0 2.3482
60.0 0.0 -5.0 15.0 0.7479
60.0 2.5 -5.0 15.0 -0.10719999999999999
60.0 5.0 -5.0 15.0 0.0136
60.0 7.5 -5.0 15.0 0.1365
60.0 10.0 -5.0 15.0 0.0
60.0 -5.0 -2.5 15.0 8.5471
60.0 -2.5 -2.5 15.0 8.8317
60.0 0.0 -2.5 15.0 5.6806
60.0 2.5 -2.5 15.0 2.4108
60.0 5.0 -2.5 15.0 1.1197000000000001
60.0 7.5 -2.5 15.0 0.9135
60.0 10.0 -2.5 15.0 0.2952
60.0 -5.0 0.0 15.0 12.5193
60.0 -2.5 0.0 15.0 14.5724
60.0 0.0 0.0 15.0 11.5493
60.0 2.5 0.0 15.0 6.3778999999999995
60.0 5.0 0.0 15.0 3.0033
60.0 7.5 0.0 15.0 1.9535999999999998
60.0 -5.0 2.5 15.0 10.4183
60.0 -2.5 2.5 15.0 14.290899999999999
60.0 0.0 2.5 15.0 13.4585
60.0 2.5 2.5 15.0 9.1043
60.0 5.0 2.5 15.0 4.6508
60.0 7.5 2.5 15.0 2.5776
60.0 10.0 2.5 15.0 1.2837
60.0 -5.0 5.0 15.0 1.0386
60.0 -2.5 5.0 15.0 2.9489
60.0 0.0 5.0 15.0 2.3144
60.0 2.5 5.0 15.0 2.2257
60.0 5.0 5.0 15.0 2.2287
60.0 7.5 5.0 15.0 1.966
60.0 10.0 5.0 15.0 1.7755
60.0 -5.0 -10.0 16.25 -0.258
60.0 -2.5 -10.0 16.25 -0.4034
60.0 0.0 -10.0 16.25 -0.4491
60.0 2.5 -10.0 16.25 -0.2061
60.0 5.0 -10.0 16.25 0.0
60.0 7.5 -10.0 16.25 0.0
60.0 10.0 -10.0 16.25 0.0
60.0 -5.0 -7.5 16.25 -0.1366
60.0 -2.5 -7.5 16.25 -0.40149999999999997
60.0 0.0 -7.5 16.25 -0.4949
60.0 2.5 -7.5 16.25 -0.376
60.0 5.0 -7.5 16.25 -0.0796
60.0 7.5 -7.5 16.25 0.0
60.0 10.0 -7.5 16.25 0.0
60.0 -5.0 -5.0 16.25 0.933
60.0 -2.5 -5.0 16.25 0.5680999999999999
60.0 0.0 -5.0 16.25 0.0182
60.0 2.5 -5.0 16.25 0.0351
60.0 5.0 -5.0 16.25 0.1449
60.0 7.5 -5.0 16.25 0.0432
60.0 10.0 -5.0 16.25 0.0
60.0 -5.0 -2.5 16.25 4.2932
60.0 -2.5 -2.5 16.25 4.4598
60.0 0.0 -2.5 16.25 3.0297
60.0 2.5 -2.5 16.25 1.2061
60.0 5.0 -2.5 16.25 1.0451000000000001
60.0 7.5 -2.5 16.25 0.6568
60.0 10.0 -2.5 16.25 0.1353
60.0 -5.0 0.0 16.25 7.275
60.0 -2.5 0.0 16.25 8.4601
60.0 0.0 0.0 16.25 6.2853
60.0 2.5 0.0 16.25 3.6737
60.0 5.0 0.0 16.25 2.0209
60.0 7.5 0.0 16.25 1.4098
60.0 10.0 0.0 16.25 0.5970000000000001
60.0 -5.0 2.5 16.25 6.4528
60.0 -2.5 2.5 16.25 8.530800000000001
60.0 0.0 2.5 16.25 7.4725
60.0 2.5 2.5 16.25 4.821
60.0 5.0 2.5 16.25 3.0163
60.0 7.5 2.5 16.25 2.2452
60.0 10.0 2.5 16.25 1.1898
60.0 -5.0 5.0 16.25 0.01429999999999998
60.0 -2.5 5.0 16.25 0.7778999999999999
60.0 0.0 5.0 16.25 -0.18560000000000001
60.0 2.5 5.0 16.25 -0.21300000000000002
60.0 5.0 5.0 16.25 0.7603
60.0 7.5 5.0 16.25 2.2883999999999998
60.0 10.0 5.0 16.25 1.4876
120.0 -5.0 -10.0 3.75 1.1273
120.0 -2.5 -10.0 3.75 1.7632999999999999
120.0 0.0 -10.0 3.75 2.3005
120.0 2.5 -10.0 3.75 1.1513
120.0 5.0 -10.0 3.75 0.23450000000000001
120.0 7.5 -10.0 3.75 -0.2264
120.0 10.0 -10.0 3.75 -0.7483
120.0 -5.0 -7.5 3.75 -1.5339
120.0 -2.5 -7.5 3.75 3.1788
120.0 0.0 -7.5 3.75 10.267900000000001
120.0 2.5 -7.5 3.75 -0.1897000000000002
120.0 5.0 -7.5 3.75 -1.4531999999999998
120.0 7.5 -7.5 3.75 -2.1331
120.0 10.0 -7.5 3.75 -1.6344
120.0 -5.0 -5.0 3.75 -9.1941
120.0 -2.5 -5.0 3.75 1771235.7197999998
120.0 0.0 -5.0 3.75 122777106.9407
120.0 2.5 -5.0 3.75 889137.3153
120.0 5.0 -5.0 3.75 26.293400000000002
120.0 7.5 -5.0 3.75 -4.0067
120.0 10.0 -5.0 3.75 -2.7997
120.0 -5.0 -2.5 3.75 -20.7193
120.0 -2.5 -2.5 3.75 694809117.3845999
120.0 0.0 -2.5 3.75 2085707999.4847
120.0 2.5 -2.5 3.75 8057305581.7006
120.0 5.0 -2.5 3.75 22793446.9809
120.0 7.5 -2.5 3.75 35.1793
120.0 10.0 -2.5 3.75 -5.6977
120.0 -5.0 0.0 3.75 42193.528
120.0 -2.5 0.0 3.75 254294.4346
120.0 0.0 0.0 3.75 6383876383.0358
120.0 2.5 0.0 3.75 9999999991.4253
120.0 5.0 0.0 3.75 17054463.3748
120.0 7.5 0.0 3.75 15512.6534
120.0 10.0 0.0 3.75 495.6306
120.0 -5.0 2.5 3.75 9999999958.8411
120.0 -2.5 2.5 3.75 9999999979.914202
120.0 0.0 2.5 3.75 9999999780.107
120.0 2.5 2.5 3.75 6373097559.5432005
120.0 5.0 2.5 3.75 18230363.1274
120.0 7.5 2.5 3.75 21553515.606
120.0 10.0 2.5 3.75 418992.37419999996
120.0 -5.0 5.0 3.75 9999999978.7807
120.0 -2.5 5.0 3.75 9999999962.2635
120.0 0.0 5.0 3.75 9999999924.628801
120.0 2.5 5.0 3.75 10000000019.5575
120.0 5.0 5.0 3.75 14203266.600100001
120.0 7.5 5.0 3.75 10459451.4254
120.0 10.0 5.0 3.75 75432.7108
120.0 -2.5 5.0 5.0 200200218.55740002
120.0 -2.5 2.5 6.25 219448334.681
120.0 -2.5 5.0 6.25 4248668707.0868
120.0 2.5 -7.5 7.5 1.3883
120.0 0.0 -5.0 7.5 -10.7283
120.0 -2.5 0.0 7.5 19750983.566800002
120.0 -2.5 2.5 7.5 95686715.43759999
120.0 0.0 2.5 7.5 2827244791.6998997
120.0 -2.5 5.0 7.5 188947118.1151
120.0 0.0 5.0 7.5 9999999990.6585
120.0 2.5 -7.5 8.75 0.7906
120.0 5.0 -7.5 8.75 0.44260000000000005
120.0 0.0 -5.0 8.75 -7.3207
120.0 0.0 0.0 8.75 25560.351599999998
120.0 -2.5 2.5 8.75 54514.3184
120.0 0.0 2.5 8.75 7773118.5013
120.0 -5.0 5.0 8.75 10000000024.612001
120.0 -2.5 5.0 8.75 93309502.3855
120.0 0.0 5.0 8.75 456773.6671
120.0 2.5 5.0 8.75 506627374.2449
120.0 2.5 -10.0 10.0 0.5906
120.0 2.5 -7.5 10.0 0.17919999999999997
120.0 5.0 -7.5 10.0 0.323
120.0 7.5 -7.5 10.0 -0.6296999999999999
120.0 -2.5 -5.0 10.0 -5.3386
120.0 0.0 -5.0 10.0 -4.8093
120.0 2.5 -5.0 10.0 -1.9796
120.0 0.0 -2.5 10.0 -13.225200000000001
120.0 0.0 0.0 10.0 -19.433200000000003
120.0 2.5 0.0 10.0 -10.4697
120.0 -5.0 2.5 10.0 12344788.3348
120.0 -2.5 2.5 10.0 9617.626
120.0 0.0 2.5 10.0 235.34349999999998
120.0 2.5 2.5 10.0 65.83529999999999
120.0 -5.0 5.0 10.0 147893731.5487
120.0 -2.5 5.0 10.0 107229784.4535
120.0 0.0 5.0 10.0 22870408.737999998
120.0 2.5 5.0 10.0 2030.127
120.0 5.0 5.0 10.0 405.12890000000004
120.0 2.5 -10.0 11.25 0.5337999999999999
120.0 5.0 -10.0 11.25 0.2379
120.0 10.0 -10.0 11.25 -0.6939
120.0 -2.5 -7.5 11.25 -1.134
120.0 0.0 -7.5 11.25 -0.7241000000000001
120.0 2.5 -7.5 11.25 0.0722
120.0 5.0 -7.5 11.25 0.0495
120.0 7.5 -7.5 11.25 -0.5072
120.0 -2.5 -5.0 11.25 -3.6604
120.0 0.0 -5.0 11.25 -2.8917
120.0 2.5 -5.0 11.25 -0.9151
120.0 5.0 -5.0 11.25 0.16949999999999998
120.0 7.5 -5.0 11.25 -1.1517
120.0 0.0 -2.5 11.25 -8.5059
120.0 2.5 -2.5 11.25 -3.9592
120.0 -5.0 0.0 11.25 -5.0789
120.0 -2.5 0.0 11.25 -14.0091
120.0 0.0 0.0 11.25 -15.0561
120.0 2.5 0.0 11.25 -5.8342
120.0 -5.0 2.5 11.25 743.7610000000001
120.0 -2.5 2.5 11.25 191.44469999999998
120.0 0.0 2.5 11.25 -16.9191
120.0 2.5 2.5 11.25 -2.0663
120.0 -5.0 5.0 11.25 3452172.8338
120.0 -2.5 5.0 11.25 8633131.832
120.0 0.0 5.0 11.25 45835.5601
120.0 2.5 5.0 11.25 14.6061
120.0 5.0 5.0 11.25 44.9817
120.0 7.5 5.0 11.25 38.8138
120.0 -5.0 -10.0 12.5 0.1522
120.0 -2.5 -10.0 12.5 0.5014
120.0 0.0 -10.0 12.5 0.535
120.0 2.5 -10.0 12.5 0.4013
120.0 5.0 -10.0 12.5 0.1025
120.0 7.5 -10.0 12.5 -0.3494
120.0 10.0 -10.0 12.5 -0.39980000000000004
120.0 -2.5 -7.5 12.5 -0.6264
120.0 0.0 -7.5 12.5 -0.25429999999999997
120.0 2.5 -7.5 12.5 0.034300000000000004
120.0 5.0 -7.5 12.5 -0.0259
120.0 7.5 -7.5 12.5 -0.5
120.0 10.0 -7.5 12.5 -1.1575
120.0 -2.5 -5.0 12.5 -2.1100999999999996
120.0 0.0 -5.0 12.5 -1.6185
120.0 2.5 -5.0 12.5 -0.5188
120.0 5.0 -5.0 12.5 -0.0228
120.0 -5.0 -2.5 12.5 -3.1224
120.0 -2.5 -2.5 12.5 -5.3067
120.0 0.0 -2.5 12.5 -4.8752
120.0 2.5 -2.5 12.5 -1.9368
120.0 5.0 -2.5 12.5 1.2164
120.0 -5.0 0.0 12.5 -3.4106
120.0 -2.5 0.0 12.5 -9.5222
120.0 0.0 0.0 12.5 -8.7959
120.0 2.5 0.0 12.5 -2.3506
120.0 5.0 0.0 12.5 4.6331
120.0 -5.0 2.5 12.5 5.136
120.0 -2.5 2.5 12.5 -7.674099999999999
120.0 0.0 2.5 12.5 -7.9042
120.0 2.5 2.5 12.5 3.0197000000000003
120.0 5.0 2.5 12.5 15.0205
120.0 -5.0 5.0 12.5 69.29950000000001
120.0 -2.5 5.0 12.5 964.2769
120.0 0.0 5.0 12.5 9.3311
120.0 2.5 5.0 12.5 14.2239
120.0 5.0 5.0 12.5 30.5854
120.0 7.5 5.0 12.5 28.687399999999997
120.0 -5.0 -10.0 13.75 0.0855
120.0 -2.5 -10.0 13.75 0.3302
120.0 0.0 -10.0 13.75 0.4447
120.0 2.5 -10.0 13.75 0.27959999999999996
120.0 5.0 -10.0 13.75 0.0318
120.0 7.5 -10.0 13.75 -0.1841
120.0 10.0 -10.0 13.75 -0.4326
120.0 -2.5 -7.5 13.75 -0.1052
120.0 0.0 -7.5 13.75 0.0427
120.0 2.5 -7.5 13.75 0.0695
120.0 5.0 -7.5 13.75 -0.15389999999999998
120.0 7.5 -7.5 13.75 -0.6242000000000001
120.0 10.0 -7.5 13.75 -0.844
120.0 -2.5 -5.0 13.75 -1.0517
120.0 0.0 -5.0 13.75 -0.8581
120.0 2.5 -5.0 13.75 -0.2251
120.0 5.0 -5.0 13.75 -0.048600000000000004
120.0 7.5 -5.0 13.75 -0.5638000000000001
120.0 10.0 -5.0 13.75 -1.208
120.0 -5.0 -2.5 13.75 -1.5077
120.0 -2.5 -2.5 13.75 -2.6633999999999998
120.0 0.0 -2.5 13.75 -2.2438
120.0 2.5 -2.5 13.75 -0.3564
120.0 5.0 -2.5 13.75 1.2048
120.0 -5.0 0.0 13.75 -1.5774000000000001
120.0 -2.5 0.0 13.75 -5.5251
120.0 0.0 0.0 13.75 -4.7887
120.0 2.5 0.0 13.75 0.22649999999999998
120.0 5.0 0.0 13.75 4.4525
120.0 -5.0 2.5 13.75 0.8027
120.0 -2.5 2.5 13.75 -4.407299999999999
120.0 0.0 2.5 13.75 -3.7117999999999998
120.0 2.5 2.5 13.75 4.5687999999999995
120.0 5.0 2.5 13.75 11.6659
120.0 -5.0 5.0 13.75 3.5271000000000003
120.0 -2.5 5.0 13.75 -1.834
120.0 0.0 5.0 13.75 2.6519000000000004
120.0 2.5 5.0 13.75 12.094999999999999
120.0 5.0 5.0 13.75 22.0299
120.0 7.5 5.0 13.75 20.3175
120.0 -5.0 -10.0 15.0 0.0013
120.0 -2.5 -10.0 15.0 0.0521
120.0 0.0 -10.0 15.0 0.1786
120.0 2.5 -10.0 15.0 0.20370000000000002
120.0 5.0 -10.0 15.0 -0.0146
120.0 7.5 -10.0 15.0 -0.26239999999999997
120.0 10.0 -10.0 15.0 -0.1111
120.0 -5.0 -7.5 15.0 -0.1829
120.0 -2.5 -7.5 15.0 0.1452
120.0 0.0 -7.5 15.0 0.3242
120.0 2.5 -7.5 15.0 0.15619999999999998
120.0 5.0 -7.5 15.0 -0.12250000000000001
120.0 7.5 -7.5 15.0 -0.4332
120.0 10.0 -7.5 15.0 -0.4441
120.0 -5.0 -5.0 15.0 -0.26099999999999995
120.0 -2.5 -5.0 15.0 -0.2653
120.0 0.0 -5.0 15.0 -0.2578
120.0 2.5 -5.0 15.0 -0.0383
120.0 5.0 -5.0 15.0 -0.209
120.0 7.5 -5.0 15.0 -0.6416999999999999
120.0 10.0 -5.0 15.0 -0.8685
120.0 -5.0 -2.5 15.0 -0.0711
120.0 -2.5 -2.5 15.0 -0.7303999999999999
120.0 0.0 -2.5 15.0 -0.6415000000000001
120.0 2.5 -2.5 15.0 0.18309999999999998
120.0 5.0 -2.5 15.0 0.7078
120.0 7.5 -2.5 15.0 -0.09340000000000001
120.0 10.0 -2.5 15.0 -0.9556
120.0 -5.0 0.0 15.0 -0.8150999999999999
120.0 -2.5 0.0 15.0 -2.4741
120.0 0.0 0.0 15.0 -1.9626
120.0 2.5 0.0 15.0 0.8548
120.0 5.0 0.0 15.0 3.3869000000000002
120.0 10.0 0.0 15.0 0.5662999999999999
120.0 -5.0 2.5 15.0 0.6726000000000001
120.0 -2.5 2.5 15.0 -2.6864
120.0 0.0 2.5 15.0 -1.6464
120.0 2.5 2.5 15.0 4.0845
120.0 5.0 2.5 15.0 8.3052
120.0 7.5 2.5 15.0 8.3267
120.0 -5.0 5.0 15.0 1.0167
120.0 -2.5 5.0 15.0 -1.6966999999999999
120.0 0.0 5.0 15.0 1.9219
120.0 2.5 5.0 15.0 9.7335
120.0 5.0 5.0 15.0 14.8217
120.0 7.5 5.0 15.0 13.8051
120.0 10.0 5.0 15.0 8.0121
120.0 -5.0 -10.0 16.25 0.0
120.0 -2.5 -10.0 16.25 0.0
120.0 0.0 -10.0 16.25 0.0048
120.0 2.5 -10.0 16.25 0.0046
120.0 5.0 -10.0 16.25 -0.0091
120.0 7.5 -10.0 16.25 -0.0009
120.0 10.0 -10.0 16.25 0.0
120.0 -5.0 -7.5 16.25 0.0054
120.0 -2.5 -7.5 16.25 0.0379
120.0 0.0 -7.5 16.25 0.13060000000000002
120.0 2.5 -7.5 16.25 0.145
120.0 5.0 -7.5 16.25 -0.0536
120.0 7.5 -7.5 16.25 -0.23879999999999998
120.0 10.0 -7.5 16.25 -0.2117
120.0 -5.0 -5.0 16.25 -0.2097
120.0 -2.5 -5.0 16.25 -0.021400000000000002
120.0 0.0 -5.0 16.25 0.24630000000000002
120.0 2.5 -5.0 16.25 0.1145
120.0 5.0 -5.0 16.25 -0.1699
120.0 7.5 -5.0 16.25 -0.4132
120.0 10.0 -5.0 16.25 -0.38870000000000005
120.0 -5.0 -2.5 16.25 0.32430000000000003
120.0 -2.5 -2.5 16.25 0.24849999999999997
120.0 0.0 -2.5 16.25 0.0663
120.0 2.5 -2.5 16.25 0.254
120.0 5.0 -2.5 16.25 0.10919999999999999
120.0 7.5 -2.5 16.25 -0.4029
120.0 10.0 -2.5 16.25 -0.498
120.0 -5.0 0.0 16.25 0.19640000000000002
120.0 -2.5 0.0 16.25 -0.5624
120.0 0.0 0.0 16.25 -0.1336
120.0 2.5 0.0 16.25 1.1317
120.0 5.0 0.0 16.25 1.955
120.0 7.5 0.0 16.25 1.2423
120.0 10.0 0.0 16.25 0.0052
120.0 -5.0 2.5 16.25 0.2526
120.0 -2.5 2.5 16.25 -1.3064
120.0 0.0 2.5 16.25 -0.1319
120.0 2.5 2.5 16.25 2.9743999999999997
120.0 5.0 2.5 16.25 5.4084
120.0 7.5 2.5 16.25 4.7612000000000005
120.0 10.0 2.5 16.25 1.6924000000000001
120.0 -5.0 5.0 16.25 0.2891000000000001
120.0 -2.5 5.0 16.25 -1.3959000000000001
120.0 0.0 5.0 16.25 0.8301999999999998
120.0 2.5 5.0 16.25 6.0842
120.0 5.0 5.0 16.25 9.4185
120.0 7.5 5.0 16.25 8.305200000000001
120.0 10.0 5.0 16.25 3.9502
180.0 -5.0 -10.0 3.75 0.30760000000000004
180.0 -2.5 -10.0 3.75 -0.4959
180.0 0.0 -10.0 3.75 -1.2803
180.0 2.5 -10.0 3.75 -1.6137
180.0 5.0 -10.0 3.75 -0.9564
180.0 7.5 -10.0 3.75 -0.1696
180.0 10.0 -10.0 3.75 -0.0498
180.0 -5.0 -7.5 3.75 -1.8421
180.0 -2.5 -7.5 3.75 -3.2817
180.0 0.0 -7.5 3.75 -2.9314
180.0 2.5 -7.5 3.75 -1.6955
180.0 5.0 -7.5 3.75 -0.2734
180.0 7.5 -7.5 3.75 0.7933
180.0 10.0 -7.5 3.75 1.2980999999999998
180.0 -5.0 -5.0 3.75 7555.1817
180.0 -2.5 -5.0 3.75 11.6481
180.0 0.0 -5.0 3.75 -6.793900000000001
180.0 2.5 -5.0 3.75 -2.7963
180.0 5.0 -5.0 3.75 0.7056000000000001
180.0 7.5 -5.0 3.75 2.8978
180.0 10.0 -5.0 3.75 2.9484
180.0 -5.0 -2.5 3.75 10000000061.4769
180.0 -2.5 -2.5 3.75 10000000059.3693
180.0 0.0 -2.5 3.75 2364.4236
180.0 2.5 -2.5 3.75 -6.3523
180.0 5.0 -2.5 3.75 2.9533
180.0 7.5 -2.5 3.75 6.2065
180.0 10.0 -2.5 3.75 4.4017
180.0 -5.0 0.0 3.75 2153529464.6006
180.0 -2.5 0.0 3.75 35424859.565400004
180.0 0.0 0.0 3.75 289224924.9793
180.0 2.5 0.0 3.75 3062.1511
180.0 5.0 0.0 3.75 995.7967
180.0 7.5 0.0 3.75 8.2952
180.0 10.0 0.0 3.75 5.5328
180.0 -5.0 2.5 3.75 10000000010.8321
180.0 -2.5 2.5 3.75 172085604.9447
180.0 0.0 2.5 3.75 1835569524.9555001
180.0 2.5 2.5 3.75 10000000019.952002
180.0 5.0 2.5 3.75 9999999951.427502
180.0 7.5 2.5 3.75 142234.9108
180.0 10.0 2.5 3.75 2.6094
180.0 -5.0 5.0 3.75 9999999993.4549
180.0 -2.5 5.0 3.75 10000000042.2826
180.0 0.0 5.0 3.75 1375857690.9221
180.0 2.5 5.0 3.75 494351557.21959996
180.0 5.0 5.0 3.75 9999999946.4167
180.0 7.5 5.0 3.75 1205065116.6437998
180.0 10.0 5.0 3.75 996.9197
180.0 -2.5 -2.5 7.5 2208737.2343
180.0 0.0 2.5 7.5 119888.7035
180.0 0.0 5.0 7.5 13687011.938
180.0 -5.0 -2.5 8.75 6.3985
180.0 -2.5 -2.5 8.75 58.8162
180.0 2.5 -2.5 8.75 -5.2351
180.0 -5.0 0.0 8.75 102286.3131
180.0 0.0 0.0 8.75 40.9052
180.0 0.0 2.5 8.75 2932.5074
180.0 0.0 -10.0 10.0 -1.1721
180.0 2.5 -10.0 10.0 -1.2528
180.0 0.0 -7.5 10.0 -1.3829
180.0 2.5 -7.5 10.0 -1.9579
180.0 5.0 -7.5 10.0 -1.3363
180.0 -2.5 -5.0 10.0 0.03389999999999982
180.0 0.0 -5.0 10.0 -2.3880999999999997
180.0 2.5 -5.0 10.0 -2.9292
180.0 5.0 -5.0 10.0 -1.6594
180.0 -5.0 -2.5 10.0 2.8431
180.0 -2.5 -2.5 10.0 6.6248
180.0 0.0 -2.5 10.0 1.9480000000000002
180.0 2.5 -2.5 10.0 -2.2916
180.0 -5.0 0.0 10.0 31180.0112
180.0 -2.5 0.0 10.0 9585.6253
180.0 0.0 0.0 10.0 12.335500000000001
180.0 -5.0 2.5 10.0 10000000023.120901
180.0 0.0 2.5 10.0 62229.420300000005
180.0 2.5 2.5 10.0 9.731
180.0 0.0 5.0 10.0 1763380.0557
180.0 2.5 5.0 10.0 50.5165
180.0 0.0 -10.0 11.25 -1.0191
180.0 2.5 -10.0 11.25 -0.9038
180.0 5.0 -10.0 11.25 -0.47890000000000005
180.0 0.0 -7.5 11.25 -1.1493
180.0 2.5 -7.5 11.25 -1.5249000000000001
180.0 5.0 -7.5 11.25 -1.0793
180.0 7.5 -7.5 11.25 -0.3244
180.0 -2.5 -5.0 11.25 0.819
180.0 0.0 -5.0 11.25 -1.1174
180.0 2.5 -5.0 11.25 -2.0512
180.0 5.0 -5.0 11.25 -1.2913999999999999
180.0 -5.0 -2.5 11.25 3.4856999999999996
180.0 -2.5 -2.5 11.25 5.3884
180.0 0.0 -2.5 11.25 2.7390999999999996
180.0 2.5 -2.5 11.25 -0.8189
180.0 -5.0 0.0 11.25 119.2453
180.0 -2.5 0.0 11.25 33.9704
180.0 0.0 0.0 11.25 11.8826
180.0 -5.0 2.5 11.25 240832543.1431
180.0 -2.5 2.5 11.25 47408.1887
180.0 0.0 2.5 11.25 243.84550000000002
180.0 2.5 2.5 11.25 11.3064
180.0 -5.0 5.0 11.25 87673.3176
180.0 0.0 5.0 11.25 422.3339
180.0 2.5 5.0 11.25 15.2082
180.0 -5.0 -10.0 12.5 0.0334
180.0 -2.5 -10.0 12.5 -0.3808
180.0 0.0 -10.0 12.5 -0.6211
180.0 2.5 -10.0 12.5 -0.523
180.0 5.0 -10.0 12.5 -0.3137
180.0 7.5 -10.0 12.5 -0.0
180.0 10.0 -10.0 12.5 0.0
180.0 -2.5 -7.5 12.5 -0.2497
180.0 0.0 -7.5 12.5 -0.8112
180.0 2.5 -7.5 12.5 -1.1865999999999999
180.0 5.0 -7.5 12.5 -0.8160000000000001
180.0 7.5 -7.5 12.5 -0.3097
180.0 -5.0 -5.0 12.5 1.2515999999999998
180.0 -2.5 -5.0 12.5 0.7641
180.0 0.0 -5.0 12.5 -0.53
180.0 2.5 -5.0 12.5 -1.2251999999999998
180.0 5.0 -5.0 12.5 -1.0184
180.0 -5.0 -2.5 12.5 3.0023999999999997
180.0 -2.5 -2.5 12.5 4.085999999999999
180.0 0.0 -2.5 12.5 1.9762000000000002
180.0 2.5 -2.5 12.5 -0.3357
180.0 5.0 -2.5 12.5 -1.0857999999999999
180.0 -5.0 0.0 12.5 5.576
180.0 -2.5 0.0 12.5 10.0023
180.0 0.0 0.0 12.5 9.5754
180.0 2.5 0.0 12.5 4.0163
180.0 -5.0 2.5 12.5 118.7205
180.0 -2.5 2.5 12.5 196.9974
180.0 0.0 2.5 12.5 19.4529
180.0 2.5 2.5 12.5 10.2969
180.0 -5.0 5.0 12.5 57.952799999999996
180.0 -2.5 5.0 12.5 629.5831
180.0 0.0 5.0 12.5 30.320999999999998
180.0 2.5 5.0 12.5 13.3223
180.0 5.0 5.0 12.5 -0.37010000000000004
180.0 7.5 5.0 12.5 -7.261699999999999
180.0 10.0 5.0 12.5 -5.9062
180.0 -5.0 -10.0 13.75 0.016999999999999998
180.0 -2.5 -10.0 13.75 -0.2497
180.0 0.0 -10.0 13.75 -0.34040000000000004
180.0 2.5 -10.0 13.75 -0.3566
180.0 5.0 -10.0 13.75 -0.0871
180.0 7.5 -10.0 13.75 0.0
180.0 10.0 -10.0 13.75 0.0
180.0 -5.0 -7.5 13.75 0.1849
180.0 -2.5 -7.5 13.75 -0.1663
180.0 0.0 -7.5 13.75 -0.7208
180.0 2.5 -7.5 13.75 -0.7663
180.0 5.0 -7.5 13.75 -0.4746
180.0 7.5 -7.5 13.75 -0.1203
180.0 10.0 -7.5 13.75 0.0
180.0 -5.0 -5.0 13.75 0.8116
180.0 -2.5 -5.0 13.75 0.40159999999999996
180.0 0.0 -5.0 13.75 -0.32380000000000003
180.0 2.5 -5.0 13.75 -0.6795
180.0 5.0 -5.0 13.75 -0.6042
180.0 -5.0 -2.5 13.75 2.3646000000000003
180.0 -2.5 -2.5 13.75 2.4388
180.0 0.0 -2.5 13.75 1.5087000000000002
180.0 2.5 -2.5 13.75 -0.0216
180.0 5.0 -2.5 13.75 -0.4713
180.0 -5.0 0.0 13.75 3.902
180.0 -2.5 0.0 13.75 7.6318
180.0 0.0 0.0 13.75 6.930400000000001
180.0 2.5 0.0 13.75 3.5318
180.0 -5.0 2.5 13.75 5.6122
180.0 -2.5 2.5 13.75 15.233
180.0 0.0 2.5 13.75 14.4674
180.0 2.5 2.5 13.75 8.1479
180.0 5.0 2.5 13.75 1.5512
180.0 -5.0 5.0 13.75 -1.7625
180.0 -2.5 5.0 13.75 19.836199999999998
180.0 0.0 5.0 13.75 19.348399999999998
180.0 2.5 5.0 13.75 10.163
180.0 5.0 5.0 13.75 1.196
180.0 7.5 5.0 13.75 -4.148899999999999
180.0 10.0 5.0 13.75 -3.0601000000000003
180.0 -5.0 -10.0 15.0 0.0415
180.0 -2.5 -10.0 15.0 -0.055400000000000005
180.0 0.0 -10.0 15.0 -0.17229999999999998
180.0 2.5 -10.0 15.0 -0.0843
180.0 5.0 -10.0 15.0 0.0
180.0 7.5 -10.0 15.0 0.0
180.0 10.0 -10.0 15.0 0.0
180.0 -5.0 -7.5 15.0 0.035699999999999996
180.0 -2.5 -7.5 15.0 -0.1824
180.0 0.0 -7.5 15.0 -0.3113
180.0 2.5 -7.5 15.0 -0.3101
180.0 5.0 -7.5 15.0 -0.2954
180.0 7.5 -7.5 15.0 -0.0
180.0 10.0 -7.5 15.0 0.0
180.0 -5.0 -5.0 15.0 0.5081
180.0 -2.5 -5.0 15.0 0.2721
180.0 0.0 -5.0 15.0 -0.048799999999999996
180.0 2.5 -5.0 15.0 -0.5381
180.0 5.0 -5.0 15.0 -0.3255
180.0 7.5 -5.0 15.0 -0.1381
180.0 10.0 -5.0 15.0 0.0007
180.0 -5.0 -2.5 15.0 1.6231
180.0 -2.5 -2.5 15.0 1.7902
180.0 0.0 -2.5 15.0 1.0753000000000001
180.0 2.5 -2.5 15.0 0.08130000000000001
180.0 5.0 -2.5 15.0 -0.1192
180.0 10.0 -2.5 15.0 0.3088
180.0 -5.0 0.0 15.0 2.7177
180.0 -2.5 0.0 15.0 4.8592
180.0 0.0 0.0 15.0 4.4075
180.0 2.5 0.0 15.0 2.242
180.0 5.0 0.0 15.0 0.3612
180.0 -5.0 2.5 15.0 4.0054
180.0 -2.5 2.5 15.0 9.3064
180.0 0.0 2.5 15.0 9.4538
180.0 2.5 2.5 15.0 5.7848999999999995
180.0 5.0 2.5 15.0 1.4506000000000001
180.0 7.5 2.5 15.0 -0.3748
180.0 -5.0 5.0 15.0 -1.0497
180.0 -2.5 5.0 15.0 10.1526
180.0 0.0 5.0 15.0 11.9578
180.0 2.5 5.0 15.0 7.4262
180.0 5.0 5.0 15.0 1.0451
180.0 7.5 5.0 15.0 -2.1534
180.0 10.0 5.0 15.0 -1.3425
180.0 -5.0 -10.0 16.25 0.0287
180.0 -2.5 -10.0 16.25 0.0187
180.0 0.0 -10.0 16.25 0.0058
180.0 2.5 -10.0 16.25 0.0
180.0 5.0 -10.0 16.25 0.0
180.0 7.5 -10.0 16.25 0.0
180.0 10.0 -10.0 16.25 0.0
180.0 -5.0 -7.5 16.25 0.14279999999999998
180.0 -2.5 -7.5 16.25 -0.022799999999999997
180.0 0.0 -7.5 16.25 -0.1508
180.0 2.5 -7.5 16.25 -0.2181
180.0 5.0 -7.5 16.25 -0.0296
180.0 7.5 -7.5 16.25 0.0
180.0 10.0 -7.5 16.25 0.0
180.0 -5.0 -5.0 16.25 0.1853
180.0 -2.5 -5.0 16.25 0.2364
180.0 0.0 -5.0 16.25 -0.0603
180.0 2.5 -5.0 16.25 -0.2024
180.0 5.0 -5.0 16.25 -0.2108
180.0 7.5 -5.0 16.25 0.0
180.0 10.0 -5.0 16.25 0.0
180.0 -5.0 -2.5 16.25 1.0521
180.0 -2.5 -2.5 16.25 1.1694
180.0 0.0 -2.5 16.25 0.7873
180.0 2.5 -2.5 16.25 0.2709
180.0 5.0 -2.5 16.25 -0.13440000000000002
180.0 7.5 -2.5 16.25 0.0917
180.0 10.0 -2.5 16.25 0.0182
180.0 -5.0 0.0 16.25 1.7474
180.0 -2.5 0.0 16.25 2.7238
180.0 0.0 0.0 16.25 2.7869
180.0 2.5 0.0 16.25 1.5528
180.0 5.0 0.0 16.25 0.28690000000000004
180.0 7.5 0.0 16.25 0.3125
180.0 -5.0 2.5 16.25 1.9713000000000003
180.0 -2.5 2.5 16.25 5.1389000000000005
180.0 0.0 2.5 16.25 5.88
180.0 2.5 2.5 16.25 3.6462
180.0 5.0 2.5 16.25 0.9448
180.0 7.5 2.5 16.25 0.0109
180.0 -5.0 5.0 16.25 -1.2516
180.0 -2.5 5.0 16.25 4.5468
180.0 0.0 5.0 16.25 6.4929
180.0 2.5 5.0 16.25 4.8581
180.0 5.0 5.0 16.25 0.9529000000000001
180.0 7.5 5.0 16.25 -0.6408999999999999
180.0 10.0 5.0 16.25 -0.3598
240.0 -5.0 -10.0 3.75 3.2769999999999997
240.0 -2.5 -10.0 3.75 4.8914
240.0 0.0 -10.0 3.75 5.389200000000001
240.0 2.5 -10.0 3.75 4.4489
240.0 5.0 -10.0 3.75 2.8954
240.0 7.5 -10.0 3.75 1.7597
240.0 10.0 -10.0 3.75 0.48739999999999994
240.0 -5.0 -7.5 3.75 1.4387
240.0 -2.5 -7.5 3.75 290.7942
240.0 0.0 -7.5 3.75 128397.1182
240.0 2.5 -7.5 3.75 1523.7563
240.0 5.0 -7.5 3.75 2.8898
240.0 7.5 -7.5 3.75 0.5907000000000001
240.0 10.0 -7.5 3.75 -0.439
240.0 -5.0 -5.0 3.75 -11.2509
240.0 -2.5 -5.0 3.75 666047.9103
240.0 0.0 -5.0 3.75 40572145.5742
240.0 2.5 -5.0 3.75 5357632682.2585
240.0 5.0 -5.0 3.75 1520.1471999999999
240.0 7.5 -5.0 3.75 -2.0396
240.0 10.0 -5.0 3.75 -1.6587
240.0 -5.0 -2.5 3.75 203990.8851
240.0 -2.5 -2.5 3.75 695869.4680999999
240.0 0.0 -2.5 3.75 6899106.4996
240.0 2.5 -2.5 3.75 364307729.9715
240.0 5.0 -2.5 3.75 18787459.5971
240.0 7.5 -2.5 3.75 -10.3621
240.0 10.0 -2.5 3.75 -3.0454
240.0 -5.0 0.0 3.75 9486859.7079
240.0 -2.5 0.0 3.75 257810166.7703
240.0 0.0 0.0 3.75 9999999902.091501
240.0 2.5 0.0 3.75 23837673.7131
240.0 5.0 0.0 3.75 882216.4917
240.0 7.5 0.0 3.75 230.15
240.0 10.0 0.0 3.75 -6.052300000000001
240.0 -5.0 2.5 3.75 10000000040.5611
240.0 -2.5 2.5 3.75 10000000000.4661
240.0 0.0 2.5 3.75 9999999801.1944
240.0 2.5 2.5 3.75 327240877.3861
240.0 5.0 2.5 3.75 9999999957.6685
240.0 7.5 2.5 3.75 47111.665
240.0 10.0 2.5 3.75 6.5785
240.0 -5.0 5.0 3.75 9999999686.8777
240.0 -2.5 5.0 3.75 2378317628.2478
240.0 0.0 5.0 3.75 10000000136.612001
240.0 2.5 5.0 3.75 9999999941.627901
240.0 5.0 5.0 3.75 568737613.4303
240.0 7.5 5.0 3.75 7568.4101
240.0 10.0 5.0 3.75 63.0616
240.0 0.0 0.0 5.0 75304125.545
240.0 -2.5 2.5 5.0 1923108486.6308
240.0 -2.5 5.0 5.0 9999999767.1266
240.0 0.0 0.0 6.25 103439265.9967
240.0 -2.5 2.5 6.25 9999999900.822601
240.0 0.0 2.5 6.25 50357747.230900005
240.0 -5.0 5.0 6.25 9999999960.338202
240.0 -2.5 5.0 6.25 10000000144.914202
240.0 2.5 -10.0 7.5 3.1259
240.0 -2.5 -7.5 7.5 -0.07289999999999996
240.0 0.0 -5.0 7.5 -5.6372
240.0 0.0 0.0 7.5 1771407.3453
240.0 -2.5 2.5 7.5 63544224.6418
240.0 0.0 2.5 7.5 2958103280.7729
240.0 -5.0 5.0 7.5 366580276.2725
240.0 -2.5 5.0 7.5 19264838.2945
240.0 0.0 5.0 7.5 8159472995.0262
240.0 0.0 -10.0 8.75 2.1231999999999998
240.0 2.5 -10.0 8.75 2.4169
240.0 5.0 -10.0 8.75 2.3598000000000003
240.0 -2.5 -7.5 8.75 0.4367
240.0 0.0 -7.5 8.75 0.9176
240.0 2.5 -7.5 8.75 1.9715000000000003
240.0 -2.5 -5.0 8.75 -8.7383
240.0 0.0 -5.0 8.75 -8.1492
240.0 0.0 -2.5 8.75 -27.7926
240.0 2.5 -2.5 8.75 -18.5952
240.0 -2.5 0.0 8.75 859290.9776
240.0 0.0 0.0 8.75 56765.4572
240.0 -2.5 2.5 8.75 4998713.05
240.0 0.0 2.5 8.75 57665878.634899996
240.0 2.5 2.5 8.75 161.5333
240.0 -5.0 5.0 8.75 90749751.6914
240.0 -2.5 5.0 8.75 9020134882.2511
240.0 0.0 5.0 8.75 3748889155.1021
240.0 0.0 -10.0 10.0 1.6819000000000002
240.0 2.5 -10.0 10.0 1.8126
240.0 5.0 -10.0 10.0 1.7897
240.0 -2.5 -7.5 10.0 0.9137
240.0 0.0 -7.5 10.0 0.7964
240.0 2.5 -7.5 10.0 1.2615999999999998
240.0 -2.5 -5.0 10.0 -5.1913
240.0 0.0 -5.0 10.0 -4.7503
240.0 -5.0 -2.5 10.0 -6.9293
240.0 -2.5 -2.5 10.0 -17.2666
240.0 0.0 -2.5 10.0 -19.3494
240.0 2.5 -2.5 10.0 -14.452
240.0 -2.5 0.0 10.0 1516362.1446
240.0 0.0 0.0 10.0 236.75660000000002
240.0 2.5 0.0 10.0 -30.8676
240.0 -5.0 2.5 10.0 9999999892.023901
240.0 -2.5 2.5 10.0 1438754320.2291
240.0 0.0 2.5 10.0 6482104730.0518
240.0 2.5 2.5 10.0 1252.5337000000002
240.0 -5.0 5.0 10.0 64146979.4483
240.0 -2.5 5.0 10.0 170132079.1557
240.0 0.0 5.0 10.0 2563370.7355
240.0 2.5 5.0 10.0 18236.0835
240.0 7.5 5.0 10.0 -1.0248
240.0 -2.5 -10.0 11.25 1.1515
240.0 0.0 -10.0 11.25 1.1486
240.0 2.5 -10.0 11.25 1.2846
240.0 5.0 -10.0 11.25 1.3226
240.0 7.5 -10.0 11.25 0.7633000000000001
240.0 10.0 -10.0 11.25 0.2086
240.0 -5.0 -7.5 11.25 1.553
240.0 -2.5 -7.5 11.25 1.5016999999999998
240.0 0.0 -7.5 11.25 1.0805
240.0 2.5 -7.5 11.25 0.9974000000000001
240.0 -2.5 -5.0 11.25 -1.9916999999999998
240.0 0.0 -5.0 11.25 -2.4837
240.0 2.5 -5.0 11.25 -1.4256
240.0 -5.0 -2.5 11.25 -3.2741
240.0 -2.5 -2.5 11.25 -8.526
240.0 0.0 -2.5 11.25 -11.0102
240.0 2.5 -2.5 11.25 -8.5495
240.0 -5.0 0.0 11.25 12963.8211
240.0 -2.5 0.0 11.25 223681.0141
240.0 0.0 0.0 11.25 -12.794799999999999
240.0 2.5 0.0 11.25 -18.814600000000002
240.0 -2.5 2.5 11.25 2552130.7889
240.0 0.0 2.5 11.25 13198.042599999999
240.0 2.5 2.5 11.25 -11.4802
240.0 5.0 2.5 11.25 -12.4136
240.0 7.5 2.5 11.25 -6.809699999999999
240.0 -5.0 5.0 11.25 6453.3403
240.0 -2.5 5.0 11.25 1347519.355
240.0 0.0 5.0 11.25 1625.9564999999998
240.0 2.5 5.0 11.25 22.3671
240.0 7.5 5.0 11.25 1.6609000000000003
240.0 -2.5 -10.0 12.5 0.6215999999999999
240.0 0.0 -10.0 12.5 0.7261000000000001
240.0 2.5 -10.0 12.5 0.9122
240.0 5.0 -10.0 12.5 0.8393
240.0 7.5 -10.0 12.5 0.3815
240.0 10.0 -10.0 12.5 0.0711
240.0 -5.0 -7.5 12.5 1.6488
240.0 -2.5 -7.5 12.5 1.4975
240.0 0.0 -7.5 12.5 1.2321
240.0 2.5 -7.5 12.5 0.8663000000000001
240.0 5.0 -7.5 12.5 0.8444
240.0 -5.0 -5.0 12.5 1.2399
240.0 -2.5 -5.0 12.5 0.37650000000000006
240.0 0.0 -5.0 12.5 -0.1676
240.0 2.5 -5.0 12.5 -0.17779999999999999
240.0 5.0 -5.0 12.5 0.18669999999999998
240.0 -5.0 -2.5 12.5 0.06640000000000001
240.0 -2.5 -2.5 12.5 -3.508
240.0 0.0 -2.5 12.5 -5.3831
240.0 2.5 -2.5 12.5 -4.3068
240.0 -5.0 0.0 12.5 10.3675
240.0 -2.5 0.0 12.5 32.8305
240.0 0.0 0.0 12.5 -11.3331
240.0 2.5 0.0 12.5 -10.619599999999998
240.0 5.0 0.0 12.5 -7.2511
240.0 -5.0 2.5 12.5 98.30330000000001
240.0 -2.5 2.5 12.5 175.8597
240.0 0.0 2.5 12.5 65.6939
240.0 2.5 2.5 12.5 -11.3697
240.0 5.0 2.5 12.5 -7.0347
240.0 7.5 2.5 12.5 -4.12
240.0 -5.0 5.0 12.5 -37.654399999999995
240.0 -2.5 5.0 12.5 54.445600000000006
240.0 0.0 5.0 12.5 -9.7058
240.0 2.5 5.0 12.5 -5.6448
240.0 5.0 5.0 12.5 1.701
240.0 7.5 5.0 12.5 1.8729000000000002
240.0 -2.5 -10.0 13.75 0.18159999999999998
240.0 0.0 -10.0 13.75 0.3331
240.0 2.5 -10.0 13.75 0.5482
240.0 5.0 -10.0 13.75 0.3759
240.0 7.5 -10.0 13.75 0.13770000000000002
240.0 10.0 -10.0 13.75 0.0149
240.0 -5.0 -7.5 13.75 1.4168
240.0 -2.5 -7.5 13.75 1.2690000000000001
240.0 0.0 -7.5 13.75 0.9056
240.0 2.5 -7.5 13.75 0.6143
240.0 5.0 -7.5 13.75 0.43110000000000004
240.0 7.5 -7.5 13.75 0.2856
240.0 10.0 -7.5 13.75 0.07819999999999999
240.0 -5.0 -5.0 13.75 1.9226
240.0 -2.5 -5.0 13.75 1.6011
240.0 0.0 -5.0 13.75 0.9591000000000001
240.0 2.5 -5.0 13.75 0.6255999999999999
240.0 5.0 -5.0 13.75 0.1298
240.0 -5.0 -2.5 13.75 1.2726000000000002
240.0 -2.5 -2.5 13.75 -0.09479999999999994
240.0 0.0 -2.5 13.75 -1.3448
240.0 2.5 -2.5 13.75 -1.3887
240.0 -5.0 0.0 13.75 -1.1999
240.0 -2.5 0.0 13.75 -2.14
240.0 0.0 0.0 13.75 -4.6891
240.0 2.5 0.0 13.75 -5.0104
240.0 5.0 0.0 13.75 -3.3538
240.0 -5.0 2.5 13.75 -19.148600000000002
240.0 -2.5 2.5 13.75 -11.2011
240.0 0.0 2.5 13.75 -9.1741
240.0 2.5 2.5 13.75 -5.6639
240.0 5.0 2.5 13.75 -3.6130999999999998
240.0 7.5 2.5 13.75 -1.7023
240.0 10.0 2.5 13.75 -1.371
240.0 -5.0 5.0 13.75 -35.7063
240.0 -2.5 5.0 13.75 -24.994500000000002
240.0 0.0 5.0 13.75 -12.9636
240.0 2.5 5.0 13.75 -2.4246
240.0 5.0 5.0 13.75 3.036
240.0 7.5 5.0 13.75 2.429
240.0 10.0 5.0 13.75 0.1562
240.0 -5.0 -10.0 15.0 0.007200000000000001
240.0 -2.5 -10.0 15.0 -0.008
240.0 0.0 -10.0 15.0 0.159
240.0 2.5 -10.0 15.0 0.2043
240.0 5.0 -10.0 15.0 0.1117
240.0 7.5 -10.0 15.0 0.0241
240.0 10.0 -10.0 15.0 0.0
240.0 -5.0 -7.5 15.0 0.8865000000000001
240.0 -2.5 -7.5 15.0 0.913
240.0 0.0 -7.5 15.0 0.5598
240.0 2.5 -7.5 15.0 0.2244
240.0 5.0 -7.5 15.0 0.3967
240.0 7.5 -7.5 15.0 0.1478
240.0 10.0 -7.5 15.0 0.0458
240.0 -5.0 -5.0 15.0 1.8074000000000001
240.0 -2.5 -5.0 15.0 1.7467
240.0 0.0 -5.0 15.0 1.3293
240.0 2.5 -5.0 15.0 0.6931999999999999
240.0 5.0 -5.0 15.0 0.1104
240.0 10.0 -5.0 15.0 -0.011899999999999999
240.0 -5.0 -2.5 15.0 1.8796
240.0 -2.5 -2.5 15.0 1.4779
240.0 0.0 -2.5 15.0 0.7722
240.0 2.5 -2.5 15.0 0.2983
240.0 5.0 -2.5 15.0 -0.0872
240.0 7.5 -2.5 15.0 -0.2427
240.0 -5.0 0.0 15.0 -0.04949999999999999
240.0 -2.5 0.0 15.0 0.38650000000000007
240.0 0.0 0.0 15.0 -0.7206
240.0 2.5 0.0 15.0 -1.6305999999999998
240.0 5.0 0.0 15.0 -0.7847
240.0 7.5 0.0 15.0 -0.47669999999999996
240.0 -5.0 2.5 15.0 -10.6274
240.0 -2.5 2.5 15.0 -7.1155
240.0 0.0 2.5 15.0 -4.0216
240.0 2.5 2.5 15.0 -2.0077
240.0 5.0 2.5 15.0 -0.9414
240.0 7.5 2.5 15.0 -0.5247
240.0 10.0 2.5 15.0 -0.49570000000000003
240.0 -5.0 5.0 15.0 -26.8216
240.0 -2.5 5.0 15.0 -18.9387
240.0 0.0 5.0 15.0 -8.8535
240.0 2.5 5.0 15.0 -0.4203
240.0 5.0 5.0 15.0 2.2484
240.0 7.5 5.0 15.0 1.4254
240.0 10.0 5.0 15.0 -0.014499999999999999
240.0 -5.0 -10.0 16.25 0.0096
240.0 -2.5 -10.0 16.25 0.0044
240.0 0.0 -10.0 16.25 0.0043
240.0 2.5 -10.0 16.25 0.006
240.0 5.0 -10.0 16.25 0.0034
240.0 7.5 -10.0 16.25 0.0
240.0 10.0 -10.0 16.25 0.0
240.0 -5.0 -7.5 16.25 0.4289
240.0 -2.5 -7.5 16.25 0.3639
240.0 0.0 -7.5 16.25 0.3224
240.0 2.5 -7.5 16.25 0.3241
240.0 5.0 -7.5 16.25 0.16290000000000002
240.0 7.5 -7.5 16.25 0.0493
240.0 10.0 -7.5 16.25 0.0
240.0 -5.0 -5.0 16.25 1.4774
240.0 -2.5 -5.0 16.25 1.4597
240.0 0.0 -5.0 16.25 1.081
240.0 2.5 -5.0 16.25 0.3977
240.0 5.0 -5.0 16.25 0.033
240.0 7.5 -5.0 16.25 0.11249999999999999
240.0 10.0 -5.0 16.25 0.0323
240.0 -5.0 -2.5 16.25 1.7197
240.0 -2.5 -2.5 16.25 1.8888
240.0 0.0 -2.5 16.25 1.4784000000000002
240.0 2.5 -2.5 16.25 0.9513999999999999
240.0 5.0 -2.5 16.25 0.23440000000000003
240.0 7.5 -2.5 16.25 -0.1249
240.0 10.0 -2.5 16.25 -0.0808
240.0 -5.0 0.0 16.25 0.946
240.0 -2.5 0.0 16.25 1.549
240.0 0.0 0.0 16.25 0.8454
240.0 2.5 0.0 16.25 0.5362
240.0 5.0 0.0 16.25 0.2215
240.0 7.5 0.0 16.25 -0.191
240.0 -5.0 2.5 16.25 -6.2147
240.0 -2.5 2.5 16.25 -3.6441
240.0 0.0 2.5 16.25 -1.1947999999999999
240.0 2.5 2.5 16.25 0.052299999999999985
240.0 5.0 2.5 16.25 0.009999999999999995
240.0 7.5 2.5 16.25 -0.2629
240.0 10.0 2.5 16.25 -0.2057
240.0 -5.0 5.0 16.25 -19.3593
240.0 -2.5 5.0 16.25 -14.032
240.0 0.0 5.0 16.25 -6.1572000000000005
240.0 2.5 5.0 16.25 0.14109999999999998
240.0 5.0 5.0 16.25 1.6031
240.0 7.5 5.0 16.25 0.5097999999999999
240.0 10.0 5.0 16.25 -0.20980000000000001
300.0 -5.0 -10.0 3.75 -0.5845
300.0 -2.5 -10.0 3.75 0.15910000000000002
300.0 0.0 -10.0 3.75 1.0978999999999999
300.0 2.5 -10.0 3.75 1.1864000000000001
300.0 5.0 -10.0 3.75 0.999
300.0 7.5 -10.0 3.75 1.0477999999999998
300.0 10.0 -10.0 3.75 0.3537
300.0 -5.0 -7.5 3.75 337.5916
300.0 -2.5 -7.5 3.75 1952134.4464
300.0 0.0 -7.5 3.75 0.9410000000000003
300.0 2.5 -7.5 3.75 2.5913
300.0 5.0 -7.5 3.75 2.7443
300.0 7.5 -7.5 3.75 2.1381
300.0 10.0 -7.5 3.75 1.9183000000000001
300.0 -5.0 -5.0 3.75 98304871.9878
300.0 -2.5 -5.0 3.75 8730863.012
300.0 0.0 -5.0 3.75 3208284.6414
300.0 2.5 -5.0 3.75 -0.6059000000000001
300.0 5.0 -5.0 3.75 2.2958999999999996
300.0 7.5 -5.0 3.75 2.3171
300.0 10.0 -5.0 3.75 2.2893000000000003
300.0 -5.0 -2.5 3.75 10000000124.3418
300.0 -2.5 -2.5 3.75 1511152324.1041
300.0 0.0 -2.5 3.75 2170951.5028999997
300.0 2.5 -2.5 3.75 53.4357
300.0 5.0 -2.5 3.75 -2.6586
300.0 7.5 -2.5 3.75 1.0274
300.0 10.0 -2.5 3.75 3.0264
300.0 -5.0 0.0 3.75 2537054835.7984
300.0 -2.5 0.0 3.75 9999999972.4316
300.0 0.0 0.0 3.75 3663122357.2845
300.0 2.5 0.0 3.75 2942875.7931
300.0 5.0 0.0 3.75 3921120.0806
300.0 7.5 0.0 3.75 1278.4405
300.0 10.0 0.0 3.75 12.444500000000001
300.0 -5.0 2.5 3.75 10000000048.1277
300.0 -2.5 2.5 3.75 9999999980.073801
300.0 0.0 2.5 3.75 9999999997.6466
300.0 2.5 2.5 3.75 16903034.1843
300.0 5.0 2.5 3.75 9999999856.9717
300.0 7.5 2.5 3.75 285066921.63
300.0 10.0 2.5 3.75 5537.7636999999995
300.0 -5.0 5.0 3.75 10000000077.0041
300.0 -2.5 5.0 3.75 10000000140.3239
300.0 0.0 5.0 3.75 9999999935.677101
300.0 2.5 5.0 3.75 9999999944.594301
300.0 5.0 5.0 3.75 9999999909.8265
300.0 7.5 5.0 3.75 1119465070.1325
300.0 10.0 5.0 3.75 2284807581.151
300.0 -2.5 -2.5 6.25 9999999957.245401
300.0 0.0 -2.5 6.25 1076220707.8894
300.0 2.5 -2.5 6.25 467.6137
300.0 2.5 -5.0 7.5 -0.5264
300.0 -2.5 -2.5 7.5 9999999987.2591
300.0 0.0 -2.5 7.5 704311.8256
300.0 0.0 0.0 7.5 9999999995.0604
300.0 0.0 2.5 7.5 7249919.519300001
300.0 5.0 -10.0 8.75 0.383
300.0 2.5 -7.5 8.75 1.7305
300.0 5.0 -7.5 8.75 1.897
300.0 0.0 -5.0 8.75 -0.0647000000000002
300.0 2.5 -5.0 8.75 0.28049999999999997
300.0 5.0 -5.0 8.75 1.7860999999999998
300.0 -5.0 -2.5 8.75 38.9558
300.0 -2.5 -2.5 8.75 1031.7284
300.0 0.0 -2.5 8.75 1269.2397
300.0 2.5 -2.5 8.75 5.6204
300.0 -5.0 0.0 8.75 213357826.0234
300.0 0.0 0.0 8.75 13056.924
300.0 0.0 2.5 8.75 3300122.3519
300.0 0.0 5.0 8.75 579135150.4877
300.0 0.0 -10.0 10.0 0.4478
300.0 2.5 -10.0 10.0 0.24190000000000003
300.0 5.0 -10.0 10.0 0.2401
300.0 7.5 -10.0 10.0 0.1588
300.0 10.0 -10.0 10.0 0.0637
300.0 2.5 -7.5 10.0 1.4691
300.0 5.0 -7.5 10.0 1.3585
300.0 -5.0 -5.0 10.0 4.3619
300.0 0.0 -5.0 10.0 1.4144999999999999
300.0 2.5 -5.0 10.0 1.2467
300.0 5.0 -5.0 10.0 2.0189
300.0 -5.0 -2.5 10.0 110.01599999999999
300.0 -2.5 -2.5 10.0 811.9592
300.0 0.0 -2.5 10.0 1.0218999999999996
300.0 2.5 -2.5 10.0 -2.4450000000000003
300.0 -5.0 0.0 10.0 970997788.6435001
300.0 -2.5 0.0 10.0 9999999980.2787
300.0 0.0 0.0 10.0 693833.4341999999
300.0 2.5 0.0 10.0 14.1607
300.0 0.0 2.5 10.0 3260220336.561
300.0 0.0 5.0 10.0 9999999919.009401
300.0 2.5 5.0 10.0 4999427.8845
300.0 0.0 -10.0 11.25 0.4376
300.0 2.5 -10.0 11.25 0.3513
300.0 5.0 -10.0 11.25 0.1169
300.0 7.5 -10.0 11.25 0.1262
300.0 10.0 -10.0 11.25 0.0061
300.0 -2.5 -7.5 11.25 1.4519
300.0 0.0 -7.5 11.25 1.4228999999999998
300.0 2.5 -7.5 11.25 1.4187999999999998
300.0 5.0 -7.5 11.25 0.9659
300.0 7.5 -7.5 11.25 0.7379
300.0 -5.0 -5.0 11.25 4.0854
300.0 -2.5 -5.0 11.25 4.0319
300.0 0.0 -5.0 11.25 2.8642000000000003
300.0 2.5 -5.0 11.25 1.8712
300.0 5.0 -5.0 11.25 2.1304
300.0 -5.0 -2.5 11.25 11.8829
300.0 -2.5 -2.5 11.25 374.827
300.0 0.0 -2.5 11.25 5.669300000000001
300.0 2.5 -2.5 11.25 1.6670999999999998
300.0 -5.0 0.0 11.25 12887.5967
300.0 -2.5 0.0 11.25 165512.6721
300.0 0.0 0.0 11.25 97930.4434
300.0 2.5 0.0 11.25 -1.4744000000000002
300.0 -5.0 2.5 11.25 86.48140000000001
300.0 -2.5 2.5 11.25 68208.8811
300.0 0.0 2.5 11.25 12154277.7369
300.0 2.5 2.5 11.25 313.7388
300.0 5.0 2.5 11.25 -11.761199999999999
300.0 0.0 5.0 11.25 228778.89030000003
300.0 2.5 5.0 11.25 1782337.1121
300.0 5.0 5.0 11.25 -28.7227
300.0 7.5 5.0 11.25 -19.8343
300.0 -2.5 -10.0 12.5 0.6678
300.0 0.0 -10.0 12.5 0.5118
300.0 2.5 -10.0 12.5 0.3783
300.0 5.0 -10.0 12.5 0.074
300.0 7.5 -10.0 12.5 0.1006
300.0 10.0 -10.0 12.5 0.0
300.0 -2.5 -7.5 12.5 1.5678999999999998
300.0 0.0 -7.5 12.5 1.4745
300.0 2.5 -7.5 12.5 1.2345
300.0 5.0 -7.5 12.5 0.7695
300.0 7.5 -7.5 12.5 0.3517
300.0 -5.0 -5.0 12.5 3.1737
300.0 -2.5 -5.0 12.5 3.5226
300.0 0.0 -5.0 12.5 3.0686999999999998
300.0 2.5 -5.0 12.5 2.7147
300.0 5.0 -5.0 12.5 2.2991
300.0 -5.0 -2.5 12.5 4.3029
300.0 -2.5 -2.5 12.5 8.9937
300.0 0.0 -2.5 12.5 6.8456
300.0 2.5 -2.5 12.5 3.2814
300.0 5.0 -2.5 12.5 1.9272000000000002
300.0 -5.0 0.0 12.5 -3.8818
300.0 -2.5 0.0 12.5 56.7483
300.0 0.0 0.0 12.5 69.2885
300.0 2.5 0.0 12.5 1.4660000000000002
300.0 5.0 0.0 12.5 0.4176000000000001
300.0 7.5 0.0 12.5 0.8670000000000001
300.0 -5.0 2.5 12.5 -27.8639
300.0 -2.5 2.5 12.5 -10.666500000000003
300.0 0.0 2.5 12.5 734.596
300.0 2.5 2.5 12.5 1.3197999999999999
300.0 5.0 2.5 12.5 -5.8019
300.0 7.5 2.5 12.5 -2.6
300.0 -5.0 5.0 12.5 -53.8651
300.0 -2.5 5.0 12.5 -60.4755
300.0 0.0 5.0 12.5 -23.8503
300.0 2.5 5.0 12.5 61.0487
300.0 5.0 5.0 12.5 -18.5273
300.0 7.5 5.0 12.5 -11.3981
300.0 -2.5 -10.0 13.75 0.6556
300.0 0.0 -10.0 13.75 0.6016
300.0 2.5 -10.0 13.75 0.34309999999999996
300.0 5.0 -10.0 13.75 0.1547
300.0 7.5 -10.0 13.75 0.0238
300.0 10.0 -10.0 13.75 0.0
300.0 -5.0 -7.5 13.75 1.2844
300.0 -2.5 -7.5 13.75 1.413
300.0 0.0 -7.5 13.75 1.3786
300.0 2.5 -7.5 13.75 1.0915
300.0 5.0 -7.5 13.75 0.8052999999999999
300.0 7.5 -7.5 13.75 0.0495
300.0 -5.0 -5.0 13.75 2.1247000000000003
300.0 -2.5 -5.0 13.75 2.5533
300.0 0.0 -5.0 13.75 2.7749
300.0 2.5 -5.0 13.75 2.7998000000000003
300.0 5.0 -5.0 13.75 1.7317
300.0 -5.0 -2.5 13.75 2.4994
300.0 -2.5 -2.5 13.75 4.564
300.0 0.0 -2.5 13.75 5.2553
300.0 2.5 -2.5 13.75 3.7755
300.0 5.0 -2.5 13.75 2.7796000000000003
300.0 7.5 -2.5 13.75 1.5296
300.0 -5.0 0.0 13.75 -6.1924
300.0 -2.5 0.0 13.75 -5.8944
300.0 0.0 0.0 13.75 3.1731
300.0 2.5 0.0 13.75 1.7274000000000003
300.0 5.0 0.0 13.75 2.0445
300.0 7.5 0.0 13.75 1.4124999999999999
300.0 -5.0 2.5 13.75 -22.4149
300.0 -2.5 2.5 13.75 -25.5442
300.0 0.0 2.5 13.75 -15.6513
300.0 2.5 2.5 13.75 -6.432300000000001
300.0 5.0 2.5 13.75 -2.4827
300.0 7.5 2.5 13.75 0.04219999999999999
300.0 10.0 2.5 13.75 0.1591
300.0 -5.0 5.0 13.75 -47.6897
300.0 -2.5 5.0 13.75 -53.0559
300.0 0.0 5.0 13.75 -38.136
300.0 2.5 5.0 13.75 -21.5787
300.0 5.0 5.0 13.75 -11.8643
300.0 7.5 5.0 13.75 -5.3075
300.0 10.0 5.0 13.75 -2.1942000000000004
300.0 -2.5 -10.0 15.0 0.563
300.0 0.0 -10.0 15.0 0.5182
300.0 2.5 -10.0 15.0 0.333
300.0 5.0 -10.0 15.0 0.0658
300.0 7.5 -10.0 15.0 0.0003
300.0 10.0 -10.0 15.0 0.0
300.0 -5.0 -7.5 15.0 1.0773000000000001
300.0 -2.5 -7.5 15.0 1.2287000000000001
300.0 0.0 -7.5 15.0 1.2713
300.0 2.5 -7.5 15.0 1.1239
300.0 5.0 -7.5 15.0 0.489
300.0 7.5 -7.5 15.0 0.0465
300.0 10.0 -7.5 15.0 0.0
300.0 -5.0 -5.0 15.0 1.4129
300.0 -2.5 -5.0 15.0 1.6999
300.0 0.0 -5.0 15.0 2.1545
300.0 2.5 -5.0 15.0 1.9305999999999999
300.0 5.0 -5.0 15.0 1.3575
300.0 7.5 -5.0 15.0 0.48009999999999997
300.0 -5.0 -2.5 15.0 0.9309000000000001
300.0 -2.5 -2.5 15.0 2.6638
300.0 0.0 -2.5 15.0 3.8638999999999997
300.0 2.5 -2.5 15.0 3.6122
300.0 5.0 -2.5 15.0 2.6283
300.0 7.5 -2.5 15.0 1.247
300.0 10.0 -2.5 15.0 0.323
300.0 -5.0 0.0 15.0 -4.7751
300.0 -2.5 0.0 15.0 -3.6304000000000003
300.0 0.0 0.0 15.0 0.32799999999999996
300.0 2.5 0.0 15.0 2.272
300.0 5.0 0.0 15.0 2.7043000000000004
300.0 7.5 0.0 15.0 1.5822
300.0 10.0 0.0 15.0 0.4396
300.0 -5.0 2.5 15.0 -17.9898
300.0 -2.5 2.5 15.0 -18.5854
300.0 0.0 2.5 15.0 -11.7173
300.0 2.5 2.5 15.0 -4.439
300.0 5.0 2.5 15.0 -0.175
300.0 7.5 2.5 15.0 1.5202
300.0 10.0 2.5 15.0 0.3407
300.0 -5.0 5.0 15.0 -39.7682
300.0 -2.5 5.0 15.0 -42.516
300.0 0.0 5.0 15.0 -30.6694
300.0 2.5 5.0 15.0 -16.3861
300.0 5.0 5.0 15.0 -6.9033
300.0 7.5 5.0 15.0 -1.6038000000000001
300.0 10.0 5.0 15.0 -0.496
300.0 -5.0 -10.0 16.25 0.24459999999999998
300.0 -2.5 -10.0 16.25 0.3856
300.0 0.0 -10.0 16.25 0.3492
300.0 2.5 -10.0 16.25 0.123
300.0 5.0 -10.0 16.25 0.0021
300.0 7.5 -10.0 16.25 0.0
300.0 10.0 -10.0 16.25 0.0
300.0 -5.0 -7.5 16.25 1.0507000000000002
300.0 -2.5 -7.5 16.25 1.1625
300.0 0.0 -7.5 16.25 1.1228999999999998
300.0 2.5 -7.5 16.25 0.8086
300.0 5.0 -7.5 16.25 0.3604
300.0 7.5 -7.5 16.25 0.0262
300.0 10.0 -7.5 16.25 0.0
300.0 -5.0 -5.0 16.25 1.1104
300.0 -2.5 -5.0 16.25 1.4205
300.0 0.0 -5.0 16.25 1.6544999999999999
300.0 2.5 -5.0 16.25 1.6220999999999999
300.0 5.0 -5.0 16.25 1.0464
300.0 7.5 -5.0 16.25 0.1845
300.0 10.0 -5.0 16.25 -0.0006
300.0 -5.0 -2.5 16.25 0.5293000000000001
300.0 -2.5 -2.5 16.25 1.4315
300.0 0.0 -2.5 16.25 2.4299
300.0 2.5 -2.5 16.25 2.6775
300.0 5.0 -2.5 16.25 1.8598
300.0 7.5 -2.5 16.25 0.7798
300.0 10.0 -2.5 16.25 0.0122
300.0 -5.0 0.0 16.25 -3.9034
300.0 -2.5 0.0 16.25 -2.8908
300.0 0.0 0.0 16.25 0.05230000000000001
300.0 2.5 0.0 16.25 2.4002000000000003
300.0 5.0 0.0 16.25 2.4432
300.0 7.5 0.0 16.25 1.3253
300.0 10.0 0.0 16.25 0.3071
300.0 -5.0 2.5 16.25 -14.067499999999999
300.0 -2.5 2.5 16.25 -13.8575
300.0 0.0 2.5 16.25 -9.008799999999999
300.0 2.5 2.5 16.25 -3.2769
300.0 5.0 2.5 16.25 1.2585
300.0 7.5 2.5 16.25 1.3042
300.0 10.0 2.5 16.25 0.3356
300.0 -5.0 5.0 16.25 -30.4648
300.0 -2.5 5.0 16.25 -32.2816
300.0 0.0 5.0 16.25 -23.2913
300.0 2.5 5.0 16.25 -11.9825
300.0 5.0 5.0 16.25 -3.5029
300.0 7.5 5.0 16.25 0.3705
300.0 10.0 5.0 16.25 0.11270000000000001
