0.0 0.0 2.5 5.0 46830584.0428
0.0 2.5 2.5 5.0 10000000342.0046
0.0 0.0 5.0 5.0 10000000020.535002
0.0 2.5 0.0 6.25 10000000181.416801
0.0 0.0 2.5 6.25 157847265.5983
0.0 0.0 5.0 6.25 9999999550.0363
0.0 0.0 0.0 7.5 51157.7067
0.0 2.5 0.0 7.5 10000000011.556501
0.0 0.0 2.5 7.5 193094852.504
0.0 0.0 5.0 7.5 9999999970.343801
0.0 0.0 -5.0 8.75 29.4818
0.0 5.0 -5.0 8.75 437813.2509
0.0 -2.5 -2.5 8.75 18.048800000000004
0.0 0.0 -2.5 8.75 68101.43800000001
0.0 -2.5 0.0 8.75 416711.6876
0.0 0.0 0.0 8.75 9999999951.8311
0.0 2.5 0.0 8.75 9999999985.202702
0.0 0.0 2.5 8.75 3213.0586
0.0 2.5 2.5 8.75 775236911.7592001
0.0 0.0 5.0 8.75 150295130.8406
0.0 2.5 5.0 8.75 7339992328.0149
0.0 5.0 -7.5 10.0 30.1662
0.0 7.5 -7.5 10.0 10000000089.321201
0.0 -2.5 -5.0 10.0 -30.5495
0.0 0.0 -5.0 10.0 -42.535
0.0 2.5 -5.0 10.0 55.9909
0.0 5.0 -5.0 10.0 2234.9714
0.0 7.5 -5.0 10.0 90278067.43100001
0.0 -2.5 -2.5 10.0 -17.273699999999998
0.0 0.0 -2.5 10.0 9999999852.140902
0.0 2.5 -2.5 10.0 11780607.7017
0.0 5.0 -2.5 10.0 9272135.3465
0.0 -2.5 0.0 10.0 32198.1693
0.0 0.0 0.0 10.0 9440.4391
0.0 2.5 0.0 10.0 46210935.3001
0.0 0.0 2.5 10.0 602.5294
0.0 2.5 2.5 10.0 7118427.2673
0.0 0.0 5.0 10.0 32175396.799900003
0.0 2.5 5.0 10.0 2421835356.6010003
0.0 2.5 -10.0 11.25 -5.2233
0.0 5.0 -10.0 11.25 13.8532
0.0 10.0 -10.0 11.25 50.1584
0.0 2.5 -7.5 11.25 -22.721999999999998
0.0 5.0 -7.5 11.25 15.611600000000001
0.0 7.5 -7.5 11.25 6730.8427
0.0 0.0 -5.0 11.25 -61.1441
0.0 2.5 -5.0 11.25 -19.625499999999988
0.0 5.0 -5.0 11.25 126.3654
0.0 -5.0 -2.5 11.25 -21.7151
0.0 -2.5 -2.5 11.25 -43.7397
0.0 0.0 -2.5 11.25 1758.9158
0.0 2.5 -2.5 11.25 7856146866.573501
0.0 5.0 -2.5 11.25 16916.702599999997
0.0 -5.0 0.0 11.25 1941.6219
0.0 -2.5 0.0 11.25 348.7429
0.0 0.0 0.0 11.25 1458138.0286
0.0 2.5 0.0 11.25 7166835753.536201
0.0 0.0 2.5 11.25 1982.9386000000002
0.0 2.5 2.5 11.25 147985032.61470002
0.0 0.0 5.0 11.25 85862137.95989999
0.0 2.5 5.0 11.25 251810887.4844
0.0 -2.5 -10.0 12.5 -10.4683
0.0 2.5 -10.0 12.5 -9.2826
0.0 5.0 -10.0 12.5 6.7433000000000005
0.0 7.5 -10.0 12.5 21.9409
0.0 10.0 -10.0 12.5 28.658299999999997
0.0 -5.0 -7.5 12.5 -9.7751
0.0 0.0 -7.5 12.5 -32.8941
0.0 2.5 -7.5 12.5 -29.791900000000002
0.0 5.0 -7.5 12.5 -7.0723
0.0 7.5 -7.5 12.5 1449.7343
0.0 10.0 -7.5 12.5 58856.6046
0.0 -2.5 -5.0 12.5 -37.2917
0.0 0.0 -5.0 12.5 -67.7872
0.0 2.5 -5.0 12.5 -82.9534
0.0 5.0 -5.0 12.5 -52.224199999999996
0.0 -2.5 -2.5 12.5 -47.3248
0.0 0.0 -2.5 12.5 149.7317
0.0 2.5 -2.5 12.5 1042526.1548
0.0 5.0 -2.5 12.5 217.08270000000002
0.0 -5.0 0.0 12.5 -14.168500000000002
0.0 -2.5 0.0 12.5 -40.5551
0.0 0.0 0.0 12.5 1464.2193
0.0 2.5 0.0 12.5 121643742.45199999
0.0 5.0 0.0 12.5 46307878.2867
0.0 -2.5 2.5 12.5 -34.193799999999996
0.0 0.0 2.5 12.5 124.5617
0.0 2.5 2.5 12.5 9999999989.336401
0.0 7.5 2.5 12.5 9999999989.423601
0.0 0.0 5.0 12.5 1622428734.6561
0.0 2.5 5.0 12.5 9999999951.966702
0.0 5.0 5.0 12.5 905048682.6557
0.0 -2.5 -10.0 13.75 -8.5353
0.0 0.0 -10.0 13.75 -13.300899999999999
0.0 2.5 -10.0 13.75 -10.5496
0.0 5.0 -10.0 13.75 1.3159999999999998
0.0 7.5 -10.0 13.75 14.8148
0.0 10.0 -10.0 13.75 20.762900000000002
0.0 -5.0 -7.5 13.75 -8.4548
0.0 -2.5 -7.5 13.75 -19.826500000000003
0.0 0.0 -7.5 13.75 -30.757
0.0 2.5 -7.5 13.75 -30.3862
0.0 5.0 -7.5 13.75 -12.3978
0.0 7.5 -7.5 13.75 32.7076
0.0 10.0 -7.5 13.75 6158.3062
0.0 -2.5 -5.0 13.75 -33.966
0.0 0.0 -5.0 13.75 -60.7194
0.0 2.5 -5.0 13.75 -78.3428
0.0 5.0 -5.0 13.75 -50.8185
0.0 7.5 -5.0 13.75 27.0247
0.0 -5.0 -2.5 13.75 -17.9827
0.0 -2.5 -2.5 13.75 -43.492399999999996
0.0 0.0 -2.5 13.75 -88.3593
0.0 2.5 -2.5 13.75 1282.2945
0.0 5.0 -2.5 13.75 -78.7448
0.0 7.5 -2.5 13.75 106669215.5891
0.0 -5.0 0.0 13.75 -19.0593
0.0 -2.5 0.0 13.75 -40.4064
0.0 0.0 0.0 13.75 26285.0572
0.0 2.5 0.0 13.75 42056359.948800005
0.0 5.0 0.0 13.75 465461.2435
0.0 7.5 0.0 13.75 121717269.34629999
0.0 10.0 0.0 13.75 56912831.0942
0.0 -5.0 2.5 13.75 -17.214399999999998
0.0 -2.5 2.5 13.75 -31.4845
0.0 0.0 2.5 13.75 1589.2158
0.0 2.5 2.5 13.75 9999999957.939001
0.0 5.0 2.5 13.75 9999999979.3631
0.0 7.5 2.5 13.75 26891214.3277
0.0 -2.5 5.0 13.75 9.310500000000001
0.0 0.0 5.0 13.75 24362847.126000002
0.0 2.5 5.0 13.75 1218869643.657
0.0 5.0 5.0 13.75 98792236.6407
0.0 7.5 5.0 13.75 10000000127.065601
0.0 10.0 5.0 13.75 10000000010.663801
0.0 -5.0 -10.0 15.0 -2.2706999999999997
0.0 -2.5 -10.0 15.0 -6.2558
0.0 0.0 -10.0 15.0 -11.2051
0.0 2.5 -10.0 15.0 -9.8465
0.0 5.0 -10.0 15.0 -1.7605
0.0 7.5 -10.0 15.0 9.4093
0.0 10.0 -10.0 15.0 14.514100000000001
0.0 -5.0 -7.5 15.0 -6.6054
0.0 -2.5 -7.5 15.0 -16.107599999999998
0.0 0.0 -7.5 15.0 -26.1028
0.0 2.5 -7.5 15.0 -26.871100000000002
0.0 5.0 -7.5 15.0 -14.7643
0.0 7.5 -7.5 15.0 5.3094
0.0 10.0 -7.5 15.0 20.419
0.0 -5.0 -5.0 15.0 -11.6943
0.0 -2.5 -5.0 15.0 -28.0585
0.0 0.0 -5.0 15.0 -48.922000000000004
0.0 2.5 -5.0 15.0 -58.2711
0.0 5.0 -5.0 15.0 -39.1006
0.0 7.5 -5.0 15.0 -6.5915
0.0 10.0 -5.0 15.0 293.7312
0.0 -5.0 -2.5 15.0 -14.6822
0.0 -2.5 -2.5 15.0 -35.370599999999996
0.0 0.0 -2.5 15.0 -67.32119999999999
0.0 2.5 -2.5 15.0 -83.2573
0.0 5.0 -2.5 15.0 -59.427499999999995
0.0 7.5 -2.5 15.0 3813638719.0752
0.0 10.0 -2.5 15.0 899526044.3465999
0.0 -5.0 0.0 15.0 -15.0593
0.0 -2.5 0.0 15.0 -33.129999999999995
0.0 0.0 0.0 15.0 68.3274
0.0 2.5 0.0 15.0 12998821.0234
0.0 5.0 0.0 15.0 185.24470000000002
0.0 7.5 0.0 15.0 6448667.9074
0.0 10.0 0.0 15.0 10000000032.6208
0.0 -5.0 2.5 15.0 -13.0076
0.0 -2.5 2.5 15.0 -25.7766
0.0 0.0 2.5 15.0 778.4105
0.0 2.5 2.5 15.0 937813272.3292
0.0 5.0 2.5 15.0 15517.535300000001
0.0 7.5 2.5 15.0 1097124319.1387
0.0 10.0 2.5 15.0 10000000023.6811
0.0 -5.0 5.0 15.0 -11.0961
0.0 -2.5 5.0 15.0 -18.1671
0.0 0.0 5.0 15.0 68647.67760000001
0.0 2.5 5.0 15.0 121496046.84040001
0.0 5.0 5.0 15.0 53290.9343
0.0 7.5 5.0 15.0 6840863.2968999995
0.0 10.0 5.0 15.0 4814110.7404
0.0 -5.0 -10.0 16.25 -1.184
0.0 -2.5 -10.0 16.25 -4.1244
0.0 0.0 -10.0 16.25 -7.9432
0.0 2.5 -10.0 16.25 -8.3167
0.0 5.0 -10.0 16.25 -3.0748
0.0 7.5 -10.0 16.25 4.783
0.0 10.0 -10.0 16.25 9.1296
0.0 -5.0 -7.5 16.25 -4.4489
0.0 -2.5 -7.5 16.25 -11.721400000000001
0.0 0.0 -7.5 16.25 -20.0272
0.0 2.5 -7.5 16.25 -21.5813
0.0 5.0 -7.5 16.25 -12.887
0.0 7.5 -7.5 16.25 1.3655
0.0 10.0 -7.5 16.25 10.1384
0.0 -5.0 -5.0 16.25 -8.8018
0.0 -2.5 -5.0 16.25 -21.181800000000003
0.0 0.0 -5.0 16.25 -36.345
0.0 2.5 -5.0 16.25 -42.3869
0.0 5.0 -5.0 16.25 -29.366600000000002
0.0 7.5 -5.0 16.25 -5.6112
0.0 10.0 -5.0 16.25 30.7892
0.0 -5.0 -2.5 16.25 -11.209900000000001
0.0 -2.5 -2.5 16.25 -26.5418
0.0 0.0 -2.5 16.25 -47.0537
0.0 2.5 -2.5 16.25 -57.4379
0.0 5.0 -2.5 16.25 -41.9614
0.0 7.5 -2.5 16.25 4387679.6236
0.0 10.0 -2.5 16.25 11266143.970800001
0.0 -5.0 0.0 16.25 -11.0179
0.0 -2.5 0.0 16.25 -25.3568
0.0 0.0 0.0 16.25 -40.8938
0.0 2.5 0.0 16.25 1230.9221
0.0 5.0 0.0 16.25 -46.0141
0.0 7.5 0.0 16.25 190604.15759999998
0.0 10.0 0.0 16.25 10000000034.4431
0.0 -5.0 2.5 16.25 -9.2802
0.0 -2.5 2.5 16.25 -19.266199999999998
0.0 0.0 2.5 16.25 1.3551000000000002
0.0 2.5 2.5 16.25 1024995.0015
0.0 5.0 2.5 16.25 8.220400000000001
0.0 7.5 2.5 16.25 9999999726.8689
0.0 10.0 2.5 16.25 7882580.0633
0.0 -5.0 5.0 16.25 -7.7277
0.0 -2.5 5.0 16.25 -14.2247
0.0 0.0 5.0 16.25 53.653499999999994
0.0 2.5 5.0 16.25 10869.135999999999
0.0 5.0 5.0 16.25 1665.8437
0.0 7.5 5.0 16.25 453.4297
0.0 10.0 5.0 16.25 127275.3627
60.0 -5.0 -10.0 3.75 -11.8721
60.0 -2.5 -10.0 3.75 -19.4664
60.0 0.0 -10.0 3.75 543.8768
60.0 2.5 -10.0 3.75 337522.07239999995
60.0 5.0 -10.0 3.75 5460218663.2718
60.0 7.5 -10.0 3.75 815593538.2446
60.0 10.0 -10.0 3.75 1225483396.9701998
60.0 -5.0 -7.5 3.75 -17.958000000000002
60.0 -2.5 -7.5 3.75 -29.7994
60.0 0.0 -7.5 3.75 0.3019999999999996
60.0 2.5 -7.5 3.75 201933564.7453
60.0 5.0 -7.5 3.75 10000000169.9668
60.0 7.5 -7.5 3.75 10000000011.7919
60.0 10.0 -7.5 3.75 9999999933.7469
60.0 -5.0 -5.0 3.75 26.097
60.0 -2.5 -5.0 3.75 5069.4853
60.0 0.0 -5.0 3.75 1128924305.3858
60.0 2.5 -5.0 3.75 739439293.3044
60.0 5.0 -5.0 3.75 9999999955.658602
60.0 7.5 -5.0 3.75 10000000012.532701
60.0 10.0 -5.0 3.75 9999999990.004702
60.0 -5.0 -2.5 3.75 7325.0017
60.0 -2.5 -2.5 3.75 1554319.2831
60.0 0.0 -2.5 3.75 10000000034.481
60.0 2.5 -2.5 3.75 20231287.2193
60.0 5.0 -2.5 3.75 10000000083.7092
60.0 7.5 -2.5 3.75 10000000080.166
60.0 10.0 -2.5 3.75 10000000059.472101
60.0 -5.0 0.0 3.75 92.2909
60.0 -2.5 0.0 3.75 10000000019.544601
60.0 0.0 0.0 3.75 10000000034.8264
60.0 2.5 0.0 3.75 10000000115.8143
60.0 5.0 0.0 3.75 9999999832.5319
60.0 7.5 0.0 3.75 9999999976.364302
60.0 10.0 0.0 3.75 9999999991.4493
60.0 -5.0 2.5 3.75 48.7682
60.0 -2.5 2.5 3.75 28286.4408
60.0 0.0 2.5 3.75 4644972106.5796
60.0 2.5 2.5 3.75 10000000158.938301
60.0 5.0 2.5 3.75 9999999872.9493
60.0 7.5 2.5 3.75 9999999917.310202
60.0 10.0 2.5 3.75 10000000284.3659
60.0 -5.0 5.0 3.75 64.9196
60.0 -2.5 5.0 3.75 51725.2068
60.0 0.0 5.0 3.75 357642767.34290004
60.0 2.5 5.0 3.75 3878568528.5645003
60.0 5.0 5.0 3.75 9999999652.94
60.0 7.5 5.0 3.75 10000000184.4283
60.0 10.0 5.0 3.75 10000000072.7233
60.0 0.0 -2.5 6.25 10000000021.0435
60.0 0.0 2.5 6.25 10000000118.7187
60.0 5.0 -7.5 7.5 2159965.5711000003
60.0 0.0 -5.0 7.5 982359.4587
60.0 0.0 -2.5 7.5 1038616249.7226
60.0 -2.5 0.0 7.5 4823975.9677
60.0 0.0 0.0 7.5 6405707570.028399
60.0 -2.5 2.5 7.5 7155563.2005
60.0 0.0 2.5 7.5 8302262037.2999
60.0 0.0 -7.5 8.75 -6.9319
60.0 0.0 -5.0 8.75 10000000036.437
60.0 2.5 -5.0 8.75 9999999995.0522
60.0 0.0 -2.5 8.75 374830718.8977
60.0 -2.5 0.0 8.75 9995966.444500001
60.0 0.0 0.0 8.75 3714996705.8141
60.0 -2.5 2.5 8.75 133279591.193
60.0 0.0 2.5 8.75 6849406.450300001
60.0 2.5 2.5 8.75 3178803776.2202
60.0 -5.0 5.0 8.75 21.7548
60.0 -2.5 5.0 8.75 46592577.376600005
60.0 0.0 5.0 8.75 9999999894.271101
60.0 0.0 -10.0 10.0 -12.7842
60.0 0.0 -7.5 10.0 23.3291
60.0 2.5 -7.5 10.0 -26.012
60.0 5.0 -7.5 10.0 132445.4826
60.0 0.0 -5.0 10.0 331971477.87909997
60.0 2.5 -5.0 10.0 186123708.2008
60.0 0.0 -2.5 10.0 54107794.3185
60.0 -2.5 0.0 10.0 343135.1641
60.0 0.0 0.0 10.0 12698924.1869
60.0 -5.0 2.5 10.0 7656.6501
60.0 -2.5 2.5 10.0 119877401.4978
60.0 0.0 2.5 10.0 9999999971.443401
60.0 2.5 2.5 10.0 63877776.7524
60.0 -2.5 5.0 10.0 988040804.3828
60.0 0.0 5.0 10.0 2289304271.8162003
60.0 2.5 5.0 10.0 1361838845.0943
60.0 0.0 -10.0 11.25 -13.3417
60.0 7.5 -10.0 11.25 -79.63499999999999
60.0 10.0 -10.0 11.25 -69.7118
60.0 -2.5 -7.5 11.25 -5.6005
60.0 0.0 -7.5 11.25 -14.261400000000002
60.0 2.5 -7.5 11.25 -38.0783
60.0 5.0 -7.5 11.25 189.3727
60.0 7.5 -7.5 11.25 901962173.4246
60.0 10.0 -7.5 11.25 570762.166
60.0 0.0 -5.0 11.25 3937.4734
60.0 2.5 -5.0 11.25 26724.5887
60.0 0.0 -2.5 11.25 35721.9223
60.0 -2.5 0.0 11.25 143980.3691
60.0 0.0 0.0 11.25 92426.6586
60.0 2.5 0.0 11.25 27676569.013
60.0 -5.0 2.5 11.25 240959.5947
60.0 -2.5 2.5 11.25 38003915.265599996
60.0 0.0 2.5 11.25 98141951.3559
60.0 2.5 2.5 11.25 2535198.5252
60.0 -5.0 5.0 11.25 558.7272
60.0 -2.5 5.0 11.25 266640296.2572
60.0 0.0 5.0 11.25 9999999973.304
60.0 2.5 5.0 11.25 10000000001.1872
60.0 5.0 5.0 11.25 9999999938.382101
60.0 0.0 -10.0 12.5 -12.8151
60.0 2.5 -10.0 12.5 -30.119400000000002
60.0 5.0 -10.0 12.5 -60.035399999999996
60.0 7.5 -10.0 12.5 -84.3714
60.0 10.0 -10.0 12.5 -70.4535
60.0 -2.5 -7.5 12.5 -5.0949
60.0 0.0 -7.5 12.5 -17.2051
60.0 2.5 -7.5 12.5 -40.1723
60.0 5.0 -7.5 12.5 -87.44300000000001
60.0 7.5 -7.5 12.5 2013877803.9798
60.0 10.0 -7.5 12.5 5999.531800000001
60.0 -5.0 -5.0 12.5 -0.5583
60.0 -2.5 -5.0 12.5 -3.7213
60.0 0.0 -5.0 12.5 27.8677
60.0 2.5 -5.0 12.5 136.803
60.0 -2.5 -2.5 12.5 -1.2591
60.0 0.0 -2.5 12.5 165.3756
60.0 5.0 -2.5 12.5 9029.5414
60.0 -5.0 0.0 12.5 217.5977
60.0 -2.5 0.0 12.5 589909192.5991
60.0 0.0 0.0 12.5 534.7931
60.0 2.5 0.0 12.5 1866308052.3683
60.0 -5.0 2.5 12.5 25786.696099999997
60.0 -2.5 2.5 12.5 22545657.1602
60.0 0.0 2.5 12.5 4863100.7984
60.0 2.5 2.5 12.5 9999999966.397001
60.0 -5.0 5.0 12.5 573.8507999999999
60.0 -2.5 5.0 12.5 344708991.00589997
60.0 0.0 5.0 12.5 10000000000.8908
60.0 2.5 5.0 12.5 9999999908.6723
60.0 5.0 5.0 12.5 10000000048.941
60.0 -2.5 -10.0 13.75 -3.1642
60.0 0.0 -10.0 13.75 -10.8902
60.0 2.5 -10.0 13.75 -27.587999999999997
60.0 5.0 -10.0 13.75 -53.9578
60.0 7.5 -10.0 13.75 -77.2327
60.0 10.0 -10.0 13.75 -61.7782
60.0 -2.5 -7.5 13.75 -4.2425
60.0 0.0 -7.5 13.75 -14.1382
60.0 2.5 -7.5 13.75 -36.2498
60.0 5.0 -7.5 13.75 -77.2071
60.0 7.5 -7.5 13.75 748.6112999999999
60.0 10.0 -7.5 13.75 -89.23039999999999
60.0 -5.0 -5.0 13.75 -0.8030999999999999
60.0 -2.5 -5.0 13.75 -3.2434
60.0 0.0 -5.0 13.75 -14.7368
60.0 2.5 -5.0 13.75 -35.3969
60.0 5.0 -5.0 13.75 -68.728
60.0 7.5 -5.0 13.75 -83.7507
60.0 10.0 -5.0 13.75 1047.0781
60.0 -5.0 -2.5 13.75 0.10640000000000005
60.0 -2.5 -2.5 13.75 -1.8554
60.0 0.0 -2.5 13.75 -12.2446
60.0 2.5 -2.5 13.75 27.7955
60.0 5.0 -2.5 13.75 6644913.6873
60.0 7.5 -2.5 13.75 318.83849999999995
60.0 -5.0 0.0 13.75 3.8608000000000002
60.0 -2.5 0.0 13.75 48.3494
60.0 0.0 0.0 13.75 2897.9954000000002
60.0 2.5 0.0 13.75 4648796.6246
60.0 5.0 0.0 13.75 10334007.2456
60.0 -5.0 2.5 13.75 3120.0712
60.0 -2.5 2.5 13.75 2547325.2981
60.0 0.0 2.5 13.75 136966117.04029998
60.0 2.5 2.5 13.75 9999999987.224401
60.0 -5.0 5.0 13.75 134.99120000000002
60.0 -2.5 5.0 13.75 575517.3935
60.0 0.0 5.0 13.75 101508743.3825
60.0 2.5 5.0 13.75 9999999993.632101
60.0 5.0 5.0 13.75 9999999782.479101
60.0 -5.0 -10.0 15.0 -0.5772
60.0 -2.5 -10.0 15.0 -2.1809000000000003
60.0 0.0 -10.0 15.0 -8.529399999999999
60.0 2.5 -10.0 15.0 -22.575999999999997
60.0 5.0 -10.0 15.0 -42.9841
60.0 7.5 -10.0 15.0 -58.1065
60.0 10.0 -10.0 15.0 -49.029399999999995
60.0 -5.0 -7.5 15.0 -0.8351999999999999
60.0 -2.5 -7.5 15.0 -3.2794
60.0 0.0 -7.5 15.0 -11.120899999999999
60.0 2.5 -7.5 15.0 -29.7719
60.0 5.0 -7.5 15.0 -58.2378
60.0 7.5 -7.5 15.0 -85.41059999999999
60.0 10.0 -7.5 15.0 -70.31490000000001
60.0 -5.0 -5.0 15.0 -0.9336
60.0 -2.5 -5.0 15.0 -2.5128000000000004
60.0 0.0 -5.0 15.0 -11.346400000000001
60.0 2.5 -5.0 15.0 -28.1963
60.0 5.0 -5.0 15.0 -53.4456
60.0 7.5 -5.0 15.0 -71.71950000000001
60.0 10.0 -5.0 15.0 -57.2892
60.0 -5.0 -2.5 15.0 -0.4355
60.0 -2.5 -2.5 15.0 -1.6796
60.0 0.0 -2.5 15.0 -7.6861
60.0 2.5 -2.5 15.0 -4.187700000000001
60.0 5.0 -2.5 15.0 16795.7341
60.0 7.5 -2.5 15.0 301.3577
60.0 10.0 -2.5 15.0 1828.5638000000001
60.0 -5.0 0.0 15.0 -0.6593000000000001
60.0 -2.5 0.0 15.0 -2.1829
60.0 0.0 0.0 15.0 10.2453
60.0 2.5 0.0 15.0 25531.7139
60.0 5.0 0.0 15.0 503780.4642
60.0 7.5 0.0 15.0 419896.1333
60.0 10.0 0.0 15.0 57814175.5317
60.0 -5.0 2.5 15.0 13.2606
60.0 -2.5 2.5 15.0 180.06320000000002
60.0 0.0 2.5 15.0 519940.62529999996
60.0 2.5 2.5 15.0 16248176.4441
60.0 5.0 2.5 15.0 623950.0865
60.0 7.5 2.5 15.0 10000000052.4027
60.0 10.0 2.5 15.0 2255521.1251
60.0 -5.0 5.0 15.0 4.0661
60.0 -2.5 5.0 15.0 251.6176
60.0 0.0 5.0 15.0 380783.97410000005
60.0 2.5 5.0 15.0 3416110.324
60.0 5.0 5.0 15.0 89190292.53670001
60.0 -5.0 -10.0 16.25 -0.361
60.0 -2.5 -10.0 16.25 -1.4384000000000001
60.0 0.0 -10.0 16.25 -5.862
60.0 2.5 -10.0 16.25 -16.7899
60.0 5.0 -10.0 16.25 -31.497300000000003
60.0 7.5 -10.0 16.25 -41.5894
60.0 10.0 -10.0 16.25 -36.522999999999996
60.0 -5.0 -7.5 16.25 -0.8779
60.0 -2.5 -7.5 16.25 -2.2638
60.0 0.0 -7.5 16.25 -8.1113
60.0 2.5 -7.5 16.25 -22.2434
60.0 5.0 -7.5 16.25 -41.916399999999996
60.0 7.5 -7.5 16.25 -56.0394
60.0 10.0 -7.5 16.25 -48.3125
60.0 -5.0 -5.0 16.25 -0.7335
60.0 -2.5 -5.0 16.25 -2.0899
60.0 0.0 -5.0 16.25 -7.592099999999999
60.0 2.5 -5.0 16.25 -21.032799999999998
60.0 5.0 -5.0 16.25 -39.1214
60.0 7.5 -5.0 16.25 -51.806200000000004
60.0 10.0 -5.0 16.25 -40.7709
60.0 -5.0 -2.5 16.25 -0.6886
60.0 -2.5 -2.5 16.25 -1.3329
60.0 0.0 -2.5 16.25 -4.8762
60.0 2.5 -2.5 16.25 -11.3891
60.0 5.0 -2.5 16.25 -22.038899999999998
60.0 7.5 -2.5 16.25 111.94990000000001
60.0 10.0 -2.5 16.25 4303587.3155
60.0 -5.0 0.0 16.25 -0.7493000000000001
60.0 -2.5 0.0 16.25 -1.9102000000000001
60.0 0.0 0.0 16.25 -3.984
60.0 2.5 0.0 16.25 425.34049999999996
60.0 5.0 0.0 16.25 854.9179
60.0 7.5 0.0 16.25 2162554.2894
60.0 10.0 0.0 16.25 10000000018.5352
60.0 -5.0 2.5 16.25 -1.2887
60.0 -2.5 2.5 16.25 -3.1287000000000003
60.0 0.0 2.5 16.25 122.0046
60.0 2.5 2.5 16.25 692.3334
60.0 5.0 2.5 16.25 136005.34730000002
60.0 7.5 2.5 16.25 9122.6604
60.0 10.0 2.5 16.25 22850031.9306
60.0 -5.0 5.0 16.25 -1.5646
60.0 -2.5 5.0 16.25 -4.0474
60.0 0.0 5.0 16.25 73.4133
60.0 2.5 5.0 16.25 48208839.0169
60.0 5.0 5.0 16.25 1216740.3269
60.0 7.5 5.0 16.25 150761.2159
60.0 10.0 5.0 16.25 170.65800000000002
120.0 -5.0 -10.0 3.75 4.7954
120.0 -2.5 -10.0 3.75 6.4119
120.0 0.0 -10.0 3.75 14.2035
120.0 2.5 -10.0 3.75 10000000694.111
120.0 5.0 -10.0 3.75 8191762.9833
120.0 7.5 -10.0 3.75 687898459.0095
120.0 10.0 -10.0 3.75 10000000056.869701
120.0 -5.0 -7.5 3.75 7.1985
120.0 -2.5 -7.5 3.75 11.6729
120.0 0.0 -7.5 3.75 44.001
120.0 2.5 -7.5 3.75 24954770.9352
120.0 5.0 -7.5 3.75 7549377403.3184
120.0 7.5 -7.5 3.75 10000000024.2367
120.0 10.0 -7.5 3.75 9999999899.550201
120.0 -5.0 -5.0 3.75 4.1924
120.0 -2.5 -5.0 3.75 1940537.7449
120.0 0.0 -5.0 3.75 9999999985.3381
120.0 2.5 -5.0 3.75 10000000078.713701
120.0 5.0 -5.0 3.75 9999999939.277102
120.0 7.5 -5.0 3.75 10000000047.736
120.0 10.0 -5.0 3.75 9999999837.2042
120.0 -5.0 -2.5 3.75 1.9371
120.0 -2.5 -2.5 3.75 1782376.1335999998
120.0 0.0 -2.5 3.75 949461.3498
120.0 2.5 -2.5 3.75 4530964709.2191
120.0 5.0 -2.5 3.75 9999999999.5202
120.0 7.5 -2.5 3.75 10000000079.9535
120.0 10.0 -2.5 3.75 10000000061.9118
120.0 -5.0 0.0 3.75 214.6179
120.0 -2.5 0.0 3.75 333.787
120.0 0.0 0.0 3.75 98922841.9421
120.0 2.5 0.0 3.75 6321612179.1655
120.0 5.0 0.0 3.75 9999999858.3369
120.0 7.5 0.0 3.75 10000000090.125801
120.0 10.0 0.0 3.75 10000000167.853102
120.0 -5.0 2.5 3.75 1.0745
120.0 -2.5 2.5 3.75 5552.2332
120.0 0.0 2.5 3.75 91515.883
120.0 2.5 2.5 3.75 9999999957.7189
120.0 5.0 2.5 3.75 10000000401.9043
120.0 7.5 2.5 3.75 10000000161.1221
120.0 10.0 2.5 3.75 10000000020.0158
120.0 -5.0 5.0 3.75 116.9894
120.0 -2.5 5.0 3.75 400805562.3215
120.0 0.0 5.0 3.75 2443557398.2701
120.0 2.5 5.0 3.75 3882306950.3366
120.0 5.0 5.0 3.75 10000000045.592201
120.0 7.5 5.0 3.75 10000000084.611301
120.0 10.0 5.0 3.75 10000000543.710701
120.0 -2.5 0.0 5.0 -6.751399999999999
120.0 -2.5 2.5 5.0 299839178.6296
120.0 0.0 -2.5 6.25 851.2722
120.0 -2.5 0.0 6.25 -17.2709
120.0 -2.5 2.5 6.25 25383.0069
120.0 -2.5 5.0 6.25 17338275.851200003
120.0 0.0 -7.5 7.5 -13.0992
120.0 -2.5 -5.0 7.5 -8.2326
120.0 0.0 -5.0 7.5 188.9556
120.0 -2.5 -2.5 7.5 -18.8291
120.0 0.0 -2.5 7.5 73309.3601
120.0 -2.5 0.0 7.5 -26.144199999999998
120.0 -2.5 2.5 7.5 43504.1643
120.0 0.0 2.5 7.5 456246.3924
120.0 -2.5 5.0 7.5 291204473.5706
120.0 0.0 -7.5 8.75 -13.3083
120.0 -2.5 -5.0 8.75 -9.7714
120.0 0.0 -5.0 8.75 420.5758
120.0 2.5 -5.0 8.75 10000000090.923302
120.0 -2.5 -2.5 8.75 -17.7056
120.0 0.0 -2.5 8.75 30687.4176
120.0 -2.5 0.0 8.75 1054.6617
120.0 0.0 0.0 8.75 63977863.7505
120.0 -2.5 2.5 8.75 345014.3373
120.0 0.0 2.5 8.75 233445935.2082
120.0 -5.0 5.0 8.75 344874050.2998
120.0 -2.5 5.0 8.75 20660508.7486
120.0 0.0 -7.5 10.0 -11.2781
120.0 2.5 -7.5 10.0 15.744499999999999
120.0 -2.5 -5.0 10.0 -8.714
120.0 0.0 -5.0 10.0 6426.566699999999
120.0 2.5 -5.0 10.0 10000000046.534601
120.0 -2.5 -2.5 10.0 10.1447
120.0 0.0 -2.5 10.0 547308817.9193001
120.0 -2.5 0.0 10.0 9999999930.3395
120.0 0.0 0.0 10.0 18076708.2455
120.0 -2.5 2.5 10.0 1357338501.8193002
120.0 0.0 2.5 10.0 78870744.78050001
120.0 2.5 2.5 10.0 9999999841.513102
120.0 -5.0 5.0 10.0 627.7442
120.0 -2.5 5.0 10.0 755132.3832
120.0 0.0 5.0 10.0 764497359.2242
120.0 0.0 -10.0 11.25 -4.2526
120.0 2.5 -10.0 11.25 -5.0159
120.0 5.0 -10.0 11.25 212.56889999999999
120.0 7.5 -10.0 11.25 13360911.3084
120.0 0.0 -7.5 11.25 -7.032100000000001
120.0 2.5 -7.5 11.25 -11.0643
120.0 5.0 -7.5 11.25 431.2564
120.0 -2.5 -5.0 11.25 -6.8294
120.0 0.0 -5.0 11.25 245.30980000000002
120.0 2.5 -5.0 11.25 252708986.3396
120.0 -5.0 -2.5 11.25 -5.490600000000001
120.0 -2.5 -2.5 11.25 163.49349999999998
120.0 0.0 -2.5 11.25 133248308.98910001
120.0 -5.0 0.0 11.25 -1.7857000000000003
120.0 -2.5 0.0 11.25 25997.0673
120.0 0.0 0.0 11.25 5281096.3675
120.0 2.5 0.0 11.25 1429477296.8611999
120.0 5.0 0.0 11.25 57595881.0312
120.0 -5.0 2.5 11.25 -2.6486
120.0 -2.5 2.5 11.25 11348965.0204
120.0 0.0 2.5 11.25 9999999945.218601
120.0 2.5 2.5 11.25 442305801.1941
120.0 -5.0 5.0 11.25 -15.7883
120.0 -2.5 5.0 11.25 331976.9704
120.0 0.0 5.0 11.25 217247565.9135
120.0 2.5 5.0 11.25 802756266.0228
120.0 -5.0 -10.0 12.5 -0.38580000000000003
120.0 0.0 -10.0 12.5 -1.5672000000000001
120.0 2.5 -10.0 12.5 -1.4708
120.0 5.0 -10.0 12.5 0.241
120.0 7.5 -10.0 12.5 1468.0719
120.0 10.0 -10.0 12.5 -17.9331
120.0 -2.5 -7.5 12.5 -1.9994
120.0 0.0 -7.5 12.5 -3.3322000000000003
120.0 2.5 -7.5 12.5 -1.5564000000000002
120.0 5.0 -7.5 12.5 43.7799
120.0 -2.5 -5.0 12.5 -5.2445
120.0 0.0 -5.0 12.5 513.0236000000001
120.0 2.5 -5.0 12.5 1690.3745999999999
120.0 -5.0 -2.5 12.5 -4.8987
120.0 -2.5 -2.5 12.5 1077.6965
120.0 0.0 -2.5 12.5 335948244.39979994
120.0 -5.0 0.0 12.5 22.052599999999998
120.0 -2.5 0.0 12.5 657346.6139
120.0 0.0 0.0 12.5 6571233069.492399
120.0 2.5 0.0 12.5 13645810.0893
120.0 5.0 0.0 12.5 165904646.3363
120.0 -5.0 2.5 12.5 26.9717
120.0 -2.5 2.5 12.5 10000000010.225801
120.0 0.0 2.5 12.5 9999999963.8272
120.0 2.5 2.5 12.5 5198770519.2472
120.0 5.0 2.5 12.5 12303067.9538
120.0 -5.0 5.0 12.5 -15.8715
120.0 -2.5 5.0 12.5 10000000132.2236
120.0 0.0 5.0 12.5 32719240.1687
120.0 2.5 5.0 12.5 3399832070.5681996
120.0 5.0 5.0 12.5 9999999910.752
120.0 7.5 5.0 12.5 568069415.6903
120.0 -5.0 -10.0 13.75 -0.26180000000000003
120.0 -2.5 -10.0 13.75 -0.5024000000000001
120.0 0.0 -10.0 13.75 -0.2126
120.0 2.5 -10.0 13.75 1.0903999999999998
120.0 5.0 -10.0 13.75 0.3944000000000001
120.0 7.5 -10.0 13.75 -6.1217999999999995
120.0 10.0 -10.0 13.75 -14.466000000000001
120.0 -2.5 -7.5 13.75 -1.0507
120.0 0.0 -7.5 13.75 -0.7019000000000001
120.0 2.5 -7.5 13.75 2.9621999999999997
120.0 5.0 -7.5 13.75 0.6236999999999999
120.0 7.5 -7.5 13.75 122.2689
120.0 10.0 -7.5 13.75 -27.6862
120.0 -5.0 -5.0 13.75 -1.2
120.0 -2.5 -5.0 13.75 -3.8265000000000002
120.0 0.0 -5.0 13.75 -0.8695000000000004
120.0 2.5 -5.0 13.75 -2.6946999999999997
120.0 -5.0 -2.5 13.75 -3.4064
120.0 -2.5 -2.5 13.75 -2.4265
120.0 0.0 -2.5 13.75 3111031.4373999997
120.0 2.5 -2.5 13.75 217.3688
120.0 -5.0 0.0 13.75 -5.5854
120.0 -2.5 0.0 13.75 3514.9807
120.0 0.0 0.0 13.75 789558.1214000001
120.0 2.5 0.0 13.75 9014012.2545
120.0 -5.0 2.5 13.75 15.6706
120.0 -2.5 2.5 13.75 10000000008.8637
120.0 0.0 2.5 13.75 278460215.3375
120.0 2.5 2.5 13.75 9999999945.805
120.0 5.0 2.5 13.75 19088313.0645
120.0 7.5 2.5 13.75 76181034.7834
120.0 -5.0 5.0 13.75 -14.864899999999999
120.0 -2.5 5.0 13.75 12000499.7809
120.0 0.0 5.0 13.75 29705.463
120.0 2.5 5.0 13.75 253481556.4924
120.0 5.0 5.0 13.75 19725766.619999997
120.0 7.5 5.0 13.75 10000000046.2148
120.0 -5.0 -10.0 15.0 -0.019799999999999998
120.0 -2.5 -10.0 15.0 0.06939999999999999
120.0 0.0 -10.0 15.0 0.638
120.0 2.5 -10.0 15.0 1.9987000000000001
120.0 5.0 -10.0 15.0 2.3116000000000003
120.0 7.5 -10.0 15.0 -2.3693
120.0 10.0 -10.0 15.0 -11.190199999999999
120.0 -5.0 -7.5 15.0 -0.0951
120.0 -2.5 -7.5 15.0 -0.5226999999999999
120.0 0.0 -7.5 15.0 0.8115999999999999
120.0 2.5 -7.5 15.0 2.9145999999999996
120.0 5.0 -7.5 15.0 2.2677
120.0 7.5 -7.5 15.0 14.5227
120.0 10.0 -7.5 15.0 -23.716900000000003
120.0 -5.0 -5.0 15.0 -0.6435
120.0 -2.5 -5.0 15.0 -1.9417
120.0 0.0 -5.0 15.0 -2.7012
120.0 2.5 -5.0 15.0 -4.3233
120.0 5.0 -5.0 15.0 400.1101
120.0 7.5 -5.0 15.0 163347960.1916
120.0 10.0 -5.0 15.0 3778.0000999999997
120.0 -5.0 -2.5 15.0 -1.9125
120.0 -2.5 -2.5 15.0 -6.176500000000001
120.0 0.0 -2.5 15.0 129.6546
120.0 2.5 -2.5 15.0 30.893700000000003
120.0 5.0 -2.5 15.0 14120.8012
120.0 7.5 -2.5 15.0 802350.9136999999
120.0 10.0 -2.5 15.0 1396310.6961
120.0 -5.0 0.0 15.0 -4.4774
120.0 -2.5 0.0 15.0 621.6379
120.0 0.0 0.0 15.0 1630.8636
120.0 2.5 0.0 15.0 7663.5967
120.0 5.0 0.0 15.0 440553265.166
120.0 10.0 0.0 15.0 170179.2742
120.0 -5.0 2.5 15.0 -3.2485999999999997
120.0 -2.5 2.5 15.0 1406440.202
120.0 0.0 2.5 15.0 6154.5336
120.0 2.5 2.5 15.0 868551.9429
120.0 5.0 2.5 15.0 13410.951200000001
120.0 7.5 2.5 15.0 30450.052099999997
120.0 10.0 2.5 15.0 10000000009.3528
120.0 -5.0 5.0 15.0 -11.3903
120.0 -2.5 5.0 15.0 41832982.335599996
120.0 0.0 5.0 15.0 805.5863999999999
120.0 2.5 5.0 15.0 641868836.0045
120.0 5.0 5.0 15.0 4750259.3959
120.0 7.5 5.0 15.0 3294776.8894
120.0 10.0 5.0 15.0 197768027.619
120.0 -5.0 -10.0 16.25 0.0304
120.0 -2.5 -10.0 16.25 0.0925
120.0 0.0 -10.0 16.25 0.6857
120.0 2.5 -10.0 16.25 2.2004
120.0 5.0 -10.0 16.25 2.7316
120.0 7.5 -10.0 16.25 -0.04300000000000004
120.0 10.0 -10.0 16.25 -7.5664
120.0 -5.0 -7.5 16.25 -0.0376
120.0 -2.5 -7.5 16.25 -0.1738
120.0 0.0 -7.5 16.25 0.9473999999999999
120.0 2.5 -7.5 16.25 3.2598
120.0 5.0 -7.5 16.25 3.303
120.0 7.5 -7.5 16.25 -2.51
120.0 10.0 -7.5 16.25 -18.3825
120.0 -5.0 -5.0 16.25 -0.167
120.0 -2.5 -5.0 16.25 -0.6565
120.0 0.0 -5.0 16.25 -0.316
120.0 2.5 -5.0 16.25 1.0072999999999999
120.0 5.0 -5.0 16.25 9.6213
120.0 7.5 -5.0 16.25 392311.4197
120.0 10.0 -5.0 16.25 -26.8068
120.0 -5.0 -2.5 16.25 -0.7046
120.0 -2.5 -2.5 16.25 -2.6874000000000002
120.0 0.0 -2.5 16.25 -2.7637
120.0 2.5 -2.5 16.25 -0.007200000000000095
120.0 5.0 -2.5 16.25 279.9089
120.0 7.5 -2.5 16.25 846.8098
120.0 10.0 -2.5 16.25 117878.43089999999
120.0 -5.0 0.0 16.25 -1.6717
120.0 -2.5 0.0 16.25 -2.9172
120.0 0.0 0.0 16.25 -4.3004
120.0 2.5 0.0 16.25 744.8472
120.0 5.0 0.0 16.25 10000000134.818901
120.0 7.5 0.0 16.25 1504606.9502
120.0 10.0 0.0 16.25 9999999986.2984
120.0 -5.0 2.5 16.25 -4.1169
120.0 -2.5 2.5 16.25 24452.411
120.0 0.0 2.5 16.25 9.1181
120.0 2.5 2.5 16.25 252.54270000000002
120.0 5.0 2.5 16.25 338.37199999999996
120.0 7.5 2.5 16.25 291182.5256
120.0 10.0 2.5 16.25 4781618.2195
120.0 -5.0 5.0 16.25 -5.9309
120.0 -2.5 5.0 16.25 543.6051000000001
120.0 0.0 5.0 16.25 1.870099999999999
120.0 2.5 5.0 16.25 2098459.434
120.0 5.0 5.0 16.25 280510.9103
120.0 7.5 5.0 16.25 19551.3732
120.0 10.0 5.0 16.25 2268.7149
180.0 -5.0 -10.0 3.75 -5.438899999999999
180.0 -2.5 -10.0 3.75 -11.4152
180.0 0.0 -10.0 3.75 398.0212
180.0 2.5 -10.0 3.75 6975698.2927
180.0 5.0 -10.0 3.75 4769677.8527
180.0 7.5 -10.0 3.75 10000000043.093601
180.0 10.0 -10.0 3.75 9999999939.898901
180.0 -5.0 -7.5 3.75 -9.606300000000001
180.0 -2.5 -7.5 3.75 -16.5527
180.0 0.0 -7.5 3.75 278198.57279999997
180.0 2.5 -7.5 3.75 9999999994.2523
180.0 5.0 -7.5 3.75 8621802406.0725
180.0 7.5 -7.5 3.75 679608544.4877
180.0 10.0 -7.5 3.75 9999999937.0655
180.0 -5.0 -5.0 3.75 -11.827200000000001
180.0 -2.5 -5.0 3.75 75.3759
180.0 0.0 -5.0 3.75 333017.4106
180.0 2.5 -5.0 3.75 23174908.7095
180.0 5.0 -5.0 3.75 9999999847.3927
180.0 7.5 -5.0 3.75 561231358.276
180.0 10.0 -5.0 3.75 10000000108.261002
180.0 -5.0 -2.5 3.75 10.2057
180.0 -2.5 -2.5 3.75 6526.5235
180.0 0.0 -2.5 3.75 1565105.1188
180.0 2.5 -2.5 3.75 9999999949.8017
180.0 5.0 -2.5 3.75 9999999853.5832
180.0 7.5 -2.5 3.75 9457199200.323
180.0 10.0 -2.5 3.75 10000000089.138601
180.0 -5.0 0.0 3.75 4468.3247
180.0 -2.5 0.0 3.75 10000000019.131102
180.0 0.0 0.0 3.75 45303052.208500005
180.0 2.5 0.0 3.75 9999999955.191801
180.0 5.0 0.0 3.75 10000000706.407501
180.0 7.5 0.0 3.75 2937737320.1299
180.0 10.0 0.0 3.75 10000000046.612902
180.0 -5.0 2.5 3.75 30476.064000000002
180.0 -2.5 2.5 3.75 10000000066.4015
180.0 0.0 2.5 3.75 10000000014.7467
180.0 2.5 2.5 3.75 9999999906.6212
180.0 5.0 2.5 3.75 10000000231.0904
180.0 7.5 2.5 3.75 10000000146.9139
180.0 10.0 2.5 3.75 10000000145.5102
180.0 -5.0 5.0 3.75 94.4893
180.0 -2.5 5.0 3.75 25534061.9752
180.0 0.0 5.0 3.75 9999999645.7639
180.0 2.5 5.0 3.75 10000000036.3712
180.0 5.0 5.0 3.75 9999999969.3682
180.0 7.5 5.0 3.75 9999999804.8383
180.0 10.0 5.0 3.75 9999999803.194801
180.0 -2.5 2.5 5.0 10000000011.265701
180.0 -2.5 -2.5 6.25 249419750.7285
180.0 -2.5 0.0 6.25 10000000059.6699
180.0 -2.5 -2.5 7.5 107211.7644
180.0 -2.5 0.0 7.5 1285520424.8282
180.0 -2.5 2.5 7.5 9999999941.0321
180.0 0.0 2.5 7.5 9999999935.776402
180.0 2.5 2.5 7.5 10000000309.233301
180.0 2.5 -10.0 8.75 -56.741499999999995
180.0 -2.5 -7.5 8.75 -25.5914
180.0 2.5 -7.5 8.75 -78.81729999999999
180.0 5.0 -7.5 8.75 2233530.0177
180.0 -5.0 -5.0 8.75 -10.1609
180.0 -2.5 -5.0 8.75 -31.1548
180.0 -5.0 -2.5 8.75 719.2831
180.0 -2.5 -2.5 8.75 23814.2774
180.0 0.0 -2.5 8.75 464149.1546
180.0 -5.0 0.0 8.75 561.3775999999999
180.0 -2.5 0.0 8.75 51583626.0141
180.0 0.0 0.0 8.75 42117185.3919
180.0 -5.0 2.5 8.75 14412.5501
180.0 -2.5 2.5 8.75 10000000275.245901
180.0 0.0 2.5 8.75 19454129.3514
180.0 2.5 2.5 8.75 10000000149.753
180.0 0.0 5.0 8.75 9999999825.4792
180.0 2.5 5.0 8.75 9999999863.173801
180.0 2.5 -10.0 10.0 -45.256299999999996
180.0 -2.5 -7.5 10.0 -23.2716
180.0 0.0 -7.5 10.0 -48.6473
180.0 2.5 -7.5 10.0 -71.95030000000001
180.0 5.0 -7.5 10.0 5152204.6318
180.0 -5.0 -5.0 10.0 -9.6033
180.0 -2.5 -5.0 10.0 -30.6124
180.0 0.0 -5.0 10.0 419.3864
180.0 -5.0 -2.5 10.0 -0.1651000000000007
180.0 -2.5 -2.5 10.0 48.75749999999999
180.0 0.0 -2.5 10.0 4783.0542
180.0 -5.0 0.0 10.0 151.3454
180.0 -2.5 0.0 10.0 113437.0929
180.0 0.0 0.0 10.0 1311175.7036
180.0 -5.0 2.5 10.0 48394283.7717
180.0 -2.5 2.5 10.0 4480057537.9926
180.0 0.0 2.5 10.0 220811.8975
180.0 2.5 2.5 10.0 9999999936.6853
180.0 -2.5 5.0 10.0 9999999956.4895
180.0 0.0 5.0 10.0 9999999919.8934
180.0 2.5 5.0 10.0 7217618289.7581
180.0 5.0 5.0 10.0 1245385134.704
180.0 -2.5 -10.0 11.25 -11.992099999999999
180.0 2.5 -10.0 11.25 -35.251799999999996
180.0 5.0 -10.0 11.25 157.6133
180.0 -2.5 -7.5 11.25 -19.0124
180.0 0.0 -7.5 11.25 -39.5329
180.0 2.5 -7.5 11.25 -63.5087
180.0 5.0 -7.5 11.25 2153963.9339
180.0 -5.0 -5.0 11.25 -8.314
180.0 -2.5 -5.0 11.25 -27.025299999999998
180.0 0.0 -5.0 11.25 -56.404599999999995
180.0 -5.0 -2.5 11.25 -11.953299999999999
180.0 -2.5 -2.5 11.25 -31.4528
180.0 0.0 -2.5 11.25 35648.6927
180.0 -5.0 0.0 11.25 -4.058200000000001
180.0 -2.5 0.0 11.25 153.75310000000002
180.0 0.0 0.0 11.25 141151214.6719
180.0 -5.0 2.5 11.25 851343932.2418001
180.0 -2.5 2.5 11.25 22336553.5119
180.0 0.0 2.5 11.25 3542583.9001
180.0 2.5 2.5 11.25 9999999927.180801
180.0 -5.0 5.0 11.25 1952919.8233999999
180.0 -2.5 5.0 11.25 3367753434.4498
180.0 0.0 5.0 11.25 9999999883.0611
180.0 2.5 5.0 11.25 716193889.6899999
180.0 5.0 5.0 11.25 749110640.5587
180.0 7.5 5.0 11.25 9999999965.376501
180.0 -2.5 -10.0 12.5 -8.1017
180.0 0.0 -10.0 12.5 -17.130499999999998
180.0 2.5 -10.0 12.5 -25.2026
180.0 5.0 -10.0 12.5 -13.909500000000001
180.0 7.5 -10.0 12.5 5556839.1068
180.0 -2.5 -7.5 12.5 -13.9404
180.0 0.0 -7.5 12.5 -29.9811
180.0 2.5 -7.5 12.5 -47.719100000000005
180.0 5.0 -7.5 12.5 888.8403
180.0 -5.0 -5.0 12.5 -6.2104
180.0 -2.5 -5.0 12.5 -20.3278
180.0 0.0 -5.0 12.5 -38.4914
180.0 2.5 -5.0 12.5 -55.5149
180.0 5.0 -5.0 12.5 463.9419
180.0 -5.0 -2.5 12.5 -9.3523
180.0 -2.5 -2.5 12.5 -25.8931
180.0 0.0 -2.5 12.5 1226679.1155
180.0 2.5 -2.5 12.5 13252.3154
180.0 5.0 -2.5 12.5 9999999927.4988
180.0 -5.0 0.0 12.5 1.079600000000001
180.0 -2.5 0.0 12.5 138.2991
180.0 0.0 0.0 12.5 49370417.2052
180.0 2.5 0.0 12.5 245802432.2664
180.0 -5.0 2.5 12.5 11488594.2684
180.0 -2.5 2.5 12.5 11357822.6034
180.0 0.0 2.5 12.5 503300886.1056
180.0 2.5 2.5 12.5 113014642.1785
180.0 5.0 2.5 12.5 5389473149.9986
180.0 -5.0 5.0 12.5 1580810.8222
180.0 -2.5 5.0 12.5 9999999958.861502
180.0 0.0 5.0 12.5 742992.4419
180.0 2.5 5.0 12.5 9999999988.5828
180.0 5.0 5.0 12.5 16492367.1419
180.0 7.5 5.0 12.5 1027465300.6092999
180.0 10.0 5.0 12.5 4146261281.3401003
180.0 -5.0 -10.0 13.75 -1.1692
180.0 -2.5 -10.0 13.75 -4.8285
180.0 0.0 -10.0 13.75 -10.7073
180.0 2.5 -10.0 13.75 -15.8894
180.0 5.0 -10.0 13.75 -15.0938
180.0 7.5 -10.0 13.75 264.59000000000003
180.0 -5.0 -7.5 13.75 -2.5313999999999997
180.0 -2.5 -7.5 13.75 -9.0333
180.0 0.0 -7.5 13.75 -20.4799
180.0 2.5 -7.5 13.75 -30.7635
180.0 5.0 -7.5 13.75 -30.2489
180.0 10.0 -7.5 13.75 -23.7636
180.0 -5.0 -5.0 13.75 -4.1579
180.0 -2.5 -5.0 13.75 -13.9298
180.0 0.0 -5.0 13.75 -29.1247
180.0 2.5 -5.0 13.75 -46.461099999999995
180.0 5.0 -5.0 13.75 3255.1797
180.0 -5.0 -2.5 13.75 -6.074300000000001
180.0 -2.5 -2.5 13.75 -17.9806
180.0 0.0 -2.5 13.75 4683945.6425
180.0 2.5 -2.5 13.75 319.14619999999996
180.0 5.0 -2.5 13.75 236165080.0523
180.0 -5.0 0.0 13.75 -8.7104
180.0 -2.5 0.0 13.75 -21.2009
180.0 0.0 0.0 13.75 1031628.1226
180.0 2.5 0.0 13.75 10000000064.508501
180.0 5.0 0.0 13.75 68082357.6579
180.0 7.5 0.0 13.75 1239022656.4835
180.0 -5.0 2.5 13.75 476.9086
180.0 -2.5 2.5 13.75 21996.152899999997
180.0 0.0 2.5 13.75 71982.94989999999
180.0 2.5 2.5 13.75 266691446.659
180.0 5.0 2.5 13.75 10000000078.053501
180.0 7.5 2.5 13.75 5082124556.1942005
180.0 10.0 2.5 13.75 914326433.2858
180.0 -5.0 5.0 13.75 91482.3642
180.0 -2.5 5.0 13.75 584957.2684
180.0 0.0 5.0 13.75 9999999992.349901
180.0 2.5 5.0 13.75 10000000014.2481
180.0 5.0 5.0 13.75 10000000219.336401
180.0 7.5 5.0 13.75 20413232.1803
180.0 -5.0 -10.0 15.0 -0.2626
180.0 -2.5 -10.0 15.0 -1.9738
180.0 0.0 -10.0 15.0 -5.8768
180.0 2.5 -10.0 15.0 -8.8973
180.0 5.0 -10.0 15.0 -8.1075
180.0 7.5 -10.0 15.0 -7.1899
180.0 10.0 -10.0 15.0 -2.8744
180.0 -5.0 -7.5 15.0 -0.9912
180.0 -2.5 -7.5 15.0 -4.6834
180.0 0.0 -7.5 15.0 -11.651
180.0 2.5 -7.5 15.0 -16.457
180.0 5.0 -7.5 15.0 -16.8525
180.0 7.5 -7.5 15.0 -20.8125
180.0 10.0 -7.5 15.0 -11.3458
180.0 -5.0 -5.0 15.0 -1.9964
180.0 -2.5 -5.0 15.0 -7.6283
180.0 0.0 -5.0 15.0 -14.7458
180.0 2.5 -5.0 15.0 -20.8178
180.0 5.0 -5.0 15.0 1112.356
180.0 7.5 -5.0 15.0 17768904.5398
180.0 -5.0 -2.5 15.0 -3.4213
180.0 -2.5 -2.5 15.0 -10.376800000000001
180.0 0.0 -2.5 15.0 16208195.143000001
180.0 2.5 -2.5 15.0 21.0475
180.0 5.0 -2.5 15.0 305.727
180.0 7.5 -2.5 15.0 209365734.2024
180.0 -5.0 0.0 15.0 -5.379300000000001
180.0 -2.5 0.0 15.0 -14.5837
180.0 0.0 0.0 15.0 22445236.076
180.0 2.5 0.0 15.0 366806.0363
180.0 5.0 0.0 15.0 174120212.4219
180.0 7.5 0.0 15.0 12423462.8653
180.0 -5.0 2.5 15.0 -3.2531
180.0 -2.5 2.5 15.0 4.113399999999999
180.0 0.0 2.5 15.0 69128.01580000001
180.0 2.5 2.5 15.0 2428436.2035
180.0 5.0 2.5 15.0 9734643.469
180.0 7.5 2.5 15.0 187171288.8713
180.0 10.0 2.5 15.0 6719399580.1414
180.0 -5.0 5.0 15.0 41.167199999999994
180.0 -2.5 5.0 15.0 875.6988
180.0 0.0 5.0 15.0 4904.518
180.0 2.5 5.0 15.0 518579954.77059996
180.0 5.0 5.0 15.0 282410.96280000004
180.0 7.5 5.0 15.0 129751252.73050001
180.0 10.0 5.0 15.0 190468.6329
180.0 -5.0 -10.0 16.25 0.0876
180.0 -2.5 -10.0 16.25 -0.5114
180.0 0.0 -10.0 16.25 -2.1012000000000004
180.0 2.5 -10.0 16.25 -3.9377
180.0 5.0 -10.0 16.25 -3.4348
180.0 7.5 -10.0 16.25 -1.8274
180.0 10.0 -10.0 16.25 0.30369999999999997
180.0 -5.0 -7.5 16.25 -0.012
180.0 -2.5 -7.5 16.25 -1.5929
180.0 0.0 -7.5 16.25 -4.7941
180.0 2.5 -7.5 16.25 -5.807600000000001
180.0 5.0 -7.5 16.25 -3.8958
180.0 7.5 -7.5 16.25 -2.6498000000000004
180.0 10.0 -7.5 16.25 -0.10530000000000017
180.0 -5.0 -5.0 16.25 -0.5598
180.0 -2.5 -5.0 16.25 -2.6526
180.0 0.0 -5.0 16.25 -4.5484
180.0 2.5 -5.0 16.25 -4.421
180.0 5.0 -5.0 16.25 7.7032
180.0 7.5 -5.0 16.25 2354342.7757
180.0 10.0 -5.0 16.25 71.2501
180.0 -5.0 -2.5 16.25 -1.0983
180.0 -2.5 -2.5 16.25 -3.5959000000000003
180.0 0.0 -2.5 16.25 63.8903
180.0 2.5 -2.5 16.25 5.521100000000001
180.0 5.0 -2.5 16.25 224.7893
180.0 7.5 -2.5 16.25 614037.3898
180.0 10.0 -2.5 16.25 4217.785900000001
180.0 -5.0 0.0 16.25 -2.5281
180.0 -2.5 0.0 16.25 -5.852399999999999
180.0 0.0 0.0 16.25 6812438.0948
180.0 2.5 0.0 16.25 209.6672
180.0 5.0 0.0 16.25 952.5917999999999
180.0 7.5 0.0 16.25 9021.0072
180.0 10.0 0.0 16.25 10000000002.705101
180.0 -5.0 2.5 16.25 -4.5931999999999995
180.0 -2.5 2.5 16.25 -8.7577
180.0 0.0 2.5 16.25 90.9632
180.0 2.5 2.5 16.25 221.793
180.0 5.0 2.5 16.25 267.88370000000003
180.0 7.5 2.5 16.25 12498995.1789
180.0 10.0 2.5 16.25 10000000012.451601
180.0 -5.0 5.0 16.25 -5.237299999999999
180.0 -2.5 5.0 16.25 -7.068
180.0 0.0 5.0 16.25 1214.4196
180.0 2.5 5.0 16.25 88196.4068
180.0 5.0 5.0 16.25 105.0334
180.0 7.5 5.0 16.25 2371.7362
180.0 10.0 5.0 16.25 560579.3487
240.0 -5.0 -10.0 3.75 -3.2433
240.0 -2.5 -10.0 3.75 -7.265700000000001
240.0 0.0 -10.0 3.75 -3.0512000000000006
240.0 2.5 -10.0 3.75 80243705.0604
240.0 5.0 -10.0 3.75 3833228.4675000003
240.0 7.5 -10.0 3.75 10000000050.651001
240.0 10.0 -10.0 3.75 1709131666.7458
240.0 -5.0 -7.5 3.75 -3.6829
240.0 -2.5 -7.5 3.75 10.705200000000001
240.0 0.0 -7.5 3.75 49857.9057
240.0 2.5 -7.5 3.75 9959862.3624
240.0 5.0 -7.5 3.75 11418840.2004
240.0 7.5 -7.5 3.75 9999999998.5487
240.0 10.0 -7.5 3.75 10000000066.734901
240.0 -5.0 -5.0 3.75 -0.5574000000000001
240.0 -2.5 -5.0 3.75 32160.5712
240.0 0.0 -5.0 3.75 47870213.2467
240.0 2.5 -5.0 3.75 188504459.20319998
240.0 5.0 -5.0 3.75 10000000129.956001
240.0 7.5 -5.0 3.75 10000000023.886301
240.0 10.0 -5.0 3.75 10000000036.272701
240.0 -5.0 -2.5 3.75 21.363699999999998
240.0 -2.5 -2.5 3.75 105.8629
240.0 0.0 -2.5 3.75 1230933.1435999998
240.0 2.5 -2.5 3.75 10000000084.936
240.0 5.0 -2.5 3.75 10000000104.314901
240.0 7.5 -2.5 3.75 10000000069.5214
240.0 10.0 -2.5 3.75 10000000001.105902
240.0 -5.0 0.0 3.75 19929897.6098
240.0 -2.5 0.0 3.75 20249592.990199998
240.0 0.0 0.0 3.75 1018916039.4388
240.0 2.5 0.0 3.75 10000000114.4922
240.0 5.0 0.0 3.75 1104867739.1823
240.0 7.5 0.0 3.75 7885071316.5898
240.0 10.0 0.0 3.75 10000000020.011702
240.0 -5.0 2.5 3.75 427761229.6746
240.0 -2.5 2.5 3.75 4219769241.3237
240.0 0.0 2.5 3.75 10000000003.3446
240.0 2.5 2.5 3.75 10000000097.377401
240.0 5.0 2.5 3.75 9999999992.322401
240.0 7.5 2.5 3.75 10000000293.3901
240.0 10.0 2.5 3.75 10000000193.327002
240.0 -5.0 5.0 3.75 3507724651.5575
240.0 -2.5 5.0 3.75 9999999948.281801
240.0 0.0 5.0 3.75 4274862371.5909
240.0 2.5 5.0 3.75 10000000169.280201
240.0 5.0 5.0 3.75 9999999773.511002
240.0 7.5 5.0 3.75 1568821933.3630998
240.0 10.0 5.0 3.75 9999999894.6483
240.0 0.0 5.0 5.0 598875766.5616
240.0 2.5 -7.5 6.25 209998.3523
240.0 0.0 -2.5 6.25 26263606.9604
240.0 0.0 0.0 6.25 37667711.5998
240.0 -2.5 2.5 6.25 34940009.610199995
240.0 0.0 2.5 6.25 2244197550.0348997
240.0 0.0 5.0 6.25 10000000329.7157
240.0 2.5 -7.5 7.5 210711.82640000002
240.0 0.0 -5.0 7.5 5.784399999999999
240.0 2.5 -5.0 7.5 13021869.5692
240.0 0.0 -2.5 7.5 36634832.1929
240.0 2.5 -2.5 7.5 10000000109.1755
240.0 0.0 0.0 7.5 10000000038.532001
240.0 2.5 0.0 7.5 506525782.6383
240.0 0.0 2.5 7.5 1996658346.693
240.0 -2.5 5.0 7.5 575822313.0666
240.0 0.0 5.0 7.5 1284966994.2103
240.0 2.5 -10.0 8.75 400516.2413
240.0 2.5 -7.5 8.75 49882054.521800004
240.0 0.0 -5.0 8.75 281.805
240.0 2.5 -5.0 8.75 30360600.6394
240.0 -2.5 -2.5 8.75 24658.2239
240.0 0.0 -2.5 8.75 863707085.6666
240.0 2.5 -2.5 8.75 9004571644.4461
240.0 -5.0 0.0 8.75 996.378
240.0 -2.5 0.0 8.75 3492.9825
240.0 0.0 0.0 8.75 10000000103.407202
240.0 2.5 0.0 8.75 9350094418.1321
240.0 -2.5 2.5 8.75 64318.0326
240.0 0.0 2.5 8.75 1321713258.0138998
240.0 2.5 2.5 8.75 344085165.1236
240.0 -2.5 5.0 8.75 11939.2688
240.0 0.0 5.0 8.75 10000000053.9346
240.0 2.5 5.0 8.75 10000000127.988901
240.0 2.5 -10.0 10.0 539.742
240.0 5.0 -10.0 10.0 516689.09750000003
240.0 2.5 -7.5 10.0 23.144199999999998
240.0 -5.0 -5.0 10.0 3.8978
240.0 0.0 -5.0 10.0 3095.5477
240.0 2.5 -5.0 10.0 455.46990000000005
240.0 -5.0 -2.5 10.0 6.7151
240.0 -2.5 -2.5 10.0 7119.333699999999
240.0 0.0 -2.5 10.0 3594094072.7776
240.0 2.5 -2.5 10.0 10145957.3605
240.0 -5.0 0.0 10.0 34.4899
240.0 -2.5 0.0 10.0 17731.4864
240.0 0.0 0.0 10.0 9965490023.2694
240.0 2.5 0.0 10.0 10000000002.198502
240.0 -2.5 2.5 10.0 37214.5401
240.0 0.0 2.5 10.0 9999999820.9318
240.0 2.5 2.5 10.0 412848650.9665
240.0 5.0 2.5 10.0 10000000095.665201
240.0 -2.5 5.0 10.0 2586.1337
240.0 0.0 5.0 10.0 565251127.1131
240.0 2.5 5.0 10.0 4966444.1723
240.0 5.0 5.0 10.0 10000000038.294601
240.0 -2.5 -10.0 11.25 -3.4324
240.0 2.5 -10.0 11.25 -24.6095
240.0 5.0 -10.0 11.25 1311.9123
240.0 10.0 -10.0 11.25 8952.7248
240.0 2.5 -7.5 11.25 -32.1102
240.0 -5.0 -5.0 11.25 1.202
240.0 -2.5 -5.0 11.25 327.4326
240.0 0.0 -5.0 11.25 153.3674
240.0 2.5 -5.0 11.25 114.6683
240.0 -5.0 -2.5 11.25 4.0115
240.0 -2.5 -2.5 11.25 10418.9597
240.0 0.0 -2.5 11.25 42704295.2054
240.0 2.5 -2.5 11.25 642.8755
240.0 -5.0 0.0 11.25 2.9241000000000006
240.0 -2.5 0.0 11.25 381453.8143
240.0 0.0 0.0 11.25 182096755.01630002
240.0 2.5 0.0 11.25 951080.4295
240.0 -2.5 2.5 11.25 17208.283199999998
240.0 0.0 2.5 11.25 9999999967.8407
240.0 2.5 2.5 11.25 2736673911.0364003
240.0 5.0 2.5 11.25 10000000007.6348
240.0 -2.5 5.0 11.25 446.25789999999995
240.0 0.0 5.0 11.25 2939158084.6249003
240.0 2.5 5.0 11.25 10000000036.8255
240.0 5.0 5.0 11.25 3341740572.1709003
240.0 7.5 5.0 11.25 9999999843.0139
240.0 -2.5 -10.0 12.5 -3.0596
240.0 0.0 -10.0 12.5 -8.1615
240.0 2.5 -10.0 12.5 -19.218500000000002
240.0 5.0 -10.0 12.5 -21.9957
240.0 7.5 -10.0 12.5 -20.6084
240.0 10.0 -10.0 12.5 -59.3051
240.0 -5.0 -7.5 12.5 -0.9813000000000001
240.0 0.0 -7.5 12.5 -10.7212
240.0 2.5 -7.5 12.5 -27.628700000000002
240.0 5.0 -7.5 12.5 1096.9314000000002
240.0 7.5 -7.5 12.5 -64.4144
240.0 10.0 -7.5 12.5 3189.1111
240.0 -5.0 -5.0 12.5 -0.5965
240.0 -2.5 -5.0 12.5 889.3236
240.0 0.0 -5.0 12.5 53.2064
240.0 2.5 -5.0 12.5 -28.6174
240.0 5.0 -5.0 12.5 9999999927.458
240.0 -5.0 -2.5 12.5 1.0977
240.0 -2.5 -2.5 12.5 6577.3926
240.0 0.0 -2.5 12.5 6476567.8872
240.0 2.5 -2.5 12.5 267.4145
240.0 -5.0 0.0 12.5 1.0411000000000001
240.0 -2.5 0.0 12.5 95147.226
240.0 0.0 0.0 12.5 884335021.5956
240.0 2.5 0.0 12.5 926364.0598
240.0 -2.5 2.5 12.5 4594.2181
240.0 0.0 2.5 12.5 182964631.0909
240.0 2.5 2.5 12.5 99835650.8204
240.0 5.0 2.5 12.5 10000000040.3258
240.0 -2.5 5.0 12.5 1518.7492
240.0 0.0 5.0 12.5 6457671670.7207
240.0 2.5 5.0 12.5 10000000011.9202
240.0 5.0 5.0 12.5 2346005701.7085
240.0 7.5 5.0 12.5 223818824.8802
240.0 10.0 5.0 12.5 4342011.2294
240.0 -5.0 -10.0 13.75 -0.4536
240.0 -2.5 -10.0 13.75 -2.4886999999999997
240.0 0.0 -10.0 13.75 -5.4331000000000005
240.0 2.5 -10.0 13.75 -12.7665
240.0 5.0 -10.0 13.75 -20.0664
240.0 7.5 -10.0 13.75 -28.647299999999998
240.0 10.0 -10.0 13.75 -34.912600000000005
240.0 -5.0 -7.5 13.75 -0.9436
240.0 -2.5 -7.5 13.75 -3.925
240.0 0.0 -7.5 13.75 -8.8461
240.0 2.5 -7.5 13.75 -20.7559
240.0 5.0 -7.5 13.75 265.7081
240.0 7.5 -7.5 13.75 60.6482
240.0 10.0 -7.5 13.75 -49.4332
240.0 -5.0 -5.0 13.75 -1.277
240.0 -2.5 -5.0 13.75 0.2065999999999999
240.0 0.0 -5.0 13.75 -7.1239
240.0 2.5 -5.0 13.75 -22.893299999999996
240.0 5.0 -5.0 13.75 396549280.15669996
240.0 7.5 -5.0 13.75 2465413448.1431003
240.0 -5.0 -2.5 13.75 -0.7142999999999999
240.0 -2.5 -2.5 13.75 1817.8998000000001
240.0 0.0 -2.5 13.75 8040.5927
240.0 2.5 -2.5 13.75 12.543000000000001
240.0 5.0 -2.5 13.75 1719593.8138
240.0 -5.0 0.0 13.75 -0.10289999999999999
240.0 -2.5 0.0 13.75 1014.6636
240.0 0.0 0.0 13.75 2249297.7077
240.0 2.5 0.0 13.75 9011.956400000001
240.0 5.0 0.0 13.75 3321387852.1093
240.0 -5.0 2.5 13.75 -0.5615000000000001
240.0 -2.5 2.5 13.75 2155.3041000000003
240.0 0.0 2.5 13.75 9160725.2754
240.0 2.5 2.5 13.75 2183489.3608999997
240.0 5.0 2.5 13.75 114336564.5643
240.0 7.5 2.5 13.75 9999999971.0948
240.0 -2.5 5.0 13.75 1224.2597999999998
240.0 0.0 5.0 13.75 1955803928.5256002
240.0 2.5 5.0 13.75 5877148897.2063
240.0 5.0 5.0 13.75 10000000064.846102
240.0 7.5 5.0 13.75 8247360685.2584
240.0 10.0 5.0 13.75 21523.0141
240.0 -5.0 -10.0 15.0 -0.0535
240.0 -2.5 -10.0 15.0 -1.4016
240.0 0.0 -10.0 15.0 -3.1387
240.0 2.5 -10.0 15.0 -6.112100000000001
240.0 5.0 -10.0 15.0 -8.7622
240.0 7.5 -10.0 15.0 -12.5292
240.0 10.0 -10.0 15.0 -18.3759
240.0 -5.0 -7.5 15.0 -0.3763
240.0 -2.5 -7.5 15.0 -3.2005
240.0 0.0 -7.5 15.0 -5.7469
240.0 2.5 -7.5 15.0 -11.8549
240.0 5.0 -7.5 15.0 62.300399999999996
240.0 7.5 -7.5 15.0 28.8545
240.0 10.0 -7.5 15.0 -21.0945
240.0 -5.0 -5.0 15.0 -0.9062
240.0 -2.5 -5.0 15.0 -4.1144
240.0 0.0 -5.0 15.0 -6.7775
240.0 2.5 -5.0 15.0 -12.081
240.0 5.0 -5.0 15.0 2272.4064000000003
240.0 7.5 -5.0 15.0 607312769.8064001
240.0 10.0 -5.0 15.0 239.37720000000002
240.0 -5.0 -2.5 15.0 -0.8591
240.0 -2.5 -2.5 15.0 4.0278
240.0 0.0 -2.5 15.0 20.552
240.0 2.5 -2.5 15.0 -5.7097
240.0 5.0 -2.5 15.0 2732261.332
240.0 7.5 -2.5 15.0 331364208.3562
240.0 10.0 -2.5 15.0 1184044.583
240.0 -5.0 0.0 15.0 -0.7050000000000001
240.0 -2.5 0.0 15.0 5.2293
240.0 0.0 0.0 15.0 4920.981900000001
240.0 2.5 0.0 15.0 254.7245
240.0 5.0 0.0 15.0 80641818.11749999
240.0 10.0 0.0 15.0 10000000206.069101
240.0 -5.0 2.5 15.0 -0.5612999999999999
240.0 -2.5 2.5 15.0 41.9738
240.0 0.0 2.5 15.0 180710.4209
240.0 2.5 2.5 15.0 400238.2895
240.0 5.0 2.5 15.0 472345428.8793
240.0 7.5 2.5 15.0 9999999917.8635
240.0 -5.0 5.0 15.0 -0.8702000000000001
240.0 -2.5 5.0 15.0 313.5908
240.0 0.0 5.0 15.0 25228362.5971
240.0 2.5 5.0 15.0 115941609.4593
240.0 5.0 5.0 15.0 772269340.0669
240.0 7.5 5.0 15.0 98133757.2535
240.0 10.0 5.0 15.0 18.2237
240.0 -5.0 -10.0 16.25 0.026499999999999996
240.0 -2.5 -10.0 16.25 -0.4264
240.0 0.0 -10.0 16.25 -1.2543
240.0 2.5 -10.0 16.25 -1.1849
240.0 5.0 -10.0 16.25 -0.6329
240.0 7.5 -10.0 16.25 -1.8393000000000002
240.0 10.0 -10.0 16.25 -6.311100000000001
240.0 -5.0 -7.5 16.25 -0.1316
240.0 -2.5 -7.5 16.25 -1.4421000000000002
240.0 0.0 -7.5 16.25 -3.1642
240.0 2.5 -7.5 16.25 -3.8381
240.0 5.0 -7.5 16.25 4.4623
240.0 7.5 -7.5 16.25 10.5872
240.0 10.0 -7.5 16.25 -0.9792000000000001
240.0 -5.0 -5.0 16.25 -0.2306
240.0 -2.5 -5.0 16.25 -2.067
240.0 0.0 -5.0 16.25 -3.4449
240.0 2.5 -5.0 16.25 -3.0279
240.0 5.0 -5.0 16.25 46.949600000000004
240.0 7.5 -5.0 16.25 1603.2408
240.0 10.0 -5.0 16.25 26.4521
240.0 -5.0 -2.5 16.25 -0.2975
240.0 -2.5 -2.5 16.25 -2.4473000000000003
240.0 0.0 -2.5 16.25 -1.6203
240.0 2.5 -2.5 16.25 1.5216000000000003
240.0 5.0 -2.5 16.25 43.3189
240.0 7.5 -2.5 16.25 100.3438
240.0 10.0 -2.5 16.25 1129.0268999999998
240.0 -5.0 0.0 16.25 -0.2703
240.0 -2.5 0.0 16.25 -1.7267
240.0 0.0 0.0 16.25 5.4108
240.0 2.5 0.0 16.25 4.2727
240.0 5.0 0.0 16.25 2432299.4867
240.0 7.5 0.0 16.25 329615.3946
240.0 10.0 0.0 16.25 1710884.9614
240.0 -5.0 2.5 16.25 -0.5952999999999999
240.0 -2.5 2.5 16.25 -0.6434000000000002
240.0 0.0 2.5 16.25 319.27380000000005
240.0 2.5 2.5 16.25 183.89020000000002
240.0 5.0 2.5 16.25 1197.5973999999999
240.0 7.5 2.5 16.25 547904107.9171001
240.0 -5.0 5.0 16.25 -0.9277
240.0 -2.5 5.0 16.25 6.2555
240.0 0.0 5.0 16.25 4358040.3867
240.0 2.5 5.0 16.25 623573.7898
240.0 5.0 5.0 16.25 409.31579999999997
240.0 7.5 5.0 16.25 33.7632
240.0 10.0 5.0 16.25 -49.514199999999995
300.0 -5.0 -10.0 3.75 6.2121
300.0 -2.5 -10.0 3.75 9.3736
300.0 0.0 -10.0 3.75 14.745700000000001
300.0 2.5 -10.0 3.75 19.8625
300.0 5.0 -10.0 3.75 207427.63619999998
300.0 7.5 -10.0 3.75 10000000059.8071
300.0 10.0 -10.0 3.75 5473651607.2338
300.0 -5.0 -7.5 3.75 17.521700000000003
300.0 -2.5 -7.5 3.75 32.2114
300.0 0.0 -7.5 3.75 936750669.2592
300.0 2.5 -7.5 3.75 10000000067.604502
300.0 5.0 -7.5 3.75 3793369.7031
300.0 7.5 -7.5 3.75 7319223659.2665
300.0 10.0 -7.5 3.75 9999999947.680801
300.0 -5.0 -5.0 3.75 27.2044
300.0 -2.5 -5.0 3.75 48.1008
300.0 0.0 -5.0 3.75 32682553.0351
300.0 2.5 -5.0 3.75 10000000106.373001
300.0 5.0 -5.0 3.75 10000000088.2912
300.0 7.5 -5.0 3.75 9999999953.6257
300.0 10.0 -5.0 3.75 10000000255.912601
300.0 -5.0 -2.5 3.75 179.81529999999998
300.0 -2.5 -2.5 3.75 165598.0017
300.0 0.0 -2.5 3.75 10000000111.0625
300.0 2.5 -2.5 3.75 2960869201.1086
300.0 5.0 -2.5 3.75 9999999982.6368
300.0 7.5 -2.5 3.75 9999999935.905
300.0 10.0 -2.5 3.75 9999999583.6599
300.0 -5.0 0.0 3.75 541004194.3098
300.0 -2.5 0.0 3.75 26388738.228699997
300.0 0.0 0.0 3.75 541709129.1437
300.0 2.5 0.0 3.75 10000000113.4853
300.0 5.0 0.0 3.75 9999999909.9727
300.0 7.5 0.0 3.75 9999999991.5597
300.0 10.0 0.0 3.75 9213760504.342499
300.0 -5.0 2.5 3.75 2346.633
300.0 -2.5 2.5 3.75 9175445078.1016
300.0 0.0 2.5 3.75 9999999832.9414
300.0 2.5 2.5 3.75 10000000177.6144
300.0 5.0 2.5 3.75 10000000077.193401
300.0 7.5 2.5 3.75 10000000011.012201
300.0 10.0 2.5 3.75 9999999881.228102
300.0 -5.0 5.0 3.75 -11.371400000000001
300.0 -2.5 5.0 3.75 19629982.0667
300.0 0.0 5.0 3.75 9808985455.8301
300.0 2.5 5.0 3.75 6767305322.2295
300.0 5.0 5.0 3.75 9999999727.313702
300.0 7.5 5.0 3.75 9999999958.571402
300.0 10.0 5.0 3.75 10000000158.7413
300.0 0.0 -2.5 5.0 1215909147.8241
300.0 0.0 0.0 5.0 10000000053.755402
300.0 5.0 -7.5 6.25 341020078.9673
300.0 0.0 -5.0 6.25 10000000155.971
300.0 0.0 -2.5 6.25 1179495886.9804
300.0 0.0 0.0 6.25 20752514.902799997
300.0 0.0 2.5 6.25 1668568.1644000001
300.0 0.0 5.0 6.25 118804407.0068
300.0 5.0 -7.5 7.5 160123.13929999998
300.0 2.5 -5.0 7.5 40542.4031
300.0 0.0 -2.5 7.5 780774.5855
300.0 2.5 -2.5 7.5 995138506.5795001
300.0 0.0 0.0 7.5 16467923.400999999
300.0 -2.5 2.5 7.5 2561724.4415
300.0 0.0 2.5 7.5 2142556.8011000003
300.0 -2.5 5.0 7.5 3767073731.1143
300.0 0.0 5.0 7.5 10000000044.661402
300.0 2.5 -10.0 8.75 16.5643
300.0 5.0 -7.5 8.75 970.6037
300.0 0.0 -5.0 8.75 522.1513
300.0 2.5 -5.0 8.75 1621.3778
300.0 5.0 -5.0 8.75 260007230.4571
300.0 0.0 -2.5 8.75 8111.3285000000005
300.0 2.5 -2.5 8.75 2324270.1792
300.0 0.0 0.0 8.75 94942916.68519999
300.0 2.5 0.0 8.75 9632433970.9286
300.0 0.0 2.5 8.75 4330116690.9257
300.0 2.5 2.5 8.75 10000000056.799501
300.0 -2.5 5.0 8.75 7925.461700000001
300.0 0.0 5.0 8.75 718028.255
300.0 2.5 5.0 8.75 9999999956.195002
300.0 2.5 -10.0 10.0 15.4122
300.0 2.5 -7.5 10.0 42.5925
300.0 5.0 -7.5 10.0 9514.7297
300.0 7.5 -7.5 10.0 223334.25999999998
300.0 0.0 -5.0 10.0 58.2035
300.0 2.5 -5.0 10.0 95.5947
300.0 5.0 -5.0 10.0 7179824.974099999
300.0 0.0 -2.5 10.0 349.9377
300.0 2.5 -2.5 10.0 12771.015800000001
300.0 -5.0 0.0 10.0 4.4946
300.0 -2.5 0.0 10.0 237.3211
300.0 0.0 0.0 10.0 35434.3856
300.0 2.5 0.0 10.0 9999999998.5872
300.0 5.0 0.0 10.0 277637154.7911
300.0 -2.5 2.5 10.0 779.4102
300.0 0.0 2.5 10.0 158459473.4438
300.0 2.5 2.5 10.0 10000000000.2998
300.0 5.0 2.5 10.0 9999999694.037401
300.0 -2.5 5.0 10.0 137.90439999999998
300.0 0.0 5.0 10.0 36913.996999999996
300.0 2.5 5.0 10.0 9999999893.9972
300.0 2.5 -10.0 11.25 13.933
300.0 5.0 -10.0 11.25 7.139100000000001
300.0 7.5 -10.0 11.25 -12.487200000000001
300.0 10.0 -10.0 11.25 45.5663
300.0 2.5 -7.5 11.25 32.0563
300.0 5.0 -7.5 11.25 48152.4727
300.0 0.0 -5.0 11.25 42.030199999999994
300.0 2.5 -5.0 11.25 62.4618
300.0 5.0 -5.0 11.25 10000000020.794
300.0 -2.5 -2.5 11.25 19.1383
300.0 0.0 -2.5 11.25 623.3342
300.0 2.5 -2.5 11.25 521475.28849999997
300.0 -5.0 0.0 11.25 2.1073999999999997
300.0 -2.5 0.0 11.25 6.1317
300.0 0.0 0.0 11.25 48190675.9352
300.0 2.5 0.0 11.25 1413437932.5252
300.0 -2.5 2.5 11.25 -19.2594
300.0 0.0 2.5 11.25 507530044.0284
300.0 2.5 2.5 11.25 9999999970.211802
300.0 5.0 2.5 11.25 10000000065.3649
300.0 -2.5 5.0 11.25 -32.390299999999996
300.0 0.0 5.0 11.25 153925.39299999998
300.0 2.5 5.0 11.25 3490486830.4998
300.0 7.5 5.0 11.25 9999999874.191
300.0 -5.0 -10.0 12.5 1.279
300.0 2.5 -10.0 12.5 10.934
300.0 5.0 -10.0 12.5 6.8408999999999995
300.0 7.5 -10.0 12.5 -6.9745
300.0 10.0 -10.0 12.5 -22.1015
300.0 2.5 -7.5 12.5 24.3633
300.0 5.0 -7.5 12.5 22.324199999999998
300.0 7.5 -7.5 12.5 554997.7746
300.0 -5.0 -5.0 12.5 6.302499999999999
300.0 -2.5 -5.0 12.5 16.764400000000002
300.0 0.0 -5.0 12.5 29.6304
300.0 2.5 -5.0 12.5 37.795
300.0 5.0 -5.0 12.5 13006534.936700001
300.0 -5.0 -2.5 12.5 5.5236
300.0 -2.5 -2.5 12.5 12.6632
300.0 0.0 -2.5 12.5 29.6813
300.0 2.5 -2.5 12.5 9317.0842
300.0 -5.0 0.0 12.5 0.026799999999999935
300.0 -2.5 0.0 12.5 28.719800000000003
300.0 0.0 0.0 12.5 3112295.5134
300.0 2.5 0.0 12.5 785228.5453
300.0 5.0 0.0 12.5 65962238.864199996
300.0 -2.5 2.5 12.5 -16.919800000000002
300.0 0.0 2.5 12.5 798230287.1347001
300.0 2.5 2.5 12.5 9999999895.2619
300.0 5.0 2.5 12.5 4308472593.8331995
300.0 7.5 2.5 12.5 9999999905.227402
300.0 10.0 2.5 12.5 5842184022.6678
300.0 -2.5 5.0 12.5 -35.114
300.0 0.0 5.0 12.5 5993137.5366
300.0 2.5 5.0 12.5 9999999795.6641
300.0 5.0 5.0 12.5 33361546.8376
300.0 7.5 5.0 12.5 9999999873.353
300.0 10.0 5.0 12.5 10000000078.332602
300.0 0.0 -10.0 13.75 6.0984
300.0 2.5 -10.0 13.75 7.6873000000000005
300.0 5.0 -10.0 13.75 4.8042
300.0 7.5 -10.0 13.75 -4.4895
300.0 10.0 -10.0 13.75 -14.8628
300.0 -5.0 -7.5 13.75 2.1298
300.0 -2.5 -7.5 13.75 6.8809
300.0 2.5 -7.5 13.75 17.7971
300.0 5.0 -7.5 13.75 12.885900000000001
300.0 7.5 -7.5 13.75 23.7809
300.0 10.0 -7.5 13.75 -23.1799
300.0 -5.0 -5.0 13.75 3.8328
300.0 -2.5 -5.0 13.75 10.9406
300.0 0.0 -5.0 13.75 19.4021
300.0 2.5 -5.0 13.75 24.467200000000002
300.0 5.0 -5.0 13.75 43.0146
300.0 -5.0 -2.5 13.75 3.3716999999999997
300.0 -2.5 -2.5 13.75 7.6137
300.0 0.0 -2.5 13.75 26.3848
300.0 2.5 -2.5 13.75 43.8231
300.0 5.0 -2.5 13.75 1518193.1649000002
300.0 -5.0 0.0 13.75 -1.0231
300.0 -2.5 0.0 13.75 6.6378
300.0 0.0 0.0 13.75 9999999974.5435
300.0 2.5 0.0 13.75 154000.0312
300.0 5.0 0.0 13.75 149996383.9342
300.0 7.5 0.0 13.75 9999999999.419802
300.0 -2.5 2.5 13.75 -7.694699999999999
300.0 0.0 2.5 13.75 518309620.08280003
300.0 2.5 2.5 13.75 1170143666.7969
300.0 5.0 2.5 13.75 62031.8579
300.0 7.5 2.5 13.75 886271.2645
300.0 10.0 2.5 13.75 9999999978.561401
300.0 -2.5 5.0 13.75 -31.0966
300.0 0.0 5.0 13.75 264543975.0514
300.0 2.5 5.0 13.75 9999999849.1114
300.0 5.0 5.0 13.75 2901192.0209
300.0 7.5 5.0 13.75 1917124642.8204
300.0 10.0 5.0 13.75 1873606844.3577
300.0 -5.0 -10.0 15.0 0.1721
300.0 -2.5 -10.0 15.0 1.3323
300.0 0.0 -10.0 15.0 3.5636
300.0 2.5 -10.0 15.0 5.0061
300.0 5.0 -10.0 15.0 3.0072
300.0 7.5 -10.0 15.0 -1.0257
300.0 10.0 -10.0 15.0 -7.8428
300.0 -5.0 -7.5 15.0 0.9523
300.0 -2.5 -7.5 15.0 3.7748
300.0 0.0 -7.5 15.0 8.2729
300.0 2.5 -7.5 15.0 11.233
300.0 5.0 -7.5 15.0 9.3462
300.0 7.5 -7.5 15.0 2.3649999999999998
300.0 10.0 -7.5 15.0 -9.9077
300.0 -5.0 -5.0 15.0 2.208
300.0 -2.5 -5.0 15.0 6.3823
300.0 0.0 -5.0 15.0 12.0364
300.0 2.5 -5.0 15.0 15.6285
300.0 5.0 -5.0 15.0 13.5532
300.0 7.5 -5.0 15.0 23.177599999999998
300.0 10.0 -5.0 15.0 570.9224
300.0 -5.0 -2.5 15.0 1.8125
300.0 -2.5 -2.5 15.0 3.4985000000000004
300.0 0.0 -2.5 15.0 7.1395
300.0 2.5 -2.5 15.0 5.1636999999999995
300.0 5.0 -2.5 15.0 391.9511
300.0 10.0 -2.5 15.0 119650.9888
300.0 -5.0 0.0 15.0 -1.5298
300.0 -2.5 0.0 15.0 -5.9328
300.0 0.0 0.0 15.0 9270.4097
300.0 2.5 0.0 15.0 2527.794
300.0 5.0 0.0 15.0 102335.5907
300.0 7.5 0.0 15.0 9999999981.627401
300.0 -5.0 2.5 15.0 -5.6488
300.0 -2.5 2.5 15.0 -14.4336
300.0 0.0 2.5 15.0 49425300.1473
300.0 2.5 2.5 15.0 27925690.0604
300.0 5.0 2.5 15.0 997.3220999999999
300.0 7.5 2.5 15.0 73305.68609999999
300.0 10.0 2.5 15.0 10000000059.7973
300.0 -2.5 5.0 15.0 -25.1082
300.0 0.0 5.0 15.0 65077.1128
300.0 2.5 5.0 15.0 47981304.646400005
300.0 5.0 5.0 15.0 502809.0612
300.0 7.5 5.0 15.0 1228212866.9950001
300.0 10.0 5.0 15.0 432280.0294
300.0 -5.0 -10.0 16.25 0.1037
300.0 -2.5 -10.0 16.25 0.4694
300.0 0.0 -10.0 16.25 1.7309999999999999
300.0 2.5 -10.0 16.25 2.7662
300.0 5.0 -10.0 16.25 1.5105
300.0 7.5 -10.0 16.25 -0.5599999999999999
300.0 10.0 -10.0 16.25 -2.5209
300.0 -5.0 -7.5 16.25 0.3457
300.0 -2.5 -7.5 16.25 1.8567
300.0 0.0 -7.5 16.25 4.4059
300.0 2.5 -7.5 16.25 6.8472
300.0 5.0 -7.5 16.25 6.8193
300.0 7.5 -7.5 16.25 4.7969
300.0 10.0 -7.5 16.25 0.5720000000000001
300.0 -5.0 -5.0 16.25 0.9492999999999999
300.0 -2.5 -5.0 16.25 2.9464
300.0 0.0 -5.0 16.25 6.6765
300.0 2.5 -5.0 16.25 9.8933
300.0 5.0 -5.0 16.25 11.485000000000001
300.0 7.5 -5.0 16.25 15.974299999999998
300.0 10.0 -5.0 16.25 22.950300000000002
300.0 -5.0 -2.5 16.25 0.92
300.0 -2.5 -2.5 16.25 1.5448
300.0 0.0 -2.5 16.25 1.8191
300.0 2.5 -2.5 16.25 2.6856999999999998
300.0 5.0 -2.5 16.25 24.7673
300.0 7.5 -2.5 16.25 4505173.811299999
300.0 10.0 -2.5 16.25 247.5772
300.0 -5.0 0.0 16.25 -1.1301
300.0 -2.5 0.0 16.25 -5.637300000000001
300.0 0.0 0.0 16.25 154.22469999999998
300.0 2.5 0.0 16.25 -12.4259
300.0 5.0 0.0 16.25 260.3988
300.0 7.5 0.0 16.25 364748277.01850003
300.0 -5.0 2.5 16.25 -4.2022
300.0 -2.5 2.5 16.25 -14.0394
300.0 0.0 2.5 16.25 976501.5922000001
300.0 2.5 2.5 16.25 1716904.4268
300.0 5.0 2.5 16.25 -23.3803
300.0 7.5 2.5 16.25 62269.7957
300.0 10.0 2.5 16.25 416007.87700000004
300.0 -5.0 5.0 16.25 -5.8216
300.0 -2.5 5.0 16.25 -18.3458
300.0 0.0 5.0 16.25 2868.017
300.0 2.5 5.0 16.25 14681.2746
300.0 5.0 5.0 16.25 105.77260000000001
300.0 7.5 5.0 16.25 376516.25190000003
300.0 10.0 5.0 16.25 283.4286
