0.0 5.0 -7.5 6.25 1.4069000000000003
0.0 -2.5 5.0 6.25 1131554542.1606
0.0 0.0 2.5 7.5 9999999955.181002
0.0 -2.5 5.0 7.5 9999999679.703402
0.0 0.0 5.0 7.5 10000000044.17
0.0 2.5 -10.0 8.75 1.2419
0.0 5.0 -10.0 8.75 0.2919
0.0 7.5 -10.0 8.75 0.2198
0.0 0.0 -7.5 8.75 86.3668
0.0 5.0 -7.5 8.75 0.7226000000000001
0.0 0.0 0.0 8.75 9999999976.0541
0.0 0.0 2.5 8.75 9999999953.807901
0.0 -2.5 5.0 8.75 10000000120.2964
0.0 0.0 5.0 8.75 149866667.9301
0.0 2.5 5.0 8.75 9999999991.9463
0.0 5.0 5.0 8.75 9999999974.3145
0.0 5.0 -10.0 10.0 0.21480000000000005
0.0 7.5 -10.0 10.0 0.14040000000000002
0.0 0.0 -7.5 10.0 1.4874
0.0 2.5 -7.5 10.0 1.4858
0.0 5.0 -7.5 10.0 0.2632
0.0 -2.5 -5.0 10.0 1434.8102
0.0 2.5 -5.0 10.0 0.5333999999999999
0.0 -2.5 -2.5 10.0 427164.77760000003
0.0 0.0 -2.5 10.0 1720293967.3851001
0.0 -2.5 0.0 10.0 1366415082.8407001
0.0 0.0 0.0 10.0 114847624.53809999
0.0 2.5 0.0 10.0 234615.1851
0.0 0.0 2.5 10.0 10000000055.117
0.0 2.5 2.5 10.0 9999999977.7618
0.0 7.5 2.5 10.0 9999999974.1975
0.0 -2.5 5.0 10.0 10000000015.2019
0.0 0.0 5.0 10.0 3980643972.541
0.0 2.5 5.0 10.0 2471914358.7036
0.0 5.0 5.0 10.0 4681059162.512
0.0 2.5 -10.0 11.25 0.6248
0.0 5.0 -10.0 11.25 0.0746
0.0 7.5 -10.0 11.25 -0.1351
0.0 10.0 -10.0 11.25 0.0471
0.0 0.0 -7.5 11.25 1.4398
0.0 2.5 -7.5 11.25 0.9974999999999999
0.0 5.0 -7.5 11.25 -0.3105
0.0 7.5 -7.5 11.25 -0.625
0.0 -2.5 -5.0 11.25 101.3617
0.0 0.0 -5.0 11.25 15.4188
0.0 2.5 -5.0 11.25 -2.4373000000000005
0.0 5.0 -5.0 11.25 -2.8048
0.0 -5.0 -2.5 11.25 565204001.156
0.0 -2.5 -2.5 11.25 155256941.08499998
0.0 0.0 -2.5 11.25 1491.2775000000001
0.0 7.5 -2.5 11.25 -12.293299999999999
0.0 -2.5 0.0 11.25 54096901.8645
0.0 0.0 0.0 11.25 12226041.0382
0.0 2.5 0.0 11.25 74.3857
0.0 -2.5 2.5 11.25 10000000002.4332
0.0 0.0 2.5 11.25 14513555.9803
0.0 2.5 2.5 11.25 7205640.155
0.0 5.0 2.5 11.25 10000000019.093
0.0 7.5 2.5 11.25 1578344.2428000001
0.0 -5.0 5.0 11.25 232956104.6268
0.0 -2.5 5.0 11.25 1829795001.666
0.0 0.0 5.0 11.25 3353786.7331999997
0.0 2.5 5.0 11.25 30872371.054500002
0.0 5.0 5.0 11.25 9999999967.2684
0.0 7.5 5.0 11.25 21265.368199999997
0.0 0.0 -10.0 12.5 0.3849
0.0 2.5 -10.0 12.5 0.24229999999999996
0.0 5.0 -10.0 12.5 -0.1429
0.0 7.5 -10.0 12.5 -0.3851
0.0 10.0 -10.0 12.5 -0.1802
0.0 -2.5 -7.5 12.5 1.7063
0.0 0.0 -7.5 12.5 0.9471
0.0 2.5 -7.5 12.5 0.0807
0.0 5.0 -7.5 12.5 -1.0854
0.0 7.5 -7.5 12.5 -1.1295
0.0 10.0 -7.5 12.5 -0.6761
0.0 -5.0 -5.0 12.5 42.2841
0.0 -2.5 -5.0 12.5 3.6399
0.0 0.0 -5.0 12.5 -2.8582
0.0 2.5 -5.0 12.5 -1.9096
0.0 5.0 -5.0 12.5 -2.8041
0.0 7.5 -5.0 12.5 -3.2603999999999997
0.0 10.0 -5.0 12.5 -2.4117
0.0 -5.0 -2.5 12.5 274273077.0281
0.0 -2.5 -2.5 12.5 1698516.8938999998
0.0 0.0 -2.5 12.5 -9.2724
0.0 2.5 -2.5 12.5 -9.3733
0.0 5.0 -2.5 12.5 -9.373
0.0 7.5 -2.5 12.5 -10.8899
0.0 -5.0 0.0 12.5 47618193.419
0.0 -2.5 0.0 12.5 1972496017.3632
0.0 0.0 0.0 12.5 788.5975999999999
0.0 2.5 0.0 12.5 -15.595600000000001
0.0 5.0 0.0 12.5 38.2529
0.0 -2.5 2.5 12.5 9999999985.696001
0.0 0.0 2.5 12.5 454655.33489999996
0.0 2.5 2.5 12.5 799.4651
0.0 5.0 2.5 12.5 10081126.0391
0.0 7.5 2.5 12.5 4888.2897
0.0 10.0 2.5 12.5 8.517
0.0 -5.0 5.0 12.5 175683.0948
0.0 -2.5 5.0 12.5 103203448.52399999
0.0 0.0 5.0 12.5 1195384.865
0.0 2.5 5.0 12.5 98123.4835
0.0 5.0 5.0 12.5 182944.6389
0.0 7.5 5.0 12.5 454.6967
0.0 10.0 5.0 12.5 -6.1182
0.0 0.0 -10.0 13.75 -0.05249999999999999
0.0 2.5 -10.0 13.75 -0.1247
0.0 5.0 -10.0 13.75 -0.15
0.0 7.5 -10.0 13.75 -0.257
0.0 10.0 -10.0 13.75 -0.2473
0.0 -2.5 -7.5 13.75 0.7102000000000002
0.0 0.0 -7.5 13.75 0.23619999999999997
0.0 2.5 -7.5 13.75 -0.3137
0.0 5.0 -7.5 13.75 -1.0663
0.0 7.5 -7.5 13.75 -1.4176
0.0 10.0 -7.5 13.75 -0.9858
0.0 -5.0 -5.0 13.75 10.4932
0.0 -2.5 -5.0 13.75 -0.6325
0.0 0.0 -5.0 13.75 -2.1066
0.0 2.5 -5.0 13.75 -2.0421
0.0 5.0 -5.0 13.75 -3.2837
0.0 7.5 -5.0 13.75 -3.3994
0.0 10.0 -5.0 13.75 -2.0701
0.0 -5.0 -2.5 13.75 3692.7187
0.0 -2.5 -2.5 13.75 11303.1891
0.0 0.0 -2.5 13.75 -12.2168
0.0 2.5 -2.5 13.75 -7.2059999999999995
0.0 5.0 -2.5 13.75 -7.3285
0.0 7.5 -2.5 13.75 -8.4412
0.0 -5.0 0.0 13.75 179994683.3883
0.0 -2.5 0.0 13.75 3939057214.4036
0.0 0.0 0.0 13.75 13.8233
0.0 2.5 0.0 13.75 -13.671
0.0 5.0 0.0 13.75 -11.8117
0.0 7.5 0.0 13.75 -13.4081
0.0 -5.0 2.5 13.75 2378292.4809000003
0.0 -2.5 2.5 13.75 6324712.416200001
0.0 0.0 2.5 13.75 1477.5955999999999
0.0 2.5 2.5 13.75 -21.2754
0.0 5.0 2.5 13.75 95.73
0.0 7.5 2.5 13.75 57.240100000000005
0.0 10.0 2.5 13.75 -11.1098
0.0 -5.0 5.0 13.75 1831.7221
0.0 -2.5 5.0 13.75 25908.0219
0.0 0.0 5.0 13.75 25336.831000000002
0.0 2.5 5.0 13.75 2046.7155999999998
0.0 5.0 5.0 13.75 344.27419999999995
0.0 7.5 5.0 13.75 -14.235199999999999
0.0 10.0 5.0 13.75 -7.4032
0.0 -5.0 -10.0 15.0 0.8667
0.0 -2.5 -10.0 15.0 0.4206
0.0 0.0 -10.0 15.0 0.0051
0.0 2.5 -10.0 15.0 -0.1016
0.0 5.0 -10.0 15.0 -0.0355
0.0 7.5 -10.0 15.0 -0.0751
0.0 10.0 -10.0 15.0 -0.0829
0.0 -5.0 -7.5 15.0 0.7577999999999999
0.0 -2.5 -7.5 15.0 0.2101
0.0 0.0 -7.5 15.0 -0.4347
0.0 2.5 -7.5 15.0 -0.7634000000000001
0.0 5.0 -7.5 15.0 -1.0346
0.0 7.5 -7.5 15.0 -1.1864999999999999
0.0 10.0 -7.5 15.0 -0.9335
0.0 -5.0 -5.0 15.0 0.8981000000000001
0.0 -2.5 -5.0 15.0 -1.7342
0.0 0.0 -5.0 15.0 -2.1486
0.0 2.5 -5.0 15.0 -2.5189999999999997
0.0 5.0 -5.0 15.0 -3.3205
0.0 7.5 -5.0 15.0 -3.1028000000000002
0.0 10.0 -5.0 15.0 -2.1237000000000004
0.0 -5.0 -2.5 15.0 81.7311
0.0 -2.5 -2.5 15.0 147.1956
0.0 0.0 -2.5 15.0 -7.9254999999999995
0.0 2.5 -2.5 15.0 -5.9168
0.0 5.0 -2.5 15.0 -6.5315
0.0 7.5 -2.5 15.0 -6.2775
0.0 10.0 -2.5 15.0 -4.226999999999999
0.0 -5.0 0.0 15.0 2257.585
0.0 -2.5 0.0 15.0 2155.7842
0.0 0.0 0.0 15.0 -11.6203
0.0 2.5 0.0 15.0 -10.518
0.0 5.0 0.0 15.0 -10.6802
0.0 7.5 0.0 15.0 -10.926599999999999
0.0 10.0 0.0 15.0 -7.8199000000000005
0.0 -5.0 2.5 15.0 187.8483
0.0 -2.5 2.5 15.0 2792.9317
0.0 0.0 2.5 15.0 -16.4518
0.0 2.5 2.5 15.0 -18.3283
0.0 5.0 2.5 15.0 -16.381700000000002
0.0 7.5 2.5 15.0 -12.8357
0.0 10.0 2.5 15.0 -8.5921
0.0 -5.0 5.0 15.0 -3.6329
0.0 -2.5 5.0 15.0 -1.937100000000001
0.0 0.0 5.0 15.0 30.6496
0.0 2.5 5.0 15.0 -4.176500000000001
0.0 5.0 5.0 15.0 -26.243
0.0 7.5 5.0 15.0 -14.941600000000001
0.0 10.0 5.0 15.0 -7.3282
0.0 -5.0 -10.0 16.25 0.8292999999999999
0.0 -2.5 -10.0 16.25 0.3949
0.0 0.0 -10.0 16.25 0.0779
0.0 2.5 -10.0 16.25 -0.0722
0.0 5.0 -10.0 16.25 -0.0484
0.0 7.5 -10.0 16.25 -0.0058
0.0 10.0 -10.0 16.25 -0.0066
0.0 -5.0 -7.5 16.25 0.5439
0.0 -2.5 -7.5 16.25 -0.2711
0.0 0.0 -7.5 16.25 -0.6471
0.0 2.5 -7.5 16.25 -0.4606
0.0 5.0 -7.5 16.25 -0.5252
0.0 7.5 -7.5 16.25 -0.6475
0.0 10.0 -7.5 16.25 -0.6297999999999999
0.0 -5.0 -5.0 16.25 -0.19170000000000004
0.0 -2.5 -5.0 16.25 -1.2366000000000001
0.0 0.0 -5.0 16.25 -1.8933
0.0 2.5 -5.0 16.25 -2.1138
0.0 5.0 -5.0 16.25 -2.2972
0.0 7.5 -5.0 16.25 -2.2842
0.0 10.0 -5.0 16.25 -1.8652
0.0 -5.0 -2.5 16.25 -0.4610000000000001
0.0 -2.5 -2.5 16.25 -3.4225000000000003
0.0 0.0 -2.5 16.25 -5.4367
0.0 2.5 -2.5 16.25 -5.2608999999999995
0.0 5.0 -2.5 16.25 -5.346500000000001
0.0 7.5 -2.5 16.25 -4.9582
0.0 10.0 -2.5 16.25 -3.2728
0.0 -5.0 0.0 16.25 -1.7302000000000002
0.0 -2.5 0.0 16.25 -7.2243
0.0 0.0 0.0 16.25 -9.709900000000001
0.0 2.5 0.0 16.25 -8.8764
0.0 5.0 0.0 16.25 -8.585899999999999
0.0 7.5 0.0 16.25 -7.8331
0.0 10.0 0.0 16.25 -5.37
0.0 -5.0 2.5 16.25 -10.0142
0.0 -2.5 2.5 16.25 -18.398
0.0 0.0 2.5 16.25 -13.3959
0.0 2.5 2.5 16.25 -14.4468
0.0 5.0 2.5 16.25 -12.6775
0.0 7.5 2.5 16.25 -10.2206
0.0 10.0 2.5 16.25 -7.0398
0.0 -5.0 5.0 16.25 -9.2128
0.0 -2.5 5.0 16.25 -14.0598
0.0 0.0 5.0 16.25 -10.6395
0.0 2.5 5.0 16.25 -23.464
0.0 5.0 5.0 16.25 -20.073
0.0 7.5 5.0 16.25 -12.1701
0.0 10.0 5.0 16.25 -7.0805
60.0 -5.0 -10.0 3.75 185.91649999999998
60.0 -2.5 -10.0 3.75 -14.829
60.0 0.0 -10.0 3.75 -5.440300000000001
60.0 2.5 -10.0 3.75 2.3891
60.0 5.0 -10.0 3.75 4.6458
60.0 7.5 -10.0 3.75 3.1689000000000003
60.0 10.0 -10.0 3.75 0.49670000000000003
60.0 -5.0 -7.5 3.75 2023709.241
60.0 -2.5 -7.5 3.75 320.9544
60.0 0.0 -7.5 3.75 52.308
60.0 2.5 -7.5 3.75 2637.9224000000004
60.0 5.0 -7.5 3.75 13.3512
60.0 7.5 -7.5 3.75 0.9791999999999998
60.0 10.0 -7.5 3.75 0.10279999999999997
60.0 -5.0 -5.0 3.75 9999999976.7595
60.0 -2.5 -5.0 3.75 646129.0472
60.0 0.0 -5.0 3.75 1129976.3936
60.0 2.5 -5.0 3.75 36652679.0069
60.0 5.0 -5.0 3.75 9999999913.6037
60.0 7.5 -5.0 3.75 -6.845600000000001
60.0 10.0 -5.0 3.75 -1.7764000000000002
60.0 -5.0 -2.5 3.75 10000000096.1968
60.0 -2.5 -2.5 3.75 1122364400.3314998
60.0 0.0 -2.5 3.75 688783107.2793
60.0 2.5 -2.5 3.75 9999999870.6254
60.0 5.0 -2.5 3.75 66453.1106
60.0 7.5 -2.5 3.75 4131.801100000001
60.0 10.0 -2.5 3.75 -5.7197
60.0 -5.0 0.0 3.75 9999999912.305
60.0 -2.5 0.0 3.75 10000000088.0918
60.0 0.0 0.0 3.75 9999999985.976702
60.0 2.5 0.0 3.75 472425424.5274
60.0 5.0 0.0 3.75 11221555.5646
60.0 7.5 0.0 3.75 9999999994.4563
60.0 10.0 0.0 3.75 347386.4608
60.0 -5.0 2.5 3.75 10000000057.971401
60.0 -2.5 2.5 3.75 10000000012.351702
60.0 0.0 2.5 3.75 9999999880.042002
60.0 2.5 2.5 3.75 4030351124.4677
60.0 5.0 2.5 3.75 9999999989.385101
60.0 7.5 2.5 3.75 10000000017.412601
60.0 10.0 2.5 3.75 30330396.3033
60.0 -5.0 5.0 3.75 9999999924.807201
60.0 -2.5 5.0 3.75 10000000194.3936
60.0 0.0 5.0 3.75 9999999818.215801
60.0 2.5 5.0 3.75 9999999924.705502
60.0 5.0 5.0 3.75 9999999936.4479
60.0 7.5 5.0 3.75 36874874.782199994
60.0 10.0 5.0 3.75 5012.8751
60.0 2.5 -2.5 5.0 1008837.1129
60.0 0.0 0.0 5.0 9999999946.892801
60.0 0.0 2.5 5.0 9999999913.7793
60.0 2.5 -2.5 6.25 1214826.1893000002
60.0 0.0 0.0 6.25 10000000016.879301
60.0 0.0 2.5 6.25 9999999997.9438
60.0 0.0 5.0 6.25 9999999971.717402
60.0 2.5 -5.0 7.5 1734823856.6711
60.0 2.5 -2.5 7.5 157003.85880000002
60.0 5.0 -2.5 7.5 6572.697
60.0 -2.5 0.0 7.5 9999999986.5268
60.0 0.0 0.0 7.5 9999999941.0454
60.0 2.5 0.0 7.5 565890630.7328
60.0 0.0 2.5 7.5 10000000392.5827
60.0 0.0 5.0 7.5 10000000090.101301
60.0 2.5 -7.5 8.75 603.3566
60.0 2.5 -5.0 8.75 345780.7479
60.0 5.0 -5.0 8.75 289.58070000000004
60.0 0.0 -2.5 8.75 3961.3734
60.0 2.5 -2.5 8.75 136.3428
60.0 -2.5 0.0 8.75 10000000015.9717
60.0 0.0 0.0 8.75 10000000308.479502
60.0 2.5 0.0 8.75 10000000019.453701
60.0 -2.5 2.5 8.75 9999999852.188702
60.0 0.0 2.5 8.75 9114813.7339
60.0 0.0 5.0 8.75 1252946162.6649
60.0 5.0 -10.0 10.0 6.3633
60.0 2.5 -7.5 10.0 8.791400000000001
60.0 5.0 -7.5 10.0 10.115
60.0 7.5 -7.5 10.0 6.1897
60.0 0.0 -5.0 10.0 5.229900000000001
60.0 2.5 -5.0 10.0 18.1575
60.0 5.0 -5.0 10.0 9.0379
60.0 -2.5 -2.5 10.0 2847028.2681
60.0 0.0 -2.5 10.0 19.9482
60.0 2.5 -2.5 10.0 13.1302
60.0 5.0 -2.5 10.0 6.700799999999999
60.0 7.5 -2.5 10.0 2.1068
60.0 -2.5 0.0 10.0 1751869.4249
60.0 0.0 0.0 10.0 199543.478
60.0 2.5 0.0 10.0 10000000029.571402
60.0 -2.5 2.5 10.0 10000000101.4333
60.0 0.0 2.5 10.0 25051326.7716
60.0 2.5 2.5 10.0 59276.7624
60.0 -2.5 5.0 10.0 9999999921.1734
60.0 0.0 5.0 10.0 12491043.3177
60.0 2.5 5.0 10.0 10000000001.776001
60.0 2.5 -10.0 11.25 4.5179
60.0 5.0 -10.0 11.25 3.9605
60.0 10.0 -10.0 11.25 1.3487
60.0 0.0 -7.5 11.25 6.2353
60.0 2.5 -7.5 11.25 6.7364
60.0 5.0 -7.5 11.25 7.1127
60.0 7.5 -7.5 11.25 3.8192
60.0 0.0 -5.0 11.25 7.8977
60.0 2.5 -5.0 11.25 7.8363000000000005
60.0 5.0 -5.0 11.25 7.4246
60.0 -2.5 -2.5 11.25 474.6065
60.0 0.0 -2.5 11.25 10.211300000000001
60.0 2.5 -2.5 11.25 9.901700000000002
60.0 5.0 -2.5 11.25 6.452
60.0 7.5 -2.5 11.25 2.1344000000000003
60.0 -5.0 0.0 11.25 55537641.0646
60.0 -2.5 0.0 11.25 3505255.8652
60.0 0.0 0.0 11.25 22.2363
60.0 2.5 0.0 11.25 462.05010000000004
60.0 5.0 0.0 11.25 247.4363
60.0 -5.0 2.5 11.25 9999999913.9829
60.0 -2.5 2.5 11.25 1025022877.2845
60.0 0.0 2.5 11.25 19934.9355
60.0 2.5 2.5 11.25 137.736
60.0 5.0 2.5 11.25 16560.406899999998
60.0 -2.5 5.0 11.25 10000000003.3418
60.0 0.0 5.0 11.25 10000000026.751902
60.0 2.5 5.0 11.25 2118904706.6406999
60.0 5.0 5.0 11.25 7048511406.748099
60.0 7.5 5.0 11.25 164215168.641
60.0 -2.5 -10.0 12.5 4.2221
60.0 0.0 -10.0 12.5 3.7423
60.0 2.5 -10.0 12.5 3.2729
60.0 5.0 -10.0 12.5 2.8327999999999998
60.0 7.5 -10.0 12.5 1.9682
60.0 10.0 -10.0 12.5 1.0262
60.0 0.0 -7.5 12.5 5.8697
60.0 2.5 -7.5 12.5 5.8292
60.0 5.0 -7.5 12.5 5.002
60.0 7.5 -7.5 12.5 2.8282000000000003
60.0 10.0 -7.5 12.5 1.1944000000000001
60.0 -2.5 -5.0 12.5 5.4466
60.0 0.0 -5.0 12.5 7.5506
60.0 2.5 -5.0 12.5 7.4979
60.0 5.0 -5.0 12.5 6.2628
60.0 7.5 -5.0 12.5 3.2545
60.0 -5.0 -2.5 12.5 66750.3033
60.0 -2.5 -2.5 12.5 3.2091999999999996
60.0 0.0 -2.5 12.5 6.469299999999999
60.0 2.5 -2.5 12.5 8.052
60.0 5.0 -2.5 12.5 6.2509
60.0 7.5 -2.5 12.5 1.5928
60.0 -5.0 0.0 12.5 73655398.7052
60.0 -2.5 0.0 12.5 102809459.8298
60.0 0.0 0.0 12.5 -8.404300000000001
60.0 2.5 0.0 12.5 3.6137000000000006
60.0 5.0 0.0 12.5 2.1954
60.0 -5.0 2.5 12.5 782589835.4049
60.0 -2.5 2.5 12.5 73765373.13589999
60.0 0.0 2.5 12.5 274.42420000000004
60.0 2.5 2.5 12.5 -1.8902999999999999
60.0 5.0 2.5 12.5 2053.0247
60.0 7.5 2.5 12.5 7.446200000000001
60.0 -5.0 5.0 12.5 800966421.0034
60.0 -2.5 5.0 12.5 30177283.3867
60.0 0.0 5.0 12.5 9999999954.735601
60.0 2.5 5.0 12.5 38274.0384
60.0 5.0 5.0 12.5 1113410.7034
60.0 7.5 5.0 12.5 333083.1426
60.0 10.0 5.0 12.5 185.0376
60.0 -2.5 -10.0 13.75 3.0282
60.0 0.0 -10.0 13.75 2.3709
60.0 2.5 -10.0 13.75 1.9636
60.0 5.0 -10.0 13.75 1.5549000000000002
60.0 7.5 -10.0 13.75 1.28
60.0 10.0 -10.0 13.75 0.7196
60.0 0.0 -7.5 13.75 5.1724
60.0 2.5 -7.5 13.75 4.3547
60.0 5.0 -7.5 13.75 3.2226999999999997
60.0 7.5 -7.5 13.75 1.5784
60.0 10.0 -7.5 13.75 0.8215
60.0 -2.5 -5.0 13.75 4.8
60.0 0.0 -5.0 13.75 6.3317
60.0 2.5 -5.0 13.75 6.5286
60.0 5.0 -5.0 13.75 4.7962
60.0 7.5 -5.0 13.75 1.9887000000000001
60.0 10.0 -5.0 13.75 -0.07
60.0 -5.0 -2.5 13.75 48.260099999999994
60.0 -2.5 -2.5 13.75 0.05749999999999966
60.0 0.0 -2.5 13.75 4.5703
60.0 2.5 -2.5 13.75 6.145899999999999
60.0 5.0 -2.5 13.75 4.616499999999999
60.0 7.5 -2.5 13.75 0.7121000000000001
60.0 -5.0 0.0 13.75 1910098.1932
60.0 -2.5 0.0 13.75 1057.6571999999999
60.0 0.0 0.0 13.75 -7.2777
60.0 2.5 0.0 13.75 2.7879000000000005
60.0 5.0 0.0 13.75 1.6115
60.0 -5.0 2.5 13.75 6622103.5940000005
60.0 -2.5 2.5 13.75 5788315.4982
60.0 0.0 2.5 13.75 7.066700000000001
60.0 2.5 2.5 13.75 -6.873100000000001
60.0 5.0 2.5 13.75 -3.7843
60.0 7.5 2.5 13.75 -11.981100000000001
60.0 -5.0 5.0 13.75 136663.0148
60.0 -2.5 5.0 13.75 34712.8612
60.0 0.0 5.0 13.75 4950406.0525
60.0 2.5 5.0 13.75 2.2842000000000002
60.0 5.0 5.0 13.75 309.00939999999997
60.0 7.5 5.0 13.75 813.8789
60.0 10.0 5.0 13.75 -13.9624
60.0 -5.0 -10.0 15.0 1.9002999999999999
60.0 -2.5 -10.0 15.0 1.4908000000000001
60.0 0.0 -10.0 15.0 0.9074
60.0 2.5 -10.0 15.0 0.5126999999999999
60.0 5.0 -10.0 15.0 0.7923
60.0 7.5 -10.0 15.0 0.7283999999999999
60.0 10.0 -10.0 15.0 0.4108
60.0 -5.0 -7.5 15.0 4.1447
60.0 -2.5 -7.5 15.0 3.9937
60.0 0.0 -7.5 15.0 3.1948999999999996
60.0 2.5 -7.5 15.0 2.4978
60.0 5.0 -7.5 15.0 1.7718
60.0 7.5 -7.5 15.0 0.8842000000000001
60.0 10.0 -7.5 15.0 0.4826
60.0 -5.0 -5.0 15.0 4.0915
60.0 -2.5 -5.0 15.0 3.9010999999999996
60.0 0.0 -5.0 15.0 4.1476
60.0 2.5 -5.0 15.0 4.3389
60.0 5.0 -5.0 15.0 3.2037999999999998
60.0 7.5 -5.0 15.0 0.4547
60.0 10.0 -5.0 15.0 -0.2534
60.0 -5.0 -2.5 15.0 -0.7430000000000001
60.0 -2.5 -2.5 15.0 0.20350000000000001
60.0 0.0 -2.5 15.0 3.0957
60.0 2.5 -2.5 15.0 4.6556999999999995
60.0 5.0 -2.5 15.0 2.7109
60.0 7.5 -2.5 15.0 0.10210000000000001
60.0 10.0 -2.5 15.0 -1.5980999999999999
60.0 -5.0 0.0 15.0 1282.2661
60.0 -2.5 0.0 15.0 5.720199999999999
60.0 0.0 0.0 15.0 -4.8498
60.0 2.5 0.0 15.0 0.3945000000000001
60.0 5.0 0.0 15.0 0.23849999999999993
60.0 7.5 0.0 15.0 -3.3743
60.0 -5.0 2.5 15.0 7569.3937
60.0 -2.5 2.5 15.0 3707.8217
60.0 0.0 2.5 15.0 -12.5528
60.0 2.5 2.5 15.0 -5.439
60.0 5.0 2.5 15.0 -5.0868
60.0 7.5 2.5 15.0 -9.419
60.0 10.0 2.5 15.0 -8.0195
60.0 -5.0 5.0 15.0 3646.7308000000003
60.0 -2.5 5.0 15.0 39.907000000000004
60.0 0.0 5.0 15.0 -15.3002
60.0 2.5 5.0 15.0 -13.3629
60.0 5.0 5.0 15.0 -11.566099999999999
60.0 7.5 5.0 15.0 -11.141599999999999
60.0 10.0 5.0 15.0 -10.4685
60.0 -5.0 -10.0 16.25 0.4377
60.0 -2.5 -10.0 16.25 0.1736
60.0 0.0 -10.0 16.25 -0.3756
60.0 2.5 -10.0 16.25 -0.14439999999999997
60.0 5.0 -10.0 16.25 0.2511
60.0 7.5 -10.0 16.25 0.2851
60.0 10.0 -10.0 16.25 0.0327
60.0 -5.0 -7.5 16.25 2.4370000000000003
60.0 -2.5 -7.5 16.25 1.6512
60.0 0.0 -7.5 16.25 1.0038
60.0 2.5 -7.5 16.25 0.9444
60.0 5.0 -7.5 16.25 0.3347
60.0 7.5 -7.5 16.25 0.32520000000000004
60.0 10.0 -7.5 16.25 0.16679999999999998
60.0 -5.0 -5.0 16.25 2.8533
60.0 -2.5 -5.0 16.25 2.311
60.0 0.0 -5.0 16.25 2.0673
60.0 2.5 -5.0 16.25 2.3714
60.0 5.0 -5.0 16.25 1.5791
60.0 7.5 -5.0 16.25 -0.0558
60.0 10.0 -5.0 16.25 -0.1807
60.0 -5.0 -2.5 16.25 0.2955000000000001
60.0 -2.5 -2.5 16.25 -0.12260000000000004
60.0 0.0 -2.5 16.25 1.1340000000000001
60.0 2.5 -2.5 16.25 2.3163
60.0 5.0 -2.5 16.25 1.0504
60.0 7.5 -2.5 16.25 -0.7436
60.0 10.0 -2.5 16.25 -1.256
60.0 -5.0 0.0 16.25 -4.662599999999999
60.0 -2.5 0.0 16.25 -4.9922
60.0 0.0 0.0 16.25 -3.1139
60.0 2.5 0.0 16.25 -0.9261999999999999
60.0 5.0 0.0 16.25 -1.5636999999999999
60.0 7.5 0.0 16.25 -2.79
60.0 10.0 0.0 16.25 -2.9408
60.0 -5.0 2.5 16.25 0.09360000000000035
60.0 -2.5 2.5 16.25 -5.632
60.0 0.0 2.5 16.25 -9.0337
60.0 2.5 2.5 16.25 -5.355
60.0 5.0 2.5 16.25 -5.701
60.0 7.5 2.5 16.25 -6.6368
60.0 10.0 2.5 16.25 -5.696000000000001
60.0 -5.0 5.0 16.25 -15.5103
60.0 -2.5 5.0 16.25 -20.8086
60.0 0.0 5.0 16.25 -14.156500000000001
60.0 2.5 5.0 16.25 -11.700800000000001
60.0 5.0 5.0 16.25 -10.5879
60.0 7.5 5.0 16.25 -10.3385
60.0 10.0 5.0 16.25 -7.6256
120.0 -5.0 -10.0 3.75 1.3187000000000002
120.0 -2.5 -10.0 3.75 5472.2508
120.0 0.0 -10.0 3.75 51.8301
120.0 2.5 -10.0 3.75 -8.8374
120.0 5.0 -10.0 3.75 -9.2653
120.0 7.5 -10.0 3.75 -9.3249
120.0 10.0 -10.0 3.75 -6.0396
120.0 -5.0 -7.5 3.75 1433.4951
120.0 -2.5 -7.5 3.75 91177099.94659999
120.0 0.0 -7.5 3.75 1512952.8117
120.0 2.5 -7.5 3.75 531.5842
120.0 5.0 -7.5 3.75 -22.3296
120.0 7.5 -7.5 3.75 -22.1373
120.0 10.0 -7.5 3.75 -10.678999999999998
120.0 -5.0 -5.0 3.75 109029606.9385
120.0 -2.5 -5.0 3.75 10000000091.027401
120.0 0.0 -5.0 3.75 260034533.85709998
120.0 2.5 -5.0 3.75 121832522.5775
120.0 5.0 -5.0 3.75 14236.8914
120.0 7.5 -5.0 3.75 2233346.8126
120.0 10.0 -5.0 3.75 19616.0017
120.0 -5.0 -2.5 3.75 9999999967.9969
120.0 -2.5 -2.5 3.75 10000000008.991701
120.0 0.0 -2.5 3.75 1806194865.0082002
120.0 2.5 -2.5 3.75 6551166.8492
120.0 5.0 -2.5 3.75 538430039.7902
120.0 7.5 -2.5 3.75 9411260232.549
120.0 10.0 -2.5 3.75 820969424.3945
120.0 -5.0 0.0 3.75 3811888901.7131
120.0 -2.5 0.0 3.75 9999999950.2355
120.0 0.0 0.0 3.75 1171838761.1980999
120.0 2.5 0.0 3.75 14132244.0944
120.0 5.0 0.0 3.75 9999999994.369202
120.0 7.5 0.0 3.75 667390743.523
120.0 10.0 0.0 3.75 92255478.3468
120.0 -5.0 2.5 3.75 9581793134.426
120.0 -2.5 2.5 3.75 10000000013.067701
120.0 0.0 2.5 3.75 10000000077.325901
120.0 2.5 2.5 3.75 10000000029.109901
120.0 5.0 2.5 3.75 48127499.5114
120.0 7.5 2.5 3.75 227877144.2751
120.0 10.0 2.5 3.75 1068255042.6311
120.0 -5.0 5.0 3.75 9999999968.2483
120.0 -2.5 5.0 3.75 9999999958.503302
120.0 0.0 5.0 3.75 9999999985.096102
120.0 2.5 5.0 3.75 9999999958.2124
120.0 5.0 5.0 3.75 5676156161.12
120.0 7.5 5.0 3.75 58524719.9192
120.0 10.0 5.0 3.75 110249992.2447
120.0 -2.5 5.0 5.0 6982440988.1469
120.0 -2.5 2.5 6.25 9999999824.839
120.0 -2.5 5.0 6.25 10000000100.4071
120.0 2.5 -7.5 7.5 70475.81090000001
120.0 0.0 -5.0 7.5 553785971.3586
120.0 -2.5 0.0 7.5 1632079143.3673
120.0 -2.5 2.5 7.5 10000000002.6695
120.0 0.0 2.5 7.5 10000000038.529001
120.0 -2.5 5.0 7.5 1303177758.8919
120.0 0.0 5.0 7.5 9999999893.452301
120.0 2.5 -7.5 8.75 4084.0779
120.0 5.0 -7.5 8.75 -1.7408
120.0 0.0 -5.0 8.75 9795127616.3671
120.0 0.0 0.0 8.75 934792.3383000001
120.0 -2.5 2.5 8.75 10000000010.109402
120.0 0.0 2.5 8.75 119287543.87259999
120.0 -5.0 5.0 8.75 9999999892.5624
120.0 -2.5 5.0 8.75 9999999992.5358
120.0 0.0 5.0 8.75 10000000063.628101
120.0 2.5 5.0 8.75 9999999963.6166
120.0 2.5 -10.0 10.0 -3.5649
120.0 2.5 -7.5 10.0 75.3274
120.0 5.0 -7.5 10.0 -1.1375
120.0 7.5 -7.5 10.0 -1.9327
120.0 -2.5 -5.0 10.0 694.5661
120.0 0.0 -5.0 10.0 62179256.9231
120.0 2.5 -5.0 10.0 8031.3347
120.0 0.0 -2.5 10.0 732.2168
120.0 0.0 0.0 10.0 45989.2833
120.0 2.5 0.0 10.0 225.45850000000002
120.0 -5.0 2.5 10.0 10000000094.333101
120.0 -2.5 2.5 10.0 81487015.3584
120.0 0.0 2.5 10.0 417843.80669999996
120.0 2.5 2.5 10.0 6549546.921
120.0 -5.0 5.0 10.0 2707236716.7669
120.0 -2.5 5.0 10.0 959136019.1447
120.0 0.0 5.0 10.0 985170531.7706
120.0 2.5 5.0 10.0 10000000043.3393
120.0 5.0 5.0 10.0 9999999929.235
120.0 2.5 -10.0 11.25 -2.1818999999999997
120.0 5.0 -10.0 11.25 -0.8558
120.0 10.0 -10.0 11.25 -0.4068
120.0 -2.5 -7.5 11.25 -4.615
120.0 0.0 -7.5 11.25 -6.5411
120.0 2.5 -7.5 11.25 -1.9539
120.0 5.0 -7.5 11.25 -0.9054
120.0 7.5 -7.5 11.25 -0.08750000000000002
120.0 -2.5 -5.0 11.25 3.6818999999999997
120.0 0.0 -5.0 11.25 230.5579
120.0 2.5 -5.0 11.25 9.799600000000002
120.0 5.0 -5.0 11.25 -1.0377
120.0 7.5 -5.0 11.25 -0.6865
120.0 0.0 -2.5 11.25 3.328
120.0 2.5 -2.5 11.25 8.6404
120.0 -5.0 0.0 11.25 749787.367
120.0 -2.5 0.0 11.25 6009898.4002
120.0 0.0 0.0 11.25 141.8252
120.0 2.5 0.0 11.25 0.9355999999999991
120.0 -5.0 2.5 11.25 77083543.13080001
120.0 -2.5 2.5 11.25 2064338956.8119
120.0 0.0 2.5 11.25 18792.4537
120.0 2.5 2.5 11.25 9903514.6876
120.0 -5.0 5.0 11.25 10000000008.0771
120.0 -2.5 5.0 11.25 9999999995.797602
120.0 0.0 5.0 11.25 39847790.1663
120.0 2.5 5.0 11.25 9356954033.795301
120.0 5.0 5.0 11.25 1758474.3945
120.0 7.5 5.0 11.25 2139.7147
120.0 -5.0 -10.0 12.5 -0.9831
120.0 -2.5 -10.0 12.5 -2.3761
120.0 0.0 -10.0 12.5 -2.3121
120.0 2.5 -10.0 12.5 -0.9157000000000001
120.0 5.0 -10.0 12.5 -0.4043
120.0 7.5 -10.0 12.5 -0.30710000000000004
120.0 10.0 -10.0 12.5 -0.4027
120.0 -2.5 -7.5 12.5 -3.4103000000000003
120.0 0.0 -7.5 12.5 -3.8705999999999996
120.0 2.5 -7.5 12.5 -1.8138
120.0 5.0 -7.5 12.5 -0.03359999999999996
120.0 7.5 -7.5 12.5 0.168
120.0 10.0 -7.5 12.5 0.5336000000000001
120.0 -2.5 -5.0 12.5 -4.0247
120.0 0.0 -5.0 12.5 -3.1136
120.0 2.5 -5.0 12.5 -1.1396000000000002
120.0 5.0 -5.0 12.5 -0.3249000000000001
120.0 -5.0 -2.5 12.5 88.8151
120.0 -2.5 -2.5 12.5 111.81899999999999
120.0 0.0 -2.5 12.5 0.1607000000000003
120.0 2.5 -2.5 12.5 1.1901000000000002
120.0 5.0 -2.5 12.5 -1.3498999999999999
120.0 -5.0 0.0 12.5 49432.253899999996
120.0 -2.5 0.0 12.5 2730.6540999999997
120.0 0.0 0.0 12.5 3.9667000000000003
120.0 2.5 0.0 12.5 0.01529999999999987
120.0 5.0 0.0 12.5 -8.589500000000001
120.0 -5.0 2.5 12.5 60051259.9875
120.0 -2.5 2.5 12.5 18758.5448
120.0 0.0 2.5 12.5 70.6079
120.0 2.5 2.5 12.5 159848.085
120.0 5.0 2.5 12.5 -18.0041
120.0 -5.0 5.0 12.5 9999999963.912102
120.0 -2.5 5.0 12.5 5791640568.4448
120.0 0.0 5.0 12.5 708463.8056999999
120.0 2.5 5.0 12.5 297076004.5405
120.0 5.0 5.0 12.5 134305.7111
120.0 7.5 5.0 12.5 -0.16600000000000037
120.0 -5.0 -10.0 13.75 -0.5409
120.0 -2.5 -10.0 13.75 -1.6061
120.0 0.0 -10.0 13.75 -1.563
120.0 2.5 -10.0 13.75 -0.2883
120.0 5.0 -10.0 13.75 0.19240000000000002
120.0 7.5 -10.0 13.75 -0.3208
120.0 10.0 -10.0 13.75 -0.5022
120.0 -2.5 -7.5 13.75 -2.4722
120.0 0.0 -7.5 13.75 -1.7825
120.0 2.5 -7.5 13.75 -0.4657
120.0 5.0 -7.5 13.75 0.6029
120.0 7.5 -7.5 13.75 -0.043800000000000006
120.0 10.0 -7.5 13.75 0.4216
120.0 -2.5 -5.0 13.75 -2.235
120.0 0.0 -5.0 13.75 -0.4445
120.0 2.5 -5.0 13.75 0.32200000000000006
120.0 5.0 -5.0 13.75 0.28420000000000006
120.0 7.5 -5.0 13.75 0.95
120.0 10.0 -5.0 13.75 1.7463
120.0 -5.0 -2.5 13.75 -0.7898000000000001
120.0 -2.5 -2.5 13.75 -0.7176000000000002
120.0 0.0 -2.5 13.75 0.8324
120.0 2.5 -2.5 13.75 1.1458999999999997
120.0 5.0 -2.5 13.75 -0.5065
120.0 -5.0 0.0 13.75 117.90039999999999
120.0 -2.5 0.0 13.75 3.7653999999999996
120.0 0.0 0.0 13.75 1.9912999999999998
120.0 2.5 0.0 13.75 -1.1990000000000003
120.0 5.0 0.0 13.75 -5.0083
120.0 -5.0 2.5 13.75 43916.1834
120.0 -2.5 2.5 13.75 -3.4734999999999996
120.0 0.0 2.5 13.75 -0.9015999999999993
120.0 2.5 2.5 13.75 -6.004200000000001
120.0 5.0 2.5 13.75 -15.2556
120.0 -5.0 5.0 13.75 75402327.94440001
120.0 -2.5 5.0 13.75 96.1983
120.0 0.0 5.0 13.75 16.8857
120.0 2.5 5.0 13.75 68283.4842
120.0 5.0 5.0 13.75 -10.8245
120.0 7.5 5.0 13.75 -12.783999999999999
120.0 -5.0 -10.0 15.0 -0.014199999999999997
120.0 -2.5 -10.0 15.0 -0.7308
120.0 0.0 -10.0 15.0 -0.8476
120.0 2.5 -10.0 15.0 -0.1311
120.0 5.0 -10.0 15.0 0.2835
120.0 7.5 -10.0 15.0 -0.3543
120.0 10.0 -10.0 15.0 -0.3049
120.0 -5.0 -7.5 15.0 -1.2096
120.0 -2.5 -7.5 15.0 -1.827
120.0 0.0 -7.5 15.0 -0.8024
120.0 2.5 -7.5 15.0 0.3428
120.0 5.0 -7.5 15.0 0.2066
120.0 7.5 -7.5 15.0 -0.2331
120.0 10.0 -7.5 15.0 -0.4566
120.0 -5.0 -5.0 15.0 -1.6902
120.0 -2.5 -5.0 15.0 -1.9516
120.0 0.0 -5.0 15.0 -0.6703
120.0 2.5 -5.0 15.0 0.9050999999999999
120.0 5.0 -5.0 15.0 0.7087
120.0 7.5 -5.0 15.0 0.4717
120.0 10.0 -5.0 15.0 0.5817
120.0 -5.0 -2.5 15.0 -0.7653000000000001
120.0 -2.5 -2.5 15.0 -0.27800000000000014
120.0 0.0 -2.5 15.0 0.62
120.0 2.5 -2.5 15.0 0.7170999999999998
120.0 5.0 -2.5 15.0 -0.18910000000000002
120.0 7.5 -2.5 15.0 -0.0016999999999999793
120.0 10.0 -2.5 15.0 1.8159
120.0 -5.0 0.0 15.0 -1.1089000000000002
120.0 -2.5 0.0 15.0 -0.37050000000000005
120.0 0.0 0.0 15.0 0.8799000000000001
120.0 2.5 0.0 15.0 -1.6541000000000001
120.0 5.0 0.0 15.0 -2.9505
120.0 10.0 0.0 15.0 3.0786000000000002
120.0 -5.0 2.5 15.0 192.9711
120.0 -2.5 2.5 15.0 -4.3613
120.0 0.0 2.5 15.0 -1.9535
120.0 2.5 2.5 15.0 -5.5568
120.0 5.0 2.5 15.0 -8.969199999999999
120.0 7.5 2.5 15.0 -3.0577
120.0 -5.0 5.0 15.0 6422.0518999999995
120.0 -2.5 5.0 15.0 -8.3432
120.0 0.0 5.0 15.0 -7.2572
120.0 2.5 5.0 15.0 -9.962499999999999
120.0 5.0 5.0 15.0 -15.601700000000001
120.0 7.5 5.0 15.0 -7.8887
120.0 10.0 5.0 15.0 2.6663
120.0 -5.0 -10.0 16.25 0.19199999999999998
120.0 -2.5 -10.0 16.25 -0.24
120.0 0.0 -10.0 16.25 -0.42519999999999997
120.0 2.5 -10.0 16.25 -0.3679
120.0 5.0 -10.0 16.25 -0.311
120.0 7.5 -10.0 16.25 -0.1009
120.0 10.0 -10.0 16.25 -0.036300000000000006
120.0 -5.0 -7.5 16.25 -0.41859999999999997
120.0 -2.5 -7.5 16.25 -0.9447
120.0 0.0 -7.5 16.25 -0.8311999999999999
120.0 2.5 -7.5 16.25 -0.028499999999999998
120.0 5.0 -7.5 16.25 0.1319
120.0 7.5 -7.5 16.25 -0.39239999999999997
120.0 10.0 -7.5 16.25 -0.4333
120.0 -5.0 -5.0 16.25 -1.1486
120.0 -2.5 -5.0 16.25 -0.9690000000000001
120.0 0.0 -5.0 16.25 -0.18230000000000002
120.0 2.5 -5.0 16.25 0.3475
120.0 5.0 -5.0 16.25 0.2939
120.0 7.5 -5.0 16.25 -0.647
120.0 10.0 -5.0 16.25 0.0298
120.0 -5.0 -2.5 16.25 -1.1524999999999999
120.0 -2.5 -2.5 16.25 -0.3101
120.0 0.0 -2.5 16.25 0.4543
120.0 2.5 -2.5 16.25 0.06620000000000001
120.0 5.0 -2.5 16.25 -0.5513
120.0 7.5 -2.5 16.25 -0.6475000000000001
120.0 10.0 -2.5 16.25 0.8874
120.0 -5.0 0.0 16.25 -1.365
120.0 -2.5 0.0 16.25 0.020000000000000018
120.0 0.0 0.0 16.25 -0.0816
120.0 2.5 0.0 16.25 -1.8877000000000002
120.0 5.0 0.0 16.25 -2.1862
120.0 7.5 0.0 16.25 -1.2784
120.0 10.0 0.0 16.25 1.2316
120.0 -5.0 2.5 16.25 -3.6223
120.0 -2.5 2.5 16.25 -2.3093
120.0 0.0 2.5 16.25 -2.1802
120.0 2.5 2.5 16.25 -5.375
120.0 5.0 2.5 16.25 -5.9414
120.0 7.5 2.5 16.25 -2.2834
120.0 10.0 2.5 16.25 1.4066999999999998
120.0 -5.0 5.0 16.25 -7.6067
120.0 -2.5 5.0 16.25 -6.301500000000001
120.0 0.0 5.0 16.25 -5.909000000000001
120.0 2.5 5.0 16.25 -9.73
120.0 5.0 5.0 16.25 -9.8528
120.0 7.5 5.0 16.25 -5.1838
120.0 10.0 5.0 16.25 1.0019
180.0 -5.0 -10.0 3.75 -9.2274
180.0 -2.5 -10.0 3.75 -8.5055
180.0 0.0 -10.0 3.75 -5.7891
180.0 2.5 -10.0 3.75 -1.3927999999999998
180.0 5.0 -10.0 3.75 1.3274
180.0 7.5 -10.0 3.75 1.9850999999999999
180.0 10.0 -10.0 3.75 0.5214
180.0 -5.0 -7.5 3.75 14808.4265
180.0 -2.5 -7.5 3.75 -21.2685
180.0 0.0 -7.5 3.75 -13.1822
180.0 2.5 -7.5 3.75 -3.5401
180.0 5.0 -7.5 3.75 5.0668
180.0 7.5 -7.5 3.75 5.6062
180.0 10.0 -7.5 3.75 2.6498
180.0 -5.0 -5.0 3.75 10000000030.481401
180.0 -2.5 -5.0 3.75 59824.7166
180.0 0.0 -5.0 3.75 5707976.6899
180.0 2.5 -5.0 3.75 13965740.9408
180.0 5.0 -5.0 3.75 16.6087
180.0 7.5 -5.0 3.75 8.2981
180.0 10.0 -5.0 3.75 1.7542
180.0 -5.0 -2.5 3.75 674652323.7088001
180.0 -2.5 -2.5 3.75 94150472.2432
180.0 0.0 -2.5 3.75 276335796.6301
180.0 2.5 -2.5 3.75 776863938.8311
180.0 5.0 -2.5 3.75 49293342.672800004
180.0 7.5 -2.5 3.75 3150.7246
180.0 10.0 -2.5 3.75 -7.4014
180.0 -5.0 0.0 3.75 9999999932.4134
180.0 -2.5 0.0 3.75 9587794763.0441
180.0 0.0 0.0 3.75 9999999968.3311
180.0 2.5 0.0 3.75 1229663910.7136
180.0 5.0 0.0 3.75 9999999703.225302
180.0 7.5 0.0 3.75 -17.8005
180.0 10.0 0.0 3.75 -10.8233
180.0 -5.0 2.5 3.75 4495528324.2085
180.0 -2.5 2.5 3.75 10000000181.9943
180.0 0.0 2.5 3.75 7096808713.2116
180.0 2.5 2.5 3.75 9999999929.2936
180.0 5.0 2.5 3.75 13231111.6918
180.0 7.5 2.5 3.75 4097677.9867000002
180.0 10.0 2.5 3.75 402578512.55670005
180.0 -5.0 5.0 3.75 10000000009.4862
180.0 -2.5 5.0 3.75 10000000021.5069
180.0 0.0 5.0 3.75 9999999922.8279
180.0 2.5 5.0 3.75 8841504431.531801
180.0 5.0 5.0 3.75 790592137.6065
180.0 7.5 5.0 3.75 3839055976.4240003
180.0 10.0 5.0 3.75 45008832.548999995
180.0 -2.5 -2.5 7.5 2195014324.5785
180.0 0.0 2.5 7.5 10000000013.6499
180.0 0.0 5.0 7.5 9999999999.203402
180.0 -5.0 -2.5 8.75 29977895.963600002
180.0 -2.5 -2.5 8.75 9999999959.951101
180.0 2.5 -2.5 8.75 3032.5328999999997
180.0 -5.0 0.0 8.75 10000000027.857
180.0 0.0 0.0 8.75 28966.7337
180.0 0.0 2.5 8.75 193105326.7229
180.0 0.0 -10.0 10.0 -0.12440000000000001
180.0 2.5 -10.0 10.0 0.5793999999999999
180.0 0.0 -7.5 10.0 1.0358
180.0 2.5 -7.5 10.0 1.8441
180.0 5.0 -7.5 10.0 3.077
180.0 -2.5 -5.0 10.0 7.071199999999999
180.0 0.0 -5.0 10.0 -1.2569000000000004
180.0 2.5 -5.0 10.0 0.2767999999999997
180.0 5.0 -5.0 10.0 4.1298
180.0 -5.0 -2.5 10.0 26676.9824
180.0 -2.5 -2.5 10.0 865.3263000000001
180.0 0.0 -2.5 10.0 -6.8713
180.0 2.5 -2.5 10.0 9.1315
180.0 -5.0 0.0 10.0 10000000029.229502
180.0 -2.5 0.0 10.0 5045105557.3024
180.0 0.0 0.0 10.0 192.1362
180.0 -5.0 2.5 10.0 135486241.98099998
180.0 0.0 2.5 10.0 101769010.4109
180.0 2.5 2.5 10.0 9999999948.202702
180.0 0.0 5.0 10.0 1224894105.1947
180.0 2.5 5.0 10.0 157130577.1996
180.0 0.0 -10.0 11.25 0.08820000000000001
180.0 2.5 -10.0 11.25 0.4877
180.0 5.0 -10.0 11.25 0.9034
180.0 0.0 -7.5 11.25 1.3405
180.0 2.5 -7.5 11.25 1.7644
180.0 5.0 -7.5 11.25 2.088
180.0 7.5 -7.5 11.25 2.2372
180.0 -2.5 -5.0 11.25 0.14719999999999978
180.0 0.0 -5.0 11.25 0.6325999999999998
180.0 2.5 -5.0 11.25 1.1068
180.0 5.0 -5.0 11.25 2.6119
180.0 -5.0 -2.5 11.25 1981.9758
180.0 -2.5 -2.5 11.25 -8.0756
180.0 0.0 -2.5 11.25 -5.5952
180.0 2.5 -2.5 11.25 -2.4034
180.0 -5.0 0.0 11.25 469242223.13560003
180.0 -2.5 0.0 11.25 3280.6502
180.0 0.0 0.0 11.25 13.3034
180.0 -5.0 2.5 11.25 1849295050.9956
180.0 -2.5 2.5 11.25 3383530.1679000002
180.0 0.0 2.5 11.25 6620628.1498
180.0 2.5 2.5 11.25 9999999997.779902
180.0 -5.0 5.0 11.25 10000000011.615702
180.0 0.0 5.0 11.25 7458449838.5931
180.0 2.5 5.0 11.25 9999999985.0856
180.0 -5.0 -10.0 12.5 -0.6552
180.0 -2.5 -10.0 12.5 -0.031000000000000014
180.0 0.0 -10.0 12.5 -0.0431
180.0 2.5 -10.0 12.5 0.2542
180.0 5.0 -10.0 12.5 0.5800000000000001
180.0 7.5 -10.0 12.5 0.6641
180.0 10.0 -10.0 12.5 0.4152
180.0 -2.5 -7.5 12.5 1.2166000000000001
180.0 0.0 -7.5 12.5 0.863
180.0 2.5 -7.5 12.5 1.0386000000000002
180.0 5.0 -7.5 12.5 1.4131
180.0 7.5 -7.5 12.5 1.5792
180.0 -5.0 -5.0 12.5 -2.7297
180.0 -2.5 -5.0 12.5 0.3735999999999997
180.0 0.0 -5.0 12.5 1.0237
180.0 2.5 -5.0 12.5 1.5672000000000001
180.0 5.0 -5.0 12.5 1.6970999999999998
180.0 -5.0 -2.5 12.5 137.2933
180.0 -2.5 -2.5 12.5 -4.4551
180.0 0.0 -2.5 12.5 -2.5991
180.0 2.5 -2.5 12.5 -0.4578000000000002
180.0 5.0 -2.5 12.5 1.0451000000000001
180.0 -5.0 0.0 12.5 1701156919.8205
180.0 -2.5 0.0 12.5 6.644100000000001
180.0 0.0 0.0 12.5 -10.1041
180.0 2.5 0.0 12.5 234.06629999999998
180.0 -5.0 2.5 12.5 9999999972.315802
180.0 -2.5 2.5 12.5 18793.813599999998
180.0 0.0 2.5 12.5 16776.958899999998
180.0 2.5 2.5 12.5 79170.37569999999
180.0 -5.0 5.0 12.5 42397726.5924
180.0 -2.5 5.0 12.5 18416.4627
180.0 0.0 5.0 12.5 109651910.40789999
180.0 2.5 5.0 12.5 3493778.1964
180.0 5.0 5.0 12.5 48.0479
180.0 7.5 5.0 12.5 1.4200000000000004
180.0 10.0 5.0 12.5 -1.0524
180.0 -5.0 -10.0 13.75 -0.5599000000000001
180.0 -2.5 -10.0 13.75 -0.1501
180.0 0.0 -10.0 13.75 -0.0093
180.0 2.5 -10.0 13.75 0.0615
180.0 5.0 -10.0 13.75 0.23829999999999998
180.0 7.5 -10.0 13.75 0.27140000000000003
180.0 10.0 -10.0 13.75 0.2563
180.0 -5.0 -7.5 13.75 0.15850000000000009
180.0 -2.5 -7.5 13.75 0.8381000000000001
180.0 0.0 -7.5 13.75 0.7142000000000001
180.0 2.5 -7.5 13.75 0.6659
180.0 5.0 -7.5 13.75 0.7372000000000001
180.0 7.5 -7.5 13.75 0.9164
180.0 10.0 -7.5 13.75 0.6135
180.0 -5.0 -5.0 13.75 -0.35250000000000004
180.0 -2.5 -5.0 13.75 0.8634000000000001
180.0 0.0 -5.0 13.75 1.1714000000000002
180.0 2.5 -5.0 13.75 0.9698
180.0 5.0 -5.0 13.75 0.8208
180.0 -5.0 -2.5 13.75 2.5766
180.0 -2.5 -2.5 13.75 -2.2479999999999998
180.0 0.0 -2.5 13.75 -1.4287999999999998
180.0 2.5 -2.5 13.75 -0.21909999999999996
180.0 5.0 -2.5 13.75 0.7643
180.0 -5.0 0.0 13.75 872.7026999999999
180.0 -2.5 0.0 13.75 -11.4429
180.0 0.0 0.0 13.75 -7.8802
180.0 2.5 0.0 13.75 -3.8354999999999997
180.0 -5.0 2.5 13.75 1503774.0788999998
180.0 -2.5 2.5 13.75 -25.3364
180.0 0.0 2.5 13.75 5.1555
180.0 2.5 2.5 13.75 860.3087
180.0 5.0 2.5 13.75 -3.7668999999999997
180.0 -5.0 5.0 13.75 4033.1052999999997
180.0 -2.5 5.0 13.75 20.8921
180.0 0.0 5.0 13.75 561.4384
180.0 2.5 5.0 13.75 53.158100000000005
180.0 5.0 5.0 13.75 -3.8603
180.0 7.5 5.0 13.75 1.4842999999999997
180.0 10.0 5.0 13.75 0.07669999999999999
180.0 -5.0 -10.0 15.0 -0.5139
180.0 -2.5 -10.0 15.0 -0.08460000000000001
180.0 0.0 -10.0 15.0 -0.1358
180.0 2.5 -10.0 15.0 -0.08320000000000001
180.0 5.0 -10.0 15.0 0.0795
180.0 7.5 -10.0 15.0 0.14109999999999998
180.0 10.0 -10.0 15.0 0.0621
180.0 -5.0 -7.5 15.0 0.22920000000000001
180.0 -2.5 -7.5 15.0 0.1479
180.0 0.0 -7.5 15.0 0.0013999999999999985
180.0 2.5 -7.5 15.0 -0.066
180.0 5.0 -7.5 15.0 0.28550000000000003
180.0 7.5 -7.5 15.0 0.3861
180.0 10.0 -7.5 15.0 0.2791
180.0 -5.0 -5.0 15.0 0.22799999999999998
180.0 -2.5 -5.0 15.0 0.6911
180.0 0.0 -5.0 15.0 0.7568
180.0 2.5 -5.0 15.0 0.1778
180.0 5.0 -5.0 15.0 0.8176
180.0 7.5 -5.0 15.0 0.4922
180.0 10.0 -5.0 15.0 0.5864
180.0 -5.0 -2.5 15.0 -2.0093
180.0 -2.5 -2.5 15.0 -1.3423
180.0 0.0 -2.5 15.0 -1.1592
180.0 2.5 -2.5 15.0 -0.787
180.0 5.0 -2.5 15.0 0.04960000000000003
180.0 10.0 -2.5 15.0 0.4219
180.0 -5.0 0.0 15.0 -7.1995000000000005
180.0 -2.5 0.0 15.0 -8.0907
180.0 0.0 0.0 15.0 -6.377000000000001
180.0 2.5 0.0 15.0 -3.2636
180.0 5.0 0.0 15.0 -1.0911
180.0 -5.0 2.5 15.0 -14.1079
180.0 -2.5 2.5 15.0 -16.7079
180.0 0.0 2.5 15.0 -12.0132
180.0 2.5 2.5 15.0 -6.665299999999999
180.0 5.0 2.5 15.0 -3.186
180.0 7.5 2.5 15.0 -0.21589999999999998
180.0 -5.0 5.0 15.0 -20.8016
180.0 -2.5 5.0 15.0 -24.7529
180.0 0.0 5.0 15.0 -16.3614
180.0 2.5 5.0 15.0 -9.3403
180.0 5.0 5.0 15.0 -3.0768
180.0 7.5 5.0 15.0 0.0746
180.0 10.0 5.0 15.0 -0.46530000000000005
180.0 -5.0 -10.0 16.25 -0.5812
180.0 -2.5 -10.0 16.25 -0.4085
180.0 0.0 -10.0 16.25 -0.11309999999999999
180.0 2.5 -10.0 16.25 -0.0731
180.0 5.0 -10.0 16.25 -0.07540000000000001
180.0 7.5 -10.0 16.25 -0.0212
180.0 10.0 -10.0 16.25 0.0
180.0 -5.0 -7.5 16.25 -0.3084
180.0 -2.5 -7.5 16.25 0.0010999999999999968
180.0 0.0 -7.5 16.25 -0.20980000000000001
180.0 2.5 -7.5 16.25 -0.236
180.0 5.0 -7.5 16.25 0.08460000000000001
180.0 7.5 -7.5 16.25 0.15580000000000002
180.0 10.0 -7.5 16.25 0.1341
180.0 -5.0 -5.0 16.25 -0.2822
180.0 -2.5 -5.0 16.25 0.2211
180.0 0.0 -5.0 16.25 0.0747
180.0 2.5 -5.0 16.25 0.1808
180.0 5.0 -5.0 16.25 0.07189999999999999
180.0 7.5 -5.0 16.25 0.2054
180.0 10.0 -5.0 16.25 0.2025
180.0 -5.0 -2.5 16.25 -1.1659000000000002
180.0 -2.5 -2.5 16.25 -1.385
180.0 0.0 -2.5 16.25 -0.9099
180.0 2.5 -2.5 16.25 -0.6693
180.0 5.0 -2.5 16.25 -0.3135
180.0 7.5 -2.5 16.25 -0.2109
180.0 10.0 -2.5 16.25 0.1067
180.0 -5.0 0.0 16.25 -5.805300000000001
180.0 -2.5 0.0 16.25 -5.651400000000001
180.0 0.0 0.0 16.25 -4.4282
180.0 2.5 0.0 16.25 -3.0155000000000003
180.0 5.0 0.0 16.25 -1.2708
180.0 7.5 0.0 16.25 -0.5083
180.0 -5.0 2.5 16.25 -11.6137
180.0 -2.5 2.5 16.25 -11.445
180.0 0.0 2.5 16.25 -9.0657
180.0 2.5 2.5 16.25 -5.5392
180.0 5.0 2.5 16.25 -2.3886000000000003
180.0 7.5 2.5 16.25 -1.2575
180.0 -5.0 5.0 16.25 -16.2029
180.0 -2.5 5.0 16.25 -16.893
180.0 0.0 5.0 16.25 -12.768
180.0 2.5 5.0 16.25 -7.8408
180.0 5.0 5.0 16.25 -3.4223
180.0 7.5 5.0 16.25 -0.6827
180.0 10.0 5.0 16.25 -1.4132
240.0 -5.0 -10.0 3.75 3797.4733
240.0 -2.5 -10.0 3.75 21337181.2925
240.0 0.0 -10.0 3.75 333.1338
240.0 2.5 -10.0 3.75 -8.2959
240.0 5.0 -10.0 3.75 -9.723600000000001
240.0 7.5 -10.0 3.75 -11.246099999999998
240.0 10.0 -10.0 3.75 -6.9975
240.0 -5.0 -7.5 3.75 182.6517
240.0 -2.5 -7.5 3.75 42333403.7964
240.0 0.0 -7.5 3.75 298671.6687
240.0 2.5 -7.5 3.75 38.152899999999995
240.0 5.0 -7.5 3.75 -12.074099999999998
240.0 7.5 -7.5 3.75 255.00029999999998
240.0 10.0 -7.5 3.75 49.8314
240.0 -5.0 -5.0 3.75 9999999967.370401
240.0 -2.5 -5.0 3.75 321776.92819999997
240.0 0.0 -5.0 3.75 9999999943.1347
240.0 2.5 -5.0 3.75 193540.5655
240.0 5.0 -5.0 3.75 1076573660.0989
240.0 7.5 -5.0 3.75 9999999745.4843
240.0 10.0 -5.0 3.75 9999999948.7191
240.0 -5.0 -2.5 3.75 10000000038.6539
240.0 -2.5 -2.5 3.75 2521458148.2315
240.0 0.0 -2.5 3.75 10000000149.5736
240.0 2.5 -2.5 3.75 9891523682.1301
240.0 5.0 -2.5 3.75 518410571.9595
240.0 7.5 -2.5 3.75 10000000008.0739
240.0 10.0 -2.5 3.75 4002099.0387000004
240.0 -5.0 0.0 3.75 10000000067.9526
240.0 -2.5 0.0 3.75 10000000007.4705
240.0 0.0 0.0 3.75 10000000046.248901
240.0 2.5 0.0 3.75 492064027.5863
240.0 5.0 0.0 3.75 1199391930.4059
240.0 7.5 0.0 3.75 161077355.643
240.0 10.0 0.0 3.75 1205815.1453
240.0 -5.0 2.5 3.75 10000000229.683
240.0 -2.5 2.5 3.75 10000000195.489801
240.0 0.0 2.5 3.75 9999999950.2183
240.0 2.5 2.5 3.75 10000000015.990501
240.0 5.0 2.5 3.75 4754010845.7766
240.0 7.5 2.5 3.75 30145625.0863
240.0 10.0 2.5 3.75 15234.6468
240.0 -5.0 5.0 3.75 9999999906.6979
240.0 -2.5 5.0 3.75 9999999937.932001
240.0 0.0 5.0 3.75 10000000084.066
240.0 2.5 5.0 3.75 9999999981.1558
240.0 5.0 5.0 3.75 3764271174.9327
240.0 7.5 5.0 3.75 123161.9653
240.0 10.0 5.0 3.75 8.1535
240.0 0.0 0.0 5.0 10000000060.727201
240.0 -2.5 2.5 5.0 10000000298.2528
240.0 -2.5 5.0 5.0 9999999910.3388
240.0 0.0 0.0 6.25 2215280692.3294
240.0 -2.5 2.5 6.25 9999999999.3952
240.0 0.0 2.5 6.25 9999999920.3323
240.0 -5.0 5.0 6.25 9999999834.386702
240.0 -2.5 5.0 6.25 10000000066.223902
240.0 2.5 -10.0 7.5 -7.8605
240.0 -2.5 -7.5 7.5 9999999990.9972
240.0 0.0 -5.0 7.5 21075080.1713
240.0 0.0 0.0 7.5 9999999943.6207
240.0 -2.5 2.5 7.5 9999999960.4883
240.0 0.0 2.5 7.5 9999999906.044102
240.0 -5.0 5.0 7.5 10000000118.1375
240.0 -2.5 5.0 7.5 9999999872.6931
240.0 0.0 5.0 7.5 9999999932.1544
240.0 0.0 -10.0 8.75 -8.4322
240.0 2.5 -10.0 8.75 -6.2879000000000005
240.0 5.0 -10.0 8.75 -5.5961
240.0 -2.5 -7.5 8.75 69855.1721
240.0 0.0 -7.5 8.75 145.9172
240.0 2.5 -7.5 8.75 -12.361799999999999
240.0 -2.5 -5.0 8.75 10200892.0374
240.0 0.0 -5.0 8.75 3566785.2639
240.0 0.0 -2.5 8.75 66894842.8412
240.0 2.5 -2.5 8.75 2135.1757000000002
240.0 -2.5 0.0 8.75 10000000025.719301
240.0 0.0 0.0 8.75 618413908.1918
240.0 -2.5 2.5 8.75 9999999983.8829
240.0 0.0 2.5 8.75 10000000110.114601
240.0 2.5 2.5 8.75 9999999976.5953
240.0 -5.0 5.0 8.75 9999999922.2262
240.0 -2.5 5.0 8.75 10000000272.559301
240.0 0.0 5.0 8.75 10000000384.4125
240.0 0.0 -10.0 10.0 -5.688199999999999
240.0 2.5 -10.0 10.0 -4.879499999999999
240.0 5.0 -10.0 10.0 -3.8830999999999998
240.0 -2.5 -7.5 10.0 19197.143
240.0 0.0 -7.5 10.0 -4.982900000000001
240.0 2.5 -7.5 10.0 -9.2769
240.0 -2.5 -5.0 10.0 4533692.8216
240.0 0.0 -5.0 10.0 2181.3276
240.0 -5.0 -2.5 10.0 10000000075.1397
240.0 -2.5 -2.5 10.0 25999849.3076
240.0 0.0 -2.5 10.0 19533402.0405
240.0 2.5 -2.5 10.0 77.63329999999999
240.0 -2.5 0.0 10.0 9999999992.3146
240.0 0.0 0.0 10.0 2807512693.9807
240.0 2.5 0.0 10.0 542745.7915
240.0 -5.0 2.5 10.0 9999999931.7516
240.0 -2.5 2.5 10.0 1020678506.5592
240.0 0.0 2.5 10.0 10000000006.437302
240.0 2.5 2.5 10.0 10000000117.7567
240.0 -5.0 5.0 10.0 10000000069.7402
240.0 -2.5 5.0 10.0 9999999862.1937
240.0 0.0 5.0 10.0 10000000037.479
240.0 2.5 5.0 10.0 42802001.5431
240.0 7.5 5.0 10.0 633.7322
240.0 -2.5 -10.0 11.25 -3.5481
240.0 0.0 -10.0 11.25 -3.6066000000000003
240.0 2.5 -10.0 11.25 -2.9478
240.0 5.0 -10.0 11.25 -2.3185000000000002
240.0 7.5 -10.0 11.25 -2.0411
240.0 10.0 -10.0 11.25 -1.5618999999999998
240.0 -5.0 -7.5 11.25 -6.0379000000000005
240.0 -2.5 -7.5 11.25 -4.4399
240.0 0.0 -7.5 11.25 -8.1791
240.0 2.5 -7.5 11.25 -6.6248000000000005
240.0 -2.5 -5.0 11.25 6367.2769
240.0 0.0 -5.0 11.25 -2.1591000000000005
240.0 2.5 -5.0 11.25 -12.4521
240.0 -5.0 -2.5 11.25 160821760.3478
240.0 -2.5 -2.5 11.25 258.2496
240.0 0.0 -2.5 11.25 200.3183
240.0 2.5 -2.5 11.25 -21.2167
240.0 -5.0 0.0 11.25 636063321.1385
240.0 -2.5 0.0 11.25 29319.3662
240.0 0.0 0.0 11.25 532.8118
240.0 2.5 0.0 11.25 678871.7167
240.0 -2.5 2.5 11.25 26812998.5695
240.0 0.0 2.5 11.25 187241445.9869
240.0 2.5 2.5 11.25 22032157.8312
240.0 5.0 2.5 11.25 3074311.5312
240.0 7.5 2.5 11.25 11618.959200000001
240.0 -5.0 5.0 11.25 9999999869.714201
240.0 -2.5 5.0 11.25 10000000232.7977
240.0 0.0 5.0 11.25 327096082.28970003
240.0 2.5 5.0 11.25 39757.5433
240.0 7.5 5.0 11.25 9.314400000000001
240.0 -2.5 -10.0 12.5 -1.9906000000000001
240.0 0.0 -10.0 12.5 -1.7418
240.0 2.5 -10.0 12.5 -1.1013000000000002
240.0 5.0 -10.0 12.5 -0.8895
240.0 7.5 -10.0 12.5 -0.8116
240.0 10.0 -10.0 12.5 -0.8798
240.0 -5.0 -7.5 12.5 -4.3973
240.0 -2.5 -7.5 12.5 -5.9316
240.0 0.0 -7.5 12.5 -5.5633
240.0 2.5 -7.5 12.5 -4.4621
240.0 5.0 -7.5 12.5 -3.4723
240.0 -5.0 -5.0 12.5 28.892200000000003
240.0 -2.5 -5.0 12.5 -11.083300000000001
240.0 0.0 -5.0 12.5 -10.6263
240.0 2.5 -5.0 12.5 -8.9999
240.0 5.0 -5.0 12.5 -7.5232
240.0 -5.0 -2.5 12.5 1719176.1828
240.0 -2.5 -2.5 12.5 0.3094999999999999
240.0 0.0 -2.5 12.5 -17.3913
240.0 2.5 -2.5 12.5 -17.1545
240.0 -5.0 0.0 12.5 9999999977.8181
240.0 -2.5 0.0 12.5 3918.5036
240.0 0.0 0.0 12.5 19.9574
240.0 2.5 0.0 12.5 4251.854200000001
240.0 5.0 0.0 12.5 1033.7750999999998
240.0 -5.0 2.5 12.5 147399911.262
240.0 -2.5 2.5 12.5 83325.59360000001
240.0 0.0 2.5 12.5 180756436.4381
240.0 2.5 2.5 12.5 1198268.9870999998
240.0 5.0 2.5 12.5 120458.4249
240.0 7.5 2.5 12.5 1.6435
240.0 -5.0 5.0 12.5 19893809.149
240.0 -2.5 5.0 12.5 3850897974.3122
240.0 0.0 5.0 12.5 16510.3021
240.0 2.5 5.0 12.5 165.44459999999998
240.0 5.0 5.0 12.5 -3.3505000000000003
240.0 7.5 5.0 12.5 7.550599999999999
240.0 -2.5 -10.0 13.75 -0.8905
240.0 0.0 -10.0 13.75 -0.7163
240.0 2.5 -10.0 13.75 0.004200000000000002
240.0 5.0 -10.0 13.75 0.14490000000000003
240.0 7.5 -10.0 13.75 -0.254
240.0 10.0 -10.0 13.75 -0.4351
240.0 -5.0 -7.5 13.75 -2.8379000000000003
240.0 -2.5 -7.5 13.75 -3.4846
240.0 0.0 -7.5 13.75 -3.1449
240.0 2.5 -7.5 13.75 -2.4008
240.0 5.0 -7.5 13.75 -1.9514
240.0 7.5 -7.5 13.75 -1.3858
240.0 10.0 -7.5 13.75 -0.6083
240.0 -5.0 -5.0 13.75 -7.7613
240.0 -2.5 -5.0 13.75 -7.7221
240.0 0.0 -5.0 13.75 -6.2764
240.0 2.5 -5.0 13.75 -6.0835
240.0 5.0 -5.0 13.75 -5.0639
240.0 -5.0 -2.5 13.75 502846.007
240.0 -2.5 -2.5 13.75 -10.9366
240.0 0.0 -2.5 13.75 -11.6018
240.0 2.5 -2.5 13.75 -11.3857
240.0 -5.0 0.0 13.75 59923397.063200004
240.0 -2.5 0.0 13.75 112.6427
240.0 0.0 0.0 13.75 -12.396700000000001
240.0 2.5 0.0 13.75 -2.4831999999999983
240.0 5.0 0.0 13.75 -12.6156
240.0 -5.0 2.5 13.75 4688.8543
240.0 -2.5 2.5 13.75 30.1918
240.0 0.0 2.5 13.75 1106.8013
240.0 2.5 2.5 13.75 103.61030000000001
240.0 5.0 2.5 13.75 -6.7719000000000005
240.0 7.5 2.5 13.75 -1.5133
240.0 10.0 2.5 13.75 2.3107
240.0 -5.0 5.0 13.75 579123.3657
240.0 -2.5 5.0 13.75 1466.2264
240.0 0.0 5.0 13.75 663.3663
240.0 2.5 5.0 13.75 -11.3472
240.0 5.0 5.0 13.75 -4.0645999999999995
240.0 7.5 5.0 13.75 5.063700000000001
240.0 10.0 5.0 13.75 6.2485
240.0 -5.0 -10.0 15.0 0.6607000000000001
240.0 -2.5 -10.0 15.0 -0.08020000000000001
240.0 0.0 -10.0 15.0 -0.2017
240.0 2.5 -10.0 15.0 0.2438
240.0 5.0 -10.0 15.0 0.2834
240.0 7.5 -10.0 15.0 -0.0108
240.0 10.0 -10.0 15.0 -0.12190000000000001
240.0 -5.0 -7.5 15.0 -1.4004
240.0 -2.5 -7.5 15.0 -1.8434
240.0 0.0 -7.5 15.0 -1.4765000000000001
240.0 2.5 -7.5 15.0 -1.191
240.0 5.0 -7.5 15.0 -0.8957
240.0 7.5 -7.5 15.0 -0.3771
240.0 10.0 -7.5 15.0 -0.19879999999999998
240.0 -5.0 -5.0 15.0 -5.2603
240.0 -2.5 -5.0 15.0 -4.8063
240.0 0.0 -5.0 15.0 -4.0112
240.0 2.5 -5.0 15.0 -3.4854
240.0 5.0 -5.0 15.0 -3.5431
240.0 10.0 -5.0 15.0 -0.5775
240.0 -5.0 -2.5 15.0 26.505700000000004
240.0 -2.5 -2.5 15.0 -7.6953
240.0 0.0 -2.5 15.0 -6.99
240.0 2.5 -2.5 15.0 -7.3953999999999995
240.0 5.0 -2.5 15.0 -6.4049000000000005
240.0 7.5 -2.5 15.0 -3.5519
240.0 -5.0 0.0 15.0 16663.3322
240.0 -2.5 0.0 15.0 -10.0175
240.0 0.0 0.0 15.0 -9.7307
240.0 2.5 0.0 15.0 -12.0063
240.0 5.0 0.0 15.0 -8.5395
240.0 7.5 0.0 15.0 -4.0997
240.0 -5.0 2.5 15.0 2.692
240.0 -2.5 2.5 15.0 -14.0717
240.0 0.0 2.5 15.0 -10.692
240.0 2.5 2.5 15.0 -12.8656
240.0 5.0 2.5 15.0 -8.5232
240.0 7.5 2.5 15.0 -1.2048
240.0 10.0 2.5 15.0 1.3578
240.0 -5.0 5.0 15.0 10.0912
240.0 -2.5 5.0 15.0 33.071799999999996
240.0 0.0 5.0 15.0 16.087899999999998
240.0 2.5 5.0 15.0 -13.6558
240.0 5.0 5.0 15.0 -4.6131
240.0 7.5 5.0 15.0 1.9411
240.0 10.0 5.0 15.0 3.9050999999999996
240.0 -5.0 -10.0 16.25 0.5917
240.0 -2.5 -10.0 16.25 0.3236
240.0 0.0 -10.0 16.25 0.2119
240.0 2.5 -10.0 16.25 0.048600000000000004
240.0 5.0 -10.0 16.25 0.0826
240.0 7.5 -10.0 16.25 0.0665
240.0 10.0 -10.0 16.25 0.0186
240.0 -5.0 -7.5 16.25 -0.2854
240.0 -2.5 -7.5 16.25 -0.8488
240.0 0.0 -7.5 16.25 -1.0131000000000001
240.0 2.5 -7.5 16.25 -0.34490000000000004
240.0 5.0 -7.5 16.25 -0.0997
240.0 7.5 -7.5 16.25 -0.1658
240.0 10.0 -7.5 16.25 -0.23529999999999998
240.0 -5.0 -5.0 16.25 -3.0822
240.0 -2.5 -5.0 16.25 -2.8494
240.0 0.0 -5.0 16.25 -2.3349
240.0 2.5 -5.0 16.25 -2.3817000000000004
240.0 5.0 -5.0 16.25 -2.1824999999999997
240.0 7.5 -5.0 16.25 -1.1313
240.0 10.0 -5.0 16.25 -0.2242
240.0 -5.0 -2.5 16.25 -7.3698999999999995
240.0 -2.5 -2.5 16.25 -5.7077
240.0 0.0 -2.5 16.25 -4.272
240.0 2.5 -2.5 16.25 -4.5822
240.0 5.0 -2.5 16.25 -4.2082
240.0 7.5 -2.5 16.25 -2.7399999999999998
240.0 10.0 -2.5 16.25 -0.8589
240.0 -5.0 0.0 16.25 -8.6534
240.0 -2.5 0.0 16.25 -7.3985
240.0 0.0 0.0 16.25 -6.661300000000001
240.0 2.5 0.0 16.25 -7.4793
240.0 5.0 0.0 16.25 -5.6665
240.0 7.5 0.0 16.25 -3.133
240.0 -5.0 2.5 16.25 -12.92
240.0 -2.5 2.5 16.25 -11.443000000000001
240.0 0.0 2.5 16.25 -9.155899999999999
240.0 2.5 2.5 16.25 -9.3799
240.0 5.0 2.5 16.25 -5.9266
240.0 7.5 2.5 16.25 -1.5416
240.0 10.0 2.5 16.25 0.39549999999999996
240.0 -5.0 5.0 16.25 -15.174
240.0 -2.5 5.0 16.25 -22.0786
240.0 0.0 5.0 16.25 -16.6358
240.0 2.5 5.0 16.25 -11.3094
240.0 5.0 5.0 16.25 -5.434900000000001
240.0 7.5 5.0 16.25 0.4341
240.0 10.0 5.0 16.25 1.9868
300.0 -5.0 -10.0 3.75 18227.803200000002
300.0 -2.5 -10.0 3.75 0.3485999999999998
300.0 0.0 -10.0 3.75 3.1349
300.0 2.5 -10.0 3.75 3.1245000000000003
300.0 5.0 -10.0 3.75 0.44109999999999994
300.0 7.5 -10.0 3.75 -0.6496
300.0 10.0 -10.0 3.75 -0.9028
300.0 -5.0 -7.5 3.75 175198104.8382
300.0 -2.5 -7.5 3.75 154764.1427
300.0 0.0 -7.5 3.75 2.2188
300.0 2.5 -7.5 3.75 5.1366
300.0 5.0 -7.5 3.75 27.7394
300.0 7.5 -7.5 3.75 -2.7565
300.0 10.0 -7.5 3.75 -1.8186
300.0 -5.0 -5.0 3.75 942963.9863
300.0 -2.5 -5.0 3.75 618666901.1392
300.0 0.0 -5.0 3.75 941771.2860000001
300.0 2.5 -5.0 3.75 32122069.8098
300.0 5.0 -5.0 3.75 8876345.8517
300.0 7.5 -5.0 3.75 306.3842
300.0 10.0 -5.0 3.75 -3.604
300.0 -5.0 -2.5 3.75 262189223.4745
300.0 -2.5 -2.5 3.75 309017.5818
300.0 0.0 -2.5 3.75 19761248.3004
300.0 2.5 -2.5 3.75 128598923.8907
300.0 5.0 -2.5 3.75 513392.9104
300.0 7.5 -2.5 3.75 528.0730000000001
300.0 10.0 -2.5 3.75 -10.4587
300.0 -5.0 0.0 3.75 10000000224.1825
300.0 -2.5 0.0 3.75 172609827.3614
300.0 0.0 0.0 3.75 10000000003.362202
300.0 2.5 0.0 3.75 9999999903.289501
300.0 5.0 0.0 3.75 10000000086.040901
300.0 7.5 0.0 3.75 68677.00989999999
300.0 10.0 0.0 3.75 287.844
300.0 -5.0 2.5 3.75 9999999990.075401
300.0 -2.5 2.5 3.75 10000000046.257502
300.0 0.0 2.5 3.75 10000000027.602701
300.0 2.5 2.5 3.75 10000000173.952002
300.0 5.0 2.5 3.75 9999999890.452501
300.0 7.5 2.5 3.75 742649.8506
300.0 10.0 2.5 3.75 1627324.7085
300.0 -5.0 5.0 3.75 9999999937.3162
300.0 -2.5 5.0 3.75 10000000031.738901
300.0 0.0 5.0 3.75 9999999985.7112
300.0 2.5 5.0 3.75 9999999691.7168
300.0 5.0 5.0 3.75 10000000020.6975
300.0 7.5 5.0 3.75 6834712629.5153
300.0 10.0 5.0 3.75 9999999988.304901
300.0 -2.5 -2.5 6.25 8415279845.942
300.0 0.0 -2.5 6.25 65636319.3394
300.0 2.5 -2.5 6.25 9999999953.745401
300.0 2.5 -5.0 7.5 560282038.6781
300.0 -2.5 -2.5 7.5 3687780213.7146997
300.0 0.0 -2.5 7.5 50690800.3803
300.0 0.0 0.0 7.5 9999999930.8827
300.0 0.0 2.5 7.5 10000000046.1177
300.0 5.0 -10.0 8.75 0.3017
300.0 2.5 -7.5 8.75 -1.1036
300.0 5.0 -7.5 8.75 -2.4378
300.0 0.0 -5.0 8.75 -4.2149
300.0 2.5 -5.0 8.75 445.0942
300.0 5.0 -5.0 8.75 61.3373
300.0 -5.0 -2.5 8.75 145775306.5866
300.0 -2.5 -2.5 8.75 73733656.0565
300.0 0.0 -2.5 8.75 31498.191499999997
300.0 2.5 -2.5 8.75 38253.2476
300.0 -5.0 0.0 8.75 80332097.057
300.0 0.0 0.0 8.75 10000000099.8314
300.0 0.0 2.5 8.75 10000000088.403502
300.0 0.0 5.0 8.75 10000000135.177101
300.0 0.0 -10.0 10.0 1.6132
300.0 2.5 -10.0 10.0 1.0764
300.0 5.0 -10.0 10.0 0.14679999999999999
300.0 7.5 -10.0 10.0 -0.3126
300.0 10.0 -10.0 10.0 -0.294
300.0 2.5 -7.5 10.0 -1.5518999999999998
300.0 5.0 -7.5 10.0 -2.9627999999999997
300.0 -5.0 -5.0 10.0 10000000006.264502
300.0 0.0 -5.0 10.0 -7.391299999999999
300.0 2.5 -5.0 10.0 -9.4333
300.0 5.0 -5.0 10.0 -11.9093
300.0 -5.0 -2.5 10.0 1770623743.0304
300.0 -2.5 -2.5 10.0 10000000037.7047
300.0 0.0 -2.5 10.0 197.3297
300.0 2.5 -2.5 10.0 31.618299999999998
300.0 -5.0 0.0 10.0 525270711.2956
300.0 -2.5 0.0 10.0 67189771.66679999
300.0 0.0 0.0 10.0 9999999973.0037
300.0 2.5 0.0 10.0 339056.45399999997
300.0 0.0 2.5 10.0 45770756.516
300.0 0.0 5.0 10.0 10000000074.267601
300.0 2.5 5.0 10.0 5431266544.2045
300.0 0.0 -10.0 11.25 1.0777
300.0 2.5 -10.0 11.25 0.4105
300.0 5.0 -10.0 11.25 0.06279999999999998
300.0 7.5 -10.0 11.25 -0.2187
300.0 10.0 -10.0 11.25 -0.2812
300.0 -2.5 -7.5 11.25 -1.9387999999999999
300.0 0.0 -7.5 11.25 -0.14890000000000003
300.0 2.5 -7.5 11.25 -1.6583999999999999
300.0 5.0 -7.5 11.25 -2.6971
300.0 7.5 -7.5 11.25 -1.9463000000000001
300.0 -5.0 -5.0 11.25 3209324.6906999997
300.0 -2.5 -5.0 11.25 312.3334
300.0 0.0 -5.0 11.25 -6.4436
300.0 2.5 -5.0 11.25 -9.0396
300.0 5.0 -5.0 11.25 -10.711200000000002
300.0 -5.0 -2.5 11.25 272075540.07060003
300.0 -2.5 -2.5 11.25 100845.8817
300.0 0.0 -2.5 11.25 -11.500399999999999
300.0 2.5 -2.5 11.25 -22.3838
300.0 -5.0 0.0 11.25 508717490.567
300.0 -2.5 0.0 11.25 189663603.9527
300.0 0.0 0.0 11.25 4011.3181
300.0 2.5 0.0 11.25 9999999922.839201
300.0 -5.0 2.5 11.25 1321328594.8662999
300.0 -2.5 2.5 11.25 27954859.2836
300.0 0.0 2.5 11.25 1975368117.548
300.0 2.5 2.5 11.25 9999999961.0835
300.0 5.0 2.5 11.25 9999999986.7637
300.0 0.0 5.0 11.25 246065890.30940002
300.0 2.5 5.0 11.25 2502813081.8313003
300.0 5.0 5.0 11.25 88620.5822
300.0 7.5 5.0 11.25 163.6988
300.0 -2.5 -10.0 12.5 0.5008999999999999
300.0 0.0 -10.0 12.5 0.4734999999999999
300.0 2.5 -10.0 12.5 0.13939999999999997
300.0 5.0 -10.0 12.5 -0.057
300.0 7.5 -10.0 12.5 -0.2822
300.0 10.0 -10.0 12.5 -0.2652
300.0 -2.5 -7.5 12.5 -1.2941000000000003
300.0 0.0 -7.5 12.5 -0.24270000000000003
300.0 2.5 -7.5 12.5 -1.4701
300.0 5.0 -7.5 12.5 -1.8862999999999999
300.0 7.5 -7.5 12.5 -1.5198
300.0 -5.0 -5.0 12.5 898.6039000000001
300.0 -2.5 -5.0 12.5 -8.5467
300.0 0.0 -5.0 12.5 -5.8956
300.0 2.5 -5.0 12.5 -6.5347
300.0 5.0 -5.0 12.5 -8.0452
300.0 -5.0 -2.5 12.5 2190417800.1647997
300.0 -2.5 -2.5 12.5 575.2662
300.0 0.0 -2.5 12.5 -14.7603
300.0 2.5 -2.5 12.5 -17.8021
300.0 5.0 -2.5 12.5 -22.0647
300.0 -5.0 0.0 12.5 2352473009.4178
300.0 -2.5 0.0 12.5 161592856.3887
300.0 0.0 0.0 12.5 255.31019999999998
300.0 2.5 0.0 12.5 644095758.0504
300.0 5.0 0.0 12.5 6339.7026
300.0 7.5 0.0 12.5 28.6922
300.0 -5.0 2.5 12.5 13437430.7308
300.0 -2.5 2.5 12.5 48057168.2998
300.0 0.0 2.5 12.5 68401.3477
300.0 2.5 2.5 12.5 4098481.4165000003
300.0 5.0 2.5 12.5 130001936.5345
300.0 7.5 2.5 12.5 3755.8782
300.0 -5.0 5.0 12.5 247006197.0964
300.0 -2.5 5.0 12.5 71117530.8987
300.0 0.0 5.0 12.5 17354593.634999998
300.0 2.5 5.0 12.5 273451.6133
300.0 5.0 5.0 12.5 1131.7874
300.0 7.5 5.0 12.5 -5.4055
300.0 -2.5 -10.0 13.75 -0.1428
300.0 0.0 -10.0 13.75 -0.1143
300.0 2.5 -10.0 13.75 -0.0711
300.0 5.0 -10.0 13.75 -0.247
300.0 7.5 -10.0 13.75 -0.33259999999999995
300.0 10.0 -10.0 13.75 -0.1928
300.0 -5.0 -7.5 13.75 -0.6567999999999999
300.0 -2.5 -7.5 13.75 -1.1932
300.0 0.0 -7.5 13.75 -1.0471
300.0 2.5 -7.5 13.75 -1.4089
300.0 5.0 -7.5 13.75 -1.5785
300.0 7.5 -7.5 13.75 -1.2409
300.0 -5.0 -5.0 13.75 37.375400000000006
300.0 -2.5 -5.0 13.75 -9.2098
300.0 0.0 -5.0 13.75 -4.6876
300.0 2.5 -5.0 13.75 -5.151800000000001
300.0 5.0 -5.0 13.75 -5.9065
300.0 -5.0 -2.5 13.75 2272193.8770000003
300.0 -2.5 -2.5 13.75 10.143099999999999
300.0 0.0 -2.5 13.75 -11.3709
300.0 2.5 -2.5 13.75 -13.2039
300.0 5.0 -2.5 13.75 -15.466
300.0 7.5 -2.5 13.75 -10.1831
300.0 -5.0 0.0 13.75 11347195.0432
300.0 -2.5 0.0 13.75 35495.847499999996
300.0 0.0 0.0 13.75 -16.3887
300.0 2.5 0.0 13.75 588.8661
300.0 5.0 0.0 13.75 6.974800000000002
300.0 7.5 0.0 13.75 -15.849799999999998
300.0 -5.0 2.5 13.75 13073.8606
300.0 -2.5 2.5 13.75 6463.9187
300.0 0.0 2.5 13.75 -9.0606
300.0 2.5 2.5 13.75 14.512900000000002
300.0 5.0 2.5 13.75 48051.787
300.0 7.5 2.5 13.75 -11.383799999999999
300.0 10.0 2.5 13.75 -5.7202
300.0 -5.0 5.0 13.75 21900.8303
300.0 -2.5 5.0 13.75 9999999979.2376
300.0 0.0 5.0 13.75 360834194.87570006
300.0 2.5 5.0 13.75 22.0456
300.0 5.0 5.0 13.75 -13.5257
300.0 7.5 5.0 13.75 -7.956799999999999
300.0 10.0 5.0 13.75 -4.9746999999999995
300.0 -2.5 -10.0 15.0 -0.3674
300.0 0.0 -10.0 15.0 -0.32949999999999996
300.0 2.5 -10.0 15.0 -0.1821
300.0 5.0 -10.0 15.0 -0.3246
300.0 7.5 -10.0 15.0 -0.40750000000000003
300.0 10.0 -10.0 15.0 -0.2196
300.0 -5.0 -7.5 15.0 -0.8236
300.0 -2.5 -7.5 15.0 -1.4852
300.0 0.0 -7.5 15.0 -1.4186
300.0 2.5 -7.5 15.0 -1.2144
300.0 5.0 -7.5 15.0 -1.343
300.0 7.5 -7.5 15.0 -1.1682
300.0 10.0 -7.5 15.0 -0.728
300.0 -5.0 -5.0 15.0 -4.79
300.0 -2.5 -5.0 15.0 -5.927899999999999
300.0 0.0 -5.0 15.0 -3.7407000000000004
300.0 2.5 -5.0 15.0 -3.9402999999999997
300.0 5.0 -5.0 15.0 -3.5755
300.0 7.5 -5.0 15.0 -2.6791
300.0 -5.0 -2.5 15.0 472.0549
300.0 -2.5 -2.5 15.0 -11.9712
300.0 0.0 -2.5 15.0 -8.939599999999999
300.0 2.5 -2.5 15.0 -8.480599999999999
300.0 5.0 -2.5 15.0 -9.0523
300.0 7.5 -2.5 15.0 -6.6041
300.0 10.0 -2.5 15.0 -1.7492
300.0 -5.0 0.0 15.0 6919.7363
300.0 -2.5 0.0 15.0 102.4392
300.0 0.0 0.0 15.0 -15.026900000000001
300.0 2.5 0.0 15.0 -13.2274
300.0 5.0 0.0 15.0 -15.0474
300.0 7.5 0.0 15.0 -10.4285
300.0 10.0 0.0 15.0 -2.8734
300.0 -5.0 2.5 15.0 1.8724999999999987
300.0 -2.5 2.5 15.0 -13.155199999999999
300.0 0.0 2.5 15.0 -27.5563
300.0 2.5 2.5 15.0 -21.6675
300.0 5.0 2.5 15.0 -14.4261
300.0 7.5 2.5 15.0 -9.95
300.0 10.0 2.5 15.0 -3.5474
300.0 -5.0 5.0 15.0 17.3653
300.0 -2.5 5.0 15.0 7835332.3212
300.0 0.0 5.0 15.0 22125.1661
300.0 2.5 5.0 15.0 -28.567300000000003
300.0 5.0 5.0 15.0 -13.8705
300.0 7.5 5.0 15.0 -7.7661
300.0 10.0 5.0 15.0 -3.8693
300.0 -5.0 -10.0 16.25 0.2273
300.0 -2.5 -10.0 16.25 -0.2957
300.0 0.0 -10.0 16.25 -0.1201
300.0 2.5 -10.0 16.25 -0.1292
300.0 5.0 -10.0 16.25 -0.3354
300.0 7.5 -10.0 16.25 -0.2801
300.0 10.0 -10.0 16.25 -0.0895
300.0 -5.0 -7.5 16.25 -0.8639
300.0 -2.5 -7.5 16.25 -1.0178
300.0 0.0 -7.5 16.25 -0.9772
300.0 2.5 -7.5 16.25 -1.1563
300.0 5.0 -7.5 16.25 -1.1588
300.0 7.5 -7.5 16.25 -0.9948
300.0 10.0 -7.5 16.25 -0.5195
300.0 -5.0 -5.0 16.25 -3.6291
300.0 -2.5 -5.0 16.25 -3.8204
300.0 0.0 -5.0 16.25 -3.7639
300.0 2.5 -5.0 16.25 -2.9552
300.0 5.0 -5.0 16.25 -2.9116999999999997
300.0 7.5 -5.0 16.25 -2.1213
300.0 10.0 -5.0 16.25 -1.1378
300.0 -5.0 -2.5 16.25 -5.9936
300.0 -2.5 -2.5 16.25 -8.1006
300.0 0.0 -2.5 16.25 -6.9899000000000004
300.0 2.5 -2.5 16.25 -6.1834
300.0 5.0 -2.5 16.25 -6.192
300.0 7.5 -2.5 16.25 -3.6333
300.0 10.0 -2.5 16.25 -1.4969000000000001
300.0 -5.0 0.0 16.25 -5.5805
300.0 -2.5 0.0 16.25 -12.7052
300.0 0.0 0.0 16.25 -11.3934
300.0 2.5 0.0 16.25 -10.812899999999999
300.0 5.0 0.0 16.25 -9.5729
300.0 7.5 0.0 16.25 -6.4972
300.0 10.0 0.0 16.25 -1.4413
300.0 -5.0 2.5 16.25 -21.2199
300.0 -2.5 2.5 16.25 -15.8093
300.0 0.0 2.5 16.25 -19.4716
300.0 2.5 2.5 16.25 -17.0152
300.0 5.0 2.5 16.25 -12.2333
300.0 7.5 2.5 16.25 -7.707599999999999
300.0 10.0 2.5 16.25 -2.4135
300.0 -5.0 5.0 16.25 -3.6454
300.0 -2.5 5.0 16.25 -4.4006
300.0 0.0 5.0 16.25 -29.1579
300.0 2.5 5.0 16.25 -21.9696
300.0 5.0 5.0 16.25 -13.041899999999998
300.0 7.5 5.0 16.25 -7.451
300.0 10.0 5.0 16.25 -2.9665
