0.0 5.0 -7.5 6.25 10000000100.466301
0.0 -2.5 5.0 6.25 39420031.2196
0.0 0.0 2.5 7.5 4740102.071
0.0 -2.5 5.0 7.5 12860.5274
0.0 0.0 5.0 7.5 8489162.431
0.0 2.5 -10.0 8.75 193825240.0442
0.0 5.0 -10.0 8.75 1017827082.2603999
0.0 7.5 -10.0 8.75 48349040.548599996
0.0 0.0 -7.5 8.75 10000000002.9211
0.0 5.0 -7.5 8.75 9999999986.990301
0.0 0.0 0.0 8.75 10000000010.2717
0.0 0.0 2.5 8.75 1496070324.3842
0.0 -2.5 5.0 8.75 1997864670.4513
0.0 0.0 5.0 8.75 233879092.3361
0.0 2.5 5.0 8.75 627678902.6949
0.0 5.0 5.0 8.75 4152461.3239999996
0.0 5.0 -10.0 10.0 35593336.300799996
0.0 7.5 -10.0 10.0 9999999956.9039
0.0 0.0 -7.5 10.0 497406788.0396
0.0 2.5 -7.5 10.0 9999999993.6212
0.0 5.0 -7.5 10.0 9999999975.989
0.0 -2.5 -5.0 10.0 10000000366.267
0.0 2.5 -5.0 10.0 395280961.1384
0.0 -2.5 -2.5 10.0 241132554.9458
0.0 0.0 -2.5 10.0 10000000066.973501
0.0 -2.5 0.0 10.0 9999999904.552
0.0 0.0 0.0 10.0 8499825223.1914
0.0 2.5 0.0 10.0 9573336214.0488
0.0 0.0 2.5 10.0 9999999653.183102
0.0 2.5 2.5 10.0 9999999886.531
0.0 7.5 2.5 10.0 1296476237.9654
0.0 -2.5 5.0 10.0 325577509.37909997
0.0 0.0 5.0 10.0 5212435426.8082
0.0 2.5 5.0 10.0 1928596209.3246
0.0 5.0 5.0 10.0 9999999992.043402
0.0 2.5 -10.0 11.25 10000000072.4353
0.0 5.0 -10.0 11.25 4212886.6378
0.0 7.5 -10.0 11.25 9999999934.8563
0.0 10.0 -10.0 11.25 555262423.1722
0.0 0.0 -7.5 11.25 9999999950.2688
0.0 2.5 -7.5 11.25 9999999881.441502
0.0 5.0 -7.5 11.25 286462324.3052
0.0 7.5 -7.5 11.25 10000000012.290401
0.0 -2.5 -5.0 11.25 10000000275.2984
0.0 0.0 -5.0 11.25 2048023525.593
0.0 2.5 -5.0 11.25 9999999807.886702
0.0 5.0 -5.0 11.25 10000000065.915401
0.0 -5.0 -2.5 11.25 120026424.3005
0.0 -2.5 -2.5 11.25 9999999921.306301
0.0 0.0 -2.5 11.25 9999999871.6095
0.0 7.5 -2.5 11.25 2052184698.0219
0.0 -2.5 0.0 11.25 135686842.8683
0.0 0.0 0.0 11.25 138825647.0223
0.0 2.5 0.0 11.25 9999999985.7024
0.0 -2.5 2.5 11.25 355008214.3862
0.0 0.0 2.5 11.25 9999999955.148602
0.0 2.5 2.5 11.25 9999999906.637201
0.0 5.0 2.5 11.25 9999999822.9375
0.0 7.5 2.5 11.25 9999999995.0396
0.0 -5.0 5.0 11.25 505814.26629999996
0.0 -2.5 5.0 11.25 167740817.0434
0.0 0.0 5.0 11.25 9999999958.7113
0.0 2.5 5.0 11.25 422976188.4156
0.0 5.0 5.0 11.25 9999999925.369501
0.0 7.5 5.0 11.25 9999999894.8412
0.0 0.0 -10.0 12.5 208233095.4486
0.0 2.5 -10.0 12.5 728355623.7214
0.0 5.0 -10.0 12.5 149204225.07329997
0.0 7.5 -10.0 12.5 8141591233.309999
0.0 10.0 -10.0 12.5 2154917.6042000004
0.0 -2.5 -7.5 12.5 4020033367.8978
0.0 0.0 -7.5 12.5 1367853550.8186002
0.0 2.5 -7.5 12.5 9999999969.7611
0.0 5.0 -7.5 12.5 377406649.04459995
0.0 7.5 -7.5 12.5 9999999808.0014
0.0 10.0 -7.5 12.5 316791314.7416
0.0 -5.0 -5.0 12.5 10000000036.488
0.0 -2.5 -5.0 12.5 89555477.5994
0.0 0.0 -5.0 12.5 9999999997.550201
0.0 2.5 -5.0 12.5 10000000048.615501
0.0 5.0 -5.0 12.5 319353485.1671
0.0 7.5 -5.0 12.5 9999999818.1917
0.0 10.0 -5.0 12.5 9999999813.8313
0.0 -5.0 -2.5 12.5 554103637.0154
0.0 -2.5 -2.5 12.5 675971422.2994
0.0 0.0 -2.5 12.5 9999999907.7665
0.0 2.5 -2.5 12.5 9999999902.0414
0.0 5.0 -2.5 12.5 9999999908.432402
0.0 7.5 -2.5 12.5 9999999778.271801
0.0 -5.0 0.0 12.5 116497024.0769
0.0 -2.5 0.0 12.5 308764156.69280005
0.0 0.0 0.0 12.5 10000000042.9927
0.0 2.5 0.0 12.5 4704899759.7819
0.0 5.0 0.0 12.5 9999999826.3593
0.0 -2.5 2.5 12.5 9999999724.0783
0.0 0.0 2.5 12.5 10000000122.6126
0.0 2.5 2.5 12.5 5536736205.7797
0.0 5.0 2.5 12.5 740141161.1249
0.0 7.5 2.5 12.5 2660029393.4675
0.0 10.0 2.5 12.5 128021895.3297
0.0 -5.0 5.0 12.5 1581158.9573000001
0.0 -2.5 5.0 12.5 10000000076.2373
0.0 0.0 5.0 12.5 10000000020.5589
0.0 2.5 5.0 12.5 209253297.5788
0.0 5.0 5.0 12.5 101866278.7801
0.0 7.5 5.0 12.5 9999999913.760801
0.0 10.0 5.0 12.5 8267.5269
0.0 0.0 -10.0 13.75 9999999950.0013
0.0 2.5 -10.0 13.75 38022792.8552
0.0 5.0 -10.0 13.75 10000000056.708801
0.0 7.5 -10.0 13.75 9999999904.5547
0.0 10.0 -10.0 13.75 2255.8138999999996
0.0 -2.5 -7.5 13.75 94470669.3459
0.0 0.0 -7.5 13.75 10000000020.469002
0.0 2.5 -7.5 13.75 732511217.8741001
0.0 5.0 -7.5 13.75 9999999889.9351
0.0 7.5 -7.5 13.75 5067143246.8733
0.0 10.0 -7.5 13.75 5290.9002
0.0 -5.0 -5.0 13.75 10000000115.5639
0.0 -2.5 -5.0 13.75 10000000142.6439
0.0 0.0 -5.0 13.75 8165740307.4140005
0.0 2.5 -5.0 13.75 9999999904.016401
0.0 5.0 -5.0 13.75 243005463.9269
0.0 7.5 -5.0 13.75 22427443.1938
0.0 10.0 -5.0 13.75 327450355.74649996
0.0 -5.0 -2.5 13.75 6249068033.315
0.0 -2.5 -2.5 13.75 113916787.4069
0.0 0.0 -2.5 13.75 478393759.4772
0.0 2.5 -2.5 13.75 9999999789.149302
0.0 5.0 -2.5 13.75 1934871790.7453
0.0 7.5 -2.5 13.75 9999999833.9344
0.0 -5.0 0.0 13.75 14017976.093500001
0.0 -2.5 0.0 13.75 10000000007.0417
0.0 0.0 0.0 13.75 1753047594.0397
0.0 2.5 0.0 13.75 9999999842.416
0.0 5.0 0.0 13.75 576351472.0198
0.0 7.5 0.0 13.75 16973765.4432
0.0 -5.0 2.5 13.75 515638538.08070004
0.0 -2.5 2.5 13.75 1351495059.7969
0.0 0.0 2.5 13.75 9999999913.056501
0.0 2.5 2.5 13.75 9999999786.854101
0.0 5.0 2.5 13.75 9999999714.2782
0.0 7.5 2.5 13.75 3097958583.2565
0.0 10.0 2.5 13.75 25751581.3665
0.0 -5.0 5.0 13.75 9469467.9342
0.0 -2.5 5.0 13.75 10000000048.533901
0.0 0.0 5.0 13.75 22307192.3178
0.0 2.5 5.0 13.75 71119992.91839999
0.0 5.0 5.0 13.75 581340048.2407
0.0 7.5 5.0 13.75 28262210.169600002
0.0 10.0 5.0 13.75 1411.0077
0.0 -5.0 -10.0 15.0 1267.8708
0.0 -2.5 -10.0 15.0 9999999980.622702
0.0 0.0 -10.0 15.0 87485462.63419999
0.0 2.5 -10.0 15.0 54114570.9536
0.0 5.0 -10.0 15.0 17186452.9689
0.0 7.5 -10.0 15.0 281697249.2629
0.0 10.0 -10.0 15.0 -34.307500000000005
0.0 -5.0 -7.5 15.0 156619461.4967
0.0 -2.5 -7.5 15.0 80513242.3899
0.0 0.0 -7.5 15.0 9999999886.4507
0.0 2.5 -7.5 15.0 44421777.962400004
0.0 5.0 -7.5 15.0 9999999907.1537
0.0 7.5 -7.5 15.0 2753296.6628
0.0 10.0 -7.5 15.0 3303.9096
0.0 -5.0 -5.0 15.0 2391183880.2004
0.0 -2.5 -5.0 15.0 1720816489.0868
0.0 0.0 -5.0 15.0 1103593467.894
0.0 2.5 -5.0 15.0 56913113.0779
0.0 5.0 -5.0 15.0 9999999854.8197
0.0 7.5 -5.0 15.0 9999999835.7583
0.0 10.0 -5.0 15.0 461.4775000000001
0.0 -5.0 -2.5 15.0 202560227.1462
0.0 -2.5 -2.5 15.0 10000000069.8955
0.0 0.0 -2.5 15.0 10000000103.1501
0.0 2.5 -2.5 15.0 9999999947.075
0.0 5.0 -2.5 15.0 357407596.0077
0.0 7.5 -2.5 15.0 9999999833.535501
0.0 10.0 -2.5 15.0 232688986.4319
0.0 -5.0 0.0 15.0 10000000020.9584
0.0 -2.5 0.0 15.0 20068734.795199998
0.0 0.0 0.0 15.0 3522322.3482
0.0 2.5 0.0 15.0 9999999984.6951
0.0 5.0 0.0 15.0 56031034.843
0.0 7.5 0.0 15.0 343560409.5557
0.0 10.0 0.0 15.0 65721256.062
0.0 -5.0 2.5 15.0 9999999942.2183
0.0 -2.5 2.5 15.0 6732590.4805
0.0 0.0 2.5 15.0 2864297.2444
0.0 2.5 2.5 15.0 10000000014.147701
0.0 5.0 2.5 15.0 143132510.48270002
0.0 7.5 2.5 15.0 3639786527.8885
0.0 10.0 2.5 15.0 91867620.3432
0.0 -5.0 5.0 15.0 27029701.5893
0.0 -2.5 5.0 15.0 10000000002.9969
0.0 0.0 5.0 15.0 16102420.0449
0.0 2.5 5.0 15.0 3261966.5676
0.0 5.0 5.0 15.0 17431.620899999998
0.0 7.5 5.0 15.0 1493.2866
0.0 10.0 5.0 15.0 52.839099999999995
0.0 -5.0 -10.0 16.25 26.1043
0.0 -2.5 -10.0 16.25 27274.3963
0.0 0.0 -10.0 16.25 10000000090.774
0.0 2.5 -10.0 16.25 734230361.1744
0.0 5.0 -10.0 16.25 20473741.7754
0.0 7.5 -10.0 16.25 246221.9261
0.0 10.0 -10.0 16.25 -35.252700000000004
0.0 -5.0 -7.5 16.25 2037753.0026
0.0 -2.5 -7.5 16.25 9999999974.074701
0.0 0.0 -7.5 16.25 10000000009.0485
0.0 2.5 -7.5 16.25 1724260923.0706
0.0 5.0 -7.5 16.25 9999999977.8306
0.0 7.5 -7.5 16.25 323822.8522
0.0 10.0 -7.5 16.25 -61.4264
0.0 -5.0 -5.0 16.25 10000000116.280201
0.0 -2.5 -5.0 16.25 2893714790.0634003
0.0 0.0 -5.0 16.25 9999999955.6446
0.0 2.5 -5.0 16.25 9999999865.4682
0.0 5.0 -5.0 16.25 787253582.3061
0.0 7.5 -5.0 16.25 141403.4477
0.0 10.0 -5.0 16.25 -78.6367
0.0 -5.0 -2.5 16.25 1056311475.794
0.0 -2.5 -2.5 16.25 750621839.4179
0.0 0.0 -2.5 16.25 9999999948.865301
0.0 2.5 -2.5 16.25 9999999873.7686
0.0 5.0 -2.5 16.25 6802897380.5494
0.0 7.5 -2.5 16.25 9999999844.978802
0.0 10.0 -2.5 16.25 10028.2061
0.0 -5.0 0.0 16.25 10000000040.656301
0.0 -2.5 0.0 16.25 592301812.4191
0.0 0.0 0.0 16.25 10000000355.9731
0.0 2.5 0.0 16.25 4355909354.7262
0.0 5.0 0.0 16.25 89722896.3244
0.0 7.5 0.0 16.25 1168960915.6727
0.0 10.0 0.0 16.25 368227.93519999995
0.0 -5.0 2.5 16.25 1148814.1581
0.0 -2.5 2.5 16.25 231697.8317
0.0 0.0 2.5 16.25 7386511054.0502
0.0 2.5 2.5 16.25 9384603782.0413
0.0 5.0 2.5 16.25 3854200.8063999997
0.0 7.5 2.5 16.25 3681934.8188
0.0 10.0 2.5 16.25 159556.2194
0.0 -5.0 5.0 16.25 9014.4485
0.0 -2.5 5.0 16.25 26994.7429
0.0 0.0 5.0 16.25 8606.265300000001
0.0 2.5 5.0 16.25 498.79029999999995
0.0 5.0 5.0 16.25 354.19849999999997
0.0 7.5 5.0 16.25 10414553.494
0.0 10.0 5.0 16.25 -42.368
60.0 -5.0 -10.0 3.75 9999999979.743801
60.0 -2.5 -10.0 3.75 10000000178.692902
60.0 0.0 -10.0 3.75 75907426.82360001
60.0 2.5 -10.0 3.75 9999999985.1501
60.0 5.0 -10.0 3.75 9999999954.6585
60.0 7.5 -10.0 3.75 1611884173.0714998
60.0 10.0 -10.0 3.75 71213.1565
60.0 -5.0 -7.5 3.75 9999999544.8157
60.0 -2.5 -7.5 3.75 9999999952.7457
60.0 0.0 -7.5 3.75 10000000063.441
60.0 2.5 -7.5 3.75 10000000434.7908
60.0 5.0 -7.5 3.75 9999999901.324902
60.0 7.5 -7.5 3.75 10000000306.9209
60.0 10.0 -7.5 3.75 294437085.9833
60.0 -5.0 -5.0 3.75 10000000058.022501
60.0 -2.5 -5.0 3.75 10000000375.2077
60.0 0.0 -5.0 3.75 10000000045.5508
60.0 2.5 -5.0 3.75 9999999909.5189
60.0 5.0 -5.0 3.75 9999999886.567001
60.0 7.5 -5.0 3.75 9999999714.695702
60.0 10.0 -5.0 3.75 10000000014.202702
60.0 -5.0 -2.5 3.75 1196152619.3511
60.0 -2.5 -2.5 3.75 10000000469.033401
60.0 0.0 -2.5 3.75 10000000187.106602
60.0 2.5 -2.5 3.75 10000000033.1571
60.0 5.0 -2.5 3.75 9276986229.380001
60.0 7.5 -2.5 3.75 9999999980.8453
60.0 10.0 -2.5 3.75 9999999896.363201
60.0 -5.0 0.0 3.75 3849781280.9219
60.0 -2.5 0.0 3.75 837401016.4298999
60.0 0.0 0.0 3.75 9999999999.072401
60.0 2.5 0.0 3.75 4960870983.7487
60.0 5.0 0.0 3.75 10000000055.3964
60.0 7.5 0.0 3.75 9999999905.7162
60.0 10.0 0.0 3.75 120645766.3572
60.0 -5.0 2.5 3.75 9999999992.142
60.0 -2.5 2.5 3.75 10000000252.395401
60.0 0.0 2.5 3.75 1390899993.1572
60.0 2.5 2.5 3.75 56151179.1979
60.0 5.0 2.5 3.75 98272383.6672
60.0 7.5 2.5 3.75 9999999930.5338
60.0 10.0 2.5 3.75 9999999835.466702
60.0 -5.0 5.0 3.75 81471134.484
60.0 -2.5 5.0 3.75 4243944.7078
60.0 0.0 5.0 3.75 9205150467.360899
60.0 2.5 5.0 3.75 82733153.87470001
60.0 5.0 5.0 3.75 78138868.0848
60.0 7.5 5.0 3.75 455455964.4523
60.0 10.0 5.0 3.75 1104340255.7598999
60.0 2.5 -2.5 5.0 9999999974.193602
60.0 0.0 0.0 5.0 10000000076.933
60.0 0.0 2.5 5.0 142443928.9267
60.0 2.5 -2.5 6.25 10000000290.5699
60.0 0.0 0.0 6.25 1967225491.1906
60.0 0.0 2.5 6.25 10000000072.4561
60.0 0.0 5.0 6.25 10000000203.287
60.0 2.5 -5.0 7.5 10000000379.670301
60.0 2.5 -2.5 7.5 10000000146.6445
60.0 5.0 -2.5 7.5 10000000051.7625
60.0 -2.5 0.0 7.5 10000000317.5895
60.0 0.0 0.0 7.5 2806762027.9700003
60.0 2.5 0.0 7.5 9999999967.0247
60.0 0.0 2.5 7.5 10000000182.652401
60.0 0.0 5.0 7.5 745959913.1398001
60.0 2.5 -7.5 8.75 766563536.7324001
60.0 2.5 -5.0 8.75 10000000143.1112
60.0 5.0 -5.0 8.75 9999999897.002201
60.0 0.0 -2.5 8.75 10000000123.1028
60.0 2.5 -2.5 8.75 10000000058.3486
60.0 -2.5 0.0 8.75 10000000035.872702
60.0 0.0 0.0 8.75 536953088.8774
60.0 2.5 0.0 8.75 10000000028.2031
60.0 -2.5 2.5 8.75 9999999929.785301
60.0 0.0 2.5 8.75 247144429.3309
60.0 0.0 5.0 8.75 79104123.2279
60.0 5.0 -10.0 10.0 7530228889.402599
60.0 2.5 -7.5 10.0 9999999984.7612
60.0 5.0 -7.5 10.0 8942668570.7748
60.0 7.5 -7.5 10.0 448224106.36620003
60.0 0.0 -5.0 10.0 10000000183.6616
60.0 2.5 -5.0 10.0 9999999904.7201
60.0 5.0 -5.0 10.0 9999999957.5778
60.0 -2.5 -2.5 10.0 1298062496.2086
60.0 0.0 -2.5 10.0 9999999965.587101
60.0 2.5 -2.5 10.0 10000000214.2043
60.0 5.0 -2.5 10.0 9999999835.7896
60.0 7.5 -2.5 10.0 9999999840.513601
60.0 -2.5 0.0 10.0 10000000058.553202
60.0 0.0 0.0 10.0 10000000094.261301
60.0 2.5 0.0 10.0 9999999940.386301
60.0 -2.5 2.5 10.0 430056000.04929996
60.0 0.0 2.5 10.0 9999999979.057001
60.0 2.5 2.5 10.0 10000000053.5578
60.0 -2.5 5.0 10.0 6725807193.837601
60.0 0.0 5.0 10.0 9999999977.6784
60.0 2.5 5.0 10.0 10000000013.137001
60.0 2.5 -10.0 11.25 10000000250.9053
60.0 5.0 -10.0 11.25 10000000087.157001
60.0 10.0 -10.0 11.25 11.1721
60.0 0.0 -7.5 11.25 9999999979.798
60.0 2.5 -7.5 11.25 3480455349.0776
60.0 5.0 -7.5 11.25 10000000066.7427
60.0 7.5 -7.5 11.25 250640976.1228
60.0 0.0 -5.0 11.25 10000000030.689701
60.0 2.5 -5.0 11.25 85720594.64459999
60.0 5.0 -5.0 11.25 9999999871.8875
60.0 -2.5 -2.5 11.25 9999999904.161901
60.0 0.0 -2.5 11.25 9999999986.432701
60.0 2.5 -2.5 11.25 10000000162.4929
60.0 5.0 -2.5 11.25 9999999959.0417
60.0 7.5 -2.5 11.25 9999999969.462
60.0 -5.0 0.0 11.25 9999999935.6219
60.0 -2.5 0.0 11.25 10000000010.7141
60.0 0.0 0.0 11.25 10000000030.020401
60.0 2.5 0.0 11.25 10000000007.395102
60.0 5.0 0.0 11.25 2478236741.496
60.0 -5.0 2.5 11.25 80963501.33500001
60.0 -2.5 2.5 11.25 3775205098.9702997
60.0 0.0 2.5 11.25 9999999941.3507
60.0 2.5 2.5 11.25 9999999987.987501
60.0 5.0 2.5 11.25 9999999566.714
60.0 -2.5 5.0 11.25 354859046.55979997
60.0 0.0 5.0 11.25 8433230164.305901
60.0 2.5 5.0 11.25 9999999893.407701
60.0 5.0 5.0 11.25 134613903.21220002
60.0 7.5 5.0 11.25 25581583.111
60.0 -2.5 -10.0 12.5 9999999980.7777
60.0 0.0 -10.0 12.5 9999999982.0524
60.0 2.5 -10.0 12.5 9999999983.3703
60.0 5.0 -10.0 12.5 10000000113.852901
60.0 7.5 -10.0 12.5 6955490.505
60.0 10.0 -10.0 12.5 4.6438
60.0 0.0 -7.5 12.5 9999999927.562601
60.0 2.5 -7.5 12.5 562562424.9604
60.0 5.0 -7.5 12.5 5580199750.595301
60.0 7.5 -7.5 12.5 14168066.6629
60.0 10.0 -7.5 12.5 -15.125099999999998
60.0 -2.5 -5.0 12.5 10000000087.413502
60.0 0.0 -5.0 12.5 9999999964.4417
60.0 2.5 -5.0 12.5 10000000034.405201
60.0 5.0 -5.0 12.5 1148901085.6719
60.0 7.5 -5.0 12.5 9999999925.0018
60.0 -5.0 -2.5 12.5 10000000093.907202
60.0 -2.5 -2.5 12.5 3594805190.2111
60.0 0.0 -2.5 12.5 9999999902.1693
60.0 2.5 -2.5 12.5 9999999591.8845
60.0 5.0 -2.5 12.5 9999999894.8532
60.0 7.5 -2.5 12.5 9999999851.366001
60.0 -5.0 0.0 12.5 9999999939.0821
60.0 -2.5 0.0 12.5 730432244.9325999
60.0 0.0 0.0 12.5 4251716077.5544
60.0 2.5 0.0 12.5 207163844.1938
60.0 5.0 0.0 12.5 9999999785.0939
60.0 -5.0 2.5 12.5 10000000009.933601
60.0 -2.5 2.5 12.5 101164388.6628
60.0 0.0 2.5 12.5 3857614965.7443995
60.0 2.5 2.5 12.5 9999999908.819601
60.0 5.0 2.5 12.5 9999999968.961
60.0 7.5 2.5 12.5 9999999899.9521
60.0 -5.0 5.0 12.5 48255056.1866
60.0 -2.5 5.0 12.5 9999999960.955301
60.0 0.0 5.0 12.5 348382431.13240004
60.0 2.5 5.0 12.5 2319588.1842
60.0 5.0 5.0 12.5 9999999904.9986
60.0 7.5 5.0 12.5 9999999873.833601
60.0 10.0 5.0 12.5 1492818612.3221002
60.0 -2.5 -10.0 13.75 1881027285.4333
60.0 0.0 -10.0 13.75 9999999981.258501
60.0 2.5 -10.0 13.75 647788222.6753
60.0 5.0 -10.0 13.75 784759.0596
60.0 7.5 -10.0 13.75 881.2121000000001
60.0 10.0 -10.0 13.75 1.9169999999999998
60.0 0.0 -7.5 13.75 959725235.9322001
60.0 2.5 -7.5 13.75 10000000003.4785
60.0 5.0 -7.5 13.75 295532727.6936
60.0 7.5 -7.5 13.75 32824.654800000004
60.0 10.0 -7.5 13.75 -26.1363
60.0 -2.5 -5.0 13.75 261518923.9487
60.0 0.0 -5.0 13.75 9999999767.6282
60.0 2.5 -5.0 13.75 3668395937.1137004
60.0 5.0 -5.0 13.75 9999999815.031801
60.0 7.5 -5.0 13.75 125159726.61819999
60.0 10.0 -5.0 13.75 148030.2518
60.0 -5.0 -2.5 13.75 1720757221.54
60.0 -2.5 -2.5 13.75 5952047306.9526
60.0 0.0 -2.5 13.75 9999999820.8668
60.0 2.5 -2.5 13.75 9999999892.4873
60.0 5.0 -2.5 13.75 9999999973.5386
60.0 7.5 -2.5 13.75 199944223.4603
60.0 -5.0 0.0 13.75 9999999992.086802
60.0 -2.5 0.0 13.75 10000000025.272001
60.0 0.0 0.0 13.75 9999999954.0359
60.0 2.5 0.0 13.75 10000000009.0951
60.0 5.0 0.0 13.75 9999999715.014301
60.0 -5.0 2.5 13.75 9999999840.2787
60.0 -2.5 2.5 13.75 9999999772.0091
60.0 0.0 2.5 13.75 10000000224.8609
60.0 2.5 2.5 13.75 6416972609.7797
60.0 5.0 2.5 13.75 9999999799.2658
60.0 7.5 2.5 13.75 9999999805.458601
60.0 -5.0 5.0 13.75 44080315.596099995
60.0 -2.5 5.0 13.75 1705459099.4982
60.0 0.0 5.0 13.75 3994899.7489
60.0 2.5 5.0 13.75 464744.14619999996
60.0 5.0 5.0 13.75 34915266.480399996
60.0 7.5 5.0 13.75 399451722.6576
60.0 10.0 5.0 13.75 11613697.3884
60.0 -5.0 -10.0 15.0 381997.512
60.0 -2.5 -10.0 15.0 102094.16649999999
60.0 0.0 -10.0 15.0 16517671.000899998
60.0 2.5 -10.0 15.0 403410784.80600005
60.0 5.0 -10.0 15.0 5631.9878
60.0 7.5 -10.0 15.0 17.2753
60.0 10.0 -10.0 15.0 0.6038999999999999
60.0 -5.0 -7.5 15.0 10000000074.8805
60.0 -2.5 -7.5 15.0 10000000017.0935
60.0 0.0 -7.5 15.0 6138596701.0828
60.0 2.5 -7.5 15.0 769073100.7832
60.0 5.0 -7.5 15.0 10000000191.7094
60.0 7.5 -7.5 15.0 160.385
60.0 10.0 -7.5 15.0 -22.5115
60.0 -5.0 -5.0 15.0 10000000085.1263
60.0 -2.5 -5.0 15.0 5713069.713199999
60.0 0.0 -5.0 15.0 9999999673.206001
60.0 2.5 -5.0 15.0 10000000073.9062
60.0 5.0 -5.0 15.0 83666092.9981
60.0 7.5 -5.0 15.0 227095.16040000002
60.0 10.0 -5.0 15.0 118.62429999999999
60.0 -5.0 -2.5 15.0 3382849254.6266003
60.0 -2.5 -2.5 15.0 2618459423.6761003
60.0 0.0 -2.5 15.0 865437214.4749
60.0 2.5 -2.5 15.0 9999999700.9999
60.0 5.0 -2.5 15.0 30580039.305200003
60.0 7.5 -2.5 15.0 2717015364.0608
60.0 10.0 -2.5 15.0 -52.48819999999999
60.0 -5.0 0.0 15.0 9999999972.344301
60.0 -2.5 0.0 15.0 10000000095.0102
60.0 0.0 0.0 15.0 9999999874.7261
60.0 2.5 0.0 15.0 9999999847.579802
60.0 5.0 0.0 15.0 9999999706.544
60.0 7.5 0.0 15.0 465090502.9618
60.0 -5.0 2.5 15.0 9999999926.468801
60.0 -2.5 2.5 15.0 9999999902.791601
60.0 0.0 2.5 15.0 1388905185.9196
60.0 2.5 2.5 15.0 9999999571.9291
60.0 5.0 2.5 15.0 9999999934.4421
60.0 7.5 2.5 15.0 9999999884.289701
60.0 10.0 2.5 15.0 406607020.808
60.0 -5.0 5.0 15.0 45239.8069
60.0 -2.5 5.0 15.0 17780.974599999998
60.0 0.0 5.0 15.0 10773.060300000001
60.0 2.5 5.0 15.0 213.71290000000002
60.0 5.0 5.0 15.0 8843.572
60.0 7.5 5.0 15.0 75363.3381
60.0 10.0 5.0 15.0 2191.3164
60.0 -5.0 -10.0 16.25 5921.8053
60.0 -2.5 -10.0 16.25 5060.2922
60.0 0.0 -10.0 16.25 9046.5887
60.0 2.5 -10.0 16.25 10000000093.4349
60.0 5.0 -10.0 16.25 83.83200000000001
60.0 7.5 -10.0 16.25 2.9081
60.0 10.0 -10.0 16.25 -0.30010000000000003
60.0 -5.0 -7.5 16.25 60549639.089499995
60.0 -2.5 -7.5 16.25 1910580.2736
60.0 0.0 -7.5 16.25 2396075241.75
60.0 2.5 -7.5 16.25 42138686.5528
60.0 5.0 -7.5 16.25 25196.1307
60.0 7.5 -7.5 16.25 -24.8139
60.0 10.0 -7.5 16.25 -16.1886
60.0 -5.0 -5.0 16.25 2805108628.8873
60.0 -2.5 -5.0 16.25 127099013.6076
60.0 0.0 -5.0 16.25 9999999982.7003
60.0 2.5 -5.0 16.25 20843109.3458
60.0 5.0 -5.0 16.25 1301488851.6062
60.0 7.5 -5.0 16.25 149.9008
60.0 10.0 -5.0 16.25 -34.0176
60.0 -5.0 -2.5 16.25 9999999858.733301
60.0 -2.5 -2.5 16.25 10000000049.866901
60.0 0.0 -2.5 16.25 669006986.4946
60.0 2.5 -2.5 16.25 549288775.7644
60.0 5.0 -2.5 16.25 197966376.0637
60.0 7.5 -2.5 16.25 10000000352.4916
60.0 10.0 -2.5 16.25 -49.5541
60.0 -5.0 0.0 16.25 10000000189.5902
60.0 -2.5 0.0 16.25 9999999912.008501
60.0 0.0 0.0 16.25 3949235807.7296
60.0 2.5 0.0 16.25 6525989831.9003
60.0 5.0 0.0 16.25 9999999938.1292
60.0 7.5 0.0 16.25 4616550447.207601
60.0 10.0 0.0 16.25 2989.4703000000004
60.0 -5.0 2.5 16.25 671083426.8916
60.0 -2.5 2.5 16.25 110813767.0088
60.0 0.0 2.5 16.25 15761612.4713
60.0 2.5 2.5 16.25 3106851.7768
60.0 5.0 2.5 16.25 9999999984.606901
60.0 7.5 2.5 16.25 477232671.5952
60.0 10.0 2.5 16.25 2509244.1095
60.0 -5.0 5.0 16.25 10236.681
60.0 -2.5 5.0 16.25 46985.7505
60.0 0.0 5.0 16.25 -51.8102
60.0 2.5 5.0 16.25 290.61519999999996
60.0 5.0 5.0 16.25 266849.9637
60.0 7.5 5.0 16.25 44308486.4139
60.0 10.0 5.0 16.25 98.845
120.0 -5.0 -10.0 3.75 91787354.8689
120.0 -2.5 -10.0 3.75 8623563338.0601
120.0 0.0 -10.0 3.75 5558181087.2754
120.0 2.5 -10.0 3.75 10000000008.134401
120.0 5.0 -10.0 3.75 4931259406.6347
120.0 7.5 -10.0 3.75 462246203.34529996
120.0 10.0 -10.0 3.75 569985393.3814
120.0 -5.0 -7.5 3.75 9999999978.4423
120.0 -2.5 -7.5 3.75 2609239329.8747
120.0 0.0 -7.5 3.75 10000000074.3183
120.0 2.5 -7.5 3.75 10000000079.8929
120.0 5.0 -7.5 3.75 9999999848.8444
120.0 7.5 -7.5 3.75 405787613.4278
120.0 10.0 -7.5 3.75 189825986.74809998
120.0 -5.0 -5.0 3.75 9999999812.482302
120.0 -2.5 -5.0 3.75 6723473005.822101
120.0 0.0 -5.0 3.75 10000000119.459002
120.0 2.5 -5.0 3.75 9999999985.8405
120.0 5.0 -5.0 3.75 10000000060.8446
120.0 7.5 -5.0 3.75 10000000169.945002
120.0 10.0 -5.0 3.75 1314566056.1455
120.0 -5.0 -2.5 3.75 9999999958.206001
120.0 -2.5 -2.5 3.75 10000000070.707401
120.0 0.0 -2.5 3.75 9999999803.658401
120.0 2.5 -2.5 3.75 9999999904.807402
120.0 5.0 -2.5 3.75 9999999771.612701
120.0 7.5 -2.5 3.75 9999999969.965101
120.0 10.0 -2.5 3.75 733923062.8301
120.0 -5.0 0.0 3.75 9999999963.8616
120.0 -2.5 0.0 3.75 9999999911.451302
120.0 0.0 0.0 3.75 9999999844.210402
120.0 2.5 0.0 3.75 9999999774.0228
120.0 5.0 0.0 3.75 10000000185.0834
120.0 7.5 0.0 3.75 9999999939.390001
120.0 10.0 0.0 3.75 1983806388.78
120.0 -5.0 2.5 3.75 453540244.4647
120.0 -2.5 2.5 3.75 9999999829.3197
120.0 0.0 2.5 3.75 9999999843.163301
120.0 2.5 2.5 3.75 9999999960.342001
120.0 5.0 2.5 3.75 9999999985.3819
120.0 7.5 2.5 3.75 1321016038.0999
120.0 10.0 2.5 3.75 6819938916.8641
120.0 -5.0 5.0 3.75 55802.7543
120.0 -2.5 5.0 3.75 137741329.43519998
120.0 0.0 5.0 3.75 2388165.8301
120.0 2.5 5.0 3.75 320088839.6802
120.0 5.0 5.0 3.75 10000000238.733301
120.0 7.5 5.0 3.75 1684276562.7858999
120.0 10.0 5.0 3.75 303066.7028
120.0 -2.5 5.0 5.0 500061324.835
120.0 -2.5 2.5 6.25 9999999936.7525
120.0 -2.5 5.0 6.25 113691094.7004
120.0 2.5 -7.5 7.5 1084471340.1819
120.0 0.0 -5.0 7.5 9999999959.522501
120.0 -2.5 0.0 7.5 9999999989.9319
120.0 -2.5 2.5 7.5 1659401613.622
120.0 0.0 2.5 7.5 3889895868.3455997
120.0 -2.5 5.0 7.5 868173.9979000001
120.0 0.0 5.0 7.5 10000000086.1357
120.0 2.5 -7.5 8.75 10000000093.2425
120.0 5.0 -7.5 8.75 10000000049.128101
120.0 0.0 -5.0 8.75 10000000217.6746
120.0 0.0 0.0 8.75 10000000099.3097
120.0 -2.5 2.5 8.75 9999999868.9906
120.0 0.0 2.5 8.75 9999999776.300402
120.0 -5.0 5.0 8.75 15436.5667
120.0 -2.5 5.0 8.75 43705983.160399996
120.0 0.0 5.0 8.75 9999999785.6282
120.0 2.5 5.0 8.75 2531393468.7822
120.0 2.5 -10.0 10.0 529396898.8025
120.0 2.5 -7.5 10.0 10000000031.2847
120.0 5.0 -7.5 10.0 10000000013.8038
120.0 7.5 -7.5 10.0 9999999944.9043
120.0 -2.5 -5.0 10.0 10000000148.4724
120.0 0.0 -5.0 10.0 10000000027.0021
120.0 2.5 -5.0 10.0 9999999872.6667
120.0 0.0 -2.5 10.0 9999999999.087301
120.0 0.0 0.0 10.0 10000000056.651701
120.0 2.5 0.0 10.0 9999999731.6306
120.0 -5.0 2.5 10.0 113473687.9545
120.0 -2.5 2.5 10.0 9999999810.852201
120.0 0.0 2.5 10.0 5700725044.8865
120.0 2.5 2.5 10.0 1175852693.3762
120.0 -5.0 5.0 10.0 1560729.0961
120.0 -2.5 5.0 10.0 2164851859.6797
120.0 0.0 5.0 10.0 3799721159.6551003
120.0 2.5 5.0 10.0 17690656.242599998
120.0 5.0 5.0 10.0 755307809.4755
120.0 2.5 -10.0 11.25 9999999919.878101
120.0 5.0 -10.0 11.25 9999999869.8029
120.0 10.0 -10.0 11.25 1512208260.6427
120.0 -2.5 -7.5 11.25 3439895793.779
120.0 0.0 -7.5 11.25 10000000080.562
120.0 2.5 -7.5 11.25 9999999986.6319
120.0 5.0 -7.5 11.25 9999999926.261301
120.0 7.5 -7.5 11.25 1112594084.5335
120.0 -2.5 -5.0 11.25 9999999858.002901
120.0 0.0 -5.0 11.25 10000000068.0958
120.0 2.5 -5.0 11.25 10000000006.852201
120.0 5.0 -5.0 11.25 4014073597.2077
120.0 7.5 -5.0 11.25 4649836137.4207
120.0 0.0 -2.5 11.25 10000000226.912102
120.0 2.5 -2.5 11.25 9999999984.015202
120.0 -5.0 0.0 11.25 9999999998.581501
120.0 -2.5 0.0 11.25 9999999867.5358
120.0 0.0 0.0 11.25 9999999967.415401
120.0 2.5 0.0 11.25 9999999962.7793
120.0 -5.0 2.5 11.25 9659757173.698
120.0 -2.5 2.5 11.25 9999999952.767801
120.0 0.0 2.5 11.25 9999999952.402601
120.0 2.5 2.5 11.25 9999999898.2852
120.0 -5.0 5.0 11.25 9999999963.2231
120.0 -2.5 5.0 11.25 4791812660.0995
120.0 0.0 5.0 11.25 4775738890.5550995
120.0 2.5 5.0 11.25 1500249362.2054
120.0 5.0 5.0 11.25 9999999728.2499
120.0 7.5 5.0 11.25 9999999900.737701
120.0 -5.0 -10.0 12.5 189702.937
120.0 -2.5 -10.0 12.5 78870218.6974
120.0 0.0 -10.0 12.5 52044836.7018
120.0 2.5 -10.0 12.5 3478765262.1954
120.0 5.0 -10.0 12.5 127436336.0711
120.0 7.5 -10.0 12.5 2428121.9594
120.0 10.0 -10.0 12.5 1815397848.2363
120.0 -2.5 -7.5 12.5 10000000023.643702
120.0 0.0 -7.5 12.5 300664177.2745
120.0 2.5 -7.5 12.5 10000000063.691
120.0 5.0 -7.5 12.5 9999999900.616402
120.0 7.5 -7.5 12.5 1958772354.4798
120.0 10.0 -7.5 12.5 739689418.0503
120.0 -2.5 -5.0 12.5 10000000083.151701
120.0 0.0 -5.0 12.5 4300961792.8775
120.0 2.5 -5.0 12.5 497531875.9313
120.0 5.0 -5.0 12.5 10000000112.614601
120.0 -5.0 -2.5 12.5 3397194678.4869
120.0 -2.5 -2.5 12.5 10000000229.2908
120.0 0.0 -2.5 12.5 10000000035.4144
120.0 2.5 -2.5 12.5 91950931.71710001
120.0 5.0 -2.5 12.5 9999999982.4319
120.0 -5.0 0.0 12.5 233960727.8119
120.0 -2.5 0.0 12.5 9999999931.9698
120.0 0.0 0.0 12.5 9999999672.438002
120.0 2.5 0.0 12.5 9999999895.832201
120.0 5.0 0.0 12.5 9999999886.1602
120.0 -5.0 2.5 12.5 9999999901.3024
120.0 -2.5 2.5 12.5 9999999899.2817
120.0 0.0 2.5 12.5 9999999827.4099
120.0 2.5 2.5 12.5 9999999953.048
120.0 5.0 2.5 12.5 615425555.8391
120.0 -5.0 5.0 12.5 1410280577.4039001
120.0 -2.5 5.0 12.5 2515478073.782
120.0 0.0 5.0 12.5 9999999863.5132
120.0 2.5 5.0 12.5 9999999840.8696
120.0 5.0 5.0 12.5 3666485925.987
120.0 7.5 5.0 12.5 1275304167.3562
120.0 -5.0 -10.0 13.75 1487896.0071999999
120.0 -2.5 -10.0 13.75 76045844.17670001
120.0 0.0 -10.0 13.75 2570746.521
120.0 2.5 -10.0 13.75 10000000361.1937
120.0 5.0 -10.0 13.75 3346150977.1516
120.0 7.5 -10.0 13.75 27848109.938699998
120.0 10.0 -10.0 13.75 2464935.2931999997
120.0 -2.5 -7.5 13.75 10000000143.3861
120.0 0.0 -7.5 13.75 5169521799.4969
120.0 2.5 -7.5 13.75 9171740403.108
120.0 5.0 -7.5 13.75 611708349.7302
120.0 7.5 -7.5 13.75 10000000203.512901
120.0 10.0 -7.5 13.75 1210845.3543
120.0 -2.5 -5.0 13.75 10000000130.1137
120.0 0.0 -5.0 13.75 10000000014.0583
120.0 2.5 -5.0 13.75 164615482.6602
120.0 5.0 -5.0 13.75 899057912.3134999
120.0 7.5 -5.0 13.75 649872.8798999999
120.0 10.0 -5.0 13.75 167012.4914
120.0 -5.0 -2.5 13.75 9130454648.744902
120.0 -2.5 -2.5 13.75 10000000026.8805
120.0 0.0 -2.5 13.75 10000000040.772701
120.0 2.5 -2.5 13.75 9999999976.3495
120.0 5.0 -2.5 13.75 324663656.8206
120.0 -5.0 0.0 13.75 9999999812.4016
120.0 -2.5 0.0 13.75 60469018.4338
120.0 0.0 0.0 13.75 10000000288.409101
120.0 2.5 0.0 13.75 3071913122.3371
120.0 5.0 0.0 13.75 9999999904.7574
120.0 -5.0 2.5 13.75 10000000059.0895
120.0 -2.5 2.5 13.75 9999999974.9633
120.0 0.0 2.5 13.75 9733789690.346899
120.0 2.5 2.5 13.75 9999999750.047401
120.0 5.0 2.5 13.75 6390919.9302
120.0 -5.0 5.0 13.75 73816333.91759999
120.0 -2.5 5.0 13.75 841740906.8508
120.0 0.0 5.0 13.75 6413621802.6149
120.0 2.5 5.0 13.75 331234670.01060003
120.0 5.0 5.0 13.75 56897864.7588
120.0 7.5 5.0 13.75 1048553.1735
120.0 -5.0 -10.0 15.0 133250.9423
120.0 -2.5 -10.0 15.0 66294.4018
120.0 0.0 -10.0 15.0 2805875.0782
120.0 2.5 -10.0 15.0 1203198.5473
120.0 5.0 -10.0 15.0 1787851911.3909
120.0 7.5 -10.0 15.0 798480326.0507001
120.0 10.0 -10.0 15.0 297.1803
120.0 -5.0 -7.5 15.0 165975599.12980002
120.0 -2.5 -7.5 15.0 9999999809.0202
120.0 0.0 -7.5 15.0 588666594.5677999
120.0 2.5 -7.5 15.0 218143057.606
120.0 5.0 -7.5 15.0 22386178.3015
120.0 7.5 -7.5 15.0 48838426.1999
120.0 10.0 -7.5 15.0 8401.8333
120.0 -5.0 -5.0 15.0 960053058.8834001
120.0 -2.5 -5.0 15.0 5859312523.5063
120.0 0.0 -5.0 15.0 9999999951.077702
120.0 2.5 -5.0 15.0 10000000065.626202
120.0 5.0 -5.0 15.0 10000000016.139101
120.0 7.5 -5.0 15.0 28814.992400000003
120.0 10.0 -5.0 15.0 525.9432
120.0 -5.0 -2.5 15.0 532603574.696
120.0 -2.5 -2.5 15.0 181030732.3863
120.0 0.0 -2.5 15.0 2823083890.5884004
120.0 2.5 -2.5 15.0 9999999883.5984
120.0 5.0 -2.5 15.0 764717565.7775999
120.0 7.5 -2.5 15.0 66419534.0545
120.0 10.0 -2.5 15.0 121.41560000000001
120.0 -5.0 0.0 15.0 68288727.91149999
120.0 -2.5 0.0 15.0 9999999990.870901
120.0 0.0 0.0 15.0 91750418.855
120.0 2.5 0.0 15.0 904121416.2079
120.0 5.0 0.0 15.0 18940303.4996
120.0 10.0 0.0 15.0 1716.9129
120.0 -5.0 2.5 15.0 421950279.501
120.0 -2.5 2.5 15.0 55677071.3179
120.0 0.0 2.5 15.0 9999999909.165
120.0 2.5 2.5 15.0 10000000208.310202
120.0 5.0 2.5 15.0 9999999834.2705
120.0 7.5 2.5 15.0 67335548.3741
120.0 -5.0 5.0 15.0 4089194.8877
120.0 -2.5 5.0 15.0 564919.5793
120.0 0.0 5.0 15.0 7451648975.353
120.0 2.5 5.0 15.0 231446656.1309
120.0 5.0 5.0 15.0 19955.635
120.0 7.5 5.0 15.0 207014698.1189
120.0 10.0 5.0 15.0 238.39350000000002
120.0 -5.0 -10.0 16.25 2042.0919
120.0 -2.5 -10.0 16.25 195.9113
120.0 0.0 -10.0 16.25 1409.5742
120.0 2.5 -10.0 16.25 1325875.2708
120.0 5.0 -10.0 16.25 8048343403.1549
120.0 7.5 -10.0 16.25 11774392.857
120.0 10.0 -10.0 16.25 438.4269
120.0 -5.0 -7.5 16.25 127051507.17480001
120.0 -2.5 -7.5 16.25 6081486.2138
120.0 0.0 -7.5 16.25 7714548265.729099
120.0 2.5 -7.5 16.25 5190195.3817
120.0 5.0 -7.5 16.25 429851282.53929996
120.0 7.5 -7.5 16.25 26322.3609
120.0 10.0 -7.5 16.25 88.20060000000001
120.0 -5.0 -5.0 16.25 9999999855.952301
120.0 -2.5 -5.0 16.25 1600086300.3492
120.0 0.0 -5.0 16.25 1277241630.3801
120.0 2.5 -5.0 16.25 9999999952.2842
120.0 5.0 -5.0 16.25 1704362.0405000001
120.0 7.5 -5.0 16.25 94.3449
120.0 10.0 -5.0 16.25 16.7275
120.0 -5.0 -2.5 16.25 78000777.8954
120.0 -2.5 -2.5 16.25 9999999837.6527
120.0 0.0 -2.5 16.25 9999999903.458
120.0 2.5 -2.5 16.25 9999999922.092402
120.0 5.0 -2.5 16.25 24846.8594
120.0 7.5 -2.5 16.25 3248.8609
120.0 10.0 -2.5 16.25 -25.7737
120.0 -5.0 0.0 16.25 26500415.9468
120.0 -2.5 0.0 16.25 9999999959.063501
120.0 0.0 0.0 16.25 112054963.3512
120.0 2.5 0.0 16.25 9999999948.9655
120.0 5.0 0.0 16.25 140473919.581
120.0 7.5 0.0 16.25 599819.4432999999
120.0 10.0 0.0 16.25 -42.2498
120.0 -5.0 2.5 16.25 152899424.0153
120.0 -2.5 2.5 16.25 9999999828.4958
120.0 0.0 2.5 16.25 10000000049.468801
120.0 2.5 2.5 16.25 4763866196.223801
120.0 5.0 2.5 16.25 9999999903.111801
120.0 7.5 2.5 16.25 1308263.5362
120.0 10.0 2.5 16.25 -50.612
120.0 -5.0 5.0 16.25 84870.1528
120.0 -2.5 5.0 16.25 2983.4698
120.0 0.0 5.0 16.25 135880.1531
120.0 2.5 5.0 16.25 940.8022
120.0 5.0 5.0 16.25 338405.0752
120.0 7.5 5.0 16.25 22996765.113
120.0 10.0 5.0 16.25 -36.523900000000005
180.0 -5.0 -10.0 3.75 9999999988.3969
180.0 -2.5 -10.0 3.75 9999999602.5517
180.0 0.0 -10.0 3.75 9999999791.4234
180.0 2.5 -10.0 3.75 9999999702.3672
180.0 5.0 -10.0 3.75 9999999768.711102
180.0 7.5 -10.0 3.75 10000000142.222801
180.0 10.0 -10.0 3.75 29266265.2753
180.0 -5.0 -7.5 3.75 8034666797.742201
180.0 -2.5 -7.5 3.75 9999999821.187801
180.0 0.0 -7.5 3.75 9999999908.120901
180.0 2.5 -7.5 3.75 9999999869.5424
180.0 5.0 -7.5 3.75 9999999928.0344
180.0 7.5 -7.5 3.75 1056930083.3252001
180.0 10.0 -7.5 3.75 525179223.62009996
180.0 -5.0 -5.0 3.75 9999999911.8929
180.0 -2.5 -5.0 3.75 9999999795.8911
180.0 0.0 -5.0 3.75 9999999828.403801
180.0 2.5 -5.0 3.75 9999999841.667301
180.0 5.0 -5.0 3.75 10000000183.507301
180.0 7.5 -5.0 3.75 3019612351.7296
180.0 10.0 -5.0 3.75 745110083.5867
180.0 -5.0 -2.5 3.75 9999999618.6961
180.0 -2.5 -2.5 3.75 3910147258.2976003
180.0 0.0 -2.5 3.75 9999999922.804
180.0 2.5 -2.5 3.75 10000000164.732302
180.0 5.0 -2.5 3.75 9999999996.0622
180.0 7.5 -2.5 3.75 9999999913.580101
180.0 10.0 -2.5 3.75 2290833400.6828
180.0 -5.0 0.0 3.75 9999999903.5933
180.0 -2.5 0.0 3.75 10000000026.835402
180.0 0.0 0.0 3.75 10000000035.4463
180.0 2.5 0.0 3.75 2446052718.4045
180.0 5.0 0.0 3.75 506659739.0855
180.0 7.5 0.0 3.75 10000000188.603
180.0 10.0 0.0 3.75 737025178.4839001
180.0 -5.0 2.5 3.75 26693674.887799997
180.0 -2.5 2.5 3.75 10000000006.989801
180.0 0.0 2.5 3.75 10000000088.3883
180.0 2.5 2.5 3.75 107620625.34750001
180.0 5.0 2.5 3.75 2638451647.9486
180.0 7.5 2.5 3.75 6980228828.4847
180.0 10.0 2.5 3.75 9999999984.8208
180.0 -5.0 5.0 3.75 1154157020.1874
180.0 -2.5 5.0 3.75 458332722.6531
180.0 0.0 5.0 3.75 307823996.34970003
180.0 2.5 5.0 3.75 186273289.7351
180.0 5.0 5.0 3.75 9999999765.476501
180.0 7.5 5.0 3.75 307619.3882
180.0 10.0 5.0 3.75 41231641.898099996
180.0 -2.5 -2.5 7.5 9999999876.5293
180.0 0.0 2.5 7.5 9999999939.5879
180.0 0.0 5.0 7.5 789521609.303
180.0 -5.0 -2.5 8.75 9999999878.3966
180.0 -2.5 -2.5 8.75 9999999832.494501
180.0 2.5 -2.5 8.75 9999999859.5018
180.0 -5.0 0.0 8.75 9999999932.430101
180.0 0.0 0.0 8.75 9999999822.5937
180.0 0.0 2.5 8.75 957825549.3041999
180.0 0.0 -10.0 10.0 7870901619.6834
180.0 2.5 -10.0 10.0 124992235.10530001
180.0 0.0 -7.5 10.0 9999999891.8729
180.0 2.5 -7.5 10.0 4020406214.3508997
180.0 5.0 -7.5 10.0 9999999958.084301
180.0 -2.5 -5.0 10.0 1169377996.7981
180.0 0.0 -5.0 10.0 840536119.7392
180.0 2.5 -5.0 10.0 9999999823.441101
180.0 5.0 -5.0 10.0 10000000019.9612
180.0 -5.0 -2.5 10.0 9999999991.270401
180.0 -2.5 -2.5 10.0 9999999867.02
180.0 0.0 -2.5 10.0 9999999769.991402
180.0 2.5 -2.5 10.0 9999999750.2388
180.0 -5.0 0.0 10.0 779879396.6616
180.0 -2.5 0.0 10.0 9999999880.807402
180.0 0.0 0.0 10.0 10000000263.013601
180.0 -5.0 2.5 10.0 907087807.9688001
180.0 0.0 2.5 10.0 9999999998.0881
180.0 2.5 2.5 10.0 9999999834.1137
180.0 0.0 5.0 10.0 59883346.1065
180.0 2.5 5.0 10.0 9999999978.8164
180.0 0.0 -10.0 11.25 9999999952.147701
180.0 2.5 -10.0 11.25 6811358.3006
180.0 5.0 -10.0 11.25 7001.2156
180.0 0.0 -7.5 11.25 8425473195.3999
180.0 2.5 -7.5 11.25 9999999905.459702
180.0 5.0 -7.5 11.25 17477305.999900002
180.0 7.5 -7.5 11.25 1378199500.0841
180.0 -2.5 -5.0 11.25 9999999963.7021
180.0 0.0 -5.0 11.25 9999999892.3045
180.0 2.5 -5.0 11.25 3218623463.1486
180.0 5.0 -5.0 11.25 10000000070.5438
180.0 -5.0 -2.5 11.25 9999999922.4712
180.0 -2.5 -2.5 11.25 9954502611.059399
180.0 0.0 -2.5 11.25 1936844017.3526
180.0 2.5 -2.5 11.25 9999999825.861801
180.0 -5.0 0.0 11.25 10000000044.9214
180.0 -2.5 0.0 11.25 9999999869.9797
180.0 0.0 0.0 11.25 9999999974.935701
180.0 -5.0 2.5 11.25 9999999972.4157
180.0 -2.5 2.5 11.25 9999999868.7325
180.0 0.0 2.5 11.25 9999999760.4424
180.0 2.5 2.5 11.25 9999999931.267101
180.0 -5.0 5.0 11.25 8851294.1389
180.0 0.0 5.0 11.25 12078623.7589
180.0 2.5 5.0 11.25 580316396.0392
180.0 -5.0 -10.0 12.5 10000000058.831902
180.0 -2.5 -10.0 12.5 10000000073.925901
180.0 0.0 -10.0 12.5 10000000126.3838
180.0 2.5 -10.0 12.5 41579.0152
180.0 5.0 -10.0 12.5 157.5026
180.0 7.5 -10.0 12.5 4650.5133
180.0 10.0 -10.0 12.5 472892.3137
180.0 -2.5 -7.5 12.5 462437258.2
180.0 0.0 -7.5 12.5 10000000026.120901
180.0 2.5 -7.5 12.5 9999999958.5004
180.0 5.0 -7.5 12.5 8766656.503
180.0 7.5 -7.5 12.5 84648929.6373
180.0 -5.0 -5.0 12.5 962397220.8119999
180.0 -2.5 -5.0 12.5 9999999971.552502
180.0 0.0 -5.0 12.5 1228142734.7597
180.0 2.5 -5.0 12.5 9999999906.917501
180.0 5.0 -5.0 12.5 9999999895.3586
180.0 -5.0 -2.5 12.5 10000000184.510601
180.0 -2.5 -2.5 12.5 595505944.9689001
180.0 0.0 -2.5 12.5 10000000026.144701
180.0 2.5 -2.5 12.5 9999999868.7362
180.0 5.0 -2.5 12.5 9999999771.726501
180.0 -5.0 0.0 12.5 823165540.7084
180.0 -2.5 0.0 12.5 9999999778.828201
180.0 0.0 0.0 12.5 9999999907.255001
180.0 2.5 0.0 12.5 9999999975.444601
180.0 -5.0 2.5 12.5 1115582372.9646
180.0 -2.5 2.5 12.5 6055934170.8386
180.0 0.0 2.5 12.5 103106061.0764
180.0 2.5 2.5 12.5 9999999781.2738
180.0 -5.0 5.0 12.5 13673.324
180.0 -2.5 5.0 12.5 6247919.7824
180.0 0.0 5.0 12.5 9999999926.457901
180.0 2.5 5.0 12.5 8457013.7255
180.0 5.0 5.0 12.5 70524912.9447
180.0 7.5 5.0 12.5 4791.9426
180.0 10.0 5.0 12.5 5000829.5912
180.0 -5.0 -10.0 13.75 115305281.42119999
180.0 -2.5 -10.0 13.75 10000000097.5321
180.0 0.0 -10.0 13.75 216072111.495
180.0 2.5 -10.0 13.75 3649.888
180.0 5.0 -10.0 13.75 -19.4483
180.0 7.5 -10.0 13.75 37.655300000000004
180.0 10.0 -10.0 13.75 2229.2022
180.0 -5.0 -7.5 13.75 94587558.35059999
180.0 -2.5 -7.5 13.75 10000000225.5995
180.0 0.0 -7.5 13.75 10000000069.929401
180.0 2.5 -7.5 13.75 1076440.5495
180.0 5.0 -7.5 13.75 550997.8097
180.0 7.5 -7.5 13.75 1028.6897999999999
180.0 10.0 -7.5 13.75 4061.0434999999998
180.0 -5.0 -5.0 13.75 10000000202.779001
180.0 -2.5 -5.0 13.75 7260613943.5181
180.0 0.0 -5.0 13.75 373039468.538
180.0 2.5 -5.0 13.75 1352299949.9103
180.0 5.0 -5.0 13.75 9999999951.138102
180.0 -5.0 -2.5 13.75 1728828709.436
180.0 -2.5 -2.5 13.75 9999999944.1933
180.0 0.0 -2.5 13.75 9999999993.394201
180.0 2.5 -2.5 13.75 10000000157.1863
180.0 5.0 -2.5 13.75 278071798.955
180.0 -5.0 0.0 13.75 9999999856.176802
180.0 -2.5 0.0 13.75 9999999968.1837
180.0 0.0 0.0 13.75 10000000054.2968
180.0 2.5 0.0 13.75 9999999988.6616
180.0 -5.0 2.5 13.75 10000000108.296902
180.0 -2.5 2.5 13.75 9999999864.608501
180.0 0.0 2.5 13.75 2448594970.033
180.0 2.5 2.5 13.75 31486879.7093
180.0 5.0 2.5 13.75 135796060.6373
180.0 -5.0 5.0 13.75 160567.2928
180.0 -2.5 5.0 13.75 2461.0569
180.0 0.0 5.0 13.75 2110832.5166
180.0 2.5 5.0 13.75 3093.9912
180.0 5.0 5.0 13.75 6444.637699999999
180.0 7.5 5.0 13.75 2588753.6554
180.0 10.0 5.0 13.75 13776.0578
180.0 -5.0 -10.0 15.0 1891755.1207
180.0 -2.5 -10.0 15.0 10000000076.7339
180.0 0.0 -10.0 15.0 429712167.1308
180.0 2.5 -10.0 15.0 3538.7334
180.0 5.0 -10.0 15.0 -24.936
180.0 7.5 -10.0 15.0 -50.2749
180.0 10.0 -10.0 15.0 -30.075599999999998
180.0 -5.0 -7.5 15.0 4033856355.9736004
180.0 -2.5 -7.5 15.0 7803369984.6343
180.0 0.0 -7.5 15.0 3408471.9685
180.0 2.5 -7.5 15.0 334002331.2636
180.0 5.0 -7.5 15.0 1041571.5425999999
180.0 7.5 -7.5 15.0 41551402.662599996
180.0 10.0 -7.5 15.0 1024.1208
180.0 -5.0 -5.0 15.0 84446762.0539
180.0 -2.5 -5.0 15.0 10000000144.3813
180.0 0.0 -5.0 15.0 518198474.1807
180.0 2.5 -5.0 15.0 10000000001.9831
180.0 5.0 -5.0 15.0 11052013.6832
180.0 7.5 -5.0 15.0 9300529940.630499
180.0 10.0 -5.0 15.0 74888.2025
180.0 -5.0 -2.5 15.0 10000000020.741901
180.0 -2.5 -2.5 15.0 10000000025.9164
180.0 0.0 -2.5 15.0 10000000118.450602
180.0 2.5 -2.5 15.0 9999999988.248701
180.0 5.0 -2.5 15.0 9999999978.463501
180.0 10.0 -2.5 15.0 5255.9525
180.0 -5.0 0.0 15.0 760174675.2322
180.0 -2.5 0.0 15.0 9999999850.486502
180.0 0.0 0.0 15.0 9999999833.414501
180.0 2.5 0.0 15.0 2032104833.137
180.0 5.0 0.0 15.0 10000000044.1748
180.0 -5.0 2.5 15.0 7306836.3876
180.0 -2.5 2.5 15.0 3530316.5606
180.0 0.0 2.5 15.0 2405524.0644
180.0 2.5 2.5 15.0 10000000170.229502
180.0 5.0 2.5 15.0 198454231.3487
180.0 7.5 2.5 15.0 215738882.7558
180.0 -5.0 5.0 15.0 3124.714
180.0 -2.5 5.0 15.0 0.3832999999999984
180.0 0.0 5.0 15.0 1602.3872
180.0 2.5 5.0 15.0 84.26050000000001
180.0 5.0 5.0 15.0 2477.7603000000004
180.0 7.5 5.0 15.0 32108.6935
180.0 10.0 5.0 15.0 34.6907
180.0 -5.0 -10.0 16.25 14922891.2547
180.0 -2.5 -10.0 16.25 12753608.2626
180.0 0.0 -10.0 16.25 4965007245.2373
180.0 2.5 -10.0 16.25 4050.4131
180.0 5.0 -10.0 16.25 -12.860199999999999
180.0 7.5 -10.0 16.25 -41.7425
180.0 10.0 -10.0 16.25 -32.4211
180.0 -5.0 -7.5 16.25 31412732.240199998
180.0 -2.5 -7.5 16.25 10000000319.585701
180.0 0.0 -7.5 16.25 7751633.936199999
180.0 2.5 -7.5 16.25 10000000024.0403
180.0 5.0 -7.5 16.25 3551392.9680000003
180.0 7.5 -7.5 16.25 10624.3796
180.0 10.0 -7.5 16.25 -48.9798
180.0 -5.0 -5.0 16.25 10000000157.677101
180.0 -2.5 -5.0 16.25 10000000034.0576
180.0 0.0 -5.0 16.25 10000000003.884201
180.0 2.5 -5.0 16.25 407713170.10569996
180.0 5.0 -5.0 16.25 3437.2061
180.0 7.5 -5.0 16.25 25228.219699999998
180.0 10.0 -5.0 16.25 12.448999999999998
180.0 -5.0 -2.5 16.25 1042542299.5869
180.0 -2.5 -2.5 16.25 740601274.7493
180.0 0.0 -2.5 16.25 10000000085.1888
180.0 2.5 -2.5 16.25 9999999968.681301
180.0 5.0 -2.5 16.25 69867741.5686
180.0 7.5 -2.5 16.25 135441693.68219998
180.0 10.0 -2.5 16.25 24096.569099999997
180.0 -5.0 0.0 16.25 1338153713.8743
180.0 -2.5 0.0 16.25 9999999902.029701
180.0 0.0 0.0 16.25 9999999908.420301
180.0 2.5 0.0 16.25 9999999989.131401
180.0 5.0 0.0 16.25 10000000231.9761
180.0 7.5 0.0 16.25 20076535.8856
180.0 -5.0 2.5 16.25 32742731.8357
180.0 -2.5 2.5 16.25 81617.5375
180.0 0.0 2.5 16.25 20070.3723
180.0 2.5 2.5 16.25 9999999853.0653
180.0 5.0 2.5 16.25 2133398222.3846
180.0 7.5 2.5 16.25 2818.8421999999996
180.0 -5.0 5.0 16.25 -13.773100000000001
180.0 -2.5 5.0 16.25 -36.0775
180.0 0.0 5.0 16.25 29.9317
180.0 2.5 5.0 16.25 211.7939
180.0 5.0 5.0 16.25 70.9524
180.0 7.5 5.0 16.25 28.9833
180.0 10.0 5.0 16.25 20.8652
240.0 -5.0 -10.0 3.75 3258834784.7471
240.0 -2.5 -10.0 3.75 744503162.1978999
240.0 0.0 -10.0 3.75 3551096364.6018
240.0 2.5 -10.0 3.75 9999999775.861301
240.0 5.0 -10.0 3.75 10000000015.566502
240.0 7.5 -10.0 3.75 10000000098.375801
240.0 10.0 -10.0 3.75 15130013.803299999
240.0 -5.0 -7.5 3.75 10000000123.4176
240.0 -2.5 -7.5 3.75 9999999891.1394
240.0 0.0 -7.5 3.75 9999999723.396301
240.0 2.5 -7.5 3.75 3425516085.2927003
240.0 5.0 -7.5 3.75 10000000016.361
240.0 7.5 -7.5 3.75 10000000060.4885
240.0 10.0 -7.5 3.75 111761659.44870001
240.0 -5.0 -5.0 3.75 9999999998.968801
240.0 -2.5 -5.0 3.75 9999999771.668701
240.0 0.0 -5.0 3.75 9999999938.0375
240.0 2.5 -5.0 3.75 9999999802.0308
240.0 5.0 -5.0 3.75 9999999832.5023
240.0 7.5 -5.0 3.75 10000000503.3075
240.0 10.0 -5.0 3.75 9985828.962800002
240.0 -5.0 -2.5 3.75 9999999871.7047
240.0 -2.5 -2.5 3.75 9999999879.7877
240.0 0.0 -2.5 3.75 8338358235.949699
240.0 2.5 -2.5 3.75 10000000009.4391
240.0 5.0 -2.5 3.75 10000000344.6928
240.0 7.5 -2.5 3.75 10000000140.7269
240.0 10.0 -2.5 3.75 10000000019.989
240.0 -5.0 0.0 3.75 110919362.9815
240.0 -2.5 0.0 3.75 9999999815.5464
240.0 0.0 0.0 3.75 2529133773.522
240.0 2.5 0.0 3.75 9999999850.216301
240.0 5.0 0.0 3.75 10000000043.244202
240.0 7.5 0.0 3.75 10000000178.364101
240.0 10.0 0.0 3.75 90322087.9083
240.0 -5.0 2.5 3.75 871503.4521999999
240.0 -2.5 2.5 3.75 9999999980.571001
240.0 0.0 2.5 3.75 10000000102.4256
240.0 2.5 2.5 3.75 10000000100.7472
240.0 5.0 2.5 3.75 9999999990.4978
240.0 7.5 2.5 3.75 10000000082.424702
240.0 10.0 2.5 3.75 9999999423.866001
240.0 -5.0 5.0 3.75 9732.5947
240.0 -2.5 5.0 3.75 2451911.3752
240.0 0.0 5.0 3.75 2411280685.4544
240.0 2.5 5.0 3.75 630658664.7933
240.0 5.0 5.0 3.75 4179849527.1001
240.0 7.5 5.0 3.75 2015940499.6843998
240.0 10.0 5.0 3.75 9999999807.4291
240.0 0.0 0.0 5.0 9999999924.3778
240.0 -2.5 2.5 5.0 4539616966.2346
240.0 -2.5 5.0 5.0 42692990.5531
240.0 0.0 0.0 6.25 10000000017.5189
240.0 -2.5 2.5 6.25 10000000053.280901
240.0 0.0 2.5 6.25 10000000135.062
240.0 -5.0 5.0 6.25 25197525.9837
240.0 -2.5 5.0 6.25 10000000033.9337
240.0 2.5 -10.0 7.5 9999999802.914202
240.0 -2.5 -7.5 7.5 795054689.7408
240.0 0.0 -5.0 7.5 10000000018.2949
240.0 0.0 0.0 7.5 2054123049.278
240.0 -2.5 2.5 7.5 10000000078.462801
240.0 0.0 2.5 7.5 701067142.6019
240.0 -5.0 5.0 7.5 1337.1553999999999
240.0 -2.5 5.0 7.5 118917420.2808
240.0 0.0 5.0 7.5 2013215703.4098
240.0 0.0 -10.0 8.75 32624581.347599998
240.0 2.5 -10.0 8.75 9999999776.399101
240.0 5.0 -10.0 8.75 2554124548.3149996
240.0 -2.5 -7.5 8.75 1697216084.3869998
240.0 0.0 -7.5 8.75 9999999655.188702
240.0 2.5 -7.5 8.75 9999999749.7684
240.0 -2.5 -5.0 8.75 9999999855.2024
240.0 0.0 -5.0 8.75 9999999844.8969
240.0 0.0 -2.5 8.75 7322475789.585199
240.0 2.5 -2.5 8.75 9999999763.240501
240.0 -2.5 0.0 8.75 9999999863.293701
240.0 0.0 0.0 8.75 9999999895.190401
240.0 -2.5 2.5 8.75 9999999906.967001
240.0 0.0 2.5 8.75 9999999834.6326
240.0 2.5 2.5 8.75 10000000113.686901
240.0 -5.0 5.0 8.75 45671996.3019
240.0 -2.5 5.0 8.75 833078352.1123
240.0 0.0 5.0 8.75 5945873170.3567
240.0 0.0 -10.0 10.0 9999999791.376902
240.0 2.5 -10.0 10.0 9999999859.171701
240.0 5.0 -10.0 10.0 9999999812.7008
240.0 -2.5 -7.5 10.0 10000000079.099201
240.0 0.0 -7.5 10.0 9999999757.154701
240.0 2.5 -7.5 10.0 9999999718.0445
240.0 -2.5 -5.0 10.0 10000000002.896101
240.0 0.0 -5.0 10.0 5385020270.2678
240.0 -5.0 -2.5 10.0 9189880231.9235
240.0 -2.5 -2.5 10.0 9999999851.9785
240.0 0.0 -2.5 10.0 9999999934.687801
240.0 2.5 -2.5 10.0 9999999848.799501
240.0 -2.5 0.0 10.0 85167658.35
240.0 0.0 0.0 10.0 9999999989.3871
240.0 2.5 0.0 10.0 9999999925.176802
240.0 -5.0 2.5 10.0 60865317.662700005
240.0 -2.5 2.5 10.0 9999999691.494202
240.0 0.0 2.5 10.0 9999999887.900501
240.0 2.5 2.5 10.0 9999999781.013
240.0 -5.0 5.0 10.0 11832.3126
240.0 -2.5 5.0 10.0 9999999979.8052
240.0 0.0 5.0 10.0 10000000075.4782
240.0 2.5 5.0 10.0 1115759529.9428
240.0 7.5 5.0 10.0 9999999993.8201
240.0 -2.5 -10.0 11.25 9999999947.854801
240.0 0.0 -10.0 11.25 9999999883.1643
240.0 2.5 -10.0 11.25 3911186618.5688
240.0 5.0 -10.0 11.25 9999999871.283
240.0 7.5 -10.0 11.25 656471397.8985
240.0 10.0 -10.0 11.25 3251.9028
240.0 -5.0 -7.5 11.25 9999999871.2698
240.0 -2.5 -7.5 11.25 9999999995.913502
240.0 0.0 -7.5 11.25 9999999792.869202
240.0 2.5 -7.5 11.25 9999999773.2458
240.0 -2.5 -5.0 11.25 9999999841.2661
240.0 0.0 -5.0 11.25 10000000104.775301
240.0 2.5 -5.0 11.25 9999999891.9435
240.0 -5.0 -2.5 11.25 324827030.4011
240.0 -2.5 -2.5 11.25 9999999828.9374
240.0 0.0 -2.5 11.25 10000000127.7173
240.0 2.5 -2.5 11.25 9999999843.4337
240.0 -5.0 0.0 11.25 1172893452.1489
240.0 -2.5 0.0 11.25 9999999855.6182
240.0 0.0 0.0 11.25 9999999866.2817
240.0 2.5 0.0 11.25 9999999843.263
240.0 -2.5 2.5 11.25 9999999897.913
240.0 0.0 2.5 11.25 9999999651.5678
240.0 2.5 2.5 11.25 9999999883.366701
240.0 5.0 2.5 11.25 9999999893.7717
240.0 7.5 2.5 11.25 2054936514.3257
240.0 -5.0 5.0 11.25 57971623.3313
240.0 -2.5 5.0 11.25 9999999889.837
240.0 0.0 5.0 11.25 1321491916.8844
240.0 2.5 5.0 11.25 9999999835.342402
240.0 7.5 5.0 11.25 10000000020.137001
240.0 -2.5 -10.0 12.5 1908597171.6913
240.0 0.0 -10.0 12.5 9999999957.550402
240.0 2.5 -10.0 12.5 10000000008.821901
240.0 5.0 -10.0 12.5 9999999935.6397
240.0 7.5 -10.0 12.5 1659515.6445000002
240.0 10.0 -10.0 12.5 12.788699999999999
240.0 -5.0 -7.5 12.5 10000000157.107601
240.0 -2.5 -7.5 12.5 10000000031.331202
240.0 0.0 -7.5 12.5 476083064.2619
240.0 2.5 -7.5 12.5 9999999828.914701
240.0 5.0 -7.5 12.5 1092466356.6449
240.0 -5.0 -5.0 12.5 9999999801.210701
240.0 -2.5 -5.0 12.5 9999999945.246302
240.0 0.0 -5.0 12.5 10000000022.4172
240.0 2.5 -5.0 12.5 9999999740.746
240.0 5.0 -5.0 12.5 9999999844.8481
240.0 -5.0 -2.5 12.5 1041827948.7813
240.0 -2.5 -2.5 12.5 4703106307.9557
240.0 0.0 -2.5 12.5 767536293.4420999
240.0 2.5 -2.5 12.5 9999999949.6121
240.0 -5.0 0.0 12.5 894428559.1229999
240.0 -2.5 0.0 12.5 9999999841.3306
240.0 0.0 0.0 12.5 9999999784.53
240.0 2.5 0.0 12.5 9999999873.849201
240.0 5.0 0.0 12.5 16817194.1521
240.0 -5.0 2.5 12.5 16582224.3008
240.0 -2.5 2.5 12.5 9999999779.502602
240.0 0.0 2.5 12.5 9357867534.9772
240.0 2.5 2.5 12.5 9999999901.748901
240.0 5.0 2.5 12.5 1024824574.7329999
240.0 7.5 2.5 12.5 8404036.9596
240.0 -5.0 5.0 12.5 10000000030.3591
240.0 -2.5 5.0 12.5 9999999921.111101
240.0 0.0 5.0 12.5 9999999744.0634
240.0 2.5 5.0 12.5 9999999896.9493
240.0 5.0 5.0 12.5 314075413.7148
240.0 7.5 5.0 12.5 9999999919.995201
240.0 -2.5 -10.0 13.75 1292732184.9354
240.0 0.0 -10.0 13.75 411097771.6501
240.0 2.5 -10.0 13.75 2357283749.1424
240.0 5.0 -10.0 13.75 9999999910.374
240.0 7.5 -10.0 13.75 178029.9403
240.0 10.0 -10.0 13.75 -26.7748
240.0 -5.0 -7.5 13.75 6070955706.6669
240.0 -2.5 -7.5 13.75 9999999727.575
240.0 0.0 -7.5 13.75 90146506.8955
240.0 2.5 -7.5 13.75 3164694085.3075
240.0 5.0 -7.5 13.75 10000000037.870602
240.0 7.5 -7.5 13.75 393327.5646
240.0 10.0 -7.5 13.75 622.5776
240.0 -5.0 -5.0 13.75 5244107104.9731
240.0 -2.5 -5.0 13.75 9999999913.2607
240.0 0.0 -5.0 13.75 9999999745.6751
240.0 2.5 -5.0 13.75 10000000138.849602
240.0 5.0 -5.0 13.75 9999999852.6152
240.0 -5.0 -2.5 13.75 10000000057.004002
240.0 -2.5 -2.5 13.75 9999999971.451601
240.0 0.0 -2.5 13.75 9999999885.748701
240.0 2.5 -2.5 13.75 6250657022.2345
240.0 -5.0 0.0 13.75 252855231.8864
240.0 -2.5 0.0 13.75 456534617.1858
240.0 0.0 0.0 13.75 10000000029.8799
240.0 2.5 0.0 13.75 1052413169.7737
240.0 5.0 0.0 13.75 9392100894.9552
240.0 -5.0 2.5 13.75 920067520.4853
240.0 -2.5 2.5 13.75 7887306624.6445
240.0 0.0 2.5 13.75 9999999860.8433
240.0 2.5 2.5 13.75 1670667088.6437001
240.0 5.0 2.5 13.75 9999999952.5079
240.0 7.5 2.5 13.75 8007.0124000000005
240.0 10.0 2.5 13.75 -17.5312
240.0 -5.0 5.0 13.75 1427259882.5925002
240.0 -2.5 5.0 13.75 469017275.37700003
240.0 0.0 5.0 13.75 46388245.617300004
240.0 2.5 5.0 13.75 56353953.16720001
240.0 5.0 5.0 13.75 4587702014.1877
240.0 7.5 5.0 13.75 884499363.1640999
240.0 10.0 5.0 13.75 25.382599999999996
240.0 -5.0 -10.0 15.0 7077414.244
240.0 -2.5 -10.0 15.0 938497.4118
240.0 0.0 -10.0 15.0 16928807.999100003
240.0 2.5 -10.0 15.0 10602026.6173
240.0 5.0 -10.0 15.0 9999999989.4452
240.0 7.5 -10.0 15.0 1732110.0921
240.0 10.0 -10.0 15.0 -18.506700000000002
240.0 -5.0 -7.5 15.0 7367168487.5432
240.0 -2.5 -7.5 15.0 9999999920.208601
240.0 0.0 -7.5 15.0 9999999927.0301
240.0 2.5 -7.5 15.0 3387782854.6663003
240.0 5.0 -7.5 15.0 10000000291.598501
240.0 7.5 -7.5 15.0 889.4885
240.0 10.0 -7.5 15.0 -19.1713
240.0 -5.0 -5.0 15.0 584499114.3689001
240.0 -2.5 -5.0 15.0 223121604.7017
240.0 0.0 -5.0 15.0 10000000047.284
240.0 2.5 -5.0 15.0 1078521.8055
240.0 5.0 -5.0 15.0 1166142812.7904
240.0 10.0 -5.0 15.0 331.3682
240.0 -5.0 -2.5 15.0 9999999999.662401
240.0 -2.5 -2.5 15.0 2282335597.5265
240.0 0.0 -2.5 15.0 10000000285.8983
240.0 2.5 -2.5 15.0 3031915365.8057
240.0 5.0 -2.5 15.0 651190960.8206
240.0 7.5 -2.5 15.0 133153.1098
240.0 -5.0 0.0 15.0 4834952961.272301
240.0 -2.5 0.0 15.0 44861841.1814
240.0 0.0 0.0 15.0 9999999920.0028
240.0 2.5 0.0 15.0 533577144.8889
240.0 5.0 0.0 15.0 10000000023.2854
240.0 7.5 0.0 15.0 198949878.6044
240.0 -5.0 2.5 15.0 9999999979.4846
240.0 -2.5 2.5 15.0 5475.5042
240.0 0.0 2.5 15.0 2807097.069
240.0 2.5 2.5 15.0 10000000051.5436
240.0 5.0 2.5 15.0 469116770.2914
240.0 7.5 2.5 15.0 211.65419999999997
240.0 10.0 2.5 15.0 -27.088
240.0 -5.0 5.0 15.0 956738.6863
240.0 -2.5 5.0 15.0 10000000041.994501
240.0 0.0 5.0 15.0 2819840025.6875
240.0 2.5 5.0 15.0 1151457349.9601
240.0 5.0 5.0 15.0 335129.6176
240.0 7.5 5.0 15.0 28971.627200000003
240.0 10.0 5.0 15.0 -20.6537
240.0 -5.0 -10.0 16.25 19989.0034
240.0 -2.5 -10.0 16.25 144834301.45540002
240.0 0.0 -10.0 16.25 1935228988.3843
240.0 2.5 -10.0 16.25 58928023.6565
240.0 5.0 -10.0 16.25 4147849.1886
240.0 7.5 -10.0 16.25 218.8613
240.0 10.0 -10.0 16.25 -7.896799999999999
240.0 -5.0 -7.5 16.25 9999999927.9524
240.0 -2.5 -7.5 16.25 161780005.0429
240.0 0.0 -7.5 16.25 1479075766.1589
240.0 2.5 -7.5 16.25 473121883.3527
240.0 5.0 -7.5 16.25 6149782.6309
240.0 7.5 -7.5 16.25 29.3351
240.0 10.0 -7.5 16.25 -10.278599999999999
240.0 -5.0 -5.0 16.25 642835616.6298
240.0 -2.5 -5.0 16.25 9999999824.469501
240.0 0.0 -5.0 16.25 10000000044.4775
240.0 2.5 -5.0 16.25 4411518152.8984995
240.0 5.0 -5.0 16.25 1749162.1124
240.0 7.5 -5.0 16.25 159.0724
240.0 10.0 -5.0 16.25 -15.8192
240.0 -5.0 -2.5 16.25 714935750.093
240.0 -2.5 -2.5 16.25 1050928.3516
240.0 0.0 -2.5 16.25 736982359.6338
240.0 2.5 -2.5 16.25 4799494070.7559
240.0 5.0 -2.5 16.25 9999999956.948
240.0 7.5 -2.5 16.25 71239.0754
240.0 10.0 -2.5 16.25 -22.476100000000002
240.0 -5.0 0.0 16.25 9999999959.475
240.0 -2.5 0.0 16.25 9999999980.6651
240.0 0.0 0.0 16.25 5852551796.6973
240.0 2.5 0.0 16.25 1829007403.5372
240.0 5.0 0.0 16.25 42214356.864700004
240.0 7.5 0.0 16.25 19464854.9552
240.0 -5.0 2.5 16.25 2663659434.9053
240.0 -2.5 2.5 16.25 379.2793
240.0 0.0 2.5 16.25 4065907.2639
240.0 2.5 2.5 16.25 9999999879.4004
240.0 5.0 2.5 16.25 1007408.5754999999
240.0 7.5 2.5 16.25 553.45
240.0 10.0 2.5 16.25 -29.5719
240.0 -5.0 5.0 16.25 28704.607
240.0 -2.5 5.0 16.25 15116584.2136
240.0 0.0 5.0 16.25 14522153.3351
240.0 2.5 5.0 16.25 917555.8644
240.0 5.0 5.0 16.25 315.46209999999996
240.0 7.5 5.0 16.25 -41.912
240.0 10.0 5.0 16.25 -19.9474
300.0 -5.0 -10.0 3.75 139318754.8514
300.0 -2.5 -10.0 3.75 9999999987.5548
300.0 0.0 -10.0 3.75 9999999975.752901
300.0 2.5 -10.0 3.75 10000000018.27
300.0 5.0 -10.0 3.75 9999999970.609402
300.0 7.5 -10.0 3.75 9999999999.960402
300.0 10.0 -10.0 3.75 1273174.8044
300.0 -5.0 -7.5 3.75 5068535571.330601
300.0 -2.5 -7.5 3.75 6016614502.635401
300.0 0.0 -7.5 3.75 9999999757.7061
300.0 2.5 -7.5 3.75 8211195800.9816
300.0 5.0 -7.5 3.75 9999999658.0373
300.0 7.5 -7.5 3.75 185461348.9244
300.0 10.0 -7.5 3.75 10000000022.951101
300.0 -5.0 -5.0 3.75 10000000095.6194
300.0 -2.5 -5.0 3.75 10000000307.9992
300.0 0.0 -5.0 3.75 10000000300.0123
300.0 2.5 -5.0 3.75 9999999996.024101
300.0 5.0 -5.0 3.75 10000000016.8717
300.0 7.5 -5.0 3.75 10000000018.363
300.0 10.0 -5.0 3.75 2070711406.7138
300.0 -5.0 -2.5 3.75 10000000111.698801
300.0 -2.5 -2.5 3.75 10000000359.248901
300.0 0.0 -2.5 3.75 9999999983.495901
300.0 2.5 -2.5 3.75 9999999767.5939
300.0 5.0 -2.5 3.75 9999999896.8414
300.0 7.5 -2.5 3.75 10000000145.2949
300.0 10.0 -2.5 3.75 10000000022.467001
300.0 -5.0 0.0 3.75 9593498917.517101
300.0 -2.5 0.0 3.75 10000000086.483501
300.0 0.0 0.0 3.75 9999999843.0333
300.0 2.5 0.0 3.75 9999999941.9297
300.0 5.0 0.0 3.75 9360641858.181
300.0 7.5 0.0 3.75 237838226.9097
300.0 10.0 0.0 3.75 9999999983.241402
300.0 -5.0 2.5 3.75 9999999938.9087
300.0 -2.5 2.5 3.75 7998725.5045
300.0 0.0 2.5 3.75 10000000351.4694
300.0 2.5 2.5 3.75 9999999947.369501
300.0 5.0 2.5 3.75 1488943710.1459
300.0 7.5 2.5 3.75 7082788.8619
300.0 10.0 2.5 3.75 913481979.7126
300.0 -5.0 5.0 3.75 431351511.73910004
300.0 -2.5 5.0 3.75 6824379546.71
300.0 0.0 5.0 3.75 5706877706.432401
300.0 2.5 5.0 3.75 9999999973.2693
300.0 5.0 5.0 3.75 199380071.67319998
300.0 7.5 5.0 3.75 318776.4838
300.0 10.0 5.0 3.75 79934.1342
300.0 -2.5 -2.5 6.25 10000000088.545101
300.0 0.0 -2.5 6.25 10000000177.9883
300.0 2.5 -2.5 6.25 9999999800.0433
300.0 2.5 -5.0 7.5 9999999719.145
300.0 -2.5 -2.5 7.5 1592895923.8928
300.0 0.0 -2.5 7.5 1152259434.5693998
300.0 0.0 0.0 7.5 10000000108.7786
300.0 0.0 2.5 7.5 791929678.5352
300.0 5.0 -10.0 8.75 13324414.8092
300.0 2.5 -7.5 8.75 9999999867.3726
300.0 5.0 -7.5 8.75 11208763.538600001
300.0 0.0 -5.0 8.75 9999999819.486
300.0 2.5 -5.0 8.75 6465744054.2788
300.0 5.0 -5.0 8.75 9999999720.313501
300.0 -5.0 -2.5 8.75 1977816250.7844
300.0 -2.5 -2.5 8.75 659322948.3496001
300.0 0.0 -2.5 8.75 9999999936.670101
300.0 2.5 -2.5 8.75 9999999578.5174
300.0 -5.0 0.0 8.75 10000000132.9508
300.0 0.0 0.0 8.75 9999999962.1287
300.0 0.0 2.5 8.75 10000000147.8421
300.0 0.0 5.0 8.75 10000000040.045101
300.0 0.0 -10.0 10.0 9999999884.654202
300.0 2.5 -10.0 10.0 9999999900.2845
300.0 5.0 -10.0 10.0 9999999813.0442
300.0 7.5 -10.0 10.0 55308.029500000004
300.0 10.0 -10.0 10.0 27384589.7542
300.0 2.5 -7.5 10.0 9999999899.3418
300.0 5.0 -7.5 10.0 9999999795.7196
300.0 -5.0 -5.0 10.0 406178942.6972
300.0 0.0 -5.0 10.0 9999999874.8083
300.0 2.5 -5.0 10.0 9999999732.3784
300.0 5.0 -5.0 10.0 9999999699.9332
300.0 -5.0 -2.5 10.0 9999999972.524801
300.0 -2.5 -2.5 10.0 9999999981.1154
300.0 0.0 -2.5 10.0 5717789756.286
300.0 2.5 -2.5 10.0 9999999855.8967
300.0 -5.0 0.0 10.0 683035078.1979
300.0 -2.5 0.0 10.0 3885795667.6565
300.0 0.0 0.0 10.0 9999999963.8083
300.0 2.5 0.0 10.0 9999999739.9521
300.0 0.0 2.5 10.0 9999999994.734901
300.0 0.0 5.0 10.0 10000000004.466702
300.0 2.5 5.0 10.0 32450797.910299998
300.0 0.0 -10.0 11.25 10000000151.5407
300.0 2.5 -10.0 11.25 10000000032.4566
300.0 5.0 -10.0 11.25 177266261.8328
300.0 7.5 -10.0 11.25 1225.806
300.0 10.0 -10.0 11.25 9999999966.6522
300.0 -2.5 -7.5 11.25 1941333556.6648998
300.0 0.0 -7.5 11.25 9999999864.7406
300.0 2.5 -7.5 11.25 9999999773.0645
300.0 5.0 -7.5 11.25 9999999899.008501
300.0 7.5 -7.5 11.25 4487837167.2483
300.0 -5.0 -5.0 11.25 661106574.4179
300.0 -2.5 -5.0 11.25 371727420.7432
300.0 0.0 -5.0 11.25 5328266055.1543
300.0 2.5 -5.0 11.25 9999999715.472301
300.0 5.0 -5.0 11.25 9999999831.138601
300.0 -5.0 -2.5 11.25 10000000081.097801
300.0 -2.5 -2.5 11.25 10000000359.641901
300.0 0.0 -2.5 11.25 9999999931.953001
300.0 2.5 -2.5 11.25 9999999715.861301
300.0 -5.0 0.0 11.25 9999999978.9692
300.0 -2.5 0.0 11.25 10000000170.6082
300.0 0.0 0.0 11.25 9999999958.8134
300.0 2.5 0.0 11.25 9999999878.609701
300.0 -5.0 2.5 11.25 234363411.2377
300.0 -2.5 2.5 11.25 188559690.2532
300.0 0.0 2.5 11.25 1356057063.0914001
300.0 2.5 2.5 11.25 113823889.96900001
300.0 5.0 2.5 11.25 336350884.6437
300.0 0.0 5.0 11.25 10000000058.187801
300.0 2.5 5.0 11.25 2093547.8786
300.0 5.0 5.0 11.25 1516108.7848
300.0 7.5 5.0 11.25 100.546
300.0 -2.5 -10.0 12.5 10000000031.321901
300.0 0.0 -10.0 12.5 3112032074.6195
300.0 2.5 -10.0 12.5 9999999918.503302
300.0 5.0 -10.0 12.5 29338653.588200003
300.0 7.5 -10.0 12.5 120.35859999999997
300.0 10.0 -10.0 12.5 2717564148.1129
300.0 -2.5 -7.5 12.5 1873795392.5558
300.0 0.0 -7.5 12.5 9999999886.4852
300.0 2.5 -7.5 12.5 525507978.6587
300.0 5.0 -7.5 12.5 9999999853.6881
300.0 7.5 -7.5 12.5 1734038941.1332
300.0 -5.0 -5.0 12.5 1418147026.0210001
300.0 -2.5 -5.0 12.5 9999999851.6277
300.0 0.0 -5.0 12.5 9999999448.3649
300.0 2.5 -5.0 12.5 2543832870.9174
300.0 5.0 -5.0 12.5 9999999804.7364
300.0 -5.0 -2.5 12.5 2433490203.7962
300.0 -2.5 -2.5 12.5 486416925.8912
300.0 0.0 -2.5 12.5 9999999631.0249
300.0 2.5 -2.5 12.5 9999999612.2458
300.0 5.0 -2.5 12.5 9999999756.7112
300.0 -5.0 0.0 12.5 1933411034.9707
300.0 -2.5 0.0 12.5 9999999928.0758
300.0 0.0 0.0 12.5 10000000015.072401
300.0 2.5 0.0 12.5 9999999911.5554
300.0 5.0 0.0 12.5 6849538732.8057
300.0 7.5 0.0 12.5 9999999942.165
300.0 -5.0 2.5 12.5 10000000032.9391
300.0 -2.5 2.5 12.5 10000000008.2432
300.0 0.0 2.5 12.5 3785022.9736
300.0 2.5 2.5 12.5 169011794.1859
300.0 5.0 2.5 12.5 10000000121.8712
300.0 7.5 2.5 12.5 12664503.0821
300.0 -5.0 5.0 12.5 255496618.62440002
300.0 -2.5 5.0 12.5 4009304068.016
300.0 0.0 5.0 12.5 524456512.899
300.0 2.5 5.0 12.5 21929.3914
300.0 5.0 5.0 12.5 1061664.0861000002
300.0 7.5 5.0 12.5 18.061899999999998
300.0 -2.5 -10.0 13.75 1793071361.0279002
300.0 0.0 -10.0 13.75 9999999945.366901
300.0 2.5 -10.0 13.75 18335314.4513
300.0 5.0 -10.0 13.75 5485873425.5304
300.0 7.5 -10.0 13.75 -71.4687
300.0 10.0 -10.0 13.75 189.13219999999995
300.0 -5.0 -7.5 13.75 9999999954.5067
300.0 -2.5 -7.5 13.75 10000000204.9592
300.0 0.0 -7.5 13.75 149081524.7708
300.0 2.5 -7.5 13.75 9999999910.9022
300.0 5.0 -7.5 13.75 9999999591.459301
300.0 7.5 -7.5 13.75 7426611.1344
300.0 -5.0 -5.0 13.75 10000000023.5042
300.0 -2.5 -5.0 13.75 9999999994.891602
300.0 0.0 -5.0 13.75 9999999936.067701
300.0 2.5 -5.0 13.75 287532546.54340005
300.0 5.0 -5.0 13.75 9999999815.5727
300.0 -5.0 -2.5 13.75 9999999588.1905
300.0 -2.5 -2.5 13.75 9999999935.7653
300.0 0.0 -2.5 13.75 4910750517.315801
300.0 2.5 -2.5 13.75 9999999884.4876
300.0 5.0 -2.5 13.75 182661951.4887
300.0 7.5 -2.5 13.75 9999999742.8334
300.0 -5.0 0.0 13.75 9999999961.4377
300.0 -2.5 0.0 13.75 43715975.0444
300.0 0.0 0.0 13.75 408874549.49990004
300.0 2.5 0.0 13.75 429321460.739
300.0 5.0 0.0 13.75 5152529648.237599
300.0 7.5 0.0 13.75 5356050280.925
300.0 -5.0 2.5 13.75 3354532391.6619
300.0 -2.5 2.5 13.75 10000000142.179901
300.0 0.0 2.5 13.75 292769.6331
300.0 2.5 2.5 13.75 2458013555.987
300.0 5.0 2.5 13.75 279513.4221
300.0 7.5 2.5 13.75 13119380.927
300.0 10.0 2.5 13.75 108101.6232
300.0 -5.0 5.0 13.75 12864038.4077
300.0 -2.5 5.0 13.75 1593145.2844
300.0 0.0 5.0 13.75 1820.6921
300.0 2.5 5.0 13.75 138954.2315
300.0 5.0 5.0 13.75 341.0249
300.0 7.5 5.0 13.75 15.1493
300.0 10.0 5.0 13.75 5969.499
300.0 -2.5 -10.0 15.0 10000000030.501001
300.0 0.0 -10.0 15.0 9999999939.6693
300.0 2.5 -10.0 15.0 90143071.7067
300.0 5.0 -10.0 15.0 2200296.452
300.0 7.5 -10.0 15.0 -47.31899999999999
300.0 10.0 -10.0 15.0 -104.9523
300.0 -5.0 -7.5 15.0 9999999979.5627
300.0 -2.5 -7.5 15.0 10000000037.1124
300.0 0.0 -7.5 15.0 112373347.3135
300.0 2.5 -7.5 15.0 9999999932.250101
300.0 5.0 -7.5 15.0 6801871.9015
300.0 7.5 -7.5 15.0 190613.6807
300.0 10.0 -7.5 15.0 16297.5624
300.0 -5.0 -5.0 15.0 9999999954.333601
300.0 -2.5 -5.0 15.0 10000000628.144001
300.0 0.0 -5.0 15.0 10000000105.1917
300.0 2.5 -5.0 15.0 9999999916.433
300.0 5.0 -5.0 15.0 9999999895.4344
300.0 7.5 -5.0 15.0 9999999843.639101
300.0 -5.0 -2.5 15.0 151243726.0063
300.0 -2.5 -2.5 15.0 259157239.84059998
300.0 0.0 -2.5 15.0 533127146.7781
300.0 2.5 -2.5 15.0 10000000031.630001
300.0 5.0 -2.5 15.0 9999999992.118301
300.0 7.5 -2.5 15.0 5053378703.821899
300.0 10.0 -2.5 15.0 4814.2653
300.0 -5.0 0.0 15.0 7007853.532699999
300.0 -2.5 0.0 15.0 10000000260.2891
300.0 0.0 0.0 15.0 10000000056.8297
300.0 2.5 0.0 15.0 1800063873.4615
300.0 5.0 0.0 15.0 1040260361.7513
300.0 7.5 0.0 15.0 19406177.146
300.0 10.0 0.0 15.0 8856401.4543
300.0 -5.0 2.5 15.0 557708970.5432
300.0 -2.5 2.5 15.0 4605615972.4388
300.0 0.0 2.5 15.0 13463.573699999999
300.0 2.5 2.5 15.0 1516107.2025
300.0 5.0 2.5 15.0 2294747.0012000003
300.0 7.5 2.5 15.0 141154.5601
300.0 10.0 2.5 15.0 1669.5346
300.0 -5.0 5.0 15.0 37025.7058
300.0 -2.5 5.0 15.0 60073.7718
300.0 0.0 5.0 15.0 -3.7325
300.0 2.5 5.0 15.0 538.4272000000001
300.0 5.0 5.0 15.0 38.1759
300.0 7.5 5.0 15.0 5.6478
300.0 10.0 5.0 15.0 32.9992
300.0 -5.0 -10.0 16.25 256689.9421
300.0 -2.5 -10.0 16.25 232806.30490000002
300.0 0.0 -10.0 16.25 9999999968.098202
300.0 2.5 -10.0 16.25 9999999876.779202
300.0 5.0 -10.0 16.25 32847.2646
300.0 7.5 -10.0 16.25 -111.61439999999999
300.0 10.0 -10.0 16.25 -84.88000000000001
300.0 -5.0 -7.5 16.25 9999999906.537102
300.0 -2.5 -7.5 16.25 378738064.3922
300.0 0.0 -7.5 16.25 62681328.9733
300.0 2.5 -7.5 16.25 9999999982.5067
300.0 5.0 -7.5 16.25 235377.6563
300.0 7.5 -7.5 16.25 575.7409
300.0 10.0 -7.5 16.25 -105.14460000000001
300.0 -5.0 -5.0 16.25 275336892.67219996
300.0 -2.5 -5.0 16.25 9999999966.403801
300.0 0.0 -5.0 16.25 462840644.3691
300.0 2.5 -5.0 16.25 10000000194.8887
300.0 5.0 -5.0 16.25 2853667330.0298004
300.0 7.5 -5.0 16.25 9999999948.710201
300.0 10.0 -5.0 16.25 -43.471700000000006
300.0 -5.0 -2.5 16.25 10000000039.5471
300.0 -2.5 -2.5 16.25 430037070.07519996
300.0 0.0 -2.5 16.25 1860884475.4548
300.0 2.5 -2.5 16.25 779035894.7398
300.0 5.0 -2.5 16.25 9999999945.806501
300.0 7.5 -2.5 16.25 470236819.8238
300.0 10.0 -2.5 16.25 528.3189
300.0 -5.0 0.0 16.25 76083709.6508
300.0 -2.5 0.0 16.25 25830938.8502
300.0 0.0 0.0 16.25 1083275.679
300.0 2.5 0.0 16.25 14570823.1202
300.0 5.0 0.0 16.25 1742031285.5006
300.0 7.5 0.0 16.25 2109079972.1
300.0 10.0 0.0 16.25 38016.133499999996
300.0 -5.0 2.5 16.25 278897.24840000004
300.0 -2.5 2.5 16.25 2187625.0013
300.0 0.0 2.5 16.25 396.9596
300.0 2.5 2.5 16.25 161.0678
300.0 5.0 2.5 16.25 951.9241
300.0 7.5 2.5 16.25 10000000021.158602
300.0 10.0 2.5 16.25 3336.8986
300.0 -5.0 5.0 16.25 76.3878
300.0 -2.5 5.0 16.25 -24.420900000000003
300.0 0.0 5.0 16.25 -13.5222
300.0 2.5 5.0 16.25 12.6923
300.0 5.0 5.0 16.25 18.2498
300.0 7.5 5.0 16.25 8.3282
300.0 10.0 5.0 16.25 1.0857999999999999
