0.0 5.0 -7.5 6.25 9999999930.3318
0.0 -2.5 5.0 6.25 35482.217
0.0 0.0 2.5 7.5 22379711.0455
0.0 -2.5 5.0 7.5 10000000214.3078
0.0 0.0 5.0 7.5 1270137089.528
0.0 2.5 -10.0 8.75 9999999959.9507
0.0 5.0 -10.0 8.75 3727863914.5987
0.0 7.5 -10.0 8.75 10000000242.2898
0.0 0.0 -7.5 8.75 10000000396.440601
0.0 5.0 -7.5 8.75 9999999913.3602
0.0 0.0 0.0 8.75 10000000012.5456
0.0 0.0 2.5 8.75 342356364.6861
0.0 -2.5 5.0 8.75 731016.6309
0.0 0.0 5.0 8.75 10000000024.0629
0.0 2.5 5.0 8.75 9999999949.5443
0.0 5.0 5.0 8.75 2251855492.1695
0.0 5.0 -10.0 10.0 3055592.4504
0.0 7.5 -10.0 10.0 1616784.9572
0.0 0.0 -7.5 10.0 74714222.316
0.0 2.5 -7.5 10.0 9999999847.267601
0.0 5.0 -7.5 10.0 2451670172.4466
0.0 -2.5 -5.0 10.0 10000000083.0459
0.0 2.5 -5.0 10.0 10000000049.2133
0.0 -2.5 -2.5 10.0 9999999961.8215
0.0 0.0 -2.5 10.0 9999999957.8939
0.0 -2.5 0.0 10.0 7068081.5365
0.0 0.0 0.0 10.0 14224959.8452
0.0 2.5 0.0 10.0 9999999639.774601
0.0 0.0 2.5 10.0 14287210.624599999
0.0 2.5 2.5 10.0 10000000057.609901
0.0 7.5 2.5 10.0 9999999980.283201
0.0 -2.5 5.0 10.0 48492866.6515
0.0 0.0 5.0 10.0 127463.70880000001
0.0 2.5 5.0 10.0 667489717.0878
0.0 5.0 5.0 10.0 21030269.352300003
0.0 2.5 -10.0 11.25 21450876.223199997
0.0 5.0 -10.0 11.25 1179224.655
0.0 7.5 -10.0 11.25 1749.864
0.0 10.0 -10.0 11.25 1.4188
0.0 0.0 -7.5 11.25 51482357.836899996
0.0 2.5 -7.5 11.25 352852910.12310004
0.0 5.0 -7.5 11.25 2118416.2594999997
0.0 7.5 -7.5 11.25 11264.992199999999
0.0 -2.5 -5.0 11.25 9999999980.158602
0.0 0.0 -5.0 11.25 17781987.5773
0.0 2.5 -5.0 11.25 10000000036.055601
0.0 5.0 -5.0 11.25 9999999987.178902
0.0 -5.0 -2.5 11.25 10000000014.734201
0.0 -2.5 -2.5 11.25 5920328095.9984
0.0 0.0 -2.5 11.25 2886314680.9909997
0.0 7.5 -2.5 11.25 21920.2779
0.0 -2.5 0.0 11.25 22726.9275
0.0 0.0 0.0 11.25 8691490769.0194
0.0 2.5 0.0 11.25 449996529.5418
0.0 -2.5 2.5 11.25 5974.0273
0.0 0.0 2.5 11.25 95174.46130000001
0.0 2.5 2.5 11.25 9999999988.5963
0.0 5.0 2.5 11.25 7086930.5234
0.0 7.5 2.5 11.25 9999999967.058401
0.0 -5.0 5.0 11.25 1.8653
0.0 -2.5 5.0 11.25 1814.9771
0.0 0.0 5.0 11.25 3576.1671
0.0 2.5 5.0 11.25 2349739.0603
0.0 5.0 5.0 11.25 723.4126
0.0 7.5 5.0 11.25 2991.8662000000004
0.0 0.0 -10.0 12.5 24185.0144
0.0 2.5 -10.0 12.5 13644345.4464
0.0 5.0 -10.0 12.5 16470117.038600001
0.0 7.5 -10.0 12.5 26.915999999999997
0.0 10.0 -10.0 12.5 3.6602
0.0 -2.5 -7.5 12.5 26717.0339
0.0 0.0 -7.5 12.5 2138548.3963
0.0 2.5 -7.5 12.5 9274821901.7402
0.0 5.0 -7.5 12.5 9999999971.251202
0.0 7.5 -7.5 12.5 30.6107
0.0 10.0 -7.5 12.5 -2.4884
0.0 -5.0 -5.0 12.5 34643.7719
0.0 -2.5 -5.0 12.5 9999999962.160301
0.0 0.0 -5.0 12.5 740753692.3518
0.0 2.5 -5.0 12.5 1701157030.8962
0.0 5.0 -5.0 12.5 11542450.178000001
0.0 7.5 -5.0 12.5 18343.1793
0.0 10.0 -5.0 12.5 -1.4381
0.0 -5.0 -2.5 12.5 477973.3757
0.0 -2.5 -2.5 12.5 6232501.5088
0.0 0.0 -2.5 12.5 73893180.1654
0.0 2.5 -2.5 12.5 10000000091.7698
0.0 5.0 -2.5 12.5 9999999969.294802
0.0 7.5 -2.5 12.5 10294.3496
0.0 -5.0 0.0 12.5 62.1124
0.0 -2.5 0.0 12.5 186.4387
0.0 0.0 0.0 12.5 2257772089.0211997
0.0 2.5 0.0 12.5 5035195087.0395
0.0 5.0 0.0 12.5 9999999929.570702
0.0 -2.5 2.5 12.5 61.84270000000001
0.0 0.0 2.5 12.5 24040866.2565
0.0 2.5 2.5 12.5 1000348.9664
0.0 5.0 2.5 12.5 5766137.223999999
0.0 7.5 2.5 12.5 193.079
0.0 10.0 2.5 12.5 -17.6948
0.0 -5.0 5.0 12.5 -0.17169999999999996
0.0 -2.5 5.0 12.5 19.0235
0.0 0.0 5.0 12.5 63.2204
0.0 2.5 5.0 12.5 239.17000000000002
0.0 5.0 5.0 12.5 -21.0627
0.0 7.5 5.0 12.5 -15.987300000000001
0.0 10.0 5.0 12.5 -8.6086
0.0 0.0 -10.0 13.75 69.4088
0.0 2.5 -10.0 13.75 18343.003399999998
0.0 5.0 -10.0 13.75 632.9183
0.0 7.5 -10.0 13.75 12.168500000000002
0.0 10.0 -10.0 13.75 4.8318
0.0 -2.5 -7.5 13.75 4.7974000000000006
0.0 0.0 -7.5 13.75 6663.7949
0.0 2.5 -7.5 13.75 2094322971.5101001
0.0 5.0 -7.5 13.75 618531126.7831
0.0 7.5 -7.5 13.75 -6.6386
0.0 10.0 -7.5 13.75 1.1874999999999998
0.0 -5.0 -5.0 13.75 -0.35370000000000035
0.0 -2.5 -5.0 13.75 15043.110999999999
0.0 0.0 -5.0 13.75 9623591893.2132
0.0 2.5 -5.0 13.75 103481134.4725
0.0 5.0 -5.0 13.75 221777.6691
0.0 7.5 -5.0 13.75 147.20100000000002
0.0 10.0 -5.0 13.75 0.8651999999999997
0.0 -5.0 -2.5 13.75 45098.9522
0.0 -2.5 -2.5 13.75 740.8
0.0 0.0 -2.5 13.75 1214676245.3692
0.0 2.5 -2.5 13.75 1252107198.3607001
0.0 5.0 -2.5 13.75 4690123058.2393
0.0 7.5 -2.5 13.75 4437.724899999999
0.0 -5.0 0.0 13.75 -5.3738
0.0 -2.5 0.0 13.75 139.2027
0.0 0.0 0.0 13.75 42569289.4035
0.0 2.5 0.0 13.75 4270578.6033
0.0 5.0 0.0 13.75 790751984.5971
0.0 7.5 0.0 13.75 75.3561
0.0 -5.0 2.5 13.75 -3.9428
0.0 -2.5 2.5 13.75 9.845
0.0 0.0 2.5 13.75 294695.4263
0.0 2.5 2.5 13.75 350.0038
0.0 5.0 2.5 13.75 142.90699999999998
0.0 7.5 2.5 13.75 -20.0098
0.0 10.0 2.5 13.75 -12.2477
0.0 -5.0 5.0 13.75 -0.20500000000000002
0.0 -2.5 5.0 13.75 -6.3377
0.0 0.0 5.0 13.75 -14.3986
0.0 2.5 5.0 13.75 -16.9874
0.0 5.0 5.0 13.75 -16.9908
0.0 7.5 5.0 13.75 -12.982000000000001
0.0 10.0 5.0 13.75 -6.839600000000001
0.0 -5.0 -10.0 15.0 3.9409
0.0 -2.5 -10.0 15.0 7.349
0.0 0.0 -10.0 15.0 14.601799999999999
0.0 2.5 -10.0 15.0 5102.8117
0.0 5.0 -10.0 15.0 118.3878
0.0 7.5 -10.0 15.0 10.4884
0.0 10.0 -10.0 15.0 5.0514
0.0 -5.0 -7.5 15.0 -1.4771999999999998
0.0 -2.5 -7.5 15.0 -2.9210000000000003
0.0 0.0 -7.5 15.0 80.7875
0.0 2.5 -7.5 15.0 31596.3621
0.0 5.0 -7.5 15.0 46.9624
0.0 7.5 -7.5 15.0 -0.9826999999999999
0.0 10.0 -7.5 15.0 2.3954000000000004
0.0 -5.0 -5.0 15.0 -5.6543
0.0 -2.5 -5.0 15.0 4.746599999999999
0.0 0.0 -5.0 15.0 11126.703599999999
0.0 2.5 -5.0 15.0 1879794.1896
0.0 5.0 -5.0 15.0 162.1362
0.0 7.5 -5.0 15.0 -0.8971
0.0 10.0 -5.0 15.0 1.9287
0.0 -5.0 -2.5 15.0 -6.0525
0.0 -2.5 -2.5 15.0 -5.6458
0.0 0.0 -2.5 15.0 777587.254
0.0 2.5 -2.5 15.0 536928.341
0.0 5.0 -2.5 15.0 51991340.5813
0.0 7.5 -2.5 15.0 17.542
0.0 10.0 -2.5 15.0 0.9335
0.0 -5.0 0.0 15.0 -4.5854
0.0 -2.5 0.0 15.0 -6.5168
0.0 0.0 0.0 15.0 5920526.0622000005
0.0 2.5 0.0 15.0 4533.5333
0.0 5.0 0.0 15.0 103425.48999999999
0.0 7.5 0.0 15.0 -12.81
0.0 10.0 0.0 15.0 -5.0323
0.0 -5.0 2.5 15.0 -3.2678
0.0 -2.5 2.5 15.0 -9.4722
0.0 0.0 2.5 15.0 3.350200000000001
0.0 2.5 2.5 15.0 -17.2607
0.0 5.0 2.5 15.0 -18.0392
0.0 7.5 2.5 15.0 -14.8109
0.0 10.0 2.5 15.0 -7.3234
0.0 -5.0 5.0 15.0 -1.1561
0.0 -2.5 5.0 15.0 -4.8403
0.0 0.0 5.0 15.0 -10.484200000000001
0.0 2.5 5.0 15.0 -12.018999999999998
0.0 5.0 5.0 15.0 -12.205400000000001
0.0 7.5 5.0 15.0 -9.3002
0.0 10.0 5.0 15.0 -4.6903999999999995
0.0 -5.0 -10.0 16.25 3.4442
0.0 -2.5 -10.0 16.25 7.465299999999999
0.0 0.0 -10.0 16.25 9.5111
0.0 2.5 -10.0 16.25 32.7872
0.0 5.0 -10.0 16.25 17.596799999999998
0.0 7.5 -10.0 16.25 8.3999
0.0 10.0 -10.0 16.25 4.1932
0.0 -5.0 -7.5 16.25 -0.3984000000000001
0.0 -2.5 -7.5 16.25 1.8706
0.0 0.0 -7.5 16.25 3.9773000000000005
0.0 2.5 -7.5 16.25 69.497
0.0 5.0 -7.5 16.25 -7.8576999999999995
0.0 7.5 -7.5 16.25 1.3872
0.0 10.0 -7.5 16.25 3.4797000000000002
0.0 -5.0 -5.0 16.25 -3.2647000000000004
0.0 -2.5 -5.0 16.25 -3.5099
0.0 0.0 -5.0 16.25 20.3944
0.0 2.5 -5.0 16.25 1339.7753
0.0 5.0 -5.0 16.25 -6.1206
0.0 7.5 -5.0 16.25 0.4609000000000001
0.0 10.0 -5.0 16.25 2.4459999999999997
0.0 -5.0 -2.5 16.25 -4.4795
0.0 -2.5 -2.5 16.25 -9.7964
0.0 0.0 -2.5 16.25 648.2055
0.0 2.5 -2.5 16.25 896.0610999999999
0.0 5.0 -2.5 16.25 0.9177999999999997
0.0 7.5 -2.5 16.25 1.5945
0.0 10.0 -2.5 16.25 0.9937999999999999
0.0 -5.0 0.0 16.25 -3.9764
0.0 -2.5 0.0 16.25 -9.896799999999999
0.0 0.0 0.0 16.25 85.75189999999999
0.0 2.5 0.0 16.25 55.569300000000005
0.0 5.0 0.0 16.25 -10.2255
0.0 7.5 0.0 16.25 -6.8279
0.0 10.0 0.0 16.25 -2.8075
0.0 -5.0 2.5 16.25 -2.6462999999999997
0.0 -2.5 2.5 16.25 -6.590999999999999
0.0 0.0 2.5 16.25 -11.3809
0.0 2.5 2.5 16.25 -12.521799999999999
0.0 5.0 2.5 16.25 -11.8837
0.0 7.5 2.5 16.25 -8.6928
0.0 10.0 2.5 16.25 -4.2701
0.0 -5.0 5.0 16.25 -1.5284
0.0 -2.5 5.0 16.25 -3.6489
0.0 0.0 5.0 16.25 -6.7869
0.0 2.5 5.0 16.25 -8.4755
0.0 5.0 5.0 16.25 -8.2488
0.0 7.5 5.0 16.25 -5.8908
0.0 10.0 5.0 16.25 -2.5115
60.0 -5.0 -10.0 3.75 7018337411.0006
60.0 -2.5 -10.0 3.75 10000000001.2896
60.0 0.0 -10.0 3.75 9999999956.1334
60.0 2.5 -10.0 3.75 10000000091.895401
60.0 5.0 -10.0 3.75 2566109024.4009004
60.0 7.5 -10.0 3.75 10000000084.281101
60.0 10.0 -10.0 3.75 9157758.4532
60.0 -5.0 -7.5 3.75 9999999745.6431
60.0 -2.5 -7.5 3.75 10000000117.8131
60.0 0.0 -7.5 3.75 10000000064.526901
60.0 2.5 -7.5 3.75 552207612.7999
60.0 5.0 -7.5 3.75 5232096711.6324005
60.0 7.5 -7.5 3.75 10000000275.1492
60.0 10.0 -7.5 3.75 12134651.8981
60.0 -5.0 -5.0 3.75 1329695020.1038
60.0 -2.5 -5.0 3.75 10000000093.378302
60.0 0.0 -5.0 3.75 9999999960.4437
60.0 2.5 -5.0 3.75 10000000190.6714
60.0 5.0 -5.0 3.75 10000000167.964901
60.0 7.5 -5.0 3.75 45197996.2777
60.0 10.0 -5.0 3.75 434656532.4742
60.0 -5.0 -2.5 3.75 9999999895.133202
60.0 -2.5 -2.5 3.75 10000000145.2576
60.0 0.0 -2.5 3.75 10000000157.6427
60.0 2.5 -2.5 3.75 9999999981.837301
60.0 5.0 -2.5 3.75 7023560402.1756
60.0 7.5 -2.5 3.75 1287342984.5355
60.0 10.0 -2.5 3.75 87014393.309
60.0 -5.0 0.0 3.75 10000000004.1795
60.0 -2.5 0.0 3.75 10000000191.6086
60.0 0.0 0.0 3.75 9999999981.406101
60.0 2.5 0.0 3.75 9999999942.5093
60.0 5.0 0.0 3.75 10000000121.332
60.0 7.5 0.0 3.75 3114030408.277
60.0 10.0 0.0 3.75 215226819.6495
60.0 -5.0 2.5 3.75 9999999922.6249
60.0 -2.5 2.5 3.75 115350510.7861
60.0 0.0 2.5 3.75 2951776922.7713
60.0 2.5 2.5 3.75 10000000079.359901
60.0 5.0 2.5 3.75 9999999913.675901
60.0 7.5 2.5 3.75 10000000030.444302
60.0 10.0 2.5 3.75 133600009.0295
60.0 -5.0 5.0 3.75 2804036.3162000002
60.0 -2.5 5.0 3.75 82981978.34150001
60.0 0.0 5.0 3.75 2843499645.1802998
60.0 2.5 5.0 3.75 311644069.6692
60.0 5.0 5.0 3.75 9999999946.486502
60.0 7.5 5.0 3.75 9999999935.305302
60.0 10.0 5.0 3.75 10000000034.8139
60.0 2.5 -2.5 5.0 2662910453.609
60.0 0.0 0.0 5.0 10000000078.831202
60.0 0.0 2.5 5.0 9999999915.436
60.0 2.5 -2.5 6.25 10000000086.008202
60.0 0.0 0.0 6.25 9999999976.7404
60.0 0.0 2.5 6.25 2823866251.0994
60.0 0.0 5.0 6.25 409370822.46599996
60.0 2.5 -5.0 7.5 1107060160.3415
60.0 2.5 -2.5 7.5 2759489466.8899
60.0 5.0 -2.5 7.5 602874505.1969
60.0 -2.5 0.0 7.5 10000000082.4676
60.0 0.0 0.0 7.5 1987259841.7595
60.0 2.5 0.0 7.5 10000000140.024801
60.0 0.0 2.5 7.5 2022727849.8005002
60.0 0.0 5.0 7.5 202002973.324
60.0 2.5 -7.5 8.75 3185687704.4924
60.0 2.5 -5.0 8.75 10000000348.4185
60.0 5.0 -5.0 8.75 360281550.3212
60.0 0.0 -2.5 8.75 9999999938.253101
60.0 2.5 -2.5 8.75 1337356912.6409
60.0 -2.5 0.0 8.75 9999999983.473001
60.0 0.0 0.0 8.75 22828418.2415
60.0 2.5 0.0 8.75 10000000097.726002
60.0 -2.5 2.5 8.75 10000000255.9221
60.0 0.0 2.5 8.75 1259367000.9841
60.0 0.0 5.0 8.75 182501562.7178
60.0 5.0 -10.0 10.0 754529.079
60.0 2.5 -7.5 10.0 9999999997.5209
60.0 5.0 -7.5 10.0 891348.4697
60.0 7.5 -7.5 10.0 324.3568
60.0 0.0 -5.0 10.0 947473646.7900001
60.0 2.5 -5.0 10.0 9999999925.516602
60.0 5.0 -5.0 10.0 9999999931.4969
60.0 -2.5 -2.5 10.0 292248262.1379
60.0 0.0 -2.5 10.0 9999999960.560501
60.0 2.5 -2.5 10.0 9999999960.985802
60.0 5.0 -2.5 10.0 10000000097.109402
60.0 7.5 -2.5 10.0 6625747.965
60.0 -2.5 0.0 10.0 10000000115.157701
60.0 0.0 0.0 10.0 275560074.6747
60.0 2.5 0.0 10.0 9999999995.8215
60.0 -2.5 2.5 10.0 292503536.8741
60.0 0.0 2.5 10.0 9999999918.918201
60.0 2.5 2.5 10.0 9999999978.862902
60.0 -2.5 5.0 10.0 946566.2661
60.0 0.0 5.0 10.0 74029.97499999999
60.0 2.5 5.0 10.0 8925683484.902
60.0 2.5 -10.0 11.25 1837582685.1044002
60.0 5.0 -10.0 11.25 220.1778
60.0 10.0 -10.0 11.25 1.3295
60.0 0.0 -7.5 11.25 10000000013.4736
60.0 2.5 -7.5 11.25 642417229.3173
60.0 5.0 -7.5 11.25 30124.7818
60.0 7.5 -7.5 11.25 15.6707
60.0 0.0 -5.0 11.25 2276282348.74
60.0 2.5 -5.0 11.25 94923690.1379
60.0 5.0 -5.0 11.25 208565415.102
60.0 -2.5 -2.5 11.25 9999999907.4815
60.0 0.0 -2.5 11.25 10000000014.903502
60.0 2.5 -2.5 11.25 10000000147.408901
60.0 5.0 -2.5 11.25 9999999981.0266
60.0 7.5 -2.5 11.25 241.93599999999998
60.0 -5.0 0.0 11.25 14274470.4403
60.0 -2.5 0.0 11.25 10000000015.076601
60.0 0.0 0.0 11.25 32657473.9485
60.0 2.5 0.0 11.25 4995962186.1125
60.0 5.0 0.0 11.25 174045251.85709998
60.0 -5.0 2.5 11.25 27647693.9663
60.0 -2.5 2.5 11.25 866783.6321
60.0 0.0 2.5 11.25 558453100.9582
60.0 2.5 2.5 11.25 101972839.7367
60.0 5.0 2.5 11.25 281190238.5892
60.0 -2.5 5.0 11.25 496.4565
60.0 0.0 5.0 11.25 1305546.2718
60.0 2.5 5.0 11.25 146858.5852
60.0 5.0 5.0 11.25 5022.8778
60.0 7.5 5.0 11.25 558.1410999999999
60.0 -2.5 -10.0 12.5 114.09719999999999
60.0 0.0 -10.0 12.5 12097.7589
60.0 2.5 -10.0 12.5 174912.7426
60.0 5.0 -10.0 12.5 20.0648
60.0 7.5 -10.0 12.5 11.0439
60.0 10.0 -10.0 12.5 3.3237
60.0 0.0 -7.5 12.5 14047.764799999999
60.0 2.5 -7.5 12.5 39555.9564
60.0 5.0 -7.5 12.5 2080.777
60.0 7.5 -7.5 12.5 16.6936
60.0 10.0 -7.5 12.5 2.7265000000000006
60.0 -2.5 -5.0 12.5 10000000018.3332
60.0 0.0 -5.0 12.5 10000000040.148201
60.0 2.5 -5.0 12.5 38882718.1283
60.0 5.0 -5.0 12.5 10000000040.1926
60.0 7.5 -5.0 12.5 9.7699
60.0 -5.0 -2.5 12.5 42.2924
60.0 -2.5 -2.5 12.5 3299551.5243
60.0 0.0 -2.5 12.5 10000000011.871101
60.0 2.5 -2.5 12.5 56865650.7419
60.0 5.0 -2.5 12.5 17935573.3997
60.0 7.5 -2.5 12.5 200.3574
60.0 -5.0 0.0 12.5 516.0859
60.0 -2.5 0.0 12.5 2233228.8776
60.0 0.0 0.0 12.5 6152651.2836
60.0 2.5 0.0 12.5 1006694904.8029001
60.0 5.0 0.0 12.5 9999999961.121801
60.0 -5.0 2.5 12.5 695.9449
60.0 -2.5 2.5 12.5 583932.9869
60.0 0.0 2.5 12.5 21144138.4295
60.0 2.5 2.5 12.5 29477814.4739
60.0 5.0 2.5 12.5 8436391.3224
60.0 7.5 2.5 12.5 116548.717
60.0 -5.0 5.0 12.5 16.201
60.0 -2.5 5.0 12.5 -6.492
60.0 0.0 5.0 12.5 304.31120000000004
60.0 2.5 5.0 12.5 23.392699999999998
60.0 5.0 5.0 12.5 -15.828399999999998
60.0 7.5 5.0 12.5 -37.7297
60.0 10.0 5.0 12.5 -16.9043
60.0 -2.5 -10.0 13.75 8.5054
60.0 0.0 -10.0 13.75 53.9959
60.0 2.5 -10.0 13.75 138.5725
60.0 5.0 -10.0 13.75 20.340899999999998
60.0 7.5 -10.0 13.75 11.9495
60.0 10.0 -10.0 13.75 4.1962
60.0 0.0 -7.5 13.75 3215951.2791999998
60.0 2.5 -7.5 13.75 915005.3376999999
60.0 5.0 -7.5 13.75 112.0489
60.0 7.5 -7.5 13.75 16.143
60.0 10.0 -7.5 13.75 4.1955
60.0 -2.5 -5.0 13.75 2553.6368
60.0 0.0 -5.0 13.75 142636609.65919998
60.0 2.5 -5.0 13.75 1722788.3158999998
60.0 5.0 -5.0 13.75 130423.8021
60.0 7.5 -5.0 13.75 3.2515000000000005
60.0 10.0 -5.0 13.75 1.5582000000000003
60.0 -5.0 -2.5 13.75 -4.0844000000000005
60.0 -2.5 -2.5 13.75 6280754.73
60.0 0.0 -2.5 13.75 8422905009.455
60.0 2.5 -2.5 13.75 1065922725.2614
60.0 5.0 -2.5 13.75 2353464.7823
60.0 7.5 -2.5 13.75 2.9284000000000003
60.0 -5.0 0.0 13.75 -9.962299999999999
60.0 -2.5 0.0 13.75 35536812.4883
60.0 0.0 0.0 13.75 9999999943.6259
60.0 2.5 0.0 13.75 9999999900.7255
60.0 5.0 0.0 13.75 16262290.130800001
60.0 -5.0 2.5 13.75 -4.5005
60.0 -2.5 2.5 13.75 34227.8682
60.0 0.0 2.5 13.75 102643.44840000001
60.0 2.5 2.5 13.75 20665.1719
60.0 5.0 2.5 13.75 42961.3144
60.0 7.5 2.5 13.75 3294.6424
60.0 -5.0 5.0 13.75 -3.8
60.0 -2.5 5.0 13.75 -9.129999999999999
60.0 0.0 5.0 13.75 -18.087200000000003
60.0 2.5 5.0 13.75 -28.642
60.0 5.0 5.0 13.75 -28.2055
60.0 7.5 5.0 13.75 -23.458499999999997
60.0 10.0 5.0 13.75 -10.649600000000001
60.0 -5.0 -10.0 15.0 4.3206
60.0 -2.5 -10.0 15.0 9.7336
60.0 0.0 -10.0 15.0 14.4754
60.0 2.5 -10.0 15.0 19.2727
60.0 5.0 -10.0 15.0 17.6662
60.0 7.5 -10.0 15.0 10.499199999999998
60.0 10.0 -10.0 15.0 4.5007
60.0 -5.0 -7.5 15.0 4.6137
60.0 -2.5 -7.5 15.0 8.762400000000001
60.0 0.0 -7.5 15.0 54.5984
60.0 2.5 -7.5 15.0 5980.600299999999
60.0 5.0 -7.5 15.0 50.4567
60.0 7.5 -7.5 15.0 12.6447
60.0 10.0 -7.5 15.0 4.1356
60.0 -5.0 -5.0 15.0 2.8709999999999996
60.0 -2.5 -5.0 15.0 7.8851
60.0 0.0 -5.0 15.0 56643.6437
60.0 2.5 -5.0 15.0 37870.6267
60.0 5.0 -5.0 15.0 1319.3906000000002
60.0 7.5 -5.0 15.0 2.4091
60.0 10.0 -5.0 15.0 2.9865000000000004
60.0 -5.0 -2.5 15.0 -2.0964
60.0 -2.5 -2.5 15.0 511.9626
60.0 0.0 -2.5 15.0 101491.96609999999
60.0 2.5 -2.5 15.0 1463446.5795
60.0 5.0 -2.5 15.0 1022.2685000000001
60.0 7.5 -2.5 15.0 -5.1326
60.0 10.0 -2.5 15.0 1.9197
60.0 -5.0 0.0 15.0 -6.806699999999999
60.0 -2.5 0.0 15.0 3063139.5867
60.0 0.0 0.0 15.0 9999999978.9195
60.0 2.5 0.0 15.0 44627070.0666
60.0 5.0 0.0 15.0 12931.022200000001
60.0 7.5 0.0 15.0 8.642999999999999
60.0 -5.0 2.5 15.0 -5.9544999999999995
60.0 -2.5 2.5 15.0 118.3033
60.0 0.0 2.5 15.0 1237.0600000000002
60.0 2.5 2.5 15.0 165.809
60.0 5.0 2.5 15.0 13.181200000000002
60.0 7.5 2.5 15.0 -0.23179999999999978
60.0 10.0 2.5 15.0 -3.2630999999999997
60.0 -5.0 5.0 15.0 -3.5791000000000004
60.0 -2.5 5.0 15.0 -8.4222
60.0 0.0 5.0 15.0 -17.0917
60.0 2.5 5.0 15.0 -21.0686
60.0 5.0 5.0 15.0 -18.481
60.0 7.5 5.0 15.0 -13.7277
60.0 10.0 5.0 15.0 -7.0619
60.0 -5.0 -10.0 16.25 3.5396
60.0 -2.5 -10.0 16.25 7.2205
60.0 0.0 -10.0 16.25 11.4011
60.0 2.5 -10.0 16.25 13.893600000000001
60.0 5.0 -10.0 16.25 13.5532
60.0 7.5 -10.0 16.25 8.3224
60.0 10.0 -10.0 16.25 4.2337
60.0 -5.0 -7.5 16.25 3.6859999999999995
60.0 -2.5 -7.5 16.25 7.632600000000001
60.0 0.0 -7.5 16.25 10.5237
60.0 2.5 -7.5 16.25 16.4844
60.0 5.0 -7.5 16.25 16.6986
60.0 7.5 -7.5 16.25 8.520399999999999
60.0 10.0 -7.5 16.25 4.5786
60.0 -5.0 -5.0 16.25 2.7072
60.0 -2.5 -5.0 16.25 4.3034
60.0 0.0 -5.0 16.25 136.23420000000002
60.0 2.5 -5.0 16.25 72.25999999999999
60.0 5.0 -5.0 16.25 6.9341
60.0 7.5 -5.0 16.25 2.6645000000000003
60.0 10.0 -5.0 16.25 4.0615000000000006
60.0 -5.0 -2.5 16.25 -1.0311000000000001
60.0 -2.5 -2.5 16.25 1.1259000000000001
60.0 0.0 -2.5 16.25 218.9683
60.0 2.5 -2.5 16.25 198.7407
60.0 5.0 -2.5 16.25 -11.3072
60.0 7.5 -2.5 16.25 -0.9444
60.0 10.0 -2.5 16.25 2.6026
60.0 -5.0 0.0 16.25 -4.6399
60.0 -2.5 0.0 16.25 33.6254
60.0 0.0 0.0 16.25 925329.9708
60.0 2.5 0.0 16.25 95904.0759
60.0 5.0 0.0 16.25 12.6668
60.0 7.5 0.0 16.25 1.8318999999999999
60.0 10.0 0.0 16.25 2.3339
60.0 -5.0 2.5 16.25 -4.2895
60.0 -2.5 2.5 16.25 -10.9637
60.0 0.0 2.5 16.25 -16.409399999999998
60.0 2.5 2.5 16.25 -17.098499999999998
60.0 5.0 2.5 16.25 -9.1597
60.0 7.5 2.5 16.25 -4.2620000000000005
60.0 10.0 2.5 16.25 -1.0859999999999999
60.0 -5.0 5.0 16.25 -2.838
60.0 -2.5 5.0 16.25 -7.2151
60.0 0.0 5.0 16.25 -12.5589
60.0 2.5 5.0 16.25 -13.6086
60.0 5.0 5.0 16.25 -11.027000000000001
60.0 7.5 5.0 16.25 -7.7725
60.0 10.0 5.0 16.25 -4.3057
120.0 -5.0 -10.0 3.75 9999999853.287
120.0 -2.5 -10.0 3.75 9999999973.9398
120.0 0.0 -10.0 3.75 10000000262.6138
120.0 2.5 -10.0 3.75 10000000088.6706
120.0 5.0 -10.0 3.75 10000000006.0736
120.0 7.5 -10.0 3.75 9999999977.197102
120.0 10.0 -10.0 3.75 3840.2101
120.0 -5.0 -7.5 3.75 10000000097.4339
120.0 -2.5 -7.5 3.75 4976973913.3139
120.0 0.0 -7.5 3.75 9999999928.8419
120.0 2.5 -7.5 3.75 9999999977.633902
120.0 5.0 -7.5 3.75 9999999900.4472
120.0 7.5 -7.5 3.75 10000000340.081001
120.0 10.0 -7.5 3.75 9298059274.528301
120.0 -5.0 -5.0 3.75 9999999903.357302
120.0 -2.5 -5.0 3.75 10000000134.099201
120.0 0.0 -5.0 3.75 9999999765.6875
120.0 2.5 -5.0 3.75 10000000299.8285
120.0 5.0 -5.0 3.75 9999999964.871
120.0 7.5 -5.0 3.75 3636495931.1590996
120.0 10.0 -5.0 3.75 10000000071.755201
120.0 -5.0 -2.5 3.75 9999999906.069101
120.0 -2.5 -2.5 3.75 10000000009.9899
120.0 0.0 -2.5 3.75 9999999925.8404
120.0 2.5 -2.5 3.75 9999999568.6797
120.0 5.0 -2.5 3.75 115621865.4758
120.0 7.5 -2.5 3.75 6421905.5566
120.0 10.0 -2.5 3.75 9999999998.1039
120.0 -5.0 0.0 3.75 9999999983.155401
120.0 -2.5 0.0 3.75 9999999924.384602
120.0 0.0 0.0 3.75 10000000040.352001
120.0 2.5 0.0 3.75 416541090.40900004
120.0 5.0 0.0 3.75 1155945652.1472
120.0 7.5 0.0 3.75 6224851096.800301
120.0 10.0 0.0 3.75 9999999991.4025
120.0 -5.0 2.5 3.75 402460699.8556
120.0 -2.5 2.5 3.75 429383298.3096
120.0 0.0 2.5 3.75 9999999977.5631
120.0 2.5 2.5 3.75 894568264.1662999
120.0 5.0 2.5 3.75 10000000054.5366
120.0 7.5 2.5 3.75 10000000064.703001
120.0 10.0 2.5 3.75 33828277.467
120.0 -5.0 5.0 3.75 9999999966.685701
120.0 -2.5 5.0 3.75 9999999963.148201
120.0 0.0 5.0 3.75 9999999979.9578
120.0 2.5 5.0 3.75 10000000063.663502
120.0 5.0 5.0 3.75 171892448.01869997
120.0 7.5 5.0 3.75 9999999946.0722
120.0 10.0 5.0 3.75 2764842266.4466
120.0 -2.5 5.0 5.0 19005196.026499998
120.0 -2.5 2.5 6.25 367803790.9677
120.0 -2.5 5.0 6.25 40074842.118499994
120.0 2.5 -7.5 7.5 9999999974.209501
120.0 0.0 -5.0 7.5 9999999929.6236
120.0 -2.5 0.0 7.5 10000000114.1776
120.0 -2.5 2.5 7.5 404240986.6869
120.0 0.0 2.5 7.5 10000000054.4624
120.0 -2.5 5.0 7.5 6775228.238
120.0 0.0 5.0 7.5 39554001.2835
120.0 2.5 -7.5 8.75 9999999945.3712
120.0 5.0 -7.5 8.75 564494145.8677
120.0 0.0 -5.0 8.75 803656449.1285
120.0 0.0 0.0 8.75 9999999706.115002
120.0 -2.5 2.5 8.75 5331680141.2351
120.0 0.0 2.5 8.75 10000000231.6502
120.0 -5.0 5.0 8.75 412.1112
120.0 -2.5 5.0 8.75 2620015.2563
120.0 0.0 5.0 8.75 10000000120.2045
120.0 2.5 5.0 8.75 83605784.1083
120.0 2.5 -10.0 10.0 359210851.62439996
120.0 2.5 -7.5 10.0 9999999981.688501
120.0 5.0 -7.5 10.0 9999999980.5879
120.0 7.5 -7.5 10.0 10000000055.6636
120.0 -2.5 -5.0 10.0 10000000084.365301
120.0 0.0 -5.0 10.0 45811515.5603
120.0 2.5 -5.0 10.0 4059130399.5541997
120.0 0.0 -2.5 10.0 258162903.5246
120.0 0.0 0.0 10.0 9999999992.947
120.0 2.5 0.0 10.0 6248036370.019501
120.0 -5.0 2.5 10.0 14466.5775
120.0 -2.5 2.5 10.0 10000000283.383501
120.0 0.0 2.5 10.0 10000000051.0321
120.0 2.5 2.5 10.0 270535557.4353
120.0 -5.0 5.0 10.0 266.6298
120.0 -2.5 5.0 10.0 10000000007.4831
120.0 0.0 5.0 10.0 377153665.9096
120.0 2.5 5.0 10.0 1298811211.8672
120.0 5.0 5.0 10.0 10000000011.1107
120.0 2.5 -10.0 11.25 274567.91829999996
120.0 5.0 -10.0 11.25 253377.8542
120.0 10.0 -10.0 11.25 15.0093
120.0 -2.5 -7.5 11.25 661931894.0602
120.0 0.0 -7.5 11.25 9999999916.8792
120.0 2.5 -7.5 11.25 9690493714.8121
120.0 5.0 -7.5 11.25 670051.0959000001
120.0 7.5 -7.5 11.25 49384.136999999995
120.0 -2.5 -5.0 11.25 3011695816.7438
120.0 0.0 -5.0 11.25 2491392590.137
120.0 2.5 -5.0 11.25 10000000053.9274
120.0 5.0 -5.0 11.25 3704683.7723999997
120.0 7.5 -5.0 11.25 632.1291
120.0 0.0 -2.5 11.25 908635984.6251999
120.0 2.5 -2.5 11.25 2765927984.5786996
120.0 -5.0 0.0 11.25 671212849.3484
120.0 -2.5 0.0 11.25 528584972.2644
120.0 0.0 0.0 11.25 2197033595.7106
120.0 2.5 0.0 11.25 9019865319.649101
120.0 -5.0 2.5 11.25 53289.904800000004
120.0 -2.5 2.5 11.25 9999999990.0121
120.0 0.0 2.5 11.25 40264268.214999996
120.0 2.5 2.5 11.25 1369266.5699
120.0 -5.0 5.0 11.25 912.8774000000001
120.0 -2.5 5.0 11.25 2990991.7783000004
120.0 0.0 5.0 11.25 10000000002.717701
120.0 2.5 5.0 11.25 1816691.3008
120.0 5.0 5.0 11.25 5262377.022100001
120.0 7.5 5.0 11.25 12.0432
120.0 -5.0 -10.0 12.5 33.804899999999996
120.0 -2.5 -10.0 12.5 38.8453
120.0 0.0 -10.0 12.5 45.2624
120.0 2.5 -10.0 12.5 47917.7101
120.0 5.0 -10.0 12.5 95.08579999999999
120.0 7.5 -10.0 12.5 7.7372000000000005
120.0 10.0 -10.0 12.5 3.9397
120.0 -2.5 -7.5 12.5 3201948.0473999996
120.0 0.0 -7.5 12.5 1077934.2005999999
120.0 2.5 -7.5 12.5 105963454.8634
120.0 5.0 -7.5 12.5 2854.9233
120.0 7.5 -7.5 12.5 49.673899999999996
120.0 10.0 -7.5 12.5 0.18659999999999988
120.0 -2.5 -5.0 12.5 14794191.3476
120.0 0.0 -5.0 12.5 10000000047.861502
120.0 2.5 -5.0 12.5 10000000048.8234
120.0 5.0 -5.0 12.5 338.2221
120.0 -5.0 -2.5 12.5 5570.4721
120.0 -2.5 -2.5 12.5 98408069.0571
120.0 0.0 -2.5 12.5 10000000138.8582
120.0 2.5 -2.5 12.5 9999999967.167501
120.0 5.0 -2.5 12.5 26725.6731
120.0 -5.0 0.0 12.5 146733.1985
120.0 -2.5 0.0 12.5 22025979.7499
120.0 0.0 0.0 12.5 9389590162.8277
120.0 2.5 0.0 12.5 44418033.555199996
120.0 5.0 0.0 12.5 12018.8794
120.0 -5.0 2.5 12.5 2179.0262
120.0 -2.5 2.5 12.5 62446.1832
120.0 0.0 2.5 12.5 10000000007.2896
120.0 2.5 2.5 12.5 9999999983.6613
120.0 5.0 2.5 12.5 25880.6231
120.0 -5.0 5.0 12.5 10.7729
120.0 -2.5 5.0 12.5 8211.2776
120.0 0.0 5.0 12.5 1927.007
120.0 2.5 5.0 12.5 1155.0630999999998
120.0 5.0 5.0 12.5 455.8272
120.0 7.5 5.0 12.5 -12.5372
120.0 -5.0 -10.0 13.75 12.241200000000001
120.0 -2.5 -10.0 13.75 16.8208
120.0 0.0 -10.0 13.75 16.1552
120.0 2.5 -10.0 13.75 18.87
120.0 5.0 -10.0 13.75 4.6524
120.0 7.5 -10.0 13.75 2.7159000000000004
120.0 10.0 -10.0 13.75 2.1489000000000003
120.0 -2.5 -7.5 13.75 328634823.70710003
120.0 0.0 -7.5 13.75 36324484.5592
120.0 2.5 -7.5 13.75 5332.2597000000005
120.0 5.0 -7.5 13.75 14.5489
120.0 7.5 -7.5 13.75 1.9118999999999997
120.0 10.0 -7.5 13.75 2.4330000000000003
120.0 -2.5 -5.0 13.75 159186.0509
120.0 0.0 -5.0 13.75 1782223793.6155999
120.0 2.5 -5.0 13.75 3758.3444
120.0 5.0 -5.0 13.75 8.0287
120.0 7.5 -5.0 13.75 1.6157999999999997
120.0 10.0 -5.0 13.75 3.2523
120.0 -5.0 -2.5 13.75 231.8757
120.0 -2.5 -2.5 13.75 1537848521.9834
120.0 0.0 -2.5 13.75 9999999965.927801
120.0 2.5 -2.5 13.75 170767582.6383
120.0 5.0 -2.5 13.75 5.015700000000001
120.0 -5.0 0.0 13.75 14114.4347
120.0 -2.5 0.0 13.75 10000000050.070301
120.0 0.0 0.0 13.75 9999999992.5179
120.0 2.5 0.0 13.75 295045.8846
120.0 5.0 0.0 13.75 121.3502
120.0 -5.0 2.5 13.75 170.95899999999997
120.0 -2.5 2.5 13.75 69876.97
120.0 0.0 2.5 13.75 3396925419.1168
120.0 2.5 2.5 13.75 10000000029.4955
120.0 5.0 2.5 13.75 2117.4762
120.0 -5.0 5.0 13.75 -9.7991
120.0 -2.5 5.0 13.75 0.3930000000000007
120.0 0.0 5.0 13.75 63.1035
120.0 2.5 5.0 13.75 116.45709999999998
120.0 5.0 5.0 13.75 65.3046
120.0 7.5 5.0 13.75 -7.9203
120.0 -5.0 -10.0 15.0 9.7974
120.0 -2.5 -10.0 15.0 13.6594
120.0 0.0 -10.0 15.0 14.444099999999999
120.0 2.5 -10.0 15.0 12.592600000000001
120.0 5.0 -10.0 15.0 6.949199999999999
120.0 7.5 -10.0 15.0 3.9247999999999994
120.0 10.0 -10.0 15.0 1.9753
120.0 -5.0 -7.5 15.0 8.788599999999999
120.0 -2.5 -7.5 15.0 341.8427
120.0 0.0 -7.5 15.0 688.4079999999999
120.0 2.5 -7.5 15.0 20.9052
120.0 5.0 -7.5 15.0 10.7627
120.0 7.5 -7.5 15.0 5.0020999999999995
120.0 10.0 -7.5 15.0 2.8601
120.0 -5.0 -5.0 15.0 3.9600999999999997
120.0 -2.5 -5.0 15.0 838.6798
120.0 0.0 -5.0 15.0 29294.7926
120.0 2.5 -5.0 15.0 174.6956
120.0 5.0 -5.0 15.0 8.485999999999999
120.0 7.5 -5.0 15.0 4.7797
120.0 10.0 -5.0 15.0 2.9094
120.0 -5.0 -2.5 15.0 105.79
120.0 -2.5 -2.5 15.0 149760962.8143
120.0 0.0 -2.5 15.0 46823.5616
120.0 2.5 -2.5 15.0 105.0951
120.0 5.0 -2.5 15.0 -1.174
120.0 7.5 -2.5 15.0 3.8063000000000002
120.0 10.0 -2.5 15.0 3.2807
120.0 -5.0 0.0 15.0 7.4351
120.0 -2.5 0.0 15.0 8216706720.9282
120.0 0.0 0.0 15.0 1844570.1942
120.0 2.5 0.0 15.0 250.0891
120.0 5.0 0.0 15.0 -2.8285000000000005
120.0 10.0 0.0 15.0 3.0301
120.0 -5.0 2.5 15.0 -7.1442
120.0 -2.5 2.5 15.0 1014.2892999999999
120.0 0.0 2.5 15.0 87713.3528
120.0 2.5 2.5 15.0 488370.404
120.0 5.0 2.5 15.0 18.2526
120.0 7.5 2.5 15.0 1.8034000000000001
120.0 -5.0 5.0 15.0 -9.777199999999999
120.0 -2.5 5.0 15.0 -21.632499999999997
120.0 0.0 5.0 15.0 -18.676
120.0 2.5 5.0 15.0 -16.6061
120.0 5.0 5.0 15.0 -10.898
120.0 7.5 5.0 15.0 -3.8364000000000003
120.0 10.0 5.0 15.0 -1.6481000000000001
120.0 -5.0 -10.0 16.25 6.2912
120.0 -2.5 -10.0 16.25 9.7949
120.0 0.0 -10.0 16.25 11.7007
120.0 2.5 -10.0 16.25 11.0049
120.0 5.0 -10.0 16.25 7.1797
120.0 7.5 -10.0 16.25 4.1849
120.0 10.0 -10.0 16.25 1.8544999999999998
120.0 -5.0 -7.5 16.25 6.979500000000001
120.0 -2.5 -7.5 16.25 11.5814
120.0 0.0 -7.5 16.25 15.5253
120.0 2.5 -7.5 16.25 14.8542
120.0 5.0 -7.5 16.25 8.886999999999999
120.0 7.5 -7.5 16.25 5.2248
120.0 10.0 -7.5 16.25 2.4192
120.0 -5.0 -5.0 16.25 4.2868
120.0 -2.5 -5.0 16.25 16.8814
120.0 0.0 -5.0 16.25 79.5311
120.0 2.5 -5.0 16.25 15.3938
120.0 5.0 -5.0 16.25 7.1292
120.0 7.5 -5.0 16.25 4.6329
120.0 10.0 -5.0 16.25 2.3594
120.0 -5.0 -2.5 16.25 2.7023
120.0 -2.5 -2.5 16.25 426.6176
120.0 0.0 -2.5 16.25 19.5257
120.0 2.5 -2.5 16.25 -10.521899999999999
120.0 5.0 -2.5 16.25 1.0518
120.0 7.5 -2.5 16.25 3.2456
120.0 10.0 -2.5 16.25 1.8360999999999998
120.0 -5.0 0.0 16.25 -0.782
120.0 -2.5 0.0 16.25 11130555.2346
120.0 0.0 0.0 16.25 1642.7015
120.0 2.5 0.0 16.25 -7.0716
120.0 5.0 0.0 16.25 0.26469999999999994
120.0 7.5 0.0 16.25 2.9203
120.0 10.0 0.0 16.25 2.0827999999999998
120.0 -5.0 2.5 16.25 -5.9197
120.0 -2.5 2.5 16.25 -4.302899999999999
120.0 0.0 2.5 16.25 691.7531
120.0 2.5 2.5 16.25 3.0234
120.0 5.0 2.5 16.25 2.3840000000000003
120.0 7.5 2.5 16.25 1.5729000000000002
120.0 10.0 2.5 16.25 1.0881999999999998
120.0 -5.0 5.0 16.25 -7.9152
120.0 -2.5 5.0 16.25 -16.1401
120.0 0.0 5.0 16.25 -13.8914
120.0 2.5 5.0 16.25 -9.3338
120.0 5.0 5.0 16.25 -5.3011
120.0 7.5 5.0 16.25 -1.8354
120.0 10.0 5.0 16.25 -0.6885
180.0 -5.0 -10.0 3.75 435631803.8783
180.0 -2.5 -10.0 3.75 1075414393.6877
180.0 0.0 -10.0 3.75 5141536803.8645
180.0 2.5 -10.0 3.75 179732683.3489
180.0 5.0 -10.0 3.75 1258469924.7769
180.0 7.5 -10.0 3.75 33421822.318099998
180.0 10.0 -10.0 3.75 2926247.4544
180.0 -5.0 -7.5 3.75 9215297206.4564
180.0 -2.5 -7.5 3.75 9999999953.499601
180.0 0.0 -7.5 3.75 9999999999.7695
180.0 2.5 -7.5 3.75 9999999890.898901
180.0 5.0 -7.5 3.75 2091793460.1108
180.0 7.5 -7.5 3.75 16641650.0991
180.0 10.0 -7.5 3.75 783381995.4831
180.0 -5.0 -5.0 3.75 10000000170.184
180.0 -2.5 -5.0 3.75 10000000040.011702
180.0 0.0 -5.0 3.75 9999999978.0723
180.0 2.5 -5.0 3.75 9999999615.289202
180.0 5.0 -5.0 3.75 1458162716.0758998
180.0 7.5 -5.0 3.75 10000000050.2674
180.0 10.0 -5.0 3.75 8403017470.8309
180.0 -5.0 -2.5 3.75 9999999810.5251
180.0 -2.5 -2.5 3.75 10000000025.8062
180.0 0.0 -2.5 3.75 10000000100.999401
180.0 2.5 -2.5 3.75 2985082666.129
180.0 5.0 -2.5 3.75 9999999831.302
180.0 7.5 -2.5 3.75 110932400.8728
180.0 10.0 -2.5 3.75 4909752.572299999
180.0 -5.0 0.0 3.75 9999999953.2544
180.0 -2.5 0.0 3.75 10000000008.7548
180.0 0.0 0.0 3.75 2229264804.7398
180.0 2.5 0.0 3.75 2903007468.2762
180.0 5.0 0.0 3.75 799251039.9764999
180.0 7.5 0.0 3.75 10000000230.2124
180.0 10.0 0.0 3.75 34626566.40009999
180.0 -5.0 2.5 3.75 10000000176.663
180.0 -2.5 2.5 3.75 9999999982.692001
180.0 0.0 2.5 3.75 1037556341.7186
180.0 2.5 2.5 3.75 10000000103.5144
180.0 5.0 2.5 3.75 9999999888.076302
180.0 7.5 2.5 3.75 9999999831.487701
180.0 10.0 2.5 3.75 473102959.314
180.0 -5.0 5.0 3.75 17737588.235799998
180.0 -2.5 5.0 3.75 10000000012.349901
180.0 0.0 5.0 3.75 643184271.8743999
180.0 2.5 5.0 3.75 3618856285.3309
180.0 5.0 5.0 3.75 10000000495.464201
180.0 7.5 5.0 3.75 10000000010.9922
180.0 10.0 5.0 3.75 166656486.7646
180.0 -2.5 -2.5 7.5 9999999897.7021
180.0 0.0 2.5 7.5 736119768.5478
180.0 0.0 5.0 7.5 3822007.8172000004
180.0 -5.0 -2.5 8.75 9999999771.0027
180.0 -2.5 -2.5 8.75 433652050.6934
180.0 2.5 -2.5 8.75 10000000007.7731
180.0 -5.0 0.0 8.75 10000000057.1945
180.0 0.0 0.0 8.75 9999999917.828402
180.0 0.0 2.5 8.75 9999999907.779701
180.0 0.0 -10.0 10.0 53294672.2329
180.0 2.5 -10.0 10.0 776346.4182
180.0 0.0 -7.5 10.0 9999999799.765701
180.0 2.5 -7.5 10.0 141551529.91030002
180.0 5.0 -7.5 10.0 636172.9665
180.0 -2.5 -5.0 10.0 9999999873.0224
180.0 0.0 -5.0 10.0 233383248.5718
180.0 2.5 -5.0 10.0 37332822.1701
180.0 5.0 -5.0 10.0 1109406.4915
180.0 -5.0 -2.5 10.0 9999999818.2618
180.0 -2.5 -2.5 10.0 9999999952.3397
180.0 0.0 -2.5 10.0 10000000012.584702
180.0 2.5 -2.5 10.0 10000000017.0524
180.0 -5.0 0.0 10.0 9999999970.6564
180.0 -2.5 0.0 10.0 188430874.1927
180.0 0.0 0.0 10.0 10000000002.587301
180.0 -5.0 2.5 10.0 725111800.6264
180.0 0.0 2.5 10.0 2056628289.1344
180.0 2.5 2.5 10.0 3517057463.7001996
180.0 0.0 5.0 10.0 1206.9199
180.0 2.5 5.0 10.0 696390.7871000001
180.0 0.0 -10.0 11.25 235939.2781
180.0 2.5 -10.0 11.25 723.8521999999999
180.0 5.0 -10.0 11.25 0.2744
180.0 0.0 -7.5 11.25 10000000099.941101
180.0 2.5 -7.5 11.25 138382.9286
180.0 5.0 -7.5 11.25 1009.5937
180.0 7.5 -7.5 11.25 -23.6511
180.0 -2.5 -5.0 11.25 885922678.5796
180.0 0.0 -5.0 11.25 279258067.06600004
180.0 2.5 -5.0 11.25 277568489.5245
180.0 5.0 -5.0 11.25 5888302.9918
180.0 -5.0 -2.5 11.25 1145520598.2402
180.0 -2.5 -2.5 11.25 35755935.359
180.0 0.0 -2.5 11.25 9999999975.664701
180.0 2.5 -2.5 11.25 90750542.3311
180.0 -5.0 0.0 11.25 10000000003.109901
180.0 -2.5 0.0 11.25 22310547.198400002
180.0 0.0 0.0 11.25 71151336.8045
180.0 -5.0 2.5 11.25 14727274.6349
180.0 -2.5 2.5 11.25 526885.3781999999
180.0 0.0 2.5 11.25 2965937272.7935
180.0 2.5 2.5 11.25 9999999969.5545
180.0 -5.0 5.0 11.25 7.426199999999998
180.0 0.0 5.0 11.25 -29.9583
180.0 2.5 5.0 11.25 838.3623
180.0 -5.0 -10.0 12.5 32.3772
180.0 -2.5 -10.0 12.5 26224.6938
180.0 0.0 -10.0 12.5 13185.5399
180.0 2.5 -10.0 12.5 56.5126
180.0 5.0 -10.0 12.5 2.6619
180.0 7.5 -10.0 12.5 -3.6565000000000003
180.0 10.0 -10.0 12.5 -3.5936
180.0 -2.5 -7.5 12.5 2699642658.3536
180.0 0.0 -7.5 12.5 143937452.3989
180.0 2.5 -7.5 12.5 2638908.1436
180.0 5.0 -7.5 12.5 135.7004
180.0 7.5 -7.5 12.5 -13.1678
180.0 -5.0 -5.0 12.5 32460.9097
180.0 -2.5 -5.0 12.5 4198658896.0692997
180.0 0.0 -5.0 12.5 2454672308.5661
180.0 2.5 -5.0 12.5 8514376682.9434
180.0 5.0 -5.0 12.5 1119.6316000000002
180.0 -5.0 -2.5 12.5 17499666.1811
180.0 -2.5 -2.5 12.5 9999999967.8745
180.0 0.0 -2.5 12.5 27939399.301999997
180.0 2.5 -2.5 12.5 30608350.8478
180.0 5.0 -2.5 12.5 264.22900000000004
180.0 -5.0 0.0 12.5 2805037.1462
180.0 -2.5 0.0 12.5 10000000097.5144
180.0 0.0 0.0 12.5 977049910.7907001
180.0 2.5 0.0 12.5 161368183.35909998
180.0 -5.0 2.5 12.5 835.4802999999999
180.0 -2.5 2.5 12.5 103485986.8341
180.0 0.0 2.5 12.5 74227807.8081
180.0 2.5 2.5 12.5 24334.7376
180.0 -5.0 5.0 12.5 -23.347900000000003
180.0 -2.5 5.0 12.5 -32.603
180.0 0.0 5.0 12.5 -43.489000000000004
180.0 2.5 5.0 12.5 -29.864900000000002
180.0 5.0 5.0 12.5 -11.7239
180.0 7.5 5.0 12.5 -3.4717000000000002
180.0 10.0 5.0 12.5 -2.276
180.0 -5.0 -10.0 13.75 21.5411
180.0 -2.5 -10.0 13.75 80.1603
180.0 0.0 -10.0 13.75 226984.2014
180.0 2.5 -10.0 13.75 10.6034
180.0 5.0 -10.0 13.75 2.7411999999999996
180.0 7.5 -10.0 13.75 -1.0844
180.0 10.0 -10.0 13.75 -2.5085
180.0 -5.0 -7.5 13.75 59.9572
180.0 -2.5 -7.5 13.75 3655582554.3646
180.0 0.0 -7.5 13.75 374733.70550000004
180.0 2.5 -7.5 13.75 21.3515
180.0 5.0 -7.5 13.75 -1.4529
180.0 7.5 -7.5 13.75 -6.0522
180.0 10.0 -7.5 13.75 -7.5916999999999994
180.0 -5.0 -5.0 13.75 2828.8053
180.0 -2.5 -5.0 13.75 2232619769.6205
180.0 0.0 -5.0 13.75 608123.4435
180.0 2.5 -5.0 13.75 10034.6855
180.0 5.0 -5.0 13.75 -4.4242
180.0 -5.0 -2.5 13.75 14769.2954
180.0 -2.5 -2.5 13.75 9999999804.3173
180.0 0.0 -2.5 13.75 1202023.8593
180.0 2.5 -2.5 13.75 1553874.0677999998
180.0 5.0 -2.5 13.75 -5.7951999999999995
180.0 -5.0 0.0 13.75 8338.7801
180.0 -2.5 0.0 13.75 31992585.0907
180.0 0.0 0.0 13.75 938661.2596
180.0 2.5 0.0 13.75 322553.4205
180.0 -5.0 2.5 13.75 96082.73879999999
180.0 -2.5 2.5 13.75 15457.554999999998
180.0 0.0 2.5 13.75 16243.2264
180.0 2.5 2.5 13.75 450.00579999999997
180.0 5.0 2.5 13.75 -9.9125
180.0 -5.0 5.0 13.75 -22.010900000000003
180.0 -2.5 5.0 13.75 -24.7085
180.0 0.0 5.0 13.75 -29.32
180.0 2.5 5.0 13.75 -20.5799
180.0 5.0 5.0 13.75 -8.6511
180.0 7.5 5.0 13.75 -3.1060999999999996
180.0 10.0 5.0 13.75 -1.256
180.0 -5.0 -10.0 15.0 17.6253
180.0 -2.5 -10.0 15.0 21.3454
180.0 0.0 -10.0 15.0 119.74
180.0 2.5 -10.0 15.0 9.9778
180.0 5.0 -10.0 15.0 4.356
180.0 7.5 -10.0 15.0 0.11829999999999996
180.0 10.0 -10.0 15.0 -1.6257
180.0 -5.0 -7.5 15.0 19.6065
180.0 -2.5 -7.5 15.0 47734.7981
180.0 0.0 -7.5 15.0 1352.1371
180.0 2.5 -7.5 15.0 7.5629
180.0 5.0 -7.5 15.0 1.3402
180.0 7.5 -7.5 15.0 -2.8387
180.0 10.0 -7.5 15.0 -4.2573
180.0 -5.0 -5.0 15.0 33.068
180.0 -2.5 -5.0 15.0 33447572.8825
180.0 0.0 -5.0 15.0 5554.8009
180.0 2.5 -5.0 15.0 0.23959999999999937
180.0 5.0 -5.0 15.0 -0.8666000000000003
180.0 7.5 -5.0 15.0 -3.2367999999999997
180.0 10.0 -5.0 15.0 -3.4813
180.0 -5.0 -2.5 15.0 2673.8327
180.0 -2.5 -2.5 15.0 1778056721.5514
180.0 0.0 -2.5 15.0 5348.6170999999995
180.0 2.5 -2.5 15.0 -0.5593999999999997
180.0 5.0 -2.5 15.0 -2.1202
180.0 10.0 -2.5 15.0 -0.8805
180.0 -5.0 0.0 15.0 17783.8263
180.0 -2.5 0.0 15.0 103249101.4159
180.0 0.0 0.0 15.0 4270.7573999999995
180.0 2.5 0.0 15.0 28.493299999999998
180.0 5.0 0.0 15.0 -2.8899
180.0 -5.0 2.5 15.0 1400.8278
180.0 -2.5 2.5 15.0 79.2526
180.0 0.0 2.5 15.0 24.577999999999996
180.0 2.5 2.5 15.0 -0.8744000000000001
180.0 5.0 2.5 15.0 -4.4775
180.0 7.5 2.5 15.0 -2.5486
180.0 -5.0 5.0 15.0 -17.6768
180.0 -2.5 5.0 15.0 -17.8701
180.0 0.0 5.0 15.0 -17.4604
180.0 2.5 5.0 15.0 -12.098700000000001
180.0 5.0 5.0 15.0 -6.0413
180.0 7.5 5.0 15.0 -1.9435000000000002
180.0 10.0 5.0 15.0 -1.306
180.0 -5.0 -10.0 16.25 12.4618
180.0 -2.5 -10.0 16.25 13.023299999999999
180.0 0.0 -10.0 16.25 11.9758
180.0 2.5 -10.0 16.25 7.951600000000001
180.0 5.0 -10.0 16.25 3.692
180.0 7.5 -10.0 16.25 1.3546
180.0 10.0 -10.0 16.25 -0.8571
180.0 -5.0 -7.5 16.25 12.581299999999999
180.0 -2.5 -7.5 16.25 137.1178
180.0 0.0 -7.5 16.25 27.4439
180.0 2.5 -7.5 16.25 7.3454
180.0 5.0 -7.5 16.25 2.3429
180.0 7.5 -7.5 16.25 -0.6294
180.0 10.0 -7.5 16.25 -2.2585
180.0 -5.0 -5.0 16.25 4.6034
180.0 -2.5 -5.0 16.25 732.5015000000001
180.0 0.0 -5.0 16.25 4.3948
180.0 2.5 -5.0 16.25 2.1451
180.0 5.0 -5.0 16.25 1.2249
180.0 7.5 -5.0 16.25 -0.9731000000000001
180.0 10.0 -5.0 16.25 -1.4322000000000001
180.0 -5.0 -2.5 16.25 26.7151
180.0 -2.5 -2.5 16.25 2091055.5568000001
180.0 0.0 -2.5 16.25 4.877400000000001
180.0 2.5 -2.5 16.25 -1.6082999999999998
180.0 5.0 -2.5 16.25 1.6653
180.0 7.5 -2.5 16.25 0.7526999999999999
180.0 10.0 -2.5 16.25 0.9363999999999999
180.0 -5.0 0.0 16.25 642.1546
180.0 -2.5 0.0 16.25 9750.029700000001
180.0 0.0 0.0 16.25 4.7704
180.0 2.5 0.0 16.25 -0.11719999999999997
180.0 5.0 0.0 16.25 1.1567
180.0 7.5 0.0 16.25 0.7151000000000001
180.0 -5.0 2.5 16.25 -16.235400000000002
180.0 -2.5 2.5 16.25 -8.0007
180.0 0.0 2.5 16.25 -6.954599999999999
180.0 2.5 2.5 16.25 -3.1744
180.0 5.0 2.5 16.25 -1.4661
180.0 7.5 2.5 16.25 -0.8424
180.0 -5.0 5.0 16.25 -12.183100000000001
180.0 -2.5 5.0 16.25 -11.6129
180.0 0.0 5.0 16.25 -10.3332
180.0 2.5 5.0 16.25 -7.359
180.0 5.0 5.0 16.25 -3.5801
180.0 7.5 5.0 16.25 -1.5822
180.0 10.0 5.0 16.25 -0.9845
240.0 -5.0 -10.0 3.75 10000000199.285002
240.0 -2.5 -10.0 3.75 9999999910.3964
240.0 0.0 -10.0 3.75 10000000003.7348
240.0 2.5 -10.0 3.75 734762382.2907
240.0 5.0 -10.0 3.75 10000000036.9944
240.0 7.5 -10.0 3.75 9999999632.0025
240.0 10.0 -10.0 3.75 207082.3062
240.0 -5.0 -7.5 3.75 10000000262.1592
240.0 -2.5 -7.5 3.75 9999999885.8115
240.0 0.0 -7.5 3.75 10000000050.963701
240.0 2.5 -7.5 3.75 6784339476.9317
240.0 5.0 -7.5 3.75 9999999953.5596
240.0 7.5 -7.5 3.75 34666543.2983
240.0 10.0 -7.5 3.75 233888939.4557
240.0 -5.0 -5.0 3.75 2437543930.3717003
240.0 -2.5 -5.0 3.75 10000000195.116701
240.0 0.0 -5.0 3.75 9999999961.801802
240.0 2.5 -5.0 3.75 10000000294.2844
240.0 5.0 -5.0 3.75 10000000082.1958
240.0 7.5 -5.0 3.75 9999999889.2259
240.0 10.0 -5.0 3.75 114884777.0326
240.0 -5.0 -2.5 3.75 2050445814.5965
240.0 -2.5 -2.5 3.75 9999999951.8719
240.0 0.0 -2.5 3.75 9999999998.5268
240.0 2.5 -2.5 3.75 1755943498.4886
240.0 5.0 -2.5 3.75 10000000005.399
240.0 7.5 -2.5 3.75 4110621648.6858
240.0 10.0 -2.5 3.75 10000000039.684
240.0 -5.0 0.0 3.75 298208652.4267
240.0 -2.5 0.0 3.75 9999999831.335402
240.0 0.0 0.0 3.75 9999999974.1931
240.0 2.5 0.0 3.75 10000000016.6299
240.0 5.0 0.0 3.75 10000000096.9316
240.0 7.5 0.0 3.75 11797870.0939
240.0 10.0 0.0 3.75 4628196238.3357
240.0 -5.0 2.5 3.75 86002278.85970001
240.0 -2.5 2.5 3.75 9999999998.8654
240.0 0.0 2.5 3.75 9999999999.9501
240.0 2.5 2.5 3.75 9999999996.879501
240.0 5.0 2.5 3.75 5580599404.4902
240.0 7.5 2.5 3.75 27110.8233
240.0 10.0 2.5 3.75 30015748.0377
240.0 -5.0 5.0 3.75 31413.3224
240.0 -2.5 5.0 3.75 38225534.8971
240.0 0.0 5.0 3.75 10000000100.371601
240.0 2.5 5.0 3.75 6485930368.212701
240.0 5.0 5.0 3.75 10000000202.0417
240.0 7.5 5.0 3.75 899997977.5338
240.0 10.0 5.0 3.75 1392.1327999999999
240.0 0.0 0.0 5.0 9999999741.4936
240.0 -2.5 2.5 5.0 9999999994.6035
240.0 -2.5 5.0 5.0 337873612.1427
240.0 0.0 0.0 6.25 9999999975.7287
240.0 -2.5 2.5 6.25 9999999944.375101
240.0 0.0 2.5 6.25 10000000041.048101
240.0 -5.0 5.0 6.25 978.751
240.0 -2.5 5.0 6.25 2614909.9973
240.0 2.5 -10.0 7.5 10000000012.511301
240.0 -2.5 -7.5 7.5 9999999879.759
240.0 0.0 -5.0 7.5 9999999932.077301
240.0 0.0 0.0 7.5 9999999853.7949
240.0 -2.5 2.5 7.5 1650686387.587
240.0 0.0 2.5 7.5 9999999893.9459
240.0 -5.0 5.0 7.5 9.812800000000001
240.0 -2.5 5.0 7.5 467557.623
240.0 0.0 5.0 7.5 1633536009.1582
240.0 0.0 -10.0 8.75 9999999836.800901
240.0 2.5 -10.0 8.75 4400015706.4765
240.0 5.0 -10.0 8.75 9999999849.8687
240.0 -2.5 -7.5 8.75 3706047120.6870003
240.0 0.0 -7.5 8.75 9999999695.295101
240.0 2.5 -7.5 8.75 9999999925.8862
240.0 -2.5 -5.0 8.75 9999999644.3876
240.0 0.0 -5.0 8.75 10000000062.684502
240.0 0.0 -2.5 8.75 638387955.7725999
240.0 2.5 -2.5 8.75 10000000268.328901
240.0 -2.5 0.0 8.75 10000000036.8799
240.0 0.0 0.0 8.75 591838185.9389
240.0 -2.5 2.5 8.75 9999999938.7411
240.0 0.0 2.5 8.75 2328493654.5924997
240.0 2.5 2.5 8.75 2536082008.2724
240.0 -5.0 5.0 8.75 -9.5067
240.0 -2.5 5.0 8.75 722.2095
240.0 0.0 5.0 8.75 22617855.7509
240.0 0.0 -10.0 10.0 7578406826.916699
240.0 2.5 -10.0 10.0 9999999866.114101
240.0 5.0 -10.0 10.0 50939181.5729
240.0 -2.5 -7.5 10.0 470842729.4715
240.0 0.0 -7.5 10.0 6199084599.9677
240.0 2.5 -7.5 10.0 1498081332.0
240.0 -2.5 -5.0 10.0 10000000302.5007
240.0 0.0 -5.0 10.0 1101122089.7387
240.0 -5.0 -2.5 10.0 250295438.01689997
240.0 -2.5 -2.5 10.0 10000000169.5086
240.0 0.0 -2.5 10.0 5212811886.401199
240.0 2.5 -2.5 10.0 1689078734.3449001
240.0 -2.5 0.0 10.0 70645948.7778
240.0 0.0 0.0 10.0 2370898395.6988
240.0 2.5 0.0 10.0 10000000006.905602
240.0 -5.0 2.5 10.0 5208.574500000001
240.0 -2.5 2.5 10.0 5520779.3997
240.0 0.0 2.5 10.0 9999999883.427801
240.0 2.5 2.5 10.0 10000000342.013802
240.0 -5.0 5.0 10.0 -17.2559
240.0 -2.5 5.0 10.0 10573.9648
240.0 0.0 5.0 10.0 125427082.3526
240.0 2.5 5.0 10.0 346134075.60499996
240.0 7.5 5.0 10.0 17.7384
240.0 -2.5 -10.0 11.25 3608427.9751000004
240.0 0.0 -10.0 11.25 14905437.1801
240.0 2.5 -10.0 11.25 407028.9962
240.0 5.0 -10.0 11.25 16367.1532
240.0 7.5 -10.0 11.25 58.692400000000006
240.0 10.0 -10.0 11.25 -7.8864
240.0 -5.0 -7.5 11.25 19920678.5554
240.0 -2.5 -7.5 11.25 10000000184.0835
240.0 0.0 -7.5 11.25 9999999942.423101
240.0 2.5 -7.5 11.25 384339522.5902
240.0 -2.5 -5.0 11.25 9999999978.409801
240.0 0.0 -5.0 11.25 10000000070.594301
240.0 2.5 -5.0 11.25 9999999966.7989
240.0 -5.0 -2.5 11.25 3177490.3677000003
240.0 -2.5 -2.5 11.25 378270097.67
240.0 0.0 -2.5 11.25 9999999891.052
240.0 2.5 -2.5 11.25 7339083941.7655
240.0 -5.0 0.0 11.25 3313.8379
240.0 -2.5 0.0 11.25 2911965976.6569
240.0 0.0 0.0 11.25 292127599.267
240.0 2.5 0.0 11.25 3703545535.3852
240.0 -2.5 2.5 11.25 8535159563.1935005
240.0 0.0 2.5 11.25 8230084423.9975
240.0 2.5 2.5 11.25 914021108.2681
240.0 5.0 2.5 11.25 1389.158
240.0 7.5 2.5 11.25 -11.527899999999999
240.0 -5.0 5.0 11.25 -16.2206
240.0 -2.5 5.0 11.25 167.4699
240.0 0.0 5.0 11.25 6002.513
240.0 2.5 5.0 11.25 679844.0756999999
240.0 7.5 5.0 11.25 -3.3169000000000004
240.0 -2.5 -10.0 12.5 15530.6447
240.0 0.0 -10.0 12.5 2916813.1270000003
240.0 2.5 -10.0 12.5 53637.107899999995
240.0 5.0 -10.0 12.5 20.290300000000002
240.0 7.5 -10.0 12.5 -5.961
240.0 10.0 -10.0 12.5 -3.818
240.0 -5.0 -7.5 12.5 64993.924999999996
240.0 -2.5 -7.5 12.5 101032278.2371
240.0 0.0 -7.5 12.5 42834557.223400004
240.0 2.5 -7.5 12.5 1006358.9187
240.0 5.0 -7.5 12.5 425.55649999999997
240.0 -5.0 -5.0 12.5 25556897.8263
240.0 -2.5 -5.0 12.5 21493395.3581
240.0 0.0 -5.0 12.5 3230599211.5465
240.0 2.5 -5.0 12.5 65595398.967700005
240.0 5.0 -5.0 12.5 5939.0068
240.0 -5.0 -2.5 12.5 1903608.8133
240.0 -2.5 -2.5 12.5 10000000124.8794
240.0 0.0 -2.5 12.5 9999999799.4234
240.0 2.5 -2.5 12.5 6195993489.9917
240.0 -5.0 0.0 12.5 68.9545
240.0 -2.5 0.0 12.5 27297898.9507
240.0 0.0 0.0 12.5 510854645.5825
240.0 2.5 0.0 12.5 6969279753.0758
240.0 5.0 0.0 12.5 4776091.429500001
240.0 -5.0 2.5 12.5 -17.8863
240.0 -2.5 2.5 12.5 33055808.2186
240.0 0.0 2.5 12.5 1107486.359
240.0 2.5 2.5 12.5 979.38
240.0 5.0 2.5 12.5 -17.7467
240.0 7.5 2.5 12.5 -6.8811
240.0 -5.0 5.0 12.5 -13.8691
240.0 -2.5 5.0 12.5 -23.7812
240.0 0.0 5.0 12.5 0.3413000000000004
240.0 2.5 5.0 12.5 40.0975
240.0 5.0 5.0 12.5 -8.397400000000001
240.0 7.5 5.0 12.5 -3.6554
240.0 -2.5 -10.0 13.75 35850.6369
240.0 0.0 -10.0 13.75 858316849.0079
240.0 2.5 -10.0 13.75 5092239.210299999
240.0 5.0 -10.0 13.75 -1.9026999999999998
240.0 7.5 -10.0 13.75 -0.532
240.0 10.0 -10.0 13.75 -1.3073
240.0 -5.0 -7.5 13.75 1321165.2559
240.0 -2.5 -7.5 13.75 1989356.8364
240.0 0.0 -7.5 13.75 272297.6402
240.0 2.5 -7.5 13.75 241289.01239999998
240.0 5.0 -7.5 13.75 -2.4924999999999997
240.0 7.5 -7.5 13.75 2.7268
240.0 10.0 -7.5 13.75 1.5406999999999997
240.0 -5.0 -5.0 13.75 249894.0911
240.0 -2.5 -5.0 13.75 758875718.4936
240.0 0.0 -5.0 13.75 978710212.1603
240.0 2.5 -5.0 13.75 821269.0208
240.0 5.0 -5.0 13.75 1.3477000000000001
240.0 -5.0 -2.5 13.75 43423782.4708
240.0 -2.5 -2.5 13.75 9999999846.865002
240.0 0.0 -2.5 13.75 834670869.5805
240.0 2.5 -2.5 13.75 41153331.8186
240.0 -5.0 0.0 13.75 804.1911
240.0 -2.5 0.0 13.75 34323911.8359
240.0 0.0 0.0 13.75 630230.0634
240.0 2.5 0.0 13.75 1427.1480999999999
240.0 5.0 0.0 13.75 41.3877
240.0 -5.0 2.5 13.75 -20.3285
240.0 -2.5 2.5 13.75 52.29900000000001
240.0 0.0 2.5 13.75 5107.037899999999
240.0 2.5 2.5 13.75 -19.072200000000002
240.0 5.0 2.5 13.75 -12.9991
240.0 7.5 2.5 13.75 -4.2238
240.0 10.0 2.5 13.75 -0.17830000000000001
240.0 -5.0 5.0 13.75 -10.822099999999999
240.0 -2.5 5.0 13.75 -17.6749
240.0 0.0 5.0 13.75 -18.561799999999998
240.0 2.5 5.0 13.75 -13.4745
240.0 5.0 5.0 13.75 -8.030999999999999
240.0 7.5 5.0 13.75 -3.5173
240.0 10.0 5.0 13.75 -0.29600000000000004
240.0 -5.0 -10.0 15.0 15.559099999999999
240.0 -2.5 -10.0 15.0 2186.3006
240.0 0.0 -10.0 15.0 387102.3898
240.0 2.5 -10.0 15.0 133.2001
240.0 5.0 -10.0 15.0 2.2979999999999996
240.0 7.5 -10.0 15.0 1.9091
240.0 10.0 -10.0 15.0 0.6288
240.0 -5.0 -7.5 15.0 77.8357
240.0 -2.5 -7.5 15.0 145900.67849999998
240.0 0.0 -7.5 15.0 3804.489
240.0 2.5 -7.5 15.0 208.7631
240.0 5.0 -7.5 15.0 1.7953999999999999
240.0 7.5 -7.5 15.0 3.6414999999999997
240.0 10.0 -7.5 15.0 1.5453000000000001
240.0 -5.0 -5.0 15.0 26989.5409
240.0 -2.5 -5.0 15.0 124253.98490000001
240.0 0.0 -5.0 15.0 152242.46910000002
240.0 2.5 -5.0 15.0 723.2296
240.0 5.0 -5.0 15.0 -2.0219
240.0 10.0 -5.0 15.0 1.0128
240.0 -5.0 -2.5 15.0 22224.4484
240.0 -2.5 -2.5 15.0 718898912.2917999
240.0 0.0 -2.5 15.0 10000000034.601702
240.0 2.5 -2.5 15.0 5293.2015
240.0 5.0 -2.5 15.0 -3.1677
240.0 7.5 -2.5 15.0 -2.1464
240.0 -5.0 0.0 15.0 40.302099999999996
240.0 -2.5 0.0 15.0 208.2657
240.0 0.0 0.0 15.0 -8.255200000000002
240.0 2.5 0.0 15.0 -11.9444
240.0 5.0 0.0 15.0 -7.182
240.0 7.5 0.0 15.0 -3.2004
240.0 -5.0 2.5 15.0 -15.6198
240.0 -2.5 2.5 15.0 -19.4712
240.0 0.0 2.5 15.0 -18.939
240.0 2.5 2.5 15.0 -14.9466
240.0 5.0 2.5 15.0 -7.950200000000001
240.0 7.5 2.5 15.0 -2.897
240.0 10.0 2.5 15.0 -1.1114
240.0 -5.0 5.0 15.0 -8.5466
240.0 -2.5 5.0 15.0 -11.631400000000001
240.0 0.0 5.0 15.0 -12.7998
240.0 2.5 5.0 15.0 -9.8407
240.0 5.0 5.0 15.0 -5.8558
240.0 7.5 5.0 15.0 -2.324
240.0 10.0 5.0 15.0 -0.2208
240.0 -5.0 -10.0 16.25 9.9551
240.0 -2.5 -10.0 16.25 31.284999999999997
240.0 0.0 -10.0 16.25 264.5846
240.0 2.5 -10.0 16.25 7.0933
240.0 5.0 -10.0 16.25 3.7756000000000003
240.0 7.5 -10.0 16.25 2.6964
240.0 10.0 -10.0 16.25 0.6847
240.0 -5.0 -7.5 16.25 4.3951
240.0 -2.5 -7.5 16.25 88.231
240.0 0.0 -7.5 16.25 7.7991
240.0 2.5 -7.5 16.25 1.3725000000000005
240.0 5.0 -7.5 16.25 2.8998999999999997
240.0 7.5 -7.5 16.25 3.2586999999999997
240.0 10.0 -7.5 16.25 1.1525999999999998
240.0 -5.0 -5.0 16.25 64.7747
240.0 -2.5 -5.0 16.25 292.1347
240.0 0.0 -5.0 16.25 2366.3265
240.0 2.5 -5.0 16.25 -2.0823
240.0 5.0 -5.0 16.25 1.4584
240.0 7.5 -5.0 16.25 1.1937
240.0 10.0 -5.0 16.25 0.8009000000000001
240.0 -5.0 -2.5 16.25 370.43559999999997
240.0 -2.5 -2.5 16.25 1992.9858
240.0 0.0 -2.5 16.25 90.6895
240.0 2.5 -2.5 16.25 -0.4118000000000004
240.0 5.0 -2.5 16.25 -0.9740000000000001
240.0 7.5 -2.5 16.25 -0.5936
240.0 10.0 -2.5 16.25 -0.5739
240.0 -5.0 0.0 16.25 -18.2179
240.0 -2.5 0.0 16.25 -13.213
240.0 0.0 0.0 16.25 -11.3751
240.0 2.5 0.0 16.25 -6.6518999999999995
240.0 5.0 0.0 16.25 -3.4532
240.0 7.5 0.0 16.25 -1.5153
240.0 -5.0 2.5 16.25 -11.1587
240.0 -2.5 2.5 16.25 -11.3387
240.0 0.0 2.5 16.25 -10.6097
240.0 2.5 2.5 16.25 -7.7407
240.0 5.0 2.5 16.25 -4.0582
240.0 7.5 2.5 16.25 -1.4746
240.0 10.0 2.5 16.25 -0.8782
240.0 -5.0 5.0 16.25 -6.1233
240.0 -2.5 5.0 16.25 -7.827100000000001
240.0 0.0 5.0 16.25 -7.789700000000001
240.0 2.5 5.0 16.25 -6.0075
240.0 5.0 5.0 16.25 -2.9718
240.0 7.5 5.0 16.25 -1.392
240.0 10.0 5.0 16.25 -0.3583
300.0 -5.0 -10.0 3.75 2877025386.5134
300.0 -2.5 -10.0 3.75 1652268599.2249
300.0 0.0 -10.0 3.75 10000000053.515202
300.0 2.5 -10.0 3.75 10000000066.800001
300.0 5.0 -10.0 3.75 10000000275.3393
300.0 7.5 -10.0 3.75 10000000112.237902
300.0 10.0 -10.0 3.75 2631394381.3557
300.0 -5.0 -7.5 3.75 9999999896.916801
300.0 -2.5 -7.5 3.75 9999999880.729
300.0 0.0 -7.5 3.75 9999999789.279202
300.0 2.5 -7.5 3.75 9999999913.5624
300.0 5.0 -7.5 3.75 9999999920.066
300.0 7.5 -7.5 3.75 1630113201.4289
300.0 10.0 -7.5 3.75 1803399313.8955
300.0 -5.0 -5.0 3.75 9999999971.489302
300.0 -2.5 -5.0 3.75 10000000110.2593
300.0 0.0 -5.0 3.75 10000000190.4108
300.0 2.5 -5.0 3.75 9999999705.170801
300.0 5.0 -5.0 3.75 10000000039.970402
300.0 7.5 -5.0 3.75 244534140.8405
300.0 10.0 -5.0 3.75 348523026.8046
300.0 -5.0 -2.5 3.75 10000000223.51
300.0 -2.5 -2.5 3.75 9999999901.001701
300.0 0.0 -2.5 3.75 3738445754.8198
300.0 2.5 -2.5 3.75 9999999781.9859
300.0 5.0 -2.5 3.75 9999999978.1033
300.0 7.5 -2.5 3.75 1777861164.0764
300.0 10.0 -2.5 3.75 2558695087.8935003
300.0 -5.0 0.0 3.75 10000000123.1369
300.0 -2.5 0.0 3.75 10000000033.410501
300.0 0.0 0.0 3.75 9999999985.5368
300.0 2.5 0.0 3.75 9999999958.7952
300.0 5.0 0.0 3.75 10000000032.2085
300.0 7.5 0.0 3.75 1881368362.3846
300.0 10.0 0.0 3.75 9999999986.5361
300.0 -5.0 2.5 3.75 10000000197.390202
300.0 -2.5 2.5 3.75 2928996051.5205
300.0 0.0 2.5 3.75 10000000018.358301
300.0 2.5 2.5 3.75 10000000144.536701
300.0 5.0 2.5 3.75 10000000151.9598
300.0 7.5 2.5 3.75 10000000046.812801
300.0 10.0 2.5 3.75 9999999976.2486
300.0 -5.0 5.0 3.75 1241029131.4206998
300.0 -2.5 5.0 3.75 736905968.7685
300.0 0.0 5.0 3.75 73160587.5406
300.0 2.5 5.0 3.75 9999999987.8539
300.0 5.0 5.0 3.75 1463332.5114
300.0 7.5 5.0 3.75 10000000134.3073
300.0 10.0 5.0 3.75 87102074.1732
300.0 -2.5 -2.5 6.25 10000000196.6933
300.0 0.0 -2.5 6.25 8765316286.0293
300.0 2.5 -2.5 6.25 10000000119.0951
300.0 2.5 -5.0 7.5 7161582059.0157
300.0 -2.5 -2.5 7.5 9999999928.999102
300.0 0.0 -2.5 7.5 9999999999.337801
300.0 0.0 0.0 7.5 10000000027.991001
300.0 0.0 2.5 7.5 1772047.7702000001
300.0 5.0 -10.0 8.75 9999999908.3841
300.0 2.5 -7.5 8.75 296750701.98829997
300.0 5.0 -7.5 8.75 1751311685.0037
300.0 0.0 -5.0 8.75 9999999772.540901
300.0 2.5 -5.0 8.75 9999999808.206202
300.0 5.0 -5.0 8.75 1009808065.0496
300.0 -5.0 -2.5 8.75 3054419425.9733
300.0 -2.5 -2.5 8.75 10000000046.9496
300.0 0.0 -2.5 8.75 3026208285.1616
300.0 2.5 -2.5 8.75 10000000022.884602
300.0 -5.0 0.0 8.75 5269313520.0747
300.0 0.0 0.0 8.75 10000000042.9106
300.0 0.0 2.5 8.75 10000000023.9733
300.0 0.0 5.0 8.75 728.1904
300.0 0.0 -10.0 10.0 321717871.2679
300.0 2.5 -10.0 10.0 9999999941.571201
300.0 5.0 -10.0 10.0 94818246.66430001
300.0 7.5 -10.0 10.0 -8.936
300.0 10.0 -10.0 10.0 0.0693999999999999
300.0 2.5 -7.5 10.0 10000000015.7716
300.0 5.0 -7.5 10.0 17646537.456499998
300.0 -5.0 -5.0 10.0 190599782.3333
300.0 0.0 -5.0 10.0 9999999959.642302
300.0 2.5 -5.0 10.0 10000000031.566801
300.0 5.0 -5.0 10.0 20441435.7299
300.0 -5.0 -2.5 10.0 1394734.2748
300.0 -2.5 -2.5 10.0 3964047904.2234
300.0 0.0 -2.5 10.0 9999999939.108702
300.0 2.5 -2.5 10.0 9999999919.6611
300.0 -5.0 0.0 10.0 133094.2505
300.0 -2.5 0.0 10.0 9999999961.3829
300.0 0.0 0.0 10.0 9999999895.6289
300.0 2.5 0.0 10.0 9999999958.2768
300.0 0.0 2.5 10.0 311549904.54169995
300.0 0.0 5.0 10.0 20.3024
300.0 2.5 5.0 10.0 88.9076
300.0 0.0 -10.0 11.25 13515536.2858
300.0 2.5 -10.0 11.25 54374755.1323
300.0 5.0 -10.0 11.25 458322.90949999995
300.0 7.5 -10.0 11.25 -7.3662
300.0 10.0 -10.0 11.25 -0.6897
300.0 -2.5 -7.5 11.25 68326556.7739
300.0 0.0 -7.5 11.25 278502393.647
300.0 2.5 -7.5 11.25 2118569775.0115001
300.0 5.0 -7.5 11.25 10000000004.679901
300.0 7.5 -7.5 11.25 116.3404
300.0 -5.0 -5.0 11.25 13993.224699999999
300.0 -2.5 -5.0 11.25 468583094.7375
300.0 0.0 -5.0 11.25 184014048.9014
300.0 2.5 -5.0 11.25 9999999882.2103
300.0 5.0 -5.0 11.25 25974348.6055
300.0 -5.0 -2.5 11.25 60647.8276
300.0 -2.5 -2.5 11.25 7962179.4672
300.0 0.0 -2.5 11.25 593665585.5481
300.0 2.5 -2.5 11.25 3153889318.7604
300.0 -5.0 0.0 11.25 402109511.4169
300.0 -2.5 0.0 11.25 2677361752.7058997
300.0 0.0 0.0 11.25 10000000037.1772
300.0 2.5 0.0 11.25 5797293799.856799
300.0 -5.0 2.5 11.25 809668.6146000001
300.0 -2.5 2.5 11.25 24592.2521
300.0 0.0 2.5 11.25 211308.8623
300.0 2.5 2.5 11.25 1344.7421000000002
300.0 5.0 2.5 11.25 4080.1715999999997
300.0 0.0 5.0 11.25 -2.9024000000000005
300.0 2.5 5.0 11.25 10.882
300.0 5.0 5.0 11.25 -3.6624000000000003
300.0 7.5 5.0 11.25 -2.8705
300.0 -2.5 -10.0 12.5 1280.1962
300.0 0.0 -10.0 12.5 4980897383.3412
300.0 2.5 -10.0 12.5 3321795.3320000004
300.0 5.0 -10.0 12.5 498.94440000000003
300.0 7.5 -10.0 12.5 -1.6562000000000001
300.0 10.0 -10.0 12.5 0.8050999999999999
300.0 -2.5 -7.5 12.5 429528.0537
300.0 0.0 -7.5 12.5 4819123764.640901
300.0 2.5 -7.5 12.5 130284798.1642
300.0 5.0 -7.5 12.5 18515.902899999997
300.0 7.5 -7.5 12.5 -10.6365
300.0 -5.0 -5.0 12.5 108.137
300.0 -2.5 -5.0 12.5 269234.8295
300.0 0.0 -5.0 12.5 269028355.6012
300.0 2.5 -5.0 12.5 474614017.43549997
300.0 5.0 -5.0 12.5 21355.5841
300.0 -5.0 -2.5 12.5 519338.5822
300.0 -2.5 -2.5 12.5 11353390.2794
300.0 0.0 -2.5 12.5 66136728.7216
300.0 2.5 -2.5 12.5 9999999960.347502
300.0 5.0 -2.5 12.5 4133830.6964
300.0 -5.0 0.0 12.5 117597.28289999999
300.0 -2.5 0.0 12.5 367442.228
300.0 0.0 0.0 12.5 4362559238.1329
300.0 2.5 0.0 12.5 3566803.9349
300.0 5.0 0.0 12.5 1849851.7173
300.0 7.5 0.0 12.5 4757323.1757
300.0 -5.0 2.5 12.5 602.7364
300.0 -2.5 2.5 12.5 170.89440000000002
300.0 0.0 2.5 12.5 92.71119999999999
300.0 2.5 2.5 12.5 296.0901
300.0 5.0 2.5 12.5 74.71130000000001
300.0 7.5 2.5 12.5 -21.9112
300.0 -5.0 5.0 12.5 6.1945
300.0 -2.5 5.0 12.5 -6.6850000000000005
300.0 0.0 5.0 12.5 -5.1741
300.0 2.5 5.0 12.5 -2.3515
300.0 5.0 5.0 12.5 -5.802099999999999
300.0 7.5 5.0 12.5 -5.4944
300.0 -2.5 -10.0 13.75 1886.7073
300.0 0.0 -10.0 13.75 294673967.3324
300.0 2.5 -10.0 13.75 929774.2845
300.0 5.0 -10.0 13.75 10.17
300.0 7.5 -10.0 13.75 1.7094
300.0 10.0 -10.0 13.75 1.8674
300.0 -5.0 -7.5 13.75 -9.7394
300.0 -2.5 -7.5 13.75 66970.8529
300.0 0.0 -7.5 13.75 9999999758.887201
300.0 2.5 -7.5 13.75 323027404.7804
300.0 5.0 -7.5 13.75 1322.4626
300.0 7.5 -7.5 13.75 -5.6651
300.0 -5.0 -5.0 13.75 -17.6289
300.0 -2.5 -5.0 13.75 146553342.4439
300.0 0.0 -5.0 13.75 596956440.8039
300.0 2.5 -5.0 13.75 8826819.0113
300.0 5.0 -5.0 13.75 170.5904
300.0 -5.0 -2.5 13.75 679.8061
300.0 -2.5 -2.5 13.75 160486.108
300.0 0.0 -2.5 13.75 273042350.0169
300.0 2.5 -2.5 13.75 9999999938.162102
300.0 5.0 -2.5 13.75 482647.3748
300.0 7.5 -2.5 13.75 -7.806800000000001
300.0 -5.0 0.0 13.75 15.5473
300.0 -2.5 0.0 13.75 454.7785
300.0 0.0 0.0 13.75 517839.0136
300.0 2.5 0.0 13.75 94025.9313
300.0 5.0 0.0 13.75 2914.175
300.0 7.5 0.0 13.75 -7.4978
300.0 -5.0 2.5 13.75 -10.3094
300.0 -2.5 2.5 13.75 -14.6983
300.0 0.0 2.5 13.75 -18.985799999999998
300.0 2.5 2.5 13.75 -22.8659
300.0 5.0 2.5 13.75 -21.2628
300.0 7.5 2.5 13.75 -14.0582
300.0 10.0 2.5 13.75 -8.1883
300.0 -5.0 5.0 13.75 -3.6925999999999997
300.0 -2.5 5.0 13.75 -5.792400000000001
300.0 0.0 5.0 13.75 -6.7026
300.0 2.5 5.0 13.75 -5.7896
300.0 5.0 5.0 13.75 -6.6476
300.0 7.5 5.0 13.75 -5.078
300.0 10.0 5.0 13.75 -3.7978
300.0 -2.5 -10.0 15.0 17.766
300.0 0.0 -10.0 15.0 17976177.8979
300.0 2.5 -10.0 15.0 1057.3411
300.0 5.0 -10.0 15.0 4.2072
300.0 7.5 -10.0 15.0 2.8318
300.0 10.0 -10.0 15.0 1.0955
300.0 -5.0 -7.5 15.0 0.10570000000000013
300.0 -2.5 -7.5 15.0 1637.4585
300.0 0.0 -7.5 15.0 10215630.018800002
300.0 2.5 -7.5 15.0 52692.0533
300.0 5.0 -7.5 15.0 -2.7321999999999997
300.0 7.5 -7.5 15.0 -0.5699000000000001
300.0 10.0 -7.5 15.0 0.8149
300.0 -5.0 -5.0 15.0 -9.674600000000002
300.0 -2.5 -5.0 15.0 2557.0942
300.0 0.0 -5.0 15.0 166888601.79520002
300.0 2.5 -5.0 15.0 22620.1723
300.0 5.0 -5.0 15.0 -1.0662000000000003
300.0 7.5 -5.0 15.0 -2.2249000000000003
300.0 -5.0 -2.5 15.0 -15.969899999999999
300.0 -2.5 -2.5 15.0 2056.5907
300.0 0.0 -2.5 15.0 130972.7451
300.0 2.5 -2.5 15.0 20305.7591
300.0 5.0 -2.5 15.0 2994.043
300.0 7.5 -2.5 15.0 -3.3533
300.0 10.0 -2.5 15.0 -0.5579000000000001
300.0 -5.0 0.0 15.0 -13.5963
300.0 -2.5 0.0 15.0 -17.2388
300.0 0.0 0.0 15.0 213.0692
300.0 2.5 0.0 15.0 2.1174999999999997
300.0 5.0 0.0 15.0 -8.5846
300.0 7.5 0.0 15.0 -8.1618
300.0 10.0 0.0 15.0 -3.2645999999999997
300.0 -5.0 2.5 15.0 -8.5557
300.0 -2.5 2.5 15.0 -13.2179
300.0 0.0 2.5 15.0 -14.982299999999999
300.0 2.5 2.5 15.0 -16.4145
300.0 5.0 2.5 15.0 -14.208400000000001
300.0 7.5 2.5 15.0 -8.8077
300.0 10.0 2.5 15.0 -5.0835
300.0 -5.0 5.0 15.0 -4.1738
300.0 -2.5 5.0 15.0 -5.603899999999999
300.0 0.0 5.0 15.0 -7.075
300.0 2.5 5.0 15.0 -6.5991
300.0 5.0 5.0 15.0 -5.6538
300.0 7.5 5.0 15.0 -3.9666
300.0 10.0 5.0 15.0 -3.3462
300.0 -5.0 -10.0 16.25 5.8681
300.0 -2.5 -10.0 16.25 5.5874999999999995
300.0 0.0 -10.0 16.25 691.7077
300.0 2.5 -10.0 16.25 13.7453
300.0 5.0 -10.0 16.25 4.1913
300.0 7.5 -10.0 16.25 2.6852
300.0 10.0 -10.0 16.25 1.2917
300.0 -5.0 -7.5 16.25 1.9907
300.0 -2.5 -7.5 16.25 20.6237
300.0 0.0 -7.5 16.25 39.3277
300.0 2.5 -7.5 16.25 115.1151
300.0 5.0 -7.5 16.25 -0.9253000000000002
300.0 7.5 -7.5 16.25 2.1743
300.0 10.0 -7.5 16.25 1.0347
300.0 -5.0 -5.0 16.25 -5.012
300.0 -2.5 -5.0 16.25 538.4053
300.0 0.0 -5.0 16.25 28870.2773
300.0 2.5 -5.0 16.25 37.557
300.0 5.0 -5.0 16.25 -0.5042999999999997
300.0 7.5 -5.0 16.25 1.0828000000000002
300.0 10.0 -5.0 16.25 1.7196999999999998
300.0 -5.0 -2.5 16.25 -10.5433
300.0 -2.5 -2.5 16.25 8.681899999999999
300.0 0.0 -2.5 16.25 1285.0172
300.0 2.5 -2.5 16.25 126.39030000000001
300.0 5.0 -2.5 16.25 -1.7260000000000002
300.0 7.5 -2.5 16.25 -0.6023000000000001
300.0 10.0 -2.5 16.25 1.2825
300.0 -5.0 0.0 16.25 -9.360299999999999
300.0 -2.5 0.0 16.25 -14.7965
300.0 0.0 0.0 16.25 -13.613
300.0 2.5 0.0 16.25 -14.176099999999998
300.0 5.0 0.0 16.25 -9.0793
300.0 7.5 0.0 16.25 -3.9133
300.0 10.0 0.0 16.25 -1.5840999999999998
300.0 -5.0 2.5 16.25 -6.2636
300.0 -2.5 2.5 16.25 -9.0733
300.0 0.0 2.5 16.25 -10.8263
300.0 2.5 2.5 16.25 -11.0519
300.0 5.0 2.5 16.25 -8.1126
300.0 7.5 2.5 16.25 -5.399299999999999
300.0 10.0 2.5 16.25 -2.9702
300.0 -5.0 5.0 16.25 -3.3255
300.0 -2.5 5.0 16.25 -4.900399999999999
300.0 0.0 5.0 16.25 -5.8796
300.0 2.5 5.0 16.25 -5.2562
300.0 5.0 5.0 16.25 -4.0637
300.0 7.5 5.0 16.25 -3.408
300.0 10.0 5.0 16.25 -2.4896
