0.0 -2.5 -7.5 10.0 10000000027.970001
0.0 -2.5 -5.0 10.0 9999999577.8528
0.0 -2.5 -2.5 10.0 9999999822.5188
0.0 0.0 0.0 10.0 10000000105.0298
0.0 -2.5 2.5 10.0 9999999985.053902
0.0 -5.0 5.0 10.0 1533692317.0511
0.0 -2.5 -7.5 11.25 139680020.5934
0.0 0.0 -7.5 11.25 9999999545.942701
0.0 -5.0 -5.0 11.25 10000000033.9668
0.0 -2.5 -5.0 11.25 9999999878.6249
0.0 0.0 -5.0 11.25 9999999788.562801
0.0 -2.5 -2.5 11.25 9999999876.8558
0.0 2.5 -2.5 11.25 10000000023.248901
0.0 5.0 -2.5 11.25 10000000116.699701
0.0 -2.5 0.0 11.25 9999999966.5139
0.0 0.0 0.0 11.25 9999999713.1704
0.0 -5.0 2.5 11.25 9999999845.381
0.0 -2.5 2.5 11.25 10000000210.9818
0.0 0.0 2.5 11.25 9999999942.7516
0.0 -5.0 5.0 11.25 9999999965.5687
0.0 -2.5 5.0 11.25 9999999938.0704
0.0 0.0 -10.0 12.5 10000000051.202002
0.0 2.5 -10.0 12.5 10000000172.2248
0.0 -2.5 -7.5 12.5 572335058.7554
0.0 0.0 -7.5 12.5 1788754832.4217
0.0 -5.0 -5.0 12.5 935020.2507
0.0 -2.5 -5.0 12.5 357260889.59040004
0.0 0.0 -5.0 12.5 9999999612.6065
0.0 2.5 -5.0 12.5 10000000090.382502
0.0 -2.5 -2.5 12.5 9999999881.3817
0.0 0.0 -2.5 12.5 4009873101.8814
0.0 2.5 -2.5 12.5 10000000146.4701
0.0 5.0 -2.5 12.5 9999999990.936401
0.0 -2.5 0.0 12.5 9999999770.409
0.0 0.0 0.0 12.5 9999999923.413
0.0 -5.0 2.5 12.5 145430562.9621
0.0 -2.5 2.5 12.5 9999999856.6179
0.0 0.0 2.5 12.5 7180799978.291901
0.0 -5.0 5.0 12.5 9999999994.777401
0.0 -2.5 5.0 12.5 9999999508.363901
0.0 0.0 5.0 12.5 519399363.0855
0.0 0.0 -10.0 13.75 409284904.3621
0.0 2.5 -10.0 13.75 3631391660.9608
0.0 -5.0 -7.5 13.75 352474960.2888
0.0 -2.5 -7.5 13.75 9999999954.029701
0.0 0.0 -7.5 13.75 9999999726.084702
0.0 5.0 -7.5 13.75 9999999965.441502
0.0 -5.0 -5.0 13.75 5291285.4207999995
0.0 -2.5 -5.0 13.75 131897702.86209999
0.0 0.0 -5.0 13.75 9999999764.742601
0.0 2.5 -5.0 13.75 9999999961.1387
0.0 -5.0 -2.5 13.75 5292239.9187
0.0 -2.5 -2.5 13.75 3707612268.3579
0.0 0.0 -2.5 13.75 4128650967.5148
0.0 2.5 -2.5 13.75 10000000029.656301
0.0 5.0 -2.5 13.75 584661474.9732
0.0 7.5 -2.5 13.75 1394782628.8825
0.0 -5.0 0.0 13.75 58245988.9263
0.0 -2.5 0.0 13.75 9999999986.601702
0.0 0.0 0.0 13.75 1560313975.951
0.0 2.5 0.0 13.75 9999999652.802301
0.0 10.0 0.0 13.75 2314089.1138999998
0.0 -5.0 2.5 13.75 9999999878.513
0.0 -2.5 2.5 13.75 9999999964.495901
0.0 0.0 2.5 13.75 9999999973.698301
0.0 -5.0 5.0 13.75 262764527.0607
0.0 -2.5 5.0 13.75 10000000041.376501
0.0 0.0 5.0 13.75 1207106197.1614
0.0 -5.0 -10.0 15.0 1705.6241
0.0 -2.5 -10.0 15.0 10484019.1835
0.0 0.0 -10.0 15.0 9999999912.8617
0.0 2.5 -10.0 15.0 2429524566.4655
0.0 5.0 -10.0 15.0 79683730.92
0.0 7.5 -10.0 15.0 437521080.5845
0.0 10.0 -10.0 15.0 46765.4962
0.0 -5.0 -7.5 15.0 422454444.6361
0.0 -2.5 -7.5 15.0 420553169.5842
0.0 0.0 -7.5 15.0 10000000126.9605
0.0 2.5 -7.5 15.0 10000000052.5137
0.0 5.0 -7.5 15.0 69242804.1317
0.0 10.0 -7.5 15.0 7666002.4593
0.0 -5.0 -5.0 15.0 518359889.5778
0.0 -2.5 -5.0 15.0 6075475358.9576
0.0 0.0 -5.0 15.0 2155156209.8139
0.0 2.5 -5.0 15.0 10000000056.4552
0.0 5.0 -5.0 15.0 10000000139.735
0.0 7.5 -5.0 15.0 965763468.1292
0.0 -5.0 -2.5 15.0 2528219.1435000002
0.0 -2.5 -2.5 15.0 623168199.5052999
0.0 0.0 -2.5 15.0 336827743.6417
0.0 2.5 -2.5 15.0 10000000091.7446
0.0 5.0 -2.5 15.0 9999999836.683601
0.0 7.5 -2.5 15.0 66034063.3235
0.0 10.0 -2.5 15.0 9999999959.2761
0.0 -5.0 0.0 15.0 15470.408800000001
0.0 -2.5 0.0 15.0 102057543.7487
0.0 0.0 0.0 15.0 10000000127.706902
0.0 2.5 0.0 15.0 10000000316.7036
0.0 5.0 0.0 15.0 9385182870.9726
0.0 7.5 0.0 15.0 4022974317.1500998
0.0 10.0 0.0 15.0 10000000016.9025
0.0 -5.0 2.5 15.0 3730180.3888
0.0 -2.5 2.5 15.0 9999999385.9391
0.0 0.0 2.5 15.0 57066029.0317
0.0 2.5 2.5 15.0 10000000112.002401
0.0 5.0 2.5 15.0 9999999838.161701
0.0 7.5 2.5 15.0 25996693.0945
0.0 -5.0 5.0 15.0 11980457.414099999
0.0 -2.5 5.0 15.0 120376941.5775
0.0 0.0 5.0 15.0 7582288207.6536
0.0 2.5 5.0 15.0 1012006129.6847999
0.0 10.0 5.0 15.0 158983.691
0.0 -5.0 -10.0 16.25 134.0907
0.0 -2.5 -10.0 16.25 26502312.1475
0.0 0.0 -10.0 16.25 304371.2339
0.0 2.5 -10.0 16.25 16117198.6067
0.0 5.0 -10.0 16.25 7718151656.942301
0.0 7.5 -10.0 16.25 690712276.2213999
0.0 10.0 -10.0 16.25 -22.280299999999997
0.0 -5.0 -7.5 16.25 352123.0486
0.0 -2.5 -7.5 16.25 10000000146.165401
0.0 0.0 -7.5 16.25 7768564642.3213005
0.0 2.5 -7.5 16.25 10000000097.7823
0.0 5.0 -7.5 16.25 431978179.6613
0.0 7.5 -7.5 16.25 7453495.9143
0.0 10.0 -7.5 16.25 9999999951.026402
0.0 -5.0 -5.0 16.25 3205623384.0134997
0.0 -2.5 -5.0 16.25 340376906.2597
0.0 0.0 -5.0 16.25 9999999987.6856
0.0 2.5 -5.0 16.25 10000000056.939001
0.0 5.0 -5.0 16.25 282325535.8234
0.0 7.5 -5.0 16.25 15806185.1751
0.0 10.0 -5.0 16.25 9999999659.683401
0.0 -5.0 -2.5 16.25 2516520.8795999996
0.0 -2.5 -2.5 16.25 170712605.8093
0.0 0.0 -2.5 16.25 2400211168.9357
0.0 2.5 -2.5 16.25 10000000191.616201
0.0 5.0 -2.5 16.25 9999999934.4715
0.0 7.5 -2.5 16.25 4573881663.4591
0.0 10.0 -2.5 16.25 9999999961.3904
0.0 -5.0 0.0 16.25 352.2604
0.0 -2.5 0.0 16.25 30298203.842100002
0.0 0.0 0.0 16.25 920283197.9062
0.0 2.5 0.0 16.25 10000000039.623001
0.0 5.0 0.0 16.25 111981693.5296
0.0 7.5 0.0 16.25 10000000017.7908
0.0 10.0 0.0 16.25 134643066.76590002
0.0 -5.0 2.5 16.25 9999999878.143002
0.0 -2.5 2.5 16.25 3067958074.6996
0.0 0.0 2.5 16.25 9999999899.548101
0.0 2.5 2.5 16.25 475995939.7026
0.0 5.0 2.5 16.25 941182024.2825
0.0 7.5 2.5 16.25 1516564813.2928
0.0 10.0 2.5 16.25 761435489.5173
0.0 -5.0 5.0 16.25 54768785.6027
0.0 -2.5 5.0 16.25 27989502.3441
0.0 0.0 5.0 16.25 986297828.9024
0.0 2.5 5.0 16.25 348140945.667
0.0 5.0 5.0 16.25 9999999957.3432
0.0 7.5 5.0 16.25 118062.1287
0.0 10.0 5.0 16.25 46382.8993
60.0 -5.0 -10.0 3.75 9999999946.322601
60.0 -2.5 -10.0 3.75 9999999942.857
60.0 0.0 -10.0 3.75 9999999979.057901
60.0 2.5 -10.0 3.75 9999999883.9095
60.0 5.0 -10.0 3.75 10000000126.127901
60.0 7.5 -10.0 3.75 9999999859.612501
60.0 10.0 -10.0 3.75 10000000240.121801
60.0 -5.0 -7.5 3.75 10000000335.125101
60.0 -2.5 -7.5 3.75 9999999996.0732
60.0 0.0 -7.5 3.75 10000000019.017302
60.0 2.5 -7.5 3.75 9999999953.451601
60.0 5.0 -7.5 3.75 9999999934.144402
60.0 7.5 -7.5 3.75 10000000213.189901
60.0 10.0 -7.5 3.75 2824212234.4873
60.0 -5.0 -5.0 3.75 10000000275.161201
60.0 -2.5 -5.0 3.75 10000000308.685001
60.0 0.0 -5.0 3.75 10000000223.300402
60.0 2.5 -5.0 3.75 9999999403.728102
60.0 5.0 -5.0 3.75 9999999986.0697
60.0 7.5 -5.0 3.75 9999999973.626001
60.0 10.0 -5.0 3.75 9999999823.011301
60.0 -5.0 -2.5 3.75 10000000158.669401
60.0 -2.5 -2.5 3.75 10000000087.997501
60.0 0.0 -2.5 3.75 10000000018.8344
60.0 2.5 -2.5 3.75 9999999762.9335
60.0 5.0 -2.5 3.75 9999999927.4241
60.0 7.5 -2.5 3.75 10000000020.054401
60.0 10.0 -2.5 3.75 5886967519.6256
60.0 -5.0 0.0 3.75 9999999976.8267
60.0 -2.5 0.0 3.75 10000000197.4862
60.0 0.0 0.0 3.75 10000000007.172602
60.0 2.5 0.0 3.75 9999999788.961401
60.0 5.0 0.0 3.75 9999999873.0393
60.0 7.5 0.0 3.75 9999999877.1224
60.0 10.0 0.0 3.75 9999999970.696402
60.0 -5.0 2.5 3.75 10000000202.7738
60.0 -2.5 2.5 3.75 9999999915.018501
60.0 0.0 2.5 3.75 9999999867.3094
60.0 2.5 2.5 3.75 10000000114.765701
60.0 5.0 2.5 3.75 10000000082.8523
60.0 7.5 2.5 3.75 9999999804.4797
60.0 10.0 2.5 3.75 9999999952.510801
60.0 -5.0 5.0 3.75 10000000003.978102
60.0 -2.5 5.0 3.75 9999999642.1098
60.0 0.0 5.0 3.75 10000000142.9234
60.0 2.5 5.0 3.75 9999999828.551
60.0 5.0 5.0 3.75 9999999853.0722
60.0 7.5 5.0 3.75 9999999992.534
60.0 10.0 5.0 3.75 9999999968.4657
60.0 2.5 5.0 10.0 10000000389.6798
60.0 2.5 -10.0 11.25 10000000189.491701
60.0 7.5 -10.0 11.25 10000000020.933102
60.0 5.0 -7.5 11.25 10000000204.065102
60.0 -2.5 2.5 11.25 428578403.68799996
60.0 0.0 2.5 11.25 9999999978.6091
60.0 2.5 2.5 11.25 9999999900.0937
60.0 5.0 2.5 11.25 9999999856.313002
60.0 7.5 2.5 11.25 10000000244.9144
60.0 -2.5 5.0 11.25 9999999842.666
60.0 0.0 5.0 11.25 10000000172.711601
60.0 2.5 5.0 11.25 10000000140.371
60.0 5.0 5.0 11.25 10000000098.9726
60.0 0.0 -10.0 12.5 46166513.1624
60.0 2.5 -10.0 12.5 10000000157.837301
60.0 5.0 -10.0 12.5 10000000276.2369
60.0 7.5 -10.0 12.5 23663754.984300002
60.0 0.0 -5.0 12.5 9999999736.346
60.0 0.0 2.5 12.5 1326673175.7111
60.0 2.5 2.5 12.5 9999999967.5781
60.0 5.0 2.5 12.5 7302410330.5652
60.0 7.5 2.5 12.5 9999999697.4841
60.0 10.0 2.5 12.5 10000000346.3069
60.0 0.0 5.0 12.5 2755973662.7491
60.0 2.5 5.0 12.5 10000000374.006601
60.0 5.0 5.0 12.5 9999999895.185001
60.0 7.5 5.0 12.5 1239641294.4424
60.0 10.0 5.0 12.5 1380790226.8662999
60.0 0.0 -10.0 13.75 1269052921.7298
60.0 2.5 -10.0 13.75 59175475.784099996
60.0 5.0 -10.0 13.75 2926824772.848
60.0 7.5 -10.0 13.75 23591526.5292
60.0 10.0 -10.0 13.75 9999999984.6937
60.0 -5.0 -7.5 13.75 14589191.9083
60.0 2.5 -7.5 13.75 269236969.51210004
60.0 5.0 -7.5 13.75 9999999962.0821
60.0 7.5 -7.5 13.75 9999999916.3976
60.0 10.0 -7.5 13.75 6097535800.1266
60.0 -2.5 -5.0 13.75 10000000022.238
60.0 0.0 -5.0 13.75 9999999845.552801
60.0 5.0 -5.0 13.75 9999999934.225601
60.0 10.0 -5.0 13.75 2487233226.8251004
60.0 -5.0 -2.5 13.75 2098973902.8311
60.0 -2.5 -2.5 13.75 1628148356.3451002
60.0 0.0 -2.5 13.75 9999999727.2033
60.0 0.0 0.0 13.75 10000000111.7698
60.0 2.5 0.0 13.75 1542740625.923
60.0 -2.5 2.5 13.75 17285739.496
60.0 0.0 2.5 13.75 828544569.013
60.0 2.5 2.5 13.75 653573065.8342999
60.0 5.0 2.5 13.75 6397097642.7429
60.0 7.5 2.5 13.75 1502830255.799
60.0 10.0 2.5 13.75 9999999737.8565
60.0 0.0 5.0 13.75 20779571.046499997
60.0 2.5 5.0 13.75 9999999939.361502
60.0 5.0 5.0 13.75 14221629.476300001
60.0 7.5 5.0 13.75 1970958727.7907
60.0 10.0 5.0 13.75 9999999667.1004
60.0 -5.0 -10.0 15.0 16317.7726
60.0 -2.5 -10.0 15.0 145.5806
60.0 0.0 -10.0 15.0 400972.8045
60.0 2.5 -10.0 15.0 4105612313.101
60.0 5.0 -10.0 15.0 6178189.1573
60.0 7.5 -10.0 15.0 9999999880.3822
60.0 10.0 -10.0 15.0 2620278456.0789
60.0 -5.0 -7.5 15.0 4925.460800000001
60.0 -2.5 -7.5 15.0 256615.0147
60.0 0.0 -7.5 15.0 103800.18980000001
60.0 2.5 -7.5 15.0 682999767.5454999
60.0 5.0 -7.5 15.0 10000000332.6294
60.0 7.5 -7.5 15.0 827313123.542
60.0 10.0 -7.5 15.0 240222331.67000002
60.0 -5.0 -5.0 15.0 102512589.1724
60.0 -2.5 -5.0 15.0 243010018.18760002
60.0 0.0 -5.0 15.0 9999999918.052502
60.0 2.5 -5.0 15.0 9999999973.6221
60.0 5.0 -5.0 15.0 10000000007.140501
60.0 7.5 -5.0 15.0 9999999695.5349
60.0 10.0 -5.0 15.0 1573305196.9421
60.0 -5.0 -2.5 15.0 58345932.833399996
60.0 -2.5 -2.5 15.0 3888939768.6148
60.0 0.0 -2.5 15.0 92535842.5625
60.0 2.5 -2.5 15.0 9999999438.689901
60.0 10.0 -2.5 15.0 10000000304.186901
60.0 -2.5 0.0 15.0 1713874382.5702
60.0 0.0 0.0 15.0 9999999795.8019
60.0 2.5 0.0 15.0 1645179695.9853
60.0 7.5 0.0 15.0 10000000024.3388
60.0 -5.0 2.5 15.0 2281715.1428
60.0 -2.5 2.5 15.0 8205732.9290000005
60.0 0.0 2.5 15.0 107811250.03799999
60.0 2.5 2.5 15.0 51882301.70330001
60.0 5.0 2.5 15.0 324938644.828
60.0 7.5 2.5 15.0 9999999840.493801
60.0 10.0 2.5 15.0 511851389.109
60.0 -2.5 5.0 15.0 14989792.8574
60.0 0.0 5.0 15.0 11135.6952
60.0 2.5 5.0 15.0 101772.58570000001
60.0 5.0 5.0 15.0 1721319.3418
60.0 7.5 5.0 15.0 49486295.968100004
60.0 10.0 5.0 15.0 7468103.2107
60.0 -5.0 -10.0 16.25 -24.911
60.0 -2.5 -10.0 16.25 -20.334400000000002
60.0 0.0 -10.0 16.25 1118.4558
60.0 2.5 -10.0 16.25 13367.4393
60.0 5.0 -10.0 16.25 10637292.3129
60.0 7.5 -10.0 16.25 234311592.794
60.0 10.0 -10.0 16.25 89898622.8827
60.0 -5.0 -7.5 16.25 785.2026000000001
60.0 -2.5 -7.5 16.25 347.7201
60.0 0.0 -7.5 16.25 119772320.833
60.0 2.5 -7.5 16.25 10000000062.4262
60.0 5.0 -7.5 16.25 3056901.444
60.0 7.5 -7.5 16.25 679516850.7567999
60.0 10.0 -7.5 16.25 10000000187.251202
60.0 -5.0 -5.0 16.25 12106.5913
60.0 -2.5 -5.0 16.25 1021332.2884
60.0 0.0 -5.0 16.25 59107422.2293
60.0 2.5 -5.0 16.25 488065351.27360004
60.0 5.0 -5.0 16.25 9999999853.1422
60.0 7.5 -5.0 16.25 10000000053.398602
60.0 10.0 -5.0 16.25 10000000023.951801
60.0 -5.0 -2.5 16.25 137848783.57189998
60.0 -2.5 -2.5 16.25 277531832.7594
60.0 0.0 -2.5 16.25 23699969.809
60.0 2.5 -2.5 16.25 9999999828.9748
60.0 5.0 -2.5 16.25 10000000238.7556
60.0 7.5 -2.5 16.25 9999999984.038502
60.0 10.0 -2.5 16.25 10000000048.175402
60.0 -5.0 0.0 16.25 151423.80719999998
60.0 -2.5 0.0 16.25 675686363.2863
60.0 0.0 0.0 16.25 9999999834.1905
60.0 2.5 0.0 16.25 9999999926.7637
60.0 5.0 0.0 16.25 2392260585.1295
60.0 7.5 0.0 16.25 9952545739.85
60.0 10.0 0.0 16.25 373290343.6128
60.0 -5.0 2.5 16.25 4840754.056700001
60.0 -2.5 2.5 16.25 348158.2017
60.0 0.0 2.5 16.25 332128206.80009997
60.0 2.5 2.5 16.25 22035268.340200003
60.0 5.0 2.5 16.25 10000000036.9407
60.0 7.5 2.5 16.25 41591379.6721
60.0 10.0 2.5 16.25 1471883483.982
60.0 -5.0 5.0 16.25 11.1361
60.0 -2.5 5.0 16.25 22828650.2887
60.0 0.0 5.0 16.25 4809.6548
60.0 2.5 5.0 16.25 940919.9613999999
60.0 5.0 5.0 16.25 19416470.7527
60.0 7.5 5.0 16.25 10838038.9837
60.0 10.0 5.0 16.25 152297797.7487
120.0 -5.0 -10.0 3.75 9999999934.630901
120.0 -2.5 -10.0 3.75 10000000391.3476
120.0 0.0 -10.0 3.75 10000000063.5095
120.0 2.5 -10.0 3.75 9999999740.6685
120.0 5.0 -10.0 3.75 9999999979.0053
120.0 7.5 -10.0 3.75 10000000022.579401
120.0 10.0 -10.0 3.75 10000000110.682901
120.0 -5.0 -7.5 3.75 9999999489.973902
120.0 -2.5 -7.5 3.75 9999999954.9832
120.0 0.0 -7.5 3.75 10000000036.4899
120.0 2.5 -7.5 3.75 9999999840.4596
120.0 5.0 -7.5 3.75 10000000054.0984
120.0 7.5 -7.5 3.75 9999999918.0291
120.0 10.0 -7.5 3.75 9999999921.962
120.0 -5.0 -5.0 3.75 9999999907.5035
120.0 -2.5 -5.0 3.75 9999999975.5408
120.0 0.0 -5.0 3.75 9999999590.4636
120.0 2.5 -5.0 3.75 9999999886.281101
120.0 5.0 -5.0 3.75 10000000536.332201
120.0 7.5 -5.0 3.75 10000000050.2821
120.0 10.0 -5.0 3.75 10000000147.4162
120.0 -5.0 -2.5 3.75 9999999852.683802
120.0 -2.5 -2.5 3.75 9999999893.9319
120.0 0.0 -2.5 3.75 9999999825.5517
120.0 2.5 -2.5 3.75 9999999983.6828
120.0 5.0 -2.5 3.75 10000000105.2385
120.0 7.5 -2.5 3.75 9999999946.3883
120.0 10.0 -2.5 3.75 10000000138.5806
120.0 -5.0 0.0 3.75 9999999905.6609
120.0 -2.5 0.0 3.75 9999999562.2742
120.0 0.0 0.0 3.75 9999999724.272701
120.0 2.5 0.0 3.75 10000000364.1907
120.0 5.0 0.0 3.75 9999999879.8362
120.0 7.5 0.0 3.75 9999999923.4094
120.0 10.0 0.0 3.75 10000000028.207401
120.0 -5.0 2.5 3.75 10000000081.680801
120.0 -2.5 2.5 3.75 9999999785.212502
120.0 0.0 2.5 3.75 10000000458.5587
120.0 2.5 2.5 3.75 9999999914.150501
120.0 5.0 2.5 3.75 9999999957.735401
120.0 7.5 2.5 3.75 9999999836.069801
120.0 10.0 2.5 3.75 10000000034.700401
120.0 -5.0 5.0 3.75 9999999661.45
120.0 -2.5 5.0 3.75 10000000055.2247
120.0 0.0 5.0 3.75 9999999811.3455
120.0 2.5 5.0 3.75 9999999647.854301
120.0 5.0 5.0 3.75 9999999814.5016
120.0 7.5 5.0 3.75 9999999936.0811
120.0 10.0 5.0 3.75 9999999916.982801
120.0 2.5 2.5 7.5 9999999843.1254
120.0 2.5 5.0 7.5 10000000248.6566
120.0 2.5 -2.5 8.75 10000000132.1306
120.0 0.0 2.5 8.75 1073795118.1025
120.0 2.5 2.5 8.75 10000000655.179901
120.0 2.5 5.0 8.75 9999999845.405201
120.0 2.5 -2.5 10.0 2898368283.9446
120.0 0.0 0.0 10.0 10000000383.5184
120.0 2.5 0.0 10.0 9999999854.0893
120.0 5.0 0.0 10.0 10000000235.5428
120.0 0.0 2.5 10.0 10000000017.4034
120.0 2.5 2.5 10.0 9999999253.394001
120.0 5.0 2.5 10.0 7938332809.7097
120.0 0.0 5.0 10.0 9999999989.3694
120.0 2.5 5.0 10.0 9268180783.553501
120.0 2.5 -5.0 11.25 5650903532.3048
120.0 5.0 -5.0 11.25 8317787102.9524
120.0 2.5 -2.5 11.25 10000000191.082901
120.0 5.0 -2.5 11.25 10000000280.929401
120.0 7.5 -2.5 11.25 10000000158.728102
120.0 0.0 0.0 11.25 9999999913.4971
120.0 2.5 0.0 11.25 10000000133.513
120.0 5.0 0.0 11.25 10000000374.572401
120.0 7.5 0.0 11.25 2135784842.0647
120.0 0.0 2.5 11.25 3691858395.696
120.0 2.5 2.5 11.25 1635964665.3797
120.0 5.0 2.5 11.25 9999999896.402102
120.0 0.0 5.0 11.25 9999999913.972
120.0 2.5 5.0 11.25 9999999870.862902
120.0 2.5 -10.0 12.5 10000000001.711
120.0 2.5 -5.0 12.5 10000000222.0667
120.0 5.0 -5.0 12.5 10000000195.4951
120.0 -2.5 -2.5 12.5 6806.3646
120.0 0.0 -2.5 12.5 976532884.4047999
120.0 2.5 -2.5 12.5 9999999956.764301
120.0 5.0 -2.5 12.5 10000000211.124401
120.0 7.5 -2.5 12.5 10000000108.6439
120.0 0.0 0.0 12.5 6802793156.5323
120.0 2.5 0.0 12.5 1297660365.6088
120.0 5.0 0.0 12.5 8030666538.292899
120.0 7.5 0.0 12.5 2259322226.4129
120.0 0.0 2.5 12.5 19535977.860600002
120.0 2.5 2.5 12.5 522146250.2461
120.0 5.0 2.5 12.5 10000000119.8946
120.0 7.5 2.5 12.5 10000000339.805601
120.0 0.0 5.0 12.5 9999999876.906301
120.0 2.5 5.0 12.5 9999999872.4073
120.0 5.0 5.0 12.5 9999999824.126701
120.0 -2.5 -10.0 13.75 1020573.8409
120.0 0.0 -10.0 13.75 9999999953.488
120.0 5.0 -10.0 13.75 623284630.4143001
120.0 10.0 -10.0 13.75 1264328641.9799001
120.0 2.5 -7.5 13.75 275028186.5056
120.0 5.0 -7.5 13.75 136581048.86990002
120.0 7.5 -7.5 13.75 79672311.5389
120.0 -2.5 -5.0 13.75 118795.635
120.0 0.0 -5.0 13.75 10000000201.487501
120.0 2.5 -5.0 13.75 9999999950.7852
120.0 5.0 -5.0 13.75 10000000062.1625
120.0 -5.0 -2.5 13.75 633.0298
120.0 -2.5 -2.5 13.75 543.3065
120.0 0.0 -2.5 13.75 10000000065.9717
120.0 2.5 -2.5 13.75 10000000184.734001
120.0 5.0 -2.5 13.75 10000000168.0603
120.0 7.5 -2.5 13.75 9999999983.5601
120.0 10.0 -2.5 13.75 3606032135.743
120.0 -5.0 0.0 13.75 903.0602
120.0 0.0 0.0 13.75 23471.2186
120.0 2.5 0.0 13.75 863013163.2767999
120.0 5.0 0.0 13.75 10000000124.9356
120.0 7.5 0.0 13.75 10000000101.788301
120.0 0.0 2.5 13.75 216764.30240000002
120.0 2.5 2.5 13.75 10000000148.458801
120.0 5.0 2.5 13.75 10000000151.885101
120.0 7.5 2.5 13.75 10000000101.2495
120.0 0.0 5.0 13.75 28291.9094
120.0 2.5 5.0 13.75 851656441.3999
120.0 5.0 5.0 13.75 9999999873.377602
120.0 7.5 5.0 13.75 9999999778.8903
120.0 -5.0 -10.0 15.0 -22.575300000000002
120.0 -2.5 -10.0 15.0 31741501.7432
120.0 0.0 -10.0 15.0 1760774165.1917
120.0 2.5 -10.0 15.0 446675854.34709996
120.0 5.0 -10.0 15.0 23552427.076500002
120.0 10.0 -10.0 15.0 119957.1933
120.0 -5.0 -7.5 15.0 3330.7681
120.0 -2.5 -7.5 15.0 63368631.589999996
120.0 0.0 -7.5 15.0 151258692.2292
120.0 2.5 -7.5 15.0 2311463.6004
120.0 5.0 -7.5 15.0 3609058.2315
120.0 7.5 -7.5 15.0 55561597.8215
120.0 -5.0 -5.0 15.0 77.19999999999999
120.0 -2.5 -5.0 15.0 49234.3552
120.0 0.0 -5.0 15.0 414449257.79620004
120.0 2.5 -5.0 15.0 5738854093.2205
120.0 5.0 -5.0 15.0 10000000181.4162
120.0 7.5 -5.0 15.0 384614404.72800004
120.0 10.0 -5.0 15.0 2609756609.693
120.0 -5.0 -2.5 15.0 45.4526
120.0 -2.5 -2.5 15.0 60.67
120.0 0.0 -2.5 15.0 516701492.7827
120.0 2.5 -2.5 15.0 43579084.374699995
120.0 5.0 -2.5 15.0 9999999962.820702
120.0 7.5 -2.5 15.0 9999999994.4382
120.0 10.0 -2.5 15.0 9999999858.524
120.0 -5.0 0.0 15.0 0.11190000000000033
120.0 -2.5 0.0 15.0 -12.4428
120.0 0.0 0.0 15.0 1756.4640000000002
120.0 2.5 0.0 15.0 10000000068.968801
120.0 5.0 0.0 15.0 4090804687.8162
120.0 7.5 0.0 15.0 9999999957.865702
120.0 10.0 0.0 15.0 689352072.5589
120.0 0.0 2.5 15.0 167699.0681
120.0 2.5 2.5 15.0 10000000036.763802
120.0 5.0 2.5 15.0 381236872.25380003
120.0 7.5 2.5 15.0 9999999922.0904
120.0 10.0 2.5 15.0 10000000033.896502
120.0 0.0 5.0 15.0 2229573.1744
120.0 2.5 5.0 15.0 13361314.8895
120.0 5.0 5.0 15.0 37582931.580400005
120.0 7.5 5.0 15.0 9999999989.677
120.0 10.0 5.0 15.0 9999999880.664902
120.0 -5.0 -10.0 16.25 -15.627300000000002
120.0 -2.5 -10.0 16.25 19679.8474
120.0 0.0 -10.0 16.25 30923354.294699997
120.0 2.5 -10.0 16.25 5849096.7094
120.0 5.0 -10.0 16.25 27330921.701
120.0 7.5 -10.0 16.25 119938.9497
120.0 10.0 -10.0 16.25 326.3902
120.0 -5.0 -7.5 16.25 105126.08420000001
120.0 -2.5 -7.5 16.25 9999999827.7844
120.0 0.0 -7.5 16.25 10323885.480700001
120.0 2.5 -7.5 16.25 9999999863.5417
120.0 5.0 -7.5 16.25 10000000229.326
120.0 7.5 -7.5 16.25 10000000005.8556
120.0 10.0 -7.5 16.25 3060.9251
120.0 -5.0 -5.0 16.25 35.555
120.0 -2.5 -5.0 16.25 27714245.1988
120.0 0.0 -5.0 16.25 357525542.9647
120.0 2.5 -5.0 16.25 9999999945.925701
120.0 5.0 -5.0 16.25 10000000029.3768
120.0 7.5 -5.0 16.25 277268.6115
120.0 10.0 -5.0 16.25 50458.9223
120.0 -5.0 -2.5 16.25 25.366799999999998
120.0 -2.5 -2.5 16.25 31.905299999999997
120.0 0.0 -2.5 16.25 527114.5761
120.0 2.5 -2.5 16.25 948562523.8112
120.0 5.0 -2.5 16.25 1096433704.8636
120.0 7.5 -2.5 16.25 9999999990.010801
120.0 10.0 -2.5 16.25 9999999968.6462
120.0 -5.0 0.0 16.25 0.17120000000000024
120.0 -2.5 0.0 16.25 -11.4668
120.0 0.0 0.0 16.25 1244.0931
120.0 2.5 0.0 16.25 31020327.304700002
120.0 5.0 0.0 16.25 10000000055.4869
120.0 7.5 0.0 16.25 9999999785.161201
120.0 10.0 0.0 16.25 4496076884.779201
120.0 -5.0 2.5 16.25 -22.454
120.0 -2.5 2.5 16.25 146.0319
120.0 0.0 2.5 16.25 23589292.9251
120.0 2.5 2.5 16.25 527833728.7974
120.0 5.0 2.5 16.25 10000000086.097
120.0 7.5 2.5 16.25 10000000054.006
120.0 10.0 2.5 16.25 624647657.9424
120.0 -2.5 5.0 16.25 -50.5544
120.0 0.0 5.0 16.25 457645.6179
120.0 2.5 5.0 16.25 961690.0904
120.0 5.0 5.0 16.25 9999999996.691502
120.0 7.5 5.0 16.25 9999999696.7591
120.0 10.0 5.0 16.25 10000000116.777102
180.0 -5.0 -10.0 3.75 10000000060.6919
180.0 -2.5 -10.0 3.75 9999999802.2612
180.0 0.0 -10.0 3.75 10000000318.745901
180.0 2.5 -10.0 3.75 10000000300.891201
180.0 5.0 -10.0 3.75 10000000647.289202
180.0 7.5 -10.0 3.75 10000000031.4782
180.0 10.0 -10.0 3.75 10000000152.5165
180.0 -5.0 -7.5 3.75 9999999746.657501
180.0 -2.5 -7.5 3.75 9999999695.024302
180.0 0.0 -7.5 3.75 10000000334.054
180.0 2.5 -7.5 3.75 9999999711.1625
180.0 5.0 -7.5 3.75 10000000228.2719
180.0 7.5 -7.5 3.75 10000000337.011002
180.0 10.0 -7.5 3.75 9999999631.396101
180.0 -5.0 -5.0 3.75 9999999987.5722
180.0 -2.5 -5.0 3.75 10000000102.3946
180.0 0.0 -5.0 3.75 9999999683.6063
180.0 2.5 -5.0 3.75 9999999714.062101
180.0 5.0 -5.0 3.75 9999999423.8822
180.0 7.5 -5.0 3.75 9999999737.9701
180.0 10.0 -5.0 3.75 9999999889.398201
180.0 -5.0 -2.5 3.75 6363131669.763599
180.0 -2.5 -2.5 3.75 9999999777.751001
180.0 0.0 -2.5 3.75 9999999639.325901
180.0 2.5 -2.5 3.75 10000000293.163801
180.0 5.0 -2.5 3.75 9999999880.4641
180.0 7.5 -2.5 3.75 9999999891.7273
180.0 10.0 -2.5 3.75 9999999996.533
180.0 -5.0 0.0 3.75 3997238231.9237003
180.0 -2.5 0.0 3.75 9999999753.9911
180.0 0.0 0.0 3.75 10000000219.2782
180.0 2.5 0.0 3.75 10000000107.8173
180.0 5.0 0.0 3.75 10000000183.903801
180.0 7.5 0.0 3.75 10000000178.717402
180.0 10.0 0.0 3.75 10000000095.2395
180.0 -5.0 2.5 3.75 7605184346.3948
180.0 -2.5 2.5 3.75 10000000390.139502
180.0 0.0 2.5 3.75 10000000067.555801
180.0 2.5 2.5 3.75 10000000181.271
180.0 5.0 2.5 3.75 10000000146.0662
180.0 7.5 2.5 3.75 9999999691.1098
180.0 10.0 2.5 3.75 9999999898.543201
180.0 -5.0 5.0 3.75 10000000032.052
180.0 -2.5 5.0 3.75 10000000205.7847
180.0 0.0 5.0 3.75 10000000107.5422
180.0 2.5 5.0 3.75 10000000364.2245
180.0 5.0 5.0 3.75 10000000111.4554
180.0 7.5 5.0 3.75 10000000451.5485
180.0 10.0 5.0 3.75 10000000008.0249
180.0 5.0 -2.5 8.75 9999999949.946701
180.0 5.0 -2.5 10.0 9999999800.435902
180.0 2.5 2.5 10.0 10000000295.012001
180.0 5.0 -10.0 11.25 10000000323.2921
180.0 7.5 -10.0 11.25 3289292886.2763
180.0 -2.5 -7.5 11.25 289553.20149999997
180.0 5.0 -7.5 11.25 9999999897.994701
180.0 2.5 -5.0 11.25 2265607872.9071
180.0 5.0 -5.0 11.25 9999999863.263601
180.0 7.5 -5.0 11.25 3953442528.1832
180.0 10.0 -5.0 11.25 10000000369.5366
180.0 5.0 -2.5 11.25 9999999872.171001
180.0 0.0 0.0 11.25 1035855942.4446
180.0 -2.5 2.5 11.25 3362116650.7247
180.0 2.5 2.5 11.25 10000000047.3066
180.0 -5.0 5.0 11.25 9999999961.423302
180.0 5.0 5.0 11.25 10000000062.8276
180.0 0.0 -10.0 12.5 -50.7849
180.0 2.5 -10.0 12.5 10010.8202
180.0 5.0 -10.0 12.5 5430459878.404
180.0 7.5 -10.0 12.5 20162560.7232
180.0 10.0 -10.0 12.5 1038134865.7692
180.0 -2.5 -7.5 12.5 -54.3946
180.0 0.0 -7.5 12.5 29668.112500000003
180.0 2.5 -7.5 12.5 6943988.8578
180.0 5.0 -7.5 12.5 21484462.0729
180.0 7.5 -7.5 12.5 1280782498.0451999
180.0 10.0 -7.5 12.5 6162138668.4864
180.0 2.5 -5.0 12.5 1182466389.9646
180.0 5.0 -5.0 12.5 9999999999.139101
180.0 7.5 -5.0 12.5 9999999544.292501
180.0 10.0 -5.0 12.5 4022229801.9003
180.0 2.5 -2.5 12.5 5466112340.8734
180.0 5.0 -2.5 12.5 9999999940.6277
180.0 0.0 0.0 12.5 29902071.807
180.0 2.5 0.0 12.5 9999999997.4761
180.0 5.0 0.0 12.5 9999999992.595701
180.0 -2.5 2.5 12.5 12454532.018399999
180.0 0.0 2.5 12.5 9999999969.593401
180.0 2.5 2.5 12.5 10000000260.5902
180.0 -5.0 5.0 12.5 135776073.1119
180.0 2.5 5.0 12.5 10000000024.405
180.0 5.0 5.0 12.5 9999999856.9542
180.0 -5.0 -10.0 13.75 -6.647
180.0 -2.5 -10.0 13.75 -28.1366
180.0 0.0 -10.0 13.75 -54.2455
180.0 2.5 -10.0 13.75 269.5655
180.0 5.0 -10.0 13.75 35135.8071
180.0 7.5 -10.0 13.75 6097465.5639
180.0 10.0 -10.0 13.75 2828524.9363
180.0 -2.5 -7.5 13.75 -63.5043
180.0 0.0 -7.5 13.75 -118.32260000000001
180.0 2.5 -7.5 13.75 1240.864
180.0 5.0 -7.5 13.75 120127781.2277
180.0 7.5 -7.5 13.75 212132223.1081
180.0 10.0 -7.5 13.75 9999999734.334702
180.0 -2.5 -5.0 13.75 -44.5941
180.0 0.0 -5.0 13.75 7057.2098000000005
180.0 2.5 -5.0 13.75 17253.746199999998
180.0 5.0 -5.0 13.75 238240979.36600003
180.0 7.5 -5.0 13.75 10000000116.049002
180.0 10.0 -5.0 13.75 53083238.0203
180.0 2.5 -2.5 13.75 956511281.7353
180.0 5.0 -2.5 13.75 741526157.9616001
180.0 7.5 -2.5 13.75 9999999871.623201
180.0 -2.5 0.0 13.75 49597561.166600004
180.0 0.0 0.0 13.75 9999999813.7794
180.0 2.5 0.0 13.75 990055569.451
180.0 5.0 0.0 13.75 931864146.7652
180.0 -5.0 2.5 13.75 6061.3085
180.0 -2.5 2.5 13.75 10000000047.256802
180.0 0.0 2.5 13.75 515911181.68649995
180.0 2.5 2.5 13.75 3661396098.409
180.0 -5.0 5.0 13.75 637407.2265
180.0 -2.5 5.0 13.75 287461.7495
180.0 0.0 5.0 13.75 10000000171.2038
180.0 2.5 5.0 13.75 8938763907.8934
180.0 5.0 5.0 13.75 261639086.4601
180.0 -5.0 -10.0 15.0 -7.2736
180.0 -2.5 -10.0 15.0 -22.443099999999998
180.0 0.0 -10.0 15.0 -40.7845
180.0 2.5 -10.0 15.0 -34.2428
180.0 5.0 -10.0 15.0 15564.82
180.0 7.5 -10.0 15.0 399644618.00630003
180.0 10.0 -10.0 15.0 1428049.9909
180.0 -5.0 -7.5 15.0 -19.791600000000003
180.0 -2.5 -7.5 15.0 -45.597300000000004
180.0 0.0 -7.5 15.0 -86.074
180.0 2.5 -7.5 15.0 8.187100000000001
180.0 5.0 -7.5 15.0 991165.2389
180.0 7.5 -7.5 15.0 246422855.16540003
180.0 10.0 -7.5 15.0 9999999965.2161
180.0 -2.5 -5.0 15.0 -55.2842
180.0 0.0 -5.0 15.0 -82.3207
180.0 2.5 -5.0 15.0 -46.1108
180.0 5.0 -5.0 15.0 14833418.9057
180.0 7.5 -5.0 15.0 166833240.2596
180.0 10.0 -5.0 15.0 10000000042.833
180.0 -2.5 -2.5 15.0 205.5262
180.0 0.0 -2.5 15.0 59572106.2162
180.0 2.5 -2.5 15.0 34270744.407299995
180.0 5.0 -2.5 15.0 9999999962.3852
180.0 7.5 -2.5 15.0 270731412.8861
180.0 10.0 -2.5 15.0 10000000087.772202
180.0 -2.5 0.0 15.0 4055134.2174000004
180.0 0.0 0.0 15.0 2269219553.1453
180.0 2.5 0.0 15.0 4363588510.8956
180.0 5.0 0.0 15.0 10000000030.2035
180.0 7.5 0.0 15.0 9999999939.986301
180.0 10.0 0.0 15.0 6020118938.880199
180.0 -5.0 2.5 15.0 154329.7303
180.0 -2.5 2.5 15.0 4469338349.6466
180.0 0.0 2.5 15.0 331663997.7943
180.0 2.5 2.5 15.0 9999999704.5044
180.0 5.0 2.5 15.0 6715104625.6578
180.0 7.5 2.5 15.0 9999999946.076801
180.0 10.0 2.5 15.0 10000000159.8428
180.0 -5.0 5.0 15.0 75418.7105
180.0 -2.5 5.0 15.0 171585681.6331
180.0 0.0 5.0 15.0 10000000099.149801
180.0 2.5 5.0 15.0 9999999802.4032
180.0 5.0 5.0 15.0 10000000196.844702
180.0 7.5 5.0 15.0 9999999905.7695
180.0 10.0 5.0 15.0 10000000041.7346
180.0 -5.0 -10.0 16.25 -6.7077
180.0 -2.5 -10.0 16.25 -18.4661
180.0 0.0 -10.0 16.25 -30.0326
180.0 2.5 -10.0 16.25 -30.7208
180.0 5.0 -10.0 16.25 692.6603
180.0 7.5 -10.0 16.25 569067.5366000001
180.0 10.0 -10.0 16.25 122491.1032
180.0 -5.0 -7.5 16.25 -14.8018
180.0 -2.5 -7.5 16.25 -32.6115
180.0 0.0 -7.5 16.25 -55.43
180.0 2.5 -7.5 16.25 1770.7627
180.0 5.0 -7.5 16.25 147571.8023
180.0 7.5 -7.5 16.25 846695601.5895001
180.0 10.0 -7.5 16.25 9999999825.581001
180.0 -5.0 -5.0 16.25 -22.6046
180.0 -2.5 -5.0 16.25 -38.1619
180.0 0.0 -5.0 16.25 -58.9626
180.0 2.5 -5.0 16.25 6.995599999999996
180.0 5.0 -5.0 16.25 332563473.8789
180.0 7.5 -5.0 16.25 36162923.6866
180.0 10.0 -5.0 16.25 9999999983.1002
180.0 -5.0 -2.5 16.25 -27.6658
180.0 -2.5 -2.5 16.25 90.1815
180.0 0.0 -2.5 16.25 21384.3306
180.0 2.5 -2.5 16.25 39352524.1923
180.0 5.0 -2.5 16.25 618955009.4820999
180.0 7.5 -2.5 16.25 6400964.4626
180.0 10.0 -2.5 16.25 62246319.7423
180.0 -2.5 0.0 16.25 3762043.5130000003
180.0 0.0 0.0 16.25 243874.1008
180.0 2.5 0.0 16.25 10000000028.2031
180.0 5.0 0.0 16.25 1280181208.3924
180.0 7.5 0.0 16.25 4410175819.3768
180.0 10.0 0.0 16.25 81721872.8344
180.0 -5.0 2.5 16.25 11282.9754
180.0 -2.5 2.5 16.25 10000000011.095402
180.0 0.0 2.5 16.25 191829712.1586
180.0 2.5 2.5 16.25 10000000108.5986
180.0 5.0 2.5 16.25 9999999886.625101
180.0 7.5 2.5 16.25 309200458.3736
180.0 10.0 2.5 16.25 1299697567.7087002
180.0 -5.0 5.0 16.25 527697019.3898
180.0 -2.5 5.0 16.25 25958927.5425
180.0 0.0 5.0 16.25 422438158.7015
180.0 2.5 5.0 16.25 10000000102.210402
180.0 5.0 5.0 16.25 9999999980.2726
180.0 7.5 5.0 16.25 9999999852.5261
180.0 10.0 5.0 16.25 10000000058.702702
240.0 -5.0 -10.0 3.75 9999999916.796701
240.0 -2.5 -10.0 3.75 9999999919.753601
240.0 0.0 -10.0 3.75 9999999846.5687
240.0 2.5 -10.0 3.75 9999999840.0554
240.0 5.0 -10.0 3.75 8438780196.3293
240.0 7.5 -10.0 3.75 9999999530.429602
240.0 10.0 -10.0 3.75 9999999881.118301
240.0 -5.0 -7.5 3.75 9999999955.517
240.0 -2.5 -7.5 3.75 9999999963.625301
240.0 0.0 -7.5 3.75 10000000210.0184
240.0 2.5 -7.5 3.75 10000000010.686
240.0 5.0 -7.5 3.75 10000000018.068
240.0 7.5 -7.5 3.75 9999999880.1266
240.0 10.0 -7.5 3.75 10000000491.5035
240.0 -5.0 -5.0 3.75 10000000008.2404
240.0 -2.5 -5.0 3.75 10000000370.341301
240.0 0.0 -5.0 3.75 9999999993.213501
240.0 2.5 -5.0 3.75 10000000129.697
240.0 5.0 -5.0 3.75 9999999820.5963
240.0 7.5 -5.0 3.75 10000000127.6996
240.0 10.0 -5.0 3.75 10000000050.737501
240.0 -5.0 -2.5 3.75 10000000116.035002
240.0 -2.5 -2.5 3.75 9999999704.518702
240.0 0.0 -2.5 3.75 10000000028.4587
240.0 2.5 -2.5 3.75 10000000143.094002
240.0 5.0 -2.5 3.75 10000000602.6898
240.0 7.5 -2.5 3.75 10000000094.5692
240.0 10.0 -2.5 3.75 10000000371.418901
240.0 -5.0 0.0 3.75 10000000067.0067
240.0 -2.5 0.0 3.75 10000000609.182901
240.0 0.0 0.0 3.75 9999999858.708801
240.0 2.5 0.0 3.75 10000000202.6658
240.0 5.0 0.0 3.75 9999999844.712
240.0 7.5 0.0 3.75 10000000107.610802
240.0 10.0 0.0 3.75 10000000065.917301
240.0 -5.0 2.5 3.75 10000000318.812
240.0 -2.5 2.5 3.75 10000000500.237001
240.0 0.0 2.5 3.75 10000000124.5834
240.0 2.5 2.5 3.75 10000000161.6903
240.0 5.0 2.5 3.75 10000000017.286901
240.0 7.5 2.5 3.75 10000000223.9235
240.0 10.0 2.5 3.75 9999999983.396502
240.0 -5.0 5.0 3.75 9999999971.160501
240.0 -2.5 5.0 3.75 10000000226.6404
240.0 0.0 5.0 3.75 9999999939.2677
240.0 2.5 5.0 3.75 9999999916.5998
240.0 5.0 5.0 3.75 9999999703.496601
240.0 7.5 5.0 3.75 9999999448.300701
240.0 10.0 5.0 3.75 9999999895.0627
240.0 -2.5 -10.0 11.25 6186.082200000001
240.0 5.0 -10.0 11.25 4152.4128
240.0 10.0 -10.0 11.25 431360.34739999997
240.0 5.0 -7.5 11.25 320355203.5604
240.0 -2.5 -2.5 11.25 10000000069.8558
240.0 -5.0 0.0 11.25 9999999810.2793
240.0 -2.5 0.0 11.25 10000000079.443401
240.0 0.0 0.0 11.25 10000000128.6854
240.0 -5.0 2.5 11.25 10000000167.2714
240.0 0.0 2.5 11.25 10000000090.1634
240.0 0.0 5.0 11.25 10000000318.7014
240.0 -5.0 -10.0 12.5 7.399700000000003
240.0 -2.5 -10.0 12.5 219.80990000000003
240.0 0.0 -10.0 12.5 3707.6477
240.0 5.0 -10.0 12.5 -7.8629999999999995
240.0 7.5 -10.0 12.5 28.069200000000002
240.0 10.0 -10.0 12.5 2.2225
240.0 5.0 -7.5 12.5 69639855.23719999
240.0 7.5 -7.5 12.5 42962.847700000006
240.0 10.0 -7.5 12.5 5469.3126
240.0 2.5 -5.0 12.5 10000000041.089602
240.0 -5.0 -2.5 12.5 4247408.1135
240.0 -2.5 -2.5 12.5 10000000022.2226
240.0 0.0 -2.5 12.5 1009531426.5386
240.0 -5.0 0.0 12.5 10000000106.7761
240.0 -2.5 0.0 12.5 9999999842.5042
240.0 0.0 0.0 12.5 10000000359.793402
240.0 2.5 0.0 12.5 9999999921.3869
240.0 -5.0 2.5 12.5 2895859325.6963
240.0 0.0 2.5 12.5 10000000102.366402
240.0 0.0 5.0 12.5 9999999886.207
240.0 -2.5 -10.0 13.75 -35.226
240.0 0.0 -10.0 13.75 36.956799999999994
240.0 2.5 -10.0 13.75 -21.2059
240.0 5.0 -10.0 13.75 -10.096499999999999
240.0 7.5 -10.0 13.75 -0.8373999999999997
240.0 10.0 -10.0 13.75 -2.2633
240.0 -5.0 -7.5 13.75 152.1562
240.0 2.5 -7.5 13.75 5082.090099999999
240.0 5.0 -7.5 13.75 49118.4294
240.0 7.5 -7.5 13.75 43.2861
240.0 10.0 -7.5 13.75 80.1827
240.0 -5.0 -5.0 13.75 1762659.9135999999
240.0 -2.5 -5.0 13.75 31665883.4177
240.0 2.5 -5.0 13.75 49068874.8533
240.0 10.0 -5.0 13.75 39132.915199999996
240.0 -5.0 -2.5 13.75 11374110.9596
240.0 -2.5 -2.5 13.75 4268619596.9528
240.0 0.0 -2.5 13.75 9999999823.2527
240.0 2.5 -2.5 13.75 620783436.1776
240.0 -5.0 0.0 13.75 285271243.41190004
240.0 -2.5 0.0 13.75 1240038163.6511002
240.0 0.0 0.0 13.75 9999999887.984201
240.0 2.5 0.0 13.75 9999999872.4776
240.0 -5.0 2.5 13.75 10000000356.2586
240.0 0.0 2.5 13.75 9999999966.583601
240.0 2.5 2.5 13.75 9999999958.8216
240.0 -5.0 5.0 13.75 742322500.7006
240.0 0.0 5.0 13.75 9999999792.551401
240.0 2.5 5.0 13.75 10000000163.5571
240.0 -5.0 -10.0 15.0 -23.1357
240.0 -2.5 -10.0 15.0 -27.7536
240.0 0.0 -10.0 15.0 -24.857499999999998
240.0 2.5 -10.0 15.0 -16.5811
240.0 5.0 -10.0 15.0 -8.2065
240.0 7.5 -10.0 15.0 -3.0749
240.0 10.0 -10.0 15.0 -1.7078
240.0 -5.0 -7.5 15.0 -61.0445
240.0 -2.5 -7.5 15.0 -35.7524
240.0 0.0 -7.5 15.0 2.466799999999999
240.0 2.5 -7.5 15.0 2874.4933
240.0 5.0 -7.5 15.0 4516.4129
240.0 7.5 -7.5 15.0 188.1946
240.0 10.0 -7.5 15.0 -7.987500000000001
240.0 -5.0 -5.0 15.0 11013.4317
240.0 -2.5 -5.0 15.0 10000000368.806702
240.0 0.0 -5.0 15.0 694128315.5543
240.0 2.5 -5.0 15.0 10000000023.0926
240.0 5.0 -5.0 15.0 9999999929.946001
240.0 7.5 -5.0 15.0 9999999990.391401
240.0 10.0 -5.0 15.0 29.0931
240.0 -5.0 -2.5 15.0 558636092.8814
240.0 -2.5 -2.5 15.0 9999999971.6256
240.0 0.0 -2.5 15.0 10000000147.530602
240.0 2.5 -2.5 15.0 479177253.87090003
240.0 5.0 -2.5 15.0 9999999975.5669
240.0 7.5 -2.5 15.0 2360515683.0663
240.0 10.0 -2.5 15.0 18556787.0426
240.0 -5.0 0.0 15.0 256885719.4281
240.0 -2.5 0.0 15.0 19491609.7434
240.0 0.0 0.0 15.0 9999999999.612701
240.0 2.5 0.0 15.0 277212349.9977
240.0 5.0 0.0 15.0 9999999886.560001
240.0 10.0 0.0 15.0 9999999991.839901
240.0 -5.0 2.5 15.0 31717.938
240.0 -2.5 2.5 15.0 10000000160.9927
240.0 0.0 2.5 15.0 1337336084.4703
240.0 2.5 2.5 15.0 9999999909.833302
240.0 5.0 2.5 15.0 9999999890.4216
240.0 10.0 2.5 15.0 400177484.3743
240.0 -5.0 5.0 15.0 1338173773.5746
240.0 0.0 5.0 15.0 9999999782.1478
240.0 2.5 5.0 15.0 3241277934.9730997
240.0 5.0 5.0 15.0 10000000131.1916
240.0 -5.0 -10.0 16.25 -16.0165
240.0 -2.5 -10.0 16.25 -19.633399999999998
240.0 0.0 -10.0 16.25 -18.9877
240.0 2.5 -10.0 16.25 -13.337200000000001
240.0 5.0 -10.0 16.25 -6.8566
240.0 7.5 -10.0 16.25 -2.7873
240.0 10.0 -10.0 16.25 -1.439
240.0 -5.0 -7.5 16.25 -41.975
240.0 -2.5 -7.5 16.25 -39.9864
240.0 0.0 -7.5 16.25 -32.007200000000005
240.0 2.5 -7.5 16.25 13.730200000000004
240.0 5.0 -7.5 16.25 4140.8151
240.0 7.5 -7.5 16.25 -7.567200000000001
240.0 10.0 -7.5 16.25 -7.0414
240.0 -5.0 -5.0 16.25 1042.4284
240.0 -2.5 -5.0 16.25 182911.8059
240.0 0.0 -5.0 16.25 9999999877.621601
240.0 2.5 -5.0 16.25 962136.9902
240.0 5.0 -5.0 16.25 40563396.062599994
240.0 7.5 -5.0 16.25 3668.5048
240.0 10.0 -5.0 16.25 -17.5996
240.0 -5.0 -2.5 16.25 174172.0123
240.0 -2.5 -2.5 16.25 31456803.8631
240.0 0.0 -2.5 16.25 9999999486.587
240.0 2.5 -2.5 16.25 10000000050.246
240.0 5.0 -2.5 16.25 9999999970.991201
240.0 7.5 -2.5 16.25 94465.1816
240.0 10.0 -2.5 16.25 277385.83979999996
240.0 -5.0 0.0 16.25 10000000290.4988
240.0 -2.5 0.0 16.25 3329530806.4091
240.0 0.0 0.0 16.25 10000000068.1779
240.0 2.5 0.0 16.25 9999999990.5296
240.0 5.0 0.0 16.25 10000000070.1425
240.0 7.5 0.0 16.25 10000000312.215302
240.0 10.0 0.0 16.25 50197152.8617
240.0 -5.0 2.5 16.25 410524.10429999995
240.0 -2.5 2.5 16.25 8797036703.732801
240.0 0.0 2.5 16.25 44385581.5782
240.0 2.5 2.5 16.25 10000000266.9585
240.0 5.0 2.5 16.25 9999999875.055101
240.0 7.5 2.5 16.25 12610961.4568
240.0 10.0 2.5 16.25 209669507.5063
240.0 -5.0 5.0 16.25 10000000003.335402
240.0 -2.5 5.0 16.25 89703252.6748
240.0 0.0 5.0 16.25 159937953.25579998
240.0 2.5 5.0 16.25 4818181629.8721
240.0 5.0 5.0 16.25 9999999957.4522
240.0 7.5 5.0 16.25 452273587.535
240.0 10.0 5.0 16.25 10000000001.3448
300.0 -5.0 -10.0 3.75 10000000102.329802
300.0 -2.5 -10.0 3.75 9999999849.8015
300.0 0.0 -10.0 3.75 9999999948.836
300.0 2.5 -10.0 3.75 9999999837.6009
300.0 5.0 -10.0 3.75 10000000119.023
300.0 7.5 -10.0 3.75 5033954443.717899
300.0 10.0 -10.0 3.75 652788797.0087
300.0 -5.0 -7.5 3.75 10000000270.4402
300.0 -2.5 -7.5 3.75 10000000205.0398
300.0 0.0 -7.5 3.75 9999999978.326101
300.0 2.5 -7.5 3.75 10000000025.7609
300.0 5.0 -7.5 3.75 9999999963.561901
300.0 7.5 -7.5 3.75 9999999882.2621
300.0 10.0 -7.5 3.75 1534308792.8691
300.0 -5.0 -5.0 3.75 10000000105.5645
300.0 -2.5 -5.0 3.75 9999999818.253
300.0 0.0 -5.0 3.75 9999999992.698301
300.0 2.5 -5.0 3.75 9999999941.8467
300.0 5.0 -5.0 3.75 9999999808.5347
300.0 7.5 -5.0 3.75 10000000130.8209
300.0 10.0 -5.0 3.75 10000000025.2469
300.0 -5.0 -2.5 3.75 10000000077.2141
300.0 -2.5 -2.5 3.75 10000000363.4073
300.0 0.0 -2.5 3.75 10000000009.502
300.0 2.5 -2.5 3.75 10000000012.8798
300.0 5.0 -2.5 3.75 10000000402.3806
300.0 7.5 -2.5 3.75 9999999832.6105
300.0 10.0 -2.5 3.75 9999999959.1457
300.0 -5.0 0.0 3.75 10000000130.0314
300.0 -2.5 0.0 3.75 10000000001.958
300.0 0.0 0.0 3.75 9999999743.159101
300.0 2.5 0.0 3.75 9999999823.619701
300.0 5.0 0.0 3.75 9999999811.9696
300.0 7.5 0.0 3.75 10000000143.723501
300.0 10.0 0.0 3.75 9999999783.8638
300.0 -5.0 2.5 3.75 10000000012.016602
300.0 -2.5 2.5 3.75 9999999957.3866
300.0 0.0 2.5 3.75 10000000149.604301
300.0 2.5 2.5 3.75 10000000010.124401
300.0 5.0 2.5 3.75 9999999784.1832
300.0 7.5 2.5 3.75 10000000345.280602
300.0 10.0 2.5 3.75 10000000141.8153
300.0 -5.0 5.0 3.75 9999999882.922
300.0 -2.5 5.0 3.75 10000000139.030901
300.0 0.0 5.0 3.75 10000000061.121601
300.0 2.5 5.0 3.75 10000000179.0496
300.0 5.0 5.0 3.75 9999999938.955301
300.0 7.5 5.0 3.75 10000000860.0604
300.0 10.0 5.0 3.75 9999999868.7535
300.0 -2.5 -5.0 8.75 10000000226.301802
300.0 -5.0 5.0 8.75 9999999681.531101
300.0 -2.5 -10.0 10.0 60992220.5479
300.0 -2.5 -7.5 10.0 10000000087.0804
300.0 -2.5 -5.0 10.0 9999999981.4283
300.0 -5.0 -2.5 10.0 10000001253.398401
300.0 -2.5 2.5 10.0 9999999614.403801
300.0 -5.0 5.0 10.0 51569561.9085
300.0 -2.5 5.0 10.0 10000000076.7632
300.0 0.0 5.0 10.0 9999999771.232
300.0 -2.5 -10.0 11.25 64152449.2801
300.0 0.0 -10.0 11.25 9999999843.265701
300.0 2.5 -10.0 11.25 9999999949.8292
300.0 -2.5 -7.5 11.25 10000000099.828701
300.0 0.0 -7.5 11.25 10000000206.575
300.0 -2.5 -5.0 11.25 9999999792.566
300.0 -2.5 0.0 11.25 10000000085.4298
300.0 -5.0 2.5 11.25 10000000167.125301
300.0 -2.5 2.5 11.25 10000000567.1011
300.0 -5.0 5.0 11.25 1246577194.4762
300.0 -2.5 5.0 11.25 10000000066.0014
300.0 0.0 5.0 11.25 9999999584.8591
300.0 5.0 5.0 11.25 10000000050.135302
300.0 -2.5 -10.0 12.5 19603.823999999997
300.0 0.0 -10.0 12.5 521779476.4099
300.0 2.5 -10.0 12.5 10000000071.0231
300.0 5.0 -10.0 12.5 10000000085.6604
300.0 7.5 -10.0 12.5 1229655064.1467001
300.0 -5.0 -7.5 12.5 10000000325.7859
300.0 -2.5 -7.5 12.5 1804023602.4855
300.0 0.0 -7.5 12.5 10000000001.803202
300.0 2.5 -7.5 12.5 9999999980.428202
300.0 -5.0 -5.0 12.5 10000000011.7127
300.0 -2.5 -5.0 12.5 9999999946.449902
300.0 0.0 -5.0 12.5 10000000073.406301
300.0 -5.0 -2.5 12.5 10000000401.9339
300.0 -2.5 0.0 12.5 1260452556.9166
300.0 -5.0 2.5 12.5 9999999896.828201
300.0 -2.5 2.5 12.5 9999999995.2201
300.0 0.0 2.5 12.5 9999999918.9445
300.0 -5.0 5.0 12.5 1005590814.5961
300.0 -2.5 5.0 12.5 37603242.1876
300.0 0.0 5.0 12.5 9999999902.6693
300.0 5.0 5.0 12.5 9999999820.737902
300.0 7.5 5.0 12.5 32487691.4077
300.0 -5.0 -10.0 13.75 690.4919
300.0 -2.5 -10.0 13.75 206.9239
300.0 0.0 -10.0 13.75 6717808.483200001
300.0 2.5 -10.0 13.75 10342848.1567
300.0 5.0 -10.0 13.75 17933655.950799998
300.0 7.5 -10.0 13.75 688978028.5058999
300.0 10.0 -10.0 13.75 34.194199999999995
300.0 -5.0 -7.5 13.75 269740740.0989
300.0 -2.5 -7.5 13.75 9999999973.825901
300.0 0.0 -7.5 13.75 9999999887.611101
300.0 2.5 -7.5 13.75 235406417.5519
300.0 5.0 -7.5 13.75 9999999936.17
300.0 -5.0 -5.0 13.75 20432760.839
300.0 -2.5 -5.0 13.75 672579651.6655
300.0 0.0 -5.0 13.75 9999999897.5384
300.0 2.5 -2.5 13.75 9999999999.1756
300.0 -5.0 0.0 13.75 1470313823.2801
300.0 -2.5 0.0 13.75 10000000238.304401
300.0 -5.0 2.5 13.75 10000000198.782701
300.0 -2.5 2.5 13.75 7066042074.5161
300.0 0.0 2.5 13.75 9999999939.919601
300.0 10.0 2.5 13.75 7119881.135100001
300.0 -5.0 5.0 13.75 5653337789.753
300.0 -2.5 5.0 13.75 9999999940.2949
300.0 0.0 5.0 13.75 220416998.1629
300.0 2.5 5.0 13.75 10000000092.1453
300.0 7.5 5.0 13.75 316678724.1695
300.0 10.0 5.0 13.75 9999999981.8696
300.0 -5.0 -10.0 15.0 -46.7524
300.0 -2.5 -10.0 15.0 -46.3472
300.0 0.0 -10.0 15.0 1643.9406000000001
300.0 2.5 -10.0 15.0 19362537.0658
300.0 5.0 -10.0 15.0 85358.5791
300.0 7.5 -10.0 15.0 3566076.7709
300.0 10.0 -10.0 15.0 8.5699
300.0 -5.0 -7.5 15.0 3087.2796
300.0 -2.5 -7.5 15.0 115858.8822
300.0 0.0 -7.5 15.0 786599447.2463
300.0 2.5 -7.5 15.0 9211564.329
300.0 5.0 -7.5 15.0 50662610.2795
300.0 7.5 -7.5 15.0 3765127378.6619
300.0 10.0 -7.5 15.0 470685.813
300.0 -5.0 -5.0 15.0 5189003031.9554
300.0 -2.5 -5.0 15.0 81638948.4055
300.0 0.0 -5.0 15.0 10000000151.166302
300.0 2.5 -5.0 15.0 6627173673.1192
300.0 5.0 -5.0 15.0 9999998993.715302
300.0 7.5 -5.0 15.0 9999999969.4689
300.0 -5.0 -2.5 15.0 9999999888.7245
300.0 -2.5 -2.5 15.0 10000000015.6305
300.0 0.0 -2.5 15.0 3363670992.5839
300.0 2.5 -2.5 15.0 9999999727.7395
300.0 7.5 -2.5 15.0 12494274.274799999
300.0 -5.0 0.0 15.0 1247459687.692
300.0 -2.5 0.0 15.0 9999999655.3596
300.0 0.0 0.0 15.0 10000000032.797201
300.0 2.5 0.0 15.0 348900042.1847
300.0 5.0 0.0 15.0 10000000147.02
300.0 -5.0 2.5 15.0 10000000056.769201
300.0 -2.5 2.5 15.0 9999999736.6756
300.0 0.0 2.5 15.0 10000000093.675901
300.0 2.5 2.5 15.0 10000000044.1334
300.0 5.0 2.5 15.0 888180510.4011
300.0 7.5 2.5 15.0 177212526.069
300.0 10.0 2.5 15.0 16046300.6365
300.0 -5.0 5.0 15.0 9999999847.2152
300.0 -2.5 5.0 15.0 10000000065.172201
300.0 0.0 5.0 15.0 656007790.3899
300.0 2.5 5.0 15.0 9999999724.3103
300.0 5.0 5.0 15.0 9999999693.5158
300.0 7.5 5.0 15.0 4854017.6695
300.0 10.0 5.0 15.0 344314718.37380004
300.0 -5.0 -10.0 16.25 -34.8773
300.0 -2.5 -10.0 16.25 -38.508700000000005
300.0 0.0 -10.0 16.25 18.8442
300.0 2.5 -10.0 16.25 21628.0967
300.0 5.0 -10.0 16.25 65884.62419999999
300.0 7.5 -10.0 16.25 126046.8714
300.0 10.0 -10.0 16.25 -5.3152
300.0 -5.0 -7.5 16.25 -26.782600000000002
300.0 -2.5 -7.5 16.25 358498.4716
300.0 0.0 -7.5 16.25 1088197.5648
300.0 2.5 -7.5 16.25 109008224.7912
300.0 5.0 -7.5 16.25 46950527.0943
300.0 7.5 -7.5 16.25 72003705.6731
300.0 10.0 -7.5 16.25 13094.0363
300.0 -5.0 -5.0 16.25 37095.772899999996
300.0 -2.5 -5.0 16.25 9999999978.3435
300.0 0.0 -5.0 16.25 4430491.0949
300.0 2.5 -5.0 16.25 33432821.2882
300.0 5.0 -5.0 16.25 9821293417.5529
300.0 7.5 -5.0 16.25 31627659.1508
300.0 10.0 -5.0 16.25 10.624400000000001
300.0 -5.0 -2.5 16.25 1219792964.3765001
300.0 -2.5 -2.5 16.25 10000000054.887701
300.0 0.0 -2.5 16.25 9999999823.5666
300.0 2.5 -2.5 16.25 3502257546.6382
300.0 5.0 -2.5 16.25 9999999879.4606
300.0 7.5 -2.5 16.25 4305176.0512
300.0 10.0 -2.5 16.25 -26.7978
300.0 -5.0 0.0 16.25 10000000223.997501
300.0 -2.5 0.0 16.25 10000000309.5737
300.0 0.0 0.0 16.25 9999999998.944601
300.0 2.5 0.0 16.25 1262008890.8068
300.0 5.0 0.0 16.25 9999999823.172901
300.0 10.0 0.0 16.25 1092707.7811
300.0 -5.0 2.5 16.25 6466132247.1449995
300.0 -2.5 2.5 16.25 10000000019.1093
300.0 0.0 2.5 16.25 7291919651.7875
300.0 2.5 2.5 16.25 43445041.5204
300.0 5.0 2.5 16.25 930606822.8984001
300.0 7.5 2.5 16.25 2828570.165
300.0 10.0 2.5 16.25 22708.1269
300.0 -5.0 5.0 16.25 7571455.755299999
300.0 -2.5 5.0 16.25 10000000193.6856
300.0 0.0 5.0 16.25 10000000165.053701
300.0 2.5 5.0 16.25 10000000066.101301
300.0 5.0 5.0 16.25 104914435.5588
300.0 7.5 5.0 16.25 9999999896.4326
300.0 10.0 5.0 16.25 25178297.664699998
