0.0 0.0 2.5 5.0 1225940.7765
0.0 2.5 2.5 5.0 10000000275.405201
0.0 0.0 5.0 5.0 9999999997.144701
0.0 2.5 0.0 6.25 8389241084.2346
0.0 0.0 2.5 6.25 12022096.8585
0.0 0.0 5.0 6.25 9999999479.382801
0.0 0.0 0.0 7.5 7687.2356
0.0 2.5 0.0 7.5 10000000002.6723
0.0 0.0 2.5 7.5 514356.2331
0.0 0.0 5.0 7.5 67874249.3803
0.0 0.0 -5.0 8.75 92.48219999999999
0.0 5.0 -5.0 8.75 633.8043
0.0 -2.5 -2.5 8.75 10.0708
0.0 0.0 -2.5 8.75 99.03049999999999
0.0 -2.5 0.0 8.75 57.5129
0.0 0.0 0.0 8.75 20243.830800000003
0.0 2.5 0.0 8.75 296446.7846
0.0 0.0 2.5 8.75 4767.534000000001
0.0 2.5 2.5 8.75 52052819.912200004
0.0 0.0 5.0 8.75 24750.1904
0.0 2.5 5.0 8.75 10000000248.6713
0.0 5.0 -7.5 10.0 14.5156
0.0 7.5 -7.5 10.0 6.8651
0.0 -2.5 -5.0 10.0 3.3194
0.0 0.0 -5.0 10.0 2.3855
0.0 2.5 -5.0 10.0 97.88419999999999
0.0 5.0 -5.0 10.0 -0.9215999999999998
0.0 7.5 -5.0 10.0 2406.4098999999997
0.0 -2.5 -2.5 10.0 14.3107
0.0 0.0 -2.5 10.0 6.6268
0.0 2.5 -2.5 10.0 3.0959000000000003
0.0 5.0 -2.5 10.0 1357.3838
0.0 -2.5 0.0 10.0 41.763400000000004
0.0 0.0 0.0 10.0 45.815599999999996
0.0 2.5 0.0 10.0 270.0277
0.0 0.0 2.5 10.0 328.22249999999997
0.0 2.5 2.5 10.0 20201.0557
0.0 0.0 5.0 10.0 518707.5872
0.0 2.5 5.0 10.0 134481319.2108
0.0 2.5 -10.0 11.25 0.5333999999999999
0.0 5.0 -10.0 11.25 -0.7765
0.0 10.0 -10.0 11.25 -6.9151
0.0 2.5 -7.5 11.25 2.7211999999999996
0.0 5.0 -7.5 11.25 1.1910999999999996
0.0 7.5 -7.5 11.25 -7.6035
0.0 0.0 -5.0 11.25 2.9750999999999994
0.0 2.5 -5.0 11.25 2.8171999999999997
0.0 5.0 -5.0 11.25 0.9558999999999997
0.0 -5.0 -2.5 11.25 13.5487
0.0 -2.5 -2.5 11.25 14.493099999999998
0.0 0.0 -2.5 11.25 10.0047
0.0 2.5 -2.5 11.25 6.6448
0.0 5.0 -2.5 11.25 12.116100000000001
0.0 -5.0 0.0 11.25 27.162100000000002
0.0 -2.5 0.0 11.25 30.4908
0.0 0.0 0.0 11.25 25.872500000000002
0.0 2.5 0.0 11.25 24.4831
0.0 0.0 2.5 11.25 31.314400000000003
0.0 2.5 2.5 11.25 11632.893199999999
0.0 0.0 5.0 11.25 12497178.9913
0.0 2.5 5.0 11.25 595477.4432
0.0 -2.5 -10.0 12.5 0.6688000000000001
0.0 2.5 -10.0 12.5 0.6293
0.0 5.0 -10.0 12.5 -0.07020000000000004
0.0 7.5 -10.0 12.5 -3.081
0.0 10.0 -10.0 12.5 -3.3504
0.0 -5.0 -7.5 12.5 0.8221
0.0 0.0 -7.5 12.5 1.835
0.0 2.5 -7.5 12.5 2.7580999999999998
0.0 5.0 -7.5 12.5 1.8135
0.0 7.5 -7.5 12.5 -4.9376
0.0 10.0 -7.5 12.5 923.5601
0.0 -2.5 -5.0 12.5 3.7721
0.0 0.0 -5.0 12.5 3.5918
0.0 2.5 -5.0 12.5 3.2462
0.0 5.0 -5.0 12.5 3.1171999999999995
0.0 -2.5 -2.5 12.5 11.4436
0.0 0.0 -2.5 12.5 9.7166
0.0 2.5 -2.5 12.5 8.237
0.0 5.0 -2.5 12.5 8.4065
0.0 -5.0 0.0 12.5 18.3142
0.0 -2.5 0.0 12.5 20.4106
0.0 0.0 0.0 12.5 17.2704
0.0 2.5 0.0 12.5 14.630200000000002
0.0 5.0 0.0 12.5 25.192500000000003
0.0 -2.5 2.5 12.5 13.7268
0.0 0.0 2.5 12.5 9.545200000000001
0.0 2.5 2.5 12.5 308171.5258
0.0 7.5 2.5 12.5 115859.1116
0.0 0.0 5.0 12.5 26.7102
0.0 2.5 5.0 12.5 32396719.126999997
0.0 5.0 5.0 12.5 2112000.6677
0.0 -2.5 -10.0 13.75 0.8124
0.0 0.0 -10.0 13.75 0.8410000000000001
0.0 2.5 -10.0 13.75 0.844
0.0 5.0 -10.0 13.75 -0.08330000000000001
0.0 7.5 -10.0 13.75 -0.8961
0.0 10.0 -10.0 13.75 -0.46419999999999995
0.0 -5.0 -7.5 13.75 0.1903
0.0 -2.5 -7.5 13.75 0.6418999999999999
0.0 0.0 -7.5 13.75 1.0342
0.0 2.5 -7.5 13.75 2.2981
0.0 5.0 -7.5 13.75 2.0846999999999998
0.0 7.5 -7.5 13.75 -2.2639
0.0 10.0 -7.5 13.75 193.5359
0.0 -2.5 -5.0 13.75 2.7466000000000004
0.0 0.0 -5.0 13.75 2.9218
0.0 2.5 -5.0 13.75 2.4972
0.0 5.0 -5.0 13.75 3.1098999999999997
0.0 7.5 -5.0 13.75 22.2287
0.0 -5.0 -2.5 13.75 8.1869
0.0 -2.5 -2.5 13.75 7.8174
0.0 0.0 -2.5 13.75 7.077
0.0 2.5 -2.5 13.75 6.2377
0.0 5.0 -2.5 13.75 5.918799999999999
0.0 7.5 -2.5 13.75 62.8915
0.0 -5.0 0.0 13.75 10.914000000000001
0.0 -2.5 0.0 13.75 11.7487
0.0 0.0 0.0 13.75 10.157499999999999
0.0 2.5 0.0 13.75 7.7473
0.0 5.0 0.0 13.75 4.733299999999999
0.0 7.5 0.0 13.75 1211.111
0.0 10.0 0.0 13.75 383365.58680000005
0.0 -5.0 2.5 13.75 5.7856
0.0 -2.5 2.5 13.75 5.4281999999999995
0.0 0.0 2.5 13.75 -0.7983000000000002
0.0 2.5 2.5 13.75 374167.9198
0.0 5.0 2.5 13.75 415.1936
0.0 7.5 2.5 13.75 901.8281000000001
0.0 -2.5 5.0 13.75 -17.4111
0.0 0.0 5.0 13.75 -26.7099
0.0 2.5 5.0 13.75 262756.2639
0.0 5.0 5.0 13.75 50038742.1901
0.0 7.5 5.0 13.75 3402029.0766999996
0.0 10.0 5.0 13.75 1958704857.3130002
0.0 -5.0 -10.0 15.0 0.0628
0.0 -2.5 -10.0 15.0 0.45699999999999996
0.0 0.0 -10.0 15.0 0.295
0.0 2.5 -10.0 15.0 0.29309999999999997
0.0 5.0 -10.0 15.0 0.169
0.0 7.5 -10.0 15.0 0.2253
0.0 10.0 -10.0 15.0 0.08320000000000005
0.0 -5.0 -7.5 15.0 0.1099
0.0 -2.5 -7.5 15.0 0.004200000000000001
0.0 0.0 -7.5 15.0 0.5966
0.0 2.5 -7.5 15.0 0.9497
0.0 5.0 -7.5 15.0 0.10160000000000002
0.0 7.5 -7.5 15.0 -0.807
0.0 10.0 -7.5 15.0 0.8089000000000001
0.0 -5.0 -5.0 15.0 1.2318
0.0 -2.5 -5.0 15.0 1.1787
0.0 0.0 -5.0 15.0 1.3514
0.0 2.5 -5.0 15.0 1.5917999999999999
0.0 5.0 -5.0 15.0 1.004
0.0 7.5 -5.0 15.0 -0.44689999999999985
0.0 10.0 -5.0 15.0 43.0279
0.0 -5.0 -2.5 15.0 4.7097999999999995
0.0 -2.5 -2.5 15.0 4.8845
0.0 0.0 -2.5 15.0 4.2905999999999995
0.0 2.5 -2.5 15.0 2.9332
0.0 5.0 -2.5 15.0 3.5687
0.0 7.5 -2.5 15.0 1.2681999999999998
0.0 10.0 -2.5 15.0 18.7088
0.0 -5.0 0.0 15.0 6.574000000000001
0.0 -2.5 0.0 15.0 6.792
0.0 0.0 0.0 15.0 4.8279
0.0 2.5 0.0 15.0 3.1879000000000004
0.0 5.0 0.0 15.0 2.3775000000000004
0.0 7.5 0.0 15.0 0.19930000000000003
0.0 10.0 0.0 15.0 222.3525
0.0 -5.0 2.5 15.0 1.8839000000000001
0.0 -2.5 2.5 15.0 -0.13959999999999995
0.0 0.0 2.5 15.0 -4.3392
0.0 2.5 2.5 15.0 58.9559
0.0 5.0 2.5 15.0 6.1482
0.0 7.5 2.5 15.0 26.4303
0.0 10.0 2.5 15.0 631.1485
0.0 -5.0 5.0 15.0 -11.3038
0.0 -2.5 5.0 15.0 -16.674300000000002
0.0 0.0 5.0 15.0 -18.9629
0.0 2.5 5.0 15.0 12104.988800000001
0.0 5.0 5.0 15.0 290750.2724
0.0 7.5 5.0 15.0 320311.7396
0.0 10.0 5.0 15.0 640660.0311
0.0 -5.0 -10.0 16.25 -0.0079
0.0 -2.5 -10.0 16.25 0.2154
0.0 0.0 -10.0 16.25 0.4247
0.0 2.5 -10.0 16.25 -0.0167
0.0 5.0 -10.0 16.25 -0.033600000000000005
0.0 7.5 -10.0 16.25 0.1257
0.0 10.0 -10.0 16.25 0.3779
0.0 -5.0 -7.5 16.25 -0.0487
0.0 -2.5 -7.5 16.25 0.016300000000000002
0.0 0.0 -7.5 16.25 -0.0151
0.0 2.5 -7.5 16.25 0.2898
0.0 5.0 -7.5 16.25 0.3207
0.0 7.5 -7.5 16.25 -0.18159999999999998
0.0 10.0 -7.5 16.25 -1.4758
0.0 -5.0 -5.0 16.25 0.06749999999999999
0.0 -2.5 -5.0 16.25 -0.33080000000000004
0.0 0.0 -5.0 16.25 -0.269
0.0 2.5 -5.0 16.25 0.1135
0.0 5.0 -5.0 16.25 0.41769999999999996
0.0 7.5 -5.0 16.25 -0.8951
0.0 10.0 -5.0 16.25 -2.3695
0.0 -5.0 -2.5 16.25 2.0971
0.0 -2.5 -2.5 16.25 2.0883000000000003
0.0 0.0 -2.5 16.25 0.9952000000000001
0.0 2.5 -2.5 16.25 0.6252
0.0 5.0 -2.5 16.25 0.7064
0.0 7.5 -2.5 16.25 0.04090000000000016
0.0 10.0 -2.5 16.25 -2.6839
0.0 -5.0 0.0 16.25 3.3899
0.0 -2.5 0.0 16.25 2.3655000000000004
0.0 0.0 0.0 16.25 1.3226
0.0 2.5 0.0 16.25 -0.4781000000000001
0.0 5.0 0.0 16.25 -0.8312
0.0 7.5 0.0 16.25 -2.1034
0.0 10.0 0.0 16.25 -4.4198
0.0 -5.0 2.5 16.25 -0.39339999999999997
0.0 -2.5 2.5 16.25 -2.3138
0.0 0.0 2.5 16.25 -5.5365
0.0 2.5 2.5 16.25 -9.0659
0.0 5.0 2.5 16.25 -9.7092
0.0 7.5 2.5 16.25 -8.8196
0.0 10.0 2.5 16.25 -6.3247
0.0 -5.0 5.0 16.25 -8.976199999999999
0.0 -2.5 5.0 16.25 -13.6109
0.0 0.0 5.0 16.25 -16.9724
0.0 2.5 5.0 16.25 2673.0952
0.0 5.0 5.0 16.25 28930.7619
0.0 7.5 5.0 16.25 11761.456100000001
0.0 10.0 5.0 16.25 165.1941
60.0 -5.0 -10.0 3.75 -10.7607
60.0 -2.5 -10.0 3.75 -20.6174
60.0 0.0 -10.0 3.75 -29.2441
60.0 2.5 -10.0 3.75 272.6727
60.0 5.0 -10.0 3.75 46714.8536
60.0 7.5 -10.0 3.75 698833797.5952
60.0 10.0 -10.0 3.75 954007344.6985999
60.0 -5.0 -7.5 3.75 -15.796800000000001
60.0 -2.5 -7.5 3.75 -26.936300000000003
60.0 0.0 -7.5 3.75 55993.848300000005
60.0 2.5 -7.5 3.75 130059795.2734
60.0 5.0 -7.5 3.75 271635630.6409
60.0 7.5 -7.5 3.75 10000000020.8306
60.0 10.0 -7.5 3.75 10000000043.0538
60.0 -5.0 -5.0 3.75 -12.634699999999999
60.0 -2.5 -5.0 3.75 -19.8761
60.0 0.0 -5.0 3.75 29720.904
60.0 2.5 -5.0 3.75 4291559.9723
60.0 5.0 -5.0 3.75 10000000023.5921
60.0 7.5 -5.0 3.75 9999999879.9498
60.0 10.0 -5.0 3.75 9999999868.7754
60.0 -5.0 -2.5 3.75 -3.6390000000000002
60.0 -2.5 -2.5 3.75 202492.66259999998
60.0 0.0 -2.5 3.75 222491958.7922
60.0 2.5 -2.5 3.75 1973269566.8299
60.0 5.0 -2.5 3.75 9999999941.6867
60.0 7.5 -2.5 3.75 10000000076.817701
60.0 10.0 -2.5 3.75 9999999932.1427
60.0 -5.0 0.0 3.75 53.2046
60.0 -2.5 0.0 3.75 2106.9644
60.0 0.0 0.0 3.75 132420756.5549
60.0 2.5 0.0 3.75 488748159.9926
60.0 5.0 0.0 3.75 9999999993.7672
60.0 7.5 0.0 3.75 9999999950.297901
60.0 10.0 0.0 3.75 10000000005.2808
60.0 -5.0 2.5 3.75 128.7343
60.0 -2.5 2.5 3.75 84391222.7898
60.0 0.0 2.5 3.75 6992071350.052099
60.0 2.5 2.5 3.75 10000000177.9263
60.0 5.0 2.5 3.75 10000000118.7791
60.0 7.5 2.5 3.75 9999999823.5564
60.0 10.0 2.5 3.75 9999999784.7252
60.0 -5.0 5.0 3.75 20.8014
60.0 -2.5 5.0 3.75 262746.2098
60.0 0.0 5.0 3.75 762630465.9093
60.0 2.5 5.0 3.75 10000000259.904701
60.0 5.0 5.0 3.75 9999999852.0667
60.0 7.5 5.0 3.75 10000000243.9368
60.0 10.0 5.0 3.75 10000000101.8903
60.0 0.0 -2.5 6.25 8182.7329
60.0 0.0 2.5 6.25 101604800.4299
60.0 5.0 -7.5 7.5 5977.0358
60.0 0.0 -5.0 7.5 20.484099999999998
60.0 0.0 -2.5 7.5 5753.2761
60.0 -2.5 0.0 7.5 24.0995
60.0 0.0 0.0 7.5 765302055.0199001
60.0 -2.5 2.5 7.5 34.5726
60.0 0.0 2.5 7.5 121530.2448
60.0 0.0 -7.5 8.75 8.0618
60.0 0.0 -5.0 8.75 30.3159
60.0 2.5 -5.0 8.75 651.3122999999999
60.0 0.0 -2.5 8.75 27742.939
60.0 -2.5 0.0 8.75 14.5534
60.0 0.0 0.0 8.75 247.8621
60.0 -2.5 2.5 8.75 41.9946
60.0 0.0 2.5 8.75 46859745.438599996
60.0 2.5 2.5 8.75 957348481.4404999
60.0 -5.0 5.0 8.75 0.19399999999999995
60.0 -2.5 5.0 8.75 239062.9128
60.0 0.0 5.0 8.75 9999999832.1221
60.0 0.0 -10.0 10.0 2.8045
60.0 0.0 -7.5 10.0 10.911200000000001
60.0 2.5 -7.5 10.0 11.074
60.0 5.0 -7.5 10.0 14.0642
60.0 0.0 -5.0 10.0 28.8294
60.0 2.5 -5.0 10.0 199.7733
60.0 0.0 -2.5 10.0 104.128
60.0 -2.5 0.0 10.0 5.0790999999999995
60.0 0.0 0.0 10.0 13436.1049
60.0 -5.0 2.5 10.0 -4.9427
60.0 -2.5 2.5 10.0 542.9447
60.0 0.0 2.5 10.0 1863919.5591
60.0 2.5 2.5 10.0 10000000126.9099
60.0 -2.5 5.0 10.0 1957084712.91
60.0 0.0 5.0 10.0 9999999927.636702
60.0 2.5 5.0 10.0 799215778.9264001
60.0 0.0 -10.0 11.25 3.0646999999999998
60.0 7.5 -10.0 11.25 5.0212
60.0 10.0 -10.0 11.25 7.521699999999999
60.0 -2.5 -7.5 11.25 6.846
60.0 0.0 -7.5 11.25 10.275
60.0 2.5 -7.5 11.25 12.988499999999998
60.0 5.0 -7.5 11.25 11.4833
60.0 7.5 -7.5 11.25 22.183999999999997
60.0 10.0 -7.5 11.25 110.2743
60.0 0.0 -5.0 11.25 21.5794
60.0 2.5 -5.0 11.25 33.219
60.0 0.0 -2.5 11.25 24.0342
60.0 -2.5 0.0 11.25 -0.5377000000000001
60.0 0.0 0.0 11.25 15360.4049
60.0 2.5 0.0 11.25 2117278.4529
60.0 -5.0 2.5 11.25 -8.2879
60.0 -2.5 2.5 11.25 66.5188
60.0 0.0 2.5 11.25 532.8326999999999
60.0 2.5 2.5 11.25 561530914.2424
60.0 -5.0 5.0 11.25 36.0872
60.0 -2.5 5.0 11.25 109819647.8469
60.0 0.0 5.0 11.25 1627040069.5493
60.0 2.5 5.0 11.25 9999999819.6977
60.0 5.0 5.0 11.25 9999999856.242401
60.0 0.0 -10.0 12.5 2.889
60.0 2.5 -10.0 12.5 4.3309
60.0 5.0 -10.0 12.5 5.6652
60.0 7.5 -10.0 12.5 6.000800000000001
60.0 10.0 -10.0 12.5 6.1457999999999995
60.0 -2.5 -7.5 12.5 5.0825000000000005
60.0 0.0 -7.5 12.5 8.408000000000001
60.0 2.5 -7.5 12.5 9.8461
60.0 5.0 -7.5 12.5 9.9393
60.0 7.5 -7.5 12.5 10.5099
60.0 10.0 -7.5 12.5 5.430999999999999
60.0 -5.0 -5.0 12.5 4.0671
60.0 -2.5 -5.0 12.5 10.0908
60.0 0.0 -5.0 12.5 15.485
60.0 2.5 -5.0 12.5 16.163700000000002
60.0 -2.5 -2.5 12.5 8.8818
60.0 0.0 -2.5 12.5 12.2181
60.0 5.0 -2.5 12.5 362.9344
60.0 -5.0 0.0 12.5 -1.9458
60.0 -2.5 0.0 12.5 -3.4261
60.0 0.0 0.0 12.5 34.7318
60.0 2.5 0.0 12.5 2061.0076
60.0 -5.0 2.5 12.5 -8.8671
60.0 -2.5 2.5 12.5 -19.839000000000002
60.0 0.0 2.5 12.5 16.3774
60.0 2.5 2.5 12.5 14830.3475
60.0 -5.0 5.0 12.5 -10.5375
60.0 -2.5 5.0 12.5 240806.5547
60.0 0.0 5.0 12.5 383249.8775
60.0 2.5 5.0 12.5 9999999901.5772
60.0 5.0 5.0 12.5 676235554.9342
60.0 -2.5 -10.0 13.75 1.0951
60.0 0.0 -10.0 13.75 2.1067
60.0 2.5 -10.0 13.75 2.5766999999999998
60.0 5.0 -10.0 13.75 3.8423000000000003
60.0 7.5 -10.0 13.75 4.5183
60.0 10.0 -10.0 13.75 5.4883
60.0 -2.5 -7.5 13.75 3.6896
60.0 0.0 -7.5 13.75 6.3687000000000005
60.0 2.5 -7.5 13.75 6.8906
60.0 5.0 -7.5 13.75 7.740200000000001
60.0 7.5 -7.5 13.75 7.7328
60.0 10.0 -7.5 13.75 5.534800000000001
60.0 -5.0 -5.0 13.75 2.3875
60.0 -2.5 -5.0 13.75 6.4133000000000004
60.0 0.0 -5.0 13.75 10.147
60.0 2.5 -5.0 13.75 9.567599999999999
60.0 5.0 -5.0 13.75 9.9384
60.0 7.5 -5.0 13.75 30.045
60.0 10.0 -5.0 13.75 209.501
60.0 -5.0 -2.5 13.75 1.7447000000000001
60.0 -2.5 -2.5 13.75 5.0314
60.0 0.0 -2.5 13.75 6.944100000000001
60.0 2.5 -2.5 13.75 4.8826
60.0 5.0 -2.5 13.75 -5.6431
60.0 7.5 -2.5 13.75 40.2775
60.0 -5.0 0.0 13.75 -2.4781
60.0 -2.5 0.0 13.75 -3.9772999999999996
60.0 0.0 0.0 13.75 -7.7544
60.0 2.5 0.0 13.75 -15.984300000000001
60.0 5.0 0.0 13.75 -34.803399999999996
60.0 -5.0 2.5 13.75 -7.4421
60.0 -2.5 2.5 13.75 -16.1417
60.0 0.0 2.5 13.75 -26.7191
60.0 2.5 2.5 13.75 -32.83840000000001
60.0 -5.0 5.0 13.75 -11.1482
60.0 -2.5 5.0 13.75 -0.15230000000000032
60.0 0.0 5.0 13.75 480.8876
60.0 2.5 5.0 13.75 11105.242100000001
60.0 5.0 5.0 13.75 2896908.3057
60.0 -5.0 -10.0 15.0 0.0178
60.0 -2.5 -10.0 15.0 0.4377
60.0 0.0 -10.0 15.0 0.8804000000000001
60.0 2.5 -10.0 15.0 1.1569
60.0 5.0 -10.0 15.0 1.7414
60.0 7.5 -10.0 15.0 2.7782
60.0 10.0 -10.0 15.0 3.6670999999999996
60.0 -5.0 -7.5 15.0 0.74
60.0 -2.5 -7.5 15.0 2.0843000000000003
60.0 0.0 -7.5 15.0 3.8937999999999997
60.0 2.5 -7.5 15.0 4.1056
60.0 5.0 -7.5 15.0 5.0374
60.0 7.5 -7.5 15.0 4.5549
60.0 10.0 -7.5 15.0 4.498200000000001
60.0 -5.0 -5.0 15.0 0.9846
60.0 -2.5 -5.0 15.0 3.4344
60.0 0.0 -5.0 15.0 5.6907
60.0 2.5 -5.0 15.0 5.7847
60.0 5.0 -5.0 15.0 3.4599999999999995
60.0 7.5 -5.0 15.0 3.9011
60.0 10.0 -5.0 15.0 1.6954999999999996
60.0 -5.0 -2.5 15.0 0.5998
60.0 -2.5 -2.5 15.0 2.4762
60.0 0.0 -2.5 15.0 3.3864
60.0 2.5 -2.5 15.0 0.23299999999999987
60.0 5.0 -2.5 15.0 -6.114599999999999
60.0 7.5 -2.5 15.0 -9.8403
60.0 10.0 -2.5 15.0 4.735399999999999
60.0 -5.0 0.0 15.0 -2.4617
60.0 -2.5 0.0 15.0 -4.0876
60.0 0.0 0.0 15.0 -8.1596
60.0 2.5 0.0 15.0 -16.2551
60.0 5.0 0.0 15.0 -27.389
60.0 7.5 0.0 15.0 -18.9902
60.0 10.0 0.0 15.0 -10.7009
60.0 -5.0 2.5 15.0 -6.3912
60.0 -2.5 2.5 15.0 -13.0293
60.0 0.0 2.5 15.0 -22.9982
60.0 2.5 2.5 15.0 -39.423500000000004
60.0 5.0 2.5 15.0 -48.29559999999999
60.0 7.5 2.5 15.0 -37.8668
60.0 10.0 2.5 15.0 0.7664999999999971
60.0 -5.0 5.0 15.0 -8.2469
60.0 -2.5 5.0 15.0 -21.269199999999998
60.0 0.0 5.0 15.0 -35.3333
60.0 2.5 5.0 15.0 -42.9247
60.0 5.0 5.0 15.0 221.34670000000003
60.0 -5.0 -10.0 16.25 0.0
60.0 -2.5 -10.0 16.25 0.0239
60.0 0.0 -10.0 16.25 0.3087
60.0 2.5 -10.0 16.25 0.21689999999999998
60.0 5.0 -10.0 16.25 0.5911
60.0 7.5 -10.0 16.25 1.1815
60.0 10.0 -10.0 16.25 2.2779
60.0 -5.0 -7.5 16.25 0.11979999999999999
60.0 -2.5 -7.5 16.25 1.0908
60.0 0.0 -7.5 16.25 1.9049
60.0 2.5 -7.5 16.25 1.9250999999999998
60.0 5.0 -7.5 16.25 1.7086999999999999
60.0 7.5 -7.5 16.25 2.6968
60.0 10.0 -7.5 16.25 2.7943000000000002
60.0 -5.0 -5.0 16.25 0.34140000000000004
60.0 -2.5 -5.0 16.25 1.5391
60.0 0.0 -5.0 16.25 3.3386
60.0 2.5 -5.0 16.25 2.3337
60.0 5.0 -5.0 16.25 1.5554999999999999
60.0 7.5 -5.0 16.25 1.0133999999999999
60.0 10.0 -5.0 16.25 0.6326000000000003
60.0 -5.0 -2.5 16.25 -0.0778
60.0 -2.5 -2.5 16.25 0.7555999999999999
60.0 0.0 -2.5 16.25 0.7996
60.0 2.5 -2.5 16.25 -0.5116999999999999
60.0 5.0 -2.5 16.25 -4.5538
60.0 7.5 -2.5 16.25 -6.786200000000001
60.0 10.0 -2.5 16.25 -5.747199999999999
60.0 -5.0 0.0 16.25 -2.1113
60.0 -2.5 0.0 16.25 -3.8771000000000004
60.0 0.0 0.0 16.25 -7.2825999999999995
60.0 2.5 0.0 16.25 -12.644300000000001
60.0 5.0 0.0 16.25 -18.2226
60.0 7.5 0.0 16.25 -18.9136
60.0 10.0 0.0 16.25 -14.723600000000001
60.0 -5.0 2.5 16.25 -4.7416
60.0 -2.5 2.5 16.25 -9.899600000000001
60.0 0.0 2.5 16.25 -18.120800000000003
60.0 2.5 2.5 16.25 -27.6509
60.0 5.0 2.5 16.25 -34.6869
60.0 7.5 2.5 16.25 -29.375300000000003
60.0 10.0 2.5 16.25 -22.1833
60.0 -5.0 5.0 16.25 -5.5399
60.0 -2.5 5.0 16.25 -14.333599999999999
60.0 0.0 5.0 16.25 -27.754099999999998
60.0 2.5 5.0 16.25 -40.6926
60.0 5.0 5.0 16.25 -43.235899999999994
60.0 7.5 5.0 16.25 -24.6816
60.0 10.0 5.0 16.25 67.6678
120.0 -5.0 -10.0 3.75 -1.5636
120.0 -2.5 -10.0 3.75 -5.3649
120.0 0.0 -10.0 3.75 -11.1465
120.0 2.5 -10.0 3.75 2353.2225000000003
120.0 5.0 -10.0 3.75 13760438.3217
120.0 7.5 -10.0 3.75 1969998520.2186
120.0 10.0 -10.0 3.75 9999999997.065401
120.0 -5.0 -7.5 3.75 -2.1259
120.0 -2.5 -7.5 3.75 -6.1657
120.0 0.0 -7.5 3.75 15.218499999999999
120.0 2.5 -7.5 3.75 9459921464.4329
120.0 5.0 -7.5 3.75 10000000010.387901
120.0 7.5 -7.5 3.75 1525743508.002
120.0 10.0 -7.5 3.75 10000000001.644701
120.0 -5.0 -5.0 3.75 -5.5736
120.0 -2.5 -5.0 3.75 1940516.5136
120.0 0.0 -5.0 3.75 249095.217
120.0 2.5 -5.0 3.75 10000000086.049002
120.0 5.0 -5.0 3.75 337317307.03510004
120.0 7.5 -5.0 3.75 9999999923.723701
120.0 10.0 -5.0 3.75 10000000022.043001
120.0 -5.0 -2.5 3.75 -11.748300000000002
120.0 -2.5 -2.5 3.75 1421.9606999999999
120.0 0.0 -2.5 3.75 1059556.7988
120.0 2.5 -2.5 3.75 10000000092.773401
120.0 5.0 -2.5 3.75 9999999937.558802
120.0 7.5 -2.5 3.75 7177697444.7358
120.0 10.0 -2.5 3.75 9999999840.1081
120.0 -5.0 0.0 3.75 214.7087
120.0 -2.5 0.0 3.75 584.9399
120.0 0.0 0.0 3.75 64028.8292
120.0 2.5 0.0 3.75 5566725080.159
120.0 5.0 0.0 3.75 9999999924.8239
120.0 7.5 0.0 3.75 10000000113.125101
120.0 10.0 0.0 3.75 10000000012.0394
120.0 -5.0 2.5 3.75 9.899
120.0 -2.5 2.5 3.75 13.9645
120.0 0.0 2.5 3.75 17964519.6062
120.0 2.5 2.5 3.75 9999999710.300901
120.0 5.0 2.5 3.75 10000000075.974901
120.0 7.5 2.5 3.75 10000000188.377901
120.0 10.0 2.5 3.75 10000000026.162802
120.0 -5.0 5.0 3.75 29.7277
120.0 -2.5 5.0 3.75 371083098.6185
120.0 0.0 5.0 3.75 8782.956100000001
120.0 2.5 5.0 3.75 10000000123.441
120.0 5.0 5.0 3.75 10000000121.5967
120.0 7.5 5.0 3.75 10000000178.0123
120.0 10.0 5.0 3.75 10000000026.6331
120.0 -2.5 0.0 5.0 151.9728
120.0 -2.5 2.5 5.0 19.822000000000003
120.0 0.0 -2.5 6.25 7168.6209
120.0 -2.5 0.0 6.25 14.0076
120.0 -2.5 2.5 6.25 20.963700000000003
120.0 -2.5 5.0 6.25 4238.0416000000005
120.0 0.0 -7.5 7.5 3.2702
120.0 -2.5 -5.0 7.5 3.2913000000000006
120.0 0.0 -5.0 7.5 93.53500000000001
120.0 -2.5 -2.5 7.5 5.5221
120.0 0.0 -2.5 7.5 70.0399
120.0 -2.5 0.0 7.5 9.5784
120.0 -2.5 2.5 7.5 19.1875
120.0 0.0 2.5 7.5 23313.6272
120.0 -2.5 5.0 7.5 4434.2219000000005
120.0 0.0 -7.5 8.75 2.1569000000000003
120.0 -2.5 -5.0 8.75 3.9375000000000004
120.0 0.0 -5.0 8.75 3.4475
120.0 2.5 -5.0 8.75 80.8553
120.0 -2.5 -2.5 8.75 5.675
120.0 0.0 -2.5 8.75 2.2871999999999995
120.0 -2.5 0.0 8.75 7.781700000000001
120.0 0.0 0.0 8.75 841.4602
120.0 -2.5 2.5 8.75 32.193599999999996
120.0 0.0 2.5 8.75 3208116.6119
120.0 -5.0 5.0 8.75 27.6499
120.0 -2.5 5.0 8.75 3466594.5767
120.0 0.0 -7.5 10.0 0.645
120.0 2.5 -7.5 10.0 -3.8534
120.0 -2.5 -5.0 10.0 2.3605
120.0 0.0 -5.0 10.0 2.6216
120.0 2.5 -5.0 10.0 64.6748
120.0 -2.5 -2.5 10.0 3.8558999999999997
120.0 0.0 -2.5 10.0 7.9504
120.0 -2.5 0.0 10.0 7.1026
120.0 0.0 0.0 10.0 2407371.7583000003
120.0 -2.5 2.5 10.0 1851.293
120.0 0.0 2.5 10.0 118643.0345
120.0 2.5 2.5 10.0 2096221504.0598
120.0 -5.0 5.0 10.0 17.7833
120.0 -2.5 5.0 10.0 19649.2069
120.0 0.0 5.0 10.0 3234790.0848
120.0 0.0 -10.0 11.25 -0.05630000000000002
120.0 2.5 -10.0 11.25 -0.9871000000000001
120.0 5.0 -10.0 11.25 -1.4297
120.0 7.5 -10.0 11.25 4566.9105
120.0 0.0 -7.5 11.25 0.3425999999999999
120.0 2.5 -7.5 11.25 -2.0902
120.0 5.0 -7.5 11.25 141.8808
120.0 -2.5 -5.0 11.25 1.9231
120.0 0.0 -5.0 11.25 1.7716999999999998
120.0 2.5 -5.0 11.25 8.8104
120.0 -5.0 -2.5 11.25 1.7165
120.0 -2.5 -2.5 11.25 2.2005999999999997
120.0 0.0 -2.5 11.25 1.3542
120.0 -5.0 0.0 11.25 5.2505999999999995
120.0 -2.5 0.0 11.25 4.678
120.0 0.0 0.0 11.25 1998103.4785999998
120.0 2.5 0.0 11.25 8973127.9526
120.0 5.0 0.0 11.25 77087.02260000001
120.0 -5.0 2.5 11.25 10.7623
120.0 -2.5 2.5 11.25 2056.9203
120.0 0.0 2.5 11.25 6698.3369999999995
120.0 2.5 2.5 11.25 353592991.2744
120.0 -5.0 5.0 11.25 7.082799999999999
120.0 -2.5 5.0 11.25 372106.6986
120.0 0.0 5.0 11.25 1872194362.3374
120.0 2.5 5.0 11.25 9999999641.3146
120.0 -5.0 -10.0 12.5 0.3081
120.0 0.0 -10.0 12.5 -0.0743
120.0 2.5 -10.0 12.5 0.12980000000000003
120.0 5.0 -10.0 12.5 0.028499999999999748
120.0 7.5 -10.0 12.5 100.6438
120.0 10.0 -10.0 12.5 29.3827
120.0 -2.5 -7.5 12.5 0.2939
120.0 0.0 -7.5 12.5 -0.7412
120.0 2.5 -7.5 12.5 -0.6511
120.0 5.0 -7.5 12.5 3.4206000000000003
120.0 -2.5 -5.0 12.5 0.41859999999999997
120.0 0.0 -5.0 12.5 -0.053100000000000036
120.0 2.5 -5.0 12.5 -1.4647000000000001
120.0 -5.0 -2.5 12.5 0.77
120.0 -2.5 -2.5 12.5 0.6106
120.0 0.0 -2.5 12.5 0.26649999999999974
120.0 -5.0 0.0 12.5 2.4594
120.0 -2.5 0.0 12.5 1.5248000000000002
120.0 0.0 0.0 12.5 19330.820900000002
120.0 2.5 0.0 12.5 1490.8113
120.0 5.0 0.0 12.5 470538.5735
120.0 -5.0 2.5 12.5 2.7436
120.0 -2.5 2.5 12.5 26.984700000000004
120.0 0.0 2.5 12.5 9999999923.6289
120.0 2.5 2.5 12.5 237763679.9598
120.0 5.0 2.5 12.5 221388711.8044
120.0 -5.0 5.0 12.5 -4.027
120.0 -2.5 5.0 12.5 9317969.4592
120.0 0.0 5.0 12.5 4293642.2355
120.0 2.5 5.0 12.5 9999999976.443901
120.0 5.0 5.0 12.5 9999999850.5333
120.0 7.5 5.0 12.5 9999999736.172201
120.0 -5.0 -10.0 13.75 -0.029500000000000002
120.0 -2.5 -10.0 13.75 0.4048
120.0 0.0 -10.0 13.75 0.5449999999999999
120.0 2.5 -10.0 13.75 0.524
120.0 5.0 -10.0 13.75 1.3248
120.0 7.5 -10.0 13.75 1.3164999999999998
120.0 10.0 -10.0 13.75 1.6768
120.0 -2.5 -7.5 13.75 0.09290000000000001
120.0 0.0 -7.5 13.75 -0.2317
120.0 2.5 -7.5 13.75 -0.772
120.0 5.0 -7.5 13.75 -0.5960999999999999
120.0 7.5 -7.5 13.75 4.9784
120.0 10.0 -7.5 13.75 15.8438
120.0 -5.0 -5.0 13.75 0.2138
120.0 -2.5 -5.0 13.75 -0.1949
120.0 0.0 -5.0 13.75 -0.9112
120.0 2.5 -5.0 13.75 -1.6646
120.0 -5.0 -2.5 13.75 0.2194
120.0 -2.5 -2.5 13.75 -0.4248
120.0 0.0 -2.5 13.75 -0.056400000000000006
120.0 2.5 -2.5 13.75 7.077
120.0 -5.0 0.0 13.75 0.35259999999999997
120.0 -2.5 0.0 13.75 -1.0094
120.0 0.0 0.0 13.75 -0.5263000000000001
120.0 2.5 0.0 13.75 31.442500000000003
120.0 -5.0 2.5 13.75 -2.8655
120.0 -2.5 2.5 13.75 -7.4431
120.0 0.0 2.5 13.75 132126.6794
120.0 2.5 2.5 13.75 57780140.5709
120.0 5.0 2.5 13.75 3640667.6986999996
120.0 7.5 2.5 13.75 9810.7781
120.0 -5.0 5.0 13.75 -8.0028
120.0 -2.5 5.0 13.75 12000.7301
120.0 0.0 5.0 13.75 994865.7018
120.0 2.5 5.0 13.75 9999999612.817501
120.0 5.0 5.0 13.75 198403188.8615
120.0 7.5 5.0 13.75 136434650.5039
120.0 -5.0 -10.0 15.0 -0.0354
120.0 -2.5 -10.0 15.0 0.2731
120.0 0.0 -10.0 15.0 0.24200000000000002
120.0 2.5 -10.0 15.0 0.7567
120.0 5.0 -10.0 15.0 1.3336999999999999
120.0 7.5 -10.0 15.0 1.5352
120.0 10.0 -10.0 15.0 1.6249999999999998
120.0 -5.0 -7.5 15.0 -0.1993
120.0 -2.5 -7.5 15.0 -0.0189
120.0 0.0 -7.5 15.0 -0.199
120.0 2.5 -7.5 15.0 -0.5233
120.0 5.0 -7.5 15.0 0.4111
120.0 7.5 -7.5 15.0 0.46179999999999977
120.0 10.0 -7.5 15.0 2.0909999999999997
120.0 -5.0 -5.0 15.0 -0.18150000000000002
120.0 -2.5 -5.0 15.0 -0.44930000000000003
120.0 0.0 -5.0 15.0 -0.8744
120.0 2.5 -5.0 15.0 -1.4905
120.0 5.0 -5.0 15.0 -2.0567
120.0 7.5 -5.0 15.0 1.0569
120.0 10.0 -5.0 15.0 -1.7536
120.0 -5.0 -2.5 15.0 0.32989999999999997
120.0 -2.5 -2.5 15.0 -0.5125
120.0 0.0 -2.5 15.0 -0.48829999999999996
120.0 2.5 -2.5 15.0 0.08110000000000017
120.0 5.0 -2.5 15.0 28.9607
120.0 7.5 -2.5 15.0 -3.4397
120.0 10.0 -2.5 15.0 2.4954
120.0 -5.0 0.0 15.0 -0.8617
120.0 -2.5 0.0 15.0 -2.5536
120.0 0.0 0.0 15.0 -3.0096
120.0 2.5 0.0 15.0 -1.7360000000000002
120.0 5.0 0.0 15.0 -2.2576000000000005
120.0 10.0 0.0 15.0 -1.2511
120.0 -5.0 2.5 15.0 -3.7720000000000002
120.0 -2.5 2.5 15.0 -10.825700000000001
120.0 0.0 2.5 15.0 1897.5972000000002
120.0 2.5 2.5 15.0 429180.3972
120.0 5.0 2.5 15.0 163.7825
120.0 7.5 2.5 15.0 45.4463
120.0 10.0 2.5 15.0 -9.9383
120.0 -5.0 5.0 15.0 -7.0143
120.0 -2.5 5.0 15.0 -8.4376
120.0 0.0 5.0 15.0 994.3668
120.0 2.5 5.0 15.0 86630.0589
120.0 5.0 5.0 15.0 1553246.7796999998
120.0 7.5 5.0 15.0 54077.4664
120.0 10.0 5.0 15.0 368.4583
120.0 -5.0 -10.0 16.25 0.0606
120.0 -2.5 -10.0 16.25 -0.0312
120.0 0.0 -10.0 16.25 0.2805
120.0 2.5 -10.0 16.25 0.5750000000000001
120.0 5.0 -10.0 16.25 1.1428
120.0 7.5 -10.0 16.25 1.8204
120.0 10.0 -10.0 16.25 2.0646
120.0 -5.0 -7.5 16.25 -0.0516
120.0 -2.5 -7.5 16.25 -0.1727
120.0 0.0 -7.5 16.25 -0.5049
120.0 2.5 -7.5 16.25 -0.3367
120.0 5.0 -7.5 16.25 0.0413
120.0 7.5 -7.5 16.25 0.4633999999999999
120.0 10.0 -7.5 16.25 0.8177000000000001
120.0 -5.0 -5.0 16.25 -0.2023
120.0 -2.5 -5.0 16.25 -0.32389999999999997
120.0 0.0 -5.0 16.25 -0.3262
120.0 2.5 -5.0 16.25 -0.5453
120.0 5.0 -5.0 16.25 -1.1656
120.0 7.5 -5.0 16.25 -1.3461999999999998
120.0 10.0 -5.0 16.25 -0.5285000000000002
120.0 -5.0 -2.5 16.25 0.027399999999999997
120.0 -2.5 -2.5 16.25 -0.4551
120.0 0.0 -2.5 16.25 -0.6697
120.0 2.5 -2.5 16.25 -0.0043999999999999595
120.0 5.0 -2.5 16.25 -0.0697000000000001
120.0 7.5 -2.5 16.25 -1.3855
120.0 10.0 -2.5 16.25 -1.9243000000000001
120.0 -5.0 0.0 16.25 -0.9486
120.0 -2.5 0.0 16.25 -2.6773
120.0 0.0 0.0 16.25 -2.3417000000000003
120.0 2.5 0.0 16.25 -2.0691
120.0 5.0 0.0 16.25 -1.7032
120.0 7.5 0.0 16.25 -3.5158
120.0 10.0 0.0 16.25 -6.1356
120.0 -5.0 2.5 16.25 -3.4821
120.0 -2.5 2.5 16.25 -8.044599999999999
120.0 0.0 2.5 16.25 -9.2529
120.0 2.5 2.5 16.25 32.8826
120.0 5.0 2.5 16.25 -14.0265
120.0 7.5 2.5 16.25 -18.528599999999997
120.0 10.0 2.5 16.25 -19.9386
120.0 -5.0 5.0 16.25 -5.3758
120.0 -2.5 5.0 16.25 -11.4459
120.0 0.0 5.0 16.25 -13.6279
120.0 2.5 5.0 16.25 277.6904
120.0 5.0 5.0 16.25 329.66010000000006
120.0 7.5 5.0 16.25 -38.017
120.0 10.0 5.0 16.25 -38.5238
180.0 -5.0 -10.0 3.75 -12.693100000000001
180.0 -2.5 -10.0 3.75 -15.7965
180.0 0.0 -10.0 3.75 -10.8559
180.0 2.5 -10.0 3.75 237.4658
180.0 5.0 -10.0 3.75 10000000148.1615
180.0 7.5 -10.0 3.75 471790183.3914
180.0 10.0 -10.0 3.75 10000000032.277401
180.0 -5.0 -7.5 3.75 -6.7697
180.0 -2.5 -7.5 3.75 -8.4474
180.0 0.0 -7.5 3.75 147522.84360000002
180.0 2.5 -7.5 3.75 69905419.7336
180.0 5.0 -7.5 3.75 10000000049.346401
180.0 7.5 -7.5 3.75 9999999866.8859
180.0 10.0 -7.5 3.75 9999999897.1147
180.0 -5.0 -5.0 3.75 2.0023999999999997
180.0 -2.5 -5.0 3.75 51.430899999999994
180.0 0.0 -5.0 3.75 27587.7287
180.0 2.5 -5.0 3.75 10000000110.521101
180.0 5.0 -5.0 3.75 9999999871.172
180.0 7.5 -5.0 3.75 10000000110.0692
180.0 10.0 -5.0 3.75 9999999975.945702
180.0 -5.0 -2.5 3.75 27.0601
180.0 -2.5 -2.5 3.75 30752.7717
180.0 0.0 -2.5 3.75 10000000028.4925
180.0 2.5 -2.5 3.75 9999999885.784
180.0 5.0 -2.5 3.75 10000000128.209501
180.0 7.5 -2.5 3.75 10000000253.817001
180.0 10.0 -2.5 3.75 10000000288.510801
180.0 -5.0 0.0 3.75 4278.4696
180.0 -2.5 0.0 3.75 535473.5508999999
180.0 0.0 0.0 3.75 6995.4178999999995
180.0 2.5 0.0 3.75 10000000032.0858
180.0 5.0 0.0 3.75 10000000566.6741
180.0 7.5 0.0 3.75 10000000017.956902
180.0 10.0 0.0 3.75 10000000079.5457
180.0 -5.0 2.5 3.75 51.2059
180.0 -2.5 2.5 3.75 6876707.3504
180.0 0.0 2.5 3.75 9999999966.539202
180.0 2.5 2.5 3.75 9042322959.705301
180.0 5.0 2.5 3.75 10000000098.8619
180.0 7.5 2.5 3.75 10000000287.1301
180.0 10.0 2.5 3.75 9999999895.2929
180.0 -5.0 5.0 3.75 19.6415
180.0 -2.5 5.0 3.75 1281238.0712
180.0 0.0 5.0 3.75 483726355.1936
180.0 2.5 5.0 3.75 9999999917.272202
180.0 5.0 5.0 3.75 10000000052.248701
180.0 7.5 5.0 3.75 10000000254.0344
180.0 10.0 5.0 3.75 10000000186.3789
180.0 -2.5 2.5 5.0 237564668.1076
180.0 -2.5 -2.5 6.25 45.4799
180.0 -2.5 0.0 6.25 27140.055399999997
180.0 -2.5 -2.5 7.5 40.2387
180.0 -2.5 0.0 7.5 13714.739099999999
180.0 -2.5 2.5 7.5 13878.390099999999
180.0 0.0 2.5 7.5 7531819.027
180.0 2.5 2.5 7.5 10000000006.853102
180.0 2.5 -10.0 8.75 6.0534
180.0 -2.5 -7.5 8.75 9.9572
180.0 2.5 -7.5 8.75 5.8386
180.0 5.0 -7.5 8.75 49.8303
180.0 -5.0 -5.0 8.75 15.7174
180.0 -2.5 -5.0 8.75 19.9947
180.0 -5.0 -2.5 8.75 25.5976
180.0 -2.5 -2.5 8.75 32.972
180.0 0.0 -2.5 8.75 275.24060000000003
180.0 -5.0 0.0 8.75 30.793699999999998
180.0 -2.5 0.0 8.75 68.3377
180.0 0.0 0.0 8.75 8506.9732
180.0 -5.0 2.5 8.75 4.7718
180.0 -2.5 2.5 8.75 5688.8146
180.0 0.0 2.5 8.75 7516.579100000001
180.0 2.5 2.5 8.75 201835379.8768
180.0 0.0 5.0 8.75 9999999518.949501
180.0 2.5 5.0 8.75 2249273845.7377996
180.0 2.5 -10.0 10.0 3.8235
180.0 -2.5 -7.5 10.0 6.9734
180.0 0.0 -7.5 10.0 6.9838000000000005
180.0 2.5 -7.5 10.0 4.1384
180.0 5.0 -7.5 10.0 11.450299999999999
180.0 -5.0 -5.0 10.0 12.3347
180.0 -2.5 -5.0 10.0 15.8511
180.0 0.0 -5.0 10.0 11.704699999999999
180.0 -5.0 -2.5 10.0 18.6419
180.0 -2.5 -2.5 10.0 23.140900000000002
180.0 0.0 -2.5 10.0 68.9977
180.0 -5.0 0.0 10.0 16.314999999999998
180.0 -2.5 0.0 10.0 19.6734
180.0 0.0 0.0 10.0 660.2295
180.0 -5.0 2.5 10.0 -7.4352
180.0 -2.5 2.5 10.0 280.0442
180.0 0.0 2.5 10.0 14556.0897
180.0 2.5 2.5 10.0 9999999915.6081
180.0 -2.5 5.0 10.0 26185613.1223
180.0 0.0 5.0 10.0 234599.32069999998
180.0 2.5 5.0 10.0 9999999749.054
180.0 5.0 5.0 10.0 10000000126.513802
180.0 -2.5 -10.0 11.25 0.8368
180.0 2.5 -10.0 11.25 2.9074
180.0 5.0 -10.0 11.25 -0.28370000000000006
180.0 -2.5 -7.5 11.25 4.7416
180.0 0.0 -7.5 11.25 4.1909
180.0 2.5 -7.5 11.25 3.0435999999999996
180.0 5.0 -7.5 11.25 3.3908
180.0 -5.0 -5.0 11.25 8.2224
180.0 -2.5 -5.0 11.25 10.0495
180.0 0.0 -5.0 11.25 7.604799999999999
180.0 -5.0 -2.5 11.25 10.8159
180.0 -2.5 -2.5 11.25 13.9349
180.0 0.0 -2.5 11.25 15.167
180.0 -5.0 0.0 11.25 5.8877
180.0 -2.5 0.0 11.25 3.2542
180.0 0.0 0.0 11.25 266.32419999999996
180.0 -5.0 2.5 11.25 -15.9243
180.0 -2.5 2.5 11.25 -23.4529
180.0 0.0 2.5 11.25 891199.2673000001
180.0 2.5 2.5 11.25 10000000249.4053
180.0 -5.0 5.0 11.25 54111.5478
180.0 -2.5 5.0 11.25 6597741.848300001
180.0 0.0 5.0 11.25 549841.1344
180.0 2.5 5.0 11.25 1424757.1256
180.0 5.0 5.0 11.25 25987411.090400003
180.0 7.5 5.0 11.25 816542966.7908
180.0 -2.5 -10.0 12.5 0.6059
180.0 0.0 -10.0 12.5 1.1499000000000001
180.0 2.5 -10.0 12.5 1.7967
180.0 5.0 -10.0 12.5 0.5263000000000002
180.0 7.5 -10.0 12.5 12.2784
180.0 -2.5 -7.5 12.5 3.0403
180.0 0.0 -7.5 12.5 2.1304999999999996
180.0 2.5 -7.5 12.5 0.8439999999999999
180.0 5.0 -7.5 12.5 -1.6247
180.0 -5.0 -5.0 12.5 4.7422
180.0 -2.5 -5.0 12.5 5.5469
180.0 0.0 -5.0 12.5 3.4941
180.0 2.5 -5.0 12.5 -3.5726
180.0 5.0 -5.0 12.5 225.2756
180.0 -5.0 -2.5 12.5 5.175199999999999
180.0 -2.5 -2.5 12.5 4.8035000000000005
180.0 0.0 -2.5 12.5 2.4208000000000003
180.0 2.5 -2.5 12.5 74.3177
180.0 5.0 -2.5 12.5 481.9933
180.0 -5.0 0.0 12.5 -1.3234
180.0 -2.5 0.0 12.5 -6.0969
180.0 0.0 0.0 12.5 898.2973
180.0 2.5 0.0 12.5 1473.6032
180.0 -5.0 2.5 12.5 -17.409799999999997
180.0 -2.5 2.5 12.5 -32.8626
180.0 0.0 2.5 12.5 863.0765
180.0 2.5 2.5 12.5 697770700.0212
180.0 5.0 2.5 12.5 57267503.5285
180.0 -5.0 5.0 12.5 -25.923099999999998
180.0 -2.5 5.0 12.5 5900.9801
180.0 0.0 5.0 12.5 42532.959500000004
180.0 2.5 5.0 12.5 1883537.2966999998
180.0 5.0 5.0 12.5 113775234.0923
180.0 7.5 5.0 12.5 651668488.123
180.0 10.0 5.0 12.5 227349682.3177
180.0 -5.0 -10.0 13.75 -0.1047
180.0 -2.5 -10.0 13.75 0.2439
180.0 0.0 -10.0 13.75 0.47919999999999996
180.0 2.5 -10.0 13.75 0.5467
180.0 5.0 -10.0 13.75 -0.4737999999999999
180.0 7.5 -10.0 13.75 -0.09390000000000001
180.0 -5.0 -7.5 13.75 0.5905
180.0 -2.5 -7.5 13.75 1.1227
180.0 0.0 -7.5 13.75 0.8871999999999999
180.0 2.5 -7.5 13.75 -0.5067999999999999
180.0 5.0 -7.5 13.75 -2.4897
180.0 10.0 -7.5 13.75 3187.9333
180.0 -5.0 -5.0 13.75 2.1153
180.0 -2.5 -5.0 13.75 2.2561999999999998
180.0 0.0 -5.0 13.75 1.124
180.0 2.5 -5.0 13.75 -2.267
180.0 5.0 -5.0 13.75 -6.5989
180.0 -5.0 -2.5 13.75 1.3096
180.0 -2.5 -2.5 13.75 -0.20980000000000001
180.0 0.0 -2.5 13.75 -4.0418
180.0 2.5 -2.5 13.75 -6.3734
180.0 5.0 -2.5 13.75 -1.5147
180.0 -5.0 0.0 13.75 -4.7033000000000005
180.0 -2.5 0.0 13.75 -10.7379
180.0 0.0 0.0 13.75 67.978
180.0 2.5 0.0 13.75 118.01729999999999
180.0 5.0 0.0 13.75 -24.1786
180.0 7.5 0.0 13.75 9947.900899999999
180.0 -5.0 2.5 13.75 -14.8459
180.0 -2.5 2.5 13.75 -28.1006
180.0 0.0 2.5 13.75 233.2625
180.0 2.5 2.5 13.75 137845312.9538
180.0 5.0 2.5 13.75 15795.6132
180.0 7.5 2.5 13.75 9999999696.9589
180.0 10.0 2.5 13.75 13067.6238
180.0 -5.0 5.0 13.75 -19.586299999999998
180.0 -2.5 5.0 13.75 -35.3512
180.0 0.0 5.0 13.75 52987.1625
180.0 2.5 5.0 13.75 10000000370.679401
180.0 5.0 5.0 13.75 311833.1813
180.0 7.5 5.0 13.75 289292932.00020003
180.0 -5.0 -10.0 15.0 -0.0782
180.0 -2.5 -10.0 15.0 -0.0959
180.0 0.0 -10.0 15.0 -0.158
180.0 2.5 -10.0 15.0 0.06799999999999998
180.0 5.0 -10.0 15.0 0.3573
180.0 7.5 -10.0 15.0 -1.0493999999999999
180.0 10.0 -10.0 15.0 -0.4865999999999999
180.0 -5.0 -7.5 15.0 -0.13169999999999998
180.0 -2.5 -7.5 15.0 0.3676
180.0 0.0 -7.5 15.0 -0.5294
180.0 2.5 -7.5 15.0 -1.1016
180.0 5.0 -7.5 15.0 -2.1647
180.0 7.5 -7.5 15.0 -1.6683999999999999
180.0 10.0 -7.5 15.0 1.6018
180.0 -5.0 -5.0 15.0 0.47100000000000003
180.0 -2.5 -5.0 15.0 0.5564
180.0 0.0 -5.0 15.0 -0.6925
180.0 2.5 -5.0 15.0 -2.2092
180.0 5.0 -5.0 15.0 -4.561
180.0 7.5 -5.0 15.0 -1.2073999999999998
180.0 -5.0 -2.5 15.0 -1.2777
180.0 -2.5 -2.5 15.0 -2.9375
180.0 0.0 -2.5 15.0 -6.3416
180.0 2.5 -2.5 15.0 -7.9313
180.0 5.0 -2.5 15.0 -8.8408
180.0 7.5 -2.5 15.0 -3.3137000000000003
180.0 -5.0 0.0 15.0 -5.2626
180.0 -2.5 0.0 15.0 -10.986799999999999
180.0 0.0 0.0 15.0 -19.614900000000002
180.0 2.5 0.0 15.0 -24.455000000000002
180.0 5.0 0.0 15.0 -20.6295
180.0 7.5 0.0 15.0 386.66020000000003
180.0 -5.0 2.5 15.0 -11.692
180.0 -2.5 2.5 15.0 -20.3843
180.0 0.0 2.5 15.0 214.1766
180.0 2.5 2.5 15.0 2602.3017000000004
180.0 5.0 2.5 15.0 364.6142
180.0 7.5 2.5 15.0 295173.0403
180.0 10.0 2.5 15.0 11.0639
180.0 -5.0 5.0 15.0 -12.381
180.0 -2.5 5.0 15.0 -20.925
180.0 0.0 5.0 15.0 941489.4598
180.0 2.5 5.0 15.0 4246570265.605
180.0 5.0 5.0 15.0 238600.36320000002
180.0 7.5 5.0 15.0 5466371.159600001
180.0 10.0 5.0 15.0 2436.5665000000004
180.0 -5.0 -10.0 16.25 -0.03
180.0 -2.5 -10.0 16.25 -0.0775
180.0 0.0 -10.0 16.25 -0.4245
180.0 2.5 -10.0 16.25 -0.7274
180.0 5.0 -10.0 16.25 -0.4984
180.0 7.5 -10.0 16.25 0.21780000000000005
180.0 10.0 -10.0 16.25 0.3555999999999999
180.0 -5.0 -7.5 16.25 -0.306
180.0 -2.5 -7.5 16.25 -0.11230000000000001
180.0 0.0 -7.5 16.25 -0.7793
180.0 2.5 -7.5 16.25 -1.0266
180.0 5.0 -7.5 16.25 -1.3866999999999998
180.0 7.5 -7.5 16.25 -1.4121000000000001
180.0 10.0 -7.5 16.25 -1.3985
180.0 -5.0 -5.0 16.25 -0.5135000000000001
180.0 -2.5 -5.0 16.25 -0.5509000000000001
180.0 0.0 -5.0 16.25 -1.2168
180.0 2.5 -5.0 16.25 -2.1528
180.0 5.0 -5.0 16.25 -3.1982
180.0 7.5 -5.0 16.25 -4.2364999999999995
180.0 10.0 -5.0 16.25 -4.3994
180.0 -5.0 -2.5 16.25 -1.8012000000000001
180.0 -2.5 -2.5 16.25 -3.6294999999999997
180.0 0.0 -2.5 16.25 -5.7476
180.0 2.5 -2.5 16.25 -7.6208
180.0 5.0 -2.5 16.25 -7.5309
180.0 7.5 -2.5 16.25 -7.7623
180.0 10.0 -2.5 16.25 -7.6519
180.0 -5.0 0.0 16.25 -5.1837
180.0 -2.5 0.0 16.25 -8.888
180.0 0.0 0.0 16.25 -13.8585
180.0 2.5 0.0 16.25 -15.5522
180.0 5.0 0.0 16.25 -12.8207
180.0 7.5 0.0 16.25 -12.6729
180.0 10.0 0.0 16.25 -8.91
180.0 -5.0 2.5 16.25 -7.8986
180.0 -2.5 2.5 16.25 -13.0408
180.0 0.0 2.5 16.25 6.956200000000003
180.0 2.5 2.5 16.25 526.7168999999999
180.0 5.0 2.5 16.25 15.735500000000002
180.0 7.5 2.5 16.25 332.7104
180.0 10.0 2.5 16.25 -5.9834000000000005
180.0 -5.0 5.0 16.25 -7.3677
180.0 -2.5 5.0 16.25 -10.8915
180.0 0.0 5.0 16.25 1305.226
180.0 2.5 5.0 16.25 8076641.2587
180.0 5.0 5.0 16.25 367.6798
180.0 7.5 5.0 16.25 160.7323
180.0 10.0 5.0 16.25 5.0764
240.0 -5.0 -10.0 3.75 -3.9454
240.0 -2.5 -10.0 3.75 -5.9038
240.0 0.0 -10.0 3.75 -2.4482
240.0 2.5 -10.0 3.75 976804389.765
240.0 5.0 -10.0 3.75 9999999932.3412
240.0 7.5 -10.0 3.75 10000000135.338902
240.0 10.0 -10.0 3.75 9999999983.9573
240.0 -5.0 -7.5 3.75 -1.7601999999999998
240.0 -2.5 -7.5 3.75 10.8813
240.0 0.0 -7.5 3.75 155.80450000000002
240.0 2.5 -7.5 3.75 2806536737.8163004
240.0 5.0 -7.5 3.75 9999999791.914902
240.0 7.5 -7.5 3.75 3613963223.8286
240.0 10.0 -7.5 3.75 10000000051.789701
240.0 -5.0 -5.0 3.75 1.3734000000000002
240.0 -2.5 -5.0 3.75 31886.024999999998
240.0 0.0 -5.0 3.75 313841.5327
240.0 2.5 -5.0 3.75 9999999919.7467
240.0 5.0 -5.0 3.75 10000000106.7721
240.0 7.5 -5.0 3.75 9999999989.918402
240.0 10.0 -5.0 3.75 9999999949.289001
240.0 -5.0 -2.5 3.75 9.4213
240.0 -2.5 -2.5 3.75 41.4979
240.0 0.0 -2.5 3.75 9999999984.580801
240.0 2.5 -2.5 3.75 6484157.4011
240.0 5.0 -2.5 3.75 10000000116.7357
240.0 7.5 -2.5 3.75 9999999654.1151
240.0 10.0 -2.5 3.75 10000000063.471601
240.0 -5.0 0.0 3.75 10.1371
240.0 -2.5 0.0 3.75 467413.7844
240.0 0.0 0.0 3.75 10883867.908499999
240.0 2.5 0.0 3.75 648663445.0170001
240.0 5.0 0.0 3.75 9999999897.1594
240.0 7.5 0.0 3.75 10000000008.285702
240.0 10.0 0.0 3.75 9999999939.8626
240.0 -5.0 2.5 3.75 2458.4283
240.0 -2.5 2.5 3.75 183722594.927
240.0 0.0 2.5 3.75 106857347.29720001
240.0 2.5 2.5 3.75 10000000010.5855
240.0 5.0 2.5 3.75 10000000125.642
240.0 7.5 2.5 3.75 10000000061.077501
240.0 10.0 2.5 3.75 9999999997.2348
240.0 -5.0 5.0 3.75 94619893.6502
240.0 -2.5 5.0 3.75 208062020.1226
240.0 0.0 5.0 3.75 9999999620.6702
240.0 2.5 5.0 3.75 394985718.73039997
240.0 5.0 5.0 3.75 9999999764.9094
240.0 7.5 5.0 3.75 9999999836.075201
240.0 10.0 5.0 3.75 9999999803.4353
240.0 0.0 5.0 5.0 33068195.5834
240.0 2.5 -7.5 6.25 939.6822000000001
240.0 0.0 -2.5 6.25 51.291199999999996
240.0 0.0 0.0 6.25 15289.008300000001
240.0 -2.5 2.5 6.25 2035070.1978000002
240.0 0.0 2.5 6.25 213562890.1124
240.0 0.0 5.0 6.25 957698662.8513
240.0 2.5 -7.5 7.5 98.27269999999999
240.0 0.0 -5.0 7.5 27.5626
240.0 2.5 -5.0 7.5 636.6170000000001
240.0 0.0 -2.5 7.5 29.166500000000003
240.0 2.5 -2.5 7.5 300.3442
240.0 0.0 0.0 7.5 510958.9275
240.0 2.5 0.0 7.5 5621067.7056
240.0 0.0 2.5 7.5 911782902.144
240.0 -2.5 5.0 7.5 143913.9242
240.0 0.0 5.0 7.5 39814411.7039
240.0 2.5 -10.0 8.75 11.4198
240.0 2.5 -7.5 8.75 25.6923
240.0 0.0 -5.0 8.75 24.4604
240.0 2.5 -5.0 8.75 47.8319
240.0 -2.5 -2.5 8.75 21.9602
240.0 0.0 -2.5 8.75 29.8905
240.0 2.5 -2.5 8.75 40.177299999999995
240.0 -5.0 0.0 8.75 6.658099999999999
240.0 -2.5 0.0 8.75 27.6566
240.0 0.0 0.0 8.75 283140283.0134
240.0 2.5 0.0 8.75 670379421.9899
240.0 -2.5 2.5 8.75 53.425
240.0 0.0 2.5 8.75 2401610.1308
240.0 2.5 2.5 8.75 9999999489.4521
240.0 -2.5 5.0 8.75 118372.9728
240.0 0.0 5.0 8.75 9999999825.722
240.0 2.5 5.0 8.75 9999999967.1923
240.0 2.5 -10.0 10.0 7.5601
240.0 5.0 -10.0 10.0 250.79819999999998
240.0 2.5 -7.5 10.0 15.7498
240.0 -5.0 -5.0 10.0 7.2178
240.0 0.0 -5.0 10.0 16.9339
240.0 2.5 -5.0 10.0 17.8229
240.0 -5.0 -2.5 10.0 7.876399999999999
240.0 -2.5 -2.5 10.0 15.872300000000001
240.0 0.0 -2.5 10.0 95.19869999999999
240.0 2.5 -2.5 10.0 8.322299999999998
240.0 -5.0 0.0 10.0 1.6934999999999998
240.0 -2.5 0.0 10.0 74.9053
240.0 0.0 0.0 10.0 3054117611.579
240.0 2.5 0.0 10.0 10339.7844
240.0 -2.5 2.5 10.0 642.7588000000001
240.0 0.0 2.5 10.0 104148477.586
240.0 2.5 2.5 10.0 1438047.1762
240.0 5.0 2.5 10.0 9999999739.339901
240.0 -2.5 5.0 10.0 919.854
240.0 0.0 5.0 10.0 9999999743.913101
240.0 2.5 5.0 10.0 28764022.2734
240.0 5.0 5.0 10.0 10000000172.4256
240.0 -2.5 -10.0 11.25 1.4749
240.0 2.5 -10.0 11.25 4.702
240.0 5.0 -10.0 11.25 14.4516
240.0 10.0 -10.0 11.25 1211.5244
240.0 2.5 -7.5 11.25 9.6781
240.0 -5.0 -5.0 11.25 4.624
240.0 -2.5 -5.0 11.25 7.6222
240.0 0.0 -5.0 11.25 9.4723
240.0 2.5 -5.0 11.25 9.8824
240.0 -5.0 -2.5 11.25 5.0095
240.0 -2.5 -2.5 11.25 5.7759
240.0 0.0 -2.5 11.25 8.3881
240.0 2.5 -2.5 11.25 -7.650399999999999
240.0 -5.0 0.0 11.25 -1.1084
240.0 -2.5 0.0 11.25 15.7893
240.0 0.0 0.0 11.25 2003517.0314000002
240.0 2.5 0.0 11.25 8843.3114
240.0 -2.5 2.5 11.25 32.8074
240.0 0.0 2.5 11.25 113976.5852
240.0 2.5 2.5 11.25 1199608.0979
240.0 5.0 2.5 11.25 774729082.8652
240.0 -2.5 5.0 11.25 2811.4829999999997
240.0 0.0 5.0 11.25 81317337.0401
240.0 2.5 5.0 11.25 10000000025.1636
240.0 5.0 5.0 11.25 9999999893.9503
240.0 7.5 5.0 11.25 70725747.49340001
240.0 -2.5 -10.0 12.5 0.4815
240.0 0.0 -10.0 12.5 1.2208999999999999
240.0 2.5 -10.0 12.5 1.0266
240.0 5.0 -10.0 12.5 0.5591999999999997
240.0 7.5 -10.0 12.5 59.2649
240.0 10.0 -10.0 12.5 -2.6023
240.0 -5.0 -7.5 12.5 0.6685
240.0 0.0 -7.5 12.5 4.0299
240.0 2.5 -7.5 12.5 4.645300000000001
240.0 5.0 -7.5 12.5 20.414
240.0 7.5 -7.5 12.5 549.3194
240.0 10.0 -7.5 12.5 -4.9583
240.0 -5.0 -5.0 12.5 2.1213
240.0 -2.5 -5.0 12.5 2.925
240.0 0.0 -5.0 12.5 4.3047
240.0 2.5 -5.0 12.5 2.9966999999999997
240.0 5.0 -5.0 12.5 1.6104000000000003
240.0 -5.0 -2.5 12.5 2.4362
240.0 -2.5 -2.5 12.5 -0.05940000000000001
240.0 0.0 -2.5 12.5 -11.8711
240.0 2.5 -2.5 12.5 -12.8215
240.0 -5.0 0.0 12.5 -2.2211
240.0 -2.5 0.0 12.5 -8.7836
240.0 0.0 0.0 12.5 3106.822
240.0 2.5 0.0 12.5 158.07229999999998
240.0 -2.5 2.5 12.5 922.6587
240.0 0.0 2.5 12.5 2868204900.8444004
240.0 2.5 2.5 12.5 4345616.627
240.0 5.0 2.5 12.5 103660981.9123
240.0 -2.5 5.0 12.5 22382.4941
240.0 0.0 5.0 12.5 575552040.3204
240.0 2.5 5.0 12.5 4400936322.7376
240.0 5.0 5.0 12.5 44873703.5781
240.0 7.5 5.0 12.5 5601006.6751
240.0 10.0 5.0 12.5 9999999986.393501
240.0 -5.0 -10.0 13.75 -0.19920000000000002
240.0 -2.5 -10.0 13.75 -0.0893
240.0 0.0 -10.0 13.75 0.2976
240.0 2.5 -10.0 13.75 -0.3454
240.0 5.0 -10.0 13.75 -0.8784000000000001
240.0 7.5 -10.0 13.75 -2.9547
240.0 10.0 -10.0 13.75 -4.0069
240.0 -5.0 -7.5 13.75 -0.0397
240.0 -2.5 -7.5 13.75 0.311
240.0 0.0 -7.5 13.75 0.8316
240.0 2.5 -7.5 13.75 0.9328000000000001
240.0 5.0 -7.5 13.75 -0.4589000000000001
240.0 7.5 -7.5 13.75 -4.9939
240.0 10.0 -7.5 13.75 -11.102
240.0 -5.0 -5.0 13.75 0.6169
240.0 -2.5 -5.0 13.75 -0.2172
240.0 0.0 -5.0 13.75 -0.3277
240.0 2.5 -5.0 13.75 -0.5218
240.0 5.0 -5.0 13.75 -3.5983
240.0 7.5 -5.0 13.75 8.6606
240.0 -5.0 -2.5 13.75 0.5413
240.0 -2.5 -2.5 13.75 -2.6390000000000002
240.0 0.0 -2.5 13.75 -9.3427
240.0 2.5 -2.5 13.75 -12.4491
240.0 5.0 -2.5 13.75 -0.7042000000000002
240.0 -5.0 0.0 13.75 -2.3636
240.0 -2.5 0.0 13.75 -9.0657
240.0 0.0 0.0 13.75 -12.5278
240.0 2.5 0.0 13.75 -26.8988
240.0 5.0 0.0 13.75 90.8833
240.0 -5.0 2.5 13.75 -7.2558
240.0 -2.5 2.5 13.75 85.2661
240.0 0.0 2.5 13.75 568920.1387
240.0 2.5 2.5 13.75 525642.6151
240.0 5.0 2.5 13.75 6939548.5183
240.0 7.5 2.5 13.75 174517994.1169
240.0 -2.5 5.0 13.75 11.7848
240.0 0.0 5.0 13.75 2963812.9061
240.0 2.5 5.0 13.75 2253060187.6401
240.0 5.0 5.0 13.75 16321070.2125
240.0 7.5 5.0 13.75 604290312.6696
240.0 10.0 5.0 13.75 4220506.7758
240.0 -5.0 -10.0 15.0 -0.2507
240.0 -2.5 -10.0 15.0 -0.33799999999999997
240.0 0.0 -10.0 15.0 -0.2792
240.0 2.5 -10.0 15.0 -0.5669
240.0 5.0 -10.0 15.0 -1.3233000000000001
240.0 7.5 -10.0 15.0 -1.9365999999999999
240.0 10.0 -10.0 15.0 -2.4371
240.0 -5.0 -7.5 15.0 -0.2268
240.0 -2.5 -7.5 15.0 -0.7239
240.0 0.0 -7.5 15.0 -0.4554
240.0 2.5 -7.5 15.0 -0.796
240.0 5.0 -7.5 15.0 -1.4923
240.0 7.5 -7.5 15.0 -4.2205
240.0 10.0 -7.5 15.0 -7.0634
240.0 -5.0 -5.0 15.0 -0.1612
240.0 -2.5 -5.0 15.0 -1.4703000000000002
240.0 0.0 -5.0 15.0 -2.8204
240.0 2.5 -5.0 15.0 -3.0692
240.0 5.0 -5.0 15.0 -3.5734
240.0 7.5 -5.0 15.0 -7.0326
240.0 10.0 -5.0 15.0 -1.6326
240.0 -5.0 -2.5 15.0 -0.2449
240.0 -2.5 -2.5 15.0 -3.4136
240.0 0.0 -2.5 15.0 -7.8244
240.0 2.5 -2.5 15.0 -10.8051
240.0 5.0 -2.5 15.0 -12.7809
240.0 7.5 -2.5 15.0 -3.9443
240.0 10.0 -2.5 15.0 9.0438
240.0 -5.0 0.0 15.0 -1.9225
240.0 -2.5 0.0 15.0 -7.4441999999999995
240.0 0.0 0.0 15.0 -16.9178
240.0 2.5 0.0 15.0 -24.2098
240.0 5.0 0.0 15.0 -24.9128
240.0 10.0 0.0 15.0 0.012299999999999756
240.0 -5.0 2.5 15.0 -4.1134
240.0 -2.5 2.5 15.0 -8.868400000000001
240.0 0.0 2.5 15.0 235.98340000000002
240.0 2.5 2.5 15.0 1382.2262
240.0 5.0 2.5 15.0 4048.4399000000003
240.0 7.5 2.5 15.0 1163.3093999999999
240.0 -5.0 5.0 15.0 -5.1408
240.0 -2.5 5.0 15.0 -10.840900000000001
240.0 0.0 5.0 15.0 12962.8872
240.0 2.5 5.0 15.0 29713.6011
240.0 5.0 5.0 15.0 118008317.9445
240.0 7.5 5.0 15.0 554891881.0643
240.0 10.0 5.0 15.0 5345.9541
240.0 -5.0 -10.0 16.25 -0.105
240.0 -2.5 -10.0 16.25 -0.3366
240.0 0.0 -10.0 16.25 -0.5506
240.0 2.5 -10.0 16.25 -0.5968
240.0 5.0 -10.0 16.25 -0.7922
240.0 7.5 -10.0 16.25 -1.3333
240.0 10.0 -10.0 16.25 -2.1242
240.0 -5.0 -7.5 16.25 -0.2721
240.0 -2.5 -7.5 16.25 -0.488
240.0 0.0 -7.5 16.25 -1.0882
240.0 2.5 -7.5 16.25 -1.3319999999999999
240.0 5.0 -7.5 16.25 -2.1658999999999997
240.0 7.5 -7.5 16.25 -3.0502
240.0 10.0 -7.5 16.25 -3.8465
240.0 -5.0 -5.0 16.25 -0.34909999999999997
240.0 -2.5 -5.0 16.25 -1.1643999999999999
240.0 0.0 -5.0 16.25 -2.7813
240.0 2.5 -5.0 16.25 -3.7388
240.0 5.0 -5.0 16.25 -3.8963
240.0 7.5 -5.0 16.25 -5.0789
240.0 10.0 -5.0 16.25 -5.9614
240.0 -5.0 -2.5 16.25 -0.8949
240.0 -2.5 -2.5 16.25 -3.4169
240.0 0.0 -2.5 16.25 -6.5459
240.0 2.5 -2.5 16.25 -9.1401
240.0 5.0 -2.5 16.25 -9.883799999999999
240.0 7.5 -2.5 16.25 -10.453
240.0 10.0 -2.5 16.25 -8.309000000000001
240.0 -5.0 0.0 16.25 -1.3966
240.0 -2.5 0.0 16.25 -5.1528
240.0 0.0 0.0 16.25 -10.7285
240.0 2.5 0.0 16.25 -15.7733
240.0 5.0 0.0 16.25 -17.2131
240.0 7.5 0.0 16.25 -18.5523
240.0 10.0 0.0 16.25 -16.387
240.0 -5.0 2.5 16.25 -2.4785999999999997
240.0 -2.5 2.5 16.25 -5.920299999999999
240.0 0.0 2.5 16.25 -12.6576
240.0 2.5 2.5 16.25 -10.9003
240.0 5.0 2.5 16.25 -13.055299999999999
240.0 7.5 2.5 16.25 1.2531999999999996
240.0 -5.0 5.0 16.25 -2.5075
240.0 -2.5 5.0 16.25 -4.704000000000001
240.0 0.0 5.0 16.25 10.770900000000001
240.0 2.5 5.0 16.25 54.9757
240.0 5.0 5.0 16.25 16914.4738
240.0 7.5 5.0 16.25 7819672.577699999
240.0 10.0 5.0 16.25 189.4711
300.0 -5.0 -10.0 3.75 0.8518
300.0 -2.5 -10.0 3.75 -2.3095
300.0 0.0 -10.0 3.75 -11.0156
300.0 2.5 -10.0 3.75 -24.2415
300.0 5.0 -10.0 3.75 2928.0321
300.0 7.5 -10.0 3.75 1934650922.8324
300.0 10.0 -10.0 3.75 10000000041.375801
300.0 -5.0 -7.5 3.75 0.1267
300.0 -2.5 -7.5 3.75 -6.995100000000001
300.0 0.0 -7.5 3.75 -23.259
300.0 2.5 -7.5 3.75 1176.8707
300.0 5.0 -7.5 3.75 9999999575.255402
300.0 7.5 -7.5 3.75 9079805592.7714
300.0 10.0 -7.5 3.75 10000000092.522902
300.0 -5.0 -5.0 3.75 -7.3712
300.0 -2.5 -5.0 3.75 -18.1587
300.0 0.0 -5.0 3.75 5.580400000000001
300.0 2.5 -5.0 3.75 10000000017.8973
300.0 5.0 -5.0 3.75 10000000000.1744
300.0 7.5 -5.0 3.75 9999999966.773201
300.0 10.0 -5.0 3.75 787781067.9746
300.0 -5.0 -2.5 3.75 -24.1122
300.0 -2.5 -2.5 3.75 165463.1307
300.0 0.0 -2.5 3.75 11950988.3265
300.0 2.5 -2.5 3.75 10000000087.607601
300.0 5.0 -2.5 3.75 9999999859.1236
300.0 7.5 -2.5 3.75 9999999923.670101
300.0 10.0 -2.5 3.75 9999999676.3693
300.0 -5.0 0.0 3.75 -59.493700000000004
300.0 -2.5 0.0 3.75 66842.8666
300.0 0.0 0.0 3.75 52057311.526
300.0 2.5 0.0 3.75 10000000001.3861
300.0 5.0 0.0 3.75 9999999816.9195
300.0 7.5 0.0 3.75 10000000208.3365
300.0 10.0 0.0 3.75 9999999877.232801
300.0 -5.0 2.5 3.75 30797.456800000004
300.0 -2.5 2.5 3.75 21400434.3994
300.0 0.0 2.5 3.75 1024767.2250000001
300.0 2.5 2.5 3.75 4916719443.7131
300.0 5.0 2.5 3.75 10000000087.9943
300.0 7.5 2.5 3.75 9999999994.1928
300.0 10.0 2.5 3.75 9999999938.3518
300.0 -5.0 5.0 3.75 -29.3424
300.0 -2.5 5.0 3.75 2933582.6519000004
300.0 0.0 5.0 3.75 10000000051.1994
300.0 2.5 5.0 3.75 10000000054.2383
300.0 5.0 5.0 3.75 9999999534.0142
300.0 7.5 5.0 3.75 7914778218.4142
300.0 10.0 5.0 3.75 10000000202.259
300.0 0.0 -2.5 5.0 34102453.5282
300.0 0.0 0.0 5.0 15185.0656
300.0 5.0 -7.5 6.25 82128088.0639
300.0 0.0 -5.0 6.25 -14.9908
300.0 0.0 -2.5 6.25 80431.73169999999
300.0 0.0 0.0 6.25 41546.3304
300.0 0.0 2.5 6.25 167768.42729999998
300.0 0.0 5.0 6.25 42094896.887099996
300.0 5.0 -7.5 7.5 2411121378.3285
300.0 2.5 -5.0 7.5 134.0163
300.0 0.0 -2.5 7.5 -8.863
300.0 2.5 -2.5 7.5 113.99810000000001
300.0 0.0 0.0 7.5 1161377.4628
300.0 -2.5 2.5 7.5 222.1328
300.0 0.0 2.5 7.5 41841.5845
300.0 -2.5 5.0 7.5 915685.0609
300.0 0.0 5.0 7.5 1048355.0409
300.0 2.5 -10.0 8.75 -5.3168
300.0 5.0 -7.5 8.75 2178.8266000000003
300.0 0.0 -5.0 8.75 -2.3590999999999998
300.0 2.5 -5.0 8.75 -0.47080000000000055
300.0 5.0 -5.0 8.75 1678.4336
300.0 0.0 -2.5 8.75 -2.8712999999999997
300.0 2.5 -2.5 8.75 9.813899999999999
300.0 0.0 0.0 8.75 9856.6071
300.0 2.5 0.0 8.75 68960966.1143
300.0 0.0 2.5 8.75 1325.2006999999999
300.0 2.5 2.5 8.75 1581014800.5532
300.0 -2.5 5.0 8.75 473738.6021
300.0 0.0 5.0 8.75 16374514.352899998
300.0 2.5 5.0 8.75 428680173.7308
300.0 2.5 -10.0 10.0 -3.8789999999999996
300.0 2.5 -7.5 10.0 -2.5291
300.0 5.0 -7.5 10.0 -2.6041000000000003
300.0 7.5 -7.5 10.0 9246.8598
300.0 0.0 -5.0 10.0 -0.16539999999999988
300.0 2.5 -5.0 10.0 1.012
300.0 5.0 -5.0 10.0 512.4421
300.0 0.0 -2.5 10.0 -0.04420000000000002
300.0 2.5 -2.5 10.0 5.3328999999999995
300.0 -5.0 0.0 10.0 -7.8322
300.0 -2.5 0.0 10.0 -6.7111
300.0 0.0 0.0 10.0 -0.27500000000000036
300.0 2.5 0.0 10.0 301.3692
300.0 5.0 0.0 10.0 337349.4386
300.0 -2.5 2.5 10.0 1.9878999999999998
300.0 0.0 2.5 10.0 613.4589
300.0 2.5 2.5 10.0 9999999587.3868
300.0 5.0 2.5 10.0 9999999872.673601
300.0 -2.5 5.0 10.0 226.4649
300.0 0.0 5.0 10.0 62234.7641
300.0 2.5 5.0 10.0 10000000058.529001
300.0 2.5 -10.0 11.25 -3.0158
300.0 5.0 -10.0 11.25 -3.2465
300.0 7.5 -10.0 11.25 -4.6048
300.0 10.0 -10.0 11.25 1287.2019
300.0 2.5 -7.5 11.25 -0.478
300.0 5.0 -7.5 11.25 -4.1065
300.0 0.0 -5.0 11.25 2.0591
300.0 2.5 -5.0 11.25 2.2765999999999997
300.0 5.0 -5.0 11.25 151.4244
300.0 -2.5 -2.5 11.25 -2.5925
300.0 0.0 -2.5 11.25 0.0979000000000001
300.0 2.5 -2.5 11.25 2.1502999999999997
300.0 -5.0 0.0 11.25 -3.5959
300.0 -2.5 0.0 11.25 -3.0657
300.0 0.0 0.0 11.25 -4.68
300.0 2.5 0.0 11.25 0.16510000000000002
300.0 -2.5 2.5 11.25 3.9556
300.0 0.0 2.5 11.25 4955964.1887
300.0 2.5 2.5 11.25 41082.715899999996
300.0 5.0 2.5 11.25 2113513.3318999996
300.0 -2.5 5.0 11.25 25.254
300.0 0.0 5.0 11.25 23282.603799999997
300.0 2.5 5.0 11.25 306255833.9894
300.0 7.5 5.0 11.25 485363638.98149997
300.0 -5.0 -10.0 12.5 -0.0251
300.0 2.5 -10.0 12.5 -2.1166
300.0 5.0 -10.0 12.5 -2.9377
300.0 7.5 -10.0 12.5 -3.1639
300.0 10.0 -10.0 12.5 -2.4253
300.0 2.5 -7.5 12.5 -0.40379999999999994
300.0 5.0 -7.5 12.5 -3.4661
300.0 7.5 -7.5 12.5 53.2793
300.0 -5.0 -5.0 12.5 -0.2543
300.0 -2.5 -5.0 12.5 1.1308
300.0 0.0 -5.0 12.5 2.5328
300.0 2.5 -5.0 12.5 2.224
300.0 5.0 -5.0 12.5 3.7317
300.0 -5.0 -2.5 12.5 -2.1354
300.0 -2.5 -2.5 12.5 -0.7087
300.0 0.0 -2.5 12.5 -0.1291
300.0 2.5 -2.5 12.5 -0.4873000000000003
300.0 -5.0 0.0 12.5 -2.3312999999999997
300.0 -2.5 0.0 12.5 -2.346
300.0 0.0 0.0 12.5 -5.2492
300.0 2.5 0.0 12.5 -13.1244
300.0 5.0 0.0 12.5 2082.4469000000004
300.0 -2.5 2.5 12.5 3.9414999999999996
300.0 0.0 2.5 12.5 3025.0306
300.0 2.5 2.5 12.5 123469.1939
300.0 5.0 2.5 12.5 70708.79479999999
300.0 7.5 2.5 12.5 33876371.5683
300.0 10.0 2.5 12.5 80281723.5608
300.0 -2.5 5.0 12.5 20.7154
300.0 0.0 5.0 12.5 876991.5862
300.0 2.5 5.0 12.5 9999999968.499601
300.0 5.0 5.0 12.5 9999999841.969002
300.0 7.5 5.0 12.5 9999999986.468
300.0 10.0 5.0 12.5 10988965.6867
300.0 0.0 -10.0 13.75 -0.5914999999999999
300.0 2.5 -10.0 13.75 -1.2200000000000002
300.0 5.0 -10.0 13.75 -1.9581
300.0 7.5 -10.0 13.75 -3.0419
300.0 10.0 -10.0 13.75 -2.6492
300.0 -5.0 -7.5 13.75 -0.106
300.0 -2.5 -7.5 13.75 -0.1565
300.0 2.5 -7.5 13.75 -0.3618
300.0 5.0 -7.5 13.75 -2.0299
300.0 7.5 -7.5 13.75 -4.043900000000001
300.0 10.0 -7.5 13.75 18.0072
300.0 -5.0 -5.0 13.75 -0.1215
300.0 -2.5 -5.0 13.75 0.7398
300.0 0.0 -5.0 13.75 1.4315
300.0 2.5 -5.0 13.75 1.3170000000000002
300.0 5.0 -5.0 13.75 -2.3632
300.0 -5.0 -2.5 13.75 -0.7732
300.0 -2.5 -2.5 13.75 -0.3351
300.0 0.0 -2.5 13.75 -1.0005
300.0 2.5 -2.5 13.75 -2.8148
300.0 5.0 -2.5 13.75 -0.8349
300.0 -5.0 0.0 13.75 -1.2186000000000001
300.0 -2.5 0.0 13.75 -2.2088
300.0 0.0 0.0 13.75 -5.5602
300.0 2.5 0.0 13.75 -12.7876
300.0 5.0 0.0 13.75 9.6857
300.0 7.5 0.0 13.75 6973.236800000001
300.0 -2.5 2.5 13.75 2.7882000000000002
300.0 0.0 2.5 13.75 15.273499999999999
300.0 2.5 2.5 13.75 246.4508
300.0 5.0 2.5 13.75 7407.304
300.0 7.5 2.5 13.75 61536929.8759
300.0 10.0 2.5 13.75 460259.1583
300.0 -2.5 5.0 13.75 14.8228
300.0 0.0 5.0 13.75 30696.3989
300.0 2.5 5.0 13.75 4403360.510100001
300.0 5.0 5.0 13.75 40544613.9949
300.0 7.5 5.0 13.75 10000000216.220402
300.0 10.0 5.0 13.75 7620496.7824
300.0 -5.0 -10.0 15.0 0.0
300.0 -2.5 -10.0 15.0 0.0331
300.0 0.0 -10.0 15.0 -0.057999999999999996
300.0 2.5 -10.0 15.0 -0.4509
300.0 5.0 -10.0 15.0 -1.562
300.0 7.5 -10.0 15.0 -1.7659
300.0 10.0 -10.0 15.0 -2.1741
300.0 -5.0 -7.5 15.0 0.0144
300.0 -2.5 -7.5 15.0 -0.2384
300.0 0.0 -7.5 15.0 -0.1034
300.0 2.5 -7.5 15.0 -0.4996
300.0 5.0 -7.5 15.0 -2.0126999999999997
300.0 7.5 -7.5 15.0 -3.9234
300.0 10.0 -7.5 15.0 -4.6516
300.0 -5.0 -5.0 15.0 -0.1463
300.0 -2.5 -5.0 15.0 0.1848
300.0 0.0 -5.0 15.0 0.8516
300.0 2.5 -5.0 15.0 0.5097
300.0 5.0 -5.0 15.0 -2.0846999999999998
300.0 7.5 -5.0 15.0 2.231
300.0 10.0 -5.0 15.0 14.2795
300.0 -5.0 -2.5 15.0 -0.5479999999999999
300.0 -2.5 -2.5 15.0 -0.3603
300.0 0.0 -2.5 15.0 -1.2148
300.0 2.5 -2.5 15.0 -3.6477000000000004
300.0 5.0 -2.5 15.0 -6.8751
300.0 10.0 -2.5 15.0 30.622500000000002
300.0 -5.0 0.0 15.0 -0.8234
300.0 -2.5 0.0 15.0 -2.0736
300.0 0.0 0.0 15.0 -5.3912
300.0 2.5 0.0 15.0 -11.2625
300.0 5.0 0.0 15.0 -17.7483
300.0 7.5 0.0 15.0 -11.4982
300.0 -5.0 2.5 15.0 2.2830000000000004
300.0 -2.5 2.5 15.0 1.1903000000000001
300.0 0.0 2.5 15.0 -5.5067
300.0 2.5 2.5 15.0 -17.0534
300.0 5.0 2.5 15.0 124.2474
300.0 7.5 2.5 15.0 5504.9284
300.0 10.0 2.5 15.0 88.5362
300.0 -2.5 5.0 15.0 9.8201
300.0 0.0 5.0 15.0 1201.2907
300.0 2.5 5.0 15.0 341297.52469999995
300.0 5.0 5.0 15.0 3238.7641
300.0 7.5 5.0 15.0 3602229.3571
300.0 10.0 5.0 15.0 35405.9605
300.0 -5.0 -10.0 16.25 0.0
300.0 -2.5 -10.0 16.25 0.0145
300.0 0.0 -10.0 16.25 -0.07350000000000001
300.0 2.5 -10.0 16.25 0.0609
300.0 5.0 -10.0 16.25 -0.6948
300.0 7.5 -10.0 16.25 -1.1046
300.0 10.0 -10.0 16.25 -0.9937
300.0 -5.0 -7.5 16.25 0.0
300.0 -2.5 -7.5 16.25 0.057300000000000004
300.0 0.0 -7.5 16.25 -0.1319
300.0 2.5 -7.5 16.25 -0.2096
300.0 5.0 -7.5 16.25 -1.3982999999999999
300.0 7.5 -7.5 16.25 -2.3299
300.0 10.0 -7.5 16.25 -3.5093
300.0 -5.0 -5.0 16.25 -0.1188
300.0 -2.5 -5.0 16.25 -0.25630000000000003
300.0 0.0 -5.0 16.25 -0.1865
300.0 2.5 -5.0 16.25 -0.3335
300.0 5.0 -5.0 16.25 -1.4666000000000001
300.0 7.5 -5.0 16.25 -4.045
300.0 10.0 -5.0 16.25 -5.5171
300.0 -5.0 -2.5 16.25 -0.13690000000000002
300.0 -2.5 -2.5 16.25 -0.5432
300.0 0.0 -2.5 16.25 -1.3690000000000002
300.0 2.5 -2.5 16.25 -3.2145
300.0 5.0 -2.5 16.25 -5.9721
300.0 7.5 -2.5 16.25 -7.9453
300.0 10.0 -2.5 16.25 -9.061
300.0 -5.0 0.0 16.25 -0.406
300.0 -2.5 0.0 16.25 -2.1359
300.0 0.0 0.0 16.25 -4.8011
300.0 2.5 0.0 16.25 -9.1845
300.0 5.0 0.0 16.25 -13.061200000000001
300.0 7.5 0.0 16.25 -14.593399999999999
300.0 -5.0 2.5 16.25 0.20429999999999998
300.0 -2.5 2.5 16.25 -0.62
300.0 0.0 2.5 16.25 -4.6985
300.0 2.5 2.5 16.25 -11.0723
300.0 5.0 2.5 16.25 -17.0238
300.0 7.5 2.5 16.25 -9.8487
300.0 10.0 2.5 16.25 -15.7955
300.0 -5.0 5.0 16.25 4.1258
300.0 -2.5 5.0 16.25 5.6071
300.0 0.0 5.0 16.25 11.4804
300.0 2.5 5.0 16.25 381.7978
300.0 5.0 5.0 16.25 14.264800000000001
300.0 7.5 5.0 16.25 175.13240000000002
300.0 10.0 5.0 16.25 3.0826000000000002
