0.0 0.0 2.5 5.0 63011068.3215
0.0 2.5 2.5 5.0 6712557653.1914
0.0 0.0 5.0 5.0 9999999862.7241
0.0 2.5 0.0 6.25 131641002.9976
0.0 0.0 2.5 6.25 9999999929.4736
0.0 0.0 5.0 6.25 9999999981.233501
0.0 0.0 0.0 7.5 9495128235.895699
0.0 2.5 0.0 7.5 9999999932.3899
0.0 0.0 2.5 7.5 9999999933.355902
0.0 0.0 5.0 7.5 9999999707.2912
0.0 0.0 -5.0 8.75 84.8334
0.0 5.0 -5.0 8.75 1699770.2392
0.0 -2.5 -2.5 8.75 -23.338899999999995
0.0 0.0 -2.5 8.75 323.4218
0.0 -2.5 0.0 8.75 36751902.092199996
0.0 0.0 0.0 8.75 538871952.8464999
0.0 2.5 0.0 8.75 9999999883.895802
0.0 0.0 2.5 8.75 9999999992.2096
0.0 2.5 2.5 8.75 9999999962.9095
0.0 0.0 5.0 8.75 9999999873.407501
0.0 2.5 5.0 8.75 9999999858.4867
0.0 5.0 -7.5 10.0 1936.3279
0.0 7.5 -7.5 10.0 68111.5108
0.0 -2.5 -5.0 10.0 -46.75
0.0 0.0 -5.0 10.0 -66.6062
0.0 2.5 -5.0 10.0 66.3006
0.0 5.0 -5.0 10.0 2283.6974
0.0 7.5 -5.0 10.0 6241.9915
0.0 -2.5 -2.5 10.0 1510.276
0.0 0.0 -2.5 10.0 686367.0798
0.0 2.5 -2.5 10.0 12725.905999999999
0.0 5.0 -2.5 10.0 206337971.8006
0.0 -2.5 0.0 10.0 243064399.0868
0.0 0.0 0.0 10.0 1275600292.9445002
0.0 2.5 0.0 10.0 10000000034.226002
0.0 0.0 2.5 10.0 37320843.8292
0.0 2.5 2.5 10.0 9999999928.0072
0.0 0.0 5.0 10.0 10000000019.8486
0.0 2.5 5.0 10.0 9472841421.0741
0.0 2.5 -10.0 11.25 -7.3659
0.0 5.0 -10.0 11.25 -2.6658999999999997
0.0 10.0 -10.0 11.25 1.2210999999999999
0.0 2.5 -7.5 11.25 -24.6886
0.0 5.0 -7.5 11.25 -7.3903
0.0 7.5 -7.5 11.25 9.9093
0.0 0.0 -5.0 11.25 -66.0828
0.0 2.5 -5.0 11.25 -68.43299999999999
0.0 5.0 -5.0 11.25 -0.6478999999999999
0.0 -5.0 -2.5 11.25 -10.0821
0.0 -2.5 -2.5 11.25 4681.2747
0.0 0.0 -2.5 11.25 1188.7740999999999
0.0 2.5 -2.5 11.25 8433.469099999998
0.0 5.0 -2.5 11.25 1452879.953
0.0 -5.0 0.0 11.25 10000000313.935902
0.0 -2.5 0.0 11.25 57235.7991
0.0 0.0 0.0 11.25 27598539.502
0.0 2.5 0.0 11.25 8050131107.028399
0.0 0.0 2.5 11.25 10000000100.4915
0.0 2.5 2.5 11.25 3846813577.5302
0.0 0.0 5.0 11.25 9999999897.717402
0.0 2.5 5.0 11.25 5912995156.7383995
0.0 -2.5 -10.0 12.5 -6.097200000000001
0.0 2.5 -10.0 12.5 -6.0635
0.0 5.0 -10.0 12.5 -2.1817
0.0 7.5 -10.0 12.5 0.5662
0.0 10.0 -10.0 12.5 2.8391999999999995
0.0 -5.0 -7.5 12.5 -7.5358
0.0 0.0 -7.5 12.5 -23.519699999999997
0.0 2.5 -7.5 12.5 -23.3064
0.0 5.0 -7.5 12.5 -14.257100000000001
0.0 7.5 -7.5 12.5 -7.4830000000000005
0.0 10.0 -7.5 12.5 583.306
0.0 -2.5 -5.0 12.5 -29.0549
0.0 0.0 -5.0 12.5 -54.498799999999996
0.0 2.5 -5.0 12.5 -62.367399999999996
0.0 5.0 -5.0 12.5 -44.3818
0.0 -2.5 -2.5 12.5 -2.638200000000001
0.0 0.0 -2.5 12.5 -91.0277
0.0 2.5 -2.5 12.5 -56.576800000000006
0.0 5.0 -2.5 12.5 381.517
0.0 -5.0 0.0 12.5 79898.1443
0.0 -2.5 0.0 12.5 377.6444
0.0 0.0 0.0 12.5 119448226.6988
0.0 2.5 0.0 12.5 9999999866.426401
0.0 5.0 0.0 12.5 323545677.4526
0.0 -2.5 2.5 12.5 236194.6022
0.0 0.0 2.5 12.5 2042151077.8418999
0.0 2.5 2.5 12.5 9999999891.6772
0.0 7.5 2.5 12.5 9999999683.0517
0.0 0.0 5.0 12.5 9999999995.8561
0.0 2.5 5.0 12.5 833712021.8273001
0.0 5.0 5.0 12.5 9999999947.9848
0.0 -2.5 -10.0 13.75 -3.2083
0.0 0.0 -10.0 13.75 -4.04
0.0 2.5 -10.0 13.75 -4.4892
0.0 5.0 -10.0 13.75 -1.8220999999999998
0.0 7.5 -10.0 13.75 1.302
0.0 10.0 -10.0 13.75 3.8618000000000006
0.0 -5.0 -7.5 13.75 -3.9459
0.0 -2.5 -7.5 13.75 -10.847199999999999
0.0 0.0 -7.5 13.75 -17.4966
0.0 2.5 -7.5 13.75 -19.1101
0.0 5.0 -7.5 13.75 -13.4152
0.0 7.5 -7.5 13.75 -7.296799999999999
0.0 10.0 -7.5 13.75 127.7063
0.0 -2.5 -5.0 13.75 -19.7563
0.0 0.0 -5.0 13.75 -41.1304
0.0 2.5 -5.0 13.75 -50.8123
0.0 5.0 -5.0 13.75 -42.3796
0.0 7.5 -5.0 13.75 -8.303799999999999
0.0 -5.0 -2.5 13.75 6.2603
0.0 -2.5 -2.5 13.75 -21.589100000000002
0.0 0.0 -2.5 13.75 -67.1622
0.0 2.5 -2.5 13.75 -11.797299999999993
0.0 5.0 -2.5 13.75 -32.332600000000006
0.0 7.5 -2.5 13.75 1.066600000000001
0.0 -5.0 0.0 13.75 80.1231
0.0 -2.5 0.0 13.75 781.9778
0.0 0.0 0.0 13.75 4210779961.544
0.0 2.5 0.0 13.75 357369.05899999995
0.0 5.0 0.0 13.75 1600647489.303
0.0 7.5 0.0 13.75 254084597.5776
0.0 10.0 0.0 13.75 9166866746.4462
0.0 -5.0 2.5 13.75 204841444.47509998
0.0 -2.5 2.5 13.75 16607777.3047
0.0 0.0 2.5 13.75 1871119.4807
0.0 2.5 2.5 13.75 1029561970.8939
0.0 5.0 2.5 13.75 10000000064.5403
0.0 7.5 2.5 13.75 751514167.8842
0.0 -2.5 5.0 13.75 9999999752.804602
0.0 0.0 5.0 13.75 261818799.2218
0.0 2.5 5.0 13.75 10000000198.979801
0.0 5.0 5.0 13.75 10000000035.2917
0.0 7.5 5.0 13.75 10000000142.230701
0.0 10.0 5.0 13.75 10000000045.1466
0.0 -5.0 -10.0 15.0 -0.84
0.0 -2.5 -10.0 15.0 -1.2995999999999999
0.0 0.0 -10.0 15.0 -2.2426
0.0 2.5 -10.0 15.0 -1.6966999999999999
0.0 5.0 -10.0 15.0 -0.9779
0.0 7.5 -10.0 15.0 1.3957000000000002
0.0 10.0 -10.0 15.0 3.0703
0.0 -5.0 -7.5 15.0 -1.7919
0.0 -2.5 -7.5 15.0 -5.766
0.0 0.0 -7.5 15.0 -11.7246
0.0 2.5 -7.5 15.0 -14.8911
0.0 5.0 -7.5 15.0 -11.8312
0.0 7.5 -7.5 15.0 -6.2328
0.0 10.0 -7.5 15.0 1.6084
0.0 -5.0 -5.0 15.0 0.6729
0.0 -2.5 -5.0 15.0 -11.747499999999999
0.0 0.0 -5.0 15.0 -27.4039
0.0 2.5 -5.0 15.0 -37.8772
0.0 5.0 -5.0 15.0 -34.9775
0.0 7.5 -5.0 15.0 -22.6111
0.0 10.0 -5.0 15.0 36.890100000000004
0.0 -5.0 -2.5 15.0 12.8793
0.0 -2.5 -2.5 15.0 -9.520199999999999
0.0 0.0 -2.5 15.0 -43.6479
0.0 2.5 -2.5 15.0 12.421499999999995
0.0 5.0 -2.5 15.0 17.031699999999994
0.0 7.5 -2.5 15.0 -45.272499999999994
0.0 10.0 -2.5 15.0 3103093.5601999997
0.0 -5.0 0.0 15.0 53.7773
0.0 -2.5 0.0 15.0 61.0503
0.0 0.0 0.0 15.0 254.2018
0.0 2.5 0.0 15.0 53055450.7555
0.0 5.0 0.0 15.0 35658165.0386
0.0 7.5 0.0 15.0 2133421.7883
0.0 10.0 0.0 15.0 9999999947.004501
0.0 -5.0 2.5 15.0 9963.019400000001
0.0 -2.5 2.5 15.0 8151.4969
0.0 0.0 2.5 15.0 8180.5866
0.0 2.5 2.5 15.0 6280500.4455
0.0 5.0 2.5 15.0 515627328.193
0.0 7.5 2.5 15.0 9999999932.2668
0.0 10.0 2.5 15.0 9999999907.6683
0.0 -5.0 5.0 15.0 10000000018.746601
0.0 -2.5 5.0 15.0 13368691.7758
0.0 0.0 5.0 15.0 8470416620.9261
0.0 2.5 5.0 15.0 1048538952.2866
0.0 5.0 5.0 15.0 1372740337.9042
0.0 7.5 5.0 15.0 749963204.6703
0.0 10.0 5.0 15.0 245243.1908
0.0 -5.0 -10.0 16.25 -0.2043
0.0 -2.5 -10.0 16.25 -0.0834
0.0 0.0 -10.0 16.25 -0.2251
0.0 2.5 -10.0 16.25 -1.0358
0.0 5.0 -10.0 16.25 -0.2628
0.0 7.5 -10.0 16.25 1.2149
0.0 10.0 -10.0 16.25 2.2168
0.0 -5.0 -7.5 16.25 -0.6184000000000001
0.0 -2.5 -7.5 16.25 -3.2703
0.0 0.0 -7.5 16.25 -6.7893
0.0 2.5 -7.5 16.25 -9.044699999999999
0.0 5.0 -7.5 16.25 -8.5502
0.0 7.5 -7.5 16.25 -4.5374
0.0 10.0 -7.5 16.25 -0.7128999999999999
0.0 -5.0 -5.0 16.25 2.6623
0.0 -2.5 -5.0 16.25 -5.4242
0.0 0.0 -5.0 16.25 -18.2914
0.0 2.5 -5.0 16.25 -25.8898
0.0 5.0 -5.0 16.25 -25.4878
0.0 7.5 -5.0 16.25 -17.1878
0.0 10.0 -5.0 16.25 -7.1891
0.0 -5.0 -2.5 16.25 14.5805
0.0 -2.5 -2.5 16.25 -1.1992
0.0 0.0 -2.5 16.25 -25.9794
0.0 2.5 -2.5 16.25 -39.535900000000005
0.0 5.0 -2.5 16.25 -42.1117
0.0 7.5 -2.5 16.25 -33.1197
0.0 10.0 -2.5 16.25 62.95589999999999
0.0 -5.0 0.0 16.25 43.4448
0.0 -2.5 0.0 16.25 14.726899999999999
0.0 0.0 0.0 16.25 -12.597499999999998
0.0 2.5 0.0 16.25 19951309.7753
0.0 5.0 0.0 16.25 22974.345999999998
0.0 7.5 0.0 16.25 92257.4277
0.0 10.0 0.0 16.25 262854760.797
0.0 -5.0 2.5 16.25 1527.2212
0.0 -2.5 2.5 16.25 2318.8907
0.0 0.0 2.5 16.25 5252.950699999999
0.0 2.5 2.5 16.25 15591858.2588
0.0 5.0 2.5 16.25 123895376.38440001
0.0 7.5 2.5 16.25 875706377.4336
0.0 10.0 2.5 16.25 312614.4412
0.0 -5.0 5.0 16.25 5124594.1523
0.0 -2.5 5.0 16.25 165001010.5786
0.0 0.0 5.0 16.25 10000000054.8735
0.0 2.5 5.0 16.25 803049845.9214
0.0 5.0 5.0 16.25 10000000293.781
0.0 7.5 5.0 16.25 10000000055.7681
0.0 10.0 5.0 16.25 2163888.0422
60.0 -5.0 -10.0 3.75 -24.6491
60.0 -2.5 -10.0 3.75 -46.4555
60.0 0.0 -10.0 3.75 -73.3407
60.0 2.5 -10.0 3.75 610632714.9979
60.0 5.0 -10.0 3.75 408634.3254
60.0 7.5 -10.0 3.75 3564690267.7672
60.0 10.0 -10.0 3.75 3386467225.2896
60.0 -5.0 -7.5 3.75 -34.0023
60.0 -2.5 -7.5 3.75 -58.445499999999996
60.0 0.0 -7.5 3.75 -14.2376
60.0 2.5 -7.5 3.75 10000000151.3187
60.0 5.0 -7.5 3.75 9999999552.0555
60.0 7.5 -7.5 3.75 8798718828.9393
60.0 10.0 -7.5 3.75 2905213527.7481
60.0 -5.0 -5.0 3.75 123.38879999999999
60.0 -2.5 -5.0 3.75 53586086.4237
60.0 0.0 -5.0 3.75 815476.0174
60.0 2.5 -5.0 3.75 9999999810.679901
60.0 5.0 -5.0 3.75 4615974848.3899
60.0 7.5 -5.0 3.75 9999999940.9302
60.0 10.0 -5.0 3.75 9999999890.872702
60.0 -5.0 -2.5 3.75 27265.3731
60.0 -2.5 -2.5 3.75 9999999983.726702
60.0 0.0 -2.5 3.75 9999999990.190102
60.0 2.5 -2.5 3.75 872504118.5423
60.0 5.0 -2.5 3.75 6707039320.2371
60.0 7.5 -2.5 3.75 10000000192.5251
60.0 10.0 -2.5 3.75 9999999629.3812
60.0 -5.0 0.0 3.75 43394334.1473
60.0 -2.5 0.0 3.75 4287954.0302
60.0 0.0 0.0 3.75 312266947.5772
60.0 2.5 0.0 3.75 10000000102.3705
60.0 5.0 0.0 3.75 9999999845.496302
60.0 7.5 0.0 3.75 10000000226.1508
60.0 10.0 0.0 3.75 10000000026.005402
60.0 -5.0 2.5 3.75 10000000052.0951
60.0 -2.5 2.5 3.75 223586073.1784
60.0 0.0 2.5 3.75 10000000252.941
60.0 2.5 2.5 3.75 10000000086.3735
60.0 5.0 2.5 3.75 9999999918.0393
60.0 7.5 2.5 3.75 9999999879.8474
60.0 10.0 2.5 3.75 10000000074.3092
60.0 -5.0 5.0 3.75 2333889.4175
60.0 -2.5 5.0 3.75 10000000056.279902
60.0 0.0 5.0 3.75 9999999883.435501
60.0 2.5 5.0 3.75 10000000293.006601
60.0 5.0 5.0 3.75 2620282036.4723
60.0 7.5 5.0 3.75 9999999968.620901
60.0 10.0 5.0 3.75 10000000075.9904
60.0 0.0 -2.5 6.25 4600457138.665
60.0 0.0 2.5 6.25 10000000095.3453
60.0 5.0 -7.5 7.5 11218546.9367
60.0 0.0 -5.0 7.5 2363764445.4883
60.0 0.0 -2.5 7.5 9999999974.7971
60.0 -2.5 0.0 7.5 750565825.9334
60.0 0.0 0.0 7.5 1077334545.7921999
60.0 -2.5 2.5 7.5 555687030.6713
60.0 0.0 2.5 7.5 9999999895.367102
60.0 0.0 -7.5 8.75 -14.0723
60.0 0.0 -5.0 8.75 3060167.242
60.0 2.5 -5.0 8.75 837673.1438000001
60.0 0.0 -2.5 8.75 316014879.5593
60.0 -2.5 0.0 8.75 145928.3483
60.0 0.0 0.0 8.75 10000000029.3297
60.0 -2.5 2.5 8.75 10000000073.602901
60.0 0.0 2.5 8.75 10000000038.397501
60.0 2.5 2.5 8.75 9999999984.2166
60.0 -5.0 5.0 8.75 2614999.917
60.0 -2.5 5.0 8.75 10000000140.775501
60.0 0.0 5.0 8.75 10000000222.4892
60.0 0.0 -10.0 10.0 -13.2136
60.0 0.0 -7.5 10.0 -10.244299999999999
60.0 2.5 -7.5 10.0 -21.2348
60.0 5.0 -7.5 10.0 -32.1128
60.0 0.0 -5.0 10.0 1782161.6356
60.0 2.5 -5.0 10.0 1130669904.9449
60.0 0.0 -2.5 10.0 207920.41939999998
60.0 -2.5 0.0 10.0 20541459.9881
60.0 0.0 0.0 10.0 26512478.074300002
60.0 -5.0 2.5 10.0 44119346.5548
60.0 -2.5 2.5 10.0 10000000148.723701
60.0 0.0 2.5 10.0 10000000058.506102
60.0 2.5 2.5 10.0 155463047.15960002
60.0 -2.5 5.0 10.0 10000000075.9617
60.0 0.0 5.0 10.0 9999999954.527102
60.0 2.5 5.0 10.0 10000000024.449501
60.0 0.0 -10.0 11.25 -5.7692
60.0 7.5 -10.0 11.25 -23.0981
60.0 10.0 -10.0 11.25 -25.2549
60.0 -2.5 -7.5 11.25 0.7379
60.0 0.0 -7.5 11.25 12.822700000000001
60.0 2.5 -7.5 11.25 9.4565
60.0 5.0 -7.5 11.25 -25.7314
60.0 7.5 -7.5 11.25 2166.9199000000003
60.0 10.0 -7.5 11.25 -51.496399999999994
60.0 0.0 -5.0 11.25 28761.6892
60.0 2.5 -5.0 11.25 5566609.988100001
60.0 0.0 -2.5 11.25 1269.7513
60.0 -2.5 0.0 11.25 3267603.2442
60.0 0.0 0.0 11.25 3195799387.7188
60.0 2.5 0.0 11.25 667915579.3334
60.0 -5.0 2.5 11.25 152509920.2353
60.0 -2.5 2.5 11.25 9999999992.5273
60.0 0.0 2.5 11.25 10000000063.6355
60.0 2.5 2.5 11.25 982629788.0489
60.0 -5.0 5.0 11.25 10000000017.9752
60.0 -2.5 5.0 11.25 1921922.7829999998
60.0 0.0 5.0 11.25 10000000143.904202
60.0 2.5 5.0 11.25 9999999723.2975
60.0 5.0 5.0 11.25 10000000072.17
60.0 0.0 -10.0 12.5 -0.9151
60.0 2.5 -10.0 12.5 -4.702
60.0 5.0 -10.0 12.5 -12.9576
60.0 7.5 -10.0 12.5 -20.7352
60.0 10.0 -10.0 12.5 -25.9255
60.0 -2.5 -7.5 12.5 7.1067
60.0 0.0 -7.5 12.5 9.0069
60.0 2.5 -7.5 12.5 8.6988
60.0 5.0 -7.5 12.5 -15.2669
60.0 7.5 -7.5 12.5 170.8743
60.0 10.0 -7.5 12.5 -68.1377
60.0 -5.0 -5.0 12.5 11.3872
60.0 -2.5 -5.0 12.5 19.8726
60.0 0.0 -5.0 12.5 886.5666
60.0 2.5 -5.0 12.5 998.0788
60.0 -2.5 -2.5 12.5 166.4941
60.0 0.0 -2.5 12.5 3749.4836
60.0 5.0 -2.5 12.5 10000000198.073502
60.0 -5.0 0.0 12.5 276.3889
60.0 -2.5 0.0 12.5 1877856541.3274
60.0 0.0 0.0 12.5 1886362899.7985
60.0 2.5 0.0 12.5 3349564.2641
60.0 -5.0 2.5 12.5 27631912.5847
60.0 -2.5 2.5 12.5 9999999988.1571
60.0 0.0 2.5 12.5 10000000117.9143
60.0 2.5 2.5 12.5 8637161894.9336
60.0 -5.0 5.0 12.5 10000000088.2217
60.0 -2.5 5.0 12.5 10000000233.5279
60.0 0.0 5.0 12.5 3586639657.5780997
60.0 2.5 5.0 12.5 2630353235.9142
60.0 5.0 5.0 12.5 9999999968.147202
60.0 -2.5 -10.0 13.75 1.8389
60.0 0.0 -10.0 13.75 2.5843
60.0 2.5 -10.0 13.75 -0.9682
60.0 5.0 -10.0 13.75 -8.3104
60.0 7.5 -10.0 13.75 -16.8518
60.0 10.0 -10.0 13.75 -21.908
60.0 -2.5 -7.5 13.75 11.320500000000001
60.0 0.0 -7.5 13.75 12.9037
60.0 2.5 -7.5 13.75 9.1551
60.0 5.0 -7.5 13.75 -7.4831
60.0 7.5 -7.5 13.75 -30.607499999999998
60.0 10.0 -7.5 13.75 -49.1299
60.0 -5.0 -5.0 13.75 15.3235
60.0 -2.5 -5.0 13.75 32.1556
60.0 0.0 -5.0 13.75 42.3249
60.0 2.5 -5.0 13.75 1502.965
60.0 5.0 -5.0 13.75 674.3179
60.0 7.5 -5.0 13.75 0.49629999999999797
60.0 10.0 -5.0 13.75 135.2691
60.0 -5.0 -2.5 13.75 21.7734
60.0 -2.5 -2.5 13.75 124.6047
60.0 0.0 -2.5 13.75 12234998.5467
60.0 2.5 -2.5 13.75 4716.91
60.0 5.0 -2.5 13.75 9592466.837299999
60.0 7.5 -2.5 13.75 12061.005200000001
60.0 -5.0 0.0 13.75 73.187
60.0 -2.5 0.0 13.75 119664240.4962
60.0 0.0 0.0 13.75 11700534.8518
60.0 2.5 0.0 13.75 9999999935.202002
60.0 5.0 0.0 13.75 172157629.4252
60.0 -5.0 2.5 13.75 2620689.926
60.0 -2.5 2.5 13.75 10000000069.0228
60.0 0.0 2.5 13.75 430348675.1003
60.0 2.5 2.5 13.75 786959136.0349
60.0 -5.0 5.0 13.75 104921.9375
60.0 -2.5 5.0 13.75 10000000039.9318
60.0 0.0 5.0 13.75 10000000044.8684
60.0 2.5 5.0 13.75 9999999819.8869
60.0 5.0 5.0 13.75 9999999848.412401
60.0 -5.0 -10.0 15.0 0.49850000000000005
60.0 -2.5 -10.0 15.0 2.2914000000000003
60.0 0.0 -10.0 15.0 3.247
60.0 2.5 -10.0 15.0 1.3933
60.0 5.0 -10.0 15.0 -4.5688
60.0 7.5 -10.0 15.0 -12.334999999999999
60.0 10.0 -10.0 15.0 -17.264599999999998
60.0 -5.0 -7.5 15.0 6.2527
60.0 -2.5 -7.5 15.0 12.856000000000002
60.0 0.0 -7.5 15.0 16.6069
60.0 2.5 -7.5 15.0 10.6931
60.0 5.0 -7.5 15.0 -3.0388
60.0 7.5 -7.5 15.0 -19.7379
60.0 10.0 -7.5 15.0 -33.0897
60.0 -5.0 -5.0 15.0 16.4262
60.0 -2.5 -5.0 15.0 35.6536
60.0 0.0 -5.0 15.0 49.0148
60.0 2.5 -5.0 15.0 122.11699999999999
60.0 5.0 -5.0 15.0 32.97
60.0 7.5 -5.0 15.0 -21.481499999999997
60.0 10.0 -5.0 15.0 -44.9129
60.0 -5.0 -2.5 15.0 24.2256
60.0 -2.5 -2.5 15.0 84.1421
60.0 0.0 -2.5 15.0 725889.5682
60.0 2.5 -2.5 15.0 245.5725
60.0 5.0 -2.5 15.0 485.0498
60.0 7.5 -2.5 15.0 -10.3676
60.0 10.0 -2.5 15.0 -27.323500000000003
60.0 -5.0 0.0 15.0 26.4593
60.0 -2.5 0.0 15.0 356.59889999999996
60.0 0.0 0.0 15.0 2605304629.2454
60.0 2.5 0.0 15.0 53087567.67519999
60.0 5.0 0.0 15.0 5918223.9838
60.0 7.5 0.0 15.0 468486.0758
60.0 10.0 0.0 15.0 10229.1685
60.0 -5.0 2.5 15.0 18.9849
60.0 -2.5 2.5 15.0 244931.8789
60.0 0.0 2.5 15.0 898734810.0621
60.0 2.5 2.5 15.0 628973325.2253001
60.0 5.0 2.5 15.0 10000000155.4873
60.0 7.5 2.5 15.0 8221755.1641999995
60.0 10.0 2.5 15.0 204650428.53869998
60.0 -5.0 5.0 15.0 80811068.7814
60.0 -2.5 5.0 15.0 205002275.659
60.0 0.0 5.0 15.0 9999999972.7161
60.0 2.5 5.0 15.0 2848218326.8163
60.0 5.0 5.0 15.0 10000000317.990501
60.0 -5.0 -10.0 16.25 0.3891
60.0 -2.5 -10.0 16.25 2.1181
60.0 0.0 -10.0 16.25 3.3758
60.0 2.5 -10.0 16.25 2.0352
60.0 5.0 -10.0 16.25 -2.7935000000000003
60.0 7.5 -10.0 16.25 -8.7361
60.0 10.0 -10.0 16.25 -12.0044
60.0 -5.0 -7.5 16.25 5.3636
60.0 -2.5 -7.5 16.25 12.0764
60.0 0.0 -7.5 16.25 15.982899999999999
60.0 2.5 -7.5 16.25 11.567
60.0 5.0 -7.5 16.25 0.09599999999999997
60.0 7.5 -7.5 16.25 -12.8673
60.0 10.0 -7.5 16.25 -22.2989
60.0 -5.0 -5.0 16.25 14.3182
60.0 -2.5 -5.0 16.25 31.1664
60.0 0.0 -5.0 16.25 43.2217
60.0 2.5 -5.0 16.25 29.2441
60.0 5.0 -5.0 16.25 6.6183
60.0 7.5 -5.0 16.25 -12.0029
60.0 10.0 -5.0 16.25 -27.7743
60.0 -5.0 -2.5 16.25 22.733800000000002
60.0 -2.5 -2.5 16.25 52.457
60.0 0.0 -2.5 16.25 2542.6839
60.0 2.5 -2.5 16.25 87.7399
60.0 5.0 -2.5 16.25 30.093600000000002
60.0 7.5 -2.5 16.25 -7.0707
60.0 10.0 -2.5 16.25 -28.0477
60.0 -5.0 0.0 16.25 20.2089
60.0 -2.5 0.0 16.25 182.05020000000002
60.0 0.0 0.0 16.25 65631852.337
60.0 2.5 0.0 16.25 280756687.40129995
60.0 5.0 0.0 16.25 7076320.166
60.0 7.5 0.0 16.25 348.4372
60.0 10.0 0.0 16.25 3033.2731000000003
60.0 -5.0 2.5 16.25 7.5403
60.0 -2.5 2.5 16.25 15339.802399999999
60.0 0.0 2.5 16.25 13003373.117999999
60.0 2.5 2.5 16.25 4815805.9963
60.0 5.0 2.5 16.25 5379334.490900001
60.0 7.5 2.5 16.25 137343855.1568
60.0 10.0 2.5 16.25 782325747.9510001
60.0 -5.0 5.0 16.25 1514307966.6469
60.0 -2.5 5.0 16.25 1783857210.4388
60.0 0.0 5.0 16.25 53495415.027499996
60.0 2.5 5.0 16.25 2312079684.5631
60.0 5.0 5.0 16.25 2792642532.3046
60.0 7.5 5.0 16.25 10000000009.177101
60.0 10.0 5.0 16.25 19983722.4339
120.0 -5.0 -10.0 3.75 1.8264
120.0 -2.5 -10.0 3.75 -1.9493
120.0 0.0 -10.0 3.75 -5.083200000000001
120.0 2.5 -10.0 3.75 6015.242200000001
120.0 5.0 -10.0 3.75 2260903327.3117
120.0 7.5 -10.0 3.75 9999999928.503302
120.0 10.0 -10.0 3.75 9999999709.002201
120.0 -5.0 -7.5 3.75 -3.7595
120.0 -2.5 -7.5 3.75 -7.3727
120.0 0.0 -7.5 3.75 -6.676400000000001
120.0 2.5 -7.5 3.75 15894754.5854
120.0 5.0 -7.5 3.75 9999999837.2619
120.0 7.5 -7.5 3.75 980794191.4366
120.0 10.0 -7.5 3.75 9999999767.1452
120.0 -5.0 -5.0 3.75 -15.788
120.0 -2.5 -5.0 3.75 3881033.8242
120.0 0.0 -5.0 3.75 346648610.6315
120.0 2.5 -5.0 3.75 10000000084.411901
120.0 5.0 -5.0 3.75 9999999865.358702
120.0 7.5 -5.0 3.75 9999999870.626202
120.0 10.0 -5.0 3.75 10000000015.470001
120.0 -5.0 -2.5 3.75 -33.990700000000004
120.0 -2.5 -2.5 3.75 494.9242
120.0 0.0 -2.5 3.75 1911329.061
120.0 2.5 -2.5 3.75 151249357.5178
120.0 5.0 -2.5 3.75 10000000592.6254
120.0 7.5 -2.5 3.75 9999999802.316
120.0 10.0 -2.5 3.75 9999999884.413
120.0 -5.0 0.0 3.75 410.76279999999997
120.0 -2.5 0.0 3.75 435727.8771
120.0 0.0 0.0 3.75 267442.7766
120.0 2.5 0.0 3.75 10000000168.621302
120.0 5.0 0.0 3.75 10000000067.1495
120.0 7.5 0.0 3.75 10000000120.274101
120.0 10.0 0.0 3.75 10000000112.5107
120.0 -5.0 2.5 3.75 -19.667499999999997
120.0 -2.5 2.5 3.75 3603045.9711
120.0 0.0 2.5 3.75 30415361.6016
120.0 2.5 2.5 3.75 10000000011.684301
120.0 5.0 2.5 3.75 10000000269.9738
120.0 7.5 2.5 3.75 10000000180.0494
120.0 10.0 2.5 3.75 9999999689.3066
120.0 -5.0 5.0 3.75 159771247.8121
120.0 -2.5 5.0 3.75 9999999996.6851
120.0 0.0 5.0 3.75 9999999907.9627
120.0 2.5 5.0 3.75 9999999976.2455
120.0 5.0 5.0 3.75 10000000338.456001
120.0 7.5 5.0 3.75 10000000419.52
120.0 10.0 5.0 3.75 9999999897.500301
120.0 -2.5 0.0 5.0 -8.1121
120.0 -2.5 2.5 5.0 1980322.5157
120.0 0.0 -2.5 6.25 299.07869999999997
120.0 -2.5 0.0 6.25 -10.4359
120.0 -2.5 2.5 6.25 1014.6600999999999
120.0 -2.5 5.0 6.25 5418609479.280701
120.0 0.0 -7.5 7.5 129.6579
120.0 -2.5 -5.0 7.5 -11.1811
120.0 0.0 -5.0 7.5 224948.47090000001
120.0 -2.5 -2.5 7.5 -15.293099999999999
120.0 0.0 -2.5 7.5 534.297
120.0 -2.5 0.0 7.5 3.1934000000000005
120.0 -2.5 2.5 7.5 91627.5842
120.0 0.0 2.5 7.5 119612932.436
120.0 -2.5 5.0 7.5 295422458.0588
120.0 0.0 -7.5 8.75 -1.5366
120.0 -2.5 -5.0 8.75 -4.1677
120.0 0.0 -5.0 8.75 168874127.476
120.0 2.5 -5.0 8.75 4591241.2551
120.0 -2.5 -2.5 8.75 -7.5034
120.0 0.0 -2.5 8.75 506.46189999999996
120.0 -2.5 0.0 8.75 152.5806
120.0 0.0 0.0 8.75 24548152.9308
120.0 -2.5 2.5 8.75 9999999964.7812
120.0 0.0 2.5 8.75 740894.5922000001
120.0 -5.0 5.0 8.75 19363.774400000002
120.0 -2.5 5.0 8.75 9999999861.6513
120.0 0.0 -7.5 10.0 5.945399999999999
120.0 2.5 -7.5 10.0 886.1111000000001
120.0 -2.5 -5.0 10.0 -0.040200000000000014
120.0 0.0 -5.0 10.0 3624.3237999999997
120.0 2.5 -5.0 10.0 385.1595
120.0 -2.5 -2.5 10.0 7.6253
120.0 0.0 -2.5 10.0 1804149.1574000001
120.0 -2.5 0.0 10.0 17417410.0152
120.0 0.0 0.0 10.0 10000000009.2045
120.0 -2.5 2.5 10.0 5908295.7435
120.0 0.0 2.5 10.0 10000000023.493502
120.0 2.5 2.5 10.0 176234904.40859997
120.0 -5.0 5.0 10.0 698061.0433
120.0 -2.5 5.0 10.0 9999999993.743801
120.0 0.0 5.0 10.0 10000000119.119701
120.0 0.0 -10.0 11.25 1.3547
120.0 2.5 -10.0 11.25 -0.9118999999999999
120.0 5.0 -10.0 11.25 -8.3223
120.0 7.5 -10.0 11.25 2467.0819
120.0 0.0 -7.5 11.25 6.2738
120.0 2.5 -7.5 11.25 2.0858
120.0 5.0 -7.5 11.25 113.3365
120.0 -2.5 -5.0 11.25 2.1419
120.0 0.0 -5.0 11.25 12.3474
120.0 2.5 -5.0 11.25 19.5501
120.0 -5.0 -2.5 11.25 -1.1958
120.0 -2.5 -2.5 11.25 343.9959
120.0 0.0 -2.5 11.25 1486853276.7579
120.0 -5.0 0.0 11.25 0.2502
120.0 -2.5 0.0 11.25 1022.5284
120.0 0.0 0.0 11.25 2104733.8211
120.0 2.5 0.0 11.25 10000000284.4634
120.0 5.0 0.0 11.25 358894997.1861
120.0 -5.0 2.5 11.25 335.8849
120.0 -2.5 2.5 11.25 75525367.78199999
120.0 0.0 2.5 11.25 407383195.3617
120.0 2.5 2.5 11.25 10000000063.2782
120.0 -5.0 5.0 11.25 520.2689
120.0 -2.5 5.0 11.25 524418865.18939996
120.0 0.0 5.0 11.25 9999999929.275002
120.0 2.5 5.0 11.25 10000000068.341702
120.0 -5.0 -10.0 12.5 0.5746
120.0 0.0 -10.0 12.5 2.211
120.0 2.5 -10.0 12.5 0.9369000000000001
120.0 5.0 -10.0 12.5 -2.4793
120.0 7.5 -10.0 12.5 75.33489999999999
120.0 10.0 -10.0 12.5 26.9943
120.0 -2.5 -7.5 12.5 1.5919999999999999
120.0 0.0 -7.5 12.5 3.5301
120.0 2.5 -7.5 12.5 3.6500000000000004
120.0 5.0 -7.5 12.5 4.1525
120.0 -2.5 -5.0 12.5 1.9872
120.0 0.0 -5.0 12.5 402.273
120.0 2.5 -5.0 12.5 13.7388
120.0 -5.0 -2.5 12.5 -1.578
120.0 -2.5 -2.5 12.5 1891.9868
120.0 0.0 -2.5 12.5 9110601.249699999
120.0 -5.0 0.0 12.5 4.750500000000001
120.0 -2.5 0.0 12.5 14066.0312
120.0 0.0 0.0 12.5 677506048.3953
120.0 2.5 0.0 12.5 5449343729.8316
120.0 5.0 0.0 12.5 287984488.70610005
120.0 -5.0 2.5 12.5 4594.9177
120.0 -2.5 2.5 12.5 9999999925.5244
120.0 0.0 2.5 12.5 9999999923.164902
120.0 2.5 2.5 12.5 10000000043.6282
120.0 5.0 2.5 12.5 9999999969.741901
120.0 -5.0 5.0 12.5 189.3972
120.0 -2.5 5.0 12.5 28686612.7883
120.0 0.0 5.0 12.5 86928822.19980001
120.0 2.5 5.0 12.5 9999999853.227901
120.0 5.0 5.0 12.5 10000000006.3101
120.0 7.5 5.0 12.5 9999999791.9564
120.0 -5.0 -10.0 13.75 0.3342
120.0 -2.5 -10.0 13.75 1.0070999999999999
120.0 0.0 -10.0 13.75 1.7743
120.0 2.5 -10.0 13.75 1.8633
120.0 5.0 -10.0 13.75 1.3306
120.0 7.5 -10.0 13.75 -1.3252
120.0 10.0 -10.0 13.75 -2.4984
120.0 -2.5 -7.5 13.75 0.8758000000000001
120.0 0.0 -7.5 13.75 2.3443
120.0 2.5 -7.5 13.75 3.5612999999999997
120.0 5.0 -7.5 13.75 4.3622000000000005
120.0 7.5 -7.5 13.75 6.4306
120.0 10.0 -7.5 13.75 16.6087
120.0 -5.0 -5.0 13.75 -0.18689999999999998
120.0 -2.5 -5.0 13.75 0.9138999999999999
120.0 0.0 -5.0 13.75 1029.6341
120.0 2.5 -5.0 13.75 10.7601
120.0 -5.0 -2.5 13.75 -2.6297
120.0 -2.5 -2.5 13.75 70.41069999999999
120.0 0.0 -2.5 13.75 613528801.0269
120.0 2.5 -2.5 13.75 1458990007.8393002
120.0 -5.0 0.0 13.75 -5.0841
120.0 -2.5 0.0 13.75 31731059.2436
120.0 0.0 0.0 13.75 63137261.5231
120.0 2.5 0.0 13.75 10000000017.7066
120.0 -5.0 2.5 13.75 5692.1696
120.0 -2.5 2.5 13.75 10000000003.6231
120.0 0.0 2.5 13.75 10000000032.264502
120.0 2.5 2.5 13.75 2190819800.5822997
120.0 5.0 2.5 13.75 10000000028.616001
120.0 7.5 2.5 13.75 10000000836.8775
120.0 -5.0 5.0 13.75 271086.1044
120.0 -2.5 5.0 13.75 10776428.0765
120.0 0.0 5.0 13.75 10000000019.734701
120.0 2.5 5.0 13.75 490889087.6239
120.0 5.0 5.0 13.75 9999999973.0398
120.0 7.5 5.0 13.75 10000000011.977201
120.0 -5.0 -10.0 15.0 0.5585
120.0 -2.5 -10.0 15.0 0.6378
120.0 0.0 -10.0 15.0 1.1963
120.0 2.5 -10.0 15.0 1.4304000000000001
120.0 5.0 -10.0 15.0 1.1924
120.0 7.5 -10.0 15.0 1.0531000000000001
120.0 10.0 -10.0 15.0 0.5205
120.0 -5.0 -7.5 15.0 0.0361
120.0 -2.5 -7.5 15.0 0.18349999999999997
120.0 0.0 -7.5 15.0 1.2406000000000001
120.0 2.5 -7.5 15.0 3.2037
120.0 5.0 -7.5 15.0 5.2043
120.0 7.5 -7.5 15.0 5.469799999999999
120.0 10.0 -7.5 15.0 1.7194000000000003
120.0 -5.0 -5.0 15.0 -1.0605
120.0 -2.5 -5.0 15.0 0.013100000000000112
120.0 0.0 -5.0 15.0 18.9673
120.0 2.5 -5.0 15.0 6.9714
120.0 5.0 -5.0 15.0 11.3446
120.0 7.5 -5.0 15.0 233.5562
120.0 10.0 -5.0 15.0 6.170299999999999
120.0 -5.0 -2.5 15.0 -2.6673999999999998
120.0 -2.5 -2.5 15.0 -4.1948
120.0 0.0 -2.5 15.0 256788.8176
120.0 2.5 -2.5 15.0 270770.8439
120.0 5.0 -2.5 15.0 2638889.3911
120.0 7.5 -2.5 15.0 24217.2639
120.0 10.0 -2.5 15.0 3095.4111
120.0 -5.0 0.0 15.0 38.8281
120.0 -2.5 0.0 15.0 6176.8841
120.0 0.0 0.0 15.0 15445.0932
120.0 2.5 0.0 15.0 736198198.1092
120.0 5.0 0.0 15.0 10000000094.209002
120.0 10.0 0.0 15.0 1133424.6457
120.0 -5.0 2.5 15.0 198421.6087
120.0 -2.5 2.5 15.0 1121595374.5403998
120.0 0.0 2.5 15.0 7777057.1917
120.0 2.5 2.5 15.0 10000000197.265701
120.0 5.0 2.5 15.0 1409962303.2879
120.0 7.5 2.5 15.0 10000000033.6872
120.0 10.0 2.5 15.0 10000000105.316101
120.0 -5.0 5.0 15.0 3468557.194
120.0 -2.5 5.0 15.0 536680820.21650004
120.0 0.0 5.0 15.0 9999999928.291302
120.0 2.5 5.0 15.0 9999999940.933601
120.0 5.0 5.0 15.0 10000000166.516401
120.0 7.5 5.0 15.0 9999999796.730501
120.0 10.0 5.0 15.0 9999999799.070702
120.0 -5.0 -10.0 16.25 0.4511
120.0 -2.5 -10.0 16.25 0.5983
120.0 0.0 -10.0 16.25 0.7376
120.0 2.5 -10.0 16.25 0.7906
120.0 5.0 -10.0 16.25 1.3537000000000001
120.0 7.5 -10.0 16.25 1.4655999999999998
120.0 10.0 -10.0 16.25 1.2805
120.0 -5.0 -7.5 16.25 0.17729999999999999
120.0 -2.5 -7.5 16.25 -0.0688
120.0 0.0 -7.5 16.25 0.38169999999999993
120.0 2.5 -7.5 16.25 1.1146
120.0 5.0 -7.5 16.25 4.2842
120.0 7.5 -7.5 16.25 4.9547
120.0 10.0 -7.5 16.25 3.4562999999999997
120.0 -5.0 -5.0 16.25 -1.117
120.0 -2.5 -5.0 16.25 -1.3878
120.0 0.0 -5.0 16.25 0.8386
120.0 2.5 -5.0 16.25 6.7332
120.0 5.0 -5.0 16.25 12.1795
120.0 7.5 -5.0 16.25 18.3524
120.0 10.0 -5.0 16.25 8.735399999999998
120.0 -5.0 -2.5 16.25 -2.4703
120.0 -2.5 -2.5 16.25 -4.8431999999999995
120.0 0.0 -2.5 16.25 95.64580000000001
120.0 2.5 -2.5 16.25 250830.21099999998
120.0 5.0 -2.5 16.25 840.198
120.0 7.5 -2.5 16.25 54.2133
120.0 10.0 -2.5 16.25 38.8604
120.0 -5.0 0.0 16.25 2.33
120.0 -2.5 0.0 16.25 8530.3459
120.0 0.0 0.0 16.25 53740442.1955
120.0 2.5 0.0 16.25 931043.6001
120.0 5.0 0.0 16.25 1125766.494
120.0 7.5 0.0 16.25 7500.6479
120.0 10.0 0.0 16.25 987.3212
120.0 -5.0 2.5 16.25 848.9843999999999
120.0 -2.5 2.5 16.25 410867.5984
120.0 0.0 2.5 16.25 10000000043.254002
120.0 2.5 2.5 16.25 271094158.9706
120.0 5.0 2.5 16.25 2050387.9145000002
120.0 7.5 2.5 16.25 6533813.1414
120.0 10.0 2.5 16.25 2055398860.5723999
120.0 -5.0 5.0 16.25 12400.2039
120.0 -2.5 5.0 16.25 548327788.9785
120.0 0.0 5.0 16.25 9999999883.775702
120.0 2.5 5.0 16.25 572635017.1544
120.0 5.0 5.0 16.25 9999999845.8745
120.0 7.5 5.0 16.25 380458550.9469
120.0 10.0 5.0 16.25 6926277.6465
180.0 -5.0 -10.0 3.75 -23.3938
180.0 -2.5 -10.0 3.75 -43.4561
180.0 0.0 -10.0 3.75 587.2791
180.0 2.5 -10.0 3.75 7208.0381
180.0 5.0 -10.0 3.75 9999999922.424002
180.0 7.5 -10.0 3.75 10000000243.1632
180.0 10.0 -10.0 3.75 1514775314.8293
180.0 -5.0 -7.5 3.75 -30.332900000000002
180.0 -2.5 -7.5 3.75 -58.013799999999996
180.0 0.0 -7.5 3.75 95377.4011
180.0 2.5 -7.5 3.75 238055093.258
180.0 5.0 -7.5 3.75 9999999877.1511
180.0 7.5 -7.5 3.75 3258244002.2267
180.0 10.0 -7.5 3.75 9999999565.4706
180.0 -5.0 -5.0 3.75 -26.269000000000002
180.0 -2.5 -5.0 3.75 52.568999999999996
180.0 0.0 -5.0 3.75 1919770.426
180.0 2.5 -5.0 3.75 5257138846.308599
180.0 5.0 -5.0 3.75 9999999992.7565
180.0 7.5 -5.0 3.75 10000000101.325901
180.0 10.0 -5.0 3.75 10000000069.744501
180.0 -5.0 -2.5 3.75 -2.6523
180.0 -2.5 -2.5 3.75 6236.8488
180.0 0.0 -2.5 3.75 87144464.29630001
180.0 2.5 -2.5 3.75 115981983.6147
180.0 5.0 -2.5 3.75 9999999921.667501
180.0 7.5 -2.5 3.75 10000000002.650002
180.0 10.0 -2.5 3.75 10000000057.1692
180.0 -5.0 0.0 3.75 9127.3286
180.0 -2.5 0.0 3.75 10000000128.786402
180.0 0.0 0.0 3.75 1247998.0008999999
180.0 2.5 0.0 3.75 9999999908.952301
180.0 5.0 0.0 3.75 10000000379.905901
180.0 7.5 0.0 3.75 9999999876.928501
180.0 10.0 0.0 3.75 10000000131.664501
180.0 -5.0 2.5 3.75 918.0409000000001
180.0 -2.5 2.5 3.75 10000000093.5748
180.0 0.0 2.5 3.75 9999999831.970701
180.0 2.5 2.5 3.75 10000000036.0323
180.0 5.0 2.5 3.75 10000000066.4624
180.0 7.5 2.5 3.75 10000000066.519001
180.0 10.0 2.5 3.75 9999999802.0459
180.0 -5.0 5.0 3.75 54137146.4258
180.0 -2.5 5.0 3.75 783804650.4717001
180.0 0.0 5.0 3.75 855966083.6487
180.0 2.5 5.0 3.75 10000000038.219702
180.0 5.0 5.0 3.75 10000000151.149801
180.0 7.5 5.0 3.75 10000000167.569
180.0 10.0 5.0 3.75 9999999997.9185
180.0 -2.5 2.5 5.0 9999999966.8794
180.0 -2.5 -2.5 6.25 699.5585
180.0 -2.5 0.0 6.25 5406817958.2657
180.0 -2.5 -2.5 7.5 9105.9974
180.0 -2.5 0.0 7.5 10000000039.162601
180.0 -2.5 2.5 7.5 10000000044.991001
180.0 0.0 2.5 7.5 10000000018.7057
180.0 2.5 2.5 7.5 10000000256.7201
180.0 2.5 -10.0 8.75 142.6474
180.0 -2.5 -7.5 8.75 5.7881
180.0 2.5 -7.5 8.75 3252.9752
180.0 5.0 -7.5 8.75 16976.2378
180.0 -5.0 -5.0 8.75 14.4547
180.0 -2.5 -5.0 8.75 26.2706
180.0 -5.0 -2.5 8.75 176.7561
180.0 -2.5 -2.5 8.75 856260.9552
180.0 0.0 -2.5 8.75 5283623648.882999
180.0 -5.0 0.0 8.75 7084.7585
180.0 -2.5 0.0 8.75 107543.25140000001
180.0 0.0 0.0 8.75 811756724.8817999
180.0 -5.0 2.5 8.75 21903.802200000002
180.0 -2.5 2.5 8.75 276654631.2433
180.0 0.0 2.5 8.75 9999999953.388
180.0 2.5 2.5 8.75 2733422022.3438
180.0 0.0 5.0 8.75 10000000029.9106
180.0 2.5 5.0 8.75 10000000024.6082
180.0 2.5 -10.0 10.0 17.0645
180.0 -2.5 -7.5 10.0 7.6558
180.0 0.0 -7.5 10.0 4.7758
180.0 2.5 -7.5 10.0 86.1476
180.0 5.0 -7.5 10.0 160.13979999999998
180.0 -5.0 -5.0 10.0 17.0715
180.0 -2.5 -5.0 10.0 22.1238
180.0 0.0 -5.0 10.0 3.2415000000000003
180.0 -5.0 -2.5 10.0 28.319
180.0 -2.5 -2.5 10.0 10000000339.5051
180.0 0.0 -2.5 10.0 3622.1862
180.0 -5.0 0.0 10.0 115.32220000000001
180.0 -2.5 0.0 10.0 25020.7733
180.0 0.0 0.0 10.0 10000000139.913502
180.0 -5.0 2.5 10.0 16453422.6679
180.0 -2.5 2.5 10.0 23127383.1488
180.0 0.0 2.5 10.0 75795538.36749999
180.0 2.5 2.5 10.0 2253868765.2939
180.0 -2.5 5.0 10.0 10000000155.718601
180.0 0.0 5.0 10.0 10000000065.183802
180.0 2.5 5.0 10.0 10000000035.994902
180.0 5.0 5.0 10.0 9999999890.5692
180.0 -2.5 -10.0 11.25 2.4817
180.0 2.5 -10.0 11.25 7.4601999999999995
180.0 5.0 -10.0 11.25 4.1591000000000005
180.0 -2.5 -7.5 11.25 8.3003
180.0 0.0 -7.5 11.25 4.9312
180.0 2.5 -7.5 11.25 2.8528000000000002
180.0 5.0 -7.5 11.25 -8.802399999999999
180.0 -5.0 -5.0 11.25 17.703
180.0 -2.5 -5.0 11.25 20.1055
180.0 0.0 -5.0 11.25 4.3074
180.0 -5.0 -2.5 11.25 30.4344
180.0 -2.5 -2.5 11.25 8168.5473
180.0 0.0 -2.5 11.25 8276.594599999999
180.0 -5.0 0.0 11.25 190.94060000000002
180.0 -2.5 0.0 11.25 467.4676
180.0 0.0 0.0 11.25 9999999639.496
180.0 -5.0 2.5 11.25 65287267.21
180.0 -2.5 2.5 11.25 2545807689.2701
180.0 0.0 2.5 11.25 9999999979.188501
180.0 2.5 2.5 11.25 9999999923.109402
180.0 -5.0 5.0 11.25 136851447.55859998
180.0 -2.5 5.0 11.25 701218196.64
180.0 0.0 5.0 11.25 231099524.3285
180.0 2.5 5.0 11.25 10000000141.279501
180.0 5.0 5.0 11.25 10000000004.524801
180.0 7.5 5.0 11.25 10000000178.914902
180.0 -2.5 -10.0 12.5 3.6134
180.0 0.0 -10.0 12.5 4.6423
180.0 2.5 -10.0 12.5 5.7893
180.0 5.0 -10.0 12.5 -0.28500000000000014
180.0 7.5 -10.0 12.5 2.4463
180.0 -2.5 -7.5 12.5 8.7977
180.0 0.0 -7.5 12.5 5.3908000000000005
180.0 2.5 -7.5 12.5 -0.38260000000000005
180.0 5.0 -7.5 12.5 -11.6292
180.0 -5.0 -5.0 12.5 18.5259
180.0 -2.5 -5.0 12.5 18.0594
180.0 0.0 -5.0 12.5 3.6587999999999994
180.0 2.5 -5.0 12.5 -2.498
180.0 5.0 -5.0 12.5 184.12830000000002
180.0 -5.0 -2.5 12.5 37.319300000000005
180.0 -2.5 -2.5 12.5 31.7392
180.0 0.0 -2.5 12.5 2266728.5005
180.0 2.5 -2.5 12.5 3027307435.9128003
180.0 5.0 -2.5 12.5 12444395.6113
180.0 -5.0 0.0 12.5 2784.6283999999996
180.0 -2.5 0.0 12.5 596.3243
180.0 0.0 0.0 12.5 6155153598.830199
180.0 2.5 0.0 12.5 554745852.3198
180.0 -5.0 2.5 12.5 449791.2323
180.0 -2.5 2.5 12.5 10000000809.3353
180.0 0.0 2.5 12.5 2891748780.6359
180.0 2.5 2.5 12.5 10000000001.272902
180.0 5.0 2.5 12.5 1628278306.9487998
180.0 -5.0 5.0 12.5 298569.5601
180.0 -2.5 5.0 12.5 9999999886.9782
180.0 0.0 5.0 12.5 10000000138.1144
180.0 2.5 5.0 12.5 9999999977.844702
180.0 5.0 5.0 12.5 10000000134.354801
180.0 7.5 5.0 12.5 10000000004.0648
180.0 10.0 5.0 12.5 1069365728.9734
180.0 -5.0 -10.0 13.75 1.1004
180.0 -2.5 -10.0 13.75 3.1780999999999997
180.0 0.0 -10.0 13.75 4.6101
180.0 2.5 -10.0 13.75 3.7777
180.0 5.0 -10.0 13.75 -0.4122000000000001
180.0 7.5 -10.0 13.75 -4.4818999999999996
180.0 -5.0 -7.5 13.75 4.9232
180.0 -2.5 -7.5 13.75 7.4914000000000005
180.0 0.0 -7.5 13.75 6.305400000000001
180.0 2.5 -7.5 13.75 0.49350000000000005
180.0 5.0 -7.5 13.75 -8.2732
180.0 10.0 -7.5 13.75 7550.7594
180.0 -5.0 -5.0 13.75 15.682699999999999
180.0 -2.5 -5.0 13.75 15.6313
180.0 0.0 -5.0 13.75 4.2736
180.0 2.5 -5.0 13.75 58.1718
180.0 5.0 -5.0 13.75 -18.0857
180.0 -5.0 -2.5 13.75 34.942
180.0 -2.5 -2.5 13.75 27.8673
180.0 0.0 -2.5 13.75 3170.1637
180.0 2.5 -2.5 13.75 22837475.643099997
180.0 5.0 -2.5 13.75 16503722.036500001
180.0 -5.0 0.0 13.75 388.7561
180.0 -2.5 0.0 13.75 6124.096500000001
180.0 0.0 0.0 13.75 18697499.6449
180.0 2.5 0.0 13.75 9999999928.519201
180.0 5.0 0.0 13.75 9999999703.3019
180.0 7.5 0.0 13.75 806930971.0307
180.0 -5.0 2.5 13.75 1110847503.0245001
180.0 -2.5 2.5 13.75 10000000083.4083
180.0 0.0 2.5 13.75 5311282.9922
180.0 2.5 2.5 13.75 4202960671.0442
180.0 5.0 2.5 13.75 630974928.1115999
180.0 7.5 2.5 13.75 2618900494.9473
180.0 10.0 2.5 13.75 525572368.8656
180.0 -5.0 5.0 13.75 9793.7867
180.0 -2.5 5.0 13.75 10000000412.9444
180.0 0.0 5.0 13.75 1069185243.7946999
180.0 2.5 5.0 13.75 7924809663.151799
180.0 5.0 5.0 13.75 10000000047.097
180.0 7.5 5.0 13.75 10000000147.3122
180.0 -5.0 -10.0 15.0 0.5188
180.0 -2.5 -10.0 15.0 2.2662999999999998
180.0 0.0 -10.0 15.0 3.5705
180.0 2.5 -10.0 15.0 3.5365
180.0 5.0 -10.0 15.0 0.7403000000000001
180.0 7.5 -10.0 15.0 -3.1484
180.0 10.0 -10.0 15.0 -1.9899
180.0 -5.0 -7.5 15.0 3.4179
180.0 -2.5 -7.5 15.0 6.213799999999999
180.0 0.0 -7.5 15.0 5.688899999999999
180.0 2.5 -7.5 15.0 2.1125000000000003
180.0 5.0 -7.5 15.0 -4.917
180.0 7.5 -7.5 15.0 -6.8783
180.0 10.0 -7.5 15.0 0.07290000000000019
180.0 -5.0 -5.0 15.0 12.6258
180.0 -2.5 -5.0 15.0 13.01
180.0 0.0 -5.0 15.0 4.173
180.0 2.5 -5.0 15.0 6.425800000000001
180.0 5.0 -5.0 15.0 -11.3028
180.0 7.5 -5.0 15.0 24.1599
180.0 -5.0 -2.5 15.0 26.6865
180.0 -2.5 -2.5 15.0 24.426
180.0 0.0 -2.5 15.0 8455.855
180.0 2.5 -2.5 15.0 129361.2415
180.0 5.0 -2.5 15.0 9345.1449
180.0 7.5 -2.5 15.0 420308165.4927
180.0 -5.0 0.0 15.0 49.2336
180.0 -2.5 0.0 15.0 461.0562
180.0 0.0 0.0 15.0 322550.4642
180.0 2.5 0.0 15.0 500923062.8318
180.0 5.0 0.0 15.0 66929680.995299995
180.0 7.5 0.0 15.0 5443317.7221
180.0 -5.0 2.5 15.0 15957224.2029
180.0 -2.5 2.5 15.0 10000000035.1844
180.0 0.0 2.5 15.0 18350319.8365
180.0 2.5 2.5 15.0 9999999976.0195
180.0 5.0 2.5 15.0 10000000083.0827
180.0 7.5 2.5 15.0 529088001.70040005
180.0 10.0 2.5 15.0 9999999995.7005
180.0 -5.0 5.0 15.0 8390.9093
180.0 -2.5 5.0 15.0 9999999939.8904
180.0 0.0 5.0 15.0 10000000077.436401
180.0 2.5 5.0 15.0 9999999832.931702
180.0 5.0 5.0 15.0 10000000001.462801
180.0 7.5 5.0 15.0 3859632967.851
180.0 10.0 5.0 15.0 6572677061.1968
180.0 -5.0 -10.0 16.25 0.2173
180.0 -2.5 -10.0 16.25 1.2826
180.0 0.0 -10.0 16.25 2.3312
180.0 2.5 -10.0 16.25 2.1944
180.0 5.0 -10.0 16.25 0.14789999999999998
180.0 7.5 -10.0 16.25 -0.9293
180.0 10.0 -10.0 16.25 -0.5373000000000001
180.0 -5.0 -7.5 16.25 1.502
180.0 -2.5 -7.5 16.25 3.9403999999999995
180.0 0.0 -7.5 16.25 4.1894
180.0 2.5 -7.5 16.25 2.4909999999999997
180.0 5.0 -7.5 16.25 -0.8355
180.0 7.5 -7.5 16.25 -3.3827
180.0 10.0 -7.5 16.25 -1.5716999999999999
180.0 -5.0 -5.0 16.25 9.1574
180.0 -2.5 -5.0 16.25 10.3892
180.0 0.0 -5.0 16.25 6.4171
180.0 2.5 -5.0 16.25 -2.7141
180.0 5.0 -5.0 16.25 -4.7596
180.0 7.5 -5.0 16.25 4.5424999999999995
180.0 10.0 -5.0 16.25 -0.036599999999999966
180.0 -5.0 -2.5 16.25 17.634700000000002
180.0 -2.5 -2.5 16.25 18.0628
180.0 0.0 -2.5 16.25 111679.67569999999
180.0 2.5 -2.5 16.25 22006.6753
180.0 5.0 -2.5 16.25 8352.3228
180.0 7.5 -2.5 16.25 71077432.53089999
180.0 10.0 -2.5 16.25 157396.4176
180.0 -5.0 0.0 16.25 23.8707
180.0 -2.5 0.0 16.25 60.5691
180.0 0.0 0.0 16.25 123506381.0864
180.0 2.5 0.0 16.25 96395.79079999999
180.0 5.0 0.0 16.25 7806342135.8957
180.0 7.5 0.0 16.25 23300386.5425
180.0 10.0 0.0 16.25 10000000071.6816
180.0 -5.0 2.5 16.25 116.5829
180.0 -2.5 2.5 16.25 88886808.144
180.0 0.0 2.5 16.25 10000000062.497702
180.0 2.5 2.5 16.25 6194105148.8348
180.0 5.0 2.5 16.25 10000000037.5816
180.0 7.5 2.5 16.25 195652782.2512
180.0 10.0 2.5 16.25 10000000239.6107
180.0 -5.0 5.0 16.25 4024405.9528
180.0 -2.5 5.0 16.25 8590003702.9683
180.0 0.0 5.0 16.25 142838317.486
180.0 2.5 5.0 16.25 9999999956.9617
180.0 5.0 5.0 16.25 9999999889.4922
180.0 7.5 5.0 16.25 10000000003.534601
180.0 10.0 5.0 16.25 75085327.8451
240.0 -5.0 -10.0 3.75 -6.253699999999999
240.0 -2.5 -10.0 3.75 -17.7571
240.0 0.0 -10.0 3.75 -42.2212
240.0 2.5 -10.0 3.75 312080486.8412
240.0 5.0 -10.0 3.75 2145899726.7033
240.0 7.5 -10.0 3.75 9999999985.2028
240.0 10.0 -10.0 3.75 10000000070.321701
240.0 -5.0 -7.5 3.75 -4.6777999999999995
240.0 -2.5 -7.5 3.75 12.825999999999999
240.0 0.0 -7.5 3.75 31.412
240.0 2.5 -7.5 3.75 337595983.05910003
240.0 5.0 -7.5 3.75 559820825.1235
240.0 7.5 -7.5 3.75 9999999997.5545
240.0 10.0 -7.5 3.75 10000000143.261702
240.0 -5.0 -5.0 3.75 0.6728999999999998
240.0 -2.5 -5.0 3.75 63763.233400000005
240.0 0.0 -5.0 3.75 1187.4255
240.0 2.5 -5.0 3.75 9999999845.585402
240.0 5.0 -5.0 3.75 10000000019.8497
240.0 7.5 -5.0 3.75 9999999954.2268
240.0 10.0 -5.0 3.75 9999999962.2113
240.0 -5.0 -2.5 3.75 14.251600000000002
240.0 -2.5 -2.5 3.75 88.809
240.0 0.0 -2.5 3.75 10000000002.412601
240.0 2.5 -2.5 3.75 10000000011.0499
240.0 5.0 -2.5 3.75 10000000070.6972
240.0 7.5 -2.5 3.75 9999999627.4613
240.0 10.0 -2.5 3.75 10000000148.927502
240.0 -5.0 0.0 3.75 43168.3954
240.0 -2.5 0.0 3.75 5440545.2796
240.0 0.0 0.0 3.75 2981348.0949999997
240.0 2.5 0.0 3.75 10000000025.7296
240.0 5.0 0.0 3.75 10000000076.879301
240.0 7.5 0.0 3.75 10000000081.3728
240.0 10.0 0.0 3.75 10000000034.254002
240.0 -5.0 2.5 3.75 7502799.8914
240.0 -2.5 2.5 3.75 10000000284.6364
240.0 0.0 2.5 3.75 959878176.9448
240.0 2.5 2.5 3.75 9999999715.674501
240.0 5.0 2.5 3.75 10000000194.5723
240.0 7.5 2.5 3.75 10000000028.273602
240.0 10.0 2.5 3.75 10000000106.4347
240.0 -5.0 5.0 3.75 2013356155.1512
240.0 -2.5 5.0 3.75 10000000514.325401
240.0 0.0 5.0 3.75 10000000154.704802
240.0 2.5 5.0 3.75 10000000029.5379
240.0 5.0 5.0 3.75 9999999299.526701
240.0 7.5 5.0 3.75 9999999578.505402
240.0 10.0 5.0 3.75 9999999507.1385
240.0 0.0 5.0 5.0 10000000038.398901
240.0 2.5 -7.5 6.25 58324751.766499996
240.0 0.0 -2.5 6.25 1483.1861000000001
240.0 0.0 0.0 6.25 51757325.4556
240.0 -2.5 2.5 6.25 28115161.187000003
240.0 0.0 2.5 6.25 10000000132.022501
240.0 0.0 5.0 6.25 9999999562.339602
240.0 2.5 -7.5 7.5 14669.1075
240.0 0.0 -5.0 7.5 25.558000000000003
240.0 2.5 -5.0 7.5 9989951.6933
240.0 0.0 -2.5 7.5 131728.25509999998
240.0 2.5 -2.5 7.5 843302165.5175
240.0 0.0 0.0 7.5 1531485257.4522
240.0 2.5 0.0 7.5 10000000282.3547
240.0 0.0 2.5 7.5 9999999863.891
240.0 -2.5 5.0 7.5 3163549116.1131
240.0 0.0 5.0 7.5 10000000180.5851
240.0 2.5 -10.0 8.75 108.6149
240.0 2.5 -7.5 8.75 120.1906
240.0 0.0 -5.0 8.75 31.2335
240.0 2.5 -5.0 8.75 289547.3473
240.0 -2.5 -2.5 8.75 1073.9165
240.0 0.0 -2.5 8.75 66360.22439999999
240.0 2.5 -2.5 8.75 156332.75950000001
240.0 -5.0 0.0 8.75 6775489.202
240.0 -2.5 0.0 8.75 511114.6013
240.0 0.0 0.0 8.75 428398243.3979
240.0 2.5 0.0 8.75 3843796078.2141
240.0 -2.5 2.5 8.75 337833.0236
240.0 0.0 2.5 8.75 10000000085.3596
240.0 2.5 2.5 8.75 7434981535.763499
240.0 -2.5 5.0 8.75 10000000129.863
240.0 0.0 5.0 8.75 10000000113.6273
240.0 2.5 5.0 8.75 4345904465.4532995
240.0 2.5 -10.0 10.0 13.7054
240.0 5.0 -10.0 10.0 227.03
240.0 2.5 -7.5 10.0 24.5804
240.0 -5.0 -5.0 10.0 15.163999999999998
240.0 0.0 -5.0 10.0 45.841
240.0 2.5 -5.0 10.0 2671.7931999999996
240.0 -5.0 -2.5 10.0 15.3868
240.0 -2.5 -2.5 10.0 17740.893799999998
240.0 0.0 -2.5 10.0 14526999.217
240.0 2.5 -2.5 10.0 58495670.567899995
240.0 -5.0 0.0 10.0 225.4741
240.0 -2.5 0.0 10.0 672653.1474
240.0 0.0 0.0 10.0 340539233.35770005
240.0 2.5 0.0 10.0 204416796.6216
240.0 -2.5 2.5 10.0 6591945729.226399
240.0 0.0 2.5 10.0 10000000151.121801
240.0 2.5 2.5 10.0 6850462487.6769
240.0 5.0 2.5 10.0 10000000198.3563
240.0 -2.5 5.0 10.0 10000000033.024601
240.0 0.0 5.0 10.0 9999999981.614302
240.0 2.5 5.0 10.0 10000000303.3465
240.0 5.0 5.0 10.0 10000000046.093
240.0 -2.5 -10.0 11.25 2.4852000000000003
240.0 2.5 -10.0 11.25 11.2425
240.0 5.0 -10.0 11.25 17.8268
240.0 10.0 -10.0 11.25 300.1096
240.0 2.5 -7.5 11.25 22.0365
240.0 -5.0 -5.0 11.25 14.771700000000001
240.0 -2.5 -5.0 11.25 34.2449
240.0 0.0 -5.0 11.25 169.6046
240.0 2.5 -5.0 11.25 76.3279
240.0 -5.0 -2.5 11.25 18.1313
240.0 -2.5 -2.5 11.25 4511072.6965
240.0 0.0 -2.5 11.25 6902407.0637
240.0 2.5 -2.5 11.25 376296.5795
240.0 -5.0 0.0 11.25 27.271400000000003
240.0 -2.5 0.0 11.25 6224389493.6712
240.0 0.0 0.0 11.25 1891035819.8005
240.0 2.5 0.0 11.25 10000000024.4634
240.0 -2.5 2.5 11.25 10000000111.024302
240.0 0.0 2.5 11.25 91884531.06019999
240.0 2.5 2.5 11.25 10000000016.2105
240.0 5.0 2.5 11.25 9520216207.9257
240.0 -2.5 5.0 11.25 10000000055.0597
240.0 0.0 5.0 11.25 1983709188.4867
240.0 2.5 5.0 11.25 9999999731.597801
240.0 5.0 5.0 11.25 10000000275.2745
240.0 7.5 5.0 11.25 10000000026.671001
240.0 -2.5 -10.0 12.5 2.0517999999999996
240.0 0.0 -10.0 12.5 7.0331
240.0 2.5 -10.0 12.5 9.182599999999999
240.0 5.0 -10.0 12.5 6.3055
240.0 7.5 -10.0 12.5 58.253
240.0 10.0 -10.0 12.5 -13.5013
240.0 -5.0 -7.5 12.5 3.7472
240.0 0.0 -7.5 12.5 20.238400000000002
240.0 2.5 -7.5 12.5 19.9788
240.0 5.0 -7.5 12.5 28.2359
240.0 7.5 -7.5 12.5 930.8923
240.0 10.0 -7.5 12.5 6870.5859
240.0 -5.0 -5.0 12.5 13.689499999999999
240.0 -2.5 -5.0 12.5 35.2826
240.0 0.0 -5.0 12.5 5853.3351999999995
240.0 2.5 -5.0 12.5 79.9236
240.0 5.0 -5.0 12.5 4195.212100000001
240.0 -5.0 -2.5 12.5 20.658299999999997
240.0 -2.5 -2.5 12.5 27012512.2604
240.0 0.0 -2.5 12.5 90625683.9223
240.0 2.5 -2.5 12.5 10000000158.278
240.0 -5.0 0.0 12.5 41.5498
240.0 -2.5 0.0 12.5 22306.5095
240.0 0.0 0.0 12.5 8219385.9724
240.0 2.5 0.0 12.5 2056107488.303
240.0 -2.5 2.5 12.5 5305312.036900001
240.0 0.0 2.5 12.5 90652705.14
240.0 2.5 2.5 12.5 9999999993.4454
240.0 5.0 2.5 12.5 394051218.139
240.0 -2.5 5.0 12.5 1400753479.0775
240.0 0.0 5.0 12.5 10000000080.9496
240.0 2.5 5.0 12.5 10000000200.4188
240.0 5.0 5.0 12.5 9999999837.5911
240.0 7.5 5.0 12.5 9999999987.556501
240.0 10.0 5.0 12.5 2180436188.6841
240.0 -5.0 -10.0 13.75 -0.1294
240.0 -2.5 -10.0 13.75 1.4197
240.0 0.0 -10.0 13.75 5.313199999999999
240.0 2.5 -10.0 13.75 7.8297
240.0 5.0 -10.0 13.75 5.269
240.0 7.5 -10.0 13.75 -3.1456
240.0 10.0 -10.0 13.75 -9.2272
240.0 -5.0 -7.5 13.75 2.7537
240.0 -2.5 -7.5 13.75 10.0742
240.0 0.0 -7.5 13.75 15.36
240.0 2.5 -7.5 13.75 17.5742
240.0 5.0 -7.5 13.75 10.0519
240.0 7.5 -7.5 13.75 -4.8582
240.0 10.0 -7.5 13.75 -12.0993
240.0 -5.0 -5.0 13.75 12.6905
240.0 -2.5 -5.0 13.75 33.852
240.0 0.0 -5.0 13.75 1856711.4300000002
240.0 2.5 -5.0 13.75 37.4655
240.0 5.0 -5.0 13.75 14081.9378
240.0 7.5 -5.0 13.75 3948.4721
240.0 -5.0 -2.5 13.75 20.244
240.0 -2.5 -2.5 13.75 191.4483
240.0 0.0 -2.5 13.75 10000000067.898201
240.0 2.5 -2.5 13.75 484564.7009
240.0 5.0 -2.5 13.75 11883981.897599999
240.0 -5.0 0.0 13.75 2001.7081
240.0 -2.5 0.0 13.75 30235.9545
240.0 0.0 0.0 13.75 213411633.98929998
240.0 2.5 0.0 13.75 9999999766.2064
240.0 5.0 0.0 13.75 10000000232.1695
240.0 -5.0 2.5 13.75 25449332.1529
240.0 -2.5 2.5 13.75 9999999865.549002
240.0 0.0 2.5 13.75 10000000090.567501
240.0 2.5 2.5 13.75 10000000095.4666
240.0 5.0 2.5 13.75 5358328176.0451
240.0 7.5 2.5 13.75 10000000084.098501
240.0 -2.5 5.0 13.75 8066229095.7743
240.0 0.0 5.0 13.75 10000000016.369001
240.0 2.5 5.0 13.75 10000000161.130201
240.0 5.0 5.0 13.75 9999999874.2448
240.0 7.5 5.0 13.75 9999999940.1422
240.0 10.0 5.0 13.75 10000000196.503101
240.0 -5.0 -10.0 15.0 -0.2218
240.0 -2.5 -10.0 15.0 0.9954
240.0 0.0 -10.0 15.0 3.3645
240.0 2.5 -10.0 15.0 5.1968
240.0 5.0 -10.0 15.0 4.6059
240.0 7.5 -10.0 15.0 0.11729999999999996
240.0 10.0 -10.0 15.0 -3.692
240.0 -5.0 -7.5 15.0 2.0459
240.0 -2.5 -7.5 15.0 6.8626000000000005
240.0 0.0 -7.5 15.0 11.2935
240.0 2.5 -7.5 15.0 14.0918
240.0 5.0 -7.5 15.0 9.9722
240.0 7.5 -7.5 15.0 1.6385000000000005
240.0 10.0 -7.5 15.0 -6.3421
240.0 -5.0 -5.0 15.0 9.8141
240.0 -2.5 -5.0 15.0 19.808699999999998
240.0 0.0 -5.0 15.0 134.5051
240.0 2.5 -5.0 15.0 25.9734
240.0 5.0 -5.0 15.0 48.8982
240.0 7.5 -5.0 15.0 53.4795
240.0 10.0 -5.0 15.0 18.710600000000003
240.0 -5.0 -2.5 15.0 17.7239
240.0 -2.5 -2.5 15.0 39.0622
240.0 0.0 -2.5 15.0 10000000003.0335
240.0 2.5 -2.5 15.0 1465023.5529999998
240.0 5.0 -2.5 15.0 64690.7682
240.0 7.5 -2.5 15.0 47546.9197
240.0 10.0 -2.5 15.0 4195.4968
240.0 -5.0 0.0 15.0 381288514.4226
240.0 -2.5 0.0 15.0 70508.69959999999
240.0 0.0 0.0 15.0 31560.8773
240.0 2.5 0.0 15.0 10000000063.407902
240.0 5.0 0.0 15.0 91723352.4174
240.0 10.0 0.0 15.0 97376.2065
240.0 -5.0 2.5 15.0 2071219623.1047
240.0 -2.5 2.5 15.0 9999999981.18
240.0 0.0 2.5 15.0 8832455647.9881
240.0 2.5 2.5 15.0 9999999834.050402
240.0 5.0 2.5 15.0 114377909.716
240.0 7.5 2.5 15.0 10000000074.0168
240.0 -5.0 5.0 15.0 480611.24569999997
240.0 -2.5 5.0 15.0 1858689447.5771
240.0 0.0 5.0 15.0 10000000106.449902
240.0 2.5 5.0 15.0 10000000139.6707
240.0 5.0 5.0 15.0 9999999979.6418
240.0 7.5 5.0 15.0 457688585.2327
240.0 10.0 5.0 15.0 2557829983.4651
240.0 -5.0 -10.0 16.25 -0.0722
240.0 -2.5 -10.0 16.25 0.5382
240.0 0.0 -10.0 16.25 1.4507999999999999
240.0 2.5 -10.0 16.25 4.035500000000001
240.0 5.0 -10.0 16.25 3.8931999999999998
240.0 7.5 -10.0 16.25 1.7224
240.0 10.0 -10.0 16.25 -1.2788
240.0 -5.0 -7.5 16.25 1.0981
240.0 -2.5 -7.5 16.25 4.0766
240.0 0.0 -7.5 16.25 6.5818
240.0 2.5 -7.5 16.25 10.0844
240.0 5.0 -7.5 16.25 8.4444
240.0 7.5 -7.5 16.25 5.7185999999999995
240.0 10.0 -7.5 16.25 1.6603
240.0 -5.0 -5.0 16.25 5.864
240.0 -2.5 -5.0 16.25 11.3086
240.0 0.0 -5.0 16.25 13.9023
240.0 2.5 -5.0 16.25 18.1148
240.0 5.0 -5.0 16.25 15.691199999999998
240.0 7.5 -5.0 16.25 16.704
240.0 10.0 -5.0 16.25 12.935699999999999
240.0 -5.0 -2.5 16.25 12.0942
240.0 -2.5 -2.5 16.25 75.89009999999999
240.0 0.0 -2.5 16.25 410.2389
240.0 2.5 -2.5 16.25 249459153.89110002
240.0 5.0 -2.5 16.25 4054.737
240.0 7.5 -2.5 16.25 454.4256
240.0 10.0 -2.5 16.25 35.9353
240.0 -5.0 0.0 16.25 232.8712
240.0 -2.5 0.0 16.25 46421577.441
240.0 0.0 0.0 16.25 509304647.75979996
240.0 2.5 0.0 16.25 8629346.6104
240.0 5.0 0.0 16.25 29025999.7719
240.0 7.5 0.0 16.25 253512.3216
240.0 10.0 0.0 16.25 15608749.1883
240.0 -5.0 2.5 16.25 4309.6098
240.0 -2.5 2.5 16.25 6771581.3137
240.0 0.0 2.5 16.25 3022802367.9792
240.0 2.5 2.5 16.25 10000000021.393702
240.0 5.0 2.5 16.25 21829101.363500003
240.0 7.5 2.5 16.25 3750669457.9851003
240.0 -5.0 5.0 16.25 4240.3412
240.0 -2.5 5.0 16.25 1377457.7617
240.0 0.0 5.0 16.25 10000000045.3258
240.0 2.5 5.0 16.25 247768929.93199998
240.0 5.0 5.0 16.25 10000000081.675901
240.0 7.5 5.0 16.25 10000000203.776402
240.0 10.0 5.0 16.25 3196310683.387
300.0 -5.0 -10.0 3.75 16.5395
300.0 -2.5 -10.0 3.75 22.7498
300.0 0.0 -10.0 3.75 16.6783
300.0 2.5 -10.0 3.75 -4.8433
300.0 5.0 -10.0 3.75 142832.5945
300.0 7.5 -10.0 3.75 820294062.8052001
300.0 10.0 -10.0 3.75 9999999840.1009
300.0 -5.0 -7.5 3.75 22.4886
300.0 -2.5 -7.5 3.75 29.2554
300.0 0.0 -7.5 3.75 42.1178
300.0 2.5 -7.5 3.75 4216.852800000001
300.0 5.0 -7.5 3.75 9999999399.814001
300.0 7.5 -7.5 3.75 10000000483.0825
300.0 10.0 -7.5 3.75 10000000424.5923
300.0 -5.0 -5.0 3.75 17.4685
300.0 -2.5 -5.0 3.75 16.003
300.0 0.0 -5.0 3.75 596.4116
300.0 2.5 -5.0 3.75 10000000132.5463
300.0 5.0 -5.0 3.75 10000000038.019701
300.0 7.5 -5.0 3.75 3805130309.5762
300.0 10.0 -5.0 3.75 10000000040.1495
300.0 -5.0 -2.5 3.75 -3.5268
300.0 -2.5 -2.5 3.75 331083.49
300.0 0.0 -2.5 3.75 10817928.5942
300.0 2.5 -2.5 3.75 10000000353.4178
300.0 5.0 -2.5 3.75 9999999834.6945
300.0 7.5 -2.5 3.75 9999999779.974
300.0 10.0 -2.5 3.75 9999999802.4066
300.0 -5.0 0.0 3.75 8625.8333
300.0 -2.5 0.0 3.75 1152845.7598
300.0 0.0 0.0 3.75 286884184.7333
300.0 2.5 0.0 3.75 9999999978.7194
300.0 5.0 0.0 3.75 9999999919.6459
300.0 7.5 0.0 3.75 10000000037.709501
300.0 10.0 0.0 3.75 9999999888.6494
300.0 -5.0 2.5 3.75 698629.9386
300.0 -2.5 2.5 3.75 1585497852.2401001
300.0 0.0 2.5 3.75 9999999883.8369
300.0 2.5 2.5 3.75 4949833814.3314
300.0 5.0 2.5 3.75 9999999703.602201
300.0 7.5 2.5 3.75 9999999889.2462
300.0 10.0 2.5 3.75 10000000029.8719
300.0 -5.0 5.0 3.75 632.9565
300.0 -2.5 5.0 3.75 9999999906.4095
300.0 0.0 5.0 3.75 10000000148.1273
300.0 2.5 5.0 3.75 10000000166.8131
300.0 5.0 5.0 3.75 9999999916.1303
300.0 7.5 5.0 3.75 9999999824.3215
300.0 10.0 5.0 3.75 9999999882.450602
300.0 0.0 -2.5 5.0 197623519.9159
300.0 0.0 0.0 5.0 276845135.8982
300.0 5.0 -7.5 6.25 3277094141.8978
300.0 0.0 -5.0 6.25 91036811.0363
300.0 0.0 -2.5 6.25 3224978.414
300.0 0.0 0.0 6.25 39403766.4925
300.0 0.0 2.5 6.25 10000000096.0997
300.0 0.0 5.0 6.25 9999999618.295801
300.0 5.0 -7.5 7.5 10000000126.022202
300.0 2.5 -5.0 7.5 14775358.348900001
300.0 0.0 -2.5 7.5 31018.8488
300.0 2.5 -2.5 7.5 7515599.305
300.0 0.0 0.0 7.5 9999999931.7502
300.0 -2.5 2.5 7.5 9999999935.6657
300.0 0.0 2.5 7.5 3195132455.1486
300.0 -2.5 5.0 7.5 9999999751.267
300.0 0.0 5.0 7.5 1051022672.8249
300.0 2.5 -10.0 8.75 2.7403999999999997
300.0 5.0 -7.5 8.75 5948399.6925
300.0 0.0 -5.0 8.75 264504.81059999997
300.0 2.5 -5.0 8.75 4694169083.3886
300.0 5.0 -5.0 8.75 362213841.3179
300.0 0.0 -2.5 8.75 37408.409999999996
300.0 2.5 -2.5 8.75 151175207.70279998
300.0 0.0 0.0 8.75 65241222.5783
300.0 2.5 0.0 8.75 3303103785.7792997
300.0 0.0 2.5 8.75 9999999913.644201
300.0 2.5 2.5 8.75 231732968.3647
300.0 -2.5 5.0 8.75 1458735471.5508
300.0 0.0 5.0 8.75 9999999784.3118
300.0 2.5 5.0 8.75 10000000054.5133
300.0 2.5 -10.0 10.0 3.3898
300.0 2.5 -7.5 10.0 15.4274
300.0 5.0 -7.5 10.0 594192.6252
300.0 7.5 -7.5 10.0 5289.5248
300.0 0.0 -5.0 10.0 74.3806
300.0 2.5 -5.0 10.0 73932.5629
300.0 5.0 -5.0 10.0 9302.5029
300.0 0.0 -2.5 10.0 46147.5252
300.0 2.5 -2.5 10.0 51666.3419
300.0 -5.0 0.0 10.0 1665.6571999999999
300.0 -2.5 0.0 10.0 1564444.1624999999
300.0 0.0 0.0 10.0 213873603.8989
300.0 2.5 0.0 10.0 308307620.66899997
300.0 5.0 0.0 10.0 5578239939.076
300.0 -2.5 2.5 10.0 9628749.5217
300.0 0.0 2.5 10.0 9999999735.405
300.0 2.5 2.5 10.0 9999999966.492601
300.0 5.0 2.5 10.0 8439377847.266399
300.0 -2.5 5.0 10.0 9999999738.0853
300.0 0.0 5.0 10.0 686130845.5734
300.0 2.5 5.0 10.0 1289399133.5323
300.0 2.5 -10.0 11.25 4.4287
300.0 5.0 -10.0 11.25 7.611600000000001
300.0 7.5 -10.0 11.25 6.4739
300.0 10.0 -10.0 11.25 -1.8581000000000003
300.0 2.5 -7.5 11.25 11.994700000000002
300.0 5.0 -7.5 11.25 44.4131
300.0 0.0 -5.0 11.25 0.2567000000000004
300.0 2.5 -5.0 11.25 3310.8777
300.0 5.0 -5.0 11.25 362.5787
300.0 -2.5 -2.5 11.25 1039.9002
300.0 0.0 -2.5 11.25 464499.282
300.0 2.5 -2.5 11.25 524504.238
300.0 -5.0 0.0 11.25 -68.5508
300.0 -2.5 0.0 11.25 3320.6552
300.0 0.0 0.0 11.25 7954847.1726
300.0 2.5 0.0 11.25 10000000555.125502
300.0 -2.5 2.5 11.25 36070902.6412
300.0 0.0 2.5 11.25 798427853.2039
300.0 2.5 2.5 11.25 10000000123.262901
300.0 5.0 2.5 11.25 10000000087.578901
300.0 -2.5 5.0 11.25 81090831.928
300.0 0.0 5.0 11.25 9999999972.546701
300.0 2.5 5.0 11.25 10000000061.84
300.0 7.5 5.0 11.25 473250274.2673
300.0 -5.0 -10.0 12.5 -0.37729999999999997
300.0 2.5 -10.0 12.5 3.5500999999999996
300.0 5.0 -10.0 12.5 7.091600000000001
300.0 7.5 -10.0 12.5 6.335100000000001
300.0 10.0 -10.0 12.5 0.7763
300.0 2.5 -7.5 12.5 11.4496
300.0 5.0 -7.5 12.5 16.1635
300.0 7.5 -7.5 12.5 62.4927
300.0 -5.0 -5.0 12.5 -11.0226
300.0 -2.5 -5.0 12.5 -11.2027
300.0 0.0 -5.0 12.5 1.4468
300.0 2.5 -5.0 12.5 40.8669
300.0 5.0 -5.0 12.5 87.9793
300.0 -5.0 -2.5 12.5 -28.486400000000003
300.0 -2.5 -2.5 12.5 -7.2043
300.0 0.0 -2.5 12.5 3489.453
300.0 2.5 -2.5 12.5 29469.3698
300.0 -5.0 0.0 12.5 -64.0674
300.0 -2.5 0.0 12.5 14813.1032
300.0 0.0 0.0 12.5 1307086495.3413
300.0 2.5 0.0 12.5 52737986.256400004
300.0 5.0 0.0 12.5 4754272.8822
300.0 -2.5 2.5 12.5 834693.7155
300.0 0.0 2.5 12.5 96243268.64639999
300.0 2.5 2.5 12.5 9438584699.2514
300.0 5.0 2.5 12.5 1697761287.6376998
300.0 7.5 2.5 12.5 10000000208.1693
300.0 10.0 2.5 12.5 6861151018.528399
300.0 -2.5 5.0 12.5 9999999825.830801
300.0 0.0 5.0 12.5 9999999692.5979
300.0 2.5 5.0 12.5 9999999556.8607
300.0 5.0 5.0 12.5 9999999858.4971
300.0 7.5 5.0 12.5 10000000219.2957
300.0 10.0 5.0 12.5 9999999733.109402
300.0 0.0 -10.0 13.75 0.9967999999999999
300.0 2.5 -10.0 13.75 3.6812000000000005
300.0 5.0 -10.0 13.75 5.9460999999999995
300.0 7.5 -10.0 13.75 4.5031
300.0 10.0 -10.0 13.75 0.23629999999999995
300.0 -5.0 -7.5 13.75 -1.8931
300.0 -2.5 -7.5 13.75 -1.1573
300.0 2.5 -7.5 13.75 9.2311
300.0 5.0 -7.5 13.75 12.0988
300.0 7.5 -7.5 13.75 9.6028
300.0 10.0 -7.5 13.75 33.2104
300.0 -5.0 -5.0 13.75 -7.6157
300.0 -2.5 -5.0 13.75 -6.4571000000000005
300.0 0.0 -5.0 13.75 3.4932000000000003
300.0 2.5 -5.0 13.75 17.078699999999998
300.0 5.0 -5.0 13.75 101.5751
300.0 -5.0 -2.5 13.75 -21.6709
300.0 -2.5 -2.5 13.75 -19.2821
300.0 0.0 -2.5 13.75 3764.9881
300.0 2.5 -2.5 13.75 817.7322
300.0 5.0 -2.5 13.75 10000000069.6117
300.0 -5.0 0.0 13.75 -43.8412
300.0 -2.5 0.0 13.75 473.04310000000004
300.0 0.0 0.0 13.75 100219293.65269999
300.0 2.5 0.0 13.75 601025064.6259999
300.0 5.0 0.0 13.75 3544898.5472
300.0 7.5 0.0 13.75 9999999799.2429
300.0 -2.5 2.5 13.75 454737291.2178
300.0 0.0 2.5 13.75 10000000028.253801
300.0 2.5 2.5 13.75 10000000084.300201
300.0 5.0 2.5 13.75 9999999566.0912
300.0 7.5 2.5 13.75 227183852.8385
300.0 10.0 2.5 13.75 45813975.663100004
300.0 -2.5 5.0 13.75 443876578.86069995
300.0 0.0 5.0 13.75 9999999900.7616
300.0 2.5 5.0 13.75 10000000145.046902
300.0 5.0 5.0 13.75 484432765.63449997
300.0 7.5 5.0 13.75 10000000242.462801
300.0 10.0 5.0 13.75 9999999918.441801
300.0 -5.0 -10.0 15.0 -0.3187
300.0 -2.5 -10.0 15.0 -0.37
300.0 0.0 -10.0 15.0 0.5238999999999999
300.0 2.5 -10.0 15.0 2.9434
300.0 5.0 -10.0 15.0 4.2497
300.0 7.5 -10.0 15.0 3.2453
300.0 10.0 -10.0 15.0 0.13090000000000002
300.0 -5.0 -7.5 15.0 -1.2107999999999999
300.0 -2.5 -7.5 15.0 -0.2082
300.0 0.0 -7.5 15.0 3.2769
300.0 2.5 -7.5 15.0 7.2548
300.0 5.0 -7.5 15.0 8.7214
300.0 7.5 -7.5 15.0 5.6358999999999995
300.0 10.0 -7.5 15.0 0.21389999999999976
300.0 -5.0 -5.0 15.0 -4.6963
300.0 -2.5 -5.0 15.0 -2.8710999999999998
300.0 0.0 -5.0 15.0 4.2207
300.0 2.5 -5.0 15.0 12.5257
300.0 5.0 -5.0 15.0 18.231800000000003
300.0 7.5 -5.0 15.0 48.3701
300.0 10.0 -5.0 15.0 39.303799999999995
300.0 -5.0 -2.5 15.0 -14.1166
300.0 -2.5 -2.5 15.0 -13.0648
300.0 0.0 -2.5 15.0 10.7578
300.0 2.5 -2.5 15.0 38.890299999999996
300.0 5.0 -2.5 15.0 76395478.7182
300.0 10.0 -2.5 15.0 311832.7404
300.0 -5.0 0.0 15.0 -29.295099999999998
300.0 -2.5 0.0 15.0 -29.072400000000002
300.0 0.0 0.0 15.0 9999999929.575901
300.0 2.5 0.0 15.0 17541958.641200002
300.0 5.0 0.0 15.0 43971588.7721
300.0 7.5 0.0 15.0 332146022.2717
300.0 -5.0 2.5 15.0 -36.7874
300.0 -2.5 2.5 15.0 4760.2255
300.0 0.0 2.5 15.0 9999999967.9552
300.0 2.5 2.5 15.0 9857401093.3591
300.0 5.0 2.5 15.0 9999999934.909101
300.0 7.5 2.5 15.0 257065314.9737
300.0 10.0 2.5 15.0 1803948140.8133998
300.0 -2.5 5.0 15.0 9999999868.1655
300.0 0.0 5.0 15.0 100009568.0633
300.0 2.5 5.0 15.0 9999999992.770802
300.0 5.0 5.0 15.0 9960597334.976799
300.0 7.5 5.0 15.0 10000000090.939201
300.0 10.0 5.0 15.0 9610389370.359001
300.0 -5.0 -10.0 16.25 -0.1141
300.0 -2.5 -10.0 16.25 -0.3104
300.0 0.0 -10.0 16.25 0.5197999999999999
300.0 2.5 -10.0 16.25 1.8921
300.0 5.0 -10.0 16.25 2.5166
300.0 7.5 -10.0 16.25 2.3532
300.0 10.0 -10.0 16.25 0.6585
300.0 -5.0 -7.5 16.25 -0.7221000000000001
300.0 -2.5 -7.5 16.25 -0.027500000000000004
300.0 0.0 -7.5 16.25 2.5738
300.0 2.5 -7.5 16.25 5.561999999999999
300.0 5.0 -7.5 16.25 6.318300000000001
300.0 7.5 -7.5 16.25 4.2545
300.0 10.0 -7.5 16.25 0.2995000000000001
300.0 -5.0 -5.0 16.25 -2.2296
300.0 -2.5 -5.0 16.25 -0.4586
300.0 0.0 -5.0 16.25 3.7856000000000005
300.0 2.5 -5.0 16.25 9.2457
300.0 5.0 -5.0 16.25 11.453700000000001
300.0 7.5 -5.0 16.25 7.1969
300.0 10.0 -5.0 16.25 4.2349000000000006
300.0 -5.0 -2.5 16.25 -8.4163
300.0 -2.5 -2.5 16.25 -7.497
300.0 0.0 -2.5 16.25 -2.0667999999999997
300.0 2.5 -2.5 16.25 8.444500000000001
300.0 5.0 -2.5 16.25 181.6081
300.0 7.5 -2.5 16.25 2371.7459
300.0 10.0 -2.5 16.25 2915384.7193
300.0 -5.0 0.0 16.25 -20.106
300.0 -2.5 0.0 16.25 -23.3669
300.0 0.0 0.0 16.25 1384.5306
300.0 2.5 0.0 16.25 14300781.938
300.0 5.0 0.0 16.25 10000000240.2231
300.0 7.5 0.0 16.25 6502573.5931
300.0 -5.0 2.5 16.25 -24.3982
300.0 -2.5 2.5 16.25 208.59740000000002
300.0 0.0 2.5 16.25 129899.1384
300.0 2.5 2.5 16.25 10000000076.671501
300.0 5.0 2.5 16.25 2330986089.2628
300.0 7.5 2.5 16.25 58512221.02460001
300.0 10.0 2.5 16.25 213642016.8582
300.0 -5.0 5.0 16.25 1084.4325999999999
300.0 -2.5 5.0 16.25 3313826859.8003
300.0 0.0 5.0 16.25 19987248.3781
300.0 2.5 5.0 16.25 9999999695.8911
300.0 5.0 5.0 16.25 5628343125.570499
300.0 7.5 5.0 16.25 9999999786.4799
300.0 10.0 5.0 16.25 4166899313.7248
