0.0 0.0 2.5 5.0 120001.04520000001
0.0 2.5 2.5 5.0 36.6226
0.0 0.0 5.0 5.0 3235222418.9272003
0.0 2.5 0.0 6.25 38637.3971
0.0 0.0 2.5 6.25 940.2053
0.0 0.0 5.0 6.25 465.04810000000003
0.0 0.0 0.0 7.5 1499601.7633999998
0.0 2.5 0.0 7.5 46.664100000000005
0.0 0.0 2.5 7.5 41.051
0.0 0.0 5.0 7.5 -12.862
0.0 0.0 -5.0 8.75 9999999713.5077
0.0 5.0 -5.0 8.75 399.2219
0.0 -2.5 -2.5 8.75 196963735.3102
0.0 0.0 -2.5 8.75 246376044.32529998
0.0 -2.5 0.0 8.75 6720.6194
0.0 0.0 0.0 8.75 9.303999999999998
0.0 2.5 0.0 8.75 -4.553999999999999
0.0 0.0 2.5 8.75 -2.153500000000001
0.0 2.5 2.5 8.75 -1.8354
0.0 0.0 5.0 8.75 -15.6194
0.0 2.5 5.0 8.75 -0.17890000000000006
0.0 5.0 -7.5 10.0 4582673.0958
0.0 7.5 -7.5 10.0 102.8828
0.0 -2.5 -5.0 10.0 8310282135.28
0.0 0.0 -5.0 10.0 9999999990.2551
0.0 2.5 -5.0 10.0 1686.8675
0.0 5.0 -5.0 10.0 -2.0391000000000004
0.0 7.5 -5.0 10.0 -9.5672
0.0 -2.5 -2.5 10.0 22538355.7935
0.0 0.0 -2.5 10.0 138256.2057
0.0 2.5 -2.5 10.0 94.4083
0.0 5.0 -2.5 10.0 0.5173000000000001
0.0 -2.5 0.0 10.0 173053.8871
0.0 0.0 0.0 10.0 -23.1778
0.0 2.5 0.0 10.0 -2.8190999999999997
0.0 0.0 2.5 10.0 -19.4067
0.0 2.5 2.5 10.0 -3.9535
0.0 0.0 5.0 10.0 -15.2047
0.0 2.5 5.0 10.0 -2.4946
0.0 2.5 -10.0 11.25 9999999958.565401
0.0 5.0 -10.0 11.25 359620248.4013
0.0 10.0 -10.0 11.25 -6.4622
0.0 2.5 -7.5 11.25 185621980.13869998
0.0 5.0 -7.5 11.25 14509.3581
0.0 7.5 -7.5 11.25 48.1565
0.0 0.0 -5.0 11.25 427216745.1654
0.0 2.5 -5.0 11.25 145494.8223
0.0 5.0 -5.0 11.25 -3.4335000000000004
0.0 -5.0 -2.5 11.25 130228940.7775
0.0 -2.5 -2.5 11.25 1687878.4653
0.0 0.0 -2.5 11.25 2739.7767
0.0 2.5 -2.5 11.25 15.9979
0.0 5.0 -2.5 11.25 0.9909000000000001
0.0 -5.0 0.0 11.25 10000000116.367802
0.0 -2.5 0.0 11.25 1308897.7158
0.0 0.0 0.0 11.25 -13.0146
0.0 2.5 0.0 11.25 -1.3368
0.0 0.0 2.5 11.25 -15.4183
0.0 2.5 2.5 11.25 -4.4029
0.0 0.0 5.0 11.25 -12.4966
0.0 2.5 5.0 11.25 -3.202
0.0 -2.5 -10.0 12.5 663344296.9727
0.0 2.5 -10.0 12.5 1121004.6036999999
0.0 5.0 -10.0 12.5 1521364.7252
0.0 7.5 -10.0 12.5 187.4719
0.0 10.0 -10.0 12.5 -0.6439
0.0 -5.0 -7.5 12.5 10000000038.0576
0.0 0.0 -7.5 12.5 2169199115.7491
0.0 2.5 -7.5 12.5 38356191.7928
0.0 5.0 -7.5 12.5 7.301300000000001
0.0 7.5 -7.5 12.5 -3.6993
0.0 10.0 -7.5 12.5 -2.2937000000000003
0.0 -2.5 -5.0 12.5 6559808.3033
0.0 0.0 -5.0 12.5 10000000047.6979
0.0 2.5 -5.0 12.5 2912086.0531
0.0 5.0 -5.0 12.5 -4.3416
0.0 -2.5 -2.5 12.5 10291.9733
0.0 0.0 -2.5 12.5 104063.8262
0.0 2.5 -2.5 12.5 3.671
0.0 5.0 -2.5 12.5 0.5805
0.0 -5.0 0.0 12.5 77218781.1186
0.0 -2.5 0.0 12.5 4151.3583
0.0 0.0 0.0 12.5 -6.1556999999999995
0.0 2.5 0.0 12.5 -0.8
0.0 5.0 0.0 12.5 2.1092
0.0 -2.5 2.5 12.5 -15.2157
0.0 0.0 2.5 12.5 -10.4763
0.0 2.5 2.5 12.5 -3.6282
0.0 7.5 2.5 12.5 1.3089
0.0 0.0 5.0 12.5 -9.0799
0.0 2.5 5.0 12.5 -2.7721
0.0 5.0 5.0 12.5 1.1353
0.0 -2.5 -10.0 13.75 34966783.813099995
0.0 0.0 -10.0 13.75 9999999994.292501
0.0 2.5 -10.0 13.75 42311.1764
0.0 5.0 -10.0 13.75 20.127200000000002
0.0 7.5 -10.0 13.75 -4.6332
0.0 10.0 -10.0 13.75 -2.3347
0.0 -5.0 -7.5 13.75 9999999851.264301
0.0 -2.5 -7.5 13.75 1918330179.7398
0.0 0.0 -7.5 13.75 35460064.775199994
0.0 2.5 -7.5 13.75 8354373421.5289
0.0 5.0 -7.5 13.75 -6.914899999999999
0.0 7.5 -7.5 13.75 -3.6725000000000003
0.0 10.0 -7.5 13.75 -1.5085
0.0 -2.5 -5.0 13.75 3186908.4115
0.0 0.0 -5.0 13.75 23495.4124
0.0 2.5 -5.0 13.75 16535.0602
0.0 5.0 -5.0 13.75 -2.7657000000000003
0.0 7.5 -5.0 13.75 -1.3563
0.0 -5.0 -2.5 13.75 9999999702.6856
0.0 -2.5 -2.5 13.75 472944.02890000003
0.0 0.0 -2.5 13.75 17.4291
0.0 2.5 -2.5 13.75 2.4093000000000004
0.0 5.0 -2.5 13.75 0.8022
0.0 7.5 -2.5 13.75 0.19369999999999998
0.0 -5.0 0.0 13.75 2346.9447999999998
0.0 -2.5 0.0 13.75 921.8171
0.0 0.0 0.0 13.75 -1.283
0.0 2.5 0.0 13.75 -0.3174
0.0 5.0 0.0 13.75 1.6880000000000002
0.0 7.5 0.0 13.75 0.6515
0.0 10.0 0.0 13.75 -0.31020000000000003
0.0 -5.0 2.5 13.75 36.5436
0.0 -2.5 2.5 13.75 -6.5436
0.0 0.0 2.5 13.75 -5.5802
0.0 2.5 2.5 13.75 -2.1671
0.0 5.0 2.5 13.75 0.6886000000000001
0.0 7.5 2.5 13.75 0.5794
0.0 -2.5 5.0 13.75 -6.147600000000001
0.0 0.0 5.0 13.75 -5.235399999999999
0.0 2.5 5.0 13.75 -1.3667
0.0 5.0 5.0 13.75 0.6937
0.0 7.5 5.0 13.75 0.6894
0.0 10.0 5.0 13.75 0.0474
0.0 -5.0 -10.0 15.0 10000000079.04
0.0 -2.5 -10.0 15.0 11468815.394100001
0.0 0.0 -10.0 15.0 2038508.3084
0.0 2.5 -10.0 15.0 10161657.4087
0.0 5.0 -10.0 15.0 -4.871
0.0 7.5 -10.0 15.0 -4.515
0.0 10.0 -10.0 15.0 -2.0403000000000002
0.0 -5.0 -7.5 15.0 10000000503.658901
0.0 -2.5 -7.5 15.0 9999999964.329802
0.0 0.0 -7.5 15.0 900.729
0.0 2.5 -7.5 15.0 10508.7096
0.0 5.0 -7.5 15.0 -5.5527
0.0 7.5 -7.5 15.0 -1.9937
0.0 10.0 -7.5 15.0 -0.7432
0.0 -5.0 -5.0 15.0 11340702.8038
0.0 -2.5 -5.0 15.0 77956713.7609
0.0 0.0 -5.0 15.0 847.4893999999999
0.0 2.5 -5.0 15.0 12.5383
0.0 5.0 -5.0 15.0 -1.2216
0.0 7.5 -5.0 15.0 -0.5379
0.0 10.0 -5.0 15.0 -0.1617
0.0 -5.0 -2.5 15.0 24250375.9619
0.0 -2.5 -2.5 15.0 323.3939
0.0 0.0 -2.5 15.0 3.718
0.0 2.5 -2.5 15.0 1.4087
0.0 5.0 -2.5 15.0 0.7923000000000001
0.0 7.5 -2.5 15.0 0.4766
0.0 10.0 -2.5 15.0 -0.2704
0.0 -5.0 0.0 15.0 180.5663
0.0 -2.5 0.0 15.0 4.4405
0.0 0.0 0.0 15.0 1.3053
0.0 2.5 0.0 15.0 0.30199999999999994
0.0 5.0 0.0 15.0 1.4386
0.0 7.5 0.0 15.0 0.7278
0.0 10.0 0.0 15.0 -0.0942
0.0 -5.0 2.5 15.0 7.149400000000001
0.0 -2.5 2.5 15.0 -0.2547999999999999
0.0 0.0 2.5 15.0 -2.3343000000000003
0.0 2.5 2.5 15.0 -0.5965
0.0 5.0 2.5 15.0 0.2643
0.0 7.5 2.5 15.0 0.6066
0.0 10.0 2.5 15.0 0.1698
0.0 -5.0 5.0 15.0 0.5421999999999998
0.0 -2.5 5.0 15.0 -2.5581
0.0 0.0 5.0 15.0 -3.0418999999999996
0.0 2.5 5.0 15.0 -0.7002
0.0 5.0 5.0 15.0 0.5187999999999999
0.0 7.5 5.0 15.0 0.254
0.0 10.0 5.0 15.0 0.0004
0.0 -5.0 -10.0 16.25 247812524.07369998
0.0 -2.5 -10.0 16.25 624966.4384
0.0 0.0 -10.0 16.25 571.1885
0.0 2.5 -10.0 16.25 618.5972999999999
0.0 5.0 -10.0 16.25 -3.0326000000000004
0.0 7.5 -10.0 16.25 -2.1225
0.0 10.0 -10.0 16.25 -0.4831
0.0 -5.0 -7.5 16.25 9999999991.5375
0.0 -2.5 -7.5 16.25 10000000075.6287
0.0 0.0 -7.5 16.25 75.8483
0.0 2.5 -7.5 16.25 -6.5639
0.0 5.0 -7.5 16.25 -3.5507999999999997
0.0 7.5 -7.5 16.25 -1.5669
0.0 10.0 -7.5 16.25 0.04870000000000001
0.0 -5.0 -5.0 16.25 2282240.0239999997
0.0 -2.5 -5.0 16.25 255861710.846
0.0 0.0 -5.0 16.25 62.9294
0.0 2.5 -5.0 16.25 -3.4984
0.0 5.0 -5.0 16.25 -1.1559
0.0 7.5 -5.0 16.25 -0.6183
0.0 10.0 -5.0 16.25 0.2143
0.0 -5.0 -2.5 16.25 1489.7213000000002
0.0 -2.5 -2.5 16.25 148.58669999999998
0.0 0.0 -2.5 16.25 2.2817000000000007
0.0 2.5 -2.5 16.25 0.4655
0.0 5.0 -2.5 16.25 1.2029
0.0 7.5 -2.5 16.25 0.6831999999999999
0.0 10.0 -2.5 16.25 0.0085
0.0 -5.0 0.0 16.25 130.83350000000002
0.0 -2.5 0.0 16.25 4.105199999999999
0.0 0.0 0.0 16.25 2.8520000000000003
0.0 2.5 0.0 16.25 1.2828
0.0 5.0 0.0 16.25 1.1627
0.0 7.5 0.0 16.25 0.6794
0.0 10.0 0.0 16.25 0.1514
0.0 -5.0 2.5 16.25 7.0152
0.0 -2.5 2.5 16.25 1.1662
0.0 0.0 2.5 16.25 -0.31170000000000003
0.0 2.5 2.5 16.25 -0.375
0.0 5.0 2.5 16.25 0.7113
0.0 7.5 2.5 16.25 0.3277
0.0 10.0 2.5 16.25 0.083
0.0 -5.0 5.0 16.25 3.7587
0.0 -2.5 5.0 16.25 -0.5800000000000001
0.0 0.0 5.0 16.25 -1.3513
0.0 2.5 5.0 16.25 -0.2019
0.0 5.0 5.0 16.25 0.3653
0.0 7.5 5.0 16.25 0.0295
0.0 10.0 5.0 16.25 0.0
60.0 -5.0 -10.0 3.75 10000000024.3621
60.0 -2.5 -10.0 3.75 10000000132.0709
60.0 0.0 -10.0 3.75 10000000107.943901
60.0 2.5 -10.0 3.75 408092335.5444
60.0 5.0 -10.0 3.75 1690305826.0927
60.0 7.5 -10.0 3.75 103420.90199999999
60.0 10.0 -10.0 3.75 11.8983
60.0 -5.0 -7.5 3.75 9999999948.613602
60.0 -2.5 -7.5 3.75 10000000095.708
60.0 0.0 -7.5 3.75 9999999973.163502
60.0 2.5 -7.5 3.75 610766699.9842
60.0 5.0 -7.5 3.75 10000000053.9713
60.0 7.5 -7.5 3.75 28842.4983
60.0 10.0 -7.5 3.75 14.359
60.0 -5.0 -5.0 3.75 9999999756.4414
60.0 -2.5 -5.0 3.75 1097228757.448
60.0 0.0 -5.0 3.75 9999999981.279902
60.0 2.5 -5.0 3.75 725273994.9889001
60.0 5.0 -5.0 3.75 2392475.6116
60.0 7.5 -5.0 3.75 57.0044
60.0 10.0 -5.0 3.75 8.537500000000001
60.0 -5.0 -2.5 3.75 9999999945.3157
60.0 -2.5 -2.5 3.75 3382910682.3237
60.0 0.0 -2.5 3.75 254239274.4555
60.0 2.5 -2.5 3.75 2665352.8241999997
60.0 5.0 -2.5 3.75 -0.5213999999999999
60.0 7.5 -2.5 3.75 5.6558
60.0 10.0 -2.5 3.75 5.4216999999999995
60.0 -5.0 0.0 3.75 9999999814.326801
60.0 -2.5 0.0 3.75 19804834.8877
60.0 0.0 0.0 3.75 711609421.3873
60.0 2.5 0.0 3.75 935026.2769
60.0 5.0 0.0 3.75 5.8963
60.0 7.5 0.0 3.75 4.7664
60.0 10.0 0.0 3.75 3.2192
60.0 -5.0 2.5 3.75 5671402268.3479
60.0 -2.5 2.5 3.75 2376441932.1279
60.0 0.0 2.5 3.75 3904624.4641
60.0 2.5 2.5 3.75 68.0843
60.0 5.0 2.5 3.75 6.2278
60.0 7.5 2.5 3.75 2.0787
60.0 10.0 2.5 3.75 -0.32299999999999995
60.0 -5.0 5.0 3.75 9999999960.276402
60.0 -2.5 5.0 3.75 775812837.9173
60.0 0.0 5.0 3.75 9006.9841
60.0 2.5 5.0 3.75 63765.716700000004
60.0 5.0 5.0 3.75 -2.209
60.0 7.5 5.0 3.75 -2.4735
60.0 10.0 5.0 3.75 -3.2617
60.0 0.0 -2.5 6.25 43113945.6442
60.0 0.0 2.5 6.25 74599.4816
60.0 5.0 -7.5 7.5 15479.5661
60.0 0.0 -5.0 7.5 804458583.3889999
60.0 0.0 -2.5 7.5 5583970.2563
60.0 -2.5 0.0 7.5 864197092.7445
60.0 0.0 0.0 7.5 1991.3276
60.0 -2.5 2.5 7.5 3270.7726000000002
60.0 0.0 2.5 7.5 8609.072
60.0 0.0 -7.5 8.75 9999999964.9209
60.0 0.0 -5.0 8.75 47324781.1079
60.0 2.5 -5.0 8.75 255671613.8086
60.0 0.0 -2.5 8.75 14468655.2946
60.0 -2.5 0.0 8.75 2640249981.0961003
60.0 0.0 0.0 8.75 132.2184
60.0 -2.5 2.5 8.75 165888082.8424
60.0 0.0 2.5 8.75 10.1665
60.0 2.5 2.5 8.75 8.026900000000001
60.0 -5.0 5.0 8.75 4002.8309
60.0 -2.5 5.0 8.75 1.5539999999999998
60.0 0.0 5.0 8.75 3.6703
60.0 0.0 -10.0 10.0 10000000307.0053
60.0 0.0 -7.5 10.0 10000000045.7409
60.0 2.5 -7.5 10.0 10000000000.127201
60.0 5.0 -7.5 10.0 26845.0913
60.0 0.0 -5.0 10.0 10000000052.040201
60.0 2.5 -5.0 10.0 38118538.5825
60.0 0.0 -2.5 10.0 3660562.3025
60.0 -2.5 0.0 10.0 10000000095.7247
60.0 0.0 0.0 10.0 4.87
60.0 -5.0 2.5 10.0 4032.2695
60.0 -2.5 2.5 10.0 832290.3908
60.0 0.0 2.5 10.0 0.786
60.0 2.5 2.5 10.0 5.2951
60.0 -2.5 5.0 10.0 -7.8118
60.0 0.0 5.0 10.0 0.7801999999999998
60.0 2.5 5.0 10.0 5.7331
60.0 0.0 -10.0 11.25 5212572780.9181
60.0 7.5 -10.0 11.25 -3.9294000000000002
60.0 10.0 -10.0 11.25 0.751
60.0 -2.5 -7.5 11.25 9999999988.771101
60.0 0.0 -7.5 11.25 67882490.205
60.0 2.5 -7.5 11.25 2444776.2994999997
60.0 5.0 -7.5 11.25 329267.6646
60.0 7.5 -7.5 11.25 -3.0319000000000003
60.0 10.0 -7.5 11.25 -0.34950000000000003
60.0 0.0 -5.0 11.25 10000000000.443901
60.0 2.5 -5.0 11.25 898679292.665
60.0 0.0 -2.5 11.25 8029.527
60.0 -2.5 0.0 11.25 3403.7862
60.0 0.0 0.0 11.25 3.0934999999999997
60.0 2.5 0.0 11.25 2.1574000000000004
60.0 -5.0 2.5 11.25 855.4482
60.0 -2.5 2.5 11.25 930.188
60.0 0.0 2.5 11.25 -0.21530000000000005
60.0 2.5 2.5 11.25 2.3573
60.0 -5.0 5.0 11.25 -12.474
60.0 -2.5 5.0 11.25 -6.9427
60.0 0.0 5.0 11.25 -0.10319999999999996
60.0 2.5 5.0 11.25 3.5339
60.0 5.0 5.0 11.25 2.208
60.0 0.0 -10.0 12.5 10000000019.4099
60.0 2.5 -10.0 12.5 112029011.7956
60.0 5.0 -10.0 12.5 58.509699999999995
60.0 7.5 -10.0 12.5 -2.2720000000000002
60.0 10.0 -10.0 12.5 0.7078
60.0 -2.5 -7.5 12.5 6620301023.1047
60.0 0.0 -7.5 12.5 1263183.2568
60.0 2.5 -7.5 12.5 142884.9154
60.0 5.0 -7.5 12.5 172.6344
60.0 7.5 -7.5 12.5 -1.6723000000000001
60.0 10.0 -7.5 12.5 0.11650000000000002
60.0 -5.0 -5.0 12.5 9999999991.239601
60.0 -2.5 -5.0 12.5 10000000057.730701
60.0 0.0 -5.0 12.5 4367718.6945
60.0 2.5 -5.0 12.5 736276.5038000001
60.0 -2.5 -2.5 12.5 743010.9230000001
60.0 0.0 -2.5 12.5 2656.2517000000003
60.0 5.0 -2.5 12.5 2.0524000000000004
60.0 -5.0 0.0 12.5 502228.7071
60.0 -2.5 0.0 12.5 262.8224
60.0 0.0 0.0 12.5 1.4005
60.0 2.5 0.0 12.5 1.3695
60.0 -5.0 2.5 12.5 26.2155
60.0 -2.5 2.5 12.5 -4.6587
60.0 0.0 2.5 12.5 -0.5973999999999999
60.0 2.5 2.5 12.5 1.3657
60.0 -5.0 5.0 12.5 -6.8908000000000005
60.0 -2.5 5.0 12.5 -4.409000000000001
60.0 0.0 5.0 12.5 -0.4515
60.0 2.5 5.0 12.5 1.6567
60.0 5.0 5.0 12.5 1.3003
60.0 -2.5 -10.0 13.75 9999999891.2238
60.0 0.0 -10.0 13.75 9098646223.770802
60.0 2.5 -10.0 13.75 9105490.327100001
60.0 5.0 -10.0 13.75 8.0023
60.0 7.5 -10.0 13.75 -0.8089000000000001
60.0 10.0 -10.0 13.75 0.6875
60.0 -2.5 -7.5 13.75 528535744.0373
60.0 0.0 -7.5 13.75 49074637.0839
60.0 2.5 -7.5 13.75 591.8001
60.0 5.0 -7.5 13.75 3.3866
60.0 7.5 -7.5 13.75 -0.007500000000000062
60.0 10.0 -7.5 13.75 -0.05570000000000001
60.0 -5.0 -5.0 13.75 2910496268.8174996
60.0 -2.5 -5.0 13.75 9999999983.4908
60.0 0.0 -5.0 13.75 430746.7516
60.0 2.5 -5.0 13.75 17.8047
60.0 5.0 -5.0 13.75 0.41290000000000004
60.0 7.5 -5.0 13.75 -0.45580000000000004
60.0 10.0 -5.0 13.75 -0.5561
60.0 -5.0 -2.5 13.75 130442253.242
60.0 -2.5 -2.5 13.75 180640.5715
60.0 0.0 -2.5 13.75 2628.555
60.0 2.5 -2.5 13.75 -0.7189000000000001
60.0 5.0 -2.5 13.75 1.3133000000000001
60.0 7.5 -2.5 13.75 0.10289999999999999
60.0 -5.0 0.0 13.75 4574030.6071
60.0 -2.5 0.0 13.75 4.521
60.0 0.0 0.0 13.75 0.11580000000000013
60.0 2.5 0.0 13.75 1.1255999999999997
60.0 5.0 0.0 13.75 0.6141000000000001
60.0 -5.0 2.5 13.75 2595.8183
60.0 -2.5 2.5 13.75 -2.2123999999999997
60.0 0.0 2.5 13.75 0.22520000000000007
60.0 2.5 2.5 13.75 1.2545
60.0 -5.0 5.0 13.75 -2.3476
60.0 -2.5 5.0 13.75 -1.8435000000000001
60.0 0.0 5.0 13.75 0.39569999999999994
60.0 2.5 5.0 13.75 0.7907000000000001
60.0 5.0 5.0 13.75 0.7807999999999999
60.0 -5.0 -10.0 15.0 9999999926.444801
60.0 -2.5 -10.0 15.0 7161708213.6853
60.0 0.0 -10.0 15.0 3055.3448
60.0 2.5 -10.0 15.0 129.45839999999998
60.0 5.0 -10.0 15.0 -4.0703
60.0 7.5 -10.0 15.0 0.1442
60.0 10.0 -10.0 15.0 0.14800000000000002
60.0 -5.0 -7.5 15.0 20856772.979500003
60.0 -2.5 -7.5 15.0 2539663873.2590003
60.0 0.0 -7.5 15.0 978901.1786
60.0 2.5 -7.5 15.0 -10.894
60.0 5.0 -7.5 15.0 -1.8120000000000003
60.0 7.5 -7.5 15.0 -0.15999999999999998
60.0 10.0 -7.5 15.0 -0.16570000000000001
60.0 -5.0 -5.0 15.0 9800413.8815
60.0 -2.5 -5.0 15.0 24094748.3752
60.0 0.0 -5.0 15.0 55747.7493
60.0 2.5 -5.0 15.0 -6.115600000000001
60.0 5.0 -5.0 15.0 -0.15190000000000015
60.0 7.5 -5.0 15.0 0.37870000000000004
60.0 10.0 -5.0 15.0 -0.2663
60.0 -5.0 -2.5 15.0 2094894.7369000001
60.0 -2.5 -2.5 15.0 409.62530000000004
60.0 0.0 -2.5 15.0 18.3974
60.0 2.5 -2.5 15.0 -0.10690000000000022
60.0 5.0 -2.5 15.0 1.2973
60.0 7.5 -2.5 15.0 0.5461
60.0 10.0 -2.5 15.0 -0.3719
60.0 -5.0 0.0 15.0 343952246.66110003
60.0 -2.5 0.0 15.0 -1.3748999999999998
60.0 0.0 0.0 15.0 -0.35029999999999983
60.0 2.5 0.0 15.0 1.2752
60.0 5.0 0.0 15.0 1.2704
60.0 7.5 0.0 15.0 0.7116
60.0 10.0 0.0 15.0 -0.0913
60.0 -5.0 2.5 15.0 2309.4861
60.0 -2.5 2.5 15.0 0.1102000000000003
60.0 0.0 2.5 15.0 1.5680999999999998
60.0 2.5 2.5 15.0 0.8823999999999999
60.0 5.0 2.5 15.0 0.8309
60.0 7.5 2.5 15.0 0.2626
60.0 10.0 2.5 15.0 -0.03949999999999999
60.0 -5.0 5.0 15.0 0.6711999999999998
60.0 -2.5 5.0 15.0 0.13990000000000002
60.0 0.0 5.0 15.0 -0.1158
60.0 2.5 5.0 15.0 0.1187
60.0 5.0 5.0 15.0 0.4193
60.0 -5.0 -10.0 16.25 9999999980.936201
60.0 -2.5 -10.0 16.25 9999999966.237202
60.0 0.0 -10.0 16.25 1835.4603
60.0 2.5 -10.0 16.25 -7.3662
60.0 5.0 -10.0 16.25 -1.1032000000000002
60.0 7.5 -10.0 16.25 -0.1287
60.0 10.0 -10.0 16.25 0.060700000000000004
60.0 -5.0 -7.5 16.25 3718389.3933
60.0 -2.5 -7.5 16.25 10000000002.253801
60.0 0.0 -7.5 16.25 109.7097
60.0 2.5 -7.5 16.25 -4.1088
60.0 5.0 -7.5 16.25 -0.11060000000000003
60.0 7.5 -7.5 16.25 -0.26980000000000004
60.0 10.0 -7.5 16.25 0.0349
60.0 -5.0 -5.0 16.25 156988062.1313
60.0 -2.5 -5.0 16.25 924.2379
60.0 0.0 -5.0 16.25 111.53469999999999
60.0 2.5 -5.0 16.25 -2.585
60.0 5.0 -5.0 16.25 0.6073999999999999
60.0 7.5 -5.0 16.25 0.5906
60.0 10.0 -5.0 16.25 -0.2725
60.0 -5.0 -2.5 16.25 4256943.734
60.0 -2.5 -2.5 16.25 -3.465
60.0 0.0 -2.5 16.25 -0.7552999999999996
60.0 2.5 -2.5 16.25 0.6968000000000001
60.0 5.0 -2.5 16.25 1.2694999999999999
60.0 7.5 -2.5 16.25 0.7108
60.0 10.0 -2.5 16.25 -0.0724
60.0 -5.0 0.0 16.25 775122.5655
60.0 -2.5 0.0 16.25 1.0793999999999997
60.0 0.0 0.0 16.25 0.9333000000000002
60.0 2.5 0.0 16.25 0.7920999999999999
60.0 5.0 0.0 16.25 1.6494
60.0 7.5 0.0 16.25 0.48579999999999995
60.0 10.0 0.0 16.25 0.0765
60.0 -5.0 2.5 16.25 7574.307400000001
60.0 -2.5 2.5 16.25 1.3714
60.0 0.0 2.5 16.25 1.0449
60.0 2.5 2.5 16.25 0.6902999999999999
60.0 5.0 2.5 16.25 0.5439999999999999
60.0 7.5 2.5 16.25 0.2567
60.0 10.0 2.5 16.25 0.015799999999999998
60.0 -5.0 5.0 16.25 2.8792
60.0 -2.5 5.0 16.25 0.6167
60.0 0.0 5.0 16.25 -0.1395
60.0 2.5 5.0 16.25 0.25179999999999997
60.0 5.0 5.0 16.25 0.3292
60.0 7.5 5.0 16.25 0.1783
60.0 10.0 5.0 16.25 0.0328
120.0 -5.0 -10.0 3.75 10000000190.245401
120.0 -2.5 -10.0 3.75 10000000006.5639
120.0 0.0 -10.0 3.75 10000000205.668701
120.0 2.5 -10.0 3.75 4084672159.7076
120.0 5.0 -10.0 3.75 2403310.3247
120.0 7.5 -10.0 3.75 46.4007
120.0 10.0 -10.0 3.75 -20.1484
120.0 -5.0 -7.5 3.75 10000000031.4501
120.0 -2.5 -7.5 3.75 10000000036.708601
120.0 0.0 -7.5 3.75 1044054447.7893001
120.0 2.5 -7.5 3.75 3815039454.2154
120.0 5.0 -7.5 3.75 9271420.840300001
120.0 7.5 -7.5 3.75 811.7578
120.0 10.0 -7.5 3.75 -13.8703
120.0 -5.0 -5.0 3.75 10000000273.8013
120.0 -2.5 -5.0 3.75 9999999805.2317
120.0 0.0 -5.0 3.75 9999999966.8066
120.0 2.5 -5.0 3.75 821226430.4558
120.0 5.0 -5.0 3.75 2073757673.278
120.0 7.5 -5.0 3.75 491.13669999999996
120.0 10.0 -5.0 3.75 -16.616500000000002
120.0 -5.0 -2.5 3.75 10000000178.021101
120.0 -2.5 -2.5 3.75 9765577601.8762
120.0 0.0 -2.5 3.75 432568653.7006
120.0 2.5 -2.5 3.75 6701.1654
120.0 5.0 -2.5 3.75 -19.666800000000002
120.0 7.5 -2.5 3.75 -24.7648
120.0 10.0 -2.5 3.75 -13.7822
120.0 -5.0 0.0 3.75 10000000298.8423
120.0 -2.5 0.0 3.75 3526496.7542
120.0 0.0 0.0 3.75 10707920.4206
120.0 2.5 0.0 3.75 133976.17450000002
120.0 5.0 0.0 3.75 -4.2949
120.0 7.5 0.0 3.75 -8.286100000000001
120.0 10.0 0.0 3.75 -4.6346
120.0 -5.0 2.5 3.75 10000000053.526001
120.0 -2.5 2.5 3.75 33202320.016900003
120.0 0.0 2.5 3.75 30.203
120.0 2.5 2.5 3.75 331012.1896
120.0 5.0 2.5 3.75 6.351299999999999
120.0 7.5 2.5 3.75 4.234999999999999
120.0 10.0 2.5 3.75 4.0668999999999995
120.0 -5.0 5.0 3.75 10000000020.204601
120.0 -2.5 5.0 3.75 742183881.2014999
120.0 0.0 5.0 3.75 7.293400000000002
120.0 2.5 5.0 3.75 6.68
120.0 5.0 5.0 3.75 6.4136
120.0 7.5 5.0 3.75 7.9804
120.0 10.0 5.0 3.75 6.3923
120.0 -2.5 0.0 5.0 4271981097.8266
120.0 -2.5 2.5 5.0 38821686.461
120.0 0.0 -2.5 6.25 214104680.4883
120.0 -2.5 0.0 6.25 10000000069.102201
120.0 -2.5 2.5 6.25 717463201.9218
120.0 -2.5 5.0 6.25 42.581599999999995
120.0 0.0 -7.5 7.5 7044215238.1783
120.0 -2.5 -5.0 7.5 9999999862.2719
120.0 0.0 -5.0 7.5 1215242.8093
120.0 -2.5 -2.5 7.5 2839417.899
120.0 0.0 -2.5 7.5 1748.4043000000001
120.0 -2.5 0.0 7.5 1284390571.4024
120.0 -2.5 2.5 7.5 144523.96279999998
120.0 0.0 2.5 7.5 27.244500000000002
120.0 -2.5 5.0 7.5 21.1986
120.0 0.0 -7.5 8.75 64817919.442999996
120.0 -2.5 -5.0 8.75 10000000006.6005
120.0 0.0 -5.0 8.75 1129031.4483999999
120.0 2.5 -5.0 8.75 1240.7445
120.0 -2.5 -2.5 8.75 10000000018.0175
120.0 0.0 -2.5 8.75 80.81400000000001
120.0 -2.5 0.0 8.75 2180588.6706
120.0 0.0 0.0 8.75 60.305099999999996
120.0 -2.5 2.5 8.75 218.6711
120.0 0.0 2.5 8.75 16.0323
120.0 -5.0 5.0 8.75 148.5258
120.0 -2.5 5.0 8.75 16.3172
120.0 0.0 -7.5 10.0 511221278.3137
120.0 2.5 -7.5 10.0 167302.8206
120.0 -2.5 -5.0 10.0 9999999854.6039
120.0 0.0 -5.0 10.0 68319.6872
120.0 2.5 -5.0 10.0 25.745299999999997
120.0 -2.5 -2.5 10.0 9999999976.502901
120.0 0.0 -2.5 10.0 18.341199999999997
120.0 -2.5 0.0 10.0 1111.9067
120.0 0.0 0.0 10.0 -0.46720000000000006
120.0 -2.5 2.5 10.0 2.875
120.0 0.0 2.5 10.0 10.8902
120.0 2.5 2.5 10.0 9.4315
120.0 -5.0 5.0 10.0 4.8811
120.0 -2.5 5.0 10.0 12.4709
120.0 0.0 5.0 10.0 12.8177
120.0 0.0 -10.0 11.25 96588509.92629999
120.0 2.5 -10.0 11.25 226121.5252
120.0 5.0 -10.0 11.25 7.415
120.0 7.5 -10.0 11.25 -0.3031999999999999
120.0 0.0 -7.5 11.25 9999999793.434301
120.0 2.5 -7.5 11.25 3984757091.5464
120.0 5.0 -7.5 11.25 -2.4871
120.0 -2.5 -5.0 11.25 9999999569.213701
120.0 0.0 -5.0 11.25 12454606.6428
120.0 2.5 -5.0 11.25 12.915700000000001
120.0 -5.0 -2.5 11.25 4239619387.4315
120.0 -2.5 -2.5 11.25 308616.81549999997
120.0 0.0 -2.5 11.25 -25.6808
120.0 -5.0 0.0 11.25 134930.36190000002
120.0 -2.5 0.0 11.25 442.2848
120.0 0.0 0.0 11.25 -4.2073
120.0 2.5 0.0 11.25 1.1751999999999998
120.0 5.0 0.0 11.25 2.3981
120.0 -5.0 2.5 11.25 281.2301
120.0 -2.5 2.5 11.25 -0.30100000000000016
120.0 0.0 2.5 11.25 6.605500000000001
120.0 2.5 2.5 11.25 5.6743999999999994
120.0 -5.0 5.0 11.25 2.5423999999999998
120.0 -2.5 5.0 11.25 8.2321
120.0 0.0 5.0 11.25 8.9388
120.0 2.5 5.0 11.25 5.698600000000001
120.0 -5.0 -10.0 12.5 10000000060.1534
120.0 0.0 -10.0 12.5 385204354.8095
120.0 2.5 -10.0 12.5 2035743154.7559001
120.0 5.0 -10.0 12.5 30.394
120.0 7.5 -10.0 12.5 0.6253000000000001
120.0 10.0 -10.0 12.5 0.3256
120.0 -2.5 -7.5 12.5 365704715.6062
120.0 0.0 -7.5 12.5 32467818.196000002
120.0 2.5 -7.5 12.5 583020.1184
120.0 5.0 -7.5 12.5 -0.10840000000000005
120.0 -2.5 -5.0 12.5 4564155.1524
120.0 0.0 -5.0 12.5 3526.2541
120.0 2.5 -5.0 12.5 50.332699999999996
120.0 -5.0 -2.5 12.5 7432919920.6994
120.0 -2.5 -2.5 12.5 16818.6502
120.0 0.0 -2.5 12.5 -23.9422
120.0 -5.0 0.0 12.5 7119.0241
120.0 -2.5 0.0 12.5 -7.935700000000001
120.0 0.0 0.0 12.5 -4.3953999999999995
120.0 2.5 0.0 12.5 0.1896
120.0 5.0 0.0 12.5 1.0401
120.0 -5.0 2.5 12.5 -4.5497000000000005
120.0 -2.5 2.5 12.5 -1.3835
120.0 0.0 2.5 12.5 3.1345
120.0 2.5 2.5 12.5 3.3221000000000003
120.0 5.0 2.5 12.5 1.2442
120.0 -5.0 5.0 12.5 0.5081000000000002
120.0 -2.5 5.0 12.5 4.4916
120.0 0.0 5.0 12.5 6.133100000000001
120.0 2.5 5.0 12.5 3.6599
120.0 5.0 5.0 12.5 1.4418
120.0 7.5 5.0 12.5 0.45790000000000003
120.0 -5.0 -10.0 13.75 9999999972.070702
120.0 -2.5 -10.0 13.75 10000000039.748201
120.0 0.0 -10.0 13.75 6902055.5217
120.0 2.5 -10.0 13.75 246772307.8263
120.0 5.0 -10.0 13.75 7.1693999999999996
120.0 7.5 -10.0 13.75 2.0315
120.0 10.0 -10.0 13.75 0.26639999999999997
120.0 -2.5 -7.5 13.75 9999999975.0877
120.0 0.0 -7.5 13.75 1427327.4769
120.0 2.5 -7.5 13.75 2834258.3762000003
120.0 5.0 -7.5 13.75 -0.10919999999999996
120.0 7.5 -7.5 13.75 1.9796000000000002
120.0 10.0 -7.5 13.75 1.4413
120.0 -5.0 -5.0 13.75 337760508.01669997
120.0 -2.5 -5.0 13.75 4777.0995
120.0 0.0 -5.0 13.75 -21.339199999999998
120.0 2.5 -5.0 13.75 -8.9873
120.0 -5.0 -2.5 13.75 5692605.7981
120.0 -2.5 -2.5 13.75 45.980199999999996
120.0 0.0 -2.5 13.75 -17.596899999999998
120.0 2.5 -2.5 13.75 -4.842
120.0 -5.0 0.0 13.75 -27.3378
120.0 -2.5 0.0 13.75 -8.3706
120.0 0.0 0.0 13.75 -4.5095
120.0 2.5 0.0 13.75 0.0010000000000000009
120.0 -5.0 2.5 13.75 -10.762699999999999
120.0 -2.5 2.5 13.75 -2.3642000000000003
120.0 0.0 2.5 13.75 1.9722000000000002
120.0 2.5 2.5 13.75 2.2514000000000003
120.0 5.0 2.5 13.75 0.8583
120.0 7.5 2.5 13.75 0.343
120.0 -5.0 5.0 13.75 -0.04249999999999998
120.0 -2.5 5.0 13.75 3.0747
120.0 0.0 5.0 13.75 4.351800000000001
120.0 2.5 5.0 13.75 2.4466
120.0 5.0 5.0 13.75 0.7691
120.0 7.5 5.0 13.75 0.2285
120.0 -5.0 -10.0 15.0 10000000188.2779
120.0 -2.5 -10.0 15.0 283258683.498
120.0 0.0 -10.0 15.0 172116712.3502
120.0 2.5 -10.0 15.0 2482499.8914
120.0 5.0 -10.0 15.0 4.3217
120.0 7.5 -10.0 15.0 1.9089999999999998
120.0 10.0 -10.0 15.0 0.239
120.0 -5.0 -7.5 15.0 1575196944.5694
120.0 -2.5 -7.5 15.0 61635561.970400006
120.0 0.0 -7.5 15.0 40.657999999999994
120.0 2.5 -7.5 15.0 86.5873
120.0 5.0 -7.5 15.0 1.5245
120.0 7.5 -7.5 15.0 2.0921
120.0 10.0 -7.5 15.0 1.1715000000000002
120.0 -5.0 -5.0 15.0 287366.5219
120.0 -2.5 -5.0 15.0 16020.1075
120.0 0.0 -5.0 15.0 -19.5391
120.0 2.5 -5.0 15.0 -5.5355
120.0 5.0 -5.0 15.0 0.4528000000000001
120.0 7.5 -5.0 15.0 1.8354
120.0 10.0 -5.0 15.0 0.9616
120.0 -5.0 -2.5 15.0 19938363.8038
120.0 -2.5 -2.5 15.0 -26.5504
120.0 0.0 -2.5 15.0 -11.906600000000001
120.0 2.5 -2.5 15.0 -2.6498
120.0 5.0 -2.5 15.0 0.5035000000000001
120.0 7.5 -2.5 15.0 0.6663
120.0 10.0 -2.5 15.0 0.3631
120.0 -5.0 0.0 15.0 -20.7438
120.0 -2.5 0.0 15.0 -8.4418
120.0 0.0 0.0 15.0 -3.2302
120.0 2.5 0.0 15.0 0.17290000000000003
120.0 5.0 0.0 15.0 0.5333
120.0 10.0 0.0 15.0 0.20670000000000002
120.0 -5.0 2.5 15.0 -7.358499999999999
120.0 -2.5 2.5 15.0 -1.4649
120.0 0.0 2.5 15.0 1.7385000000000002
120.0 2.5 2.5 15.0 1.7049
120.0 5.0 2.5 15.0 0.6255000000000001
120.0 7.5 2.5 15.0 0.26280000000000003
120.0 10.0 2.5 15.0 0.0156
120.0 -5.0 5.0 15.0 0.21439999999999992
120.0 -2.5 5.0 15.0 2.9706
120.0 0.0 5.0 15.0 3.2274
120.0 2.5 5.0 15.0 1.7753
120.0 5.0 5.0 15.0 0.36679999999999996
120.0 7.5 5.0 15.0 0.0148
120.0 10.0 5.0 15.0 0.0
120.0 -5.0 -10.0 16.25 20773421.4472
120.0 -2.5 -10.0 16.25 402871992.39629996
120.0 0.0 -10.0 16.25 114.1804
120.0 2.5 -10.0 16.25 45.483
120.0 5.0 -10.0 16.25 3.4459000000000004
120.0 7.5 -10.0 16.25 1.615
120.0 10.0 -10.0 16.25 -0.0769
120.0 -5.0 -7.5 16.25 9999999956.227901
120.0 -2.5 -7.5 16.25 9999999959.996601
120.0 0.0 -7.5 16.25 4.3969000000000005
120.0 2.5 -7.5 16.25 -1.7868
120.0 5.0 -7.5 16.25 2.7403
120.0 7.5 -7.5 16.25 2.1781
120.0 10.0 -7.5 16.25 0.645
120.0 -5.0 -5.0 16.25 67838.1634
120.0 -2.5 -5.0 16.25 113.777
120.0 0.0 -5.0 16.25 -12.6537
120.0 2.5 -5.0 16.25 -2.7687
120.0 5.0 -5.0 16.25 1.2026
120.0 7.5 -5.0 16.25 1.7056
120.0 10.0 -5.0 16.25 0.6169
120.0 -5.0 -2.5 16.25 4822.9785999999995
120.0 -2.5 -2.5 16.25 -18.3311
120.0 0.0 -2.5 16.25 -8.7143
120.0 2.5 -2.5 16.25 -1.9688
120.0 5.0 -2.5 16.25 0.6990999999999999
120.0 7.5 -2.5 16.25 0.4583
120.0 10.0 -2.5 16.25 0.2204
120.0 -5.0 0.0 16.25 -14.4195
120.0 -2.5 0.0 16.25 -6.8835999999999995
120.0 0.0 0.0 16.25 -1.9607
120.0 2.5 0.0 16.25 0.26670000000000005
120.0 5.0 0.0 16.25 0.3524
120.0 7.5 0.0 16.25 0.1974
120.0 10.0 0.0 16.25 0.0596
120.0 -5.0 2.5 16.25 -3.6547
120.0 -2.5 2.5 16.25 -0.6444000000000001
120.0 0.0 2.5 16.25 1.5976
120.0 2.5 2.5 16.25 1.6991999999999998
120.0 5.0 2.5 16.25 0.7683
120.0 7.5 2.5 16.25 0.0514
120.0 10.0 2.5 16.25 0.0
120.0 -5.0 5.0 16.25 2.3317
120.0 -2.5 5.0 16.25 2.9198000000000004
120.0 0.0 5.0 16.25 2.3457000000000003
120.0 2.5 5.0 16.25 0.8858
120.0 5.0 5.0 16.25 0.1294
120.0 7.5 5.0 16.25 0.0
120.0 10.0 5.0 16.25 0.0
180.0 -5.0 -10.0 3.75 10000000176.234201
180.0 -2.5 -10.0 3.75 10000000020.2201
180.0 0.0 -10.0 3.75 9999999837.178202
180.0 2.5 -10.0 3.75 9999999888.7556
180.0 5.0 -10.0 3.75 397882104.64030004
180.0 7.5 -10.0 3.75 127978.0569
180.0 10.0 -10.0 3.75 212.05180000000001
180.0 -5.0 -7.5 3.75 10000000052.6383
180.0 -2.5 -7.5 3.75 9999999915.3595
180.0 0.0 -7.5 3.75 9999999913.113201
180.0 2.5 -7.5 3.75 1931837800.7871
180.0 5.0 -7.5 3.75 103465.07340000001
180.0 7.5 -7.5 3.75 67.6318
180.0 10.0 -7.5 3.75 12.905000000000001
180.0 -5.0 -5.0 3.75 9999999681.0123
180.0 -2.5 -5.0 3.75 2238669572.3574
180.0 0.0 -5.0 3.75 2057275538.1899002
180.0 2.5 -5.0 3.75 17858.9935
180.0 5.0 -5.0 3.75 2.3438
180.0 7.5 -5.0 3.75 0.8552000000000004
180.0 10.0 -5.0 3.75 0.8453999999999999
180.0 -5.0 -2.5 3.75 9999999793.5699
180.0 -2.5 -2.5 3.75 9999999956.686401
180.0 0.0 -2.5 3.75 9999999986.8498
180.0 2.5 -2.5 3.75 10412.861499999999
180.0 5.0 -2.5 3.75 7.4122
180.0 7.5 -2.5 3.75 -6.4967
180.0 10.0 -2.5 3.75 -9.496699999999999
180.0 -5.0 0.0 3.75 10000000133.287802
180.0 -2.5 0.0 3.75 944987408.9165
180.0 0.0 0.0 3.75 44616.5119
180.0 2.5 0.0 3.75 4247.360299999999
180.0 5.0 0.0 3.75 7907.6569
180.0 7.5 0.0 3.75 -21.996100000000002
180.0 10.0 0.0 3.75 -21.3244
180.0 -5.0 2.5 3.75 1816447509.3637002
180.0 -2.5 2.5 3.75 160258901.0108
180.0 0.0 2.5 3.75 205989593.70810002
180.0 2.5 2.5 3.75 631772.6627
180.0 5.0 2.5 3.75 79.41059999999999
180.0 7.5 2.5 3.75 -35.5644
180.0 10.0 2.5 3.75 -29.8013
180.0 -5.0 5.0 3.75 10000000225.5221
180.0 -2.5 5.0 3.75 9126046.0198
180.0 0.0 5.0 3.75 10874.7931
180.0 2.5 5.0 3.75 22.7766
180.0 5.0 5.0 3.75 -10.8268
180.0 7.5 5.0 3.75 -28.1876
180.0 10.0 5.0 3.75 -24.349400000000003
180.0 -2.5 2.5 5.0 108853386.9053
180.0 -2.5 -2.5 6.25 1286544193.3852
180.0 -2.5 0.0 6.25 2391517.7021
180.0 -2.5 -2.5 7.5 597675.6117
180.0 -2.5 0.0 7.5 1427009.4024
180.0 -2.5 2.5 7.5 1165.5002
180.0 0.0 2.5 7.5 4.6664
180.0 2.5 2.5 7.5 2.9548
180.0 2.5 -10.0 8.75 2620344.6264
180.0 -2.5 -7.5 8.75 289557944.93729997
180.0 2.5 -7.5 8.75 10000000024.1243
180.0 5.0 -7.5 8.75 376044817.17410004
180.0 -5.0 -5.0 8.75 10000000164.129002
180.0 -2.5 -5.0 8.75 387839830.2435
180.0 -5.0 -2.5 8.75 9999999966.410702
180.0 -2.5 -2.5 8.75 9999999788.436901
180.0 0.0 -2.5 8.75 1521.6302
180.0 -5.0 0.0 8.75 1814459581.9984002
180.0 -2.5 0.0 8.75 154021.8395
180.0 0.0 0.0 8.75 437.0693
180.0 -5.0 2.5 8.75 3049954.492
180.0 -2.5 2.5 8.75 27.9399
180.0 0.0 2.5 8.75 -2.3167999999999997
180.0 2.5 2.5 8.75 -0.7649000000000001
180.0 0.0 5.0 8.75 -1.4299
180.0 2.5 5.0 8.75 -1.2694999999999999
180.0 2.5 -10.0 10.0 10000000016.287601
180.0 -2.5 -7.5 10.0 10000000106.5921
180.0 0.0 -7.5 10.0 179099750.6931
180.0 2.5 -7.5 10.0 33704595.435600005
180.0 5.0 -7.5 10.0 785.3330000000001
180.0 -5.0 -5.0 10.0 9999999684.0456
180.0 -2.5 -5.0 10.0 2152318464.0504
180.0 0.0 -5.0 10.0 1174354.1926
180.0 -5.0 -2.5 10.0 97017.4918
180.0 -2.5 -2.5 10.0 640759.7681
180.0 0.0 -2.5 10.0 179.0764
180.0 -5.0 0.0 10.0 9999999846.2306
180.0 -2.5 0.0 10.0 97198.1746
180.0 0.0 0.0 10.0 -23.2737
180.0 -5.0 2.5 10.0 75301451.6135
180.0 -2.5 2.5 10.0 86.3053
180.0 0.0 2.5 10.0 -7.8338
180.0 2.5 2.5 10.0 -4.163
180.0 -2.5 5.0 10.0 -16.5231
180.0 0.0 5.0 10.0 -8.2829
180.0 2.5 5.0 10.0 -4.3786000000000005
180.0 5.0 5.0 10.0 -3.133
180.0 -2.5 -10.0 11.25 9999999763.783
180.0 2.5 -10.0 11.25 27088656.0758
180.0 5.0 -10.0 11.25 76003.0393
180.0 -2.5 -7.5 11.25 214817151.2427
180.0 0.0 -7.5 11.25 10000000027.3237
180.0 2.5 -7.5 11.25 97040998.9064
180.0 5.0 -7.5 11.25 33.4343
180.0 -5.0 -5.0 11.25 4796371305.9167
180.0 -2.5 -5.0 11.25 1595251659.1983
180.0 0.0 -5.0 11.25 6214900.4317
180.0 -5.0 -2.5 11.25 1468426.4316
180.0 -2.5 -2.5 11.25 1426968.2659
180.0 0.0 -2.5 11.25 6255.6934
180.0 -5.0 0.0 11.25 6992.3261
180.0 -2.5 0.0 11.25 2178.5991999999997
180.0 0.0 0.0 11.25 -20.8438
180.0 -5.0 2.5 11.25 2989.4868
180.0 -2.5 2.5 11.25 -14.206199999999999
180.0 0.0 2.5 11.25 -12.5356
180.0 2.5 2.5 11.25 -6.7847
180.0 -5.0 5.0 11.25 847.6287000000001
180.0 -2.5 5.0 11.25 -21.6844
180.0 0.0 5.0 11.25 -12.0871
180.0 2.5 5.0 11.25 -7.132599999999999
180.0 5.0 5.0 11.25 -2.8847
180.0 7.5 5.0 11.25 -1.5231999999999999
180.0 -2.5 -10.0 12.5 1593684208.5568001
180.0 0.0 -10.0 12.5 10000000016.402601
180.0 2.5 -10.0 12.5 42030928.6644
180.0 5.0 -10.0 12.5 109402.1338
180.0 7.5 -10.0 12.5 -5.513
180.0 -2.5 -7.5 12.5 117553369.7868
180.0 0.0 -7.5 12.5 2846463168.3024
180.0 2.5 -7.5 12.5 4412124.7671
180.0 5.0 -7.5 12.5 40.1424
180.0 -5.0 -5.0 12.5 10000000072.0702
180.0 -2.5 -5.0 12.5 10000000013.8192
180.0 0.0 -5.0 12.5 71107.67189999999
180.0 2.5 -5.0 12.5 165.04510000000002
180.0 5.0 -5.0 12.5 10.7874
180.0 -5.0 -2.5 12.5 1962071938.7375998
180.0 -2.5 -2.5 12.5 1361918182.7038
180.0 0.0 -2.5 12.5 2151032.1827000002
180.0 2.5 -2.5 12.5 3.5054000000000003
180.0 5.0 -2.5 12.5 0.12930000000000008
180.0 -5.0 0.0 12.5 150.3425
180.0 -2.5 0.0 12.5 113.8572
180.0 0.0 0.0 12.5 -17.127299999999998
180.0 2.5 0.0 12.5 -7.1645
180.0 -5.0 2.5 12.5 -29.796300000000002
180.0 -2.5 2.5 12.5 -23.7991
180.0 0.0 2.5 12.5 -13.6621
180.0 2.5 2.5 12.5 -8.652700000000001
180.0 5.0 2.5 12.5 -4.5726
180.0 -5.0 5.0 12.5 -18.1708
180.0 -2.5 5.0 12.5 -18.2913
180.0 0.0 5.0 12.5 -13.965499999999999
180.0 2.5 5.0 12.5 -7.8877999999999995
180.0 5.0 5.0 12.5 -2.4995000000000003
180.0 7.5 5.0 12.5 -0.8269
180.0 10.0 5.0 12.5 -0.0812
180.0 -5.0 -10.0 13.75 9999999975.3419
180.0 -2.5 -10.0 13.75 1989646.0694
180.0 0.0 -10.0 13.75 682925302.6894
180.0 2.5 -10.0 13.75 787778.2285
180.0 5.0 -10.0 13.75 -14.8573
180.0 7.5 -10.0 13.75 -8.7456
180.0 -5.0 -7.5 13.75 263925437.4291
180.0 -2.5 -7.5 13.75 224678.2206
180.0 0.0 -7.5 13.75 2723426.3251
180.0 2.5 -7.5 13.75 484.1118
180.0 5.0 -7.5 13.75 5.2806
180.0 10.0 -7.5 13.75 -6.6413
180.0 -5.0 -5.0 13.75 10000000098.0179
180.0 -2.5 -5.0 13.75 161144680.9376
180.0 0.0 -5.0 13.75 532.5548
180.0 2.5 -5.0 13.75 12.472000000000001
180.0 5.0 -5.0 13.75 5.3309
180.0 -5.0 -2.5 13.75 20243.176
180.0 -2.5 -2.5 13.75 3128692289.0769
180.0 0.0 -2.5 13.75 2078.207
180.0 2.5 -2.5 13.75 3.3592999999999997
180.0 5.0 -2.5 13.75 0.7694000000000001
180.0 -5.0 0.0 13.75 9.7161
180.0 -2.5 0.0 13.75 1339.2877999999998
180.0 0.0 0.0 13.75 -12.532599999999999
180.0 2.5 0.0 13.75 -6.033799999999999
180.0 5.0 0.0 13.75 -3.9121
180.0 7.5 0.0 13.75 -2.3011
180.0 -5.0 2.5 13.75 -17.7357
180.0 -2.5 2.5 13.75 -16.8694
180.0 0.0 2.5 13.75 -12.8199
180.0 2.5 2.5 13.75 -8.5519
180.0 5.0 2.5 13.75 -3.8726000000000003
180.0 7.5 2.5 13.75 -1.243
180.0 10.0 2.5 13.75 -0.4536
180.0 -5.0 5.0 13.75 -12.4481
180.0 -2.5 5.0 13.75 -14.5082
180.0 0.0 5.0 13.75 -11.6068
180.0 2.5 5.0 13.75 -6.3224
180.0 5.0 5.0 13.75 -2.0845
180.0 7.5 5.0 13.75 -0.2868
180.0 -5.0 -10.0 15.0 10000000024.7478
180.0 -2.5 -10.0 15.0 9203614717.3869
180.0 0.0 -10.0 15.0 144705.07330000002
180.0 2.5 -10.0 15.0 12.245199999999999
180.0 5.0 -10.0 15.0 -14.1014
180.0 7.5 -10.0 15.0 -8.3276
180.0 10.0 -10.0 15.0 -5.503
180.0 -5.0 -7.5 15.0 9999999989.265001
180.0 -2.5 -7.5 15.0 11973.5355
180.0 0.0 -7.5 15.0 629.6193
180.0 2.5 -7.5 15.0 -1.7014
180.0 5.0 -7.5 15.0 -4.3690999999999995
180.0 7.5 -7.5 15.0 -4.6203
180.0 10.0 -7.5 15.0 -4.8111
180.0 -5.0 -5.0 15.0 155875.4349
180.0 -2.5 -5.0 15.0 3896989.8273
180.0 0.0 -5.0 15.0 114.1677
180.0 2.5 -5.0 15.0 8.8645
180.0 5.0 -5.0 15.0 1.8890999999999998
180.0 7.5 -5.0 15.0 -2.158
180.0 -5.0 -2.5 15.0 393615.1306
180.0 -2.5 -2.5 15.0 23499.0423
180.0 0.0 -2.5 15.0 400.52029999999996
180.0 2.5 -2.5 15.0 3.1336000000000004
180.0 5.0 -2.5 15.0 -0.40449999999999997
180.0 7.5 -2.5 15.0 -1.3686999999999998
180.0 -5.0 0.0 15.0 3.3853
180.0 -2.5 0.0 15.0 62.585899999999995
180.0 0.0 0.0 15.0 -8.1297
180.0 2.5 0.0 15.0 -4.3332
180.0 5.0 0.0 15.0 -2.6565
180.0 7.5 0.0 15.0 -1.4098
180.0 -5.0 2.5 15.0 -8.487400000000001
180.0 -2.5 2.5 15.0 -11.7997
180.0 0.0 2.5 15.0 -9.7798
180.0 2.5 2.5 15.0 -6.6724000000000006
180.0 5.0 2.5 15.0 -2.3537
180.0 7.5 2.5 15.0 -0.4421
180.0 10.0 2.5 15.0 -0.0348
180.0 -5.0 5.0 15.0 -8.5467
180.0 -2.5 5.0 15.0 -10.851600000000001
180.0 0.0 5.0 15.0 -9.7588
180.0 2.5 5.0 15.0 -5.2860000000000005
180.0 5.0 5.0 15.0 -1.4143
180.0 7.5 5.0 15.0 -0.0602
180.0 10.0 5.0 15.0 0.0
180.0 -5.0 -10.0 16.25 10000000006.353401
180.0 -2.5 -10.0 16.25 5066189.9832999995
180.0 0.0 -10.0 16.25 23.941200000000002
180.0 2.5 -10.0 16.25 -6.8462
180.0 5.0 -10.0 16.25 -8.9582
180.0 7.5 -10.0 16.25 -6.756
180.0 10.0 -10.0 16.25 -4.5709
180.0 -5.0 -7.5 16.25 1970273525.7951999
180.0 -2.5 -7.5 16.25 423.3209
180.0 0.0 -7.5 16.25 8.572099999999999
180.0 2.5 -7.5 16.25 0.8544
180.0 5.0 -7.5 16.25 -2.7973
180.0 7.5 -7.5 16.25 -4.0028999999999995
180.0 10.0 -7.5 16.25 -3.6302999999999996
180.0 -5.0 -5.0 16.25 2359.2356999999997
180.0 -2.5 -5.0 16.25 2295833.3000000003
180.0 0.0 -5.0 16.25 25.8999
180.0 2.5 -5.0 16.25 5.882099999999999
180.0 5.0 -5.0 16.25 0.26480000000000004
180.0 7.5 -5.0 16.25 -2.1129
180.0 10.0 -5.0 16.25 -2.0941
180.0 -5.0 -2.5 16.25 103597.7815
180.0 -2.5 -2.5 16.25 14769.424
180.0 0.0 -2.5 16.25 7.0676
180.0 2.5 -2.5 16.25 0.9916
180.0 5.0 -2.5 16.25 -0.8086
180.0 7.5 -2.5 16.25 -0.9443
180.0 10.0 -2.5 16.25 -1.1452
180.0 -5.0 0.0 16.25 3.1917000000000004
180.0 -2.5 0.0 16.25 -7.5067
180.0 0.0 0.0 16.25 -5.367999999999999
180.0 2.5 0.0 16.25 -3.3208
180.0 5.0 0.0 16.25 -1.8321
180.0 7.5 0.0 16.25 -0.626
180.0 10.0 0.0 16.25 -0.2514
180.0 -5.0 2.5 16.25 -4.0918
180.0 -2.5 2.5 16.25 -8.4426
180.0 0.0 2.5 16.25 -7.186800000000001
180.0 2.5 2.5 16.25 -4.1145
180.0 5.0 2.5 16.25 -1.4204
180.0 7.5 2.5 16.25 -0.14450000000000002
180.0 10.0 2.5 16.25 0.0
180.0 -5.0 5.0 16.25 -5.0739
180.0 -2.5 5.0 16.25 -8.160400000000001
180.0 0.0 5.0 16.25 -6.9098
180.0 2.5 5.0 16.25 -3.8635
180.0 5.0 5.0 16.25 -0.8771
180.0 7.5 5.0 16.25 -0.0093
180.0 10.0 5.0 16.25 0.0
240.0 -5.0 -10.0 3.75 10000000049.123901
240.0 -2.5 -10.0 3.75 9999999900.6991
240.0 0.0 -10.0 3.75 1144088452.8358002
240.0 2.5 -10.0 3.75 961110224.3429
240.0 5.0 -10.0 3.75 1650.7399
240.0 7.5 -10.0 3.75 11.5069
240.0 10.0 -10.0 3.75 8.0336
240.0 -5.0 -7.5 3.75 9999999981.2078
240.0 -2.5 -7.5 3.75 10000000340.5433
240.0 0.0 -7.5 3.75 2784671313.7544
240.0 2.5 -7.5 3.75 9999999950.650002
240.0 5.0 -7.5 3.75 322807.3304
240.0 7.5 -7.5 3.75 15.7968
240.0 10.0 -7.5 3.75 8.0228
240.0 -5.0 -5.0 3.75 9999999657.972301
240.0 -2.5 -5.0 3.75 10000000056.0055
240.0 0.0 -5.0 3.75 1253086699.769
240.0 2.5 -5.0 3.75 334070767.9759
240.0 5.0 -5.0 3.75 2730.393
240.0 7.5 -5.0 3.75 17.002499999999998
240.0 10.0 -5.0 3.75 5.2444
240.0 -5.0 -2.5 3.75 10000000111.6678
240.0 -2.5 -2.5 3.75 5014094829.520599
240.0 0.0 -2.5 3.75 93543805.1945
240.0 2.5 -2.5 3.75 60782.4176
240.0 5.0 -2.5 3.75 1.1815000000000007
240.0 7.5 -2.5 3.75 3.4088999999999996
240.0 10.0 -2.5 3.75 3.0439000000000003
240.0 -5.0 0.0 3.75 10000000085.6186
240.0 -2.5 0.0 3.75 10000000104.630901
240.0 0.0 0.0 3.75 10000000039.232
240.0 2.5 0.0 3.75 4448.3469000000005
240.0 5.0 0.0 3.75 87.52250000000001
240.0 7.5 0.0 3.75 3.6102
240.0 10.0 0.0 3.75 2.5740000000000003
240.0 -5.0 2.5 3.75 1342847316.5799
240.0 -2.5 2.5 3.75 218656157.1101
240.0 0.0 2.5 3.75 11286.8014
240.0 2.5 2.5 3.75 -34.7733
240.0 5.0 2.5 3.75 -8.3088
240.0 7.5 2.5 3.75 -2.0187
240.0 10.0 2.5 3.75 1.2555
240.0 -5.0 5.0 3.75 1045797864.816
240.0 -2.5 5.0 3.75 478189235.0825
240.0 0.0 5.0 3.75 707492.8181
240.0 2.5 5.0 3.75 -32.4461
240.0 5.0 5.0 3.75 -20.265
240.0 7.5 5.0 3.75 -9.4349
240.0 10.0 5.0 3.75 -2.2239
240.0 0.0 5.0 5.0 6803.8493
240.0 2.5 -7.5 6.25 577773718.1330999
240.0 0.0 -2.5 6.25 10000000026.596
240.0 0.0 0.0 6.25 87085.2551
240.0 -2.5 2.5 6.25 1606991255.2084
240.0 0.0 2.5 6.25 1345.7875999999999
240.0 0.0 5.0 6.25 175.9922
240.0 2.5 -7.5 7.5 36947447.878699996
240.0 0.0 -5.0 7.5 826931437.6777999
240.0 2.5 -5.0 7.5 1271707320.5369
240.0 0.0 -2.5 7.5 1903952360.1186001
240.0 2.5 -2.5 7.5 273594.4187
240.0 0.0 0.0 7.5 9999999940.097502
240.0 2.5 0.0 7.5 962.8386
240.0 0.0 2.5 7.5 0.3032999999999997
240.0 -2.5 5.0 7.5 220.7343
240.0 0.0 5.0 7.5 -7.779
240.0 2.5 -10.0 8.75 120745514.1061
240.0 2.5 -7.5 8.75 376940417.2934
240.0 0.0 -5.0 8.75 10000000259.3222
240.0 2.5 -5.0 8.75 1154783.8628
240.0 -2.5 -2.5 8.75 8619759274.347
240.0 0.0 -2.5 8.75 76049557.26300001
240.0 2.5 -2.5 8.75 9563.9159
240.0 -5.0 0.0 8.75 30247832.6578
240.0 -2.5 0.0 8.75 9999999928.7003
240.0 0.0 0.0 8.75 13919.2065
240.0 2.5 0.0 8.75 368.5124
240.0 -2.5 2.5 8.75 2991.3894
240.0 0.0 2.5 8.75 -7.7517000000000005
240.0 2.5 2.5 8.75 -6.632099999999999
240.0 -2.5 5.0 8.75 -14.2904
240.0 0.0 5.0 8.75 -7.2495
240.0 2.5 5.0 8.75 -7.2619
240.0 2.5 -10.0 10.0 745222024.7864
240.0 5.0 -10.0 10.0 45017308.210899994
240.0 2.5 -7.5 10.0 1049373182.4218
240.0 -5.0 -5.0 10.0 9999999945.509602
240.0 0.0 -5.0 10.0 8922543.481
240.0 2.5 -5.0 10.0 23043.6803
240.0 -5.0 -2.5 10.0 1927427003.5537
240.0 -2.5 -2.5 10.0 10000000046.776901
240.0 0.0 -2.5 10.0 213802268.89029998
240.0 2.5 -2.5 10.0 2032.3877000000002
240.0 -5.0 0.0 10.0 40068992.304000005
240.0 -2.5 0.0 10.0 23174.8763
240.0 0.0 0.0 10.0 11.992099999999999
240.0 2.5 0.0 10.0 -2.0778000000000003
240.0 -2.5 2.5 10.0 -20.7556
240.0 0.0 2.5 10.0 -4.1594
240.0 2.5 2.5 10.0 -5.6315
240.0 5.0 2.5 10.0 -5.5397
240.0 -2.5 5.0 10.0 -12.6041
240.0 0.0 5.0 10.0 -5.7377
240.0 2.5 5.0 10.0 -5.5565
240.0 5.0 5.0 10.0 -4.467
240.0 -2.5 -10.0 11.25 10000000182.022202
240.0 2.5 -10.0 11.25 806263736.9425
240.0 5.0 -10.0 11.25 644697998.2254
240.0 10.0 -10.0 11.25 1.3074
240.0 2.5 -7.5 11.25 127390.121
240.0 -5.0 -5.0 11.25 1343752600.368
240.0 -2.5 -5.0 11.25 3098511415.7097
240.0 0.0 -5.0 11.25 1953118.8857
240.0 2.5 -5.0 11.25 34.0178
240.0 -5.0 -2.5 11.25 860441422.0380001
240.0 -2.5 -2.5 11.25 97296.9393
240.0 0.0 -2.5 11.25 4230.0649
240.0 2.5 -2.5 11.25 3.1862999999999997
240.0 -5.0 0.0 11.25 1367474.2773999998
240.0 -2.5 0.0 11.25 293904.7731
240.0 0.0 0.0 11.25 2.7713
240.0 2.5 0.0 11.25 -5.337
240.0 -2.5 2.5 11.25 -9.273299999999999
240.0 0.0 2.5 11.25 -2.3527
240.0 2.5 2.5 11.25 -4.1299
240.0 5.0 2.5 11.25 -3.9757000000000002
240.0 -2.5 5.0 11.25 -10.3316
240.0 0.0 5.0 11.25 -4.4731
240.0 2.5 5.0 11.25 -3.8436
240.0 5.0 5.0 11.25 -3.1399
240.0 7.5 5.0 11.25 -1.3426
240.0 -2.5 -10.0 12.5 9999999827.371
240.0 0.0 -10.0 12.5 9999999973.124802
240.0 2.5 -10.0 12.5 42157646.1967
240.0 5.0 -10.0 12.5 50548587.914100006
240.0 7.5 -10.0 12.5 464.365
240.0 10.0 -10.0 12.5 0.7081999999999999
240.0 -5.0 -7.5 12.5 9999999875.3034
240.0 0.0 -7.5 12.5 83201786.82169999
240.0 2.5 -7.5 12.5 278210.64670000004
240.0 5.0 -7.5 12.5 152.2086
240.0 7.5 -7.5 12.5 -0.10350000000000004
240.0 10.0 -7.5 12.5 -0.09399999999999997
240.0 -5.0 -5.0 12.5 10000000000.769201
240.0 -2.5 -5.0 12.5 1868433.775
240.0 0.0 -5.0 12.5 937.7229
240.0 2.5 -5.0 12.5 -7.000299999999999
240.0 5.0 -5.0 12.5 -4.3635
240.0 -5.0 -2.5 12.5 5849260131.6144
240.0 -2.5 -2.5 12.5 229961893.3024
240.0 0.0 -2.5 12.5 21.6241
240.0 2.5 -2.5 12.5 -3.8783000000000003
240.0 -5.0 0.0 12.5 319690.3672
240.0 -2.5 0.0 12.5 854.1927
240.0 0.0 0.0 12.5 3.0636
240.0 2.5 0.0 12.5 -2.8627
240.0 -2.5 2.5 12.5 -3.9781999999999997
240.0 0.0 2.5 12.5 -1.5639999999999998
240.0 2.5 2.5 12.5 -3.0279000000000003
240.0 5.0 2.5 12.5 -2.9163
240.0 -2.5 5.0 12.5 -8.7753
240.0 0.0 5.0 12.5 -4.0464
240.0 2.5 5.0 12.5 -3.1479
240.0 5.0 5.0 12.5 -2.0528
240.0 7.5 5.0 12.5 -1.0261
240.0 10.0 5.0 12.5 -0.1066
240.0 -5.0 -10.0 13.75 4305331106.231501
240.0 -2.5 -10.0 13.75 10000000033.414902
240.0 0.0 -10.0 13.75 9999999945.1301
240.0 2.5 -10.0 13.75 446986.0782
240.0 5.0 -10.0 13.75 273.0333
240.0 7.5 -10.0 13.75 11.1443
240.0 10.0 -10.0 13.75 0.3228
240.0 -5.0 -7.5 13.75 290959834.6405
240.0 -2.5 -7.5 13.75 168573145.99109998
240.0 0.0 -7.5 13.75 3242745.5479
240.0 2.5 -7.5 13.75 15266.347099999999
240.0 5.0 -7.5 13.75 -8.2883
240.0 7.5 -7.5 13.75 -1.9023
240.0 10.0 -7.5 13.75 -0.2018
240.0 -5.0 -5.0 13.75 45202968.562300004
240.0 -2.5 -5.0 13.75 428956.0366
240.0 0.0 -5.0 13.75 73.8734
240.0 2.5 -5.0 13.75 -8.5841
240.0 5.0 -5.0 13.75 -5.2047
240.0 7.5 -5.0 13.75 -3.0911
240.0 -5.0 -2.5 13.75 18564875.2893
240.0 -2.5 -2.5 13.75 94525.4865
240.0 0.0 -2.5 13.75 -6.7156
240.0 2.5 -2.5 13.75 -3.7809999999999997
240.0 5.0 -2.5 13.75 -3.5012
240.0 -5.0 0.0 13.75 15647.351700000001
240.0 -2.5 0.0 13.75 4.2326
240.0 0.0 0.0 13.75 1.0991
240.0 2.5 0.0 13.75 -2.1646
240.0 5.0 0.0 13.75 -3.5660000000000003
240.0 -5.0 2.5 13.75 60.559900000000006
240.0 -2.5 2.5 13.75 -2.415
240.0 0.0 2.5 13.75 -1.3835
240.0 2.5 2.5 13.75 -1.5324
240.0 5.0 2.5 13.75 -2.0736
240.0 7.5 2.5 13.75 -1.4727
240.0 -2.5 5.0 13.75 -6.2304
240.0 0.0 5.0 13.75 -3.2708000000000004
240.0 2.5 5.0 13.75 -1.8115999999999999
240.0 5.0 5.0 13.75 -1.2051
240.0 7.5 5.0 13.75 -0.6395000000000001
240.0 10.0 5.0 13.75 -0.0338
240.0 -5.0 -10.0 15.0 9999999965.093601
240.0 -2.5 -10.0 15.0 25995441.9656
240.0 0.0 -10.0 15.0 10000000009.1592
240.0 2.5 -10.0 15.0 7905416.8964
240.0 5.0 -10.0 15.0 -5.8678
240.0 7.5 -10.0 15.0 -0.6439000000000001
240.0 10.0 -10.0 15.0 0.3624
240.0 -5.0 -7.5 15.0 173861464.7322
240.0 -2.5 -7.5 15.0 3328600394.2984
240.0 0.0 -7.5 15.0 17279.5408
240.0 2.5 -7.5 15.0 53.4568
240.0 5.0 -7.5 15.0 -7.1533
240.0 7.5 -7.5 15.0 -1.8354
240.0 10.0 -7.5 15.0 0.027700000000000002
240.0 -5.0 -5.0 15.0 342704650.1262
240.0 -2.5 -5.0 15.0 477234376.42160004
240.0 0.0 -5.0 15.0 -9.1923
240.0 2.5 -5.0 15.0 -8.3466
240.0 5.0 -5.0 15.0 -5.1445
240.0 7.5 -5.0 15.0 -2.4676
240.0 10.0 -5.0 15.0 -0.7718999999999999
240.0 -5.0 -2.5 15.0 92341.1841
240.0 -2.5 -2.5 15.0 84.5993
240.0 0.0 -2.5 15.0 -5.9158
240.0 2.5 -2.5 15.0 -4.026
240.0 5.0 -2.5 15.0 -3.1778
240.0 7.5 -2.5 15.0 -2.2561999999999998
240.0 10.0 -2.5 15.0 -0.9244
240.0 -5.0 0.0 15.0 21.16
240.0 -2.5 0.0 15.0 0.8338000000000001
240.0 0.0 0.0 15.0 -0.46909999999999996
240.0 2.5 0.0 15.0 -1.7143
240.0 5.0 0.0 15.0 -2.5415
240.0 10.0 0.0 15.0 -0.39590000000000003
240.0 -5.0 2.5 15.0 5.6231
240.0 -2.5 2.5 15.0 -0.23089999999999988
240.0 0.0 2.5 15.0 -0.692
240.0 2.5 2.5 15.0 -0.5971
240.0 5.0 2.5 15.0 -1.5269
240.0 7.5 2.5 15.0 -0.8684
240.0 -5.0 5.0 15.0 -10.4491
240.0 -2.5 5.0 15.0 -4.7398
240.0 0.0 5.0 15.0 -2.1216
240.0 2.5 5.0 15.0 -0.8231
240.0 5.0 5.0 15.0 -0.3973
240.0 7.5 5.0 15.0 -0.37579999999999997
240.0 10.0 5.0 15.0 0.0
240.0 -5.0 -10.0 16.25 3586685.946
240.0 -2.5 -10.0 16.25 57152991.1016
240.0 0.0 -10.0 16.25 8447.2391
240.0 2.5 -10.0 16.25 2949.6798000000003
240.0 5.0 -10.0 16.25 -2.8306
240.0 7.5 -10.0 16.25 -0.15149999999999997
240.0 10.0 -10.0 16.25 0.45180000000000003
240.0 -5.0 -7.5 16.25 9281324.880199999
240.0 -2.5 -7.5 16.25 206129.446
240.0 0.0 -7.5 16.25 7.4014999999999995
240.0 2.5 -7.5 16.25 -8.730699999999999
240.0 5.0 -7.5 16.25 -5.2548
240.0 7.5 -7.5 16.25 -1.7439
240.0 10.0 -7.5 16.25 0.1835
240.0 -5.0 -5.0 16.25 208863077.6903
240.0 -2.5 -5.0 16.25 215861085.4497
240.0 0.0 -5.0 16.25 -9.5687
240.0 2.5 -5.0 16.25 -6.8165000000000004
240.0 5.0 -5.0 16.25 -3.8684
240.0 7.5 -5.0 16.25 -1.8760000000000001
240.0 10.0 -5.0 16.25 -0.40340000000000004
240.0 -5.0 -2.5 16.25 213895713.7352
240.0 -2.5 -2.5 16.25 1346.3116
240.0 0.0 -2.5 16.25 -4.2151
240.0 2.5 -2.5 16.25 -3.567
240.0 5.0 -2.5 16.25 -3.0558
240.0 7.5 -2.5 16.25 -2.011
240.0 10.0 -2.5 16.25 -0.4364
240.0 -5.0 0.0 16.25 4.268300000000001
240.0 -2.5 0.0 16.25 0.45799999999999974
240.0 0.0 0.0 16.25 -1.0171999999999999
240.0 2.5 0.0 16.25 -1.6405
240.0 5.0 0.0 16.25 -1.7205
240.0 7.5 0.0 16.25 -1.3293000000000001
240.0 10.0 0.0 16.25 -0.34700000000000003
240.0 -5.0 2.5 16.25 1.0681999999999996
240.0 -2.5 2.5 16.25 -0.3041999999999999
240.0 0.0 2.5 16.25 -0.1602
240.0 2.5 2.5 16.25 -0.3684
240.0 5.0 2.5 16.25 -0.8015000000000001
240.0 7.5 2.5 16.25 -0.5577
240.0 -5.0 5.0 16.25 -6.2332
240.0 -2.5 5.0 16.25 -2.9376
240.0 0.0 5.0 16.25 -0.8224
240.0 2.5 5.0 16.25 -0.49019999999999997
240.0 5.0 5.0 16.25 -0.1681
240.0 7.5 5.0 16.25 -0.0574
240.0 10.0 5.0 16.25 0.0
300.0 -5.0 -10.0 3.75 10000000119.2408
300.0 -2.5 -10.0 3.75 1187476615.8187
300.0 0.0 -10.0 3.75 9999999963.925001
300.0 2.5 -10.0 3.75 10000000074.2516
300.0 5.0 -10.0 3.75 269224830.4246
300.0 7.5 -10.0 3.75 -15.3519
300.0 10.0 -10.0 3.75 -8.1902
300.0 -5.0 -7.5 3.75 10000000192.382
300.0 -2.5 -7.5 3.75 9999999790.489101
300.0 0.0 -7.5 3.75 7087503742.4993
300.0 2.5 -7.5 3.75 805072533.6142999
300.0 5.0 -7.5 3.75 1038.4977000000001
300.0 7.5 -7.5 3.75 -6.9796
300.0 10.0 -7.5 3.75 -8.059800000000001
300.0 -5.0 -5.0 3.75 9999999608.3015
300.0 -2.5 -5.0 3.75 9999999928.3103
300.0 0.0 -5.0 3.75 2518617.5998000004
300.0 2.5 -5.0 3.75 742166150.2094
300.0 5.0 -5.0 3.75 10.2364
300.0 7.5 -5.0 3.75 -4.6561
300.0 10.0 -5.0 3.75 -8.0784
300.0 -5.0 -2.5 3.75 9999999954.5342
300.0 -2.5 -2.5 3.75 275678006.0333
300.0 0.0 -2.5 3.75 2006384767.7331002
300.0 2.5 -2.5 3.75 64.4161
300.0 5.0 -2.5 3.75 15.849100000000002
300.0 7.5 -2.5 3.75 -3.0892
300.0 10.0 -2.5 3.75 -6.8395
300.0 -5.0 0.0 3.75 9403883652.9957
300.0 -2.5 0.0 3.75 2479650009.3051
300.0 0.0 0.0 3.75 9999999855.7257
300.0 2.5 0.0 3.75 810.1406000000001
300.0 5.0 0.0 3.75 448.542
300.0 7.5 0.0 3.75 -1.6784
300.0 10.0 0.0 3.75 -5.3975
300.0 -5.0 2.5 3.75 10000000009.1753
300.0 -2.5 2.5 3.75 10000000117.967201
300.0 0.0 2.5 3.75 2058847.3456
300.0 2.5 2.5 3.75 9.6476
300.0 5.0 2.5 3.75 -0.6541999999999994
300.0 7.5 2.5 3.75 -4.7542
300.0 10.0 2.5 3.75 -3.8563
300.0 -5.0 5.0 3.75 549605503.0428001
300.0 -2.5 5.0 3.75 4450801992.4586
300.0 0.0 5.0 3.75 1470.2613
300.0 2.5 5.0 3.75 3881057.1249
300.0 5.0 5.0 3.75 2.8209999999999997
300.0 7.5 5.0 3.75 -0.38089999999999996
300.0 10.0 5.0 3.75 -1.5055999999999998
300.0 0.0 -2.5 5.0 814621.2716
300.0 0.0 0.0 5.0 1152675.2127
300.0 5.0 -7.5 6.25 1305.4433999999999
300.0 0.0 -5.0 6.25 9999999943.7098
300.0 0.0 -2.5 6.25 6086100.9509000005
300.0 0.0 0.0 6.25 148459471.1482
300.0 0.0 2.5 6.25 415028.05500000005
300.0 0.0 5.0 6.25 301.0568
300.0 5.0 -7.5 7.5 25.7662
300.0 2.5 -5.0 7.5 203.3029
300.0 0.0 -2.5 7.5 464325.78620000003
300.0 2.5 -2.5 7.5 11.3748
300.0 0.0 0.0 7.5 3095786154.3145
300.0 -2.5 2.5 7.5 59309.1887
300.0 0.0 2.5 7.5 264.0602
300.0 -2.5 5.0 7.5 131382.8083
300.0 0.0 5.0 7.5 -3.516499999999999
300.0 2.5 -10.0 8.75 130308.1944
300.0 5.0 -7.5 8.75 62.9923
300.0 0.0 -5.0 8.75 124260084.4281
300.0 2.5 -5.0 8.75 33053.4235
300.0 5.0 -5.0 8.75 -0.6335999999999995
300.0 0.0 -2.5 8.75 261872.0999
300.0 2.5 -2.5 8.75 21.4538
300.0 0.0 0.0 8.75 8416.613299999999
300.0 2.5 0.0 8.75 193.2589
300.0 0.0 2.5 8.75 -2.6866000000000003
300.0 2.5 2.5 8.75 -1.5354
300.0 -2.5 5.0 8.75 46.6477
300.0 0.0 5.0 8.75 -8.619299999999999
300.0 2.5 5.0 8.75 -0.31509999999999994
300.0 2.5 -10.0 10.0 142131362.0466
300.0 2.5 -7.5 10.0 33102492.260500003
300.0 5.0 -7.5 10.0 292352.7667
300.0 7.5 -7.5 10.0 -3.3766
300.0 0.0 -5.0 10.0 9999999873.0951
300.0 2.5 -5.0 10.0 177214939.9411
300.0 5.0 -5.0 10.0 8.0495
300.0 0.0 -2.5 10.0 19053187.01
300.0 2.5 -2.5 10.0 716841.1005
300.0 -5.0 0.0 10.0 8863691.8424
300.0 -2.5 0.0 10.0 31086458.1361
300.0 0.0 0.0 10.0 -12.0564
300.0 2.5 0.0 10.0 -1.8763999999999998
300.0 5.0 0.0 10.0 5.399900000000001
300.0 -2.5 2.5 10.0 2853.7398
300.0 0.0 2.5 10.0 -12.713000000000001
300.0 2.5 2.5 10.0 -1.3779
300.0 5.0 2.5 10.0 4.7391000000000005
300.0 -2.5 5.0 10.0 -9.325800000000001
300.0 0.0 5.0 10.0 -4.7354
300.0 2.5 5.0 10.0 -0.3005
300.0 2.5 -10.0 11.25 10000000171.391901
300.0 5.0 -10.0 11.25 86004560.24780001
300.0 7.5 -10.0 11.25 64.3775
300.0 10.0 -10.0 11.25 -3.1464999999999996
300.0 2.5 -7.5 11.25 28490058.3603
300.0 5.0 -7.5 11.25 273972751.4135
300.0 0.0 -5.0 11.25 920455.4594
300.0 2.5 -5.0 11.25 11666706.3911
300.0 5.0 -5.0 11.25 11.1229
300.0 -2.5 -2.5 11.25 1381362127.5274
300.0 0.0 -2.5 11.25 3686120.392
300.0 2.5 -2.5 11.25 3225.6257
300.0 -5.0 0.0 11.25 27189.0828
300.0 -2.5 0.0 11.25 1170.3558
300.0 0.0 0.0 11.25 -20.5376
300.0 2.5 0.0 11.25 -4.3169
300.0 -2.5 2.5 11.25 46.7656
300.0 0.0 2.5 11.25 -8.3944
300.0 2.5 2.5 11.25 -1.1506
300.0 5.0 2.5 11.25 2.91
300.0 -2.5 5.0 11.25 -5.236800000000001
300.0 0.0 5.0 11.25 -2.3855
300.0 2.5 5.0 11.25 0.03109999999999996
300.0 7.5 5.0 11.25 0.9667
300.0 -5.0 -10.0 12.5 10000000321.687
300.0 2.5 -10.0 12.5 6819641.9454
300.0 5.0 -10.0 12.5 8817903.215300001
300.0 7.5 -10.0 12.5 33.011199999999995
300.0 10.0 -10.0 12.5 -1.9693
300.0 2.5 -7.5 12.5 44840372.3164
300.0 5.0 -7.5 12.5 60039.4009
300.0 7.5 -7.5 12.5 -4.2379
300.0 -5.0 -5.0 12.5 9999999896.9158
300.0 -2.5 -5.0 12.5 3298079475.8659
300.0 0.0 -5.0 12.5 3861925.6226000004
300.0 2.5 -5.0 12.5 10666.2056
300.0 5.0 -5.0 12.5 0.4324000000000001
300.0 -5.0 -2.5 12.5 9999999931.6793
300.0 -2.5 -2.5 12.5 158848606.57700002
300.0 0.0 -2.5 12.5 605.5486
300.0 2.5 -2.5 12.5 24.8185
300.0 -5.0 0.0 12.5 21694071.2512
300.0 -2.5 0.0 12.5 -12.5836
300.0 0.0 0.0 12.5 -14.3842
300.0 2.5 0.0 12.5 -3.7109
300.0 5.0 0.0 12.5 1.5984
300.0 -2.5 2.5 12.5 -9.0541
300.0 0.0 2.5 12.5 -5.9303
300.0 2.5 2.5 12.5 -0.6431
300.0 5.0 2.5 12.5 1.6241
300.0 7.5 2.5 12.5 1.2673
300.0 10.0 2.5 12.5 0.774
300.0 -2.5 5.0 12.5 -3.128
300.0 0.0 5.0 12.5 -1.5337
300.0 2.5 5.0 12.5 -0.2233
300.0 5.0 5.0 12.5 0.6508999999999999
300.0 7.5 5.0 12.5 0.7311000000000001
300.0 10.0 5.0 12.5 0.5399
300.0 0.0 -10.0 13.75 1171918.4553
300.0 2.5 -10.0 13.75 70602.4636
300.0 5.0 -10.0 13.75 7893655.3924
300.0 7.5 -10.0 13.75 9.2736
300.0 10.0 -10.0 13.75 -0.5503
300.0 -5.0 -7.5 13.75 10000000038.0918
300.0 -2.5 -7.5 13.75 1336228412.6887999
300.0 2.5 -7.5 13.75 1677.9333
300.0 5.0 -7.5 13.75 2426.52
300.0 7.5 -7.5 13.75 0.22509999999999986
300.0 10.0 -7.5 13.75 -0.2576
300.0 -5.0 -5.0 13.75 10000000375.5142
300.0 -2.5 -5.0 13.75 817009402.3455999
300.0 0.0 -5.0 13.75 309.3104
300.0 2.5 -5.0 13.75 67.3869
300.0 5.0 -5.0 13.75 -0.4817
300.0 -5.0 -2.5 13.75 7822871.5913
300.0 -2.5 -2.5 13.75 3311314.1484
300.0 0.0 -2.5 13.75 -8.101600000000001
300.0 2.5 -2.5 13.75 -5.1716
300.0 5.0 -2.5 13.75 0.2583000000000001
300.0 -5.0 0.0 13.75 2115582.2229999998
300.0 -2.5 0.0 13.75 -17.658700000000003
300.0 0.0 0.0 13.75 -9.8722
300.0 2.5 0.0 13.75 -2.4283
300.0 5.0 0.0 13.75 0.46209999999999996
300.0 7.5 0.0 13.75 1.1214
300.0 -2.5 2.5 13.75 -6.0862
300.0 0.0 2.5 13.75 -3.2687
300.0 2.5 2.5 13.75 -0.5337000000000001
300.0 5.0 2.5 13.75 0.8048
300.0 7.5 2.5 13.75 0.6439
300.0 10.0 2.5 13.75 0.6111000000000001
300.0 -2.5 5.0 13.75 -1.2242000000000002
300.0 0.0 5.0 13.75 -1.2008999999999999
300.0 2.5 5.0 13.75 -0.4985
300.0 5.0 5.0 13.75 0.3215
300.0 7.5 5.0 13.75 0.541
300.0 10.0 5.0 13.75 0.3258
300.0 -5.0 -10.0 15.0 10000000042.325401
300.0 -2.5 -10.0 15.0 499848739.50090003
300.0 0.0 -10.0 15.0 814273280.9244
300.0 2.5 -10.0 15.0 1304.3210000000001
300.0 5.0 -10.0 15.0 1469.3024
300.0 7.5 -10.0 15.0 5.1727
300.0 10.0 -10.0 15.0 0.1665
300.0 -5.0 -7.5 15.0 6885144978.4249
300.0 -2.5 -7.5 15.0 14568864.8771
300.0 0.0 -7.5 15.0 33424295.1729
300.0 2.5 -7.5 15.0 -1.6418
300.0 5.0 -7.5 15.0 2.7583
300.0 7.5 -7.5 15.0 2.2531000000000003
300.0 10.0 -7.5 15.0 0.8174
300.0 -5.0 -5.0 15.0 700604037.7964001
300.0 -2.5 -5.0 15.0 2212397.3748
300.0 0.0 -5.0 15.0 147.0784
300.0 2.5 -5.0 15.0 -2.5283
300.0 5.0 -5.0 15.0 0.06120000000000014
300.0 7.5 -5.0 15.0 0.7166000000000001
300.0 10.0 -5.0 15.0 0.6912
300.0 -5.0 -2.5 15.0 250900.05849999998
300.0 -2.5 -2.5 15.0 56005.2919
300.0 0.0 -2.5 15.0 -7.879200000000001
300.0 2.5 -2.5 15.0 -2.4859
300.0 5.0 -2.5 15.0 -0.2636
300.0 10.0 -2.5 15.0 0.1771
300.0 -5.0 0.0 15.0 159897.6215
300.0 -2.5 0.0 15.0 -10.4011
300.0 0.0 0.0 15.0 -4.9354
300.0 2.5 0.0 15.0 -1.8726
300.0 5.0 0.0 15.0 -0.11159999999999999
300.0 7.5 0.0 15.0 0.5875
300.0 -5.0 2.5 15.0 1.3441
300.0 -2.5 2.5 15.0 -2.5362
300.0 0.0 2.5 15.0 -1.401
300.0 2.5 2.5 15.0 -1.0427
300.0 5.0 2.5 15.0 0.31520000000000004
300.0 7.5 2.5 15.0 0.3885
300.0 10.0 2.5 15.0 0.31260000000000004
300.0 -2.5 5.0 15.0 0.6479
300.0 0.0 5.0 15.0 -0.884
300.0 2.5 5.0 15.0 -0.229
300.0 5.0 5.0 15.0 0.2209
300.0 7.5 5.0 15.0 0.311
300.0 10.0 5.0 15.0 0.0479
300.0 -5.0 -10.0 16.25 51112590.4465
300.0 -2.5 -10.0 16.25 2813712281.9141
300.0 0.0 -10.0 16.25 163670296.3796
300.0 2.5 -10.0 16.25 104.9872
300.0 5.0 -10.0 16.25 0.5174
300.0 7.5 -10.0 16.25 1.5297999999999998
300.0 10.0 -10.0 16.25 0.7232000000000001
300.0 -5.0 -7.5 16.25 3250843986.8238
300.0 -2.5 -7.5 16.25 123565.3707
300.0 0.0 -7.5 16.25 2585825.4054
300.0 2.5 -7.5 16.25 -7.302099999999999
300.0 5.0 -7.5 16.25 0.08210000000000006
300.0 7.5 -7.5 16.25 1.6842
300.0 10.0 -7.5 16.25 0.9087000000000001
300.0 -5.0 -5.0 16.25 11335734.8412
300.0 -2.5 -5.0 16.25 454587.70399999997
300.0 0.0 -5.0 16.25 5.276
300.0 2.5 -5.0 16.25 -1.8368000000000002
300.0 5.0 -5.0 16.25 0.4959000000000001
300.0 7.5 -5.0 16.25 1.2797
300.0 10.0 -5.0 16.25 0.4835
300.0 -5.0 -2.5 16.25 11086.115
300.0 -2.5 -2.5 16.25 220.5348
300.0 0.0 -2.5 16.25 -3.2981
300.0 2.5 -2.5 16.25 -1.1387
300.0 5.0 -2.5 16.25 0.21899999999999997
300.0 7.5 -2.5 16.25 0.8072
300.0 10.0 -2.5 16.25 0.212
300.0 -5.0 0.0 16.25 15166.9804
300.0 -2.5 0.0 16.25 -4.978
300.0 0.0 0.0 16.25 -2.5398
300.0 2.5 0.0 16.25 -1.4679
300.0 5.0 0.0 16.25 -0.30679999999999996
300.0 7.5 0.0 16.25 0.3647
300.0 -5.0 2.5 16.25 2.0442000000000005
300.0 -2.5 2.5 16.25 0.11830000000000007
300.0 0.0 2.5 16.25 -0.8184
300.0 2.5 2.5 16.25 -0.4218
300.0 5.0 2.5 16.25 0.2202
300.0 7.5 2.5 16.25 0.3572
300.0 10.0 2.5 16.25 0.0702
300.0 -5.0 5.0 16.25 2.2314999999999996
300.0 -2.5 5.0 16.25 0.596
300.0 0.0 5.0 16.25 -0.43879999999999997
300.0 2.5 5.0 16.25 0.07100000000000001
300.0 5.0 5.0 16.25 0.1993
300.0 7.5 5.0 16.25 0.0614
300.0 10.0 5.0 16.25 0.0
