0.0 5.0 -7.5 6.25 336.48679999999996
0.0 -2.5 5.0 6.25 841949.5316
0.0 0.0 2.5 7.5 382.9629
0.0 -2.5 5.0 7.5 19371357.0717
0.0 0.0 5.0 7.5 29.9749
0.0 2.5 -10.0 8.75 9999999934.264502
0.0 5.0 -10.0 8.75 1661328.7218
0.0 7.5 -10.0 8.75 1362.5049
0.0 0.0 -7.5 8.75 9999999936.799301
0.0 5.0 -7.5 8.75 157.7457
0.0 0.0 0.0 8.75 12769103.9698
0.0 0.0 2.5 8.75 78.7615
0.0 -2.5 5.0 8.75 18916.4261
0.0 0.0 5.0 8.75 31.5379
0.0 2.5 5.0 8.75 17.7776
0.0 5.0 5.0 8.75 10.9218
0.0 5.0 -10.0 10.0 2026962.0391
0.0 7.5 -10.0 10.0 917.8588000000001
0.0 0.0 -7.5 10.0 9999999940.363401
0.0 2.5 -7.5 10.0 83632798.8072
0.0 5.0 -7.5 10.0 457.81940000000003
0.0 -2.5 -5.0 10.0 4319234975.0918
0.0 2.5 -5.0 10.0 8867134499.6169
0.0 -2.5 -2.5 10.0 10000000045.483002
0.0 0.0 -2.5 10.0 1590199734.9527001
0.0 -2.5 0.0 10.0 1849210691.6406
0.0 0.0 0.0 10.0 268928.9644
0.0 2.5 0.0 10.0 1726.5474000000002
0.0 0.0 2.5 10.0 7421.6218
0.0 2.5 2.5 10.0 -11.3233
0.0 7.5 2.5 10.0 -11.5998
0.0 -2.5 5.0 10.0 682.4776
0.0 0.0 5.0 10.0 24.9748
0.0 2.5 5.0 10.0 9.3757
0.0 5.0 5.0 10.0 2.564
0.0 2.5 -10.0 11.25 2390078490.9525
0.0 5.0 -10.0 11.25 10000000087.0983
0.0 7.5 -10.0 11.25 -6.371600000000001
0.0 10.0 -10.0 11.25 -14.9434
0.0 0.0 -7.5 11.25 10000000005.230902
0.0 2.5 -7.5 11.25 1066219871.5409
0.0 5.0 -7.5 11.25 123094.86730000001
0.0 7.5 -7.5 11.25 -46.463699999999996
0.0 -2.5 -5.0 11.25 10000000557.768702
0.0 0.0 -5.0 11.25 9999999970.882801
0.0 2.5 -5.0 11.25 10418717.617999999
0.0 5.0 -5.0 11.25 27236.631
0.0 -5.0 -2.5 11.25 10000000115.037401
0.0 -2.5 -2.5 11.25 1252010017.4816
0.0 0.0 -2.5 11.25 9999999894.5674
0.0 7.5 -2.5 11.25 -66.29129999999999
0.0 -2.5 0.0 11.25 24010803.7665
0.0 0.0 0.0 11.25 11650002.5835
0.0 2.5 0.0 11.25 -23.278699999999994
0.0 -2.5 2.5 11.25 5540989.6653
0.0 0.0 2.5 11.25 119.05579999999999
0.0 2.5 2.5 11.25 -17.0989
0.0 5.0 2.5 11.25 -22.7127
0.0 7.5 2.5 11.25 -15.2021
0.0 -5.0 5.0 11.25 44439.5129
0.0 -2.5 5.0 11.25 276.1807
0.0 0.0 5.0 11.25 20.3752
0.0 2.5 5.0 11.25 5.1913
0.0 5.0 5.0 11.25 -1.0969
0.0 7.5 5.0 11.25 -2.2392
0.0 0.0 -10.0 12.5 1505268111.7436001
0.0 2.5 -10.0 12.5 285250.0022
0.0 5.0 -10.0 12.5 10000000177.217201
0.0 7.5 -10.0 12.5 -30.506800000000002
0.0 10.0 -10.0 12.5 -13.213600000000001
0.0 -2.5 -7.5 12.5 10000000111.423101
0.0 0.0 -7.5 12.5 5945228661.460501
0.0 2.5 -7.5 12.5 50897.8495
0.0 5.0 -7.5 12.5 1627814.7162
0.0 7.5 -7.5 12.5 -44.869
0.0 10.0 -7.5 12.5 -18.7547
0.0 -5.0 -5.0 12.5 10000000368.438301
0.0 -2.5 -5.0 12.5 10000000111.833302
0.0 0.0 -5.0 12.5 9999999963.7471
0.0 2.5 -5.0 12.5 40240555.3178
0.0 5.0 -5.0 12.5 -93.4265
0.0 7.5 -5.0 12.5 -61.5285
0.0 10.0 -5.0 12.5 -24.0259
0.0 -5.0 -2.5 12.5 1144274570.638
0.0 -2.5 -2.5 12.5 2111831.7775
0.0 0.0 -2.5 12.5 207596676.2158
0.0 2.5 -2.5 12.5 299235538.0603
0.0 5.0 -2.5 12.5 -98.4367
0.0 7.5 -2.5 12.5 -60.012
0.0 -5.0 0.0 12.5 10000000070.9687
0.0 -2.5 0.0 12.5 13727044.777999999
0.0 0.0 0.0 12.5 771.4284
0.0 2.5 0.0 12.5 -57.1537
0.0 5.0 0.0 12.5 -61.9831
0.0 -2.5 2.5 12.5 9999999921.159302
0.0 0.0 2.5 12.5 9.2146
0.0 2.5 2.5 12.5 -19.1097
0.0 5.0 2.5 12.5 -24.6355
0.0 7.5 2.5 12.5 -16.410700000000002
0.0 10.0 2.5 12.5 -6.6549000000000005
0.0 -5.0 5.0 12.5 52.843
0.0 -2.5 5.0 12.5 68.52850000000001
0.0 0.0 5.0 12.5 16.2022
0.0 2.5 5.0 12.5 2.2712000000000003
0.0 5.0 5.0 12.5 -3.5725
0.0 7.5 5.0 12.5 -3.3387
0.0 10.0 5.0 12.5 -0.8582
0.0 0.0 -10.0 13.75 9999999794.2872
0.0 2.5 -10.0 13.75 9999999711.759
0.0 5.0 -10.0 13.75 5531.5132
0.0 7.5 -10.0 13.75 -28.9814
0.0 10.0 -10.0 13.75 -10.44
0.0 -2.5 -7.5 13.75 2354962287.0623
0.0 0.0 -7.5 13.75 4785112658.7795
0.0 2.5 -7.5 13.75 238080562.4144
0.0 5.0 -7.5 13.75 -32.77719999999999
0.0 7.5 -7.5 13.75 -37.925200000000004
0.0 10.0 -7.5 13.75 -15.3949
0.0 -5.0 -5.0 13.75 142910976.72010002
0.0 -2.5 -5.0 13.75 10000000292.1089
0.0 0.0 -5.0 13.75 250042.98539999998
0.0 2.5 -5.0 13.75 3251.2892
0.0 5.0 -5.0 13.75 -92.2944
0.0 7.5 -5.0 13.75 -50.1406
0.0 10.0 -5.0 13.75 -20.6681
0.0 -5.0 -2.5 13.75 42258383.3116
0.0 -2.5 -2.5 13.75 6860109.7715
0.0 0.0 -2.5 13.75 12707737.0523
0.0 2.5 -2.5 13.75 33712.216799999995
0.0 5.0 -2.5 13.75 -90.26089999999999
0.0 7.5 -2.5 13.75 -49.5843
0.0 -5.0 0.0 13.75 174325007.2101
0.0 -2.5 0.0 13.75 37281.3309
0.0 0.0 0.0 13.75 -23.394
0.0 2.5 0.0 13.75 -50.4534
0.0 5.0 0.0 13.75 -52.2634
0.0 7.5 0.0 13.75 -33.3598
0.0 -5.0 2.5 13.75 133682430.0758
0.0 -2.5 2.5 13.75 955.2443999999999
0.0 0.0 2.5 13.75 2.6788000000000003
0.0 2.5 2.5 13.75 -17.920900000000003
0.0 5.0 2.5 13.75 -23.081400000000002
0.0 7.5 2.5 13.75 -15.185699999999999
0.0 10.0 2.5 13.75 -5.9719
0.0 -5.0 5.0 13.75 18.8173
0.0 -2.5 5.0 13.75 25.5385
0.0 0.0 5.0 13.75 12.5241
0.0 2.5 5.0 13.75 0.0
0.0 5.0 5.0 13.75 -4.5271
0.0 7.5 5.0 13.75 -3.4932
0.0 10.0 5.0 13.75 -0.8472
0.0 -5.0 -10.0 15.0 1236196163.6949
0.0 -2.5 -10.0 15.0 9999999947.9076
0.0 0.0 -10.0 15.0 9999999662.879501
0.0 2.5 -10.0 15.0 9999999966.6214
0.0 5.0 -10.0 15.0 13.859200000000001
0.0 7.5 -10.0 15.0 -22.018
0.0 10.0 -10.0 15.0 -7.5813
0.0 -5.0 -7.5 15.0 10000000105.3868
0.0 -2.5 -7.5 15.0 3460460680.3931
0.0 0.0 -7.5 15.0 3181061.2191000003
0.0 2.5 -7.5 15.0 304405.3244
0.0 5.0 -7.5 15.0 -47.9294
0.0 7.5 -7.5 15.0 -29.5848
0.0 10.0 -7.5 15.0 -11.8075
0.0 -5.0 -5.0 15.0 10000000027.0002
0.0 -2.5 -5.0 15.0 231213.04750000002
0.0 0.0 -5.0 15.0 1345.2525999999998
0.0 2.5 -5.0 15.0 -73.7921
0.0 5.0 -5.0 15.0 -64.7285
0.0 7.5 -5.0 15.0 -38.381299999999996
0.0 10.0 -5.0 15.0 -15.6193
0.0 -5.0 -2.5 15.0 58362438.2841
0.0 -2.5 -2.5 15.0 1446.192
0.0 0.0 -2.5 15.0 21437.6328
0.0 2.5 -2.5 15.0 -59.1939
0.0 5.0 -2.5 15.0 -61.9187
0.0 7.5 -2.5 15.0 -37.9414
0.0 10.0 -2.5 15.0 -16.369400000000002
0.0 -5.0 0.0 15.0 6073182.8508
0.0 -2.5 0.0 15.0 200.43720000000002
0.0 0.0 0.0 15.0 -9.7758
0.0 2.5 0.0 15.0 -36.3731
0.0 5.0 0.0 15.0 -40.8446
0.0 7.5 0.0 15.0 -27.026799999999998
0.0 10.0 0.0 15.0 -11.7164
0.0 -5.0 2.5 15.0 6389249.4961
0.0 -2.5 2.5 15.0 39.304100000000005
0.0 0.0 2.5 15.0 3.6220999999999997
0.0 2.5 2.5 15.0 -14.9362
0.0 5.0 2.5 15.0 -19.7956
0.0 7.5 2.5 15.0 -12.5026
0.0 10.0 2.5 15.0 -4.6167
0.0 -5.0 5.0 15.0 18.3313
0.0 -2.5 5.0 15.0 19.5172
0.0 0.0 5.0 15.0 9.6591
0.0 2.5 5.0 15.0 -1.1684
0.0 5.0 5.0 15.0 -4.3237
0.0 7.5 5.0 15.0 -2.854
0.0 10.0 5.0 15.0 -0.4678
0.0 -5.0 -10.0 16.25 6982990970.215
0.0 -2.5 -10.0 16.25 42735631.4981
0.0 0.0 -10.0 16.25 43487561.8226
0.0 2.5 -10.0 16.25 74341554.47670001
0.0 5.0 -10.0 16.25 -35.0475
0.0 7.5 -10.0 16.25 -18.1696
0.0 10.0 -10.0 16.25 -5.4299
0.0 -5.0 -7.5 16.25 24755435.623400003
0.0 -2.5 -7.5 16.25 2741827767.1611
0.0 0.0 -7.5 16.25 612700.9803
0.0 2.5 -7.5 16.25 2720.6740999999997
0.0 5.0 -7.5 16.25 -37.902
0.0 7.5 -7.5 16.25 -22.7166
0.0 10.0 -7.5 16.25 -8.0637
0.0 -5.0 -5.0 16.25 748421906.6416
0.0 -2.5 -5.0 16.25 11382.5247
0.0 0.0 -5.0 16.25 -29.3683
0.0 2.5 -5.0 16.25 -51.8497
0.0 5.0 -5.0 16.25 -44.9764
0.0 7.5 -5.0 16.25 -27.4686
0.0 10.0 -5.0 16.25 -10.4669
0.0 -5.0 -2.5 16.25 49280.8916
0.0 -2.5 -2.5 16.25 86.27969999999999
0.0 0.0 -2.5 16.25 -0.8421000000000003
0.0 2.5 -2.5 16.25 -39.9324
0.0 5.0 -2.5 16.25 -41.6796
0.0 7.5 -2.5 16.25 -26.906200000000002
0.0 10.0 -2.5 16.25 -11.2782
0.0 -5.0 0.0 16.25 2239.9249
0.0 -2.5 0.0 16.25 32.9935
0.0 0.0 0.0 16.25 -1.3361999999999998
0.0 2.5 0.0 16.25 -25.0472
0.0 5.0 0.0 16.25 -30.070899999999998
0.0 7.5 0.0 16.25 -19.6812
0.0 10.0 0.0 16.25 -8.082899999999999
0.0 -5.0 2.5 16.25 158.1367
0.0 -2.5 2.5 16.25 24.943099999999998
0.0 0.0 2.5 16.25 4.1585
0.0 2.5 2.5 16.25 -11.8393
0.0 5.0 2.5 16.25 -14.9483
0.0 7.5 2.5 16.25 -8.8821
0.0 10.0 2.5 16.25 -2.9096
0.0 -5.0 5.0 16.25 17.0124
0.0 -2.5 5.0 16.25 16.0252
0.0 0.0 5.0 16.25 6.588100000000001
0.0 2.5 5.0 16.25 -1.4240000000000002
0.0 5.0 5.0 16.25 -3.0705999999999998
0.0 7.5 5.0 16.25 -1.8272000000000002
0.0 10.0 5.0 16.25 -0.1374
60.0 -5.0 -10.0 3.75 10000000197.574902
60.0 -2.5 -10.0 3.75 9999999888.1359
60.0 0.0 -10.0 3.75 1577670024.7656
60.0 2.5 -10.0 3.75 9999999937.519402
60.0 5.0 -10.0 3.75 9999999943.8269
60.0 7.5 -10.0 3.75 11774446.1621
60.0 10.0 -10.0 3.75 142.9451
60.0 -5.0 -7.5 3.75 830584730.0244
60.0 -2.5 -7.5 3.75 10000000135.678501
60.0 0.0 -7.5 3.75 39025221.0409
60.0 2.5 -7.5 3.75 1115325387.6530998
60.0 5.0 -7.5 3.75 6754.037600000001
60.0 7.5 -7.5 3.75 -48.5051
60.0 10.0 -7.5 3.75 -28.2135
60.0 -5.0 -5.0 3.75 1548224177.0439
60.0 -2.5 -5.0 3.75 9999999928.6825
60.0 0.0 -5.0 3.75 9999999982.09
60.0 2.5 -5.0 3.75 154504.28329999998
60.0 5.0 -5.0 3.75 -40.845800000000004
60.0 7.5 -5.0 3.75 -24.1641
60.0 10.0 -5.0 3.75 -12.0491
60.0 -5.0 -2.5 3.75 10000000005.87
60.0 -2.5 -2.5 3.75 31291767.361
60.0 0.0 -2.5 3.75 214381791.2963
60.0 2.5 -2.5 3.75 16487905.729899999
60.0 5.0 -2.5 3.75 17.3414
60.0 7.5 -2.5 3.75 2.2646
60.0 10.0 -2.5 3.75 -0.5761000000000001
60.0 -5.0 0.0 3.75 398466441.2582
60.0 -2.5 0.0 3.75 19509115.513
60.0 0.0 0.0 3.75 1177208.5698000002
60.0 2.5 0.0 3.75 23602.5892
60.0 5.0 0.0 3.75 45.294
60.0 7.5 0.0 3.75 19.6266
60.0 10.0 0.0 3.75 4.462000000000001
60.0 -5.0 2.5 3.75 9999999780.070301
60.0 -2.5 2.5 3.75 9999999977.610601
60.0 0.0 2.5 3.75 1263.5364
60.0 2.5 2.5 3.75 87.975
60.0 5.0 2.5 3.75 64.83160000000001
60.0 7.5 2.5 3.75 24.0486
60.0 10.0 2.5 3.75 4.6904
60.0 -5.0 5.0 3.75 10000000072.68
60.0 -2.5 5.0 3.75 68053.52669999999
60.0 0.0 5.0 3.75 23.390299999999996
60.0 2.5 5.0 3.75 28.895599999999998
60.0 5.0 5.0 3.75 39.115500000000004
60.0 7.5 5.0 3.75 16.4848
60.0 10.0 5.0 3.75 3.1784000000000003
60.0 2.5 -2.5 5.0 20614541.052100003
60.0 0.0 0.0 5.0 22457863.829800002
60.0 0.0 2.5 5.0 40753.981999999996
60.0 2.5 -2.5 6.25 7212845.4913
60.0 0.0 0.0 6.25 10000000022.661402
60.0 0.0 2.5 6.25 719.6527
60.0 0.0 5.0 6.25 27.8716
60.0 2.5 -5.0 7.5 9999999917.959501
60.0 2.5 -2.5 7.5 102607259.395
60.0 5.0 -2.5 7.5 10515341.4649
60.0 -2.5 0.0 7.5 1718299550.1374
60.0 0.0 0.0 7.5 83874020.125
60.0 2.5 0.0 7.5 307.4406
60.0 0.0 2.5 7.5 87.431
60.0 0.0 5.0 7.5 22.052100000000003
60.0 2.5 -7.5 8.75 93427090.7409
60.0 2.5 -5.0 8.75 184345052.1328
60.0 5.0 -5.0 8.75 201075675.6848
60.0 0.0 -2.5 8.75 6926818.0241
60.0 2.5 -2.5 8.75 1257056.0459
60.0 -2.5 0.0 8.75 98444566.5107
60.0 0.0 0.0 8.75 1941.3261
60.0 2.5 0.0 8.75 17.7344
60.0 -2.5 2.5 8.75 115592989.4905
60.0 0.0 2.5 8.75 412.22900000000004
60.0 0.0 5.0 8.75 12.2392
60.0 5.0 -10.0 10.0 87434343.873
60.0 2.5 -7.5 10.0 9999999967.4368
60.0 5.0 -7.5 10.0 17304926.092299998
60.0 7.5 -7.5 10.0 5895639935.9365
60.0 0.0 -5.0 10.0 9999999839.5592
60.0 2.5 -5.0 10.0 10000000051.060001
60.0 5.0 -5.0 10.0 9999999984.6905
60.0 -2.5 -2.5 10.0 9999999746.399601
60.0 0.0 -2.5 10.0 9999999950.844702
60.0 2.5 -2.5 10.0 9999999974.357302
60.0 5.0 -2.5 10.0 1009.6750000000001
60.0 7.5 -2.5 10.0 29.2561
60.0 -2.5 0.0 10.0 1093740314.4301999
60.0 0.0 0.0 10.0 68900.79789999999
60.0 2.5 0.0 10.0 -19.2673
60.0 -2.5 2.5 10.0 51566507.0948
60.0 0.0 2.5 10.0 11.296999999999999
60.0 2.5 2.5 10.0 1.6744999999999997
60.0 -2.5 5.0 10.0 4560606.5192
60.0 0.0 5.0 10.0 -3.6138000000000003
60.0 2.5 5.0 10.0 5.8265
60.0 2.5 -10.0 11.25 125228667.698
60.0 5.0 -10.0 11.25 2820527.0206999998
60.0 10.0 -10.0 11.25 -4.4475
60.0 0.0 -7.5 11.25 10000000138.8267
60.0 2.5 -7.5 11.25 9999999879.7152
60.0 5.0 -7.5 11.25 367008848.66569996
60.0 7.5 -7.5 11.25 105276.7996
60.0 0.0 -5.0 11.25 26349316.106
60.0 2.5 -5.0 11.25 519316619.199
60.0 5.0 -5.0 11.25 937185.6502
60.0 -2.5 -2.5 11.25 674467839.0575
60.0 0.0 -2.5 11.25 808668.6424
60.0 2.5 -2.5 11.25 10370.468400000002
60.0 5.0 -2.5 11.25 44.803
60.0 7.5 -2.5 11.25 -2.0242
60.0 -5.0 0.0 11.25 25206022.638299998
60.0 -2.5 0.0 11.25 7726146.1389999995
60.0 0.0 0.0 11.25 43931551.699599996
60.0 2.5 0.0 11.25 -24.161299999999997
60.0 5.0 0.0 11.25 -4.4609000000000005
60.0 -5.0 2.5 11.25 10000000023.180601
60.0 -2.5 2.5 11.25 1357037.7588
60.0 0.0 2.5 11.25 -22.2496
60.0 2.5 2.5 11.25 -4.8119
60.0 5.0 2.5 11.25 2.2989
60.0 -2.5 5.0 11.25 499.0684
60.0 0.0 5.0 11.25 -6.2297
60.0 2.5 5.0 11.25 1.6243999999999998
60.0 5.0 5.0 11.25 3.9156999999999997
60.0 7.5 5.0 11.25 2.3238
60.0 -2.5 -10.0 12.5 10000000090.563002
60.0 0.0 -10.0 12.5 10000000076.354801
60.0 2.5 -10.0 12.5 115554658.6441
60.0 5.0 -10.0 12.5 3713.2344
60.0 7.5 -10.0 12.5 94.1592
60.0 10.0 -10.0 12.5 0.41859999999999986
60.0 0.0 -7.5 12.5 9999999906.0308
60.0 2.5 -7.5 12.5 5947874.7
60.0 5.0 -7.5 12.5 2576560494.7966003
60.0 7.5 -7.5 12.5 561.4604999999999
60.0 10.0 -7.5 12.5 10.0459
60.0 -2.5 -5.0 12.5 1900273969.0746
60.0 0.0 -5.0 12.5 95060669.0642
60.0 2.5 -5.0 12.5 59896137.826000005
60.0 5.0 -5.0 12.5 236430.7407
60.0 7.5 -5.0 12.5 11.954099999999999
60.0 -5.0 -2.5 12.5 9999999848.613
60.0 -2.5 -2.5 12.5 705646818.5337
60.0 0.0 -2.5 12.5 26262380.085899998
60.0 2.5 -2.5 12.5 37.2487
60.0 5.0 -2.5 12.5 -7.839
60.0 7.5 -2.5 12.5 -1.2269999999999999
60.0 -5.0 0.0 12.5 10296021.6918
60.0 -2.5 0.0 12.5 469885898.7601
60.0 0.0 0.0 12.5 12085.437100000001
60.0 2.5 0.0 12.5 -23.732999999999997
60.0 5.0 0.0 12.5 -5.9109
60.0 -5.0 2.5 12.5 2299756.0258
60.0 -2.5 2.5 12.5 157.56959999999998
60.0 0.0 2.5 12.5 -22.3046
60.0 2.5 2.5 12.5 -7.2552
60.0 5.0 2.5 12.5 -0.048199999999999965
60.0 7.5 2.5 12.5 0.2068
60.0 -5.0 5.0 12.5 3931.4134
60.0 -2.5 5.0 12.5 -7.0155
60.0 0.0 5.0 12.5 -5.5725
60.0 2.5 5.0 12.5 -0.35760000000000003
60.0 5.0 5.0 12.5 1.7823
60.0 7.5 5.0 12.5 0.737
60.0 10.0 5.0 12.5 0.5321
60.0 -2.5 -10.0 13.75 33582961.0461
60.0 0.0 -10.0 13.75 671081812.6972
60.0 2.5 -10.0 13.75 167218516.4268
60.0 5.0 -10.0 13.75 226.4489
60.0 7.5 -10.0 13.75 1.3451000000000004
60.0 10.0 -10.0 13.75 2.9591000000000003
60.0 0.0 -7.5 13.75 9999999996.756802
60.0 2.5 -7.5 13.75 47987847.0796
60.0 5.0 -7.5 13.75 4386262.7469999995
60.0 7.5 -7.5 13.75 36.248599999999996
60.0 10.0 -7.5 13.75 10.4744
60.0 -2.5 -5.0 13.75 84510831.6457
60.0 0.0 -5.0 13.75 6684084.3871
60.0 2.5 -5.0 13.75 109053603.72459999
60.0 5.0 -5.0 13.75 445.25480000000005
60.0 7.5 -5.0 13.75 9.6771
60.0 10.0 -5.0 13.75 7.6401
60.0 -5.0 -2.5 13.75 69168496.65349999
60.0 -2.5 -2.5 13.75 35800888.1709
60.0 0.0 -2.5 13.75 37008.575800000006
60.0 2.5 -2.5 13.75 -40.7748
60.0 5.0 -2.5 13.75 -14.2441
60.0 7.5 -2.5 13.75 0.07689999999999997
60.0 -5.0 0.0 13.75 38280.4475
60.0 -2.5 0.0 13.75 10000000000.509201
60.0 0.0 0.0 13.75 332.54830000000004
60.0 2.5 0.0 13.75 -20.5417
60.0 5.0 0.0 13.75 -6.0653
60.0 -5.0 2.5 13.75 651.4716999999999
60.0 -2.5 2.5 13.75 -25.3305
60.0 0.0 2.5 13.75 -18.122700000000002
60.0 2.5 2.5 13.75 -6.7687
60.0 5.0 2.5 13.75 -1.4419
60.0 7.5 2.5 13.75 -0.8280000000000001
60.0 -5.0 5.0 13.75 13.384599999999999
60.0 -2.5 5.0 13.75 -6.2252
60.0 0.0 5.0 13.75 -3.9097999999999997
60.0 2.5 5.0 13.75 -0.7101
60.0 5.0 5.0 13.75 0.2756
60.0 7.5 5.0 13.75 -0.249
60.0 10.0 5.0 13.75 0.1926
60.0 -5.0 -10.0 15.0 1301712257.4849
60.0 -2.5 -10.0 15.0 144628642.3973
60.0 0.0 -10.0 15.0 372854904.0831
60.0 2.5 -10.0 15.0 22965396.2658
60.0 5.0 -10.0 15.0 313.4855
60.0 7.5 -10.0 15.0 0.3565999999999998
60.0 10.0 -10.0 15.0 3.8445
60.0 -5.0 -7.5 15.0 467083978.5951
60.0 -2.5 -7.5 15.0 9999999901.818
60.0 0.0 -7.5 15.0 1467688.0794
60.0 2.5 -7.5 15.0 965734081.3048999
60.0 5.0 -7.5 15.0 369.39639999999997
60.0 7.5 -7.5 15.0 10.731000000000002
60.0 10.0 -7.5 15.0 8.8053
60.0 -5.0 -5.0 15.0 10000000013.954
60.0 -2.5 -5.0 15.0 7578343.675600001
60.0 0.0 -5.0 15.0 758502.0832
60.0 2.5 -5.0 15.0 105580.8284
60.0 5.0 -5.0 15.0 -3.3103
60.0 7.5 -5.0 15.0 6.0148
60.0 10.0 -5.0 15.0 6.6692
60.0 -5.0 -2.5 15.0 10000000020.3775
60.0 -2.5 -2.5 15.0 215936276.1377
60.0 0.0 -2.5 15.0 467.0357
60.0 2.5 -2.5 15.0 -33.106300000000005
60.0 5.0 -2.5 15.0 -11.317
60.0 7.5 -2.5 15.0 0.6146
60.0 10.0 -2.5 15.0 3.2542
60.0 -5.0 0.0 15.0 266396.546
60.0 -2.5 0.0 15.0 23513.3395
60.0 0.0 0.0 15.0 -24.8079
60.0 2.5 0.0 15.0 -16.7283
60.0 5.0 0.0 15.0 -4.8048
60.0 7.5 0.0 15.0 -0.2057
60.0 -5.0 2.5 15.0 -11.971900000000002
60.0 -2.5 2.5 15.0 -17.317500000000003
60.0 0.0 2.5 15.0 -12.4405
60.0 2.5 2.5 15.0 -4.840199999999999
60.0 5.0 2.5 15.0 -1.6993
60.0 7.5 2.5 15.0 -1.1688999999999998
60.0 10.0 2.5 15.0 -0.6482
60.0 -5.0 5.0 15.0 4.963500000000001
60.0 -2.5 5.0 15.0 -1.1867
60.0 0.0 5.0 15.0 -2.1008
60.0 2.5 5.0 15.0 -0.5665
60.0 5.0 5.0 15.0 -0.7655
60.0 7.5 5.0 15.0 -0.457
60.0 10.0 5.0 15.0 0.0484
60.0 -5.0 -10.0 16.25 205930809.8879
60.0 -2.5 -10.0 16.25 9999999901.378
60.0 0.0 -10.0 16.25 39210198.2911
60.0 2.5 -10.0 16.25 42372.422399999996
60.0 5.0 -10.0 16.25 20.109199999999998
60.0 7.5 -10.0 16.25 -3.4246
60.0 10.0 -10.0 16.25 3.3036
60.0 -5.0 -7.5 16.25 21447345.3052
60.0 -2.5 -7.5 16.25 122513971.33770001
60.0 0.0 -7.5 16.25 112011.53779999999
60.0 2.5 -7.5 16.25 1625.0621999999998
60.0 5.0 -7.5 16.25 -16.5489
60.0 7.5 -7.5 16.25 2.1623
60.0 10.0 -7.5 16.25 5.7455
60.0 -5.0 -5.0 16.25 327090587.806
60.0 -2.5 -5.0 16.25 258692.93509999997
60.0 0.0 -5.0 16.25 15933.1474
60.0 2.5 -5.0 16.25 -17.595499999999998
60.0 5.0 -5.0 16.25 -14.6136
60.0 7.5 -5.0 16.25 1.3102
60.0 10.0 -5.0 16.25 4.8229
60.0 -5.0 -2.5 16.25 2568764260.1526
60.0 -2.5 -2.5 16.25 13279954.5741
60.0 0.0 -2.5 16.25 -35.2285
60.0 2.5 -2.5 16.25 -27.3798
60.0 5.0 -2.5 16.25 -10.2068
60.0 7.5 -2.5 16.25 0.11870000000000003
60.0 10.0 -2.5 16.25 2.7481999999999998
60.0 -5.0 0.0 16.25 5636773.170600001
60.0 -2.5 0.0 16.25 69.3608
60.0 0.0 0.0 16.25 -24.1239
60.0 2.5 0.0 16.25 -12.3766
60.0 5.0 0.0 16.25 -3.3495
60.0 7.5 0.0 16.25 -0.40800000000000003
60.0 10.0 0.0 16.25 0.5525
60.0 -5.0 2.5 16.25 -3.4514
60.0 -2.5 2.5 16.25 -7.552300000000001
60.0 0.0 2.5 16.25 -6.7038
60.0 2.5 2.5 16.25 -2.6713
60.0 5.0 2.5 16.25 -1.3134
60.0 7.5 2.5 16.25 -1.0803
60.0 10.0 2.5 16.25 -0.4446
60.0 -5.0 5.0 16.25 8.923
60.0 -2.5 5.0 16.25 2.4374
60.0 0.0 5.0 16.25 0.414
60.0 2.5 5.0 16.25 -0.3095
60.0 5.0 5.0 16.25 -0.9376000000000001
60.0 7.5 5.0 16.25 -0.2301
60.0 10.0 5.0 16.25 0.0103
120.0 -5.0 -10.0 3.75 9999999808.278502
120.0 -2.5 -10.0 3.75 9999999905.2565
120.0 0.0 -10.0 3.75 9999999870.3015
120.0 2.5 -10.0 3.75 3291253647.9908996
120.0 5.0 -10.0 3.75 227705.55169999998
120.0 7.5 -10.0 3.75 134.8237
120.0 10.0 -10.0 3.75 -41.246700000000004
120.0 -5.0 -7.5 3.75 10000000152.4939
120.0 -2.5 -7.5 3.75 9999999865.9181
120.0 0.0 -7.5 3.75 1219453.6099
120.0 2.5 -7.5 3.75 4301454.913299999
120.0 5.0 -7.5 3.75 9032.593
120.0 7.5 -7.5 3.75 -40.7583
120.0 10.0 -7.5 3.75 -35.131099999999996
120.0 -5.0 -5.0 3.75 9999999875.457
120.0 -2.5 -5.0 3.75 9999999893.7698
120.0 0.0 -5.0 3.75 1359880.4197000002
120.0 2.5 -5.0 3.75 20.1203
120.0 5.0 -5.0 3.75 -31.6215
120.0 7.5 -5.0 3.75 -43.021100000000004
120.0 10.0 -5.0 3.75 -33.9925
120.0 -5.0 -2.5 3.75 9999999667.3588
120.0 -2.5 -2.5 3.75 97654811.4511
120.0 0.0 -2.5 3.75 4294152246.6962
120.0 2.5 -2.5 3.75 -6.165
120.0 5.0 -2.5 3.75 -16.8943
120.0 7.5 -2.5 3.75 -30.035500000000003
120.0 10.0 -2.5 3.75 -25.7011
120.0 -5.0 0.0 3.75 271325143.9439
120.0 -2.5 0.0 3.75 1662018.3140999998
120.0 0.0 0.0 3.75 84.80199999999999
120.0 2.5 0.0 3.75 6529.4847
120.0 5.0 0.0 3.75 6.3643
120.0 7.5 0.0 3.75 -9.4652
120.0 10.0 0.0 3.75 -13.4339
120.0 -5.0 2.5 3.75 9999999932.4648
120.0 -2.5 2.5 3.75 4763.897599999999
120.0 0.0 2.5 3.75 35611.3865
120.0 2.5 2.5 3.75 54.8863
120.0 5.0 2.5 3.75 21.021800000000002
120.0 7.5 2.5 3.75 3.6858
120.0 10.0 2.5 3.75 -2.8639
120.0 -5.0 5.0 3.75 100891494.90540001
120.0 -2.5 5.0 3.75 60.4212
120.0 0.0 5.0 3.75 92.6959
120.0 2.5 5.0 3.75 52.884100000000004
120.0 5.0 5.0 3.75 21.842000000000002
120.0 7.5 5.0 3.75 7.9135
120.0 10.0 5.0 3.75 1.8428
120.0 -2.5 5.0 5.0 61.807300000000005
120.0 -2.5 2.5 6.25 7130.920700000001
120.0 -2.5 5.0 6.25 53.123400000000004
120.0 2.5 -7.5 7.5 9999999969.749
120.0 0.0 -5.0 7.5 9999999946.4671
120.0 -2.5 0.0 7.5 472597932.9786
120.0 -2.5 2.5 7.5 1682.2833
120.0 0.0 2.5 7.5 120.7974
120.0 -2.5 5.0 7.5 37.4923
120.0 0.0 5.0 7.5 60.3996
120.0 2.5 -7.5 8.75 69841683.2834
120.0 5.0 -7.5 8.75 1457919876.6514
120.0 0.0 -5.0 8.75 254448283.412
120.0 0.0 0.0 8.75 4677436223.8629
120.0 -2.5 2.5 8.75 156.5602
120.0 0.0 2.5 8.75 68.55449999999999
120.0 -5.0 5.0 8.75 181036758.4892
120.0 -2.5 5.0 8.75 26.532400000000003
120.0 0.0 5.0 8.75 39.6483
120.0 2.5 5.0 8.75 32.044
120.0 2.5 -10.0 10.0 2405029016.6245
120.0 2.5 -7.5 10.0 267560333.79160002
120.0 5.0 -7.5 10.0 26165.8723
120.0 7.5 -7.5 10.0 -16.4354
120.0 -2.5 -5.0 10.0 9999999860.4479
120.0 0.0 -5.0 10.0 1172465999.7851002
120.0 2.5 -5.0 10.0 2277314.4124000003
120.0 0.0 -2.5 10.0 97100968.7873
120.0 0.0 0.0 10.0 117584.8134
120.0 2.5 0.0 10.0 224.9656
120.0 -5.0 2.5 10.0 1459183.9458
120.0 -2.5 2.5 10.0 14.1889
120.0 0.0 2.5 10.0 16.713600000000003
120.0 2.5 2.5 10.0 15.206899999999997
120.0 -5.0 5.0 10.0 3045.5521000000003
120.0 -2.5 5.0 10.0 10.1859
120.0 0.0 5.0 10.0 14.3942
120.0 2.5 5.0 10.0 12.867899999999999
120.0 5.0 5.0 10.0 7.4076
120.0 2.5 -10.0 11.25 18605621.604399998
120.0 5.0 -10.0 11.25 1468.6723
120.0 10.0 -10.0 11.25 -6.7451
120.0 -2.5 -7.5 11.25 4191703275.2365003
120.0 0.0 -7.5 11.25 1462887276.6420002
120.0 2.5 -7.5 11.25 1192111678.8088
120.0 5.0 -7.5 11.25 82.02369999999999
120.0 7.5 -7.5 11.25 -10.9438
120.0 -2.5 -5.0 11.25 9999999893.5484
120.0 0.0 -5.0 11.25 9999999939.0203
120.0 2.5 -5.0 11.25 75083.0582
120.0 5.0 -5.0 11.25 -16.2093
120.0 7.5 -5.0 11.25 -8.4308
120.0 0.0 -2.5 11.25 97326.6246
120.0 2.5 -2.5 11.25 785.4107
120.0 -5.0 0.0 11.25 5429525832.9374
120.0 -2.5 0.0 11.25 447786.64019999997
120.0 0.0 0.0 11.25 220.88219999999998
120.0 2.5 0.0 11.25 11.8603
120.0 -5.0 2.5 11.25 1337.0382
120.0 -2.5 2.5 11.25 15.402399999999998
120.0 0.0 2.5 11.25 15.603500000000002
120.0 2.5 2.5 11.25 13.2771
120.0 -5.0 5.0 11.25 8.0046
120.0 -2.5 5.0 11.25 9.5304
120.0 0.0 5.0 11.25 11.9193
120.0 2.5 5.0 11.25 10.185400000000001
120.0 5.0 5.0 11.25 5.5596
120.0 7.5 5.0 11.25 1.4106
120.0 -5.0 -10.0 12.5 9999999965.0606
120.0 -2.5 -10.0 12.5 9999999865.982302
120.0 0.0 -10.0 12.5 264590650.6078
120.0 2.5 -10.0 12.5 9999999955.221601
120.0 5.0 -10.0 12.5 2891.6472999999996
120.0 7.5 -10.0 12.5 8.736600000000001
120.0 10.0 -10.0 12.5 2.9244000000000003
120.0 -2.5 -7.5 12.5 8352677141.1046
120.0 0.0 -7.5 12.5 7848810.5649999995
120.0 2.5 -7.5 12.5 412263.3706
120.0 5.0 -7.5 12.5 -8.876199999999999
120.0 7.5 -7.5 12.5 -4.0379000000000005
120.0 10.0 -7.5 12.5 -1.6586
120.0 -2.5 -5.0 12.5 74481803.993
120.0 0.0 -5.0 12.5 27523781.7872
120.0 2.5 -5.0 12.5 2164.5362
120.0 5.0 -5.0 12.5 -17.9243
120.0 -5.0 -2.5 12.5 10000000044.715302
120.0 -2.5 -2.5 12.5 1340048211.8682
120.0 0.0 -2.5 12.5 1729617.4560999998
120.0 2.5 -2.5 12.5 -1.9131
120.0 5.0 -2.5 12.5 -4.5045
120.0 -5.0 0.0 12.5 1040254.4387
120.0 -2.5 0.0 12.5 1081.1089000000002
120.0 0.0 0.0 12.5 51.906800000000004
120.0 2.5 0.0 12.5 8.225999999999999
120.0 5.0 0.0 12.5 5.735200000000001
120.0 -5.0 2.5 12.5 445.4587
120.0 -2.5 2.5 12.5 14.0981
120.0 0.0 2.5 12.5 15.725999999999999
120.0 2.5 2.5 12.5 12.1234
120.0 5.0 2.5 12.5 7.1079
120.0 -5.0 5.0 12.5 10.1221
120.0 -2.5 5.0 12.5 10.3896
120.0 0.0 5.0 12.5 10.1207
120.0 2.5 5.0 12.5 8.2342
120.0 5.0 5.0 12.5 4.1385
120.0 7.5 5.0 12.5 0.723
120.0 -5.0 -10.0 13.75 2558938713.2917
120.0 -2.5 -10.0 13.75 9999999975.1947
120.0 0.0 -10.0 13.75 1834402.554
120.0 2.5 -10.0 13.75 8738.8392
120.0 5.0 -10.0 13.75 42.5857
120.0 7.5 -10.0 13.75 19.2057
120.0 10.0 -10.0 13.75 10.414299999999999
120.0 -2.5 -7.5 13.75 9999999891.2353
120.0 0.0 -7.5 13.75 2555800257.1327
120.0 2.5 -7.5 13.75 569.1842
120.0 5.0 -7.5 13.75 -10.218399999999999
120.0 7.5 -7.5 13.75 1.8033
120.0 10.0 -7.5 13.75 2.3242
120.0 -2.5 -5.0 13.75 476856155.8258
120.0 0.0 -5.0 13.75 1489011.4668999999
120.0 2.5 -5.0 13.75 18.826700000000002
120.0 5.0 -5.0 13.75 -13.9142
120.0 7.5 -5.0 13.75 -2.5597
120.0 10.0 -5.0 13.75 -0.5302
120.0 -5.0 -2.5 13.75 5009368493.072599
120.0 -2.5 -2.5 13.75 386599318.2649
120.0 0.0 -2.5 13.75 16704.470299999997
120.0 2.5 -2.5 13.75 -12.5074
120.0 5.0 -2.5 13.75 -3.6006
120.0 -5.0 0.0 13.75 1439683.2508999999
120.0 -2.5 0.0 13.75 142.9779
120.0 0.0 0.0 13.75 17.7589
120.0 2.5 0.0 13.75 6.5129
120.0 5.0 0.0 13.75 5.1438999999999995
120.0 -5.0 2.5 13.75 904.9091000000001
120.0 -2.5 2.5 13.75 14.4899
120.0 0.0 2.5 13.75 14.133600000000001
120.0 2.5 2.5 13.75 10.4985
120.0 5.0 2.5 13.75 5.8766
120.0 -5.0 5.0 13.75 8.5226
120.0 -2.5 5.0 13.75 10.6072
120.0 0.0 5.0 13.75 8.7521
120.0 2.5 5.0 13.75 6.519500000000001
120.0 5.0 5.0 13.75 2.989
120.0 7.5 5.0 13.75 0.3267
120.0 -5.0 -10.0 15.0 9999999883.8341
120.0 -2.5 -10.0 15.0 666738851.6299
120.0 0.0 -10.0 15.0 48293070.3431
120.0 2.5 -10.0 15.0 1528263.6772
120.0 5.0 -10.0 15.0 19.2352
120.0 7.5 -10.0 15.0 24.116300000000003
120.0 10.0 -10.0 15.0 14.244
120.0 -5.0 -7.5 15.0 9999999968.3288
120.0 -2.5 -7.5 15.0 9999999905.9696
120.0 0.0 -7.5 15.0 9999999956.885801
120.0 2.5 -7.5 15.0 115.33939999999998
120.0 5.0 -7.5 15.0 -5.5394000000000005
120.0 7.5 -7.5 15.0 5.2462
120.0 10.0 -7.5 15.0 3.9956
120.0 -5.0 -5.0 15.0 1707976613.9822001
120.0 -2.5 -5.0 15.0 608883454.7469
120.0 0.0 -5.0 15.0 9999999889.935501
120.0 2.5 -5.0 15.0 -27.5118
120.0 5.0 -5.0 15.0 -10.7177
120.0 7.5 -5.0 15.0 -1.4709
120.0 10.0 -5.0 15.0 0.15360000000000001
120.0 -5.0 -2.5 15.0 2965515.8496000003
120.0 -2.5 -2.5 15.0 488077.2944
120.0 0.0 -2.5 15.0 15.3217
120.0 2.5 -2.5 15.0 -14.1785
120.0 5.0 -2.5 15.0 -4.2274
120.0 7.5 -2.5 15.0 0.0021999999999999936
120.0 10.0 -2.5 15.0 0.1549
120.0 -5.0 0.0 15.0 19898.4689
120.0 -2.5 0.0 15.0 12.9556
120.0 0.0 0.0 15.0 5.797599999999999
120.0 2.5 0.0 15.0 2.9647
120.0 5.0 0.0 15.0 3.8183000000000002
120.0 10.0 0.0 15.0 -0.0349
120.0 -5.0 2.5 15.0 30.9235
120.0 -2.5 2.5 15.0 13.2064
120.0 0.0 2.5 15.0 11.4381
120.0 2.5 2.5 15.0 8.51
120.0 5.0 2.5 15.0 4.7611
120.0 7.5 2.5 15.0 0.8115
120.0 -5.0 5.0 15.0 12.113700000000001
120.0 -2.5 5.0 15.0 10.4085
120.0 0.0 5.0 15.0 8.798
120.0 2.5 5.0 15.0 5.0776
120.0 5.0 5.0 15.0 2.0858
120.0 7.5 5.0 15.0 0.0388
120.0 10.0 5.0 15.0 -0.0001
120.0 -5.0 -10.0 16.25 9999999964.932001
120.0 -2.5 -10.0 16.25 5478989.1819
120.0 0.0 -10.0 16.25 9999999895.108501
120.0 2.5 -10.0 16.25 99.1701
120.0 5.0 -10.0 16.25 17.5378
120.0 7.5 -10.0 16.25 23.2462
120.0 10.0 -10.0 16.25 14.038
120.0 -5.0 -7.5 16.25 9999999890.134
120.0 -2.5 -7.5 16.25 755303258.1787
120.0 0.0 -7.5 16.25 77900171.4153
120.0 2.5 -7.5 16.25 -14.592400000000001
120.0 5.0 -7.5 16.25 -5.1799
120.0 7.5 -7.5 16.25 5.3666
120.0 10.0 -7.5 16.25 4.1394
120.0 -5.0 -5.0 16.25 9999999854.5119
120.0 -2.5 -5.0 16.25 1072.6269
120.0 0.0 -5.0 16.25 889680.4214999999
120.0 2.5 -5.0 16.25 -34.521100000000004
120.0 5.0 -5.0 16.25 -11.0304
120.0 7.5 -5.0 16.25 -1.4853
120.0 10.0 -5.0 16.25 0.2309
120.0 -5.0 -2.5 16.25 145.7922
120.0 -2.5 -2.5 16.25 -0.1296000000000035
120.0 0.0 -2.5 16.25 -36.7949
120.0 2.5 -2.5 16.25 -17.3079
120.0 5.0 -2.5 16.25 -6.114400000000001
120.0 7.5 -2.5 16.25 0.044899999999999995
120.0 10.0 -2.5 16.25 0.13140000000000002
120.0 -5.0 0.0 16.25 5.829000000000001
120.0 -2.5 0.0 16.25 -2.1719
120.0 0.0 0.0 16.25 -2.0559000000000003
120.0 2.5 0.0 16.25 -0.3317
120.0 5.0 0.0 16.25 2.4691
120.0 7.5 0.0 16.25 1.4384
120.0 10.0 0.0 16.25 0.059500000000000004
120.0 -5.0 2.5 16.25 18.005399999999998
120.0 -2.5 2.5 16.25 11.4573
120.0 0.0 2.5 16.25 8.8309
120.0 2.5 2.5 16.25 6.431
120.0 5.0 2.5 16.25 3.5432
120.0 7.5 2.5 16.25 0.7628999999999999
120.0 10.0 2.5 16.25 -0.0087
120.0 -5.0 5.0 16.25 14.572700000000001
120.0 -2.5 5.0 16.25 10.336500000000001
120.0 0.0 5.0 16.25 7.4613
120.0 2.5 5.0 16.25 3.7092
120.0 5.0 5.0 16.25 1.2645000000000002
120.0 7.5 5.0 16.25 -0.06430000000000001
120.0 10.0 5.0 16.25 0.0
180.0 -5.0 -10.0 3.75 9999999912.2954
180.0 -2.5 -10.0 3.75 10000000062.228802
180.0 0.0 -10.0 3.75 9999999928.0944
180.0 2.5 -10.0 3.75 642107312.8719
180.0 5.0 -10.0 3.75 10000000035.429201
180.0 7.5 -10.0 3.75 66239.5543
180.0 10.0 -10.0 3.75 11396922.5053
180.0 -5.0 -7.5 3.75 10000000005.347301
180.0 -2.5 -7.5 3.75 10000000098.6023
180.0 0.0 -7.5 3.75 10000000010.2959
180.0 2.5 -7.5 3.75 9999999943.519201
180.0 5.0 -7.5 3.75 134832.2315
180.0 7.5 -7.5 3.75 -12.5289
180.0 10.0 -7.5 3.75 13.530800000000001
180.0 -5.0 -5.0 3.75 10000000109.542702
180.0 -2.5 -5.0 3.75 10000000141.9228
180.0 0.0 -5.0 3.75 506267682.86230004
180.0 2.5 -5.0 3.75 51377457.4801
180.0 5.0 -5.0 3.75 29920.7227
180.0 7.5 -5.0 3.75 5.421
180.0 10.0 -5.0 3.75 18.470799999999997
180.0 -5.0 -2.5 3.75 10000000065.9845
180.0 -2.5 -2.5 3.75 257024051.85689998
180.0 0.0 -2.5 3.75 172903215.6718
180.0 2.5 -2.5 3.75 10000000005.650501
180.0 5.0 -2.5 3.75 487.1397
180.0 7.5 -2.5 3.75 18.7968
180.0 10.0 -2.5 3.75 17.5803
180.0 -5.0 0.0 3.75 2554085783.7166004
180.0 -2.5 0.0 3.75 10000000224.559
180.0 0.0 0.0 3.75 781181.2231
180.0 2.5 0.0 3.75 3389.9938
180.0 5.0 0.0 3.75 10.607499999999998
180.0 7.5 0.0 3.75 4.8663
180.0 10.0 0.0 3.75 1.7382
180.0 -5.0 2.5 3.75 8116644938.121699
180.0 -2.5 2.5 3.75 10000000342.354502
180.0 0.0 2.5 3.75 162739.5952
180.0 2.5 2.5 3.75 38.375
180.0 5.0 2.5 3.75 -11.945599999999999
180.0 7.5 2.5 3.75 -28.4087
180.0 10.0 2.5 3.75 -28.165699999999998
180.0 -5.0 5.0 3.75 895068607.4419999
180.0 -2.5 5.0 3.75 40731.112199999996
180.0 0.0 5.0 3.75 151.9641
180.0 2.5 5.0 3.75 -4.4965
180.0 5.0 5.0 3.75 -26.3884
180.0 7.5 5.0 3.75 -44.8112
180.0 10.0 5.0 3.75 -39.6321
180.0 -2.5 -2.5 7.5 10000000032.1502
180.0 0.0 2.5 7.5 182.9998
180.0 0.0 5.0 7.5 15.937600000000002
180.0 -5.0 -2.5 8.75 9999999861.930601
180.0 -2.5 -2.5 8.75 9999999879.490702
180.0 2.5 -2.5 8.75 2011894.5414
180.0 -5.0 0.0 8.75 9999999934.069601
180.0 0.0 0.0 8.75 9999999977.897501
180.0 0.0 2.5 8.75 10332.4499
180.0 0.0 -10.0 10.0 10000000057.7388
180.0 2.5 -10.0 10.0 9999999649.4761
180.0 0.0 -7.5 10.0 10000000033.882301
180.0 2.5 -7.5 10.0 9999999971.2751
180.0 5.0 -7.5 10.0 381468.5635
180.0 -2.5 -5.0 10.0 9999999625.215601
180.0 0.0 -5.0 10.0 3647805179.5649
180.0 2.5 -5.0 10.0 79580622.3364
180.0 5.0 -5.0 10.0 125613.6794
180.0 -5.0 -2.5 10.0 4842659656.2648
180.0 -2.5 -2.5 10.0 519589368.1143
180.0 0.0 -2.5 10.0 10000000088.3507
180.0 2.5 -2.5 10.0 20259.7448
180.0 -5.0 0.0 10.0 23404732.2162
180.0 -2.5 0.0 10.0 9098218398.381
180.0 0.0 0.0 10.0 391350.7684
180.0 -5.0 2.5 10.0 49087726.0289
180.0 0.0 2.5 10.0 935599676.4473
180.0 2.5 2.5 10.0 -11.3988
180.0 0.0 5.0 10.0 213.8514
180.0 2.5 5.0 10.0 -15.5008
180.0 0.0 -10.0 11.25 9999999824.7371
180.0 2.5 -10.0 11.25 1360333859.0521
180.0 5.0 -10.0 11.25 60085526.1679
180.0 0.0 -7.5 11.25 10000000027.511002
180.0 2.5 -7.5 11.25 9999999985.173601
180.0 5.0 -7.5 11.25 92104809.681
180.0 7.5 -7.5 11.25 502145.0634
180.0 -2.5 -5.0 11.25 10000000039.7859
180.0 0.0 -5.0 11.25 10000000118.0216
180.0 2.5 -5.0 11.25 8035182642.3311
180.0 5.0 -5.0 11.25 2445998299.2049
180.0 -5.0 -2.5 11.25 474394237.621
180.0 -2.5 -2.5 11.25 32556650.7062
180.0 0.0 -2.5 11.25 9999999996.7535
180.0 2.5 -2.5 11.25 763722.9469
180.0 -5.0 0.0 11.25 6428075562.2743
180.0 -2.5 0.0 11.25 4617016.3251
180.0 0.0 0.0 11.25 30844.3375
180.0 -5.0 2.5 11.25 61086661.183699995
180.0 -2.5 2.5 11.25 6083697.5973000005
180.0 0.0 2.5 11.25 1077.9687000000001
180.0 2.5 2.5 11.25 -13.327499999999999
180.0 -5.0 5.0 11.25 4758921.651099999
180.0 0.0 5.0 11.25 713.4093
180.0 2.5 5.0 11.25 -18.648
180.0 -5.0 -10.0 12.5 9999999943.0004
180.0 -2.5 -10.0 12.5 10000000180.0263
180.0 0.0 -10.0 12.5 9999999754.756
180.0 2.5 -10.0 12.5 36523801.4206
180.0 5.0 -10.0 12.5 404552.9329
180.0 7.5 -10.0 12.5 465.02889999999996
180.0 10.0 -10.0 12.5 -28.5608
180.0 -2.5 -7.5 12.5 10000000046.303501
180.0 0.0 -7.5 12.5 372398429.6247
180.0 2.5 -7.5 12.5 64372180.8465
180.0 5.0 -7.5 12.5 1195027459.8805
180.0 7.5 -7.5 12.5 1313169.4803000002
180.0 -5.0 -5.0 12.5 10000000151.7094
180.0 -2.5 -5.0 12.5 8408151005.7586
180.0 0.0 -5.0 12.5 11247941.8559
180.0 2.5 -5.0 12.5 30892.322200000002
180.0 5.0 -5.0 12.5 214365.2896
180.0 -5.0 -2.5 12.5 303789099.7925
180.0 -2.5 -2.5 12.5 146950.8243
180.0 0.0 -2.5 12.5 8987662048.802101
180.0 2.5 -2.5 12.5 2342.0391
180.0 5.0 -2.5 12.5 94.33680000000001
180.0 -5.0 0.0 12.5 468642.2872
180.0 -2.5 0.0 12.5 988661.2553
180.0 0.0 0.0 12.5 336085541.4144
180.0 2.5 0.0 12.5 1105.8052
180.0 -5.0 2.5 12.5 80217304.9444
180.0 -2.5 2.5 12.5 169561.9308
180.0 0.0 2.5 12.5 229.10719999999998
180.0 2.5 2.5 12.5 -13.0898
180.0 -5.0 5.0 12.5 107448.1281
180.0 -2.5 5.0 12.5 426974.5071
180.0 0.0 5.0 12.5 -15.691899999999999
180.0 2.5 5.0 12.5 -18.4658
180.0 5.0 5.0 12.5 -10.275699999999999
180.0 7.5 5.0 12.5 -5.5643
180.0 10.0 5.0 12.5 -1.9228
180.0 -5.0 -10.0 13.75 9999999974.6315
180.0 -2.5 -10.0 13.75 10000000043.5575
180.0 0.0 -10.0 13.75 10000000002.467701
180.0 2.5 -10.0 13.75 8682208.399
180.0 5.0 -10.0 13.75 561844.6118
180.0 7.5 -10.0 13.75 -40.4928
180.0 10.0 -10.0 13.75 -18.656399999999998
180.0 -5.0 -7.5 13.75 9999999977.931702
180.0 -2.5 -7.5 13.75 9999999995.1403
180.0 0.0 -7.5 13.75 1116862.3104
180.0 2.5 -7.5 13.75 20371411.3224
180.0 5.0 -7.5 13.75 16248093.335199999
180.0 7.5 -7.5 13.75 370490.0918
180.0 10.0 -7.5 13.75 37.5512
180.0 -5.0 -5.0 13.75 10000000179.4171
180.0 -2.5 -5.0 13.75 9999999989.596102
180.0 0.0 -5.0 13.75 609886729.7511001
180.0 2.5 -5.0 13.75 1677.1416000000002
180.0 5.0 -5.0 13.75 10800.3521
180.0 -5.0 -2.5 13.75 1893576479.5693
180.0 -2.5 -2.5 13.75 223830831.9417
180.0 0.0 -2.5 13.75 2951111.5148
180.0 2.5 -2.5 13.75 1570.2966000000001
180.0 5.0 -2.5 13.75 82.5115
180.0 -5.0 0.0 13.75 1503.8995
180.0 -2.5 0.0 13.75 15152.9278
180.0 0.0 0.0 13.75 13444.9626
180.0 2.5 0.0 13.75 120.9124
180.0 -5.0 2.5 13.75 3664.5924
180.0 -2.5 2.5 13.75 115.6094
180.0 0.0 2.5 13.75 -20.0442
180.0 2.5 2.5 13.75 -10.218
180.0 5.0 2.5 13.75 0.0040999999999999925
180.0 -5.0 5.0 13.75 178.7615
180.0 -2.5 5.0 13.75 -5.5588999999999995
180.0 0.0 5.0 13.75 -23.270300000000002
180.0 2.5 5.0 13.75 -16.4865
180.0 5.0 5.0 13.75 -8.936300000000001
180.0 7.5 5.0 13.75 -3.9704
180.0 10.0 5.0 13.75 -1.3063
180.0 -5.0 -10.0 15.0 10000000004.8663
180.0 -2.5 -10.0 15.0 167858003.7531
180.0 0.0 -10.0 15.0 7843195.3187
180.0 2.5 -10.0 15.0 116658.907
180.0 5.0 -10.0 15.0 783.5711
180.0 7.5 -10.0 15.0 -28.659100000000002
180.0 10.0 -10.0 15.0 -9.2516
180.0 -5.0 -7.5 15.0 7069130.9708
180.0 -2.5 -7.5 15.0 1865159553.134
180.0 0.0 -7.5 15.0 63569282.3191
180.0 2.5 -7.5 15.0 3645.6105
180.0 5.0 -7.5 15.0 88809.1223
180.0 7.5 -7.5 15.0 213.055
180.0 10.0 -7.5 15.0 30.847100000000005
180.0 -5.0 -5.0 15.0 3040540277.4618
180.0 -2.5 -5.0 15.0 9999999996.5412
180.0 0.0 -5.0 15.0 97779.4794
180.0 2.5 -5.0 15.0 594.0457
180.0 5.0 -5.0 15.0 553.3375
180.0 7.5 -5.0 15.0 102.7339
180.0 10.0 -5.0 15.0 44.4435
180.0 -5.0 -2.5 15.0 348194784.5
180.0 -2.5 -2.5 15.0 10605001.2004
180.0 0.0 -2.5 15.0 9999999973.575901
180.0 2.5 -2.5 15.0 126.96809999999999
180.0 5.0 -2.5 15.0 73.8057
180.0 10.0 -2.5 15.0 31.621799999999997
180.0 -5.0 0.0 15.0 -14.5356
180.0 -2.5 0.0 15.0 19445.4689
180.0 0.0 0.0 15.0 3150.5197
180.0 2.5 0.0 15.0 24.444699999999997
180.0 5.0 0.0 15.0 27.7008
180.0 -5.0 2.5 15.0 -11.3112
180.0 -2.5 2.5 15.0 -27.8373
180.0 0.0 2.5 15.0 -21.4045
180.0 2.5 2.5 15.0 -8.2964
180.0 5.0 2.5 15.0 0.9903
180.0 7.5 2.5 15.0 3.4676
180.0 -5.0 5.0 15.0 -2.9825
180.0 -2.5 5.0 15.0 -18.6719
180.0 0.0 5.0 15.0 -19.5341
180.0 2.5 5.0 15.0 -13.3427
180.0 5.0 5.0 15.0 -6.7485
180.0 7.5 5.0 15.0 -2.4021
180.0 10.0 5.0 15.0 -0.7057
180.0 -5.0 -10.0 16.25 9999999927.6109
180.0 -2.5 -10.0 16.25 40468.3616
180.0 0.0 -10.0 16.25 953520.5212000001
180.0 2.5 -10.0 16.25 250.3634
180.0 5.0 -10.0 16.25 -6.5384
180.0 7.5 -10.0 16.25 -8.8346
180.0 10.0 -10.0 16.25 -3.4643
180.0 -5.0 -7.5 16.25 175047.7683
180.0 -2.5 -7.5 16.25 1082370830.3524
180.0 0.0 -7.5 16.25 26804.8158
180.0 2.5 -7.5 16.25 59.434200000000004
180.0 5.0 -7.5 16.25 115.6842
180.0 7.5 -7.5 16.25 53.2646
180.0 10.0 -7.5 16.25 24.9602
180.0 -5.0 -5.0 16.25 1193861.6082
180.0 -2.5 -5.0 16.25 9999999972.940601
180.0 0.0 -5.0 16.25 1193.6278000000002
180.0 2.5 -5.0 16.25 83.1305
180.0 5.0 -5.0 16.25 101.8218
180.0 7.5 -5.0 16.25 71.6945
180.0 10.0 -5.0 16.25 36.703500000000005
180.0 -5.0 -2.5 16.25 12111089.915900001
180.0 -2.5 -2.5 16.25 10000000068.869501
180.0 0.0 -2.5 16.25 197000.4076
180.0 2.5 -2.5 16.25 57.0988
180.0 5.0 -2.5 16.25 60.4343
180.0 7.5 -2.5 16.25 47.447700000000005
180.0 10.0 -2.5 16.25 28.0048
180.0 -5.0 0.0 16.25 -25.753
180.0 -2.5 0.0 16.25 206.325
180.0 0.0 0.0 16.25 25.561100000000003
180.0 2.5 0.0 16.25 13.8428
180.0 5.0 0.0 16.25 23.606
180.0 7.5 0.0 16.25 21.450699999999998
180.0 -5.0 2.5 16.25 -12.4836
180.0 -2.5 2.5 16.25 -21.1733
180.0 0.0 2.5 16.25 -16.878
180.0 2.5 2.5 16.25 -6.8469999999999995
180.0 5.0 2.5 16.25 1.7434
180.0 7.5 2.5 16.25 4.1553
180.0 -5.0 5.0 16.25 -4.4657
180.0 -2.5 5.0 16.25 -14.7772
180.0 0.0 5.0 16.25 -15.2805
180.0 2.5 5.0 16.25 -9.609
180.0 5.0 5.0 16.25 -4.6261
180.0 7.5 5.0 16.25 -1.5643999999999998
180.0 10.0 5.0 16.25 -0.2912
240.0 -5.0 -10.0 3.75 9999999865.035301
240.0 -2.5 -10.0 3.75 10000000089.5428
240.0 0.0 -10.0 3.75 9999999984.4431
240.0 2.5 -10.0 3.75 2095032088.8878002
240.0 5.0 -10.0 3.75 801043.4036000001
240.0 7.5 -10.0 3.75 131.34539999999998
240.0 10.0 -10.0 3.75 9.688600000000001
240.0 -5.0 -7.5 3.75 3275301564.2772
240.0 -2.5 -7.5 3.75 654190334.9523
240.0 0.0 -7.5 3.75 3278757422.4612
240.0 2.5 -7.5 3.75 10000000019.5834
240.0 5.0 -7.5 3.75 27094235.862800002
240.0 7.5 -7.5 3.75 240.10269999999997
240.0 10.0 -7.5 3.75 29.388199999999998
240.0 -5.0 -5.0 3.75 9999999906.805601
240.0 -2.5 -5.0 3.75 3315631160.8336
240.0 0.0 -5.0 3.75 1131449458.6444
240.0 2.5 -5.0 3.75 420880.4784
240.0 5.0 -5.0 3.75 8951.1513
240.0 7.5 -5.0 3.75 52.2971
240.0 10.0 -5.0 3.75 23.7376
240.0 -5.0 -2.5 3.75 200149016.3444
240.0 -2.5 -2.5 3.75 10000000044.098001
240.0 0.0 -2.5 3.75 631769874.222
240.0 2.5 -2.5 3.75 711.2061
240.0 5.0 -2.5 3.75 -28.7902
240.0 7.5 -2.5 3.75 -7.9507
240.0 10.0 -2.5 3.75 3.9554000000000005
240.0 -5.0 0.0 3.75 10000000063.3586
240.0 -2.5 0.0 3.75 190096362.01299998
240.0 0.0 0.0 3.75 22939540.1724
240.0 2.5 0.0 3.75 -17.5929
240.0 5.0 0.0 3.75 -27.3105
240.0 7.5 0.0 3.75 -16.0729
240.0 10.0 0.0 3.75 -2.9011
240.0 -5.0 2.5 3.75 5769024052.8279
240.0 -2.5 2.5 3.75 62507088.8972
240.0 0.0 2.5 3.75 9547.994700000001
240.0 2.5 2.5 3.75 -6.4958
240.0 5.0 2.5 3.75 -6.2909
240.0 7.5 2.5 3.75 -2.4452
240.0 10.0 2.5 3.75 1.8188
240.0 -5.0 5.0 3.75 6162923.115900001
240.0 -2.5 5.0 3.75 346.25260000000003
240.0 0.0 5.0 3.75 -0.8915999999999995
240.0 2.5 5.0 3.75 3.7799999999999994
240.0 5.0 5.0 3.75 10.6504
240.0 7.5 5.0 3.75 12.2623
240.0 10.0 5.0 3.75 8.7313
240.0 0.0 0.0 5.0 2195082.3189
240.0 -2.5 2.5 5.0 466032186.77680004
240.0 -2.5 5.0 5.0 313710856.1859
240.0 0.0 0.0 6.25 3152421047.413
240.0 -2.5 2.5 6.25 472734159.8119
240.0 0.0 2.5 6.25 64315.9773
240.0 -5.0 5.0 6.25 9999999772.2863
240.0 -2.5 5.0 6.25 4194.3027
240.0 2.5 -10.0 7.5 28474660.3328
240.0 -2.5 -7.5 7.5 1510582455.1694999
240.0 0.0 -5.0 7.5 210398479.6531
240.0 0.0 0.0 7.5 2532806.9594
240.0 -2.5 2.5 7.5 2824851.084
240.0 0.0 2.5 7.5 1677.8536000000001
240.0 -5.0 5.0 7.5 1015522347.5584999
240.0 -2.5 5.0 7.5 841.2302
240.0 0.0 5.0 7.5 21.416
240.0 0.0 -10.0 8.75 8279933147.7605
240.0 2.5 -10.0 8.75 267103989.4272
240.0 5.0 -10.0 8.75 511753261.45019996
240.0 -2.5 -7.5 8.75 9999999739.7777
240.0 0.0 -7.5 8.75 140605553.2144
240.0 2.5 -7.5 8.75 160615.04460000002
240.0 -2.5 -5.0 8.75 6071010764.4257
240.0 0.0 -5.0 8.75 653867467.1531999
240.0 0.0 -2.5 8.75 355482501.5741
240.0 2.5 -2.5 8.75 38991511.4576
240.0 -2.5 0.0 8.75 10000000020.656101
240.0 0.0 0.0 8.75 340377047.9557
240.0 -2.5 2.5 8.75 7026086.4046
240.0 0.0 2.5 8.75 9999999980.439201
240.0 2.5 2.5 8.75 8.8811
240.0 -5.0 5.0 8.75 26000023.6956
240.0 -2.5 5.0 8.75 1085.5016999999998
240.0 0.0 5.0 8.75 22.0698
240.0 0.0 -10.0 10.0 295941642.1415
240.0 2.5 -10.0 10.0 1734225458.8804002
240.0 5.0 -10.0 10.0 40034.7777
240.0 -2.5 -7.5 10.0 10000000023.834702
240.0 0.0 -7.5 10.0 1571732775.8665001
240.0 2.5 -7.5 10.0 28669888.1446
240.0 -2.5 -5.0 10.0 5997272730.9485
240.0 0.0 -5.0 10.0 8870230734.398
240.0 -5.0 -2.5 10.0 10000000108.9678
240.0 -2.5 -2.5 10.0 9999999995.35
240.0 0.0 -2.5 10.0 9999999910.409801
240.0 2.5 -2.5 10.0 15139871.3017
240.0 -2.5 0.0 10.0 790734303.3275001
240.0 0.0 0.0 10.0 7995005578.7894
240.0 2.5 0.0 10.0 320964.73010000004
240.0 -5.0 2.5 10.0 656138.9035
240.0 -2.5 2.5 10.0 6795636.430799999
240.0 0.0 2.5 10.0 20696.1127
240.0 2.5 2.5 10.0 526.7911
240.0 -5.0 5.0 10.0 481847.8912
240.0 -2.5 5.0 10.0 192.2434
240.0 0.0 5.0 10.0 22.407600000000002
240.0 2.5 5.0 10.0 8.1753
240.0 7.5 5.0 10.0 -0.9600000000000001
240.0 -2.5 -10.0 11.25 605884984.2227
240.0 0.0 -10.0 11.25 776869841.8547
240.0 2.5 -10.0 11.25 159517.9841
240.0 5.0 -10.0 11.25 1789142.8221999998
240.0 7.5 -10.0 11.25 19.4266
240.0 10.0 -10.0 11.25 6.9777000000000005
240.0 -5.0 -7.5 11.25 10000000004.753302
240.0 -2.5 -7.5 11.25 9999999678.628601
240.0 0.0 -7.5 11.25 14898618.6465
240.0 2.5 -7.5 11.25 58860.8798
240.0 -2.5 -5.0 11.25 116953753.3653
240.0 0.0 -5.0 11.25 9453485685.1736
240.0 2.5 -5.0 11.25 225205.3937
240.0 -5.0 -2.5 11.25 9999999896.179901
240.0 -2.5 -2.5 11.25 2953714486.6622
240.0 0.0 -2.5 11.25 10000000006.799002
240.0 2.5 -2.5 11.25 250412.9792
240.0 -5.0 0.0 11.25 10000000007.115301
240.0 -2.5 0.0 11.25 294554722.59000003
240.0 0.0 0.0 11.25 33986.5023
240.0 2.5 0.0 11.25 19683.3856
240.0 -2.5 2.5 11.25 10000000132.662802
240.0 0.0 2.5 11.25 96.637
240.0 2.5 2.5 11.25 114.2499
240.0 5.0 2.5 11.25 -15.8844
240.0 7.5 2.5 11.25 -11.0251
240.0 -5.0 5.0 11.25 119161.9254
240.0 -2.5 5.0 11.25 42.6011
240.0 0.0 5.0 11.25 27.4512
240.0 2.5 5.0 11.25 9.546199999999999
240.0 7.5 5.0 11.25 -1.946
240.0 -2.5 -10.0 12.5 10000000128.7171
240.0 0.0 -10.0 12.5 31550486.5881
240.0 2.5 -10.0 12.5 645.7726
240.0 5.0 -10.0 12.5 120.3695
240.0 7.5 -10.0 12.5 25.419600000000003
240.0 10.0 -10.0 12.5 8.785
240.0 -5.0 -7.5 12.5 7474604543.9497
240.0 -2.5 -7.5 12.5 9999999640.6844
240.0 0.0 -7.5 12.5 209123.9609
240.0 2.5 -7.5 12.5 2222.8888
240.0 5.0 -7.5 12.5 1.6349
240.0 -5.0 -5.0 12.5 362134219.1499
240.0 -2.5 -5.0 12.5 100618478.04069999
240.0 0.0 -5.0 12.5 19013411.0996
240.0 2.5 -5.0 12.5 8053.3889
240.0 5.0 -5.0 12.5 -73.5696
240.0 -5.0 -2.5 12.5 1102233216.8279998
240.0 -2.5 -2.5 12.5 9999999965.976501
240.0 0.0 -2.5 12.5 10000000103.8055
240.0 2.5 -2.5 12.5 37425.389
240.0 -5.0 0.0 12.5 45612095.6009
240.0 -2.5 0.0 12.5 83608.82680000001
240.0 0.0 0.0 12.5 16338061.5096
240.0 2.5 0.0 12.5 6.381500000000003
240.0 5.0 0.0 12.5 -48.0144
240.0 -5.0 2.5 12.5 10000000169.5629
240.0 -2.5 2.5 12.5 131872.7996
240.0 0.0 2.5 12.5 43.776599999999995
240.0 2.5 2.5 12.5 0.29289999999999994
240.0 5.0 2.5 12.5 -13.084200000000001
240.0 7.5 2.5 12.5 -10.758899999999999
240.0 -5.0 5.0 12.5 8047.0217
240.0 -2.5 5.0 12.5 45.4389
240.0 0.0 5.0 12.5 31.1305
240.0 2.5 5.0 12.5 11.789900000000001
240.0 5.0 5.0 12.5 0.9537
240.0 7.5 5.0 12.5 -2.1709
240.0 -2.5 -10.0 13.75 10000000014.589901
240.0 0.0 -10.0 13.75 964115845.6777
240.0 2.5 -10.0 13.75 233.6432
240.0 5.0 -10.0 13.75 66.6915
240.0 7.5 -10.0 13.75 29.1344
240.0 10.0 -10.0 13.75 10.3983
240.0 -5.0 -7.5 13.75 350558793.7694
240.0 -2.5 -7.5 13.75 2168428802.5263
240.0 0.0 -7.5 13.75 9722.8345
240.0 2.5 -7.5 13.75 124.4738
240.0 5.0 -7.5 13.75 6.285400000000001
240.0 7.5 -7.5 13.75 1.9413
240.0 10.0 -7.5 13.75 0.2691
240.0 -5.0 -5.0 13.75 472534.4018
240.0 -2.5 -5.0 13.75 453254.818
240.0 0.0 -5.0 13.75 3575.8049
240.0 2.5 -5.0 13.75 32.384
240.0 5.0 -5.0 13.75 -55.7851
240.0 -5.0 -2.5 13.75 8580088.5951
240.0 -2.5 -2.5 13.75 1944859.0037
240.0 0.0 -2.5 13.75 13747235.2454
240.0 2.5 -2.5 13.75 1008.5837000000001
240.0 -5.0 0.0 13.75 10942598.4243
240.0 -2.5 0.0 13.75 1746882.36
240.0 0.0 0.0 13.75 2549272.1781
240.0 2.5 0.0 13.75 -22.9005
240.0 5.0 0.0 13.75 -37.086
240.0 -5.0 2.5 13.75 190972028.2261
240.0 -2.5 2.5 13.75 3161.9596
240.0 0.0 2.5 13.75 49.7373
240.0 2.5 2.5 13.75 7.7089
240.0 5.0 2.5 13.75 -9.5896
240.0 7.5 2.5 13.75 -9.423599999999999
240.0 10.0 2.5 13.75 -3.7235
240.0 -5.0 5.0 13.75 1500.2171
240.0 -2.5 5.0 13.75 48.2214
240.0 0.0 5.0 13.75 32.284800000000004
240.0 2.5 5.0 13.75 13.1935
240.0 5.0 5.0 13.75 1.274
240.0 7.5 5.0 13.75 -1.9483000000000001
240.0 10.0 5.0 13.75 -0.6351
240.0 -5.0 -10.0 15.0 3747926495.2337
240.0 -2.5 -10.0 15.0 10571976.2285
240.0 0.0 -10.0 15.0 87278.7902
240.0 2.5 -10.0 15.0 100.2889
240.0 5.0 -10.0 15.0 58.179
240.0 7.5 -10.0 15.0 28.374
240.0 10.0 -10.0 15.0 10.689499999999999
240.0 -5.0 -7.5 15.0 10000000028.295301
240.0 -2.5 -7.5 15.0 17764626.1483
240.0 0.0 -7.5 15.0 1946.5833
240.0 2.5 -7.5 15.0 9.085600000000001
240.0 5.0 -7.5 15.0 8.679099999999998
240.0 7.5 -7.5 15.0 4.1681
240.0 10.0 -7.5 15.0 0.9601
240.0 -5.0 -5.0 15.0 22179.448099999998
240.0 -2.5 -5.0 15.0 11675.4397
240.0 0.0 -5.0 15.0 79.2204
240.0 2.5 -5.0 15.0 -55.741400000000006
240.0 5.0 -5.0 15.0 -36.6329
240.0 10.0 -5.0 15.0 -8.7509
240.0 -5.0 -2.5 15.0 4431.1795
240.0 -2.5 -2.5 15.0 19676.076999999997
240.0 0.0 -2.5 15.0 71769.337
240.0 2.5 -2.5 15.0 -62.1633
240.0 5.0 -2.5 15.0 -49.2567
240.0 7.5 -2.5 15.0 -27.1051
240.0 -5.0 0.0 15.0 351571974.7166
240.0 -2.5 0.0 15.0 702438.5217
240.0 0.0 0.0 15.0 181.4174
240.0 2.5 0.0 15.0 -11.300999999999998
240.0 5.0 0.0 15.0 -25.4919
240.0 7.5 0.0 15.0 -18.0643
240.0 -5.0 2.5 15.0 54392.8779
240.0 -2.5 2.5 15.0 101.52539999999999
240.0 0.0 2.5 15.0 47.296099999999996
240.0 2.5 2.5 15.0 11.124500000000001
240.0 5.0 2.5 15.0 -6.002
240.0 7.5 2.5 15.0 -7.5313
240.0 10.0 2.5 15.0 -2.9348
240.0 -5.0 5.0 15.0 99.47409999999999
240.0 -2.5 5.0 15.0 44.529199999999996
240.0 0.0 5.0 15.0 30.1223
240.0 2.5 5.0 15.0 12.8513
240.0 5.0 5.0 15.0 1.9695999999999998
240.0 7.5 5.0 15.0 -1.4856
240.0 10.0 5.0 15.0 -0.5171
240.0 -5.0 -10.0 16.25 803175650.1124
240.0 -2.5 -10.0 16.25 9422.9674
240.0 0.0 -10.0 16.25 1881.7984000000001
240.0 2.5 -10.0 16.25 54.081500000000005
240.0 5.0 -10.0 16.25 45.2341
240.0 7.5 -10.0 16.25 24.1811
240.0 10.0 -10.0 16.25 9.4003
240.0 -5.0 -7.5 16.25 10000000070.960402
240.0 -2.5 -7.5 16.25 10729647.1282
240.0 0.0 -7.5 16.25 21.4417
240.0 2.5 -7.5 16.25 6.252300000000001
240.0 5.0 -7.5 16.25 8.7784
240.0 7.5 -7.5 16.25 4.7715
240.0 10.0 -7.5 16.25 1.3217999999999999
240.0 -5.0 -5.0 16.25 37.292500000000004
240.0 -2.5 -5.0 16.25 1285.9614
240.0 0.0 -5.0 16.25 -27.7892
240.0 2.5 -5.0 16.25 -32.4175
240.0 5.0 -5.0 16.25 -23.040999999999997
240.0 7.5 -5.0 16.25 -13.7529
240.0 10.0 -5.0 16.25 -6.7402
240.0 -5.0 -2.5 16.25 93.34
240.0 -2.5 -2.5 16.25 61.1973
240.0 0.0 -2.5 16.25 7.469500000000001
240.0 2.5 -2.5 16.25 -34.6957
240.0 5.0 -2.5 16.25 -31.124599999999997
240.0 7.5 -2.5 16.25 -19.7179
240.0 10.0 -2.5 16.25 -8.412
240.0 -5.0 0.0 16.25 3724.4732999999997
240.0 -2.5 0.0 16.25 145.3774
240.0 0.0 0.0 16.25 40.1546
240.0 2.5 0.0 16.25 -3.696
240.0 5.0 0.0 16.25 -16.477
240.0 7.5 0.0 16.25 -13.3625
240.0 -5.0 2.5 16.25 210.4874
240.0 -2.5 2.5 16.25 63.5571
240.0 0.0 2.5 16.25 40.001
240.0 2.5 2.5 16.25 11.2354
240.0 5.0 2.5 16.25 -3.0745
240.0 7.5 2.5 16.25 -5.440499999999999
240.0 10.0 2.5 16.25 -1.9067
240.0 -5.0 5.0 16.25 34.938100000000006
240.0 -2.5 5.0 16.25 36.8926
240.0 0.0 5.0 16.25 25.57
240.0 2.5 5.0 16.25 11.7265
240.0 5.0 5.0 16.25 2.3393
240.0 7.5 5.0 16.25 -0.8224
240.0 10.0 5.0 16.25 -0.35359999999999997
300.0 -5.0 -10.0 3.75 10000000120.647701
300.0 -2.5 -10.0 3.75 10000000020.810501
300.0 0.0 -10.0 3.75 29037073.2747
300.0 2.5 -10.0 3.75 1410820485.9411001
300.0 5.0 -10.0 3.75 10030440.0753
300.0 7.5 -10.0 3.75 4848.404699999999
300.0 10.0 -10.0 3.75 30.034399999999998
300.0 -5.0 -7.5 3.75 10000000095.4969
300.0 -2.5 -7.5 3.75 2293291407.0201
300.0 0.0 -7.5 3.75 10000000073.723202
300.0 2.5 -7.5 3.75 1941595208.6025002
300.0 5.0 -7.5 3.75 15567.121599999999
300.0 7.5 -7.5 3.75 51.4073
300.0 10.0 -7.5 3.75 15.067
300.0 -5.0 -5.0 3.75 9999999963.177502
300.0 -2.5 -5.0 3.75 10000000150.450901
300.0 0.0 -5.0 3.75 10000000017.842701
300.0 2.5 -5.0 3.75 14401566.9507
300.0 5.0 -5.0 3.75 1101.3874
300.0 7.5 -5.0 3.75 11.7147
300.0 10.0 -5.0 3.75 18.399900000000002
300.0 -5.0 -2.5 3.75 822740621.6198
300.0 -2.5 -2.5 3.75 9999999946.3565
300.0 0.0 -2.5 3.75 92465147.88000001
300.0 2.5 -2.5 3.75 4960.6812
300.0 5.0 -2.5 3.75 22.2473
300.0 7.5 -2.5 3.75 21.1535
300.0 10.0 -2.5 3.75 21.5062
300.0 -5.0 0.0 3.75 10000000079.3162
300.0 -2.5 0.0 3.75 2773936766.2274
300.0 0.0 0.0 3.75 1239.0031000000001
300.0 2.5 0.0 3.75 77398.92420000001
300.0 5.0 0.0 3.75 20.1964
300.0 7.5 0.0 3.75 12.832099999999999
300.0 10.0 0.0 3.75 14.556600000000001
300.0 -5.0 2.5 3.75 9999999968.5734
300.0 -2.5 2.5 3.75 17909.7342
300.0 0.0 2.5 3.75 21.2703
300.0 2.5 2.5 3.75 -15.9665
300.0 5.0 2.5 3.75 -26.369300000000003
300.0 7.5 2.5 3.75 -10.3974
300.0 10.0 2.5 3.75 1.3831
300.0 -5.0 5.0 3.75 6444855189.3732
300.0 -2.5 5.0 3.75 4904.832899999999
300.0 0.0 5.0 3.75 -12.2536
300.0 2.5 5.0 3.75 -27.589599999999997
300.0 5.0 5.0 3.75 -37.3639
300.0 7.5 5.0 3.75 -22.043599999999998
300.0 10.0 5.0 3.75 -6.8305
300.0 -2.5 -2.5 6.25 10000000143.390202
300.0 0.0 -2.5 6.25 96986740.0071
300.0 2.5 -2.5 6.25 1309.9077
300.0 2.5 -5.0 7.5 10000000205.8922
300.0 -2.5 -2.5 7.5 10000000026.4701
300.0 0.0 -2.5 7.5 98643032.3813
300.0 0.0 0.0 7.5 1268.1612
300.0 0.0 2.5 7.5 13.118599999999999
300.0 5.0 -10.0 8.75 9999999922.097101
300.0 2.5 -7.5 8.75 345315760.2575
300.0 5.0 -7.5 8.75 9999999963.4538
300.0 0.0 -5.0 8.75 4124529304.3592
300.0 2.5 -5.0 8.75 74339562.5823
300.0 5.0 -5.0 8.75 685845.8025
300.0 -5.0 -2.5 8.75 9999999983.180801
300.0 -2.5 -2.5 8.75 4474227262.979
300.0 0.0 -2.5 8.75 200813194.79839998
300.0 2.5 -2.5 8.75 287.9973
300.0 -5.0 0.0 8.75 1166311364.8792
300.0 0.0 0.0 8.75 49348.5785
300.0 0.0 2.5 8.75 8.8587
300.0 0.0 5.0 8.75 -3.7857000000000003
300.0 0.0 -10.0 10.0 10000000349.1875
300.0 2.5 -10.0 10.0 9999999975.717402
300.0 5.0 -10.0 10.0 8333155642.671101
300.0 7.5 -10.0 10.0 9999999914.9796
300.0 10.0 -10.0 10.0 10015.2157
300.0 2.5 -7.5 10.0 2952600688.5909
300.0 5.0 -7.5 10.0 212314988.6841
300.0 -5.0 -5.0 10.0 10000000061.038502
300.0 0.0 -5.0 10.0 10000000430.841301
300.0 2.5 -5.0 10.0 1526563548.1704001
300.0 5.0 -5.0 10.0 1555898.6687
300.0 -5.0 -2.5 10.0 2021159574.1459
300.0 -2.5 -2.5 10.0 56983442.989199996
300.0 0.0 -2.5 10.0 1927957.0312
300.0 2.5 -2.5 10.0 213.1669
300.0 -5.0 0.0 10.0 9999999822.544802
300.0 -2.5 0.0 10.0 278833992.7712
300.0 0.0 0.0 10.0 169.884
300.0 2.5 0.0 10.0 30.016000000000002
300.0 0.0 2.5 10.0 -6.1097
300.0 0.0 5.0 10.0 -9.044500000000001
300.0 2.5 5.0 10.0 -0.9630000000000001
300.0 0.0 -10.0 11.25 10000000063.811602
300.0 2.5 -10.0 11.25 9999999955.6728
300.0 5.0 -10.0 11.25 1922751601.7754002
300.0 7.5 -10.0 11.25 1239212.9315
300.0 10.0 -10.0 11.25 118.09300000000002
300.0 -2.5 -7.5 11.25 9999999960.5937
300.0 0.0 -7.5 11.25 9630406494.5551
300.0 2.5 -7.5 11.25 888209283.1942999
300.0 5.0 -7.5 11.25 10000000451.3201
300.0 7.5 -7.5 11.25 2348.9265
300.0 -5.0 -5.0 11.25 9999999774.609901
300.0 -2.5 -5.0 11.25 10000000104.061401
300.0 0.0 -5.0 11.25 9561850069.1966
300.0 2.5 -5.0 11.25 107838.2507
300.0 5.0 -5.0 11.25 3875101.7720000003
300.0 -5.0 -2.5 11.25 10000000008.009201
300.0 -2.5 -2.5 11.25 1841950.3678000001
300.0 0.0 -2.5 11.25 151433.0365
300.0 2.5 -2.5 11.25 69.374
300.0 -5.0 0.0 11.25 74017498.72880001
300.0 -2.5 0.0 11.25 415498.5424
300.0 0.0 0.0 11.25 10.4558
300.0 2.5 0.0 11.25 29.3423
300.0 -5.0 2.5 11.25 47458567.5229
300.0 -2.5 2.5 11.25 2889.915
300.0 0.0 2.5 11.25 -10.2908
300.0 2.5 2.5 11.25 6.0842
300.0 5.0 2.5 11.25 6.0412
300.0 0.0 5.0 11.25 -11.5801
300.0 2.5 5.0 11.25 -1.5106
300.0 5.0 5.0 11.25 0.3503
300.0 7.5 5.0 11.25 -0.008
300.0 -2.5 -10.0 12.5 10000000324.1334
300.0 0.0 -10.0 12.5 416819392.56350005
300.0 2.5 -10.0 12.5 208715198.5142
300.0 5.0 -10.0 12.5 511609655.20390004
300.0 7.5 -10.0 12.5 194261.22960000002
300.0 10.0 -10.0 12.5 -50.6155
300.0 -2.5 -7.5 12.5 10000000084.6685
300.0 0.0 -7.5 12.5 10000000224.141
300.0 2.5 -7.5 12.5 9999999994.0414
300.0 5.0 -7.5 12.5 3851320.8156999997
300.0 7.5 -7.5 12.5 -9.998500000000002
300.0 -5.0 -5.0 12.5 458626436.1284
300.0 -2.5 -5.0 12.5 48644452.9114
300.0 0.0 -5.0 12.5 10000000341.6264
300.0 2.5 -5.0 12.5 1009.5304
300.0 5.0 -5.0 12.5 120.3228
300.0 -5.0 -2.5 12.5 10968147.7552
300.0 -2.5 -2.5 12.5 2495994.8753
300.0 0.0 -2.5 12.5 70761.916
300.0 2.5 -2.5 12.5 70.6571
300.0 5.0 -2.5 12.5 42.167500000000004
300.0 -5.0 0.0 12.5 615179.0755
300.0 -2.5 0.0 12.5 1404.0129
300.0 0.0 0.0 12.5 6.0462
300.0 2.5 0.0 12.5 27.9787
300.0 5.0 0.0 12.5 21.7927
300.0 7.5 0.0 12.5 8.4583
300.0 -5.0 2.5 12.5 310085.1111
300.0 -2.5 2.5 12.5 25.9048
300.0 0.0 2.5 12.5 -12.0294
300.0 2.5 2.5 12.5 4.7675
300.0 5.0 2.5 12.5 5.431900000000001
300.0 7.5 2.5 12.5 1.1734
300.0 -5.0 5.0 12.5 164.9153
300.0 -2.5 5.0 12.5 -30.0624
300.0 0.0 5.0 12.5 -11.7688
300.0 2.5 5.0 12.5 -1.8403
300.0 5.0 5.0 12.5 0.4343
300.0 7.5 5.0 12.5 0.1272
300.0 -2.5 -10.0 13.75 10000000099.401402
300.0 0.0 -10.0 13.75 6702765447.1392
300.0 2.5 -10.0 13.75 1736786402.9311001
300.0 5.0 -10.0 13.75 9078546012.6553
300.0 7.5 -10.0 13.75 2561.1884
300.0 10.0 -10.0 13.75 -41.9976
300.0 -5.0 -7.5 13.75 10000000289.0758
300.0 -2.5 -7.5 13.75 780319367.8919001
300.0 0.0 -7.5 13.75 7738906.0086
300.0 2.5 -7.5 13.75 43884843.7654
300.0 5.0 -7.5 13.75 2927.0694000000003
300.0 7.5 -7.5 13.75 -15.8673
300.0 -5.0 -5.0 13.75 5853489873.5669
300.0 -2.5 -5.0 13.75 161458459.36389998
300.0 0.0 -5.0 13.75 13970342.0783
300.0 2.5 -5.0 13.75 257.3842
300.0 5.0 -5.0 13.75 57.333600000000004
300.0 -5.0 -2.5 13.75 34742301.3509
300.0 -2.5 -2.5 13.75 343043.3259
300.0 0.0 -2.5 13.75 2628.4581000000003
300.0 2.5 -2.5 13.75 67.02799999999999
300.0 5.0 -2.5 13.75 40.531099999999995
300.0 7.5 -2.5 13.75 15.4986
300.0 -5.0 0.0 13.75 2732.4798
300.0 -2.5 0.0 13.75 881.1485
300.0 0.0 0.0 13.75 6.9835
300.0 2.5 0.0 13.75 25.1306
300.0 5.0 0.0 13.75 19.793799999999997
300.0 7.5 0.0 13.75 7.8604
300.0 -5.0 2.5 13.75 209.2803
300.0 -2.5 2.5 13.75 -43.481
300.0 0.0 2.5 13.75 -11.4305
300.0 2.5 2.5 13.75 3.9582
300.0 5.0 2.5 13.75 4.6302
300.0 7.5 2.5 13.75 0.9543
300.0 10.0 2.5 13.75 -0.4236
300.0 -5.0 5.0 13.75 -35.6759
300.0 -2.5 5.0 13.75 -26.4371
300.0 0.0 5.0 13.75 -10.8519
300.0 2.5 5.0 13.75 -1.8631
300.0 5.0 5.0 13.75 0.27
300.0 7.5 5.0 13.75 0.0577
300.0 10.0 5.0 13.75 -0.0037
300.0 -2.5 -10.0 15.0 1339163938.0079
300.0 0.0 -10.0 15.0 10000000058.283901
300.0 2.5 -10.0 15.0 40636.8465
300.0 5.0 -10.0 15.0 97121.7166
300.0 7.5 -10.0 15.0 -45.7021
300.0 10.0 -10.0 15.0 -31.435599999999997
300.0 -5.0 -7.5 15.0 2067951001.6747
300.0 -2.5 -7.5 15.0 38803557.6312
300.0 0.0 -7.5 15.0 38985.232099999994
300.0 2.5 -7.5 15.0 5566.273800000001
300.0 5.0 -7.5 15.0 93.4406
300.0 7.5 -7.5 15.0 -9.8818
300.0 10.0 -7.5 15.0 -14.5936
300.0 -5.0 -5.0 15.0 10000000090.899302
300.0 -2.5 -5.0 15.0 4655575799.2448
300.0 0.0 -5.0 15.0 1558848.3965
300.0 2.5 -5.0 15.0 122.5624
300.0 5.0 -5.0 15.0 50.4775
300.0 7.5 -5.0 15.0 11.421
300.0 -5.0 -2.5 15.0 1161265429.0375
300.0 -2.5 -2.5 15.0 923985.6647
300.0 0.0 -2.5 15.0 114.5344
300.0 2.5 -2.5 15.0 57.5418
300.0 5.0 -2.5 15.0 35.958
300.0 7.5 -2.5 15.0 14.1578
300.0 10.0 -2.5 15.0 2.6344
300.0 -5.0 0.0 15.0 395.8544
300.0 -2.5 0.0 15.0 -3.619299999999999
300.0 0.0 0.0 15.0 7.3568999999999996
300.0 2.5 0.0 15.0 21.8953
300.0 5.0 0.0 15.0 17.3336
300.0 7.5 0.0 15.0 7.1009
300.0 10.0 0.0 15.0 0.2627
300.0 -5.0 2.5 15.0 -54.4253
300.0 -2.5 2.5 15.0 -34.805
300.0 0.0 2.5 15.0 -9.246599999999999
300.0 2.5 2.5 15.0 3.4449
300.0 5.0 2.5 15.0 4.1027
300.0 7.5 2.5 15.0 0.6593
300.0 10.0 2.5 15.0 -0.2488
300.0 -5.0 5.0 15.0 -28.3661
300.0 -2.5 5.0 15.0 -20.7351
300.0 0.0 5.0 15.0 -8.8651
300.0 2.5 5.0 15.0 -1.2835999999999999
300.0 5.0 5.0 15.0 -0.1136
300.0 7.5 5.0 15.0 0.0379
300.0 10.0 5.0 15.0 0.0
300.0 -5.0 -10.0 16.25 49645899.0432
300.0 -2.5 -10.0 16.25 721033203.8337
300.0 0.0 -10.0 16.25 10000000057.324501
300.0 2.5 -10.0 16.25 230.21779999999998
300.0 5.0 -10.0 16.25 -29.7684
300.0 7.5 -10.0 16.25 -30.512700000000002
300.0 10.0 -10.0 16.25 -22.0717
300.0 -5.0 -7.5 16.25 515526.20769999997
300.0 -2.5 -7.5 16.25 666467206.7689999
300.0 0.0 -7.5 16.25 257.9364
300.0 2.5 -7.5 16.25 111.2131
300.0 5.0 -7.5 16.25 16.7893
300.0 7.5 -7.5 16.25 -4.7615
300.0 10.0 -7.5 16.25 -10.0731
300.0 -5.0 -5.0 16.25 11152977.8757
300.0 -2.5 -5.0 16.25 10490999.8175
300.0 0.0 -5.0 16.25 126.74530000000001
300.0 2.5 -5.0 16.25 78.36070000000001
300.0 5.0 -5.0 16.25 38.939299999999996
300.0 7.5 -5.0 16.25 10.741800000000001
300.0 10.0 -5.0 16.25 -0.03879999999999999
300.0 -5.0 -2.5 16.25 2323747.7282000002
300.0 -2.5 -2.5 16.25 1753.3223
300.0 0.0 -2.5 16.25 44.2002
300.0 2.5 -2.5 16.25 45.7442
300.0 5.0 -2.5 16.25 29.5763
300.0 7.5 -2.5 16.25 12.339599999999999
300.0 10.0 -2.5 16.25 2.4025
300.0 -5.0 0.0 16.25 -8.657700000000006
300.0 -2.5 0.0 16.25 -19.094
300.0 0.0 0.0 16.25 6.557
300.0 2.5 0.0 16.25 18.202399999999997
300.0 5.0 0.0 16.25 14.064
300.0 7.5 0.0 16.25 5.2953
300.0 10.0 0.0 16.25 0.13040000000000002
300.0 -5.0 2.5 16.25 -38.6008
300.0 -2.5 2.5 16.25 -26.105400000000003
300.0 0.0 2.5 16.25 -6.9211
300.0 2.5 2.5 16.25 3.0898999999999996
300.0 5.0 2.5 16.25 2.9928000000000003
300.0 7.5 2.5 16.25 0.4783
300.0 10.0 2.5 16.25 -0.0844
300.0 -5.0 5.0 16.25 -21.1587
300.0 -2.5 5.0 16.25 -15.431799999999999
300.0 0.0 5.0 16.25 -6.4087000000000005
300.0 2.5 5.0 16.25 -1.1039
300.0 5.0 5.0 16.25 -0.0264
300.0 7.5 5.0 16.25 0.0181
300.0 10.0 5.0 16.25 0.0
