0.0 -2.5 -7.5 10.0 9999999872.0823
0.0 -2.5 -5.0 10.0 321820791.1351
0.0 -2.5 -2.5 10.0 9154773.4543
0.0 0.0 0.0 10.0 161.5263
0.0 -2.5 2.5 10.0 238997675.0635
0.0 -5.0 5.0 10.0 40464376.4717
0.0 -2.5 -7.5 11.25 2430722331.2906
0.0 0.0 -7.5 11.25 308618.7107
0.0 -5.0 -5.0 11.25 9999999920.187101
0.0 -2.5 -5.0 11.25 8492722923.0908
0.0 0.0 -5.0 11.25 15183.9844
0.0 -2.5 -2.5 11.25 25562.732799999998
0.0 2.5 -2.5 11.25 13.599699999999999
0.0 5.0 -2.5 11.25 14.321
0.0 -2.5 0.0 11.25 579139.5891999999
0.0 0.0 0.0 11.25 29.4902
0.0 -5.0 2.5 11.25 2294935.785
0.0 -2.5 2.5 11.25 260927453.8805
0.0 0.0 2.5 11.25 52.3919
0.0 -5.0 5.0 11.25 7537.1765000000005
0.0 -2.5 5.0 11.25 89.8383
0.0 0.0 -10.0 12.5 16376296.9102
0.0 2.5 -10.0 12.5 2634981.7654
0.0 -2.5 -7.5 12.5 10000000010.1562
0.0 0.0 -7.5 12.5 678.4181000000001
0.0 -5.0 -5.0 12.5 10000000046.567902
0.0 -2.5 -5.0 12.5 1004594909.0058
0.0 0.0 -5.0 12.5 12502.9719
0.0 2.5 -5.0 12.5 7.8047
0.0 -2.5 -2.5 12.5 63411091.028
0.0 0.0 -2.5 12.5 20.578799999999998
0.0 2.5 -2.5 12.5 11.104199999999999
0.0 5.0 -2.5 12.5 8.9758
0.0 -2.5 0.0 12.5 12886.5519
0.0 0.0 0.0 12.5 25.239900000000002
0.0 -5.0 2.5 12.5 6885.1713
0.0 -2.5 2.5 12.5 578.0326
0.0 0.0 2.5 12.5 30.402299999999997
0.0 -5.0 5.0 12.5 88.9118
0.0 -2.5 5.0 12.5 48.609300000000005
0.0 0.0 5.0 12.5 32.0283
0.0 0.0 -10.0 13.75 1041441.4428000001
0.0 2.5 -10.0 13.75 836030.5582000001
0.0 -5.0 -7.5 13.75 3517337334.5913
0.0 -2.5 -7.5 13.75 1268624.4270000001
0.0 0.0 -7.5 13.75 98.9445
0.0 5.0 -7.5 13.75 5.7447
0.0 -5.0 -5.0 13.75 830765808.3871001
0.0 -2.5 -5.0 13.75 9999999609.2451
0.0 0.0 -5.0 13.75 372.39
0.0 2.5 -5.0 13.75 5.6442
0.0 -5.0 -2.5 13.75 9999999998.7611
0.0 -2.5 -2.5 13.75 43598485.9613
0.0 0.0 -2.5 13.75 17.1207
0.0 2.5 -2.5 13.75 8.487200000000001
0.0 5.0 -2.5 13.75 5.9569
0.0 7.5 -2.5 13.75 4.1052
0.0 -5.0 0.0 13.75 1502501.4504
0.0 -2.5 0.0 13.75 47.162
0.0 0.0 0.0 13.75 21.293
0.0 2.5 0.0 13.75 10.6961
0.0 10.0 0.0 13.75 1.2964
0.0 -5.0 2.5 13.75 55.722
0.0 -2.5 2.5 13.75 33.5861
0.0 0.0 2.5 13.75 22.443900000000003
0.0 -5.0 5.0 13.75 42.715900000000005
0.0 -2.5 5.0 13.75 33.387699999999995
0.0 0.0 5.0 13.75 20.7254
0.0 -5.0 -10.0 15.0 381056900.34489995
0.0 -2.5 -10.0 15.0 4337569.6162
0.0 0.0 -10.0 15.0 7297.892699999999
0.0 2.5 -10.0 15.0 101.37819999999999
0.0 5.0 -10.0 15.0 1.4520000000000004
0.0 7.5 -10.0 15.0 4.5665
0.0 10.0 -10.0 15.0 3.7461
0.0 -5.0 -7.5 15.0 373336602.2569
0.0 -2.5 -7.5 15.0 1506358583.0228
0.0 0.0 -7.5 15.0 -2.0765000000000002
0.0 2.5 -7.5 15.0 -2.3598
0.0 5.0 -7.5 15.0 3.5459
0.0 10.0 -7.5 15.0 3.4101000000000004
0.0 -5.0 -5.0 15.0 10000000055.2408
0.0 -2.5 -5.0 15.0 1243001.3985
0.0 0.0 -5.0 15.0 135.4583
0.0 2.5 -5.0 15.0 3.4072
0.0 5.0 -5.0 15.0 3.8141
0.0 7.5 -5.0 15.0 3.6916
0.0 -5.0 -2.5 15.0 76295969.59629999
0.0 -2.5 -2.5 15.0 2544110.2484
0.0 0.0 -2.5 15.0 13.2975
0.0 2.5 -2.5 15.0 5.7581999999999995
0.0 5.0 -2.5 15.0 3.7848
0.0 7.5 -2.5 15.0 2.423
0.0 10.0 -2.5 15.0 1.4373
0.0 -5.0 0.0 15.0 13773.9582
0.0 -2.5 0.0 15.0 40.2602
0.0 0.0 0.0 15.0 16.4767
0.0 2.5 0.0 15.0 6.9565
0.0 5.0 0.0 15.0 3.7121
0.0 7.5 0.0 15.0 1.2369999999999999
0.0 10.0 0.0 15.0 0.8151
0.0 -5.0 2.5 15.0 37.8117
0.0 -2.5 2.5 15.0 27.4574
0.0 0.0 2.5 15.0 15.628799999999998
0.0 2.5 2.5 15.0 7.4
0.0 5.0 2.5 15.0 2.7011000000000003
0.0 7.5 2.5 15.0 0.4607
0.0 -5.0 5.0 15.0 31.8816
0.0 -2.5 5.0 15.0 23.305
0.0 0.0 5.0 15.0 13.9842
0.0 2.5 5.0 15.0 6.0421000000000005
0.0 10.0 5.0 15.0 0.0065
0.0 -5.0 -10.0 16.25 9999999892.005701
0.0 -2.5 -10.0 16.25 5032.8502
0.0 0.0 -10.0 16.25 163.06990000000002
0.0 2.5 -10.0 16.25 -9.0072
0.0 5.0 -10.0 16.25 1.332
0.0 7.5 -10.0 16.25 3.5525
0.0 10.0 -10.0 16.25 2.9713
0.0 -5.0 -7.5 16.25 162215339.0641
0.0 -2.5 -7.5 16.25 7171647.1894
0.0 0.0 -7.5 16.25 -7.8919
0.0 2.5 -7.5 16.25 -2.5713999999999997
0.0 5.0 -7.5 16.25 2.3225000000000002
0.0 7.5 -7.5 16.25 3.2382
0.0 10.0 -7.5 16.25 2.4766999999999997
0.0 -5.0 -5.0 16.25 127017.3871
0.0 -2.5 -5.0 16.25 225340.1085
0.0 0.0 -5.0 16.25 5.1526
0.0 2.5 -5.0 16.25 2.6388000000000003
0.0 5.0 -5.0 16.25 2.5739
0.0 7.5 -5.0 16.25 2.4949
0.0 10.0 -5.0 16.25 1.5527
0.0 -5.0 -2.5 16.25 288282.7277
0.0 -2.5 -2.5 16.25 631.8704
0.0 0.0 -2.5 16.25 10.0224
0.0 2.5 -2.5 16.25 4.5171
0.0 5.0 -2.5 16.25 2.6755
0.0 7.5 -2.5 16.25 1.3902999999999999
0.0 10.0 -2.5 16.25 0.8985
0.0 -5.0 0.0 16.25 54.6186
0.0 -2.5 0.0 16.25 24.2965
0.0 0.0 0.0 16.25 12.6049
0.0 2.5 0.0 16.25 5.402299999999999
0.0 5.0 0.0 16.25 2.3192
0.0 7.5 0.0 16.25 0.5861
0.0 10.0 0.0 16.25 0.4055
0.0 -5.0 2.5 16.25 26.9623
0.0 -2.5 2.5 16.25 21.267500000000002
0.0 0.0 2.5 16.25 11.4523
0.0 2.5 2.5 16.25 5.4906999999999995
0.0 5.0 2.5 16.25 1.8483999999999998
0.0 7.5 2.5 16.25 0.2534
0.0 10.0 2.5 16.25 0.0174
0.0 -5.0 5.0 16.25 23.0841
0.0 -2.5 5.0 16.25 16.713900000000002
0.0 0.0 5.0 16.25 10.0436
0.0 2.5 5.0 16.25 4.27
0.0 5.0 5.0 16.25 1.3345
0.0 7.5 5.0 16.25 0.2672
0.0 10.0 5.0 16.25 0.0
60.0 -5.0 -10.0 3.75 9999999866.2579
60.0 -2.5 -10.0 3.75 10000000222.934101
60.0 0.0 -10.0 3.75 9999999616.720001
60.0 2.5 -10.0 3.75 9999999707.755901
60.0 5.0 -10.0 3.75 2632414859.9106
60.0 7.5 -10.0 3.75 3883.4925
60.0 10.0 -10.0 3.75 -51.9273
60.0 -5.0 -7.5 3.75 9999999823.682701
60.0 -2.5 -7.5 3.75 9999999753.582602
60.0 0.0 -7.5 3.75 9999999762.2803
60.0 2.5 -7.5 3.75 10000000231.707602
60.0 5.0 -7.5 3.75 47886090.378800005
60.0 7.5 -7.5 3.75 12.952200000000005
60.0 10.0 -7.5 3.75 -44.428000000000004
60.0 -5.0 -5.0 3.75 9999999425.4367
60.0 -2.5 -5.0 3.75 10000000210.597801
60.0 0.0 -5.0 3.75 1783255994.4105
60.0 2.5 -5.0 3.75 9999999801.765202
60.0 5.0 -5.0 3.75 919341275.2199
60.0 7.5 -5.0 3.75 39695.5554
60.0 10.0 -5.0 3.75 -26.6648
60.0 -5.0 -2.5 3.75 9999999919.0804
60.0 -2.5 -2.5 3.75 10000000252.3901
60.0 0.0 -2.5 3.75 10000000083.987501
60.0 2.5 -2.5 3.75 10000000041.531101
60.0 5.0 -2.5 3.75 2530144017.9004
60.0 7.5 -2.5 3.75 43.4092
60.0 10.0 -2.5 3.75 15.5584
60.0 -5.0 0.0 3.75 9999999972.7187
60.0 -2.5 0.0 3.75 9999999885.5174
60.0 0.0 0.0 3.75 9999999941.2684
60.0 2.5 0.0 3.75 9999999913.580801
60.0 5.0 0.0 3.75 209194344.5756
60.0 7.5 0.0 3.75 100.3895
60.0 10.0 0.0 3.75 55.4033
60.0 -5.0 2.5 3.75 9999999919.140001
60.0 -2.5 2.5 3.75 9999999704.0263
60.0 0.0 2.5 3.75 764151475.3728
60.0 2.5 2.5 3.75 163528145.1033
60.0 5.0 2.5 3.75 157368886.7578
60.0 7.5 2.5 3.75 749.7223
60.0 10.0 2.5 3.75 63.36480000000001
60.0 -5.0 5.0 3.75 10000000244.4951
60.0 -2.5 5.0 3.75 10000000087.5891
60.0 0.0 5.0 3.75 2795441548.0255003
60.0 2.5 5.0 3.75 601.0225
60.0 5.0 5.0 3.75 150.1855
60.0 7.5 5.0 3.75 84.8743
60.0 10.0 5.0 3.75 46.4498
60.0 2.5 5.0 10.0 70.8403
60.0 2.5 -10.0 11.25 9999999799.021101
60.0 7.5 -10.0 11.25 4352521.7242
60.0 5.0 -7.5 11.25 768202077.9892
60.0 -2.5 2.5 11.25 102493525.84
60.0 0.0 2.5 11.25 1866.9147
60.0 2.5 2.5 11.25 96.27199999999999
60.0 5.0 2.5 11.25 41.756
60.0 7.5 2.5 11.25 25.481
60.0 -2.5 5.0 11.25 9496.115300000001
60.0 0.0 5.0 11.25 69.6385
60.0 2.5 5.0 11.25 51.8399
60.0 5.0 5.0 11.25 35.686800000000005
60.0 0.0 -10.0 12.5 9999999971.646
60.0 2.5 -10.0 12.5 458585277.1667
60.0 5.0 -10.0 12.5 9999999720.418201
60.0 7.5 -10.0 12.5 1420.7994
60.0 0.0 -5.0 12.5 9999999851.1278
60.0 0.0 2.5 12.5 13128.6
60.0 2.5 2.5 12.5 50.929
60.0 5.0 2.5 12.5 33.2302
60.0 7.5 2.5 12.5 17.9414
60.0 10.0 2.5 12.5 7.6072999999999995
60.0 0.0 5.0 12.5 45.9122
60.0 2.5 5.0 12.5 39.670700000000004
60.0 5.0 5.0 12.5 26.5776
60.0 7.5 5.0 12.5 13.790799999999999
60.0 10.0 5.0 12.5 5.342
60.0 0.0 -10.0 13.75 1778096009.0759
60.0 2.5 -10.0 13.75 173010730.9665
60.0 5.0 -10.0 13.75 1240326.5695
60.0 7.5 -10.0 13.75 53945.7921
60.0 10.0 -10.0 13.75 -5.2600999999999996
60.0 -5.0 -7.5 13.75 9999999927.5487
60.0 2.5 -7.5 13.75 54766189.1735
60.0 5.0 -7.5 13.75 1231438.5912000001
60.0 7.5 -7.5 13.75 445.8433
60.0 10.0 -7.5 13.75 -1.6456
60.0 -2.5 -5.0 13.75 9999999936.954102
60.0 0.0 -5.0 13.75 62087.5904
60.0 5.0 -5.0 13.75 -9.7409
60.0 10.0 -5.0 13.75 0.5864
60.0 -5.0 -2.5 13.75 970596227.6736
60.0 -2.5 -2.5 13.75 9999999972.5112
60.0 0.0 -2.5 13.75 542035.2088
60.0 0.0 0.0 13.75 9999999992.52
60.0 2.5 0.0 13.75 37.4947
60.0 -2.5 2.5 13.75 527346350.89669997
60.0 0.0 2.5 13.75 837.1879
60.0 2.5 2.5 13.75 36.7458
60.0 5.0 2.5 13.75 24.2895
60.0 7.5 2.5 13.75 12.18
60.0 10.0 2.5 13.75 4.7441
60.0 0.0 5.0 13.75 36.6377
60.0 2.5 5.0 13.75 29.7627
60.0 5.0 5.0 13.75 18.738200000000003
60.0 7.5 5.0 13.75 9.0601
60.0 10.0 5.0 13.75 3.1872
60.0 -5.0 -10.0 15.0 10000000139.071701
60.0 -2.5 -10.0 15.0 1244565799.6894999
60.0 0.0 -10.0 15.0 30229251.827
60.0 2.5 -10.0 15.0 1137490558.4559
60.0 5.0 -10.0 15.0 1287.7095000000002
60.0 7.5 -10.0 15.0 48.6641
60.0 10.0 -10.0 15.0 -2.2738
60.0 -5.0 -7.5 15.0 9999999887.9178
60.0 -2.5 -7.5 15.0 502226869.7673
60.0 0.0 -7.5 15.0 16316703.910400001
60.0 2.5 -7.5 15.0 3512215485.2963996
60.0 5.0 -7.5 15.0 148.06220000000002
60.0 7.5 -7.5 15.0 -6.0649999999999995
60.0 10.0 -7.5 15.0 -0.9272
60.0 -5.0 -5.0 15.0 9999999967.9915
60.0 -2.5 -5.0 15.0 9999999785.566
60.0 0.0 -5.0 15.0 238518.8914
60.0 2.5 -5.0 15.0 62.80349999999999
60.0 5.0 -5.0 15.0 -16.5279
60.0 7.5 -5.0 15.0 -5.8007
60.0 10.0 -5.0 15.0 1.1634
60.0 -5.0 -2.5 15.0 10000000054.215601
60.0 -2.5 -2.5 15.0 9999999896.965601
60.0 0.0 -2.5 15.0 4270.712200000001
60.0 2.5 -2.5 15.0 25.8455
60.0 10.0 -2.5 15.0 3.0787999999999998
60.0 -2.5 0.0 15.0 9999999857.9874
60.0 0.0 0.0 15.0 865409.6624
60.0 2.5 0.0 15.0 17.985100000000003
60.0 7.5 0.0 15.0 7.7517
60.0 -5.0 2.5 15.0 107122447.4706
60.0 -2.5 2.5 15.0 35941.8917
60.0 0.0 2.5 15.0 119.3786
60.0 2.5 2.5 15.0 26.6784
60.0 5.0 2.5 15.0 17.0929
60.0 7.5 2.5 15.0 7.938599999999999
60.0 10.0 2.5 15.0 3.0374
60.0 -2.5 5.0 15.0 67.6899
60.0 0.0 5.0 15.0 28.6735
60.0 2.5 5.0 15.0 21.5214
60.0 5.0 5.0 15.0 12.6291
60.0 7.5 5.0 15.0 5.7637
60.0 10.0 5.0 15.0 2.1688
60.0 -5.0 -10.0 16.25 9999999991.287401
60.0 -2.5 -10.0 16.25 614157763.8318
60.0 0.0 -10.0 16.25 9999999976.864302
60.0 2.5 -10.0 16.25 744714.2367
60.0 5.0 -10.0 16.25 -11.9956
60.0 7.5 -10.0 16.25 -4.8405000000000005
60.0 10.0 -10.0 16.25 -1.7717
60.0 -5.0 -7.5 16.25 864256685.9466
60.0 -2.5 -7.5 16.25 56772972.2515
60.0 0.0 -7.5 16.25 2592044.5657
60.0 2.5 -7.5 16.25 2640.7248
60.0 5.0 -7.5 16.25 -19.5474
60.0 7.5 -7.5 16.25 -5.6192
60.0 10.0 -7.5 16.25 -0.7022
60.0 -5.0 -5.0 16.25 5762689398.8203
60.0 -2.5 -5.0 16.25 8761687.3971
60.0 0.0 -5.0 16.25 356.20050000000003
60.0 2.5 -5.0 16.25 -11.2891
60.0 5.0 -5.0 16.25 -11.328800000000001
60.0 7.5 -5.0 16.25 -4.3324
60.0 10.0 -5.0 16.25 1.5131000000000001
60.0 -5.0 -2.5 16.25 6392728.2906
60.0 -2.5 -2.5 16.25 18819.3234
60.0 0.0 -2.5 16.25 33.4319
60.0 2.5 -2.5 16.25 -8.2609
60.0 5.0 -2.5 16.25 -1.1231
60.0 7.5 -2.5 16.25 1.3466
60.0 10.0 -2.5 16.25 2.2739000000000003
60.0 -5.0 0.0 16.25 49353815.1497
60.0 -2.5 0.0 16.25 173994.5018
60.0 0.0 0.0 16.25 165013.7306
60.0 2.5 0.0 16.25 10.799100000000001
60.0 5.0 0.0 16.25 8.3294
60.0 7.5 0.0 16.25 5.0386
60.0 10.0 0.0 16.25 2.2062000000000004
60.0 -5.0 2.5 16.25 15258.0182
60.0 -2.5 2.5 16.25 64.0878
60.0 0.0 2.5 16.25 25.5897
60.0 2.5 2.5 16.25 19.0686
60.0 5.0 2.5 16.25 11.047699999999999
60.0 7.5 2.5 16.25 5.0688
60.0 10.0 2.5 16.25 2.1997999999999998
60.0 -5.0 5.0 16.25 28.0351
60.0 -2.5 5.0 16.25 26.207600000000003
60.0 0.0 5.0 16.25 21.9806
60.0 2.5 5.0 16.25 15.2486
60.0 5.0 5.0 16.25 8.637
60.0 7.5 5.0 16.25 3.8437
60.0 10.0 5.0 16.25 1.4549999999999998
120.0 -5.0 -10.0 3.75 10000000098.517
120.0 -2.5 -10.0 3.75 9999999965.6718
120.0 0.0 -10.0 3.75 10000000083.525301
120.0 2.5 -10.0 3.75 9999999904.807201
120.0 5.0 -10.0 3.75 10000000024.9955
120.0 7.5 -10.0 3.75 9999999891.339401
120.0 10.0 -10.0 3.75 532502459.32280004
120.0 -5.0 -7.5 3.75 9999999877.5555
120.0 -2.5 -7.5 3.75 10000000412.3397
120.0 0.0 -7.5 3.75 10000000350.5093
120.0 2.5 -7.5 3.75 10000000159.901701
120.0 5.0 -7.5 3.75 203882907.1444
120.0 7.5 -7.5 3.75 10000000040.771502
120.0 10.0 -7.5 3.75 4945089.482100001
120.0 -5.0 -5.0 3.75 10000000093.3187
120.0 -2.5 -5.0 3.75 9999999928.545
120.0 0.0 -5.0 3.75 10000000368.217001
120.0 2.5 -5.0 3.75 119622860.2905
120.0 5.0 -5.0 3.75 68338461.2619
120.0 7.5 -5.0 3.75 9999999959.6219
120.0 10.0 -5.0 3.75 43.108999999999995
120.0 -5.0 -2.5 3.75 10000000164.267801
120.0 -2.5 -2.5 3.75 10000000210.9188
120.0 0.0 -2.5 3.75 9999999898.6247
120.0 2.5 -2.5 3.75 10000000050.636002
120.0 5.0 -2.5 3.75 9999999917.6544
120.0 7.5 -2.5 3.75 16691430.445
120.0 10.0 -2.5 3.75 24559.0249
120.0 -5.0 0.0 3.75 10000000060.072
120.0 -2.5 0.0 3.75 10000000073.4095
120.0 0.0 0.0 3.75 9999999960.7541
120.0 2.5 0.0 3.75 250066499.6026
120.0 5.0 0.0 3.75 32371049.6128
120.0 7.5 0.0 3.75 745065.4126
120.0 10.0 0.0 3.75 230.67770000000002
120.0 -5.0 2.5 3.75 9999999977.6224
120.0 -2.5 2.5 3.75 10000000335.9193
120.0 0.0 2.5 3.75 9999999675.4694
120.0 2.5 2.5 3.75 102581212.24069999
120.0 5.0 2.5 3.75 8618.2065
120.0 7.5 2.5 3.75 1443.3109000000002
120.0 10.0 2.5 3.75 -65.3345
120.0 -5.0 5.0 3.75 9999999910.6011
120.0 -2.5 5.0 3.75 661020275.6143999
120.0 0.0 5.0 3.75 9999999930.322401
120.0 2.5 5.0 3.75 263102000.5848
120.0 5.0 5.0 3.75 775.2154
120.0 7.5 5.0 3.75 -6.373800000000003
120.0 10.0 5.0 3.75 -48.0791
120.0 2.5 2.5 7.5 632752214.8683
120.0 2.5 5.0 7.5 9999999973.3721
120.0 2.5 -2.5 8.75 3313085420.1867
120.0 0.0 2.5 8.75 5902645757.4673
120.0 2.5 2.5 8.75 46443570.6591
120.0 2.5 5.0 8.75 7899516.911499999
120.0 2.5 -2.5 10.0 109173569.5448
120.0 0.0 0.0 10.0 10000000153.008202
120.0 2.5 0.0 10.0 654532.0617000001
120.0 5.0 0.0 10.0 16010.7767
120.0 0.0 2.5 10.0 12480337.755099999
120.0 2.5 2.5 10.0 9999999886.5429
120.0 5.0 2.5 10.0 -18.342600000000004
120.0 0.0 5.0 10.0 10000000109.178001
120.0 2.5 5.0 10.0 23631.445
120.0 2.5 -5.0 11.25 10000000175.3411
120.0 5.0 -5.0 11.25 220132537.2607
120.0 2.5 -2.5 11.25 488143751.6602
120.0 5.0 -2.5 11.25 5012.068
120.0 7.5 -2.5 11.25 3629.8671
120.0 0.0 0.0 11.25 10000000331.090101
120.0 2.5 0.0 11.25 968733352.3967
120.0 5.0 0.0 11.25 228.551
120.0 7.5 0.0 11.25 -29.1952
120.0 0.0 2.5 11.25 1327964696.8409
120.0 2.5 2.5 11.25 26930590.0653
120.0 5.0 2.5 11.25 -72.0009
120.0 0.0 5.0 11.25 480980161.2772
120.0 2.5 5.0 11.25 2168231332.0650997
120.0 2.5 -10.0 12.5 10000000049.9011
120.0 2.5 -5.0 12.5 3113531523.7038
120.0 5.0 -5.0 12.5 20963957.472099997
120.0 -2.5 -2.5 12.5 9999999954.552301
120.0 0.0 -2.5 12.5 10000000041.8321
120.0 2.5 -2.5 12.5 94755045.3884
120.0 5.0 -2.5 12.5 938.2427
120.0 7.5 -2.5 12.5 -15.263
120.0 0.0 0.0 12.5 9999999853.2908
120.0 2.5 0.0 12.5 6991936.0953
120.0 5.0 0.0 12.5 -42.0223
120.0 7.5 0.0 12.5 -21.0717
120.0 0.0 2.5 12.5 9999999886.945501
120.0 2.5 2.5 12.5 255122.742
120.0 5.0 2.5 12.5 -54.75
120.0 7.5 2.5 12.5 -24.2273
120.0 0.0 5.0 12.5 94751.7727
120.0 2.5 5.0 12.5 5590.0297
120.0 5.0 5.0 12.5 -43.043000000000006
120.0 -2.5 -10.0 13.75 10000000166.7747
120.0 0.0 -10.0 13.75 10000000132.013102
120.0 5.0 -10.0 13.75 390086848.49130005
120.0 10.0 -10.0 13.75 107.05829999999999
120.0 2.5 -7.5 13.75 10000000096.7047
120.0 5.0 -7.5 13.75 59686866.5618
120.0 7.5 -7.5 13.75 106743.6095
120.0 -2.5 -5.0 13.75 713677365.0527
120.0 0.0 -5.0 13.75 430582081.4103
120.0 2.5 -5.0 13.75 9999999535.4995
120.0 5.0 -5.0 13.75 3206.6738
120.0 -5.0 -2.5 13.75 9999999921.787802
120.0 -2.5 -2.5 13.75 10000000041.591501
120.0 0.0 -2.5 13.75 58240400.7822
120.0 2.5 -2.5 13.75 25430335.8277
120.0 5.0 -2.5 13.75 10.2697
120.0 7.5 -2.5 13.75 -9.603
120.0 10.0 -2.5 13.75 -6.9983
120.0 -5.0 0.0 13.75 9999999884.540602
120.0 0.0 0.0 13.75 9999999846.9699
120.0 2.5 0.0 13.75 859565.2241999999
120.0 5.0 0.0 13.75 -33.1367
120.0 7.5 0.0 13.75 -13.7091
120.0 0.0 2.5 13.75 26420430.8335
120.0 2.5 2.5 13.75 11622.8625
120.0 5.0 2.5 13.75 -39.629799999999996
120.0 7.5 2.5 13.75 -16.040300000000002
120.0 0.0 5.0 13.75 7989.5982
120.0 2.5 5.0 13.75 11.107599999999998
120.0 5.0 5.0 13.75 -29.5475
120.0 7.5 5.0 13.75 -11.409699999999999
120.0 -5.0 -10.0 15.0 10000000169.3687
120.0 -2.5 -10.0 15.0 9999999888.864801
120.0 0.0 -10.0 15.0 193698237.7294
120.0 2.5 -10.0 15.0 10000000098.1945
120.0 5.0 -10.0 15.0 164743072.20920002
120.0 10.0 -10.0 15.0 29.990399999999998
120.0 -5.0 -7.5 15.0 10000000094.9818
120.0 -2.5 -7.5 15.0 10000000071.8134
120.0 0.0 -7.5 15.0 9999999942.090101
120.0 2.5 -7.5 15.0 502303804.2437
120.0 5.0 -7.5 15.0 184982693.7711
120.0 7.5 -7.5 15.0 167.1692
120.0 -5.0 -5.0 15.0 10000000089.221
120.0 -2.5 -5.0 15.0 9999999966.4836
120.0 0.0 -5.0 15.0 25904867.189600002
120.0 2.5 -5.0 15.0 2361719.9551
120.0 5.0 -5.0 15.0 15.1517
120.0 7.5 -5.0 15.0 -2.7489
120.0 10.0 -5.0 15.0 -4.6023
120.0 -5.0 -2.5 15.0 598764085.0483999
120.0 -2.5 -2.5 15.0 10000000378.1238
120.0 0.0 -2.5 15.0 705952666.2995
120.0 2.5 -2.5 15.0 9999999998.408602
120.0 5.0 -2.5 15.0 -9.7452
120.0 7.5 -2.5 15.0 -4.0844000000000005
120.0 10.0 -2.5 15.0 -2.8528000000000002
120.0 -5.0 0.0 15.0 717905809.1786001
120.0 -2.5 0.0 15.0 9999999907.4223
120.0 0.0 0.0 15.0 9999999941.217402
120.0 2.5 0.0 15.0 920610585.3577
120.0 5.0 0.0 15.0 -23.807299999999998
120.0 7.5 0.0 15.0 -8.4524
120.0 10.0 0.0 15.0 -3.2108
120.0 0.0 2.5 15.0 8442934277.9041
120.0 2.5 2.5 15.0 23.71110000000001
120.0 5.0 2.5 15.0 -27.1292
120.0 7.5 2.5 15.0 -10.4158
120.0 10.0 2.5 15.0 -2.3222
120.0 0.0 5.0 15.0 -14.219900000000003
120.0 2.5 5.0 15.0 -36.0273
120.0 5.0 5.0 15.0 -19.468
120.0 7.5 5.0 15.0 -7.3392
120.0 10.0 5.0 15.0 -1.3828
120.0 -5.0 -10.0 16.25 62496990.3059
120.0 -2.5 -10.0 16.25 9999999970.010302
120.0 0.0 -10.0 16.25 6903432139.6085
120.0 2.5 -10.0 16.25 50525151.7325
120.0 5.0 -10.0 16.25 34541.264899999995
120.0 7.5 -10.0 16.25 -0.44640000000000013
120.0 10.0 -10.0 16.25 -11.4936
120.0 -5.0 -7.5 16.25 10000000105.9037
120.0 -2.5 -7.5 16.25 164314898.36270002
120.0 0.0 -7.5 16.25 93883728.3478
120.0 2.5 -7.5 16.25 4556.9218
120.0 5.0 -7.5 16.25 8262.2088
120.0 7.5 -7.5 16.25 -0.019000000000000128
120.0 10.0 -7.5 16.25 -5.6763
120.0 -5.0 -5.0 16.25 414353003.74079996
120.0 -2.5 -5.0 16.25 259888916.10119998
120.0 0.0 -5.0 16.25 367397.94700000004
120.0 2.5 -5.0 16.25 689.0849000000001
120.0 5.0 -5.0 16.25 3.5267999999999997
120.0 7.5 -5.0 16.25 1.9247
120.0 10.0 -5.0 16.25 -2.0023
120.0 -5.0 -2.5 16.25 219854875.2062
120.0 -2.5 -2.5 16.25 9999999948.5338
120.0 0.0 -2.5 16.25 8036584.4727
120.0 2.5 -2.5 16.25 31754.8864
120.0 5.0 -2.5 16.25 -6.0405999999999995
120.0 7.5 -2.5 16.25 -0.5771999999999999
120.0 10.0 -2.5 16.25 -1.0391
120.0 -5.0 0.0 16.25 439062623.09900004
120.0 -2.5 0.0 16.25 2781701922.0229
120.0 0.0 0.0 16.25 44025400.5717
120.0 2.5 0.0 16.25 2865.6174
120.0 5.0 0.0 16.25 -17.9539
120.0 7.5 0.0 16.25 -4.9487
120.0 10.0 0.0 16.25 -1.4284
120.0 -5.0 2.5 16.25 7552791.6639
120.0 -2.5 2.5 16.25 17534.2231
120.0 0.0 2.5 16.25 36479.0839
120.0 2.5 2.5 16.25 -37.808899999999994
120.0 5.0 2.5 16.25 -18.2261
120.0 7.5 2.5 16.25 -6.4842
120.0 10.0 2.5 16.25 -0.9841
120.0 -2.5 5.0 16.25 13.9414
120.0 0.0 5.0 16.25 -30.4899
120.0 2.5 5.0 16.25 -24.4748
120.0 5.0 5.0 16.25 -13.086300000000001
120.0 7.5 5.0 16.25 -4.681
120.0 10.0 5.0 16.25 -0.7899
180.0 -5.0 -10.0 3.75 9999999814.3644
180.0 -2.5 -10.0 3.75 10000000379.1949
180.0 0.0 -10.0 3.75 9999999825.191801
180.0 2.5 -10.0 3.75 9999999841.1567
180.0 5.0 -10.0 3.75 9999999984.802301
180.0 7.5 -10.0 3.75 10000000029.803202
180.0 10.0 -10.0 3.75 66127487.4222
180.0 -5.0 -7.5 3.75 9999999877.949701
180.0 -2.5 -7.5 3.75 9999999707.697401
180.0 0.0 -7.5 3.75 10000000056.893702
180.0 2.5 -7.5 3.75 9999999553.3334
180.0 5.0 -7.5 3.75 9999999955.7226
180.0 7.5 -7.5 3.75 6244108.9919
180.0 10.0 -7.5 3.75 6757.995900000001
180.0 -5.0 -5.0 3.75 9999999680.362202
180.0 -2.5 -5.0 3.75 9999999854.6709
180.0 0.0 -5.0 3.75 10000000194.233501
180.0 2.5 -5.0 3.75 10000000008.030602
180.0 5.0 -5.0 3.75 9999999967.2408
180.0 7.5 -5.0 3.75 11713.142699999999
180.0 10.0 -5.0 3.75 44.743399999999994
180.0 -5.0 -2.5 3.75 9999999972.945702
180.0 -2.5 -2.5 3.75 4621179317.4505005
180.0 0.0 -2.5 3.75 9999999924.606201
180.0 2.5 -2.5 3.75 10000000174.4213
180.0 5.0 -2.5 3.75 2792381449.8479
180.0 7.5 -2.5 3.75 1592815.1753
180.0 10.0 -2.5 3.75 77.9918
180.0 -5.0 0.0 3.75 10000000460.421902
180.0 -2.5 0.0 3.75 10000000072.811602
180.0 0.0 0.0 3.75 9999999971.5067
180.0 2.5 0.0 3.75 10000000031.9424
180.0 5.0 0.0 3.75 10000000260.762701
180.0 7.5 0.0 3.75 83099.81730000001
180.0 10.0 0.0 3.75 96.5573
180.0 -5.0 2.5 3.75 10000000085.141
180.0 -2.5 2.5 3.75 10000000240.9234
180.0 0.0 2.5 3.75 10000000112.491201
180.0 2.5 2.5 3.75 1134115397.8236
180.0 5.0 2.5 3.75 6896988259.3068
180.0 7.5 2.5 3.75 341.6499
180.0 10.0 2.5 3.75 55.7623
180.0 -5.0 5.0 3.75 10000000070.302101
180.0 -2.5 5.0 3.75 10000000032.329
180.0 0.0 5.0 3.75 134114893.5168
180.0 2.5 5.0 3.75 6774817249.868799
180.0 5.0 5.0 3.75 5623200.7628999995
180.0 7.5 5.0 3.75 3.9956000000000005
180.0 10.0 5.0 3.75 10.9093
180.0 5.0 -2.5 8.75 9477612.857800001
180.0 5.0 -2.5 10.0 10000000018.4571
180.0 2.5 2.5 10.0 1161699.3888
180.0 5.0 -10.0 11.25 92548664.3053
180.0 7.5 -10.0 11.25 24231.4202
180.0 -2.5 -7.5 11.25 9999999929.919601
180.0 5.0 -7.5 11.25 2215308644.3047004
180.0 2.5 -5.0 11.25 10000000079.481901
180.0 5.0 -5.0 11.25 831668040.2188
180.0 7.5 -5.0 11.25 6900617.1299
180.0 10.0 -5.0 11.25 13.524799999999999
180.0 5.0 -2.5 11.25 102700958.8328
180.0 0.0 0.0 11.25 10000000013.216002
180.0 -2.5 2.5 11.25 10000000024.0277
180.0 2.5 2.5 11.25 12572.6181
180.0 -5.0 5.0 11.25 9999999969.2943
180.0 5.0 5.0 11.25 -0.9739
180.0 0.0 -10.0 12.5 2738810914.1087003
180.0 2.5 -10.0 12.5 331237248.8132
180.0 5.0 -10.0 12.5 399356792.913
180.0 7.5 -10.0 12.5 301.5673
180.0 10.0 -10.0 12.5 166.2649
180.0 -2.5 -7.5 12.5 10000000057.297901
180.0 0.0 -7.5 12.5 10000000081.6751
180.0 2.5 -7.5 12.5 187115101.195
180.0 5.0 -7.5 12.5 22524921.3716
180.0 7.5 -7.5 12.5 156.9085
180.0 10.0 -7.5 12.5 33.7257
180.0 2.5 -5.0 12.5 253588360.5745
180.0 5.0 -5.0 12.5 9999999979.3323
180.0 7.5 -5.0 12.5 54949921.3996
180.0 10.0 -5.0 12.5 1.1711
180.0 2.5 -2.5 12.5 9999999999.3614
180.0 5.0 -2.5 12.5 273421.8209
180.0 0.0 0.0 12.5 10000000078.331001
180.0 2.5 0.0 12.5 10102603.2731
180.0 5.0 0.0 12.5 1397.9673
180.0 -2.5 2.5 12.5 1982901382.7711
180.0 0.0 2.5 12.5 10000000083.912802
180.0 2.5 2.5 12.5 295.9269
180.0 -5.0 5.0 12.5 9999999971.3108
180.0 2.5 5.0 12.5 686257.9615000001
180.0 5.0 5.0 12.5 0.8503000000000003
180.0 -5.0 -10.0 13.75 9999999921.878601
180.0 -2.5 -10.0 13.75 9999999887.9587
180.0 0.0 -10.0 13.75 9999999804.3458
180.0 2.5 -10.0 13.75 9999999886.4612
180.0 5.0 -10.0 13.75 19459722.9269
180.0 7.5 -10.0 13.75 31.224200000000003
180.0 10.0 -10.0 13.75 24.1634
180.0 -2.5 -7.5 13.75 294259401.74740005
180.0 0.0 -7.5 13.75 8845209726.0004
180.0 2.5 -7.5 13.75 2473645.0943
180.0 5.0 -7.5 13.75 5366.3493
180.0 7.5 -7.5 13.75 25.7072
180.0 10.0 -7.5 13.75 8.4545
180.0 -2.5 -5.0 13.75 10000000176.960001
180.0 0.0 -5.0 13.75 2051449716.9108
180.0 2.5 -5.0 13.75 2141698173.5822
180.0 5.0 -5.0 13.75 374604905.9947
180.0 7.5 -5.0 13.75 706.3069
180.0 10.0 -5.0 13.75 -6.9778
180.0 2.5 -2.5 13.75 2242631812.6789
180.0 5.0 -2.5 13.75 791687.4401
180.0 7.5 -2.5 13.75 42.279300000000006
180.0 -2.5 0.0 13.75 1086448827.9907
180.0 0.0 0.0 13.75 38651317.601100005
180.0 2.5 0.0 13.75 229202687.6567
180.0 5.0 0.0 13.75 100.0806
180.0 -5.0 2.5 13.75 10000000137.0869
180.0 -2.5 2.5 13.75 2725428687.6166
180.0 0.0 2.5 13.75 29452579.961999997
180.0 2.5 2.5 13.75 73.0978
180.0 -5.0 5.0 13.75 107583465.75089999
180.0 -2.5 5.0 13.75 10000000027.328402
180.0 0.0 5.0 13.75 10000000031.4129
180.0 2.5 5.0 13.75 7234.6134999999995
180.0 5.0 5.0 13.75 1.1409000000000002
180.0 -5.0 -10.0 15.0 98568557.3047
180.0 -2.5 -10.0 15.0 278507399.4699
180.0 0.0 -10.0 15.0 4491733954.309601
180.0 2.5 -10.0 15.0 118780641.1855
180.0 5.0 -10.0 15.0 581.6288
180.0 7.5 -10.0 15.0 -3.722
180.0 10.0 -10.0 15.0 13.455400000000001
180.0 -5.0 -7.5 15.0 10000000072.9769
180.0 -2.5 -7.5 15.0 9999999913.286001
180.0 0.0 -7.5 15.0 9999999613.015501
180.0 2.5 -7.5 15.0 209940.9544
180.0 5.0 -7.5 15.0 -26.9889
180.0 7.5 -7.5 15.0 -16.089100000000002
180.0 10.0 -7.5 15.0 2.0538
180.0 -2.5 -5.0 15.0 10000000015.0837
180.0 0.0 -5.0 15.0 10000000114.6476
180.0 2.5 -5.0 15.0 4809358.6584
180.0 5.0 -5.0 15.0 2922.9492999999998
180.0 7.5 -5.0 15.0 8.2375
180.0 10.0 -5.0 15.0 -4.8418
180.0 -2.5 -2.5 15.0 31627023.2608
180.0 0.0 -2.5 15.0 16767496.1254
180.0 2.5 -2.5 15.0 51557.5553
180.0 5.0 -2.5 15.0 382.237
180.0 7.5 -2.5 15.0 -4.2387999999999995
180.0 10.0 -2.5 15.0 -3.8489000000000004
180.0 -2.5 0.0 15.0 215071916.7567
180.0 0.0 0.0 15.0 16732.2823
180.0 2.5 0.0 15.0 280.6069
180.0 5.0 0.0 15.0 37.8188
180.0 7.5 0.0 15.0 4.4377
180.0 10.0 0.0 15.0 -1.4234
180.0 -5.0 2.5 15.0 2971675953.7804
180.0 -2.5 2.5 15.0 984173.5355
180.0 0.0 2.5 15.0 7516.001399999999
180.0 2.5 2.5 15.0 36.0323
180.0 5.0 2.5 15.0 17.893
180.0 7.5 2.5 15.0 3.7189
180.0 10.0 2.5 15.0 -0.2619
180.0 -5.0 5.0 15.0 715103203.5868
180.0 -2.5 5.0 15.0 9926039.9574
180.0 0.0 5.0 15.0 50220934.699
180.0 2.5 5.0 15.0 24.5749
180.0 5.0 5.0 15.0 1.301
180.0 7.5 5.0 15.0 0.9034000000000001
180.0 10.0 5.0 15.0 -0.0271
180.0 -5.0 -10.0 16.25 30631651.4819
180.0 -2.5 -10.0 16.25 120650.44889999999
180.0 0.0 -10.0 16.25 107823.5206
180.0 2.5 -10.0 16.25 2806486999.4877
180.0 5.0 -10.0 16.25 14.748700000000001
180.0 7.5 -10.0 16.25 -7.085
180.0 10.0 -10.0 16.25 6.4276
180.0 -5.0 -7.5 16.25 989075436.8737
180.0 -2.5 -7.5 16.25 98289323.5907
180.0 0.0 -7.5 16.25 1089757.4366
180.0 2.5 -7.5 16.25 1366.2103
180.0 5.0 -7.5 16.25 -32.4047
180.0 7.5 -7.5 16.25 -12.677
180.0 10.0 -7.5 16.25 -1.2869000000000002
180.0 -5.0 -5.0 16.25 38110172.3112
180.0 -2.5 -5.0 16.25 2395535846.8304
180.0 0.0 -5.0 16.25 25874482.8119
180.0 2.5 -5.0 16.25 3458992904.5763
180.0 5.0 -5.0 16.25 -2.0625999999999998
180.0 7.5 -5.0 16.25 -8.3184
180.0 10.0 -5.0 16.25 -3.6334
180.0 -5.0 -2.5 16.25 10000000047.5475
180.0 -2.5 -2.5 16.25 454948.0718
180.0 0.0 -2.5 16.25 9106.6846
180.0 2.5 -2.5 16.25 4010.1342
180.0 5.0 -2.5 16.25 6.6850000000000005
180.0 7.5 -2.5 16.25 -1.744
180.0 10.0 -2.5 16.25 -2.6294
180.0 -2.5 0.0 16.25 441800235.2834
180.0 0.0 0.0 16.25 23078.2779
180.0 2.5 0.0 16.25 38.4904
180.0 5.0 0.0 16.25 17.917399999999997
180.0 7.5 0.0 16.25 3.2796000000000003
180.0 10.0 0.0 16.25 -1.3706
180.0 -5.0 2.5 16.25 7101141819.968
180.0 -2.5 2.5 16.25 29222.5637
180.0 0.0 2.5 16.25 272.5511
180.0 2.5 2.5 16.25 23.6406
180.0 5.0 2.5 16.25 12.574499999999999
180.0 7.5 2.5 16.25 2.2679
180.0 10.0 2.5 16.25 0.003799999999999998
180.0 -5.0 5.0 16.25 171624488.00530002
180.0 -2.5 5.0 16.25 1412018.0005
180.0 0.0 5.0 16.25 1284.5858
180.0 2.5 5.0 16.25 0.6049
180.0 5.0 5.0 16.25 1.1285
180.0 7.5 5.0 16.25 0.866
180.0 10.0 5.0 16.25 0.13499999999999998
240.0 -5.0 -10.0 3.75 9999999872.0786
240.0 -2.5 -10.0 3.75 10000000034.109402
240.0 0.0 -10.0 3.75 9999999890.7486
240.0 2.5 -10.0 3.75 9999999762.5907
240.0 5.0 -10.0 3.75 10000000213.6861
240.0 7.5 -10.0 3.75 9999999762.003
240.0 10.0 -10.0 3.75 7625873773.8303995
240.0 -5.0 -7.5 3.75 10000000034.498201
240.0 -2.5 -7.5 3.75 10000000239.8318
240.0 0.0 -7.5 3.75 10000000011.257801
240.0 2.5 -7.5 3.75 9999999881.4241
240.0 5.0 -7.5 3.75 10000000089.688301
240.0 7.5 -7.5 3.75 10000000055.992802
240.0 10.0 -7.5 3.75 642252290.6996
240.0 -5.0 -5.0 3.75 10000000113.2551
240.0 -2.5 -5.0 3.75 10000000023.3502
240.0 0.0 -5.0 3.75 10000000250.124
240.0 2.5 -5.0 3.75 10000000027.3479
240.0 5.0 -5.0 3.75 9999999889.980902
240.0 7.5 -5.0 3.75 9999999980.821001
240.0 10.0 -5.0 3.75 33904242.5966
240.0 -5.0 -2.5 3.75 9999999752.339
240.0 -2.5 -2.5 3.75 9999999939.1282
240.0 0.0 -2.5 3.75 9999999791.5816
240.0 2.5 -2.5 3.75 10000000275.046202
240.0 5.0 -2.5 3.75 9999999786.738
240.0 7.5 -2.5 3.75 523456956.1192
240.0 10.0 -2.5 3.75 1445085.4641
240.0 -5.0 0.0 3.75 10000000029.953001
240.0 -2.5 0.0 3.75 9999999870.617802
240.0 0.0 0.0 3.75 10000000122.951801
240.0 2.5 0.0 3.75 10000000352.301401
240.0 5.0 0.0 3.75 1261130774.987
240.0 7.5 0.0 3.75 9999999938.690601
240.0 10.0 0.0 3.75 -56.3537
240.0 -5.0 2.5 3.75 9999999871.197102
240.0 -2.5 2.5 3.75 10000000175.532001
240.0 0.0 2.5 3.75 10000000319.434
240.0 2.5 2.5 3.75 10000000538.3584
240.0 5.0 2.5 3.75 9999999779.639301
240.0 7.5 2.5 3.75 178394486.8465
240.0 10.0 2.5 3.75 -53.6544
240.0 -5.0 5.0 3.75 9999999917.627602
240.0 -2.5 5.0 3.75 10000000090.782501
240.0 0.0 5.0 3.75 10000000092.204
240.0 2.5 5.0 3.75 3216905846.9824
240.0 5.0 5.0 3.75 4146916.0481000002
240.0 7.5 5.0 3.75 21.0449
240.0 10.0 5.0 3.75 -44.114200000000004
240.0 -2.5 -10.0 11.25 907774937.1250999
240.0 5.0 -10.0 11.25 120740544.0063
240.0 10.0 -10.0 11.25 183.651
240.0 5.0 -7.5 11.25 9999999952.9302
240.0 -2.5 -2.5 11.25 9999999599.819
240.0 -5.0 0.0 11.25 10000000074.2768
240.0 -2.5 0.0 11.25 9999999954.221401
240.0 0.0 0.0 11.25 1924536532.6991
240.0 -5.0 2.5 11.25 9999999967.932701
240.0 0.0 2.5 11.25 9999999929.6685
240.0 0.0 5.0 11.25 160462281.8969
240.0 -5.0 -10.0 12.5 10000000015.7584
240.0 -2.5 -10.0 12.5 1276002078.0135999
240.0 0.0 -10.0 12.5 463952156.3244
240.0 5.0 -10.0 12.5 74350360.15190001
240.0 7.5 -10.0 12.5 859506819.8736
240.0 10.0 -10.0 12.5 26.610800000000005
240.0 5.0 -7.5 12.5 10972370.661
240.0 7.5 -7.5 12.5 80616324.7033
240.0 10.0 -7.5 12.5 3.0256
240.0 2.5 -5.0 12.5 484441640.81479996
240.0 -5.0 -2.5 12.5 9999999851.5683
240.0 -2.5 -2.5 12.5 9999999932.4032
240.0 0.0 -2.5 12.5 9999999931.319
240.0 -5.0 0.0 12.5 9999999997.0137
240.0 -2.5 0.0 12.5 10000000029.9552
240.0 0.0 0.0 12.5 10000000042.3013
240.0 2.5 0.0 12.5 52962301.053500004
240.0 -5.0 2.5 12.5 1112365788.1845
240.0 0.0 2.5 12.5 10000000000.2768
240.0 0.0 5.0 12.5 31162.5081
240.0 -2.5 -10.0 13.75 9999999993.571001
240.0 0.0 -10.0 13.75 3072418874.7756004
240.0 2.5 -10.0 13.75 287132315.4934
240.0 5.0 -10.0 13.75 6433596.5865
240.0 7.5 -10.0 13.75 17373253.0242
240.0 10.0 -10.0 13.75 21.1203
240.0 -5.0 -7.5 13.75 9999999815.760601
240.0 2.5 -7.5 13.75 10000000347.715
240.0 5.0 -7.5 13.75 30560.843
240.0 7.5 -7.5 13.75 2093331.7434
240.0 10.0 -7.5 13.75 8.6024
240.0 -5.0 -5.0 13.75 8467555612.3367
240.0 -2.5 -5.0 13.75 10000000024.943901
240.0 2.5 -5.0 13.75 60819819.9593
240.0 10.0 -5.0 13.75 12.3826
240.0 -5.0 -2.5 13.75 35694941.5206
240.0 -2.5 -2.5 13.75 10000000042.615002
240.0 0.0 -2.5 13.75 269842147.6555
240.0 2.5 -2.5 13.75 176213.5854
240.0 -5.0 0.0 13.75 9999999924.264801
240.0 -2.5 0.0 13.75 2210649395.1715
240.0 0.0 0.0 13.75 1369343375.9950998
240.0 2.5 0.0 13.75 7554248.713300001
240.0 -5.0 2.5 13.75 10000000092.2759
240.0 0.0 2.5 13.75 157339761.1418
240.0 2.5 2.5 13.75 49872.956300000005
240.0 -5.0 5.0 13.75 7915562441.1085
240.0 0.0 5.0 13.75 4910.4673999999995
240.0 2.5 5.0 13.75 849.4406
240.0 -5.0 -10.0 15.0 10000000012.122501
240.0 -2.5 -10.0 15.0 366705394.5163
240.0 0.0 -10.0 15.0 138167871.5733
240.0 2.5 -10.0 15.0 8664589073.9372
240.0 5.0 -10.0 15.0 40394.0503
240.0 7.5 -10.0 15.0 32669.3264
240.0 10.0 -10.0 15.0 5.7334000000000005
240.0 -5.0 -7.5 15.0 162950734.4384
240.0 -2.5 -7.5 15.0 9999999977.164701
240.0 0.0 -7.5 15.0 24516531.946500003
240.0 2.5 -7.5 15.0 30745592.6003
240.0 5.0 -7.5 15.0 1485.6427999999999
240.0 7.5 -7.5 15.0 2592.7334
240.0 10.0 -7.5 15.0 9.6042
240.0 -5.0 -5.0 15.0 8724284674.978199
240.0 -2.5 -5.0 15.0 9999999994.3304
240.0 0.0 -5.0 15.0 52556701.8988
240.0 2.5 -5.0 15.0 66658.0987
240.0 5.0 -5.0 15.0 101.773
240.0 7.5 -5.0 15.0 248.7205
240.0 10.0 -5.0 15.0 11.5578
240.0 -5.0 -2.5 15.0 9999999997.0449
240.0 -2.5 -2.5 15.0 10000000023.674702
240.0 0.0 -2.5 15.0 7752379.5222000005
240.0 2.5 -2.5 15.0 508.46399999999994
240.0 5.0 -2.5 15.0 -15.604800000000001
240.0 7.5 -2.5 15.0 1.7948999999999997
240.0 10.0 -2.5 15.0 6.4887999999999995
240.0 -5.0 0.0 15.0 219237547.2352
240.0 -2.5 0.0 15.0 585703598.1903
240.0 0.0 0.0 15.0 1251697079.348
240.0 2.5 0.0 15.0 121482.3603
240.0 5.0 0.0 15.0 -18.375799999999998
240.0 10.0 0.0 15.0 2.3388
240.0 -5.0 2.5 15.0 2079159715.6676002
240.0 -2.5 2.5 15.0 10000000261.668402
240.0 0.0 2.5 15.0 9999999941.8087
240.0 2.5 2.5 15.0 1451682.2351
240.0 5.0 2.5 15.0 -8.5021
240.0 10.0 2.5 15.0 0.3695
240.0 -5.0 5.0 15.0 2419.6319000000003
240.0 0.0 5.0 15.0 7121.5642
240.0 2.5 5.0 15.0 21.7185
240.0 5.0 5.0 15.0 2.204
240.0 -5.0 -10.0 16.25 516161.0549
240.0 -2.5 -10.0 16.25 10000000040.616402
240.0 0.0 -10.0 16.25 3098189191.3622003
240.0 2.5 -10.0 16.25 10000000320.645401
240.0 5.0 -10.0 16.25 1169.0227
240.0 7.5 -10.0 16.25 15.3365
240.0 10.0 -10.0 16.25 5.5845
240.0 -5.0 -7.5 16.25 199049.2377
240.0 -2.5 -7.5 16.25 10000000007.0905
240.0 0.0 -7.5 16.25 15345299.3208
240.0 2.5 -7.5 16.25 2085052.722
240.0 5.0 -7.5 16.25 435.5919
240.0 7.5 -7.5 16.25 20.334200000000003
240.0 10.0 -7.5 16.25 10.2637
240.0 -5.0 -5.0 16.25 29377541.3083
240.0 -2.5 -5.0 16.25 9999999953.1818
240.0 0.0 -5.0 16.25 21475.8101
240.0 2.5 -5.0 16.25 10049.6813
240.0 5.0 -5.0 16.25 29.428600000000003
240.0 7.5 -5.0 16.25 7.706200000000001
240.0 10.0 -5.0 16.25 8.4679
240.0 -5.0 -2.5 16.25 824178116.6731
240.0 -2.5 -2.5 16.25 90818.47959999999
240.0 0.0 -2.5 16.25 61383.9519
240.0 2.5 -2.5 16.25 -6.575200000000001
240.0 5.0 -2.5 16.25 -13.6456
240.0 7.5 -2.5 16.25 1.2495
240.0 10.0 -2.5 16.25 4.305899999999999
240.0 -5.0 0.0 16.25 20497255.0107
240.0 -2.5 0.0 16.25 72817.4167
240.0 0.0 0.0 16.25 377500020.5791
240.0 2.5 0.0 16.25 262.97139999999996
240.0 5.0 0.0 16.25 -13.379000000000001
240.0 7.5 0.0 16.25 -2.4024
240.0 10.0 0.0 16.25 0.9300999999999999
240.0 -5.0 2.5 16.25 79982023.5973
240.0 -2.5 2.5 16.25 19406696.5091
240.0 0.0 2.5 16.25 4093059.6071
240.0 2.5 2.5 16.25 639.4472
240.0 5.0 2.5 16.25 -7.0085
240.0 7.5 2.5 16.25 -1.3313
240.0 10.0 2.5 16.25 -0.2182
240.0 -5.0 5.0 16.25 643.9848999999999
240.0 -2.5 5.0 16.25 104.0729
240.0 0.0 5.0 16.25 433.776
240.0 2.5 5.0 16.25 10.311499999999999
240.0 5.0 5.0 16.25 2.3349
240.0 7.5 5.0 16.25 -0.1094
240.0 10.0 5.0 16.25 -0.7111999999999999
300.0 -5.0 -10.0 3.75 10000000000.475
300.0 -2.5 -10.0 3.75 10000000187.2159
300.0 0.0 -10.0 3.75 10000000416.338001
300.0 2.5 -10.0 3.75 9999999862.980701
300.0 5.0 -10.0 3.75 10000000050.500801
300.0 7.5 -10.0 3.75 10000000216.1002
300.0 10.0 -10.0 3.75 9999999874.8152
300.0 -5.0 -7.5 3.75 9999999891.092001
300.0 -2.5 -7.5 3.75 10000000063.756401
300.0 0.0 -7.5 3.75 9999999828.3593
300.0 2.5 -7.5 3.75 9999999864.4074
300.0 5.0 -7.5 3.75 10000000201.9058
300.0 7.5 -7.5 3.75 10000000269.460701
300.0 10.0 -7.5 3.75 10000000196.7823
300.0 -5.0 -5.0 3.75 9999999999.0772
300.0 -2.5 -5.0 3.75 10000000199.9244
300.0 0.0 -5.0 3.75 10000000196.513601
300.0 2.5 -5.0 3.75 10000000531.3549
300.0 5.0 -5.0 3.75 9999999874.8596
300.0 7.5 -5.0 3.75 10000000251.8633
300.0 10.0 -5.0 3.75 9849825207.5239
300.0 -5.0 -2.5 3.75 10000000110.7045
300.0 -2.5 -2.5 3.75 10000000229.6802
300.0 0.0 -2.5 3.75 10000000144.4762
300.0 2.5 -2.5 3.75 10000000157.256802
300.0 5.0 -2.5 3.75 1173316303.2842
300.0 7.5 -2.5 3.75 1286828493.4132998
300.0 10.0 -2.5 3.75 38498.7405
300.0 -5.0 0.0 3.75 9999999960.1516
300.0 -2.5 0.0 3.75 10000000510.4115
300.0 0.0 0.0 3.75 9721480197.4421
300.0 2.5 0.0 3.75 10000000078.4029
300.0 5.0 0.0 3.75 1193127045.6376
300.0 7.5 0.0 3.75 10000000064.313501
300.0 10.0 0.0 3.75 255570.47999999998
300.0 -5.0 2.5 3.75 9999999666.3005
300.0 -2.5 2.5 3.75 10000000379.6721
300.0 0.0 2.5 3.75 8174069544.5653
300.0 2.5 2.5 3.75 10000000074.410301
300.0 5.0 2.5 3.75 10000000049.216301
300.0 7.5 2.5 3.75 5915848.3813
300.0 10.0 2.5 3.75 1070450.9287999999
300.0 -5.0 5.0 3.75 9999999991.9454
300.0 -2.5 5.0 3.75 10000000016.670502
300.0 0.0 5.0 3.75 10000000021.951
300.0 2.5 5.0 3.75 9999999957.531301
300.0 5.0 5.0 3.75 1881627239.6663
300.0 7.5 5.0 3.75 50098.7521
300.0 10.0 5.0 3.75 84644.6403
300.0 -2.5 -5.0 8.75 9999999973.075201
300.0 -5.0 5.0 8.75 10000000061.5039
300.0 -2.5 -10.0 10.0 10000000012.309101
300.0 -2.5 -7.5 10.0 2438663680.5998
300.0 -2.5 -5.0 10.0 10000000017.5167
300.0 -5.0 -2.5 10.0 10000000060.872002
300.0 -2.5 2.5 10.0 9999999931.2532
300.0 -5.0 5.0 10.0 2868796688.6011
300.0 -2.5 5.0 10.0 119424356.9371
300.0 0.0 5.0 10.0 86369.9808
300.0 -2.5 -10.0 11.25 1705909530.7795
300.0 0.0 -10.0 11.25 2286315836.2980003
300.0 2.5 -10.0 11.25 32298.927699999997
300.0 -2.5 -7.5 11.25 9999999571.952002
300.0 0.0 -7.5 11.25 135844.20560000002
300.0 -2.5 -5.0 11.25 9999999969.243801
300.0 -2.5 0.0 11.25 10000000065.097502
300.0 -5.0 2.5 11.25 9999999963.8847
300.0 -2.5 2.5 11.25 1948360556.1822999
300.0 -5.0 5.0 11.25 211162232.1814
300.0 -2.5 5.0 11.25 3113540.2172
300.0 0.0 5.0 11.25 14950.5731
300.0 5.0 5.0 11.25 8.2645
300.0 -2.5 -10.0 12.5 201150164.6443
300.0 0.0 -10.0 12.5 1608117.3003
300.0 2.5 -10.0 12.5 -17.763199999999998
300.0 5.0 -10.0 12.5 -59.6255
300.0 7.5 -10.0 12.5 -26.0771
300.0 -5.0 -7.5 12.5 9999999959.413
300.0 -2.5 -7.5 12.5 1871458633.2045
300.0 0.0 -7.5 12.5 16368140.7266
300.0 2.5 -7.5 12.5 -58.307599999999994
300.0 -5.0 -5.0 12.5 10000000368.4803
300.0 -2.5 -5.0 12.5 1135402264.6763
300.0 0.0 -5.0 12.5 1525888649.4311001
300.0 -5.0 -2.5 12.5 10000000017.2175
300.0 -2.5 0.0 12.5 10000000398.615702
300.0 -5.0 2.5 12.5 172886140.9639
300.0 -2.5 2.5 12.5 41823419.5553
300.0 0.0 2.5 12.5 40.1167
300.0 -5.0 5.0 12.5 10000000049.1749
300.0 -2.5 5.0 12.5 10000000153.1086
300.0 0.0 5.0 12.5 195.0292
300.0 5.0 5.0 12.5 8.5305
300.0 7.5 5.0 12.5 -1.0203
300.0 -5.0 -10.0 13.75 10000000068.042501
300.0 -2.5 -10.0 13.75 531714357.90790004
300.0 0.0 -10.0 13.75 5522.2881
300.0 2.5 -10.0 13.75 -52.5676
300.0 5.0 -10.0 13.75 -39.5054
300.0 7.5 -10.0 13.75 -21.7259
300.0 10.0 -10.0 13.75 -7.9105
300.0 -5.0 -7.5 13.75 9999999943.987701
300.0 -2.5 -7.5 13.75 4856226.0413999995
300.0 0.0 -7.5 13.75 5182510.6156
300.0 2.5 -7.5 13.75 -35.8006
300.0 5.0 -7.5 13.75 -28.922
300.0 -5.0 -5.0 13.75 51547029.125700004
300.0 -2.5 -5.0 13.75 150159044.0703
300.0 0.0 -5.0 13.75 2753095.1265
300.0 2.5 -2.5 13.75 8952875707.4271
300.0 -5.0 0.0 13.75 3964659.4508999996
300.0 -2.5 0.0 13.75 2522729.9573
300.0 -5.0 2.5 13.75 301129.7253
300.0 -2.5 2.5 13.75 81093266.90179999
300.0 0.0 2.5 13.75 29.0598
300.0 10.0 2.5 13.75 -2.0928999999999998
300.0 -5.0 5.0 13.75 40420668.9194
300.0 -2.5 5.0 13.75 546829255.3385999
300.0 0.0 5.0 13.75 36.4884
300.0 2.5 5.0 13.75 18.0584
300.0 7.5 5.0 13.75 -0.3046
300.0 10.0 5.0 13.75 -2.2453
300.0 -5.0 -10.0 15.0 9999999913.6285
300.0 -2.5 -10.0 15.0 440716.426
300.0 0.0 -10.0 15.0 30.512900000000002
300.0 2.5 -10.0 15.0 -29.1676
300.0 5.0 -10.0 15.0 -26.0192
300.0 7.5 -10.0 15.0 -15.585700000000001
300.0 10.0 -10.0 15.0 -6.723
300.0 -5.0 -7.5 15.0 8500872790.174299
300.0 -2.5 -7.5 15.0 39868.7473
300.0 0.0 -7.5 15.0 4292.6377
300.0 2.5 -7.5 15.0 -20.645599999999998
300.0 5.0 -7.5 15.0 -18.6336
300.0 7.5 -7.5 15.0 -9.6734
300.0 10.0 -7.5 15.0 -2.8474
300.0 -5.0 -5.0 15.0 827259417.7469001
300.0 -2.5 -5.0 15.0 250037848.36650002
300.0 0.0 -5.0 15.0 707321.5898000001
300.0 2.5 -5.0 15.0 482.0734
300.0 5.0 -5.0 15.0 17.414099999999998
300.0 7.5 -5.0 15.0 -1.3517000000000001
300.0 -5.0 -2.5 15.0 10502418.1996
300.0 -2.5 -2.5 15.0 1437641.7688000002
300.0 0.0 -2.5 15.0 42015.092899999996
300.0 2.5 -2.5 15.0 1403.603
300.0 7.5 -2.5 15.0 3.1376999999999997
300.0 -5.0 0.0 15.0 2910275648.1852
300.0 -2.5 0.0 15.0 358311.5597
300.0 0.0 0.0 15.0 465.93489999999997
300.0 2.5 0.0 15.0 64.0952
300.0 5.0 0.0 15.0 9.3543
300.0 -5.0 2.5 15.0 227012926.0774
300.0 -2.5 2.5 15.0 14353.8469
300.0 0.0 2.5 15.0 17.851799999999997
300.0 2.5 2.5 15.0 17.294500000000003
300.0 5.0 2.5 15.0 8.7843
300.0 7.5 2.5 15.0 1.5318999999999998
300.0 10.0 2.5 15.0 -0.7905
300.0 -5.0 5.0 15.0 92573945.0275
300.0 -2.5 5.0 15.0 23750893.342800003
300.0 0.0 5.0 15.0 15.786200000000001
300.0 2.5 5.0 15.0 13.1678
300.0 5.0 5.0 15.0 5.0515
300.0 7.5 5.0 15.0 -0.0882
300.0 10.0 5.0 15.0 -1.3659000000000001
300.0 -5.0 -10.0 16.25 4946755.8396
300.0 -2.5 -10.0 16.25 -10.7608
300.0 0.0 -10.0 16.25 -12.701799999999999
300.0 2.5 -10.0 16.25 -15.725999999999999
300.0 5.0 -10.0 16.25 -15.3245
300.0 7.5 -10.0 16.25 -10.313699999999999
300.0 10.0 -10.0 16.25 -4.5848
300.0 -5.0 -7.5 16.25 22684617.9432
300.0 -2.5 -7.5 16.25 3844.0809
300.0 0.0 -7.5 16.25 35.0236
300.0 2.5 -7.5 16.25 -10.5847
300.0 5.0 -7.5 16.25 -10.490499999999999
300.0 7.5 -7.5 16.25 -5.584099999999999
300.0 10.0 -7.5 16.25 -1.9025
300.0 -5.0 -5.0 16.25 28146.3439
300.0 -2.5 -5.0 16.25 63172999.3015
300.0 0.0 -5.0 16.25 15045.6481
300.0 2.5 -5.0 16.25 -5.9769000000000005
300.0 5.0 -5.0 16.25 0.47009999999999996
300.0 7.5 -5.0 16.25 0.44859999999999994
300.0 10.0 -5.0 16.25 0.40369999999999995
300.0 -5.0 -2.5 16.25 11864136.0374
300.0 -2.5 -2.5 16.25 344017.4138
300.0 0.0 -2.5 16.25 352.3078
300.0 2.5 -2.5 16.25 17.053700000000003
300.0 5.0 -2.5 16.25 8.8953
300.0 7.5 -2.5 16.25 4.35
300.0 10.0 -2.5 16.25 1.3046
300.0 -5.0 0.0 16.25 1014068.3021000001
300.0 -2.5 0.0 16.25 162513.589
300.0 0.0 0.0 16.25 19.9727
300.0 2.5 0.0 16.25 12.2623
300.0 5.0 0.0 16.25 8.2125
300.0 10.0 0.0 16.25 0.3414
300.0 -5.0 2.5 16.25 20856.7898
300.0 -2.5 2.5 16.25 3338.7182
300.0 0.0 2.5 16.25 10.6405
300.0 2.5 2.5 16.25 11.979800000000001
300.0 5.0 2.5 16.25 6.6002
300.0 7.5 2.5 16.25 1.7616
300.0 10.0 2.5 16.25 -0.0519
300.0 -5.0 5.0 16.25 3974657.4186
300.0 -2.5 5.0 16.25 4369.0773
300.0 0.0 5.0 16.25 8.2554
300.0 2.5 5.0 16.25 8.3754
300.0 5.0 5.0 16.25 3.3594999999999997
300.0 7.5 5.0 16.25 0.3127
300.0 10.0 5.0 16.25 -0.5506
